N J h mean_R_sq err_mean_R_sq mean_R_gyr_sq err_mean_R_gyr_sq 
2500 1.27 0 31715.6 516.737 4638.15 69.9971
926 1
927 1
931 1
934 1
935 1
936 1
938 1
939 2
942 2
943 1
944 2
945 2
947 2
949 1
950 2
951 1
952 1
953 2
954 2
957 5
958 4
959 4
960 4
961 7
962 5
963 2
964 5
965 8
966 7
967 5
968 5
969 4
970 2
971 7
972 9
973 9
974 9
975 11
976 10
977 12
978 14
979 15
980 13
981 19
982 18
983 14
984 12
985 18
986 17
987 23
988 19
989 16
990 24
991 26
992 26
993 22
994 28
995 49
996 41
997 30
998 43
999 31
1000 44
1001 46
1002 50
1003 42
1004 47
1005 48
1006 55
1007 52
1008 87
1009 50
1010 57
1011 79
1012 76
1013 75
1014 84
1015 82
1016 81
1017 100
1018 99
1019 114
1020 98
1021 112
1022 96
1023 119
1024 111
1025 138
1026 140
1027 126
1028 115
1029 140
1030 148
1031 163
1032 178
1033 176
1034 153
1035 161
1036 197
1037 166
1038 219
1039 204
1040 205
1041 214
1042 238
1043 225
1044 192
1045 231
1046 226
1047 207
1048 252
1049 248
1050 248
1051 241
1052 247
1053 288
1054 272
1055 273
1056 244
1057 273
1058 290
1059 300
1060 271
1061 261
1062 280
1063 294
1064 290
1065 269
1066 275
1067 273
1068 285
1069 294
1070 280
1071 292
1072 299
1073 252
1074 266
1075 255
1076 283
1077 235
1078 260
1079 239
1080 280
1081 252
1082 259
1083 250
1084 267
1085 228
1086 243
1087 244
1088 250
1089 198
1090 202
1091 207
1092 194
1093 199
1094 177
1095 190
1096 187
1097 166
1098 179
1099 169
1100 164
1101 152
1102 142
1103 128
1104 129
1105 112
1106 122
1107 97
1108 96
1109 92
1110 108
1111 86
1112 74
1113 83
1114 82
1115 73
1116 74
1117 64
1118 64
1119 61
1120 62
1121 59
1122 50
1123 42
1124 43
1125 46
1126 48
1127 36
1128 36
1129 34
1130 27
1131 24
1132 22
1133 18
1134 13
1135 15
1136 23
1137 13
1138 16
1139 11
1140 10
1141 7
1142 8
1143 6
1144 9
1145 6
1146 4
1147 7
1148 7
1149 7
1150 7
1151 2
1152 5
1153 3
1154 11
1155 9
1156 5
1157 2
1158 4
1159 2
1161 3
1162 1
1165 2
1166 1
1168 1
1170 1
1174 1
1175 2
1177 1
1188 1
1206 1
1229 1
1243 1
1264 1
1272 1
