N J h mean_R_sq err_mean_R_sq mean_R_gyr_sq err_mean_R_gyr_sq 
2500 1.285 0 26863.5 296.609 4000.07 44.4999
1000 7872
1001 6964
1002 6247
1003 5597
1004 5083
1005 4518
1006 4051
1007 3605
1008 3183
1009 2950
1010 2638
1011 2322
1012 2097
1013 1924
1014 1700
1015 1493
1016 1414
1017 1268
1018 1076
1019 1048
1020 945
1021 834
1022 728
1023 638
1024 591
1025 574
1026 478
1027 438
1028 390
1029 335
1030 319
1031 289
1032 248
1033 235
1034 215
1035 194
1036 174
1037 162
1038 141
1039 140
1040 100
1041 110
1042 104
1043 64
1044 74
1045 80
1046 67
1047 65
1048 58
1049 49
1050 46
1051 37
1052 27
1053 22
1054 27
1055 16
1056 23
1057 25
1058 18
1059 18
1060 20
1061 7
1062 10
1063 9
1064 12
1065 8
1066 7
1067 5
1068 6
1069 9
1070 4
1071 4
1072 7
1073 4
1074 9
1075 3
1076 2
1077 1
1078 5
1079 1
1080 1
1081 2
1082 2
1089 1
1093 3
1096 1
1103 1
1105 1
1111 1
1126 1
1167 1
