N J h mean_R_sq err_mean_R_sq mean_R_gyr_sq err_mean_R_gyr_sq 
2500 1.29 0 26821.1 579.632 3964.54 94.8854
696 1
713 1
719 1
720 1
723 1
726 1
729 1
734 2
738 1
746 1
748 1
751 1
752 2
755 2
758 3
759 2
760 2
761 1
762 1
763 3
764 2
765 2
767 1
768 3
770 1
771 3
772 2
773 1
774 1
776 3
778 5
779 2
781 2
782 5
783 2
784 2
786 4
787 4
788 8
789 2
790 6
791 5
792 7
793 2
794 4
795 3
796 5
797 5
798 4
799 3
800 3
801 4
802 5
803 6
804 13
805 6
806 8
807 8
808 3
809 7
810 9
811 11
812 8
813 15
814 8
815 6
816 10
817 13
818 10
819 8
820 10
821 7
822 17
823 10
824 10
825 15
826 14
827 15
828 18
829 17
830 12
831 15
832 20
833 15
834 8
835 21
836 14
837 20
838 15
839 21
840 20
841 16
842 24
843 29
844 24
845 18
846 19
847 21
848 22
849 18
850 22
851 20
852 36
853 40
854 28
855 25
856 42
857 30
858 24
859 29
860 38
861 33
862 34
863 39
864 38
865 45
866 45
867 31
868 42
869 60
870 53
871 44
872 44
873 39
874 45
875 48
876 35
877 67
878 55
879 60
880 54
881 57
882 67
883 75
884 77
885 65
886 64
887 66
888 75
889 62
890 68
891 61
892 73
893 68
894 73
895 66
896 77
897 76
898 79
899 87
900 98
901 95
902 107
903 106
904 102
905 89
906 96
907 123
908 112
909 111
910 119
911 94
912 120
913 129
914 105
915 99
916 115
917 101
918 126
919 112
920 102
921 126
922 130
923 127
924 115
925 139
926 132
927 137
928 154
929 136
930 147
931 148
932 168
933 166
934 176
935 166
936 174
937 155
938 157
939 176
940 159
941 171
942 188
943 176
944 178
945 170
946 161
947 158
948 167
949 190
950 205
951 193
952 185
953 205
954 215
955 192
956 207
957 191
958 204
959 188
960 194
961 193
962 220
963 221
964 206
965 193
966 211
967 230
968 226
969 213
970 222
971 219
972 224
973 263
974 239
975 213
976 224
977 238
978 244
979 212
980 228
981 234
982 239
983 227
984 266
985 242
986 237
987 241
988 243
989 237
990 248
991 229
992 245
993 245
994 248
995 218
996 245
997 200
998 242
999 216
1000 241
1001 243
1002 219
1003 261
1004 241
1005 265
1006 235
1007 227
1008 218
1009 248
1010 250
1011 228
1012 270
1013 246
1014 227
1015 235
1016 241
1017 248
1018 201
1019 228
1020 223
1021 241
1022 252
1023 226
1024 208
1025 194
1026 210
1027 227
1028 237
1029 263
1030 206
1031 202
1032 214
1033 221
1034 225
1035 227
1036 222
1037 208
1038 223
1039 227
1040 205
1041 196
1042 203
1043 199
1044 185
1045 202
1046 200
1047 221
1048 186
1049 195
1050 170
1051 208
1052 187
1053 172
1054 201
1055 171
1056 185
1057 167
1058 185
1059 192
1060 165
1061 168
1062 183
1063 166
1064 173
1065 157
1066 163
1067 157
1068 130
1069 170
1070 153
1071 145
1072 136
1073 136
1074 134
1075 134
1076 134
1077 141
1078 130
1079 120
1080 150
1081 141
1082 126
1083 113
1084 107
1085 123
1086 104
1087 95
1088 125
1089 114
1090 117
1091 97
1092 92
1093 100
1094 94
1095 97
1096 82
1097 93
1098 88
1099 87
1100 76
1101 77
1102 56
1103 86
1104 76
1105 75
1106 81
1107 75
1108 76
1109 96
1110 75
1111 76
1112 65
1113 76
1114 59
1115 65
1116 67
1117 77
1118 61
1119 54
1120 65
1121 59
1122 62
1123 38
1124 54
1125 55
1126 43
1127 42
1128 40
1129 45
1130 48
1131 46
1132 41
1133 35
1134 55
1135 39
1136 33
1137 34
1138 31
1139 32
1140 30
1141 28
1142 50
1143 34
1144 28
1145 23
1146 39
1147 26
1148 22
1149 27
1150 30
1151 19
1152 15
1153 18
1154 24
1155 14
1156 24
1157 23
1158 18
1159 16
1160 20
1161 18
1162 13
1163 13
1164 16
1165 9
1166 14
1167 11
1168 11
1169 13
1170 13
1171 11
1172 11
1173 15
1174 7
1175 7
1176 11
1177 17
1178 9
1179 13
1180 11
1181 13
1182 8
1183 12
1184 7
1185 6
1186 11
1187 4
1188 11
1189 3
1190 6
1191 8
1192 5
1193 6
1194 3
1195 3
1196 8
1197 5
1198 7
1199 3
1200 6
1201 5
1202 6
1203 8
1204 3
1205 5
1206 6
1207 2
1208 11
1209 5
1210 2
1211 4
1212 5
1213 2
1214 4
1215 5
1216 1
1217 5
1219 3
1220 2
1221 2
1222 1
1223 2
1224 2
1225 3
1226 2
1227 4
1228 2
1229 2
1230 1
1231 1
1232 1
1233 2
1234 1
1235 1
1237 2
1239 2
1240 1
1241 1
1243 3
1244 1
1245 2
1247 2
1248 4
1249 1
1251 1
1253 1
1254 1
1256 1
1258 3
1261 1
1262 1
1274 1
1275 1
1285 1
1299 1
