N J h mean_R_sq err_mean_R_sq mean_R_gyr_sq err_mean_R_gyr_sq 
2500 1.27 0 31715.6 516.737 4638.15 69.9971
1000 2829
1001 2467
1002 2096
1003 1844
1004 1605
1005 1470
1006 1232
1007 1108
1008 1004
1009 885
1010 739
1011 634
1012 526
1013 506
1014 450
1015 397
1016 329
1017 293
1018 247
1019 236
1020 180
1021 177
1022 145
1023 126
1024 131
1025 114
1026 97
1027 76
1028 62
1029 51
1030 48
1031 52
1032 39
1033 34
1034 32
1035 25
1036 19
1037 18
1038 18
1039 18
1040 16
1041 12
1042 13
1043 17
1044 14
1045 15
1046 8
1047 5
1048 4
1049 3
1050 3
1051 4
1052 1
1053 2
1054 4
1055 2
1057 1
1058 3
1060 1
1061 1
1062 1
1063 3
1069 1
1071 1
1080 1
1086 1
