N J h mean_R_sq err_mean_R_sq mean_R_gyr_sq err_mean_R_gyr_sq 
2500 1.275 0 30763.7 1136.26 4499.75 171.535
9 1
13 1
25 1
29 1
37 2
41 1
45 1
53 3
61 1
65 2
73 1
89 1
109 1
125 2
145 1
149 1
153 1
157 5
169 4
173 3
185 2
193 2
197 3
221 1
225 2
229 3
233 2
241 1
257 2
261 2
265 2
277 1
281 1
289 1
293 2
305 1
313 2
317 1
325 3
333 2
337 3
353 1
365 4
373 2
377 2
425 3
433 2
441 1
457 1
461 1
477 1
481 5
485 4
493 5
505 1
509 1
521 2
529 1
533 1
541 1
545 3
549 1
557 1
565 1
569 1
577 1
585 3
593 2
601 3
605 2
613 1
617 1
625 6
637 2
661 3
673 1
685 3
689 3
697 5
725 7
729 1
733 2
745 2
757 3
773 1
785 3
793 6
797 2
801 3
809 3
821 2
829 1
841 4
845 1
853 2
857 1
865 4
873 1
877 1
901 2
905 2
925 3
937 1
949 4
965 4
977 1
981 1
985 1
997 2
1009 2
1017 1
1021 2
1025 1
1033 1
1037 4
1049 3
1053 1
1061 3
1069 1
1073 3
1089 1
1093 2
1097 2
1105 3
1117 1
1125 5
1129 1
1145 2
1153 2
1157 1
1165 2
1181 1
1189 4
1193 1
1201 1
1205 2
1213 2
1225 4
1229 2
1233 1
1237 3
1241 1
1249 2
1261 2
1285 2
1289 1
1297 1
1305 3
1313 1
1321 2
1325 1
1341 1
1345 3
1369 2
1373 3
1377 3
1385 4
1405 3
1409 2
1413 1
1417 2
1421 2
1429 1
1433 1
1445 9
1453 1
1469 3
1489 2
1493 2
1513 1
1517 5
1521 2
1525 2
1537 2
1549 2
1553 3
1557 2
1585 4
1597 3
1601 5
1609 5
1613 4
1621 1
1625 4
1629 1
1637 3
1649 3
1657 2
1665 2
1669 1
1681 2
1685 1
1697 2
1717 5
1721 2
1733 1
1741 3
1745 4
1753 2
1765 7
1769 3
1773 1
1777 2
1781 2
1789 1
1801 3
1813 1
1825 3
1845 2
1849 2
1853 4
1865 5
1873 2
1877 1
1885 6
1889 1
1913 1
1921 4
1937 1
1945 4
1961 2
1985 6
1989 2
1993 2
1997 1
2005 4
2009 1
2017 3
2025 1
2029 4
2041 2
2045 3
2057 1
2061 1
2069 1
2081 1
2089 2
2097 3
2105 4
2117 4
2125 6
2137 2
2141 2
2153 2
2161 3
2165 3
2169 3
2173 3
2197 1
2205 1
2209 1
2213 3
2221 2
2225 7
2237 1
2245 7
2249 5
2257 3
2269 3
2273 2
2285 6
2293 1
2297 2
2305 5
2309 2
2313 1
2329 5
2333 2
2341 2
2353 7
2357 1
2385 3
2389 1
2393 1
2405 7
2417 2
2421 1
2425 4
2437 3
2441 3
2465 4
2473 1
2501 1
2509 5
2525 8
2529 2
2533 5
2545 6
2549 1
2557 3
2581 6
2593 1
2597 1
2601 2
2605 3
2609 2
2617 1
2621 1
2633 1
2637 2
2645 3
2657 1
2665 7
2669 1
2677 1
2689 1
2693 1
2701 4
2705 3
2713 2
2725 3
2729 1
2741 1
2745 4
2753 2
2777 1
2785 3
2789 2
2797 3
2809 3
2813 2
2817 2
2825 7
2833 2
2837 1
2845 1
2853 1
2857 1
2861 2
2873 8
2885 5
2897 1
2909 2
2917 4
2925 3
2929 3
2941 3
2953 1
2957 3
2965 4
2969 1
2977 6
2989 1
2993 7
2997 3
3001 2
3005 2
3025 2
3029 6
3033 1
3037 1
3041 3
3049 2
3061 2
3065 5
3077 3
3085 4
3089 2
3109 4
3121 3
3125 7
3133 2
3137 1
3141 2
3145 6
3161 2
3169 1
3177 2
3181 5
3185 4
3205 6
3221 2
3229 2
3233 5
3249 1
3253 1
3257 1
3265 3
3277 2
3281 8
3285 5
3293 2
3305 1
3313 1
3321 1
3329 4
3341 4
3349 6
3357 3
3361 5
3365 6
3373 1
3385 3
3389 3
3393 5
3413 2
3425 5
3433 2
3445 8
3449 2
3457 5
3461 2
3469 3
3481 2
3485 9
3497 5
3501 2
3505 2
3509 2
3517 1
3529 5
3545 8
3557 2
3573 3
3577 1
3581 1
3589 1
3593 1
3609 1
3613 3
3617 3
3625 14
3649 5
3653 3
3665 3
3673 1
3677 2
3681 1
3697 1
3701 5
3709 2
3721 1
3725 5
3733 3
3737 5
3757 5
3761 3
3769 1
3785 6
3793 3
3797 2
3805 4
3821 2
3825 3
3833 1
3845 4
3853 4
3865 4
3869 4
3877 2
3889 1
3893 4
3897 2
3917 1
3925 6
3961 2
3965 6
3973 7
3977 6
3985 4
3989 1
4001 3
4005 2
4013 2
4021 1
4033 6
4041 4
4045 6
4049 4
4057 1
4069 6
4073 2
4093 2
4097 3
4105 3
4113 3
4121 5
4129 2
4133 5
4141 5
4145 3
4149 1
4165 6
4177 3
4181 3
4201 1
4205 5
4217 1
4225 10
4229 5
4241 3
4253 2
4265 1
4273 5
4285 1
4289 5
4293 3
4297 3
4321 3
4325 6
4337 2
4349 1
4357 4
4361 2
4369 5
4373 1
4385 4
4405 4
4409 1
4421 4
4437 2
4441 1
4453 3
4457 2
4469 5
4477 3
4489 1
4493 1
4505 2
4513 4
4517 1
4525 2
4537 6
4545 5
4549 1
4553 6
4561 2
4573 2
4581 2
4589 4
4597 2
4625 10
4633 3
4637 3
4645 4
4649 4
4685 3
4689 4
4693 3
4705 6
4709 2
4717 3
4721 1
4729 2
4733 3
4745 6
4753 1
4765 3
4777 3
4797 2
4801 2
4805 3
4817 3
4825 5
4877 2
4885 1
4889 3
4901 4
4905 4
4909 1
4913 3
4925 9
4933 2
4937 2
4941 3
4949 2
4957 1
4961 3
4969 2
4973 1
4981 3
4985 3
4993 2
5009 2
5013 2
5017 7
5021 3
5045 5
5057 3
5065 7
5069 5
5077 2
5081 1
5085 6
5101 1
5105 2
5113 2
5125 9
5141 1
5153 3
5161 3
5165 3
5185 6
5189 3
5197 2
5209 3
5213 4
5233 2
5237 2
5245 5
5249 2
5261 1
5265 4
5297 2
5305 1
5309 2
5317 2
5321 8
5329 2
5337 1
5341 2
5345 6
5353 5
5365 8
5381 1
5389 5
5393 2
5409 4
5413 1
5429 1
5437 2
5441 2
5445 1
5449 2
5465 4
5473 3
5477 4
5485 3
5501 2
5513 2
5517 3
5521 2
5525 22
5537 1
5545 3
5553 1
5569 1
5573 3
5581 2
5585 4
5597 1
5617 5
5625 7
5629 4
5641 2
5645 3
5653 4
5657 2
5661 3
5689 4
5693 2
5701 2
5713 4
5717 2
5725 9
5729 3
5733 1
5741 7
5749 2
5765 4
5769 3
5777 2
5785 8
5801 4
5809 1
5813 1
5821 8
5825 5
5837 7
5849 5
5857 2
5869 2
5877 4
5881 3
5897 1
5905 2
5913 3
5917 2
5929 2
5933 4
5941 3
5945 9
5949 1
5953 3
5965 3
5989 5
5993 7
6001 3
6005 6
6025 9
6029 2
6037 2
6053 3
6065 4
6085 5
6089 2
6093 1
6101 2
6109 2
6113 2
6125 6
6133 2
6137 2
6145 2
6161 3
6165 4
6185 9
6197 3
6201 3
6205 12
6217 1
6229 3
6241 1
6245 6
6253 6
6257 2
6269 1
6277 4
6301 3
6305 13
6309 2
6317 3
6329 1
6337 3
6341 2
6353 1
6361 2
6373 3
6385 10
6389 3
6397 2
6401 6
6409 8
6413 2
6421 3
6425 7
6437 4
6445 6
6469 1
6473 2
6481 4
6497 3
6505 6
6521 2
6525 4
6529 3
6553 4
6561 3
6565 8
6569 1
6577 2
6581 2
6597 1
6605 6
6613 3
6617 7
6625 4
6637 2
6641 1
6649 1
6653 1
6661 3
6689 2
6697 3
6701 2
6705 5
6709 1
6713 2
6725 7
6733 1
6737 3
6749 4
6757 5
6761 1
6773 5
6781 1
6793 1
6805 5
6813 1
6817 5
6829 2
6833 3
6841 3
6845 6
6849 3
6857 2
6865 1
6869 1
6877 3
6885 4
6889 1
6893 6
6905 2
6917 3
6921 4
6925 6
6929 10
6949 2
6953 4
6961 3
6989 6
6997 2
7001 1
7013 3
7025 5
7033 3
7045 3
7057 2
7065 5
7081 9
7085 7
7093 5
7105 1
7121 1
7129 3
7137 5
7141 7
7145 7
7157 1
7165 4
7173 1
7177 2
7193 4
7213 1
7225 7
7229 1
7237 4
7241 6
7253 1
7261 4
7265 4
7281 2
7289 3
7297 1
7301 6
7309 1
7321 3
7325 7
7333 1
7345 12
7349 2
7361 4
7369 2
7373 4
7381 2
7389 1
7397 3
7405 4
7417 5
7421 4
7433 5
7445 3
7453 1
7457 3
7461 5
7465 4
7477 1
7481 1
7489 2
7497 1
7501 3
7517 1
7529 2
7537 3
7541 3
7549 7
7561 1
7565 12
7569 7
7577 2
7585 12
7589 3
7605 7
7621 1
7625 13
7633 5
7649 3
7669 4
7673 2
7677 2
7681 1
7685 10
7693 1
7709 5
7713 1
7717 2
7741 1
7753 2
7757 1
7765 1
7769 5
7785 6
7789 1
7793 3
7801 3
7813 7
7817 5
7825 7
7829 1
7837 5
7841 3
7857 6
7865 1
7873 2
7877 1
7893 2
7897 4
7901 5
7913 9
7921 5
7925 13
7929 2
7933 3
7937 3
7949 4
7957 5
7969 2
7985 7
7993 1
8005 3
8017 1
8021 5
8033 6
8045 6
8053 1
8065 3
8069 3
8077 7
8081 1
8089 2
8093 4
8101 4
8105 6
8109 5
8117 1
8125 10
8145 4
8149 3
8161 2
8177 12
8181 2
8185 2
8209 1
8221 4
8237 1
8245 9
8249 3
8269 4
8273 3
8281 7
8285 4
8293 2
8297 2
8317 4
8321 2
8325 8
8329 1
8333 3
8345 5
8353 1
8357 8
8377 3
8381 6
8389 7
8405 3
8425 7
8429 2
8433 2
8461 4
8465 4
8469 2
8473 5
8477 2
8485 2
8489 4
8497 1
8501 2
8513 1
8521 3
8537 5
8541 2
8545 7
8573 1
8577 2
8581 2
8585 6
8593 6
8597 3
8605 3
8609 5
8621 5
8629 2
8633 5
8641 2
8649 2
8653 6
8665 6
8669 4
8681 1
8685 6
8693 3
8705 7
8713 3
8725 4
8737 6
8741 4
8749 3
8753 4
8761 2
8765 4
8793 2
8801 6
8821 1
8825 6
8829 2
8833 1
8837 4
8845 7
8849 2
8857 5
8861 3
8865 4
8869 1
8885 9
8893 5
8905 8
8917 6
8929 3
8933 1
8945 4
8957 6
8969 3
8973 2
8989 3
8993 2
9001 1
9005 8
9013 2
9025 2
9029 1
9041 3
9049 6
9061 11
9065 5
9077 5
9081 4
9089 6
9109 2
9113 8
9117 1
9125 8
9133 2
9137 2
9153 4
9157 1
9161 1
9169 5
9173 2
9181 1
9189 2
9193 1
9197 6
9217 2
9221 4
9225 3
9245 4
9265 10
9277 1
9281 2
9293 1
9297 2
9305 1
9325 4
9333 6
9337 3
9349 3
9365 5
9377 1
9385 5
9397 1
9409 3
9421 5
9425 10
9433 2
9437 1
9441 4
9445 9
9461 3
9469 3
9473 2
9477 3
9497 5
9505 6
9509 3
9521 3
9529 6
9533 2
9549 1
9553 2
9565 4
9577 5
9593 7
9601 1
9605 4
9613 3
9621 1
9629 1
9649 2
9657 4
9661 2
9665 6
9673 3
9677 2
9685 9
9697 4
9701 3
9721 2
9725 3
9733 2
9745 5
9749 5
9769 4
9773 7
9797 6
9805 10
9809 2
9817 2
9829 3
9837 1
9841 6
9857 1
9865 8
9873 4
9881 1
9893 4
9901 1
9925 10
9941 1
9945 8
9953 6
9965 2
9973 2
9981 3
9985 6
9997 3
10001 11
10009 2
10025 6
10037 3
10045 4
10049 2
10053 2
10057 7
10061 3
10069 4
10085 6
10093 3
10121 5
10125 5
10133 4
10141 3
10145 4
10161 2
10169 3
10177 4
10181 1
10193 3
10201 6
10205 10
10217 4
10225 7
10229 5
10237 2
10249 4
10265 12
10285 4
10289 2
10305 7
10309 7
10313 1
10321 1
10333 1
10337 4
10345 6
10357 2
10361 3
10369 1
10377 3
10397 3
10405 7
10413 9
10421 6
10429 2
10433 3
10441 2
10445 1
10453 2
10457 2
10469 5
10477 3
10485 2
10489 4
10501 1
10517 9
10525 4
10529 2
10537 4
10553 4
10565 4
10573 5
10585 10
10589 2
10597 5
10601 2
10625 2
10629 2
10645 4
10657 3
10673 7
10685 6
10693 10
10701 3
10705 3
10709 2
10729 2
10737 4
10753 3
10765 4
10769 2
10777 5
10781 2
10789 1
10805 4
10809 2
10817 4
10825 5
10829 3
10837 2
10841 2
10845 3
10853 1
10861 3
10865 12
10877 4
10889 1
10897 5
10909 3
10917 4
10933 3
10937 2
10949 4
10953 2
10957 1
10961 5
10973 3
10985 9
10993 1
11009 5
11025 2
11029 5
11041 2
11045 3
11057 1
11061 1
11065 3
11069 2
11089 3
11093 3
11097 4
11101 3
11105 5
11113 3
11117 3
11125 11
11141 2
11149 1
11161 2
11169 7
11173 2
11177 3
11185 5
11197 1
11213 1
11221 2
11225 9
11237 6
11241 4
11245 8
11257 1
11261 1
11273 3
11281 7
11285 4
11317 1
11321 1
11329 1
11345 6
11349 3
11357 1
11365 5
11369 1
11393 1
11401 7
11405 7
11413 1
11417 2
11425 8
11441 5
11453 5
11461 5
11465 2
11485 5
11489 2
11497 1
11509 8
11513 2
11521 1
11525 9
11545 3
11549 2
11565 6
11581 8
11593 3
11597 3
11601 1
11617 2
11621 2
11629 1
11633 1
11645 15
11657 3
11665 2
11677 2
11689 2
11701 4
11705 3
11709 2
11713 6
11717 3
11729 3
11737 2
11745 4
11765 5
11773 3
11777 2
11785 3
11789 1
11809 1
11813 1
11817 3
11821 2
11849 9
11861 3
11881 1
11885 6
11889 1
11897 1
11905 10
11917 8
11925 6
11933 3
11941 2
11945 4
11953 1
11965 7
11969 1
11981 3
12005 2
12013 2
12017 5
12025 10
12037 1
12041 1
12049 2
12053 6
12073 3
12077 6
12085 1
12097 1
12101 3
12105 4
12109 4
12113 1
12125 4
12137 5
12149 1
12157 3
12161 3
12181 7
12185 3
12193 3
12197 1
12205 6
12209 3
12221 2
12233 5
12241 1
12249 2
12253 3
12269 2
12277 5
12281 3
12289 1
12301 4
12317 4
12321 2
12325 15
12329 2
12337 9
12349 5
12357 4
12365 5
12377 1
12385 3
12389 8
12393 2
12401 4
12409 3
12413 1
12421 5
12429 2
12433 1
12437 2
12457 3
12461 7
12465 4
12469 5
12493 1
12497 4
12505 8
12517 1
12541 5
12545 8
12553 1
12557 1
12569 2
12577 1
12589 1
12593 1
12601 2
12605 6
12625 9
12629 4
12637 1
12645 3
12653 1
12665 11
12681 1
12689 4
12697 4
12701 5
12713 4
12717 1
12721 1
12725 5
12745 7
12753 4
12757 1
12769 5
12773 3
12781 5
12785 1
12789 1
12805 11
12821 2
12829 3
12841 2
12853 4
12861 2
12869 3
12889 2
12893 4
12897 3
12905 10
12913 7
12917 2
12937 3
12941 2
12961 2
12965 2
12973 3
12985 4
12997 5
13001 4
13005 4
13009 2
13021 3
13025 8
13033 3
13037 1
13045 6
13061 4
13073 4
13077 2
13085 2
13093 4
13105 5
13109 2
13117 2
13121 2
13141 2
13165 4
13169 6
13177 2
13181 1
13185 5
13189 3
13213 5
13217 3
13221 5
13229 1
13241 2
13249 2
13253 3
13261 7
13273 5
13285 4
13289 5
13297 1
13309 2
13313 5
13325 22
13329 2
13345 6
13357 1
13369 3
13381 2
13385 5
13397 1
13401 4
13417 4
13421 1
13429 3
13437 4
13441 2
13445 8
13457 3
13465 1
13469 2
13477 3
13481 11
13505 8
13513 2
13525 5
13537 3
13549 5
13553 2
13565 5
13573 2
13577 1
13597 3
13613 4
13617 2
13621 9
13625 5
13633 2
13637 3
13645 6
13653 2
13669 1
13673 2
13681 1
13689 2
13697 1
13705 8
13709 2
13725 5
13729 1
13753 4
13757 2
13765 3
13769 1
13781 2
13789 3
13793 2
13801 2
13817 1
13833 4
13837 1
13873 1
13877 4
13885 1
13897 6
13901 1
13913 1
13921 4
13925 6
13933 2
13941 3
13945 5
13949 11
13957 1
13969 3
13973 6
13977 4
13985 6
13997 4
14005 2
14009 1
14013 3
14029 1
14033 1
14045 4
14057 2
14065 9
14081 2
14085 2
14089 5
14093 4
14125 7
14149 3
14153 1
14157 3
14161 1
14165 3
14173 2
14177 1
14185 6
14197 4
14209 4
14213 2
14221 3
14225 6
14249 1
14257 5
14261 1
14265 2
14285 3
14293 2
14297 10
14305 4
14309 5
14321 4
14341 1
14357 4
14365 10
14369 2
14373 3
14381 6
14389 2
14393 9
14401 1
14409 2
14417 1
14425 6
14437 3
14453 5
14461 1
14473 3
14481 2
14485 3
14489 2
14501 5
14517 1
14521 4
14533 1
14537 2
14545 4
14549 2
14557 3
14561 4
14569 7
14585 5
14589 3
14593 4
14621 1
14625 9
14629 2
14633 1
14641 2
14645 9
14653 2
14657 3
14661 1
14669 3
14677 4
14681 4
14689 5
14701 1
14705 8
14713 2
14733 1
14737 1
14741 2
14753 6
14761 2
14765 6
14785 5
14797 3
14801 2
14813 4
14821 1
14825 8
14837 4
14841 2
14845 1
14869 2
14885 10
14893 3
14909 7
14913 2
14929 2
14933 8
14945 8
14957 2
14965 5
14969 3
14977 5
14985 2
14989 8
15005 3
15013 3
15017 5
15021 2
15025 7
15041 3
15049 6
15061 1
15073 3
15101 2
15109 4
15121 2
15125 2
15129 4
15133 3
15137 3
15145 6
15149 3
15161 2
15165 5
15173 1
15185 6
15193 3
15205 6
15217 5
15229 2
15233 2
15237 3
15245 6
15269 4
15273 4
15277 2
15289 3
15293 4
15305 4
15313 1
15317 11
15325 8
15329 1
15337 4
15349 2
15353 5
15361 2
15373 2
15377 1
15385 9
15397 5
15401 4
15413 2
15425 7
15445 4
15453 2
15457 8
15461 3
15473 1
15481 4
15497 1
15509 4
15529 1
15541 3
15545 9
15569 2
15577 3
15581 2
15597 4
15601 1
15605 5
15613 3
15625 8
15629 4
15641 1
15649 1
15661 3
15665 3
15669 1
15677 3
15685 5
15689 3
15705 4
15725 22
15733 2
15737 2
15749 4
15761 1
15769 2
15777 2
15793 8
15797 4
15805 6
15809 1
15817 4
15821 7
15845 6
15857 2
15877 1
15881 2
15885 3
15889 4
15901 1
15905 8
15913 3
15921 8
15925 9
15929 6
15937 4
15949 5
15957 2
15977 4
15993 2
15997 5
16001 3
16021 4
16025 6
16029 3
16033 1
16045 1
16061 2
16069 5
16073 5
16081 2
16085 1
16097 2
16105 7
16109 6
16129 2
16133 5
16141 1
16145 3
16153 2
16165 12
16189 2
16193 3
16201 3
16209 2
16217 2
16229 2
16237 5
16241 3
16245 3
16249 5
16253 2
16265 5
16273 2
16277 4
16285 1
16301 1
16317 1
16325 9
16337 2
16349 2
16361 4
16369 3
16381 3
16385 4
16393 6
16405 8
16409 2
16417 2
16421 4
16425 6
16433 7
16441 9
16453 1
16465 15
16477 3
16481 2
16493 3
16501 6
16505 3
16513 1
16525 5
16529 2
16553 3
16565 5
16577 1
16589 6
16601 4
16605 4
16609 8
16613 3
16633 1
16641 2
16645 6
16649 5
16657 2
16661 4
16673 2
16677 5
16693 3
16705 4
16717 5
16729 1
16733 3
16741 2
16745 7
16749 2
16757 4
16769 3
16781 4
16785 3
16801 7
16805 2
16825 6
16829 1
16837 4
16857 4
16861 4
16865 8
16889 3
16893 1
16897 7
16901 1
16909 4
16913 6
16921 2
16925 2
16945 4
16949 4
16965 11
16981 1
16993 2
17001 1
17009 2
17021 4
17029 3
17033 3
17041 1
17053 3
17057 3
17065 4
17069 2
17077 1
17101 2
17113 2
17117 1
17125 11
17137 4
17141 3
17153 9
17165 2
17173 2
17177 2
17197 2
17209 3
17217 1
17221 3
17225 12
17245 4
17257 3
17261 4
17285 2
17289 2
17293 6
17305 6
17317 1
17333 3
17341 3
17345 5
17357 4
17377 2
17389 2
17393 1
17397 1
17401 5
17405 3
17417 1
17425 8
17429 6
17433 4
17449 3
17473 7
17477 7
17485 8
17489 1
17497 2
17505 2
17509 1
17525 7
17533 3
17541 2
17545 2
17557 6
17561 3
17569 4
17573 4
17581 2
17585 5
17593 4
17597 3
17609 2
17629 5
17645 8
17649 1
17657 2
17665 3
17669 1
17681 3
17689 1
17693 2
17705 5
17713 2
17725 6
17729 4
17737 2
17741 3
17749 5
17753 5
17757 2
17761 1
17777 2
17785 3
17797 12
17833 7
17837 3
17849 3
17861 5
17865 4
17873 3
17881 2
17885 5
17893 6
17901 6
17905 5
17909 2
17921 1
17937 1
17945 8
17953 4
17957 2
17965 4
17973 2
17981 2
17989 5
18005 9
18013 3
18029 1
18037 5
18041 3
18045 4
18049 2
18061 2
18077 3
18085 8
18089 3
18097 6
18121 4
18125 14
18133 1
18149 2
18153 1
18169 3
18173 4
18181 2
18185 1
18217 1
18225 3
18229 2
18233 1
18241 9
18245 7
18253 1
18257 5
18265 7
18269 4
18281 6
18289 2
18301 3
18313 2
18317 3
18325 8
18329 8
18341 3
18353 1
18365 8
18369 4
18385 2
18397 4
18405 3
18409 10
18413 3
18421 8
18457 1
18461 3
18473 3
18477 1
18481 3
18485 3
18493 3
18497 3
18505 1
18513 2
18545 4
18549 2
18553 2
18577 4
18581 4
18589 1
18593 1
18605 6
18617 1
18625 7
18629 7
18649 6
18661 1
18665 3
18685 10
18701 2
18709 5
18721 5
18729 2
18737 4
18749 1
18757 1
18761 3
18769 2
18785 16
18793 1
18797 2
18801 2
18805 6
18833 8
18845 2
18853 1
18857 4
18869 3
18873 4
18889 4
18901 1
18917 3
18925 4
18945 7
18965 5
18973 2
18985 1
18989 2
18997 5
19001 2
19013 2
19017 3
19025 7
19037 4
19045 7
19053 4
19061 2
19073 2
19081 2
19093 3
19097 4
19105 3
19109 2
19121 3
19125 14
19133 4
19141 1
19157 1
19161 1
19165 4
19169 2
19181 2
19193 6
19225 4
19233 1
19237 2
19249 2
19253 3
19265 5
19269 1
19273 2
19277 3
19289 1
19301 1
19309 2
19321 4
19325 6
19333 1
19337 4
19345 9
19357 4
19373 2
19377 2
19381 3
19385 2
19405 2
19409 5
19417 1
19421 1
19429 2
19433 2
19441 3
19445 6
19453 1
19457 1
19465 10
19485 12
19489 2
19493 5
19501 2
19517 2
19521 1
19541 5
19549 6
19553 3
19557 3
19577 2
19585 4
19597 1
19601 3
19609 1
19625 7
19633 2
19637 1
19645 6
19649 3
19661 2
19669 12
19681 3
19697 3
19709 5
19717 3
19721 6
19729 3
19753 5
19769 4
19773 4
19793 1
19805 6
19813 3
19825 4
19841 1
19845 1
19861 3
19865 7
19881 2
19885 5
19889 2
19897 6
19913 2
19917 2
19925 8
19937 1
19945 4
19949 2
19961 2
19973 7
19981 8
19989 2
19993 2
19997 1
20005 7
20017 5
20021 4
20025 4
20029 3
20041 2
20065 6
20077 5
20089 1
20105 1
20113 1
20117 3
20129 1
20133 1
20137 3
20149 2
20161 2
20165 4
20173 2
20177 2
20189 3
20201 3
20205 1
20213 12
20221 4
20225 2
20233 3
20241 6
20245 4
20249 4
20261 3
20269 2
20281 6
20285 5
20313 5
20329 6
20333 4
20341 3
20345 3
20353 1
20357 2
20365 6
20369 2
20381 4
20389 4
20393 3
20413 1
20417 5
20421 2
20441 1
20449 3
20453 9
20457 3
20465 5
20477 1
20485 5
20509 1
20513 1
20521 2
20525 7
20529 3
20533 5
20549 2
20557 4
20561 3
20565 1
20593 2
20605 7
20609 7
20617 5
20621 3
20629 2
20637 1
20641 5
20645 3
20665 3
20681 1
20689 2
20693 1
20705 10
20717 3
20725 10
20737 4
20745 3
20749 4
20753 2
20761 5
20765 5
20773 1
20781 2
20785 6
20789 5
20809 2
20813 2
20817 3
20825 2
20849 1
20857 5
20869 4
20873 1
20885 8
20893 3
20897 3
20905 3
20917 4
20929 2
20933 1
20961 3
20969 5
20981 3
20997 3
21001 3
21005 3
21013 1
21017 1
21025 11
21029 2
21037 4
21041 4
21053 2
21061 1
21069 1
21073 3
21085 5
21089 1
21097 6
21101 2
21121 1
21125 9
21141 2
21145 2
21149 1
21169 2
21177 3
21193 1
21205 6
21213 3
21217 4
21233 3
21253 6
21257 5
21265 6
21269 1
21277 4
21281 1
21289 5
21305 6
21313 3
21317 2
21325 4
21341 2
21349 6
21361 4
21365 4
21377 1
21389 3
21393 4
21397 2
21425 2
21429 2
21437 6
21445 7
21449 4
21465 8
21473 5
21481 1
21485 3
21493 2
21501 4
21509 2
21517 1
21521 2
21529 2
21533 2
21537 2
21541 5
21557 3
21569 3
21577 4
21589 6
21601 4
21605 7
21609 1
21613 4
21617 1
21625 9
21645 8
21661 3
21673 3
21677 7
21685 3
21689 1
21697 1
21701 1
21709 3
21713 2
21737 4
21745 6
21753 2
21757 1
21773 3
21785 6
21789 1
21805 11
21809 3
21817 1
21825 8
21841 4
21845 10
21853 13
21865 1
21881 2
21893 1
21901 3
21905 7
21913 2
21925 4
21929 1
21933 2
21937 1
21941 5
21953 6
21961 1
21969 5
21977 2
21985 2
22001 2
22009 5
22013 3
22021 1
22025 1
22037 4
22045 4
22049 7
22061 3
22069 3
22073 3
22093 2
22105 7
22109 3
22117 7
22129 2
22133 4
22153 3
22157 4
22181 4
22185 7
22189 4
22201 2
22205 3
22213 7
22217 4
22229 1
22237 5
22257 2
22261 3
22265 8
22273 2
22277 1
22285 5
22293 3
22301 7
22313 4
22321 9
22345 8
22349 2
22373 6
22381 1
22385 3
22397 3
22405 6
22409 2
22417 5
22433 1
22437 1
22453 1
22457 6
22465 2
22469 3
22481 1
22509 12
22525 11
22529 3
22541 4
22549 2
22565 3
22573 5
22581 4
22585 3
22589 1
22601 4
22613 1
22621 4
22625 8
22633 2
22669 2
22681 3
22685 6
22689 2
22697 2
22709 1
22721 2
22725 4
22741 1
22745 8
22753 4
22761 2
22765 13
22769 1
22777 4
22789 4
22797 2
22805 4
22817 4
22829 4
22849 2
22853 3
22861 3
22865 11
22873 4
22877 1
22901 1
22905 4
22921 5
22937 2
22941 1
22945 11
22949 3
22973 2
22985 3
22993 1
22997 7
23013 3
23017 4
23021 3
23041 1
23049 3
23053 1
23057 1
23081 1
23101 3
23105 4
23113 5
23125 12
23129 3
23137 1
23153 9
23165 6
23173 1
23185 2
23189 2
23197 2
23201 3
23209 3
23225 8
23229 1
23245 3
23257 4
23269 2
23273 5
23285 5
23293 1
23297 1
23321 2
23329 2
23333 2
23337 1
23341 4
23353 3
23357 2
23365 5
23369 1
23377 4
23393 4
23409 4
23417 3
23425 5
23445 2
23461 1
23465 2
23473 2
23477 6
23481 1
23497 1
23509 1
23525 5
23533 3
23537 2
23545 8
23549 3
23553 4
23557 4
23561 1
23569 3
23581 1
23585 8
23589 1
23593 3
23605 4
23609 1
23629 4
23633 4
23645 5
23657 3
23665 2
23669 3
23677 2
23689 3
23701 6
23717 5
23725 15
23729 4
23733 2
23741 1
23753 2
23761 4
23765 3
23773 1
23789 1
23797 3
23801 1
23805 1
23809 9
23825 6
23833 5
23857 2
23869 4
23873 3
23885 9
23893 7
23913 1
23917 1
23929 2
23941 6
23945 1
23953 5
23957 1
23965 2
23977 1
23981 2
23985 7
23993 1
24001 1
24005 2
24021 3
24025 1
24029 1
24037 1
24041 7
24049 1
24061 3
24065 4
24077 2
24085 4
24089 6
24093 1
24097 6
24109 1
24113 1
24121 2
24125 10
24133 1
24137 1
24157 5
24169 2
24181 1
24197 1
24201 2
24217 5
24221 1
24237 1
24245 12
24281 4
24293 2
24305 4
24309 5
24313 4
24329 1
24337 3
24341 8
24345 5
24349 2
24361 4
24373 1
24385 2
24389 7
24401 3
24413 1
24421 4
24425 7
24433 5
24445 3
24457 2
24461 6
24469 2
24473 1
24481 3
24505 7
24509 4
24517 3
24525 10
24533 4
24545 3
24557 7
24561 1
24565 6
24593 3
24601 6
24625 12
24641 2
24649 1
24653 3
24665 4
24669 3
24685 4
24697 3
24701 1
24705 3
24709 2
24713 5
24733 4
24737 4
24741 4
24745 3
24749 3
24781 3
24785 4
24793 2
24797 5
24805 6
24809 1
24845 2
24853 7
24865 1
24869 2
24877 3
24889 1
24901 2
24905 5
24917 1
24925 5
24929 5
24941 1
24949 5
24953 1
24961 1
24965 3
24973 8
24977 2
24989 1
24993 1
25009 6
25013 2
25037 4
25045 5
25049 3
25057 4
25065 4
25073 1
25085 8
25101 5
25105 4
25117 2
25121 3
25129 6
25133 6
25169 3
25173 1
25177 3
25181 7
25189 1
25209 2
25225 4
25237 4
25253 2
25261 3
25281 2
25285 7
25297 6
25301 1
25313 4
25317 1
25325 9
25337 1
25345 3
25353 1
25357 3
25373 3
25381 3
25385 2
25397 6
25405 8
25409 4
25425 4
25433 3
25453 3
25457 2
25469 2
25477 1
25493 4
25505 5
25525 3
25533 3
25537 2
25541 2
25565 5
25589 3
25601 1
25605 12
25609 2
25621 3
25625 9
25633 3
25649 7
25657 3
25673 1
25677 5
25681 3
25705 10
25713 2
25721 9
25741 1
25749 2
25765 6
25769 5
25777 4
25789 8
25793 1
25805 5
25825 3
25841 2
25849 1
25857 3
25873 2
25877 5
25889 1
25909 5
25913 1
25925 14
25937 3
25945 3
25957 2
25961 4
25965 2
25981 3
25985 2
25997 4
26017 1
26021 2
26029 4
26041 1
26045 3
26053 2
26065 3
26077 3
26093 3
26113 2
26117 5
26129 9
26141 1
26153 2
26165 7
26177 2
26181 2
26185 4
26189 2
26209 2
26221 4
26225 6
26233 2
26237 1
26245 6
26253 1
26261 3
26269 4
26281 6
26293 1
26297 1
26305 2
26317 1
26321 2
26325 3
26329 3
26333 4
26353 3
26361 7
26365 5
26377 6
26401 3
26405 4
26413 1
26417 2
26437 3
26441 2
26449 3
26469 3
26485 5
26489 3
26497 1
26501 4
26509 3
26513 1
26525 6
26533 7
26545 1
26557 2
26561 2
26573 2
26577 1
26585 7
26605 4
26613 2
26633 2
26641 2
26645 2
26665 3
26669 2
26685 1
26689 3
26693 1
26701 1
26705 5
26713 2
26717 2
26721 3
26725 1
26729 3
26737 2
26741 3
26765 7
26773 5
26777 3
26793 1
26801 1
26813 4
26821 4
26825 15
26833 5
26849 1
26861 1
26869 6
26881 1
26893 2
26897 5
26901 3
26905 2
26921 5
26937 5
26941 4
26945 4
26953 3
26965 4
26969 4
26973 2
26977 4
26981 1
26989 3
26993 4
27009 1
27017 1
27045 4
27053 8
27061 1
27065 5
27073 2
27077 1
27085 6
27101 4
27109 2
27121 4
27145 5
27149 4
27161 4
27169 4
27173 4
27185 6
27197 2
27205 3
27217 4
27225 3
27229 6
27233 6
27241 2
27245 2
27257 6
27261 4
27277 3
27281 2
27289 6
27293 1
27297 1
27325 8
27329 1
27333 2
27337 3
27353 2
27365 10
27385 5
27389 3
27397 3
27409 2
27421 3
27425 5
27437 2
27441 4
27449 1
27457 2
27469 1
27481 1
27505 4
27509 2
27521 9
27529 1
27541 2
27549 4
27557 3
27565 6
27581 1
27585 1
27593 4
27605 5
27613 1
27625 13
27637 2
27653 1
27673 2
27677 5
27685 4
27689 1
27693 3
27697 3
27709 8
27725 8
27733 2
27737 3
27749 2
27757 2
27765 3
27773 2
27781 6
27785 4
27793 5
27801 2
27809 1
27829 4
27833 2
27845 1
27857 2
27865 1
27877 3
27881 1
27889 1
27893 5
27901 3
27905 3
27917 4
27925 5
27941 1
27953 2
27961 2
27977 2
27981 1
27985 7
27989 4
27997 2
28001 2
28009 3
28013 2
28033 6
28037 3
28057 1
28081 3
28085 7
28089 2
28093 1
28097 4
28109 2
28121 4
28125 7
28145 7
28157 5
28169 4
28181 1
28193 5
28197 3
28201 1
28205 4
28213 5
28225 2
28229 2
28233 3
28249 7
28265 4
28269 2
28273 1
28285 2
28289 3
28297 1
28305 8
28309 1
28333 3
28345 3
28349 2
28373 2
28381 5
28393 3
28397 5
28409 2
28417 2
28421 4
28429 1
28433 3
28445 1
28449 2
28453 3
28465 2
28477 7
28505 4
28513 3
28521 4
28541 2
28549 2
28561 5
28565 3
28577 8
28585 3
28593 1
28597 2
28601 1
28621 4
28625 6
28645 10
28649 1
28661 1
28665 3
28669 2
28673 5
28685 3
28697 1
28705 4
28717 2
28729 1
28741 2
28745 5
28753 3
28757 5
28769 4
28781 4
28789 2
28793 2
28813 3
28817 2
28825 3
28837 2
28845 1
28849 3
28873 2
28881 1
28885 10
28901 2
28909 2
28913 5
28921 1
28925 6
28933 3
28949 2
28953 1
28981 1
28989 3
29005 5
29017 1
29033 2
29041 4
29045 14
29053 4
29057 2
29061 2
29065 4
29069 1
29077 3
29081 2
29097 1
29101 3
29105 4
29125 8
29129 5
29137 1
29153 2
29161 5
29173 3
29185 5
29189 5
29209 1
29221 2
29237 2
29241 1
29245 5
29257 6
29261 8
29269 2
29273 4
29277 1
29285 5
29297 4
29305 3
29313 3
29321 1
29333 2
29341 9
29345 6
29353 6
29377 5
29385 3
29389 3
29401 1
29405 5
29429 1
29437 2
29461 1
29473 2
29485 4
29489 2
29493 3
29497 4
29521 4
29525 5
29529 4
29549 3
29565 3
29573 1
29581 3
29585 4
29593 1
29597 5
29609 5
29629 3
29633 1
29637 4
29653 4
29665 7
29669 4
29705 10
29709 2
29717 1
29725 12
29741 3
29745 5
29753 5
29761 2
29765 3
29801 1
29809 1
29817 2
29825 6
29833 1
29837 2
29857 6
29861 1
29881 1
29889 3
29905 4
29917 1
29929 3
29933 3
29945 5
29957 2
29961 2
29965 8
29989 1
29993 6
30005 7
30013 1
30017 6
30025 5
30029 1
30053 4
30069 4
30073 6
30089 1
30097 3
30109 1
30113 3
30125 5
30133 1
30141 7
30157 1
30161 1
30169 1
30181 1
30185 3
30193 6
30209 5
30213 5
30233 2
30241 3
30249 1
30269 2
30277 10
30285 4
30293 2
30301 1
30313 3
30325 5
30329 3
30341 3
30357 1
30361 3
30365 8
30377 3
30389 2
30397 5
30413 3
30421 2
30425 7
30433 1
30445 3
30465 2
30469 1
30493 3
30497 2
30501 3
30505 2
30509 1
30517 4
30529 2
30537 3
30545 5
30553 2
30557 2
30565 3
30577 1
30581 7
30589 8
30593 1
30605 2
30617 3
30625 3
30629 1
30641 3
30649 2
30665 4
30673 1
30677 1
30685 5
30689 3
30717 1
30725 6
30733 4
30749 4
30757 2
30769 3
30773 3
30781 3
30805 4
30809 1
30817 1
30821 2
30825 7
30829 2
30841 5
30853 1
30865 6
30869 3
30893 1
30897 1
30901 2
30925 4
30929 5
30937 2
30949 2
30953 2
30977 3
30985 6
31001 2
31005 5
31025 9
31033 4
31037 2
31041 1
31049 5
31057 2
31061 1
31069 1
31081 2
31085 4
31097 3
31109 5
31117 4
31145 3
31153 2
31177 3
31181 1
31189 1
31193 1
31201 2
31205 2
31213 1
31221 1
31225 5
31249 1
31265 11
31277 2
31285 3
31301 5
31313 3
31337 3
31345 2
31365 4
31373 2
31385 3
31393 1
31397 2
31409 2
31417 5
31421 1
31429 1
31433 4
31473 6
31477 1
31481 3
31501 3
31505 1
31509 2
31525 10
31529 4
31545 2
31573 1
31581 1
31585 5
31609 3
31637 3
31645 3
31649 2
31653 2
31657 2
31681 2
31685 4
31693 2
31697 2
31705 1
31709 3
31721 1
31729 1
31733 1
31753 4
31761 4
31765 2
31769 1
31781 3
31793 4
31797 2
31805 4
31813 5
31817 1
31841 1
31853 5
31865 2
31869 2
31905 2
31909 3
31921 4
31925 4
31937 7
31945 2
31973 1
31981 3
31985 4
31997 5
32005 5
32009 1
32013 3
32017 2
32045 17
32057 2
32065 5
32069 4
32077 1
32089 2
32113 3
32117 1
32125 6
32129 3
32141 2
32149 6
32157 2
32161 3
32185 5
32193 1
32201 5
32225 8
32229 2
32237 4
32245 2
32257 1
32261 3
32269 1
32301 2
32309 1
32317 2
32321 2
32337 1
32345 3
32353 3
32365 2
32369 4
32381 1
32389 2
32393 3
32405 2
32409 1
32413 1
32425 3
32429 2
32449 3
32481 4
32485 7
32489 2
32497 2
32513 8
32517 1
32521 4
32525 5
32533 3
32553 4
32569 2
32573 5
32597 3
32605 2
32609 1
32617 9
32621 2
32625 8
32633 1
32645 4
32657 7
32677 3
32689 2
32701 4
32713 2
32717 3
32741 3
32749 1
32761 3
32765 5
32773 3
32777 1
32789 3
32797 2
32801 1
32805 1
32825 8
32833 2
32841 5
32845 4
32861 2
32877 3
32885 6
32905 5
32909 1
32917 3
32929 12
32933 2
32941 2
32957 1
32977 2
32985 2
32993 1
33001 3
33013 4
33017 2
33025 5
33029 2
33037 1
33049 3
33053 1
33057 1
33065 5
33073 1
33085 3
33093 1
33109 4
33113 1
33125 5
33129 2
33133 4
33137 2
33149 1
33169 6
33173 1
33181 1
33185 4
33197 3
33205 4
33241 2
33245 3
33265 4
33289 1
33293 2
33305 2
33309 3
33329 2
33337 5
33349 4
33353 2
33365 6
33377 2
33381 1
33389 6
33437 3
33457 3
33461 1
33469 2
33485 9
33489 2
33493 1
33505 2
33517 3
33521 2
33525 4
33529 2
33533 1
33541 4
33545 2
33553 5
33565 7
33569 1
33581 1
33597 3
33601 1
33617 1
33625 4
33629 3
33633 5
33637 1
33653 5
33661 3
33665 2
33685 2
33709 2
33713 1
33721 2
33745 6
33749 2
33757 2
33769 2
33773 2
33785 5
33805 3
33809 3
33813 6
33829 2
33849 1
33853 5
33865 7
33881 3
33889 5
33893 3
33917 7
33921 2
33937 3
33941 1
33949 4
33961 1
33965 2
33973 4
33977 3
33989 3
34001 2
34021 2
34025 8
34033 1
34037 2
34065 5
34073 3
34081 2
34085 7
34101 3
34117 1
34121 3
34129 2
34137 4
34141 1
34145 3
34153 4
34157 1
34165 6
34173 1
34213 1
34225 5
34229 2
34241 5
34245 2
34249 3
34253 2
34261 2
34281 2
34285 3
34289 1
34297 1
34301 1
34313 2
34325 5
34337 1
34345 3
34349 2
34361 4
34369 3
34373 4
34381 2
34385 3
34389 1
34421 2
34425 7
34429 1
34445 2
34457 2
34465 6
34481 3
34493 5
34497 3
34501 2
34513 5
34525 2
34537 4
34541 2
34549 1
34553 1
34585 4
34589 1
34597 3
34605 1
34609 3
34621 2
34625 10
34645 7
34649 1
34669 2
34673 2
34677 2
34693 1
34697 5
34709 2
34717 2
34721 4
34729 2
34741 2
34745 3
34757 3
34765 4
34785 7
34801 2
34805 2
34817 5
34821 6
34829 2
34849 3
34877 1
34885 2
34893 2
34897 2
34901 4
34913 1
34929 1
34933 2
34945 8
34957 4
34981 1
34985 3
35009 4
35017 1
35037 5
35053 1
35065 3
35069 4
35081 1
35113 4
35117 1
35125 5
35129 1
35137 2
35141 1
35149 3
35153 2
35165 5
35173 2
35177 4
35197 1
35201 2
35209 5
35221 1
35225 2
35249 3
35253 3
35261 3
35281 3
35285 2
35293 6
35317 2
35325 6
35333 1
35345 3
35353 1
35361 3
35369 2
35377 3
35381 4
35393 1
35401 3
35405 5
35425 12
35437 3
35449 3
35453 1
35461 2
35465 12
35477 6
35509 1
35513 4
35525 6
35533 1
35537 1
35557 2
35569 3
35573 4
35593 1
35605 2
35633 3
35641 2
35645 2
35649 2
35653 3
35657 3
35669 3
35685 7
35689 1
35705 2
35725 4
35729 3
35737 6
35757 2
35785 5
35789 5
35793 4
35797 2
35801 2
35821 3
35825 7
35837 4
35865 2
35869 3
35873 3
35881 2
35885 4
35897 4
35909 4
35917 2
35921 3
35953 4
35957 2
35965 3
35969 3
35989 4
36017 1
36061 1
36065 1
36073 1
36097 4
36109 1
36121 3
36125 11
36145 3
36149 1
36161 1
36173 3
36181 5
36185 3
36189 2
36193 3
36205 6
36209 4
36217 1
36221 2
36229 2
36241 1
36257 2
36265 6
36269 1
36297 4
36305 5
36313 1
36325 1
36329 3
36341 4
36353 1
36361 6
36369 1
36373 1
36397 4
36401 1
36405 1
36413 1
36433 2
36445 6
36457 2
36469 1
36473 1
36481 1
36485 5
36493 2
36497 2
36505 3
36513 3
36517 3
36529 1
36545 3
36569 6
36581 2
36605 7
36621 2
36625 4
36637 1
36653 1
36657 2
36677 1
36709 4
36713 4
36721 1
36725 9
36733 2
36737 2
36745 3
36749 3
36761 5
36805 4
36809 2
36821 2
36829 1
36833 3
36837 2
36845 2
36853 3
36865 2
36873 5
36889 2
36901 3
36905 4
36913 1
36929 1
36941 3
36945 1
36965 3
36973 2
36985 7
36997 4
37013 1
37021 1
37025 4
37033 4
37049 3
37057 1
37061 1
37089 6
37093 3
37097 1
37105 3
37117 1
37141 1
37153 1
37157 1
37161 1
37165 2
37181 3
37189 2
37193 4
37197 1
37201 3
37217 2
37225 5
37249 2
37253 1
37265 5
37269 3
37273 1
37277 1
37285 4
37289 2
37305 4
37309 1
37313 2
37321 1
37325 3
37341 1
37349 6
37357 1
37361 2
37369 2
37381 3
37385 4
37393 2
37397 2
37405 4
37409 2
37413 2
37445 3
37469 6
37481 4
37485 4
37501 2
37505 7
37517 1
37561 2
37573 1
37577 5
37585 1
37589 2
37613 4
37621 3
37633 1
37637 1
37645 1
37649 2
37657 2
37661 5
37673 2
37685 2
37693 1
37705 1
37717 1
37729 4
37733 2
37745 4
37757 1
37805 6
37817 4
37825 6
37837 3
37845 1
37853 2
37861 2
37865 2
37873 1
37877 2
37885 4
37889 1
37897 1
37921 5
37925 10
37945 3
37949 4
37957 2
37993 2
37997 1
38021 4
38025 6
38029 5
38033 1
38041 2
38061 2
38077 9
38081 2
38089 1
38105 2
38113 3
38125 7
38149 1
38165 8
38169 4
38177 4
38189 2
38197 2
38221 1
38233 3
38237 2
38261 1
38273 3
38277 1
38281 1
38293 5
38309 1
38317 1
38321 2
38333 1
38345 1
38365 2
38369 5
38385 6
38389 4
38405 2
38417 3
38425 15
38441 3
38449 2
38453 1
38457 1
38465 3
38477 2
38497 3
38509 3
38537 3
38545 3
38557 1
38561 1
38565 4
38569 2
38573 5
38581 3
38585 2
38597 3
38601 1
38617 1
38637 1
38641 2
38669 3
38673 2
38677 2
38693 1
38701 5
38705 2
38725 4
38729 2
38737 2
38749 1
38765 1
38777 4
38809 5
38813 5
38821 2
38825 7
38833 2
38845 6
38849 4
38857 2
38889 1
38897 2
38909 2
38921 2
38925 7
38945 1
38953 2
38961 4
38965 1
38977 1
38993 1
39005 8
39013 5
39033 1
39041 1
39049 5
39053 1
39065 3
39073 4
39085 2
39089 1
39097 2
39101 2
39113 1
39125 3
39133 2
39141 2
39157 1
39161 1
39181 1
39185 5
39205 3
39209 1
39229 2
39233 3
39241 3
39249 1
39253 1
39257 4
39265 3
39285 2
39289 2
39293 1
39301 4
39313 3
39317 1
39321 4
39341 1
39357 3
39365 2
39377 5
39385 3
39397 1
39401 1
39409 1
39429 1
39437 2
39461 2
39465 4
39469 2
39481 3
39485 7
39509 1
39521 2
39533 2
39541 1
39565 8
39569 2
39573 2
39593 4
39601 1
39605 9
39617 3
39625 5
39637 4
39645 5
39665 4
39673 4
39681 2
39685 1
39701 7
39709 2
39733 1
39745 5
39749 3
39761 1
39769 1
39785 9
39789 1
39793 2
39797 2
39817 1
39829 2
39841 2
39845 5
39857 1
39869 2
39877 2
39889 1
39901 1
39925 4
39929 3
39933 1
39961 3
39965 1
39969 1
39989 2
40001 6
40013 1
40025 6
40037 1
40045 2
40049 3
40057 1
40069 1
40077 1
40081 2
40085 1
40093 2
40097 3
40105 3
40121 1
40141 3
40153 1
40157 2
40165 9
40169 2
40189 2
40193 1
40213 1
40221 3
40225 1
40229 2
40237 1
40253 1
40265 2
40277 2
40289 1
40293 1
40309 3
40321 2
40325 5
40333 3
40345 2
40349 1
40357 3
40385 3
40405 3
40409 3
40417 1
40429 1
40437 3
40441 2
40445 2
40465 3
40477 1
40501 1
40505 1
40525 5
40545 4
40573 2
40577 1
40585 6
40589 4
40597 1
40609 4
40613 1
40617 2
40621 2
40625 13
40637 3
40653 3
40657 3
40661 3
40673 4
40681 2
40693 3
40697 2
40709 1
40725 2
40729 3
40745 6
40757 3
40777 1
40781 3
40801 3
40805 1
40813 2
40817 1
40829 3
40833 1
40837 4
40841 2
40849 2
40853 2
40861 3
40877 3
40885 10
40897 2
40905 2
40925 3
40941 1
40961 1
40969 3
40973 2
40977 1
40993 1
41029 2
41033 4
41045 4
41049 2
41053 3
41057 5
41089 3
41093 6
41105 5
41113 1
41117 1
41141 1
41149 3
41157 2
41165 2
41177 3
41185 4
41189 2
41197 2
41201 1
41209 1
41213 1
41221 2
41225 7
41229 3
41245 4
41269 2
41273 5
41297 9
41301 5
41309 2
41333 1
41341 1
41345 4
41353 2
41357 2
41365 3
41369 6
41373 2
41389 2
41405 2
41425 4
41429 2
41441 1
41449 3
41485 2
41497 1
41521 1
41537 2
41557 1
41585 2
41589 1
41593 1
41605 5
41617 2
41621 1
41625 5
41641 2
41645 1
41665 4
41669 1
41693 4
41717 3
41725 2
41737 2
41761 5
41765 2
41773 1
41785 5
41797 1
41805 2
41809 3
41813 1
41821 2
41845 4
41849 2
41861 4
41869 5
41873 1
41885 1
41897 1
41905 7
41913 3
41941 1
41945 3
41977 1
41981 1
41993 1
42001 5
42013 3
42017 2
42025 2
42029 5
42041 2
42061 2
42073 2
42089 1
42101 2
42125 6
42137 4
42145 2
42149 1
42157 2
42165 2
42169 3
42173 2
42193 1
42197 1
42201 2
42209 1
42221 1
42233 1
42237 1
42241 2
42281 1
42289 2
42293 1
42305 2
42325 4
42337 3
42341 2
42345 3
42353 4
42365 4
42373 2
42381 3
42385 3
42401 4
42425 3
42433 5
42437 1
42445 3
42453 2
42457 2
42461 1
42473 3
42485 8
42489 2
42505 3
42509 2
42517 4
42521 2
42557 1
42565 1
42569 1
42597 1
42601 4
42605 1
42649 1
42653 5
42661 4
42677 1
42685 1
42689 2
42705 3
42709 1
42713 2
42725 3
42761 6
42773 1
42777 2
42793 2
42797 1
42809 4
42829 1
42841 1
42849 1
42853 1
42857 1
42877 1
42881 2
42885 1
42905 1
42913 4
42925 4
42949 2
42965 6
42973 1
42985 2
42989 1
42993 3
43009 1
43013 1
43025 3
43037 1
43045 1
43049 3
43061 5
43069 5
43093 2
43101 1
43105 9
43117 1
43133 2
43145 1
43165 5
43169 2
43173 3
43177 2
43181 2
43189 1
43201 1
43205 4
43237 2
43265 4
43273 6
43277 3
43289 2
43313 2
43317 1
43321 1
43325 3
43345 2
43385 2
43425 7
43429 2
43433 2
43441 1
43445 6
43465 1
43469 2
43481 1
43489 2
43501 3
43513 1
43517 1
43525 5
43537 1
43541 2
43553 4
43565 3
43573 2
43577 1
43597 1
43613 2
43621 1
43625 6
43633 1
43641 5
43649 3
43657 4
43661 1
43669 1
43685 1
43693 3
43697 1
43705 2
43709 4
43717 1
43721 2
43733 3
43745 4
43749 1
43753 1
43765 2
43777 1
43789 1
43793 1
43801 2
43821 1
43825 6
43829 2
43849 1
43853 1
43873 1
43877 7
43893 2
43937 2
43957 1
43961 1
43965 4
43969 1
43973 3
43993 10
43997 1
44005 6
44017 1
44029 2
44041 3
44053 1
44057 2
44081 1
44089 1
44101 3
44105 4
44109 2
44117 3
44125 1
44141 1
44149 3
44165 3
44181 3
44185 2
44189 1
44201 1
44217 2
44221 1
44225 8
44245 3
44249 1
44257 1
44281 2
44285 4
44293 2
44325 2
44345 1
44353 1
44357 1
44369 5
44381 2
44397 2
44425 2
44433 3
44437 1
44449 1
44453 3
44461 3
44469 1
44489 1
44501 1
44521 1
44525 8
44533 2
44541 2
44549 2
44557 3
44573 1
44581 3
44585 3
44613 1
44617 1
44621 3
44629 1
44641 2
44649 2
44657 1
44665 4
44701 1
44713 1
44717 4
44721 1
44729 1
44741 2
44749 7
44761 5
44773 2
44777 3
44785 5
44789 2
44797 1
44809 1
44813 2
44829 3
44837 1
44845 2
44861 3
44865 3
44881 1
44909 1
44917 1
44937 1
44941 2
44945 2
44953 1
44965 4
44977 1
44993 2
45005 2
45013 2
45025 2
45029 4
45037 2
45041 2
45053 2
45061 3
45065 2
45077 2
45097 4
45113 1
45125 1
45137 2
45145 2
45153 5
45161 1
45189 1
45197 2
45205 2
45233 1
45245 4
45253 2
45289 1
45293 2
45305 6
45325 3
45329 2
45337 2
45341 1
45349 6
45361 1
45373 3
45377 3
45385 5
45389 1
45433 2
45445 6
45461 4
45469 3
45473 2
45481 2
45497 1
45509 3
45513 5
45521 4
45533 2
45545 1
45553 1
45565 3
45585 1
45589 1
45613 2
45617 2
45621 3
45625 6
45641 1
45665 2
45677 4
45685 2
45693 1
45729 2
45765 4
45769 1
45785 3
45797 2
45805 3
45817 1
45833 1
45841 3
45845 4
45853 2
45865 2
45877 1
45889 4
45893 2
45901 2
45909 2
45917 3
45929 1
45945 1
45965 4
45985 3
45989 2
46001 2
46017 2
46021 2
46045 3
46049 1
46061 3
46085 1
46089 4
46093 1
46105 1
46109 1
46121 4
46125 2
46133 2
46141 1
46153 2
46157 2
46169 3
46177 2
46181 1
46205 4
46213 2
46229 2
46237 2
46241 2
46269 2
46273 1
46285 3
46289 1
46301 1
46313 2
46325 3
46349 4
46369 1
46377 2
46385 1
46393 2
46405 3
46421 2
46429 4
46449 2
46457 3
46465 5
46481 3
46485 1
46489 1
46501 3
46513 2
46517 2
46525 1
46537 4
46553 3
46561 1
46573 2
46597 3
46601 2
46625 6
46637 1
46657 2
46661 3
46665 4
46681 1
46685 2
46693 2
46697 1
46701 1
46705 1
46709 1
46733 3
46737 2
46745 1
46777 1
46793 2
46813 1
46817 1
46825 2
46829 1
46861 1
46877 2
46881 1
46885 1
46889 2
46901 2
46917 1
46945 1
46969 1
46985 4
46993 1
46997 1
47009 1
47021 2
47041 2
47045 6
47065 1
47081 1
47093 1
47097 2
47105 4
47125 10
47129 1
47133 2
47137 1
47149 1
47153 2
47161 1
47165 2
47185 1
47197 1
47205 2
47209 2
47225 2
47233 2
47237 1
47241 3
47249 2
47269 1
47281 1
47293 1
47297 1
47305 2
47309 1
47317 1
47345 3
47353 3
47365 1
47381 2
47417 2
47437 2
47441 1
47457 2
47473 1
47477 3
47485 3
47489 2
47513 2
47521 1
47525 2
47529 2
47545 2
47549 1
47569 4
47581 1
47605 1
47617 2
47645 3
47653 2
47657 1
47665 2
47669 1
47681 2
47693 3
47713 3
47745 3
47749 1
47753 4
47765 3
47777 1
47781 2
47797 2
47801 3
47809 2
47821 5
47825 7
47853 2
47869 1
47885 1
47889 4
47917 1
47921 2
47933 2
47961 1
47965 6
47969 2
47977 1
47989 2
47997 1
48005 3
48025 3
48037 2
48049 2
48053 1
48061 2
48069 2
48105 2
48109 3
48113 1
48137 1
48145 1
48149 3
48157 1
48161 4
48177 3
48193 1
48217 1
48221 2
48245 1
48253 1
48265 2
48285 5
48305 4
48313 3
48325 2
48353 1
48361 1
48365 4
48373 4
48385 2
48401 1
48421 3
48425 5
48429 5
48437 2
48445 2
48473 1
48481 1
48485 3
48501 1
48505 3
48521 2
48529 1
48533 1
48537 1
48569 3
48581 3
48589 1
48593 1
48605 1
48613 2
48617 3
48625 5
48649 3
48661 1
48673 1
48677 2
48681 1
48689 4
48725 4
48745 3
48749 5
48757 2
48761 3
48821 1
48841 1
48845 1
48853 1
48861 4
48865 3
48877 1
48893 2
48905 3
48913 3
48929 1
48933 2
48941 2
48953 2
48969 1
48973 1
48985 2
48989 2
48997 2
49005 1
49009 1
49025 4
49033 1
49041 2
49045 8
49085 1
49097 2
49109 1
49121 1
49129 2
49141 2
49145 1
49165 3
49169 1
49177 2
49205 2
49213 1
49237 2
49241 1
49249 2
49253 2
49257 4
49261 2
49285 2
49297 2
49325 4
49333 1
49361 1
49365 3
49369 1
49373 1
49393 1
49405 1
49421 1
49453 4
49457 1
49465 1
49477 1
49505 1
49517 4
49529 1
49549 1
49561 3
49573 3
49589 1
49597 3
49601 1
49617 2
49625 4
49633 1
49637 2
49645 2
49653 1
49673 2
49681 2
49689 1
49697 1
49725 4
49733 2
49741 2
49745 5
49757 1
49765 3
49769 2
49789 2
49813 2
49825 3
49829 1
49833 2
49853 1
49865 3
49873 1
49877 2
49897 1
49905 2
49909 1
49925 2
49937 4
49985 2
49993 1
50005 6
50029 1
50033 1
50045 1
50077 3
50089 2
50093 3
50101 1
50121 1
50153 1
50177 1
50185 3
50201 2
50221 2
50225 3
50245 5
50249 2
50257 1
50261 2
50265 4
50269 3
50273 1
50285 5
50297 3
50321 1
50329 1
50333 1
50341 1
50357 2
50373 2
50377 2
50389 1
50405 2
50425 1
50461 2
50473 3
50509 1
50537 1
50549 1
50553 3
50569 1
50581 2
50593 1
50605 2
50609 2
50617 1
50625 4
50641 1
50653 3
50661 1
50665 5
50705 2
50717 2
50725 4
50737 1
50741 1
50773 2
50777 1
50789 2
50801 1
50805 2
50813 3
50821 1
50845 1
50849 2
50857 2
50861 1
50877 1
50881 3
50885 1
50893 1
50905 2
50909 1
50921 5
50933 2
50949 3
50957 1
50965 2
50969 2
50989 1
51005 1
51017 1
51025 9
51061 3
51077 2
51085 3
51101 1
51133 1
51145 2
51157 1
51169 2
51173 1
51193 1
51201 2
51209 2
51217 1
51229 1
51245 3
51265 3
51301 2
51309 2
51313 1
51325 6
51329 1
51341 2
51353 3
51361 3
51365 2
51401 2
51409 3
51413 1
51417 4
51425 5
51445 2
51449 1
51453 1
51493 3
51505 1
51525 5
51533 2
51545 6
51561 3
51565 2
51577 1
51593 1
51597 1
51605 1
51629 1
51641 1
51649 6
51665 3
51697 3
51701 2
51713 1
51721 2
51725 1
51749 1
51757 2
51769 1
51781 5
51785 1
51797 2
51805 2
51817 1
51833 2
51845 3
51853 2
51869 1
51881 2
51917 2
51921 1
51929 1
51941 2
51949 1
51985 4
51989 1
51993 4
52013 1
52025 3
52033 1
52037 1
52057 1
52065 1
52069 1
52081 1
52093 1
52105 4
52121 1
52133 3
52145 3
52165 1
52169 1
52181 1
52189 3
52205 1
52225 4
52229 3
52237 1
52277 1
52281 2
52285 1
52289 1
52309 3
52317 2
52321 1
52357 2
52369 1
52381 1
52385 3
52389 1
52393 1
52425 2
52429 4
52441 1
52457 1
52477 1
52489 1
52501 1
52505 2
52513 1
52517 1
52529 1
52533 4
52541 1
52553 2
52561 1
52577 1
52585 3
52597 2
52609 2
52621 3
52625 3
52645 2
52673 1
52685 3
52713 2
52733 1
52741 4
52757 3
52765 2
52777 1
52813 2
52821 2
52825 2
52837 2
52841 4
52849 2
52861 1
52865 2
52897 2
52909 2
52925 5
52945 1
52957 2
52973 2
52993 2
53005 5
53021 2
53033 2
53057 1
53089 2
53113 1
53117 1
53125 3
53145 3
53161 1
53173 1
53189 1
53209 5
53217 1
53225 1
53233 2
53253 2
53261 3
53285 2
53293 1
53309 2
53341 3
53357 3
53361 1
53365 5
53377 2
53397 1
53401 1
53425 2
53437 2
53441 2
53461 3
53465 3
53469 1
53477 1
53489 5
53497 2
53505 2
53509 3
53525 2
53541 1
53545 2
53557 1
53569 3
53573 5
53577 1
53617 1
53629 1
53633 1
53645 1
53653 1
53665 1
53677 3
53681 4
53685 1
53689 2
53717 1
53737 2
53741 3
53753 1
53761 1
53773 1
53777 1
53789 2
53813 1
53825 3
53861 1
53873 2
53881 1
53885 1
53897 2
53901 2
53917 1
53937 3
53945 2
53969 1
54009 2
54025 2
54029 1
54041 4
54045 1
54049 1
54077 3
54085 1
54113 2
54121 1
54125 1
54145 1
54149 4
54161 2
54181 2
54193 2
54205 2
54217 1
54225 3
54233 3
54265 1
54269 5
54293 1
54301 2
54305 2
54317 1
54325 2
54341 1
54353 4
54361 2
54377 1
54385 2
54389 2
54401 1
54413 1
54437 3
54445 1
54477 1
54485 4
54517 2
54521 1
54541 3
54545 2
54553 2
54557 3
54569 2
54585 1
54601 2
54613 3
54617 1
54629 1
54641 1
54657 3
54665 5
54673 1
54689 3
54713 1
54733 1
54745 2
54749 3
54765 3
54773 2
54785 2
54793 1
54797 1
54805 3
54833 2
54837 3
54841 1
54865 1
54869 1
54877 1
54881 1
54893 3
54909 1
54913 3
54925 6
54937 2
54949 1
54961 3
54965 3
54973 1
55001 1
55009 1
55021 3
55045 3
55049 2
55057 1
55061 1
55073 1
55089 1
55093 2
55109 2
55129 3
55133 2
55145 5
55189 2
55197 2
55205 3
55213 1
55217 1
55229 3
55241 1
55249 1
55261 2
55289 1
55301 1
55325 1
55337 1
55345 1
55357 1
55369 3
55373 1
55393 3
55421 1
55441 1
55445 2
55457 1
55465 1
55469 1
55477 1
55505 2
55525 3
55529 1
55549 1
55565 2
55577 1
55585 2
55589 2
55597 1
55609 1
55625 3
55633 1
55665 2
55673 2
55681 1
55705 3
55709 4
55721 1
55745 1
55773 2
55777 5
55793 1
55801 1
55805 2
55817 2
55837 1
55845 4
55861 2
55865 2
55885 2
55889 1
55921 1
55925 1
55949 1
55953 1
55981 4
56065 3
56105 1
56117 3
56125 4
56129 2
56149 3
56173 1
56185 2
56197 1
56205 2
56209 1
56225 6
56233 4
56237 2
56249 1
56257 2
56277 3
56285 1
56313 1
56321 2
56333 1
56369 2
56381 1
56393 2
56405 2
56425 6
56437 1
56453 2
56457 1
56473 1
56493 1
56497 2
56501 1
56509 1
56521 3
56533 1
56537 3
56549 3
56569 1
56585 4
56593 2
56621 4
56629 1
56633 1
56641 1
56645 1
56653 3
56657 1
56669 2
56677 1
56693 2
56709 1
56725 2
56737 1
56745 2
56781 4
56785 2
56789 1
56797 2
56813 3
56825 1
56845 1
56853 1
56869 2
56893 3
56929 2
56933 1
56953 4
56961 2
56965 3
56989 1
57005 3
57025 2
57033 1
57065 4
57069 2
57085 3
57089 1
57125 1
57137 1
57177 1
57185 3
57193 2
57205 4
57217 3
57249 3
57265 2
57269 1
57301 1
57313 1
57341 3
57349 1
57373 1
57377 2
57401 1
57425 4
57429 2
57457 1
57461 7
57465 1
57473 1
57501 1
57517 1
57521 1
57529 1
57545 1
57557 2
57565 1
57593 1
57609 2
57625 2
57641 1
57653 1
57681 2
57689 1
57717 1
57721 1
57725 1
57733 3
57745 1
57769 1
57773 1
57781 1
57789 1
57825 1
57889 2
57905 4
57913 1
57917 1
57933 2
57941 1
57961 2
57965 2
57977 1
58005 2
58021 2
58061 1
58081 3
58085 3
58097 3
58105 5
58109 1
58117 2
58129 2
58133 3
58141 3
58145 2
58165 2
58169 1
58181 1
58201 1
58225 2
58253 3
58257 1
58277 1
58285 2
58301 1
58309 1
58313 1
58325 1
58329 1
58337 2
58361 4
58365 1
58369 2
58409 1
58441 1
58445 1
58457 1
58473 1
58493 1
58505 1
58525 2
58537 2
58545 1
58561 1
58565 10
58585 1
58633 2
58645 3
58661 2
58669 1
58685 1
58689 2
58721 1
58725 1
58741 1
58753 2
58757 1
58769 1
58789 2
58825 2
58829 2
58837 1
58841 1
58849 2
58853 1
58865 1
58885 3
58889 1
58909 1
58921 1
58925 1
58945 4
58969 2
58973 1
58977 1
58981 3
59005 3
59009 2
59021 1
59029 2
59045 1
59065 1
59069 1
59085 4
59089 1
59105 3
59113 1
59137 2
59149 1
59189 3
59197 2
59201 1
59209 1
59229 1
59237 1
59245 2
59281 1
59305 1
59405 3
59425 2
59437 1
59441 1
59445 3
59449 4
59461 1
59473 1
59485 2
59497 2
59509 1
59513 1
59517 1
59525 2
59533 2
59545 1
59553 2
59557 1
59585 2
59597 3
59625 5
59633 1
59653 1
59657 4
59665 1
59681 1
59749 3
59761 2
59765 3
59769 1
59789 1
59797 1
59809 1
59825 2
59837 2
59845 1
59849 1
59893 1
59897 1
59905 2
59921 1
59977 1
59993 2
60001 1
60013 1
60025 3
60061 1
60065 1
60073 1
60085 2
60089 1
60125 6
60133 2
60205 2
60229 1
60245 2
60253 3
60257 1
60265 1
60289 1
60293 1
60317 2
60345 4
60365 3
60377 2
60381 1
60385 3
60397 1
60417 1
60425 1
60437 1
60457 1
60469 1
60485 1
60493 1
60509 1
60517 1
60521 1
60541 3
60545 1
60565 2
60569 2
60581 1
60597 1
60601 1
60613 2
60625 4
60633 1
60649 1
60661 2
60685 2
60701 1
60721 2
60733 1
60745 1
60749 1
60757 1
60761 1
60773 2
60793 1
60805 1
60813 2
60821 2
60869 1
60877 3
60889 2
60901 1
60905 1
60913 2
60937 1
60953 1
60965 2
60985 1
61009 3
61013 2
61025 2
61045 2
61073 1
61081 1
61105 2
61109 1
61129 4
61137 1
61153 1
61165 3
61205 1
61213 2
61217 2
61261 1
61265 2
61277 1
61309 2
61321 2
61345 1
61353 1
61373 2
61381 1
61417 1
61421 3
61469 1
61477 2
61489 2
61529 2
61553 1
61561 1
61601 2
61605 1
61625 7
61685 2
61713 1
61729 1
61741 1
61745 3
61753 1
61789 2
61793 1
61813 1
61825 1
61829 1
61861 1
61865 1
61885 2
61909 1
61913 1
61945 4
61965 3
61981 1
62005 2
62017 1
62021 3
62033 1
62037 1
62045 1
62057 2
62089 1
62101 5
62105 1
62137 2
62145 1
62165 1
62197 1
62233 1
62285 1
62345 2
62361 2
62365 1
62389 1
62437 1
62449 1
62453 1
62465 1
62497 1
62501 1
62509 1
62525 3
62533 1
62541 1
62561 1
62569 1
62573 1
62581 1
62593 3
62609 1
62613 1
62617 1
62621 2
62641 2
62669 2
62701 1
62725 4
62753 5
62761 1
62765 3
62773 1
62785 3
62789 4
62845 1
62849 2
62901 1
62929 1
62957 1
62965 1
62969 1
62981 1
63005 1
63013 2
63029 3
63037 2
63065 2
63073 1
63097 1
63101 2
63125 2
63149 1
63169 1
63185 2
63193 2
63197 1
63205 1
63229 2
63241 1
63265 3
63277 1
63297 1
63313 1
63317 1
63325 2
63341 2
63377 1
63397 1
63401 1
63405 1
63433 1
63445 2
63461 2
63493 1
63505 2
63509 1
63513 1
63529 1
63577 2
63585 1
63589 1
63625 1
63653 1
63673 1
63677 2
63689 1
63697 1
63709 1
63713 2
63725 4
63737 1
63761 1
63765 3
63817 3
63837 2
63845 1
63853 2
63857 1
63865 1
63869 5
63913 1
63925 1
63929 1
63937 2
63945 1
63989 1
63997 1
64021 1
64025 1
64033 2
64037 2
64045 1
64105 1
64121 2
64129 2
64145 1
64153 1
64161 1
64165 1
64177 2
64205 2
64233 2
64265 4
64269 1
64297 3
64305 1
64313 2
64337 1
64345 1
64373 2
64413 1
64417 1
64441 2
64465 2
64493 1
64513 1
64517 2
64525 1
64529 1
64541 2
64553 1
64577 1
64585 2
64601 1
64685 1
64753 3
64781 1
64805 1
64817 1
64825 1
64829 1
64861 3
64865 1
64881 2
64921 1
64925 1
64969 1
64985 3
64997 1
65005 1
65025 3
65033 1
65041 1
65045 2
65053 1
65089 1
65105 3
65117 1
65125 4
65137 3
65169 2
65185 1
65213 1
65221 1
65257 1
65281 3
65341 1
65357 1
65365 2
65453 1
65461 2
65465 2
65477 2
65497 1
65509 2
65525 1
65561 3
65601 2
65605 1
65641 2
65673 1
65701 1
65705 2
65717 1
65729 1
65741 2
65749 1
65773 1
65781 1
65825 3
65881 1
65897 3
65909 1
65917 2
65945 1
65957 2
65969 1
65977 2
65993 2
65997 1
66001 3
66037 1
66041 1
66049 1
66053 1
66065 1
66089 2
66097 1
66105 2
66137 1
66141 1
66173 1
66193 1
66245 2
66293 1
66305 2
66357 2
66365 1
66389 1
66425 2
66445 1
66449 1
66469 1
66497 2
66501 1
66529 1
66565 2
66589 1
66601 1
66613 2
66617 1
66625 5
66637 1
66685 1
66697 1
66725 1
66733 1
66757 1
66789 1
66793 1
66797 1
66817 1
66833 2
66841 3
66905 1
66985 1
66989 1
67021 1
67033 1
67057 1
67093 1
67097 3
67117 1
67145 2
67169 1
67213 1
67225 2
67293 2
67325 1
67329 1
67337 2
67345 1
67357 1
67405 4
67409 1
67421 1
67457 2
67477 1
67489 1
67525 1
67541 1
67561 1
67601 1
67609 1
67625 2
67685 1
67709 1
67717 1
67729 2
67761 1
67765 3
67777 2
67789 1
67801 1
67813 2
67817 1
67825 1
67833 1
67865 1
67885 1
67913 2
67933 1
67981 1
68049 1
68053 2
68065 1
68081 2
68085 6
68093 1
68105 1
68125 2
68185 3
68193 1
68225 3
68237 2
68245 3
68265 1
68317 2
68329 1
68353 1
68357 1
68401 2
68441 2
68465 1
68485 1
68545 3
68549 1
68605 1
68645 1
68669 1
68681 1
68725 2
68737 2
68741 1
68753 2
68821 1
68825 1
68861 1
68881 1
68945 1
68953 1
68965 2
68969 1
69005 4
69021 1
69041 2
69057 1
69085 1
69109 1
69129 3
69133 2
69145 1
69149 1
69169 1
69173 2
69185 1
69193 1
69205 1
69237 1
69269 1
69281 1
69313 1
69317 2
69337 1
69381 1
69385 2
69397 1
69413 1
69433 1
69449 1
69485 1
69505 1
69565 1
69569 1
69581 3
69589 1
69625 2
69661 1
69665 1
69677 1
69733 1
69737 1
69745 1
69761 1
69785 2
69845 2
69865 1
69869 1
69893 1
69921 1
69985 1
69997 1
70021 2
70025 1
70045 1
70057 1
70065 3
70069 2
70093 1
70101 1
70109 1
70141 1
70145 1
70157 1
70165 3
70225 1
70249 2
70261 1
70285 1
70317 1
70325 3
70333 1
70337 2
70353 1
70381 2
70409 2
70425 1
70429 1
70445 1
70457 1
70465 1
70493 1
70529 1
70573 1
70577 2
70601 1
70621 1
70657 1
70669 1
70677 1
70709 1
70733 1
70745 1
70753 1
70785 2
70805 1
70837 3
70849 2
70853 1
70865 1
70877 1
70885 1
70921 1
70937 1
70969 1
70981 1
71045 3
71089 1
71101 1
71105 1
71125 3
71129 1
71149 1
71161 2
71177 3
71189 1
71209 1
71237 1
71245 1
71261 1
71285 1
71289 1
71293 1
71305 1
71321 1
71333 1
71341 1
71377 1
71425 1
71465 2
71473 1
71485 2
71521 2
71525 4
71545 1
71605 2
71669 1
71677 1
71705 2
71717 1
71721 1
71773 1
71777 1
71785 1
71809 1
71821 1
71825 3
71833 1
71873 1
71881 1
71893 4
71905 2
71965 3
71981 1
72041 1
72045 1
72073 1
72085 1
72125 2
72161 1
72189 1
72221 1
72229 1
72245 1
72265 1
72277 1
72297 2
72301 1
72337 1
72341 1
72365 2
72377 1
72405 1
72425 1
72433 1
72437 2
72445 1
72449 1
72477 1
72481 1
72493 1
72497 1
72505 1
72529 1
72553 1
72581 1
72585 2
72621 1
72641 2
72761 1
72769 1
72773 1
72781 3
72785 2
72801 1
72817 1
72845 1
72857 1
72869 1
72909 1
72937 1
73009 1
73049 1
73105 1
73125 2
73165 3
73177 1
73193 2
73225 1
73277 2
73285 1
73309 1
73333 1
73345 1
73357 1
73361 1
73385 1
73405 2
73417 1
73421 1
73433 1
73457 3
73525 1
73553 1
73561 1
73585 1
73589 1
73613 1
73685 2
73705 2
73729 3
73741 1
73757 1
73781 1
73789 2
73841 1
73861 1
73897 1
73933 1
74005 1
74009 4
74033 1
74065 1
74069 1
74093 1
74101 1
74117 1
74125 1
74153 1
74173 1
74185 3
74225 3
74237 3
74257 1
74269 3
74273 1
74317 1
74321 1
74421 1
74425 1
74465 3
74477 2
74513 3
74529 1
74545 1
74593 1
74629 1
74657 1
74665 2
74785 1
74821 1
74825 3
74861 1
74885 1
74925 1
74945 2
74953 1
74969 1
75013 1
75029 1
75077 1
75101 1
75125 1
75169 1
75177 1
75181 1
75197 1
75205 2
75245 1
75265 2
75337 1
75365 2
75385 1
75401 1
75409 2
75413 1
75429 1
75517 3
75521 1
75533 1
75545 1
75569 1
75577 1
75653 1
75661 2
75665 1
75685 1
75689 1
75701 1
75725 3
75737 1
75773 1
75797 1
75809 1
75825 1
75833 1
75841 1
75853 1
75901 1
75925 2
75941 1
75961 1
75973 2
75989 1
76025 1
76097 2
76141 2
76165 1
76177 1
76185 1
76205 1
76293 1
76297 1
76313 1
76357 1
76381 1
76385 2
76421 1
76445 2
76453 1
76457 3
76465 1
76501 1
76525 2
76537 1
76585 1
76625 1
76685 1
76745 2
76753 2
76861 2
76869 1
76925 2
76997 1
77009 2
77065 2
77081 1
77101 1
77129 2
77137 2
77153 1
77157 2
77193 1
77225 1
77261 1
77265 2
77269 1
77285 2
77293 1
77333 1
77365 1
77377 1
77389 1
77393 1
77453 2
77545 1
77569 1
77573 1
77617 1
77629 2
77641 1
77645 1
77665 1
77669 1
77677 2
77689 1
77769 1
77797 1
77801 1
77885 2
77909 2
77933 1
77941 3
77953 1
77977 1
77981 1
77985 1
78013 1
78017 1
78025 1
78037 1
78065 1
78093 1
78097 1
78125 1
78173 1
78181 1
78205 1
78209 1
78237 1
78301 1
78305 1
78325 3
78385 1
78433 1
78481 1
78493 1
78509 1
78525 1
78553 1
78557 1
78625 3
78629 1
78649 1
78665 1
78745 1
78805 1
78829 1
78877 1
78885 1
78929 1
78965 1
78985 1
79013 2
79025 1
79061 1
79129 1
79157 1
79169 1
79181 1
79193 1
79217 1
79273 1
79285 1
79425 1
79433 1
79445 1
79489 1
79525 3
79589 1
79605 1
79641 2
79729 1
79745 1
79757 1
79817 2
79837 1
79865 1
79885 1
79889 1
79909 1
79957 2
79965 1
79985 3
80021 1
80093 1
80141 1
80145 2
80165 2
80189 1
80213 2
80221 1
80257 1
80273 2
80309 1
80345 2
80393 1
80401 1
80425 2
80429 1
80497 2
80545 1
80561 1
80645 1
80665 2
80669 1
80677 1
80725 1
80737 1
80765 2
80821 1
80873 1
80881 1
80917 1
80977 1
81005 1
81013 1
81145 1
81161 1
81181 1
81205 3
81209 2
81217 2
81241 2
81253 1
81265 1
81289 4
81341 2
81349 1
81421 1
81457 1
81497 1
81549 1
81553 1
81569 2
81577 1
81625 1
81637 1
81713 1
81737 1
81801 1
81821 1
81901 1
81913 1
81917 1
81925 1
81929 1
81953 1
82025 1
82085 1
82125 1
82141 1
82189 2
82249 1
82325 1
82333 1
82381 1
82413 1
82433 1
82521 1
82525 2
82565 1
82625 1
82637 1
82645 1
82657 1
82701 1
82813 1
82853 2
82937 1
82945 1
82981 1
83005 2
83053 1
83057 1
83065 1
83129 1
83153 1
83213 1
83225 2
83385 1
83393 1
83585 1
83665 1
83705 2
83717 1
83725 1
83737 1
83745 1
83785 1
83837 1
83845 1
83861 1
84005 1
84017 1
84133 1
84377 1
84393 1
84529 1
84541 1
84545 1
84589 1
84625 1
84653 1
84677 2
84789 1
84793 1
84817 2
84825 1
84829 2
84841 1
84881 1
84897 1
85045 1
85061 2
85069 1
85145 1
85165 1
85273 1
85321 1
85333 2
85345 1
85417 1
85501 1
85553 1
85625 1
85705 2
85885 1
85993 1
86045 1
86117 1
86285 1
86333 1
86369 1
86377 1
86409 1
86465 2
86489 1
86509 1
86557 1
86605 1
86609 1
86657 2
86689 1
86701 1
86797 1
86837 1
86885 1
86897 1
86985 1
87029 1
87057 1
87145 1
87165 2
87245 1
87253 1
87281 1
87309 1
87349 1
87445 1
87481 1
87489 1
87581 1
87589 1
87613 1
87629 1
87665 1
87737 1
87785 1
87821 1
87841 1
87953 1
87965 1
88029 1
88153 1
88177 1
88225 1
88325 2
88345 1
88349 1
88357 1
88421 1
88493 1
88497 1
88553 1
88569 1
88621 2
88633 1
88661 1
88793 1
88857 1
88885 1
88933 1
88973 1
88985 1
89009 1
89037 1
89081 1
89093 2
89165 1
89185 1
89293 1
89305 1
89465 2
89489 1
89545 1
89549 1
89609 1
89725 1
89757 1
89785 1
89797 2
89801 1
89809 1
89825 1
89893 1
89905 1
89977 1
90009 1
90029 1
90077 1
90169 1
90173 1
90245 1
90253 1
90289 1
90353 1
90385 1
90469 1
90625 1
90653 1
90661 1
90765 1
90821 1
90833 1
90865 2
90925 1
91165 1
91189 1
91193 1
91205 1
91309 1
91325 1
91385 2
91405 1
91445 1
91493 1
91801 1
91825 2
91849 1
91953 2
92009 1
92041 1
92201 1
92241 1
92365 2
92377 1
92413 1
92417 1
92441 1
92461 1
92525 1
92693 1
92833 1
92893 1
92905 1
92941 1
92945 1
93025 3
93049 1
93109 1
93125 1
93217 1
93221 1
93293 1
93425 1
93497 1
93509 1
93533 1
93573 1
93629 1
93685 1
93761 1
93805 2
93965 1
94013 1
94025 1
94077 1
94097 1
94513 1
94529 1
94565 1
94625 1
94649 1
94685 1
94709 1
94725 2
94849 1
94913 2
94945 1
95085 1
95089 2
95125 1
95265 1
95393 1
95401 1
95509 1
95545 1
95625 1
95825 1
96057 1
96065 1
96265 1
96433 1
96461 1
96497 1
96625 1
96637 1
96661 1
96769 1
96889 1
96893 1
96921 1
96941 1
96977 1
97105 1
97109 1
97225 1
97245 1
97385 1
97469 1
97529 1
97705 1
97733 1
97841 1
97877 1
97925 1
98073 1
98093 1
98125 1
98165 1
98209 1
98293 1
98585 1
98605 3
98641 1
98645 1
98837 1
99049 1
99221 1
99325 2
99493 1
99529 1
99721 1
99857 1
99901 1
99929 1
99965 1
100021 1
100169 1
100193 1
100217 1
100553 1
100645 1
100665 1
100669 1
100825 1
100853 1
100865 1
100889 1
100989 1
101105 1
101665 1
101705 1
101713 2
101761 1
101777 1
101873 1
101881 1
102085 1
102141 1
102197 1
102313 1
102397 1
102565 1
102629 1
102645 1
102713 1
102797 1
102869 1
103045 1
103193 1
103225 2
103237 1
103441 2
103581 1
103685 1
103825 1
103853 1
104125 1
104257 1
104285 1
104429 1
104449 1
104665 1
104677 1
104837 1
105201 1
105625 1
105977 1
106085 1
106177 1
106285 1
106389 1
106405 1
106721 1
106877 1
106985 1
107005 1
107465 1
107585 1
108125 1
108277 1
108797 1
108961 1
109021 1
109233 1
109357 1
110005 1
110105 1
110321 1
110393 1
110449 1
110765 1
110925 2
111037 1
111537 1
111725 1
111949 1
112085 1
112221 1
112241 1
112265 1
112545 1
112745 1
112801 1
112825 2
113125 1
113185 1
113425 1
113473 1
113625 1
113633 1
113797 1
113941 1
114085 1
114121 1
114581 1
115037 1
115645 1
115649 1
115865 1
116341 1
116453 1
116957 1
116973 1
117437 1
117845 1
118825 1
118945 1
120077 2
120145 1
120173 1
120917 1
120933 1
121817 1
122533 1
122537 1
122713 1
123125 1
124261 1
124897 1
125309 1
125497 1
126221 1
126405 1
127125 1
127693 1
130013 1
131665 1
131821 1
131837 1
132977 1
134793 1
135449 1
135725 1
136013 1
139673 1
139933 1
145493 1
145945 1
147985 1
149405 1
395833 1
757557 1
922573 1
973297 1
1050109 1
1081769 1
1083717 1
1168801 1
1176733 1
1199549 1
1292785 1
1354685 1
1457245 1
1517824 1
1567828 1
