2 -0.322309
2 -0.674728
2 0.178884
2 0.49468
0 0.49989
0 -0.706035
3 -1.06399
0 0.0437607
3 -1.56355
0 0.687862
2 0.741724
2 -0.874846
0 1.91173
2 2.11331
0 1.12408
2 1.09405
0 0.98624
3 -0.636377
3 0.3418
1 1.8689
3 2.74762
3 2.41958
0 -2.81176
3 -1.49378
1 -2.29061
1 -2.18145
1 -1.1506
1 -0.064902
1 -0.804196
2 -0.774953
1 0.275355
3 -0.195885
3 -0.378353
3 -0.624044
1 -0.229949
1 0.235626
2 -0.380754
2 -0.27272
1 -0.633239
1 -0.534199
3 -0.773508
0 -0.16156
3 -0.184677
1 0.0115424
3 0.152661
0 -0.517181
0 -0.61708
3 -1.05443
3 -1.19537
3 -0.83854
0 -0.816502
3 -1.59085
3 2.63999
0 0.349826
2 -1.79515
2 -3.07447
2 -1.46666
1 -1.2819
2 -2.34013
2 -2.07172
0 -0.760316
3 -1.38529
0 -0.793615
3 -1.19421
3 -1.13275
0 -0.634779
2 -0.611816
0 -0.553005
2 -0.182463
1 -1.13087
2 -0.93349
2 -0.647623
1 -0.707539
2 -0.75788
0 -0.537172
0 -0.571154
0 -1.95872
3 -1.70004
1 -0.786897
3 -0.730334
0 -0.133387
3 -0.921659
3 -0.450168
3 -0.0948993
1 -0.872806
3 -0.102736
1 -0.826999
3 -0.635572
3 1.82424
1 1.86452
3 -1.89708
0 2.19331
0 2.71836
3 -1.71113
0 -0.263449
3 -0.893466
0 -0.0456527
2 2.20767
0 -3.08862
-1 -1.94082
