N J h mean_R_sq err_mean_R_sq mean_R_gyr_sq err_mean_R_gyr_sq 
700 1.39 0 1542.43 42.101 301.589 5.13552
2933 2
2938 1
2945 1
2948 1
2950 1
2951 1
2953 3
2954 1
2955 1
2956 3
2957 1
2958 1
2959 1
2960 1
2961 2
2962 2
2963 2
2964 2
2965 3
2967 5
2968 3
2969 1
2971 3
2972 4
2973 5
2975 1
2976 5
2977 5
2978 7
2979 6
2980 9
2981 6
2982 7
2983 6
2984 11
2985 6
2986 14
2987 11
2988 11
2989 19
2990 12
2991 16
2992 26
2993 15
2994 15
2995 17
2996 25
2997 31
2998 14
2999 29
3000 27
3001 32
3002 32
3003 24
3004 34
3005 39
3006 43
3007 38
3008 64
3009 43
3010 44
3011 48
3012 50
3013 52
3014 65
3015 58
3016 59
3017 64
3018 70
3019 83
3020 87
3021 92
3022 80
3023 97
3024 95
3025 96
3026 114
3027 106
3028 110
3029 114
3030 112
3031 116
3032 113
3033 152
3034 135
3035 137
3036 148
3037 149
3038 163
3039 165
3040 164
3041 158
3042 164
3043 211
3044 195
3045 165
3046 192
3047 212
3048 196
3049 204
3050 263
3051 228
3052 234
3053 247
3054 241
3055 255
3056 278
3057 274
3058 261
3059 310
3060 283
3061 354
3062 327
3063 333
3064 340
3065 337
3066 366
3067 394
3068 367
3069 377
3070 371
3071 404
3072 423
3073 429
3074 468
3075 476
3076 469
3077 478
3078 488
3079 526
3080 511
3081 511
3082 536
3083 563
3084 535
3085 575
3086 592
3087 592
3088 642
3089 612
3090 647
3091 655
3092 652
3093 701
3094 674
3095 752
3096 704
3097 732
3098 788
3099 775
3100 796
3101 838
3102 860
3103 867
3104 866
3105 872
3106 908
3107 939
3108 931
3109 959
3110 986
3111 938
3112 983
3113 1030
3114 980
3115 992
3116 1016
3117 1120
3118 1104
3119 1070
3120 1076
3121 1104
3122 1120
3123 1216
3124 1079
3125 1129
3126 1223
3127 1306
3128 1207
3129 1209
3130 1235
3131 1216
3132 1220
3133 1254
3134 1217
3135 1365
3136 1332
3137 1297
3138 1341
3139 1326
3140 1411
3141 1332
3142 1335
3143 1310
3144 1444
3145 1431
3146 1396
3147 1395
3148 1353
3149 1409
3150 1479
3151 1435
3152 1365
3153 1349
3154 1506
3155 1478
3156 1441
3157 1475
3158 1402
3159 1479
3160 1453
3161 1506
3162 1397
3163 1490
3164 1491
3165 1520
3166 1489
3167 1489
3168 1511
3169 1438
3170 1499
3171 1512
3172 1446
3173 1496
3174 1477
3175 1474
3176 1467
3177 1410
3178 1450
3179 1388
3180 1389
3181 1487
3182 1465
3183 1343
3184 1477
3185 1354
3186 1454
3187 1357
3188 1391
3189 1434
3190 1376
3191 1370
3192 1326
3193 1303
3194 1328
3195 1305
3196 1290
3197 1320
3198 1325
3199 1253
3200 1237
3201 1221
3202 1266
3203 1165
3204 1182
3205 1174
3206 1136
3207 1182
3208 1124
3209 1232
3210 1145
3211 1087
3212 1048
3213 1128
3214 1054
3215 1070
3216 1058
3217 940
3218 995
3219 1012
3220 1012
3221 1006
3222 993
3223 955
3224 897
3225 910
3226 874
3227 852
3228 889
3229 853
3230 851
3231 824
3232 763
3233 803
3234 755
3235 727
3236 723
3237 722
3238 651
3239 720
3240 696
3241 675
3242 637
3243 645
3244 634
3245 643
3246 548
3247 573
3248 566
3249 555
3250 503
3251 513
3252 525
3253 540
3254 486
3255 509
3256 469
3257 412
3258 393
3259 432
3260 425
3261 399
3262 403
3263 386
3264 382
3265 389
3266 341
3267 354
3268 368
3269 306
3270 308
3271 307
3272 306
3273 283
3274 256
3275 268
3276 256
3277 239
3278 248
3279 231
3280 218
3281 206
3282 215
3283 234
3284 181
3285 190
3286 173
3287 182
3288 146
3289 153
3290 158
3291 150
3292 144
3293 135
3294 105
3295 126
3296 117
3297 103
3298 101
3299 112
3300 82
3301 85
3302 87
3303 81
3304 71
3305 86
3306 73
3307 61
3308 65
3309 52
3310 52
3311 57
3312 66
3313 50
3314 36
3315 49
3316 40
3317 43
3318 35
3319 43
3320 41
3321 41
3322 44
3323 39
3324 24
3325 25
3326 31
3327 28
3328 18
3329 23
3330 18
3331 20
3332 16
3333 15
3334 19
3335 17
3336 16
3337 11
3338 7
3339 9
3340 13
3341 8
3342 14
3343 13
3344 6
3345 4
3346 6
3347 4
3348 15
3349 9
3350 11
3351 9
3352 2
3353 6
3354 5
3355 4
3356 1
3357 4
3358 1
3359 1
3360 3
3361 2
3362 7
3364 2
3365 2
3366 1
3367 3
3368 3
3369 2
3370 1
3372 2
3374 2
3376 3
3377 2
3378 2
3380 2
3381 1
3383 4
3385 1
3387 1
3389 1
3393 1
3394 1
3399 1
3400 1
3405 1
3407 1
3409 2
