N J h mean_R_sq err_mean_R_sq mean_R_gyr_sq err_mean_R_gyr_sq 
500 1.435 0 692.022 10.2078 157.625 1.32854
2953 1
2969 1
2978 1
2980 1
2981 1
2984 1
2985 3
2986 1
2989 1
2990 1
2992 1
2994 2
2996 1
2997 1
2998 1
3000 1
3001 6
3002 2
3003 2
3004 2
3005 5
3006 2
3008 3
3009 6
3010 4
3011 5
3012 4
3013 2
3014 5
3015 10
3016 5
3017 6
3018 3
3019 2
3020 4
3021 6
3022 5
3023 10
3024 6
3025 11
3026 6
3027 10
3028 8
3029 9
3030 13
3031 11
3032 8
3033 14
3034 5
3035 10
3036 10
3037 15
3038 8
3039 16
3040 18
3041 16
3042 17
3043 16
3044 13
3045 24
3046 20
3047 22
3048 27
3049 25
3050 26
3051 18
3052 34
3053 27
3054 23
3055 21
3056 23
3057 23
3058 40
3059 44
3060 38
3061 52
3062 49
3063 39
3064 48
3065 50
3066 48
3067 40
3068 60
3069 50
3070 53
3071 62
3072 56
3073 54
3074 48
3075 51
3076 52
3077 78
3078 74
3079 57
3080 73
3081 74
3082 71
3083 76
3084 86
3085 83
3086 101
3087 96
3088 87
3089 96
3090 103
3091 110
3092 92
3093 112
3094 113
3095 121
3096 125
3097 125
3098 128
3099 140
3100 150
3101 152
3102 159
3103 143
3104 158
3105 139
3106 159
3107 150
3108 193
3109 187
3110 195
3111 192
3112 203
3113 227
3114 185
3115 238
3116 223
3117 238
3118 248
3119 258
3120 233
3121 276
3122 282
3123 275
3124 302
3125 283
3126 296
3127 285
3128 335
3129 334
3130 338
3131 359
3132 376
3133 337
3134 387
3135 371
3136 391
3137 403
3138 406
3139 394
3140 432
3141 440
3142 407
3143 430
3144 486
3145 437
3146 477
3147 502
3148 480
3149 518
3150 566
3151 524
3152 593
3153 530
3154 573
3155 584
3156 607
3157 626
3158 622
3159 618
3160 673
3161 649
3162 678
3163 729
3164 755
3165 722
3166 722
3167 755
3168 815
3169 795
3170 801
3171 831
3172 836
3173 797
3174 925
3175 889
3176 867
3177 915
3178 980
3179 879
3180 951
3181 990
3182 997
3183 999
3184 1039
3185 1050
3186 1039
3187 1051
3188 1070
3189 1057
3190 1058
3191 1186
3192 1176
3193 1109
3194 1065
3195 1177
3196 1159
3197 1236
3198 1176
3199 1242
3200 1220
3201 1262
3202 1320
3203 1221
3204 1351
3205 1314
3206 1357
3207 1320
3208 1401
3209 1393
3210 1351
3211 1284
3212 1440
3213 1418
3214 1382
3215 1407
3216 1500
3217 1528
3218 1497
3219 1486
3220 1412
3221 1461
3222 1551
3223 1510
3224 1489
3225 1470
3226 1562
3227 1498
3228 1572
3229 1630
3230 1543
3231 1596
3232 1630
3233 1626
3234 1574
3235 1553
3236 1580
3237 1683
3238 1591
3239 1580
3240 1630
3241 1609
3242 1601
3243 1567
3244 1586
3245 1641
3246 1600
3247 1655
3248 1672
3249 1569
3250 1593
3251 1685
3252 1603
3253 1641
3254 1647
3255 1561
3256 1569
3257 1548
3258 1577
3259 1607
3260 1591
3261 1499
3262 1618
3263 1551
3264 1522
3265 1550
3266 1465
3267 1504
3268 1429
3269 1460
3270 1500
3271 1417
3272 1369
3273 1461
3274 1361
3275 1469
3276 1418
3277 1395
3278 1335
3279 1378
3280 1314
3281 1346
3282 1261
3283 1328
3284 1250
3285 1257
3286 1193
3287 1204
3288 1218
3289 1225
3290 1206
3291 1148
3292 1194
3293 1156
3294 1146
3295 1074
3296 1040
3297 1125
3298 1028
3299 1008
3300 1014
3301 948
3302 927
3303 983
3304 935
3305 901
3306 867
3307 887
3308 839
3309 842
3310 820
3311 771
3312 721
3313 741
3314 806
3315 690
3316 723
3317 728
3318 688
3319 643
3320 680
3321 644
3322 606
3323 630
3324 564
3325 538
3326 555
3327 542
3328 514
3329 508
3330 491
3331 459
3332 457
3333 456
3334 447
3335 403
3336 427
3337 376
3338 388
3339 394
3340 318
3341 343
3342 315
3343 316
3344 302
3345 289
3346 304
3347 281
3348 284
3349 258
3350 271
3351 245
3352 210
3353 245
3354 225
3355 224
3356 176
3357 212
3358 219
3359 170
3360 164
3361 159
3362 187
3363 157
3364 161
3365 141
3366 128
3367 131
3368 143
3369 122
3370 142
3371 108
3372 122
3373 100
3374 109
3375 95
3376 84
3377 80
3378 82
3379 60
3380 51
3381 72
3382 56
3383 60
3384 66
3385 52
3386 66
3387 52
3388 62
3389 46
3390 46
3391 34
3392 42
3393 44
3394 38
3395 36
3396 26
3397 25
3398 33
3399 19
3400 18
3401 15
3402 23
3403 21
3404 18
3405 21
3406 11
3407 21
3408 15
3409 14
3410 17
3411 9
3412 11
3413 12
3414 8
3415 7
3416 4
3417 7
3418 2
3419 4
3420 9
3421 4
3422 5
3423 2
3424 6
3425 5
3426 3
3427 3
3428 2
3429 4
3430 2
3431 2
3432 4
3433 1
3434 1
3435 2
3436 1
3441 2
3442 1
3444 1
3448 1
3456 2
3461 2
