N J h mean_R_sq err_mean_R_sq mean_R_gyr_sq err_mean_R_gyr_sq 
500 1.3 0 2687.95 27.0883 417.746 3.18333
120 1
196 1
244 1
265 1
302 1
318 1
335 1
339 1
344 2
355 2
356 1
371 1
379 1
384 1
389 1
395 1
396 1
400 1
404 1
409 1
424 1
436 1
442 1
452 1
454 1
455 1
457 1
463 1
477 2
478 2
480 1
481 1
483 1
488 1
489 2
490 2
491 1
495 1
497 1
499 2
500 1
502 2
503 1
505 3
506 1
510 1
511 1
512 1
513 1
514 1
515 1
516 2
517 1
519 2
520 1
524 2
525 1
527 1
529 2
530 3
531 4
532 2
534 1
535 2
536 2
537 1
538 3
540 3
541 1
543 3
544 1
545 2
546 2
548 2
549 1
550 3
552 4
554 3
555 3
557 3
559 5
560 3
561 2
562 8
563 6
564 5
565 2
566 4
567 6
568 6
569 4
571 1
572 3
573 6
574 5
575 4
576 6
577 4
578 6
579 4
580 5
581 9
582 4
583 2
584 6
585 5
586 7
587 5
588 9
589 5
590 6
591 7
592 14
593 5
594 2
595 10
596 8
597 11
598 10
599 9
600 7
601 8
602 5
603 9
604 8
605 8
606 8
607 16
608 8
609 11
610 10
611 8
612 10
613 8
614 11
615 5
616 10
617 8
618 11
619 16
620 10
621 19
622 15
623 18
624 6
625 15
626 11
627 14
628 19
629 14
630 18
631 15
632 17
633 19
634 15
635 27
636 15
637 22
638 17
639 21
640 13
641 17
642 19
643 23
644 23
645 29
646 17
647 21
648 17
649 24
650 30
651 35
652 25
653 21
654 34
655 27
656 27
657 26
658 28
659 30
660 34
661 28
662 30
663 25
664 35
665 31
666 30
667 28
668 40
669 36
670 45
671 35
672 45
673 45
674 45
675 47
676 42
677 28
678 61
679 39
680 46
681 43
682 48
683 37
684 46
685 42
686 49
687 64
688 48
689 48
690 50
691 58
692 58
693 54
694 63
695 67
696 55
697 50
698 57
699 57
700 56
701 63
702 61
703 60
704 65
705 53
706 65
707 70
708 73
709 75
710 86
711 68
712 77
713 85
714 92
715 64
716 67
717 85
718 71
719 92
720 75
721 74
722 84
723 74
724 80
725 85
726 95
727 81
728 94
729 91
730 88
731 106
732 98
733 88
734 96
735 77
736 111
737 90
738 118
739 98
740 109
741 113
742 90
743 95
744 114
745 101
746 117
747 129
748 130
749 120
750 127
751 127
752 124
753 124
754 142
755 155
756 138
757 136
758 139
759 136
760 140
761 141
762 136
763 138
764 138
765 143
766 146
767 155
768 137
769 159
770 167
771 151
772 175
773 162
774 156
775 158
776 194
777 194
778 216
779 190
780 179
781 186
782 157
783 184
784 182
785 209
786 178
787 195
788 188
789 211
790 193
791 206
792 180
793 215
794 193
795 219
796 199
797 234
798 196
799 249
800 217
801 226
802 211
803 226
804 226
805 236
806 233
807 231
808 268
809 254
810 266
811 236
812 254
813 283
814 251
815 273
816 272
817 284
818 293
819 265
820 314
821 299
822 281
823 292
824 289
825 280
826 311
827 296
828 287
829 311
830 303
831 351
832 319
833 300
834 301
835 326
836 305
837 325
838 330
839 361
840 326
841 368
842 343
843 357
844 384
845 367
846 354
847 380
848 350
849 390
850 397
851 378
852 375
853 340
854 403
855 407
856 421
857 372
858 360
859 414
860 412
861 431
862 393
863 455
864 391
865 417
866 405
867 437
868 409
869 449
870 437
871 434
872 440
873 457
874 454
875 480
876 467
877 436
878 462
879 441
880 488
881 445
882 463
883 482
884 466
885 506
886 518
887 502
888 468
889 469
890 472
891 508
892 573
893 479
894 499
895 508
896 504
897 514
898 537
899 541
900 561
901 548
902 540
903 500
904 580
905 519
906 577
907 511
908 533
909 588
910 550
911 574
912 604
913 557
914 576
915 552
916 551
917 587
918 555
919 596
920 602
921 580
922 599
923 579
924 585
925 613
926 618
927 573
928 619
929 627
930 612
931 562
932 591
933 606
934 613
935 630
936 615
937 607
938 617
939 615
940 623
941 606
942 624
943 602
944 623
945 665
946 652
947 673
948 636
949 640
950 640
951 657
952 644
953 650
954 660
955 713
956 635
957 650
958 666
959 615
960 662
961 657
962 616
963 651
964 646
965 652
966 606
967 715
968 654
969 661
970 690
971 717
972 669
973 697
974 672
975 654
976 658
977 644
978 677
979 680
980 671
981 683
982 684
983 697
984 672
985 665
986 639
987 697
988 664
989 703
990 651
991 699
992 667
993 672
994 679
995 674
996 685
997 698
998 670
999 640
1000 703
1001 630
1002 664
1003 641
1004 706
1005 720
1006 667
1007 682
1008 682
1009 685
1010 686
1011 639
1012 666
1013 643
1014 652
1015 750
1016 680
1017 642
1018 681
1019 679
1020 695
1021 663
1022 664
1023 608
1024 684
1025 669
1026 634
1027 644
1028 666
1029 668
1030 642
1031 621
1032 713
1033 617
1034 605
1035 664
1036 666
1037 668
1038 656
1039 651
1040 611
1041 658
1042 658
1043 651
1044 648
1045 657
1046 605
1047 619
1048 627
1049 602
1050 653
1051 694
1052 654
1053 624
1054 631
1055 628
1056 624
1057 621
1058 637
1059 583
1060 587
1061 662
1062 584
1063 607
1064 609
1065 581
1066 572
1067 617
1068 639
1069 583
1070 614
1071 608
1072 574
1073 514
1074 592
1075 567
1076 601
1077 608
1078 571
1079 562
1080 558
1081 584
1082 554
1083 572
1084 543
1085 535
1086 566
1087 575
1088 525
1089 536
1090 578
1091 556
1092 525
1093 523
1094 536
1095 475
1096 527
1097 526
1098 480
1099 513
1100 525
1101 551
1102 558
1103 512
1104 475
1105 492
1106 492
1107 472
1108 517
1109 504
1110 440
1111 481
1112 488
1113 456
1114 479
1115 440
1116 477
1117 473
1118 421
1119 469
1120 418
1121 448
1122 460
1123 462
1124 457
1125 409
1126 407
1127 440
1128 448
1129 431
1130 379
1131 441
1132 446
1133 419
1134 443
1135 398
1136 436
1137 397
1138 401
1139 365
1140 401
1141 400
1142 404
1143 367
1144 374
1145 432
1146 385
1147 357
1148 382
1149 359
1150 345
1151 345
1152 362
1153 363
1154 335
1155 343
1156 332
1157 351
1158 329
1159 340
1160 357
1161 337
1162 308
1163 287
1164 322
1165 313
1166 337
1167 319
1168 292
1169 293
1170 284
1171 322
1172 278
1173 302
1174 297
1175 290
1176 272
1177 290
1178 279
1179 240
1180 262
1181 255
1182 276
1183 261
1184 265
1185 244
1186 256
1187 240
1188 237
1189 255
1190 235
1191 235
1192 247
1193 268
1194 234
1195 241
1196 240
1197 214
1198 233
1199 244
1200 226
1201 217
1202 220
1203 247
1204 213
1205 196
1206 205
1207 191
1208 207
1209 225
1210 213
1211 176
1212 203
1213 174
1214 200
1215 187
1216 176
1217 191
1218 177
1219 157
1220 206
1221 167
1222 173
1223 170
1224 171
1225 157
1226 153
1227 138
1228 145
1229 129
1230 143
1231 173
1232 176
1233 133
1234 127
1235 152
1236 143
1237 149
1238 146
1239 140
1240 126
1241 120
1242 119
1243 126
1244 126
1245 127
1246 126
1247 138
1248 132
1249 120
1250 119
1251 112
1252 129
1253 130
1254 118
1255 105
1256 121
1257 93
1258 118
1259 111
1260 120
1261 102
1262 106
1263 105
1264 103
1265 92
1266 102
1267 104
1268 91
1269 93
1270 104
1271 79
1272 105
1273 85
1274 74
1275 73
1276 92
1277 70
1278 80
1279 81
1280 74
1281 75
1282 65
1283 68
1284 70
1285 87
1286 59
1287 54
1288 66
1289 49
1290 65
1291 51
1292 61
1293 78
1294 64
1295 56
1296 50
1297 49
1298 47
1299 54
1300 56
1301 62
1302 45
1303 52
1304 45
1305 43
1306 42
1307 54
1308 41
1309 43
1310 48
1311 40
1312 41
1313 44
1314 39
1315 55
1316 46
1317 37
1318 35
1319 34
1320 51
1321 37
1322 36
1323 43
1324 36
1325 38
1326 34
1327 34
1328 29
1329 28
1330 41
1331 28
1332 29
1333 33
1334 27
1335 26
1336 23
1337 31
1338 24
1339 20
1340 27
1341 30
1342 24
1343 26
1344 28
1345 23
1346 32
1347 20
1348 37
1349 20
1350 32
1351 27
1352 20
1353 29
1354 21
1355 27
1356 15
1357 21
1358 11
1359 18
1360 11
1361 21
1362 15
1363 18
1364 16
1365 15
1366 16
1367 22
1368 13
1369 15
1370 19
1371 13
1372 19
1373 6
1374 13
1375 13
1376 17
1377 9
1378 18
1379 8
1380 12
1381 11
1382 10
1383 19
1384 16
1385 9
1386 21
1387 12
1388 10
1389 14
1390 8
1391 10
1392 10
1393 14
1394 13
1395 9
1396 9
1397 13
1398 5
1399 5
1400 11
1401 7
1402 6
1403 4
1404 11
1405 7
1406 9
1407 1
1408 3
1409 9
1410 6
1411 7
1412 5
1413 10
1414 5
1415 8
1416 7
1417 10
1418 6
1419 3
1420 6
1421 1
1422 6
1423 5
1424 6
1425 4
1426 7
1428 4
1429 2
1430 5
1431 4
1432 5
1433 7
1434 3
1435 5
1436 6
1437 4
1438 5
1439 8
1440 2
1441 2
1442 1
1443 2
1444 3
1445 4
1446 2
1447 2
1448 5
1449 2
1450 1
1451 1
1452 3
1453 3
1454 3
1457 1
1458 2
1459 2
1461 1
1462 1
1464 3
1465 2
1466 2
1467 1
1468 1
1471 1
1473 1
1474 2
1475 1
1476 3
1477 2
1478 1
1480 1
1481 2
1483 3
1485 1
1486 2
1487 2
1493 1
1495 2
1497 2
1500 3
1504 1
1507 1
1514 2
1515 1
1517 1
1524 1
1525 1
1531 1
1546 1
