N J h mean_R_sq err_mean_R_sq mean_R_gyr_sq err_mean_R_gyr_sq 
700 1.315 0 3781.01 68.176 594.722 8.05621
1000 6761
1001 6439
1002 6515
1003 6193
1004 5877
1005 5692
1006 5526
1007 5413
1008 5222
1009 4966
1010 5075
1011 4670
1012 4622
1013 4585
1014 4376
1015 4254
1016 4120
1017 3978
1018 3861
1019 3671
1020 3595
1021 3484
1022 3341
1023 3249
1024 3205
1025 3037
1026 3042
1027 2865
1028 2777
1029 2616
1030 2665
1031 2511
1032 2436
1033 2418
1034 2347
1035 2118
1036 2228
1037 2053
1038 2046
1039 1989
1040 1865
1041 1850
1042 1813
1043 1758
1044 1701
1045 1630
1046 1534
1047 1551
1048 1478
1049 1466
1050 1347
1051 1396
1052 1347
1053 1300
1054 1205
1055 1273
1056 1201
1057 1133
1058 1111
1059 1050
1060 1051
1061 1029
1062 989
1063 943
1064 920
1065 866
1066 858
1067 838
1068 822
1069 763
1070 723
1071 705
1072 708
1073 691
1074 676
1075 627
1076 655
1077 614
1078 591
1079 574
1080 521
1081 570
1082 511
1083 515
1084 481
1085 467
1086 400
1087 478
1088 434
1089 411
1090 415
1091 383
1092 321
1093 379
1094 342
1095 290
1096 356
1097 320
1098 310
1099 308
1100 303
1101 275
1102 277
1103 250
1104 274
1105 253
1106 235
1107 227
1108 238
1109 218
1110 205
1111 208
1112 217
1113 183
1114 161
1115 183
1116 162
1117 177
1118 152
1119 143
1120 151
1121 162
1122 136
1123 145
1124 129
1125 153
1126 122
1127 120
1128 103
1129 133
1130 115
1131 105
1132 111
1133 94
1134 99
1135 94
1136 84
1137 82
1138 90
1139 84
1140 66
1141 71
1142 80
1143 53
1144 71
1145 72
1146 62
1147 69
1148 68
1149 55
1150 48
1151 46
1152 44
1153 60
1154 52
1155 40
1156 45
1157 44
1158 47
1159 38
1160 31
1161 39
1162 43
1163 35
1164 41
1165 31
1166 27
1167 32
1168 24
1169 19
1170 35
1171 34
1172 27
1173 24
1174 17
1175 25
1176 24
1177 21
1178 23
1179 19
1180 19
1181 12
1182 20
1183 21
1184 17
1185 21
1186 15
1187 19
1188 29
1189 16
1190 15
1191 18
1192 15
1193 7
1194 10
1195 16
1196 6
1197 8
1198 12
1199 9
1200 9
1201 20
1202 10
1203 4
1204 14
1205 7
1206 12
1207 9
1208 9
1209 4
1210 13
1211 9
1212 12
1213 4
1214 6
1215 6
1216 4
1217 8
1218 4
1219 6
1220 12
1221 7
1222 6
1223 6
1224 6
1225 5
1226 4
1227 5
1228 3
1229 7
1230 4
1231 4
1232 4
1233 8
1234 5
1235 3
1236 3
1237 4
1238 8
1239 4
1240 3
1241 3
1242 2
1243 4
1244 6
1245 3
1246 1
1247 1
1248 1
1249 3
1250 3
1251 2
1252 6
1253 4
1254 2
1255 2
1256 2
1258 6
1259 2
1260 3
1261 1
1264 3
1265 3
1266 3
1267 3
1268 2
1271 1
1273 2
1274 1
1275 2
1276 2
1277 1
1278 1
1279 3
1280 1
1281 2
1282 3
1287 2
1289 1
1290 1
1291 3
1292 1
1293 2
1294 2
1295 2
1296 1
1297 2
1299 3
1301 4
1303 3
1304 1
1305 1
1306 2
1307 3
1310 2
1312 1
1313 1
1315 1
1316 1
1318 1
1319 1
1320 1
1322 1
1328 1
1329 2
1336 1
1337 2
1338 1
1340 1
1342 1
1359 1
1373 1
1426 1
1453 1
1482 1
1483 1
1485 2
1496 1
1501 1
1532 1
1655 1
1776 1
