N J h mean_R_sq err_mean_R_sq mean_R_gyr_sq err_mean_R_gyr_sq 
500 1.33 0 2157 24.3922 348.317 2.91199
1 104
5 262
9 127
13 303
17 326
25 445
29 326
37 320
41 297
45 356
49 166
53 331
61 340
65 663
73 328
81 167
85 701
89 355
97 355
101 359
109 361
113 366
117 379
121 184
125 710
137 330
145 735
149 339
153 361
157 347
169 576
173 365
181 349
185 725
193 367
197 382
205 776
221 792
225 581
229 355
233 390
241 366
245 431
257 362
261 366
265 742
269 369
277 383
281 368
289 565
293 406
305 753
313 368
317 399
325 1144
333 390
337 358
349 363
353 362
361 170
365 773
369 381
373 400
377 753
389 379
397 402
401 363
405 402
409 430
421 354
425 1160
433 372
441 211
445 748
449 372
457 378
461 409
477 361
481 719
485 740
493 764
505 758
509 403
521 369
529 215
533 762
541 370
545 797
549 394
557 403
565 756
569 385
577 346
585 751
593 391
601 370
605 354
613 418
617 409
625 931
629 743
637 358
641 391
653 339
657 382
661 373
673 395
677 343
685 721
689 716
697 747
701 370
709 370
725 1090
729 198
733 348
745 741
757 386
761 356
765 705
769 377
773 370
785 730
793 750
797 341
801 358
809 402
821 381
829 395
833 350
841 588
845 1036
853 371
857 324
865 721
873 363
877 362
881 397
901 720
905 699
909 362
925 1058
929 331
937 358
941 380
949 706
953 345
961 191
965 684
977 337
981 333
985 694
997 361
1009 374
1013 348
1017 314
1021 361
1025 1082
1033 324
1037 686
1049 320
1053 380
1061 330
1069 371
1073 697
1089 171
1093 334
1097 333
1105 1323
1109 350
1117 360
1125 680
1129 336
1145 658
1153 343
1157 673
1165 662
1181 309
1189 635
1193 309
1201 314
1205 640
1213 352
1217 342
1225 484
1229 331
1233 319
1237 306
1241 675
1249 321
1261 677
1277 329
1285 638
1289 323
1297 320
1301 337
1305 605
1313 672
1321 336
1325 1027
1341 312
1345 611
1361 323
1369 478
1373 317
1377 339
1381 344
1385 584
1405 627
1409 325
1413 295
1417 623
1421 309
1429 301
1433 321
1445 950
1453 329
1465 566
1469 612
1481 286
1489 312
1493 310
1513 631
1517 641
1521 434
1525 905
1537 598
1549 268
1553 275
1557 306
1565 620
1573 303
1585 585
1597 294
1601 298
1609 252
1613 275
1621 306
1625 1180
1629 283
1637 287
1649 630
1657 289
1665 587
1669 264
1681 406
1685 577
1693 331
1697 306
1709 324
1717 546
1721 262
1733 294
1737 258
1741 295
1745 583
1753 284
1765 563
1769 520
1773 260
1777 290
1781 495
1789 238
1801 293
1805 261
1813 287
1825 756
1845 506
1849 159
1853 522
1861 305
1865 496
1873 247
1877 267
1885 1061
1889 279
1901 248
1913 278
1921 521
1933 249
1937 498
1945 533
1949 258
1961 513
1973 253
1985 524
1989 462
1993 251
1997 235
2005 458
2009 264
2017 244
2025 362
2029 235
2041 499
2045 469
2053 251
2057 233
2061 237
2069 231
2081 243
2089 233
2097 238
2105 504
2113 233
2117 473
2125 970
2129 222
2137 213
2141 275
2153 214
2161 248
2165 495
2169 241
2173 474
2197 461
2205 255
2209 121
2213 225
2221 219
2225 688
2237 199
2245 415
2249 451
2257 462
2269 235
2273 214
2281 224
2285 410
2293 219
2297 224
2305 411
2309 219
2313 193
2329 457
2333 223
2341 207
2349 226
2353 449
2357 203
2377 212
2381 202
2385 451
2389 213
2393 220
2401 102
2405 833
2417 235
2421 197
2425 674
2437 208
2441 196
2465 806
2473 247
2477 194
2493 181
2501 401
2509 410
2521 216
2525 601
2529 205
2533 386
2545 367
2549 188
2557 209
2561 387
2581 358
2593 185
2597 182
2601 300
2605 379
2609 172
2617 190
2621 216
2633 174
2637 203
2645 194
2657 198
2665 740
2669 404
2677 176
2689 188
2693 190
2701 362
2705 372
2713 186
2725 552
2729 177
2741 177
2745 340
2749 166
2753 175
2777 197
2785 363
2789 187
2797 170
2801 189
2809 265
2813 363
2817 164
2825 538
2833 168
2837 199
2845 351
2853 170
2857 166
2861 154
2873 519
2885 380
2897 173
2909 165
2917 163
2925 490
2929 338
2941 322
2953 148
2957 205
2965 329
2969 162
2977 287
2989 163
2993 302
2997 182
3001 164
3005 306
3025 211
3029 316
3033 160
3037 161
3041 171
3049 165
3061 155
3065 302
3077 313
3085 304
3089 157
3109 145
3121 152
3125 487
3133 274
3137 158
3141 145
3145 627
3161 346
3169 142
3177 138
3181 162
3185 322
3205 307
3209 154
3217 156
3221 141
3229 130
3233 297
3249 69
3253 147
3257 123
3265 281
3277 267
3281 257
3285 273
3293 248
3301 159
3305 312
3313 133
3321 137
3329 135
3341 278
3349 255
3357 126
3361 131
3365 270
3373 135
3385 260
3389 128
3393 246
3413 144
3425 392
3433 127
3445 490
3449 120
3457 150
3461 119
3469 113
3481 61
3485 482
3497 292
3501 127
3505 220
3509 152
3517 104
3529 145
3533 114
3541 113
3545 237
3557 109
3573 118
3577 110
3581 97
3589 248
3593 122
3601 248
3609 104
3613 102
3617 126
3625 438
3637 99
3645 122
3649 242
3653 249
3665 256
3673 107
3677 103
3681 120
3697 113
3701 106
3709 118
3721 161
3725 344
3733 94
3737 225
3757 327
3761 104
3769 107
3785 206
3789 133
3793 115
3797 101
3805 222
3809 236
3821 99
3825 291
3833 107
3845 223
3853 108
3865 202
3869 221
3877 109
3881 99
3889 111
3893 225
3897 105
3917 107
3925 284
3929 95
3961 197
3965 401
3969 38
3973 198
3977 199
3985 206
3989 85
4001 86
4005 188
4013 90
4021 101
4033 194
4041 91
4045 205
4049 103
4057 99
4069 175
4073 101
4093 72
4097 177
4105 189
4113 108
4121 185
4129 91
4133 91
4141 178
4145 182
4149 94
4153 86
4157 104
4165 205
4177 79
4181 173
4201 94
4205 257
4217 79
4225 389
4229 86
4241 86
4253 82
4261 82
4265 166
4273 95
4285 178
4289 75
4293 98
4297 80
4321 186
4325 275
4329 166
4337 94
4349 90
4357 78
4361 71
4365 151
4369 139
4373 66
4381 163
4385 131
4397 69
4405 138
4409 83
4421 71
4437 141
4441 84
4453 145
4457 73
4469 153
4477 71
4481 69
4489 42
4493 62
4505 310
4513 68
4517 84
4525 221
4537 160
4545 137
4549 72
4553 131
4561 65
4573 156
4581 53
4589 140
4597 75
4621 71
4625 273
4633 127
4637 78
4645 132
4649 72
4657 53
4673 56
4685 136
4689 66
4693 71
4705 148
4709 131
4717 123
4721 70
4729 72
4733 61
4745 242
4753 76
4761 26
4765 136
4777 124
4789 73
4793 53
4797 129
4801 51
4805 64
4813 66
4817 77
4825 174
4849 104
4861 79
4869 72
4877 61
4885 115
4889 58
4901 163
4905 113
4909 57
4913 143
4925 182
4933 43
4937 58
4941 55
4949 51
4957 57
4961 72
4969 64
4973 44
4981 103
4985 118
4993 62
5009 48
5013 61
5017 108
5021 68
5041 38
5045 104
5057 140
5065 120
5069 112
5077 52
5081 49
5085 108
5101 61
5105 106
5113 46
5121 50
5125 221
5141 104
5153 54
5161 95
5165 101
5185 238
5189 36
5193 49
5197 50
5209 59
5213 121
5233 47
5237 62
5245 89
5249 93
5261 60
5265 82
5273 51
5281 50
5297 43
5305 96
5309 49
5317 91
5321 98
5329 89
5333 53
5337 46
5341 44
5345 110
5353 98
5365 186
5381 37
5389 85
5393 42
5409 41
5413 37
5417 37
5429 95
5437 43
5441 45
5445 36
5449 39
5465 87
5473 72
5477 37
5485 79
5501 38
5513 82
5517 35
5521 42
5525 259
5537 57
5545 75
5553 42
5557 40
5569 38
5573 45
5581 39
5585 88
5597 85
5617 73
5625 97
5629 73
5641 34
5645 89
5653 37
5657 42
5661 64
5669 37
5689 49
5693 31
5701 37
5713 90
5717 37
5725 117
5729 84
5733 43
5737 40
5741 28
5749 45
5765 66
5769 40
5777 77
5785 146
5801 38
5809 61
5813 31
5821 41
5825 107
5837 77
5849 36
5857 38
5861 50
5869 48
5877 26
5881 41
5897 31
5905 70
5913 36
5917 55
5929 21
5933 64
5941 51
5945 138
5949 32
5953 24
5965 59
5981 42
5989 65
5993 67
6001 63
6005 67
6025 90
6029 22
6037 43
6053 36
6057 31
6065 70
6073 30
6085 53
6089 24
6093 36
6101 28
6109 48
6113 43
6121 31
6125 73
6133 31
6137 29
6145 54
6161 48
6165 52
6173 35
6185 76
6197 24
6201 53
6205 110
6217 30
6221 35
6229 24
6241 21
6245 50
6253 78
6257 25
6269 25
6273 52
6277 24
6301 27
6305 99
6309 25
6317 30
6329 19
6337 19
6341 46
6353 29
6361 33
6373 23
6381 28
6385 49
6389 25
6397 28
6401 36
6409 93
6413 26
6421 25
6425 75
6437 56
6445 50
6449 26
6469 19
6473 16
6481 21
6485 41
6497 43
6505 40
6521 30
6525 70
6529 20
6553 20
6561 8
6565 90
6569 15
6577 20
6581 30
6597 20
6605 50
6613 45
6617 41
6625 94
6637 29
6641 62
6649 35
6653 17
6661 25
6673 24
6689 20
6697 38
6701 25
6705 45
6709 13
6713 20
6725 58
6733 20
6737 15
6749 44
6757 37
6761 17
6773 51
6781 26
6793 24
6805 36
6813 26
6817 42
6829 24
6833 25
6841 21
6845 65
6849 13
6857 22
6865 31
6869 17
6877 24
6885 36
6889 11
6893 43
6905 39
6917 19
6921 26
6925 55
6929 55
6949 16
6953 40
6957 11
6961 19
6977 22
6989 42
6997 19
7001 17
7013 11
7025 56
7033 39
7045 23
7057 18
7065 40
7069 28
7081 41
7085 59
7093 34
7105 34
7109 18
7121 19
7129 21
7137 36
7141 29
7145 25
7157 34
7165 28
7173 28
7177 19
7193 16
7209 13
7213 14
7225 67
7229 16
7237 15
7241 33
7253 16
7261 23
7265 34
7281 18
7289 46
7297 15
7301 7
7309 13
7321 20
7325 35
7333 10
7345 56
7349 14
7361 23
7369 15
7373 24
7381 7
7389 20
7393 16
7397 26
7405 26
7417 12
7421 26
7433 11
7445 19
7453 23
7457 13
7461 9
7465 29
7477 7
7481 17
7489 10
7497 9
7501 22
7517 19
7529 14
7537 13
7541 11
7549 13
7561 10
7565 32
7569 20
7573 15
7577 9
7585 39
7589 11
7605 31
7621 10
7625 36
7633 17
7649 13
7669 12
7673 14
7677 7
7681 11
7685 38
7693 13
7709 31
7713 12
7717 12
7741 12
7745 24
7753 14
7757 13
7765 19
7769 14
7785 16
7789 9
7793 10
7801 13
7813 19
7817 9
7825 34
7829 12
7837 18
7841 5
7853 11
7857 13
7865 18
7873 9
7877 10
7893 8
7897 17
7901 8
7913 16
7921 11
7925 30
7929 12
7933 12
7937 8
7949 10
7957 22
7969 25
7985 14
7993 13
8005 22
8009 11
8017 8
8021 20
8033 16
8045 15
8053 13
8065 20
8069 9
8077 27
8081 6
8089 9
8093 8
8101 5
8105 16
8109 18
8117 8
8125 42
8145 23
8149 10
8161 6
8177 33
8181 6
8185 20
8209 9
8221 6
8233 9
8237 4
8245 33
8249 17
8269 8
8273 11
8281 11
8285 16
8293 13
8297 9
8317 8
8321 24
8325 21
8329 6
8333 22
8345 14
8353 6
8357 22
8361 4
8369 4
8377 8
8381 27
8389 4
8405 20
8425 14
8429 7
8433 6
8461 3
8465 13
8469 4
8473 13
8477 7
8485 12
8489 17
8497 18
8501 7
8513 7
8521 10
8537 3
8541 11
8545 14
8573 4
8577 7
8581 7
8585 28
8593 17
8597 7
8605 13
8609 6
8621 13
8629 6
8633 16
8641 4
8649 1
8653 13
8665 12
8669 5
8677 4
8681 5
8685 8
8689 6
8693 5
8705 12
8713 7
8725 12
8737 7
8741 3
8749 12
8753 9
8761 7
8765 16
8793 6
8801 13
8821 7
8825 19
8829 8
8833 11
8837 4
8845 13
8849 5
8857 9
8861 8
8865 12
8869 4
8885 9
8893 4
8905 25
8917 9
8929 6
8933 6
8941 7
8945 13
8957 11
8969 6
8973 2
8989 14
8993 7
9001 4
9005 11
9013 6
9025 4
9029 5
9041 4
9049 9
9061 19
9065 10
9077 5
9081 5
9089 9
9109 3
9113 9
9117 3
9125 11
9133 1
9137 1
9153 2
9157 4
9161 4
9169 7
9173 4
9181 1
9189 5
9193 7
9197 10
9209 5
9217 3
9221 7
9225 15
9241 1
9245 2
9257 2
9265 14
9277 3
9281 5
9293 4
9297 6
9305 5
9325 16
9333 10
9337 2
9341 5
9349 8
9365 6
9377 4
9385 5
9389 9
9397 2
9409 5
9413 4
9421 5
9425 21
9433 3
9437 5
9441 4
9445 7
9457 4
9469 3
9473 7
9477 7
9497 4
9505 7
9509 7
9529 6
9533 4
9549 5
9553 6
9565 8
9577 6
9593 7
9601 3
9605 11
9613 2
9621 5
9629 1
9649 2
9653 2
9657 8
9661 1
9665 3
9673 5
9677 2
9685 13
9689 3
9697 1
9701 6
9721 2
9725 14
9733 8
9745 6
9749 2
9769 3
9773 6
9781 6
9797 6
9801 1
9805 11
9809 6
9817 3
9829 2
9833 2
9837 7
9841 2
9857 1
9865 1
9873 1
9881 4
9893 8
9925 7
9929 2
9941 1
9945 13
9949 3
9953 2
9965 3
9973 3
9981 1
9985 8
9997 3
10001 7
10009 2
10025 7
10037 2
10045 3
10049 6
10053 3
10057 1
10061 1
10069 1
10081 6
10085 3
10093 8
10121 2
10125 1
10133 2
10141 2
10145 4
10161 1
10169 2
10177 3
10181 3
10193 1
10201 5
10205 8
10217 4
10225 6
10229 4
10237 6
10249 3
10265 2
10273 2
10285 2
10289 3
10301 3
10305 7
10309 7
10313 2
10321 3
10333 2
10337 1
10345 3
10357 2
10361 4
10369 3
10377 3
10397 3
10405 2
10413 1
10421 5
10429 2
10433 3
10445 4
10453 1
10469 2
10477 1
10485 2
10489 4
10501 2
10513 3
10517 5
10525 8
10537 1
10553 3
10565 7
10573 5
10585 3
10597 1
10609 2
10613 1
10625 5
10657 1
10673 2
10685 3
10693 4
10701 2
10705 3
10709 2
10729 2
10733 2
10737 3
10753 2
10765 5
10769 1
10777 1
10781 4
10805 2
10809 3
10817 2
10825 5
10829 2
10841 2
10845 4
10865 4
10877 1
10897 1
10909 1
10917 1
10933 2
10937 2
10949 1
10953 1
10957 2
10961 6
10973 3
10985 4
10993 1
11009 2
11025 4
11029 1
11041 1
11045 1
11057 2
11065 2
11069 2
11089 1
11093 1
11097 1
11101 1
11105 4
11113 2
11125 8
11133 1
11141 7
11149 1
11161 2
11169 3
11177 2
11185 4
11225 3
11237 1
11241 2
11245 1
11261 1
11273 3
11281 1
11285 2
11329 1
11349 1
11353 1
11357 1
11393 1
11401 2
11405 5
11413 7
11417 1
11425 3
11437 1
11441 3
11453 1
11465 3
11485 2
11521 2
11525 3
11545 3
11565 2
11581 1
11617 1
11621 1
11629 2
11633 1
11645 2
11657 1
11665 2
11681 1
11689 2
11701 1
11705 4
11709 3
11713 6
11737 3
11745 1
11765 4
11773 2
11785 2
11789 1
11801 1
11809 1
11817 1
11821 2
11833 2
11849 2
11861 3
11881 3
11885 1
11889 1
11905 2
11917 3
11925 3
11945 1
11953 1
11965 4
11969 1
11981 1
12013 1
12017 1
12025 2
12037 2
12049 1
12053 2
12069 1
12073 1
12085 1
12105 1
12113 2
12125 1
12161 1
12181 2
12185 1
12205 2
12209 3
12221 1
12241 1
12249 1
12301 2
12317 2
12325 5
12337 3
12349 1
12365 1
12373 2
12377 1
12385 1
12389 1
12393 2
12433 1
12437 1
12469 4
12505 2
12541 1
12545 2
12553 1
12557 2
12577 2
12605 2
12625 1
12629 1
12645 1
12665 3
12697 1
12725 2
12757 1
12785 1
12789 1
12805 2
12809 3
12861 1
12893 1
12905 1
12917 1
12937 3
12961 2
12965 1
12973 1
13021 2
13025 1
13061 1
13085 1
13169 1
13185 3
13217 1
13225 1
13253 1
13261 2
13289 1
13297 1
13309 2
13313 1
13325 3
13369 2
13381 1
13397 1
13429 1
13513 1
13565 1
13617 1
13621 1
13625 1
13653 1
13725 2
13745 1
13765 1
13781 1
13793 1
13801 1
13817 1
13925 1
14057 1
14065 2
14089 1
14093 1
14125 1
14157 1
14225 1
14257 1
14297 1
14373 2
14437 1
14453 2
14545 1
14585 1
14593 1
14625 1
14701 1
14821 1
14837 1
14845 1
15013 1
15229 1
15353 1
15457 1
15473 1
15497 1
15581 1
15733 1
15845 2
16913 1
17161 1
17341 1
17593 1
18245 1
18901 1
19485 1
22045 1
23105 1
24349 1
25937 1
26633 1
29593 1
