N J h mean_R_sq err_mean_R_sq mean_R_gyr_sq err_mean_R_gyr_sq 
700 1.33 0 3289.41 72.3928 530.217 8.88182
1 64
5 146
9 91
13 199
17 199
25 259
29 167
37 189
41 184
45 235
49 104
53 227
61 202
65 388
73 197
81 107
85 441
89 205
97 205
101 212
109 213
113 185
117 211
121 113
125 434
137 220
145 436
149 219
153 228
157 235
169 334
173 235
181 250
185 465
193 246
197 227
205 462
221 482
225 338
229 253
233 239
241 240
245 230
257 221
261 236
265 449
269 244
277 225
281 249
289 341
293 232
305 507
313 235
317 239
325 705
333 234
337 224
349 252
353 221
361 117
365 463
369 229
373 233
377 468
389 233
397 242
401 243
405 236
409 254
421 243
425 688
433 256
441 128
445 479
449 251
457 235
461 245
477 272
481 477
485 480
493 483
505 494
509 257
521 254
529 125
533 490
541 245
545 470
549 235
557 227
565 499
569 229
577 232
585 504
593 228
601 212
605 243
613 268
617 216
625 599
629 466
637 241
641 236
653 239
657 225
661 247
673 231
677 266
685 508
689 501
697 497
701 249
709 228
725 723
729 119
733 251
745 477
757 239
761 246
765 463
769 244
773 246
785 489
793 465
797 233
801 245
809 213
821 246
829 242
833 236
841 376
845 722
853 254
857 240
865 466
873 227
877 220
881 244
901 476
905 459
909 249
925 702
929 241
937 236
941 248
949 493
953 242
961 102
965 455
977 217
981 245
985 494
997 244
1009 249
1013 243
1017 255
1021 233
1025 699
1033 227
1037 449
1049 223
1053 235
1061 224
1069 220
1073 463
1089 107
1093 228
1097 255
1105 959
1109 223
1117 251
1125 453
1129 211
1145 458
1153 210
1157 420
1165 449
1181 231
1189 463
1193 235
1201 261
1205 462
1213 242
1217 230
1225 349
1229 227
1233 243
1237 239
1241 471
1249 219
1261 435
1277 216
1285 458
1289 198
1297 214
1301 228
1305 470
1313 478
1321 223
1325 665
1341 229
1345 436
1361 206
1369 305
1373 233
1377 225
1381 230
1385 413
1405 452
1409 213
1413 225
1417 463
1421 199
1429 235
1433 188
1445 628
1453 253
1465 454
1469 461
1481 215
1489 214
1493 221
1513 425
1517 476
1521 334
1525 644
1537 405
1549 214
1553 255
1557 217
1565 449
1573 216
1585 425
1597 231
1601 229
1609 200
1613 221
1621 223
1625 800
1629 230
1637 209
1649 465
1657 196
1665 420
1669 225
1681 326
1685 418
1693 211
1697 194
1709 201
1717 407
1721 210
1733 239
1737 213
1741 211
1745 426
1753 220
1765 413
1769 455
1773 192
1777 207
1781 434
1789 189
1801 213
1805 181
1813 197
1825 620
1845 399
1849 98
1853 391
1861 226
1865 427
1873 194
1877 203
1885 790
1889 188
1901 211
1913 191
1921 407
1933 198
1937 414
1945 407
1949 210
1961 400
1973 185
1985 408
1989 371
1993 201
1997 180
2005 427
2009 231
2017 171
2025 324
2029 227
2041 403
2045 388
2053 175
2057 192
2061 187
2069 176
2081 223
2089 188
2097 186
2105 439
2113 204
2117 397
2125 743
2129 201
2137 169
2141 183
2153 161
2161 192
2165 377
2169 189
2173 350
2197 419
2205 201
2209 108
2213 180
2221 192
2225 575
2237 187
2245 400
2249 385
2257 379
2269 184
2273 193
2281 196
2285 377
2293 209
2297 181
2305 344
2309 187
2313 189
2329 412
2333 191
2341 186
2349 173
2353 360
2357 187
2377 175
2381 191
2385 337
2389 163
2393 178
2401 99
2405 763
2417 162
2421 194
2425 520
2437 169
2441 189
2465 729
2473 193
2477 191
2493 183
2501 330
2509 362
2521 199
2525 541
2529 162
2533 343
2545 338
2549 196
2557 157
2561 321
2581 344
2593 167
2597 174
2601 287
2605 350
2609 172
2617 182
2621 179
2633 161
2637 174
2645 184
2657 177
2665 694
2669 316
2677 171
2689 182
2693 164
2701 339
2705 344
2713 145
2725 509
2729 180
2741 192
2745 329
2749 150
2753 184
2777 182
2785 341
2789 159
2797 169
2801 151
2809 235
2813 350
2817 177
2825 478
2833 155
2837 186
2845 345
2853 169
2857 148
2861 160
2873 486
2885 338
2897 153
2909 166
2917 172
2925 483
2929 279
2941 321
2953 160
2957 179
2965 370
2969 159
2977 327
2989 169
2993 310
2997 159
3001 171
3005 319
3025 202
3029 376
3033 173
3037 144
3041 163
3049 157
3061 140
3065 288
3077 312
3085 311
3089 158
3109 136
3121 167
3125 455
3133 306
3137 122
3141 144
3145 608
3161 298
3169 144
3177 172
3181 182
3185 280
3205 307
3209 148
3217 115
3221 133
3229 136
3233 267
3249 70
3253 144
3257 157
3265 289
3277 282
3281 294
3285 304
3293 302
3301 129
3305 266
3313 143
3321 147
3329 156
3341 266
3349 306
3357 144
3361 147
3365 270
3373 182
3385 294
3389 139
3393 319
3413 132
3425 396
3433 122
3445 529
3449 140
3457 130
3461 140
3469 137
3481 72
3485 590
3497 271
3501 134
3505 299
3509 135
3517 151
3529 147
3533 114
3541 154
3545 284
3557 145
3573 123
3577 140
3581 127
3589 291
3593 138
3601 260
3609 130
3613 135
3617 148
3625 550
3637 120
3645 135
3649 263
3653 276
3665 265
3673 136
3677 121
3681 116
3697 138
3701 125
3709 129
3721 204
3725 339
3733 145
3737 230
3757 393
3761 120
3769 145
3785 263
3789 148
3793 130
3797 107
3805 265
3809 296
3821 118
3825 372
3833 117
3845 246
3853 121
3865 252
3869 236
3877 133
3881 111
3889 137
3893 237
3897 130
3917 125
3925 374
3929 116
3961 241
3965 502
3969 55
3973 245
3977 231
3985 241
3989 126
4001 141
4005 273
4013 117
4021 139
4033 240
4041 112
4045 235
4049 118
4057 122
4069 216
4073 123
4093 108
4097 230
4105 244
4113 123
4121 259
4129 113
4133 96
4141 261
4145 207
4149 127
4153 124
4157 122
4165 226
4177 110
4181 218
4201 127
4205 332
4217 97
4225 515
4229 101
4241 95
4253 106
4261 116
4265 251
4273 125
4285 217
4289 120
4293 96
4297 109
4321 227
4325 335
4329 230
4337 116
4349 90
4357 106
4361 93
4365 180
4369 206
4373 110
4381 220
4385 233
4397 103
4405 212
4409 117
4421 114
4437 201
4441 121
4453 220
4457 131
4469 211
4477 105
4481 109
4489 57
4493 107
4505 393
4513 100
4517 104
4525 283
4537 222
4545 201
4549 126
4553 184
4561 84
4573 186
4581 105
4589 188
4597 90
4621 85
4625 359
4633 200
4637 102
4645 190
4649 102
4657 93
4673 96
4685 216
4689 77
4693 92
4705 175
4709 192
4717 210
4721 111
4729 103
4733 99
4745 371
4753 98
4761 40
4765 192
4777 180
4789 98
4793 86
4797 185
4801 102
4805 102
4813 100
4817 93
4825 279
4849 199
4861 88
4869 98
4877 80
4885 181
4889 88
4901 273
4905 187
4909 89
4913 176
4925 275
4933 91
4937 102
4941 88
4949 81
4957 96
4961 94
4969 79
4973 88
4981 191
4985 182
4993 95
5009 86
5013 99
5017 167
5021 92
5041 52
5045 172
5057 173
5065 185
5069 174
5077 88
5081 83
5085 201
5101 84
5105 153
5113 95
5121 76
5125 350
5141 181
5153 89
5161 155
5165 176
5185 331
5189 96
5193 63
5197 85
5209 90
5213 150
5233 92
5237 83
5245 159
5249 157
5261 83
5265 183
5273 93
5281 99
5297 80
5305 150
5309 82
5317 164
5321 155
5329 115
5333 78
5337 72
5341 71
5345 155
5353 158
5365 305
5381 81
5389 158
5393 99
5409 77
5413 67
5417 79
5429 158
5437 77
5441 72
5445 75
5449 61
5465 148
5473 146
5477 60
5485 161
5501 78
5513 123
5517 61
5521 91
5525 433
5537 98
5545 157
5553 70
5557 74
5569 82
5573 67
5581 85
5585 138
5597 129
5617 153
5625 180
5629 120
5641 69
5645 147
5653 80
5657 58
5661 126
5669 79
5689 78
5693 74
5701 61
5713 124
5717 63
5725 200
5729 132
5733 76
5737 56
5741 89
5749 76
5765 149
5769 55
5777 131
5785 279
5801 79
5809 137
5813 83
5821 70
5825 191
5837 131
5849 63
5857 79
5861 70
5869 46
5877 56
5881 65
5897 69
5905 111
5913 53
5917 115
5929 49
5933 139
5941 138
5945 257
5949 58
5953 48
5965 134
5981 55
5989 129
5993 128
6001 102
6005 128
6025 188
6029 51
6037 60
6053 60
6057 67
6065 142
6073 69
6085 128
6089 56
6093 76
6101 56
6109 120
6113 61
6121 69
6125 122
6133 69
6137 65
6145 128
6161 105
6165 114
6173 49
6185 144
6197 57
6201 114
6205 217
6217 63
6221 57
6229 64
6241 29
6245 91
6253 194
6257 75
6269 68
6273 95
6277 59
6301 54
6305 239
6309 67
6317 55
6329 58
6337 46
6341 100
6353 41
6361 62
6373 57
6381 54
6385 119
6389 49
6397 75
6401 100
6409 224
6413 55
6421 55
6425 168
6437 90
6445 124
6449 52
6469 62
6473 60
6481 49
6485 106
6497 117
6505 104
6521 63
6525 151
6529 51
6553 56
6561 29
6565 202
6569 54
6577 47
6581 51
6597 54
6605 111
6613 102
6617 100
6625 180
6637 37
6641 103
6649 100
6653 61
6661 48
6673 44
6689 44
6697 93
6701 42
6705 116
6709 59
6713 50
6725 151
6733 54
6737 56
6749 80
6757 103
6761 59
6773 107
6781 50
6793 38
6805 120
6813 48
6817 103
6829 46
6833 61
6841 49
6845 163
6849 32
6857 56
6865 77
6869 34
6877 44
6885 88
6889 23
6893 91
6905 92
6917 52
6921 42
6925 130
6929 118
6949 41
6953 120
6957 38
6961 49
6977 46
6989 98
6997 46
7001 59
7013 44
7025 130
7033 99
7045 84
7057 45
7065 93
7069 38
7081 78
7085 174
7093 87
7105 74
7109 35
7121 47
7129 49
7137 89
7141 77
7145 79
7157 73
7165 81
7173 30
7177 49
7193 46
7209 31
7213 41
7225 177
7229 44
7237 50
7241 82
7253 47
7261 76
7265 85
7281 29
7289 77
7297 36
7301 36
7309 40
7321 40
7325 117
7333 35
7345 165
7349 41
7361 76
7369 35
7373 86
7381 44
7389 35
7393 33
7397 73
7405 81
7417 43
7421 73
7433 27
7445 70
7453 64
7457 32
7461 36
7465 67
7477 36
7481 44
7489 37
7497 45
7501 71
7517 40
7529 35
7537 44
7541 39
7549 36
7561 37
7565 124
7569 50
7573 45
7577 33
7585 162
7589 27
7605 103
7621 29
7625 109
7633 89
7649 34
7669 29
7673 52
7677 37
7681 37
7685 135
7693 24
7709 61
7713 29
7717 40
7741 35
7745 62
7753 39
7757 27
7765 65
7769 73
7785 67
7789 30
7793 27
7801 69
7813 72
7817 27
7825 105
7829 30
7837 62
7841 35
7853 34
7857 23
7865 60
7873 38
7877 27
7893 34
7897 66
7901 26
7913 71
7921 62
7925 100
7929 32
7933 16
7937 31
7949 33
7957 58
7969 62
7985 57
7993 29
8005 74
8009 30
8017 39
8021 69
8033 59
8045 48
8053 39
8065 72
8069 32
8077 56
8081 28
8089 27
8093 42
8101 25
8105 57
8109 62
8117 34
8125 147
8145 59
8149 57
8161 27
8177 124
8181 26
8185 51
8209 33
8221 29
8233 30
8237 31
8245 115
8249 59
8269 35
8273 27
8281 44
8285 38
8293 23
8297 24
8317 30
8321 42
8325 62
8329 19
8333 38
8345 45
8353 29
8357 56
8361 14
8369 26
8377 22
8381 80
8389 28
8405 83
8425 86
8429 25
8433 27
8461 25
8465 66
8469 27
8473 55
8477 23
8485 45
8489 59
8497 50
8501 12
8513 22
8521 31
8537 27
8541 55
8545 47
8573 26
8577 26
8581 28
8585 87
8593 53
8597 38
8605 63
8609 21
8621 44
8629 27
8633 50
8641 30
8649 7
8653 44
8665 39
8669 28
8677 17
8681 25
8685 62
8689 27
8693 25
8705 46
8713 33
8725 77
8737 30
8741 25
8749 55
8753 18
8761 30
8765 52
8793 26
8801 40
8821 25
8825 75
8829 20
8833 24
8837 23
8845 90
8849 29
8857 38
8861 16
8865 38
8869 26
8885 34
8893 25
8905 84
8917 46
8929 28
8933 23
8941 29
8945 46
8957 58
8969 27
8973 26
8989 39
8993 18
9001 22
9005 43
9013 15
9025 31
9029 20
9041 23
9049 21
9061 62
9065 37
9077 51
9081 26
9089 40
9109 12
9113 41
9117 19
9125 80
9133 16
9137 24
9153 11
9157 16
9161 16
9169 38
9173 21
9181 21
9189 22
9193 48
9197 38
9209 24
9217 44
9221 19
9225 58
9241 20
9245 22
9257 11
9265 91
9277 17
9281 19
9293 20
9297 23
9305 39
9325 58
9333 37
9337 23
9341 13
9349 20
9365 31
9377 15
9385 34
9389 26
9397 19
9409 24
9413 19
9421 24
9425 98
9433 21
9437 20
9441 14
9445 29
9457 12
9461 18
9469 39
9473 16
9477 14
9497 15
9505 44
9509 39
9521 22
9529 32
9533 16
9549 17
9553 39
9565 32
9577 31
9593 32
9601 19
9605 62
9613 15
9621 14
9629 24
9649 18
9653 7
9657 36
9661 17
9665 39
9673 25
9677 23
9685 74
9689 15
9697 18
9701 36
9721 15
9725 41
9733 10
9745 29
9749 16
9769 15
9773 23
9781 20
9797 22
9801 4
9805 60
9809 36
9817 16
9829 12
9833 16
9837 16
9841 25
9857 19
9865 32
9873 16
9881 27
9893 31
9901 14
9925 47
9929 14
9941 18
9945 67
9949 6
9953 29
9965 32
9973 12
9981 14
9985 17
9997 31
10001 28
10009 11
10025 28
10037 7
10045 30
10049 21
10053 20
10057 35
10061 19
10069 14
10081 18
10085 20
10093 16
10121 29
10125 22
10133 16
10141 13
10145 26
10161 11
10169 12
10177 13
10181 14
10193 6
10201 15
10205 38
10217 28
10225 46
10229 23
10237 25
10249 23
10253 8
10265 28
10273 7
10285 26
10289 14
10301 16
10305 23
10309 42
10313 16
10321 10
10333 11
10337 8
10345 18
10357 6
10361 12
10369 11
10377 12
10397 17
10405 24
10413 20
10421 30
10429 16
10433 16
10441 18
10445 25
10453 12
10457 17
10469 8
10477 7
10485 22
10489 25
10501 12
10513 15
10517 20
10525 27
10529 6
10537 16
10553 20
10565 28
10573 13
10585 52
10589 10
10597 11
10601 7
10609 8
10613 12
10625 44
10629 8
10645 29
10657 14
10673 19
10685 17
10693 30
10701 19
10705 16
10709 9
10729 14
10733 13
10737 11
10753 8
10765 16
10769 9
10777 25
10781 15
10789 6
10805 18
10809 11
10817 27
10825 15
10829 16
10837 16
10841 25
10845 21
10853 11
10861 10
10865 30
10877 21
10889 3
10897 21
10909 10
10917 6
10933 27
10937 10
10949 10
10953 8
10957 10
10961 23
10973 9
10985 42
10993 7
11009 20
11025 8
11029 19
11041 19
11045 6
11057 8
11061 8
11065 9
11069 5
11089 17
11093 8
11097 9
11101 22
11105 13
11113 7
11117 5
11125 32
11133 13
11141 24
11149 8
11161 10
11169 17
11173 5
11177 10
11185 19
11197 8
11213 6
11221 10
11225 23
11237 17
11241 13
11245 29
11257 8
11261 12
11273 8
11281 14
11285 24
11317 6
11321 6
11329 6
11345 16
11349 20
11353 3
11357 21
11365 14
11369 7
11393 11
11401 16
11405 16
11413 17
11417 9
11425 22
11437 10
11441 14
11453 16
11461 12
11465 13
11485 10
11489 6
11493 6
11497 4
11509 5
11513 12
11521 22
11525 29
11545 19
11549 8
11565 13
11581 15
11593 5
11597 13
11601 8
11617 9
11621 3
11629 17
11633 6
11645 28
11657 9
11665 11
11673 7
11677 6
11681 3
11689 18
11701 4
11705 18
11709 7
11713 29
11717 7
11729 15
11737 4
11745 10
11765 23
11773 11
11777 9
11785 16
11789 3
11801 9
11809 12
11813 3
11817 20
11833 12
11849 22
11861 10
11881 7
11885 11
11889 9
11897 11
11905 12
11909 9
11917 15
11925 22
11933 7
11941 5
11945 17
11953 4
11965 9
11969 7
11981 3
12005 5
12013 8
12017 12
12025 33
12037 4
12041 2
12049 4
12053 12
12069 4
12073 6
12077 8
12085 17
12097 3
12101 4
12105 11
12109 11
12113 6
12125 23
12137 8
12149 5
12157 6
12161 3
12181 19
12185 6
12193 10
12197 4
12205 9
12209 20
12221 8
12233 11
12241 3
12249 3
12253 3
12269 5
12277 4
12281 2
12289 5
12301 3
12317 9
12321 11
12325 27
12329 3
12337 14
12349 13
12357 10
12365 13
12373 4
12377 4
12385 13
12389 7
12393 4
12401 5
12409 5
12413 5
12421 10
12429 6
12433 4
12437 3
12457 6
12461 13
12465 10
12469 7
12473 3
12493 10
12497 3
12505 14
12517 4
12541 3
12545 17
12553 7
12557 8
12569 9
12577 7
12589 5
12593 6
12601 6
12605 5
12613 3
12625 18
12629 4
12637 4
12641 3
12645 13
12653 5
12665 20
12681 3
12689 5
12697 6
12701 14
12713 3
12717 7
12721 7
12725 11
12745 8
12753 11
12757 7
12769 9
12773 8
12781 3
12785 2
12789 3
12805 18
12809 2
12821 5
12829 4
12833 10
12841 5
12853 2
12861 2
12869 11
12889 3
12893 3
12897 5
12905 16
12913 4
12917 4
12937 7
12941 1
12953 5
12961 7
12965 6
12973 4
12985 5
12997 9
13001 3
13005 13
13009 4
13021 6
13025 11
13033 5
13037 5
13045 4
13049 1
13061 4
13073 2
13077 5
13085 5
13093 1
13105 9
13109 5
13117 7
13121 4
13141 6
13165 11
13169 10
13177 3
13181 3
13185 7
13189 3
13213 7
13217 4
13221 13
13225 2
13229 7
13241 2
13249 4
13253 5
13261 3
13273 9
13285 5
13289 9
13297 3
13309 1
13313 1
13325 20
13329 3
13337 5
13345 15
13357 5
13369 4
13381 7
13385 4
13397 1
13401 2
13417 7
13421 5
13429 3
13437 3
13441 4
13445 6
13457 2
13465 8
13477 2
13481 16
13505 15
13513 3
13525 7
13537 5
13549 3
13553 4
13565 2
13573 6
13577 3
13597 4
13613 1
13617 6
13621 8
13625 9
13633 1
13637 4
13645 6
13649 3
13653 6
13669 2
13681 4
13689 3
13693 2
13697 2
13705 4
13709 1
13721 1
13725 8
13729 4
13745 8
13753 7
13757 1
13765 2
13769 1
13781 3
13789 3
13793 2
13801 6
13817 3
13833 3
13837 1
13841 3
13873 1
13877 2
13885 7
13897 6
13901 5
13913 5
13921 1
13925 7
13933 2
13941 1
13945 4
13949 14
13957 8
13969 4
13973 9
13977 2
13985 2
13997 1
14005 2
14009 2
14013 6
14029 3
14033 5
14045 5
14057 1
14065 9
14081 2
14085 2
14089 2
14093 6
14125 5
14149 2
14153 4
14157 5
14161 6
14165 4
14173 1
14177 1
14185 4
14197 3
14209 2
14213 2
14221 2
14225 7
14257 1
14261 3
14265 4
14281 2
14285 1
14293 2
14297 5
14305 4
14309 4
14357 4
14365 12
14369 4
14373 2
14381 4
14389 2
14393 2
14401 3
14409 2
14417 3
14425 5
14437 2
14449 3
14453 5
14481 6
14485 2
14489 3
14501 5
14517 1
14521 2
14533 1
14537 3
14545 8
14549 2
14557 2
14561 6
14569 6
14585 4
14589 3
14621 2
14625 4
14629 1
14633 1
14645 6
14657 2
14661 1
14669 3
14677 3
14681 4
14689 3
14705 7
14713 2
14741 4
14753 1
14761 4
14765 7
14785 5
14797 2
14821 1
14825 2
14837 4
14841 3
14845 2
14869 1
14885 5
14893 5
14909 6
14929 2
14933 1
14945 5
14965 8
14969 1
14977 5
14985 5
14989 3
15005 2
15017 3
15021 2
15025 3
15041 2
15049 1
15053 2
15061 1
15073 1
15077 1
15101 1
15109 3
15125 4
15129 1
15133 5
15137 1
15145 4
15149 2
15161 3
15165 4
15173 4
15185 5
15193 2
15205 3
15217 1
15229 3
15233 1
15237 2
15241 1
15245 5
15273 1
15277 1
15289 1
15293 3
15313 2
15317 4
15325 3
15337 2
15341 5
15353 3
15377 2
15381 2
15385 6
15397 1
15401 3
15413 2
15425 2
15445 3
15453 4
15457 4
15461 1
15473 1
15481 1
15489 1
15493 1
15497 1
15509 2
15529 1
15533 4
15545 3
15569 2
15577 4
15581 1
15597 1
15601 4
15605 3
15625 9
15633 3
15641 2
15649 1
15665 3
15669 1
15677 3
15685 2
15689 2
15705 4
15725 7
15733 1
15777 2
15793 3
15805 8
15809 1
15821 2
15845 2
15857 2
15877 1
15885 3
15901 1
15905 2
15913 3
15925 2
15929 3
15937 1
15949 1
15957 2
15977 5
15993 3
15997 1
16021 3
16025 5
16029 2
16045 4
16057 2
16061 1
16069 3
16081 2
16085 1
16097 4
16105 1
16109 2
16129 1
16133 6
16141 4
16145 3
16153 2
16165 5
16189 2
16193 1
16201 2
16209 2
16217 1
16237 3
16249 2
16253 1
16265 2
16273 1
16277 1
16285 1
16301 1
16317 2
16325 2
16333 1
16337 1
16349 2
16369 2
16385 5
16393 3
16405 4
16409 2
16417 1
16421 1
16425 3
16441 1
16465 2
16477 1
16481 1
16493 1
16501 2
16505 2
16525 2
16529 1
16553 1
16565 2
16573 1
16601 2
16605 1
16609 2
16633 1
16645 2
16657 2
16677 1
16693 1
16705 2
16729 2
16733 1
16741 2
16745 2
16749 1
16769 1
16781 3
16785 2
16801 2
16805 1
16825 1
16829 1
16837 3
16861 1
16889 3
16893 2
16901 1
16909 2
16913 1
16937 1
16945 2
16965 2
16993 1
17009 1
17033 1
17041 1
17053 1
17057 1
17065 1
17077 1
17093 2
17101 1
17113 2
17125 1
17141 1
17161 1
17173 1
17177 1
17189 1
17197 3
17209 3
17221 1
17225 5
17245 2
17257 2
17261 3
17285 1
17305 1
17317 2
17341 1
17345 1
17357 1
17377 1
17401 1
17405 1
17425 6
17429 3
17473 4
17485 4
17525 1
17545 1
17561 2
17569 1
17585 2
17593 1
17597 1
17629 2
17645 1
17649 1
17681 1
17705 3
17725 2
17741 1
17753 3
17761 1
17777 1
17785 4
17797 2
17833 1
17837 1
17849 1
17861 2
17865 1
17885 2
17893 2
17901 1
17953 1
17965 3
17981 2
18005 1
18029 1
18037 1
18041 1
18065 1
18077 1
18125 3
18149 1
18173 1
18229 3
18241 1
18245 1
18261 2
18265 1
18317 1
18325 2
18329 1
18353 1
18365 3
18369 1
18421 2
18433 2
18473 1
18497 1
18517 1
18545 4
18589 1
18605 1
18617 1
18625 2
18629 1
18685 1
18709 2
18721 1
18737 1
18749 2
18769 1
18785 3
18805 1
18853 2
18925 1
18945 1
18965 1
18985 2
19025 3
19045 3
19053 1
19069 1
19093 1
19097 2
19105 1
19141 1
19213 1
19225 2
19265 1
19289 1
19333 1
19337 1
19345 1
19357 2
19385 1
19445 1
19449 1
19457 1
19465 2
19489 1
19553 1
19625 1
19645 2
19669 2
19721 1
19793 1
19825 2
19865 1
19885 2
19889 1
19897 2
19925 1
19961 2
19993 1
20005 1
20065 1
20089 1
20137 1
20165 2
20189 1
20221 2
20225 1
20281 1
20341 1
20533 1
20561 1
20637 1
20645 3
20737 1
20761 1
20765 2
20773 2
20849 1
20857 1
20893 1
20905 1
21025 1
21029 1
21061 2
21089 1
21125 2
21281 1
21317 1
21325 1
21349 2
21365 1
21465 1
21481 1
21521 1
21589 1
21605 4
21613 1
21645 1
21677 1
21685 2
21805 1
21825 1
21845 1
21905 2
22001 1
22009 1
22045 1
22061 1
22105 1
22133 1
22157 1
22181 1
22321 1
22345 1
22385 1
22437 1
22457 1
22621 1
22669 1
22777 1
22837 1
22849 1
22905 1
22921 1
22945 1
22961 1
22985 2
22993 1
22997 3
23125 1
23189 1
23229 4
23273 2
23329 1
23365 1
23377 2
23465 1
23473 1
23497 1
23509 1
23701 1
23717 1
23725 1
23729 1
24025 1
24041 1
24061 1
24113 1
24133 1
24245 1
24337 2
24345 1
24401 1
24457 1
24701 1
24737 1
24749 1
24797 1
24853 1
24865 1
25009 1
25045 1
25049 1
25133 2
25225 1
25317 1
25321 1
25345 1
25381 1
25397 1
25565 1
25609 1
25649 1
25705 1
25721 1
25961 1
26317 1
26545 1
27017 1
27121 1
27605 1
28225 1
28285 1
28381 1
28565 1
28649 1
28741 1
28901 1
29341 1
30089 1
31345 1
31653 1
31805 1
33413 1
33589 1
34225 1
35221 1
37305 1
40725 1
42349 1
43749 1
44149 1
44557 1
45805 1
46549 1
46737 1
47285 1
47413 1
47645 1
49025 1
50297 1
50725 1
51565 1
52477 1
52925 1
54757 1
55325 1
59825 1
60597 1
63017 1
64517 1
