N J h mean_R_sq err_mean_R_sq mean_R_gyr_sq err_mean_R_gyr_sq 
700 1.42 0 1089.25 41.2381 238.865 5.2008
1 287
5 699
9 401
13 746
17 824
25 1288
29 884
37 825
41 871
45 863
49 431
53 855
61 831
65 1869
73 960
81 453
85 1818
89 906
97 934
101 927
109 898
113 952
117 970
121 448
125 1896
137 869
145 1849
149 909
153 910
157 880
169 1309
173 853
181 928
185 1824
193 886
197 906
205 1638
221 1712
225 1297
229 836
233 851
241 916
245 840
257 862
261 840
265 1665
269 917
277 814
281 838
289 1223
293 829
305 1617
313 798
317 811
325 2394
333 751
337 778
349 774
353 788
361 377
365 1494
369 766
373 825
377 1573
389 765
397 799
401 809
405 730
409 734
421 740
425 2238
433 726
441 389
445 1406
449 740
457 671
461 695
477 703
481 1468
485 1459
493 1406
505 1345
509 698
521 691
529 362
533 1323
541 721
545 1317
549 633
557 646
565 1274
569 631
577 661
585 1300
593 651
601 663
605 623
613 598
617 619
625 1574
629 1218
637 617
641 593
653 564
657 603
661 612
673 570
677 605
685 1183
689 1204
697 1222
701 566
709 558
725 1692
729 272
733 503
745 1090
757 576
761 533
765 1091
769 527
773 559
785 1079
793 1062
797 535
801 525
809 508
821 506
829 561
833 500
841 725
845 1468
853 510
857 500
865 994
873 518
877 501
881 480
901 974
905 906
909 484
925 1407
929 461
937 443
941 441
949 906
953 463
961 219
965 937
977 443
981 439
985 847
997 418
1009 450
1013 419
1017 441
1021 474
1025 1227
1033 430
1037 832
1049 400
1053 386
1061 392
1069 425
1073 855
1089 220
1093 433
1097 388
1105 1603
1109 387
1117 416
1125 759
1129 411
1145 742
1153 386
1157 751
1165 758
1181 388
1189 772
1193 346
1201 349
1205 664
1213 352
1217 334
1225 462
1229 337
1233 367
1237 343
1241 664
1249 327
1261 685
1277 332
1285 670
1289 365
1297 335
1301 314
1305 616
1313 624
1321 320
1325 959
1341 301
1345 598
1361 290
1369 492
1373 315
1377 321
1381 299
1385 579
1405 523
1409 297
1413 283
1417 558
1421 266
1429 277
1433 280
1445 886
1453 268
1465 514
1469 505
1481 249
1489 262
1493 258
1513 528
1517 494
1521 353
1525 773
1537 509
1549 285
1553 248
1557 228
1565 467
1573 214
1585 526
1597 231
1601 231
1609 222
1613 241
1621 251
1625 961
1629 255
1637 210
1649 443
1657 239
1665 409
1669 216
1681 367
1685 474
1693 207
1697 225
1709 219
1717 454
1721 223
1733 227
1737 227
1741 199
1745 424
1753 222
1765 412
1769 410
1773 183
1777 208
1781 353
1789 206
1801 158
1805 201
1813 163
1825 651
1845 369
1849 89
1853 349
1861 178
1865 335
1873 166
1877 201
1885 678
1889 176
1901 177
1913 178
1921 370
1933 186
1937 355
1945 326
1949 159
1961 358
1973 183
1985 357
1989 374
1993 172
1997 159
2005 333
2009 162
2017 167
2025 234
2029 146
2041 333
2045 329
2053 181
2057 145
2061 169
2069 173
2081 136
2089 160
2097 139
2105 325
2113 124
2117 282
2125 568
2129 125
2137 145
2141 147
2153 130
2161 142
2165 284
2169 163
2173 276
2197 260
2205 137
2209 61
2213 141
2221 136
2225 389
2237 124
2245 248
2249 236
2257 227
2269 116
2273 120
2281 139
2285 238
2293 122
2297 130
2305 232
2309 110
2313 108
2329 218
2333 128
2341 113
2349 110
2353 222
2357 138
2377 114
2381 120
2385 223
2389 114
2393 107
2401 50
2405 441
2417 110
2421 101
2425 307
2437 107
2441 90
2465 417
2473 88
2477 92
2493 89
2501 180
2509 186
2521 117
2525 281
2529 90
2533 194
2545 167
2549 91
2557 93
2561 184
2581 184
2593 86
2597 77
2601 118
2605 184
2609 87
2617 86
2621 90
2633 78
2637 82
2645 106
2657 86
2665 330
2669 180
2677 87
2689 88
2693 75
2701 153
2705 164
2713 85
2725 234
2729 81
2741 78
2745 131
2749 70
2753 79
2777 72
2785 139
2789 77
2797 67
2801 81
2809 112
2813 134
2817 82
2825 230
2833 60
2837 75
2845 152
2853 73
2857 65
2861 70
2873 185
2885 143
2897 60
2909 73
2917 67
2925 199
2929 104
2941 120
2953 48
2957 62
2965 128
2969 60
2977 133
2989 66
2993 122
2997 64
3001 53
3005 114
3025 99
3029 134
3033 37
3037 58
3041 51
3049 74
3061 60
3065 109
3077 104
3085 104
3089 53
3109 51
3121 58
3125 156
3133 102
3137 53
3141 45
3145 220
3161 88
3169 41
3177 52
3181 47
3185 108
3205 101
3209 53
3217 41
3221 45
3229 42
3233 100
3249 27
3253 46
3257 39
3265 106
3277 100
3281 111
3285 84
3293 92
3301 43
3305 84
3313 38
3321 41
3329 51
3341 105
3349 84
3357 54
3361 40
3365 91
3373 33
3385 78
3389 26
3393 92
3413 25
3425 113
3433 50
3445 155
3449 33
3457 30
3461 35
3469 36
3481 14
3485 140
3497 67
3501 49
3505 82
3509 47
3517 34
3529 41
3533 34
3541 34
3545 76
3557 28
3573 42
3577 46
3581 33
3589 59
3593 32
3601 64
3609 36
3613 35
3617 36
3625 126
3637 48
3645 47
3649 55
3653 62
3665 70
3673 28
3677 19
3681 25
3697 30
3701 26
3709 32
3721 49
3725 78
3733 25
3737 56
3757 68
3761 39
3769 31
3785 58
3789 25
3793 31
3797 34
3805 50
3809 70
3821 28
3825 95
3833 24
3845 38
3853 20
3865 50
3869 51
3877 28
3881 23
3889 27
3893 61
3897 37
3917 21
3925 76
3929 28
3961 53
3965 107
3969 10
3973 56
3977 37
3985 33
3989 32
4001 19
4005 44
4013 19
4021 25
4033 55
4041 16
4045 42
4049 32
4057 15
4069 54
4073 15
4093 23
4097 31
4105 37
4113 29
4121 37
4129 29
4133 24
4141 44
4145 34
4149 20
4153 19
4157 17
4165 41
4177 20
4181 46
4201 25
4205 52
4217 22
4225 89
4229 23
4241 12
4253 24
4261 14
4265 37
4273 22
4285 33
4289 13
4293 16
4297 16
4321 28
4325 52
4329 41
4337 22
4349 19
4357 22
4361 16
4365 37
4369 32
4373 18
4381 36
4385 38
4397 7
4405 25
4409 21
4421 14
4437 31
4441 17
4453 29
4457 10
4469 36
4477 15
4481 17
4489 8
4493 19
4505 57
4513 17
4517 16
4525 35
4537 32
4545 22
4549 15
4553 24
4561 11
4573 26
4581 12
4589 28
4597 13
4621 10
4625 62
4633 26
4637 19
4645 14
4649 8
4657 14
4673 14
4685 28
4689 15
4693 13
4705 17
4709 27
4717 18
4721 12
4729 16
4733 12
4745 53
4753 11
4761 3
4765 22
4777 20
4789 15
4793 10
4797 28
4801 17
4805 10
4813 9
4817 11
4825 51
4849 17
4861 10
4869 8
4877 11
4885 21
4889 11
4901 31
4905 18
4909 6
4913 21
4925 34
4933 9
4937 14
4941 14
4949 9
4957 9
4961 17
4969 13
4973 5
4981 14
4985 21
4993 16
5009 7
5013 8
5017 20
5021 11
5041 7
5045 20
5057 11
5065 23
5069 22
5077 9
5081 10
5085 17
5101 8
5105 10
5113 12
5121 10
5125 38
5141 15
5153 9
5161 22
5165 21
5185 27
5189 7
5193 6
5197 12
5209 7
5213 15
5233 8
5237 8
5245 23
5249 16
5261 9
5265 13
5273 11
5281 8
5297 13
5305 13
5309 5
5317 11
5321 22
5329 10
5333 7
5337 6
5341 11
5345 15
5353 12
5365 36
5381 10
5389 20
5393 4
5409 1
5413 12
5417 14
5429 13
5437 13
5441 3
5445 10
5449 9
5465 13
5473 9
5477 8
5485 12
5501 2
5513 7
5517 8
5521 6
5525 43
5537 9
5545 14
5553 3
5557 8
5569 8
5573 1
5581 5
5585 8
5597 12
5617 8
5625 11
5629 16
5641 6
5645 17
5653 4
5657 6
5661 9
5669 6
5689 4
5693 4
5701 3
5713 10
5717 4
5725 15
5729 7
5733 5
5737 6
5741 4
5749 7
5765 13
5769 5
5777 14
5785 20
5801 4
5809 13
5813 6
5821 4
5825 12
5837 6
5849 2
5857 5
5861 9
5869 3
5877 9
5881 8
5897 5
5905 10
5913 3
5917 11
5929 2
5933 14
5941 12
5945 19
5949 2
5953 3
5965 7
5981 3
5989 12
5993 6
6001 5
6005 8
6025 12
6029 2
6037 4
6053 3
6057 3
6065 9
6073 3
6085 14
6089 4
6093 2
6101 2
6109 16
6113 2
6121 3
6125 3
6137 6
6145 5
6161 8
6165 7
6173 7
6185 4
6197 5
6201 9
6205 10
6217 6
6221 4
6229 3
6245 6
6253 8
6257 6
6269 3
6273 10
6277 1
6301 2
6305 8
6309 1
6317 3
6329 3
6337 5
6341 3
6353 5
6361 2
6373 3
6381 5
6385 7
6389 4
6397 6
6401 7
6409 9
6413 2
6421 3
6425 8
6437 10
6445 4
6449 4
6469 5
6473 2
6481 4
6485 7
6497 5
6505 2
6521 1
6525 11
6529 3
6553 4
6565 6
6577 2
6581 4
6605 8
6613 8
6617 5
6625 8
6637 3
6641 5
6649 6
6653 5
6673 1
6689 2
6697 8
6701 5
6705 5
6709 1
6713 1
6725 9
6733 2
6737 2
6749 5
6757 3
6761 5
6773 1
6781 3
6793 3
6805 4
6813 5
6817 4
6829 4
6833 4
6841 4
6845 5
6849 2
6857 3
6865 6
6877 3
6885 5
6889 1
6893 5
6905 2
6917 6
6921 3
6925 6
6929 6
6949 2
6957 1
6961 3
6977 1
6989 4
7001 2
7013 1
7025 12
7033 3
7045 4
7057 1
7065 9
7081 5
7085 8
7093 6
7105 3
7109 2
7129 4
7137 3
7141 1
7145 3
7157 2
7165 4
7173 5
7193 1
7209 1
7213 3
7225 4
7237 2
7241 3
7253 2
7261 4
7265 2
7281 2
7289 1
7297 3
7301 1
7309 1
7321 1
7325 9
7333 1
7345 6
7349 1
7361 3
7381 3
7389 4
7393 3
7397 3
7405 1
7421 2
7445 7
7453 4
7457 1
7461 2
7465 2
7481 1
7489 3
7497 1
7501 1
7537 3
7549 1
7561 3
7565 6
7569 1
7573 1
7577 3
7585 5
7589 2
7605 4
7621 1
7625 6
7633 4
7649 2
7669 1
7677 2
7685 8
7693 1
7709 3
7741 2
7745 1
7753 1
7757 1
7765 2
7769 3
7801 2
7813 2
7817 2
7825 1
7829 2
7837 2
7853 3
7865 3
7873 1
7897 3
7901 1
7913 1
7925 6
7929 2
7933 4
7937 1
7949 4
7957 1
7969 2
7985 2
8005 3
8009 2
8017 2
8021 2
8033 2
8045 1
8053 2
8065 1
8069 1
8077 1
8093 1
8109 4
8125 1
8145 3
8149 1
8161 3
8177 3
8185 1
8209 1
8245 7
8249 3
8269 1
8281 1
8317 1
8321 1
8325 1
8333 2
8345 1
8357 1
8377 3
8389 1
8405 4
8425 3
8433 2
8465 3
8473 1
8477 2
8485 2
8497 2
8501 2
8541 3
8545 3
8573 1
8577 1
8585 1
8593 2
8597 1
8621 1
8641 2
8669 1
8677 1
8685 2
8693 2
8705 2
8713 2
8761 1
8765 1
8801 2
8825 1
8829 2
8833 1
8845 2
8857 1
8861 1
8865 2
8869 1
8885 1
8905 2
8929 2
8945 3
8957 3
8969 2
8989 1
9005 2
9025 1
9061 4
9077 2
9089 1
9109 2
9125 3
9181 1
9193 2
9197 2
9245 1
9265 2
9281 1
9293 1
9333 1
9341 1
9365 1
9409 3
9425 1
9437 1
9441 1
9457 1
9461 1
9469 2
9477 1
9497 1
9509 2
9549 2
9605 1
9629 1
9649 1
9657 1
9661 1
9665 1
9701 1
9721 1
9725 1
9773 2
9797 1
9805 1
9881 1
9925 1
9929 1
9941 1
9945 1
9949 1
9973 1
9981 2
9985 1
9997 1
10025 1
10049 1
10053 1
10069 2
10085 2
10141 1
10177 1
10217 1
10225 1
10253 1
10273 1
10285 1
10445 1
10469 1
10485 1
10489 4
10517 3
10525 1
10537 2
10585 1
10645 1
10657 1
10701 1
10829 1
10865 1
10917 1
10949 1
11009 1
11113 1
11117 1
11125 2
11161 1
11169 1
11321 1
11365 1
11461 1
11565 1
11621 1
11665 1
11713 1
11765 1
11789 1
11817 2
11905 1
11981 1
12193 1
12277 1
12365 1
12545 1
13169 1
13225 1
13289 1
13705 1
13789 1
14005 1
14681 1
14705 1
14733 1
14761 1
15877 1
20333 1
20485 1
25721 1
26905 1
28577 1
29725 1
32957 1
33553 1
33937 1
36149 1
37445 1
38425 1
39205 1
40121 1
42169 1
42949 1
43045 1
44621 1
45005 1
45877 1
46045 1
47693 1
48217 1
49985 1
50537 1
53021 1
53425 1
54325 1
55229 1
56933 1
57265 1
57721 1
59113 1
63101 1
64025 1
64565 1
68125 1
