N J h mean_R_sq err_mean_R_sq mean_R_gyr_sq err_mean_R_gyr_sq 
500 1.345 0 1837.06 19.7263 308.132 2.4792
0 2508
1 5192
2 5178
3 5102
4 5190
5 5242
6 5233
7 5183
8 5203
9 5208
10 5146
11 5108
12 5051
13 5121
14 5066
15 5124
16 5123
17 4920
18 4945
19 4857
20 4793
21 4722
22 4686
23 4474
24 4460
25 4401
26 4206
27 4342
28 4189
29 4034
30 3843
31 3833
32 3765
33 3669
34 3622
35 3420
36 3303
37 3177
38 2964
39 2992
40 2826
41 2688
42 2585
43 2415
44 2357
45 2243
46 2225
47 2014
48 1885
49 1862
50 1721
51 1556
52 1594
53 1414
54 1369
55 1291
56 1131
57 1136
58 978
59 993
60 928
61 833
62 765
63 659
64 663
65 559
66 513
67 485
68 441
69 425
70 392
71 352
72 309
73 248
74 277
75 181
76 191
77 162
78 154
79 146
80 130
81 103
82 124
83 79
84 87
85 66
86 52
87 54
88 47
89 45
90 34
91 27
92 32
93 16
94 19
95 15
96 13
97 10
98 17
99 10
100 2
101 5
102 3
103 5
104 8
105 3
106 3
107 3
110 2
112 2
113 3
114 1
115 1
116 1
117 2
118 1
120 1
122 2
123 1
124 1
125 2
128 1
130 1
131 1
132 1
141 1
146 1
