N J h mean_R_sq err_mean_R_sq mean_R_gyr_sq err_mean_R_gyr_sq 
700 1.405 0 1247.11 32.8552 262.114 4.12121
0 3246
1 6554
2 6571
3 6683
4 6692
5 6599
6 6565
7 6654
8 6702
9 6613
10 6574
11 6456
12 6266
13 6384
14 6220
15 6194
16 5937
17 5914
18 5589
19 5618
20 5310
21 5269
22 4995
23 4908
24 4749
25 4467
26 4359
27 4141
28 3968
29 3828
30 3520
31 3379
32 3300
33 3056
34 2887
35 2779
36 2625
37 2415
38 2226
39 2132
40 2013
41 1941
42 1786
43 1590
44 1524
45 1389
46 1225
47 1189
48 1134
49 968
50 888
51 866
52 831
53 698
54 655
55 576
56 569
57 500
58 423
59 392
60 328
61 327
62 279
63 277
64 292
65 205
66 213
67 179
68 158
69 144
70 120
71 133
72 108
73 92
74 89
75 76
76 68
77 59
78 40
79 52
80 27
81 31
82 30
83 26
84 23
85 15
86 19
87 12
88 14
89 13
90 7
91 5
92 4
93 5
94 2
95 5
96 3
97 6
98 3
99 6
100 10
101 3
102 2
103 4
104 5
105 3
108 1
110 1
111 1
113 2
114 1
115 2
120 1
122 1
125 2
130 1
135 1
136 1
139 1
150 1
153 1
154 1
158 1
161 3
162 1
163 1
164 2
170 1
174 1
178 1
179 1
180 1
183 2
186 3
187 1
188 2
189 2
190 2
192 2
193 3
194 1
195 1
198 3
200 1
201 3
202 1
203 1
207 2
210 1
213 2
214 1
217 1
221 1
222 1
226 1
227 1
230 1
232 1
234 1
243 1
254 1
