N J h mean_R_sq err_mean_R_sq mean_R_gyr_sq err_mean_R_gyr_sq 
500 1.435 0 692.022 10.2078 157.625 1.32854
0 4812
1 9910
2 9892
3 10055
4 9986
5 9877
6 9889
7 9772
8 9449
9 9374
10 9362
11 8939
12 8598
13 8317
14 8037
15 7680
16 7260
17 7106
18 6690
19 6385
20 5936
21 5466
22 5296
23 4920
24 4581
25 4389
26 3939
27 3654
28 3330
29 3050
30 2723
31 2538
32 2351
33 2045
34 1862
35 1657
36 1469
37 1401
38 1182
39 1146
40 962
41 820
42 759
43 645
44 568
45 516
46 452
47 372
48 339
49 304
50 250
51 187
52 188
53 154
54 142
55 119
56 101
57 76
58 79
59 51
60 44
61 39
62 42
63 31
64 14
65 19
66 12
67 16
68 11
69 10
70 11
71 9
72 9
73 6
74 3
75 4
76 2
77 7
78 3
79 2
80 2
81 2
82 2
83 5
84 2
85 3
87 4
88 2
89 4
90 4
91 1
92 3
93 1
94 1
95 2
96 1
97 1
98 1
100 1
102 1
103 1
104 2
105 2
106 1
108 2
109 1
110 1
111 1
113 1
114 3
116 2
117 1
118 1
119 2
120 1
121 1
122 1
123 2
124 3
127 2
128 2
129 1
130 1
131 3
132 1
133 2
135 1
136 1
140 1
141 2
145 1
146 1
147 1
150 1
152 1
155 1
166 1
