N J h mean_R_sq err_mean_R_sq mean_R_gyr_sq err_mean_R_gyr_sq 
700 1.375 0 1921.39 50.4989 353.672 7.03768
0 2437
1 4802
2 4877
3 4743
4 4817
5 4875
6 4778
7 4800
8 4868
9 4803
10 4837
11 4856
12 4753
13 4727
14 4755
15 4701
16 4732
17 4609
18 4564
19 4458
20 4392
21 4322
22 4104
23 4144
24 3973
25 4024
26 3860
27 3615
28 3569
29 3512
30 3391
31 3344
32 3176
33 3095
34 2962
35 2890
36 2861
37 2670
38 2567
39 2472
40 2327
41 2321
42 2267
43 2119
44 2060
45 1941
46 1884
47 1827
48 1712
49 1619
50 1562
51 1549
52 1359
53 1341
54 1277
55 1196
56 1129
57 1143
58 1047
59 937
60 970
61 884
62 780
63 774
64 726
65 635
66 587
67 576
68 516
69 460
70 445
71 419
72 395
73 343
74 303
75 275
76 251
77 214
78 233
79 197
80 196
81 164
82 153
83 156
84 122
85 106
86 109
87 80
88 83
89 66
90 65
91 51
92 64
93 56
94 52
95 43
96 40
97 23
98 25
99 18
100 21
101 10
102 19
103 13
104 10
105 16
106 11
107 7
108 5
109 6
110 8
111 6
112 3
113 4
115 1
116 1
118 1
120 1
121 1
124 1
126 1
131 2
132 1
145 1
151 1
153 1
158 1
161 2
162 1
164 2
165 2
167 1
168 1
171 2
173 1
175 1
177 1
178 2
179 1
181 1
185 1
186 1
187 1
188 1
190 1
191 1
192 1
194 2
195 1
196 1
197 1
198 1
199 3
201 1
204 1
205 1
220 1
235 1
