N J h mean_R_sq err_mean_R_sq mean_R_gyr_sq err_mean_R_gyr_sq 
500 1.435 0 692.022 10.2078 157.625 1.32854
0 4820
1 9765
2 9717
3 9696
4 9772
5 9644
6 9807
7 9582
8 9514
9 9012
10 9006
11 8751
12 8471
13 8403
14 8043
15 7739
16 7385
17 7170
18 6730
19 6392
20 6070
21 5495
22 5387
23 5182
24 4742
25 4311
26 4077
27 3764
28 3443
29 3177
30 2896
31 2524
32 2423
33 2193
34 1906
35 1777
36 1599
37 1421
38 1186
39 1078
40 964
41 888
42 786
43 651
44 587
45 519
46 485
47 394
48 342
49 275
50 245
51 218
52 189
53 161
54 130
55 135
56 114
57 105
58 91
59 70
60 58
61 58
62 38
63 39
64 21
65 27
66 17
67 24
68 14
69 11
70 11
71 6
72 18
73 8
74 5
75 6
76 2
77 7
78 2
79 1
80 2
81 2
82 1
83 1
84 1
