N J h mean_R_sq err_mean_R_sq mean_R_gyr_sq err_mean_R_gyr_sq 
500 1.39 0 1153.24 21.9455 220.157 3.04095
0 3482
1 7081
2 6952
3 7167
4 7162
5 7087
6 7255
7 6998
8 7100
9 7089
10 7003
11 7066
12 6793
13 6585
14 6481
15 6470
16 6184
17 6176
18 5928
19 5529
20 5633
21 5402
22 5024
23 5075
24 4891
25 4487
26 4359
27 4267
28 4009
29 3871
30 3622
31 3402
32 3294
33 3124
34 2941
35 2544
36 2582
37 2375
38 2197
39 2001
40 1904
41 1786
42 1665
43 1514
44 1393
45 1303
46 1184
47 1142
48 975
49 933
50 926
51 753
52 678
53 626
54 588
55 523
56 496
57 451
58 332
59 322
60 319
61 274
62 262
63 176
64 206
65 151
66 144
67 155
68 130
69 101
70 97
71 72
72 65
73 52
74 40
75 50
76 52
77 32
78 28
79 19
80 19
81 17
82 10
83 5
84 3
85 11
86 5
87 5
88 5
89 3
90 3
91 2
92 2
93 2
