N J h mean_R_sq err_mean_R_sq mean_R_gyr_sq err_mean_R_gyr_sq 
700 1.3 0 4282.13 58.2429 657.124 7.16345
0 1570
1 3153
2 3117
3 3192
4 3105
5 3085
6 3162
7 3097
8 3143
9 3158
10 3217
11 3167
12 3178
13 3201
14 3181
15 3242
16 3111
17 3244
18 3099
19 3263
20 3171
21 3113
22 3159
23 3226
24 3150
25 3089
26 3010
27 3170
28 3040
29 3032
30 2919
31 3090
32 2959
33 2937
34 2805
35 3001
36 2826
37 2836
38 2677
39 2798
40 2671
41 2754
42 2635
43 2603
44 2571
45 2581
46 2477
47 2423
48 2461
49 2392
50 2325
51 2217
52 2281
53 2242
54 2236
55 2171
56 2031
57 2103
58 1932
59 1921
60 1916
61 1744
62 1842
63 1752
64 1715
65 1644
66 1605
67 1592
68 1491
69 1421
70 1317
71 1216
72 1307
73 1199
74 1245
75 1154
76 1130
77 1048
78 1033
79 958
80 903
81 855
82 852
83 847
84 761
85 756
86 714
87 648
88 614
89 581
90 570
91 520
92 469
93 496
94 466
95 421
96 393
97 417
98 344
99 316
100 317
101 258
102 274
103 225
104 245
105 224
106 212
107 201
108 184
109 143
110 155
111 132
112 138
113 94
114 97
115 92
116 98
117 89
118 61
119 65
120 65
121 55
122 56
123 48
124 39
125 47
126 30
127 33
128 30
129 24
130 15
131 19
132 15
133 16
134 13
135 11
136 15
137 8
138 8
139 7
140 7
141 7
142 5
143 7
144 2
145 3
146 5
147 2
148 2
149 3
150 1
155 1
156 1
161 1
162 1
164 1
