500 1.3 0 2995.68 162.035 445.031 12.7165 -1.52109 0.00372058 2.31667 0.0112753 5.39393 0.0520572 0.00849907 0.00736853 0.00788418 0.00826866 0.0324195 0.00178321 0.00180384 0.000181795 6000000000 0.334528 0.00311101 0.394667 0.00185106 0.269139 0.00347032 382.236 12.7983 62.7959 1.71463 0.476789 0.0144132 
700 1.3 0 4224.32 204.154 669.075 23.6047 -1.51923 0.0032865 2.3105 0.00991742 5.36092 0.0453688 -0.0084001 0.0111721 0.000176154 0.00845091 0.0278199 0.00150832 0.00146441 0.000183951 6000000000 0.330412 0.00306817 0.398373 0.00131741 0.270134 0.0036838 570.587 22.7674 98.488 4.31113 0.460006 0.0178567 
500 1.315 0 2321.74 117.105 367.494 9.40357 -1.49313 0.00333548 2.2328 0.00992372 5.01504 0.0442169 0.0011328 0.00986459 0.000831063 0.00822463 0.0387548 0.00251619 0.0029472 0.000388572 6000000000 0.311521 0.00329725 0.394465 0.0016938 0.292479 0.00347467 307.242 9.51501 60.2518 1.9161 0.418023 0.0143667 
700 1.315 0 3821.89 174.807 584.35 16.0686 -1.48799 0.00301108 2.21673 0.00898913 4.93707 0.0402287 0.0101656 0.00924614 0.00223953 0.00774067 0.0318719 0.00184477 0.00197073 0.000233905 6000000000 0.307758 0.00252427 0.394524 0.0015334 0.296667 0.00285647 492.294 15.9747 92.056 2.72134 0.439925 0.0137805 
500 1.33 0 2056.46 130.307 335.26 12.8013 -1.4618 0.00351276 2.14057 0.0102746 4.61353 0.0442478 0.01338 0.00935808 -0.00550295 0.00920206 0.0481256 0.00266317 0.00411598 0.000457009 6000000000 0.293285 0.00302155 0.393882 0.00145897 0.311507 0.00338957 276.509 13.2845 58.751 1.4717 0.387976 0.01836 
700 1.33 0 3292.88 152.115 524.956 15.3728 -1.46114 0.0034078 2.13843 0.0099978 4.60287 0.0432741 0.00051369 0.00811655 -0.00941293 0.00794513 0.0381684 0.0025931 0.00288974 0.000393584 6000000000 0.287287 0.00271147 0.391657 0.0014512 0.320064 0.00334739 440.24 14.6859 84.716 2.48652 0.426577 0.0133697 
500 1.345 0 1977.58 104.212 318.209 8.20142 -1.44043 0.0034548 2.0783 0.00994613 4.348 0.0415059 0.00113208 0.0109904 -0.00446993 0.0124011 0.0584892 0.00375828 0.0062704 0.000645366 6000000000 0.277361 0.00279243 0.389993 0.00156908 0.331389 0.00332381 265.281 8.23264 52.9277 1.3412 0.41195 0.0135383 
700 1.345 0 2585.28 179.655 446.095 13.2301 -1.42887 0.00335434 2.04469 0.00953929 4.20521 0.0387984 -0.00421384 0.00888922 -0.0088644 0.00836521 0.0429875 0.00240337 0.00347529 0.000391314 6000000000 0.264573 0.00261811 0.389092 0.0013789 0.345446 0.00316628 372.496 13.9057 73.5988 1.77641 0.409224 0.0152856 
500 1.36 0 1528.14 77.8149 272.717 7.97598 -1.40446 0.00385299 1.97595 0.0109487 3.93186 0.0444689 0.00106461 0.0136307 0.00606566 0.0103027 0.0631624 0.00363344 0.00692407 0.000782122 6000000000 0.252535 0.00289496 0.381882 0.00220568 0.364271 0.00391317 222.676 7.9593 50.0411 1.4129 0.372192 0.0136698 
700 1.36 0 2386.24 141.565 416.832 16.3314 -1.4027 0.00372389 1.97061 0.0104142 3.90712 0.0409698 -0.00109543 0.0110193 0.00127123 0.00964682 0.0546525 0.0039222 0.00545025 0.000742695 6000000000 0.247827 0.00277343 0.381453 0.00152544 0.369831 0.00349018 343.598 15.8255 73.2336 1.92805 0.376325 0.0136801 
500 1.375 0 1306.11 70.9938 238.298 6.43445 -1.37246 0.00546234 1.8877 0.0150201 3.59382 0.0572406 -0.00235608 0.0144551 -0.0010089 0.013873 0.0815842 0.00531685 0.0117513 0.00149811 6000000000 0.235687 0.00389455 0.372347 0.00185278 0.390882 0.00486388 192.605 6.48477 45.6929 1.32017 0.351986 0.013195 
700 1.375 0 2061.57 114.734 356.899 10.525 -1.36332 0.00328429 1.86186 0.00896834 3.4905 0.033705 0.00629463 0.0113162 -0.0055623 0.0109164 0.0743847 0.00432879 0.0103363 0.00105505 6000000000 0.222351 0.00227784 0.372515 0.00181526 0.404405 0.00330316 290.982 10.7592 65.9175 1.77391 0.362658 0.0139335 
500 1.39 0 1159.9 65.2975 221.512 6.74854 -1.34795 0.00378487 1.82099 0.0102291 3.34538 0.0377283 -0.00617945 0.0136585 -0.00890222 0.012556 0.0917867 0.00452724 0.0144378 0.00128245 6000000000 0.217667 0.00272085 0.369035 0.00195052 0.412222 0.00387364 177.463 6.74851 44.0488 0.979291 0.333121 0.0133433 
700 1.39 0 1574.93 90.3741 311.513 8.95064 -1.32588 0.00330793 1.76117 0.00882402 3.12448 0.0316107 0.00932684 0.0129405 -0.000285441 0.0131567 0.0773563 0.00406092 0.0103988 0.0011475 6000000000 0.200595 0.00233755 0.358368 0.00185888 0.440308 0.00357218 249.679 9.39887 61.8343 1.30123 0.337582 0.0156965 
500 1.405 0 902.694 52.1795 191.9 4.91478 -1.31668 0.00333962 1.73701 0.00882213 3.0406 0.0310098 -0.034715 0.0155515 0.0135493 0.0135309 0.110476 0.00497969 0.0195588 0.00159224 6000000000 0.198313 0.00226687 0.358396 0.00250489 0.442243 0.00414845 150.216 4.99019 41.6836 0.757145 0.30421 0.0132712 
700 1.405 0 1338.57 73.9442 273.13 7.44116 -1.29769 0.00373943 1.68717 0.00974107 2.8679 0.0332659 -0.0085705 0.0129244 0.0206572 0.0137013 0.0995025 0.00494768 0.017238 0.00179421 6000000000 0.184643 0.00258243 0.351801 0.00208404 0.462877 0.00392241 213.243 7.54388 59.8872 1.45753 0.296542 0.0121002 
500 1.42 0 818.917 56.6674 172.652 5.33232 -1.28979 0.00388026 1.66714 0.0100662 2.80337 0.0341742 0.00458727 0.0156849 0.00393889 0.0160928 0.13218 0.00584958 0.0266115 0.00200341 6000000000 0.185806 0.00235889 0.34975 0.00243972 0.463528 0.00400912 131.806 5.12092 40.8455 0.789163 0.27003 0.0113486 
700 1.42 0 1062.31 73.5963 238.262 6.69243 -1.26889 0.0035719 1.61323 0.0090714 2.62284 0.0294671 -0.0165238 0.0178215 0.0204461 0.0146826 0.114945 0.0049764 0.0202109 0.00161118 6000000000 0.166558 0.00210909 0.338775 0.00194798 0.493978 0.00369097 183.382 6.51878 54.8802 0.997506 0.28116 0.012706 
500 1.435 0 703.979 42.4641 160.89 3.92662 -1.25802 0.00462258 1.5859 0.0116499 2.53621 0.0372628 0.00593543 0.0141916 -0.00336658 0.016393 0.153395 0.00707552 0.0354569 0.00268293 8000000000 0.167714 0.00255624 0.334797 0.00189484 0.496641 0.00393764 123.858 4.02724 37.0321 0.603614 0.280621 0.0119472 
700 1.435 0 893 46.7567 209.714 3.65763 -1.23167 0.00277291 1.51945 0.00681453 2.32362 0.0206913 -0.0104196 0.0174942 0.0168052 0.0181851 0.162176 0.0057302 0.0377433 0.00230109 8000000000 0.148542 0.001587 0.324189 0.00170333 0.526629 0.00285423 157.223 4.1133 52.4914 0.712615 0.244396 0.0107248 
500 1.45 0 641.719 43.5845 150.068 3.6597 -1.23072 0.00317439 1.51767 0.00787954 2.32159 0.0244799 0.0536857 0.0173205 -0.00588373 0.0171815 0.185352 0.00582665 0.0466805 0.00242606 8000000000 0.155578 0.0017908 0.323745 0.00185392 0.51987 0.00315463 112.726 3.51874 37.3412 0.624688 0.244102 0.0114106 
700 1.45 0 771.458 52.4256 190.615 3.63449 -1.20793 0.0028579 1.46139 0.0068511 2.14912 0.0197516 -0.00770427 0.0243947 -0.0255327 0.0193253 0.171006 0.00537859 0.0406043 0.00216903 8000000000 0.136719 0.00151316 0.313821 0.00163357 0.548936 0.00298453 138.942 4.2472 51.6727 1.11285 0.215277 0.0145281 
500 1.465 0 533.667 27.6343 136.497 2.0599 -1.20424 0.00283313 1.45281 0.00685715 2.12595 0.0202349 0.0124765 0.022428 0.0355014 0.018587 0.220222 0.0064255 0.0637496 0.00298843 8000000000 0.141906 0.00160569 0.309208 0.00190872 0.548115 0.00306347 101.137 2.20394 35.3606 0.482067 0.233598 0.00933122 
700 1.465 0 667.958 33.0438 182.533 2.24668 -1.1815 0.00241574 1.39825 0.00572005 1.96799 0.0161474 0.0521201 0.0225708 -0.0245364 0.0287133 0.20327 0.00645024 0.0557723 0.00294452 8000000000 0.126217 0.00128289 0.301298 0.00180026 0.571983 0.00271884 132.529 2.41635 50.0037 0.629207 0.212692 0.00806234 
