N J h mean_R_sq err_mean_R_sq mean_R_gyr_sq err_mean_R_gyr_sq 
3600 1.325 0 9009.21 6669.84 5951.55 5090.1
256 1
259 3
267 1
268 1
270 1
277 1
279 1
280 1
281 1
282 2
283 1
285 1
286 4
287 3
291 2
292 2
293 1
294 1
295 3
296 2
298 3
299 3
300 1
302 1
303 3
305 2
306 2
307 2
308 2
310 5
311 2
312 2
313 4
314 2
315 2
316 4
317 2
318 3
319 5
320 1
321 5
322 4
323 7
324 3
325 3
326 3
327 4
328 8
329 7
330 9
331 9
332 4
333 3
334 4
335 5
336 8
337 7
338 6
339 8
340 8
341 6
342 9
343 7
344 10
345 8
346 7
347 18
348 2
349 5
350 9
351 3
352 7
353 5
354 12
355 11
356 5
357 7
358 8
359 8
360 7
361 14
362 9
363 10
364 11
365 4
366 13
367 17
368 13
369 9
370 9
371 11
372 14
373 10
374 16
375 17
376 6
377 21
378 18
379 9
380 10
381 7
382 10
383 18
384 24
385 12
386 8
387 16
388 14
389 14
390 9
391 17
392 13
393 10
394 13
395 23
396 17
397 14
398 14
399 24
400 18
401 24
402 13
403 23
404 20
405 20
406 19
407 16
408 14
409 27
410 26
411 15
412 17
413 20
414 18
415 24
416 22
417 24
418 29
419 15
420 22
421 26
422 22
423 24
424 22
425 18
426 28
427 26
428 21
429 28
430 21
431 22
432 25
433 21
434 21
435 27
436 28
437 21
438 18
439 27
440 30
441 22
442 26
443 29
444 24
445 29
446 21
447 24
448 29
449 20
450 32
451 32
452 28
453 24
454 24
455 20
456 15
457 21
458 23
459 22
460 29
461 31
462 15
463 30
464 38
465 26
466 20
467 36
468 28
469 30
470 38
471 32
472 33
473 35
474 21
475 22
476 22
477 30
478 36
479 31
480 30
481 23
482 24
483 25
484 38
485 27
486 29
487 32
488 32
489 34
490 35
491 41
492 34
493 26
494 25
495 28
496 35
497 47
498 34
499 37
500 40
501 32
502 29
503 31
504 36
505 40
506 27
507 31
508 31
509 36
510 28
511 46
512 36
513 41
514 35
515 22
516 29
517 41
518 31
519 35
520 46
521 35
522 28
523 44
524 36
525 38
526 29
527 39
528 32
529 28
530 37
531 34
532 39
533 41
534 46
535 39
536 30
537 33
538 38
539 29
540 35
541 38
542 35
543 42
544 38
545 36
546 40
547 39
548 41
549 35
550 42
551 33
552 35
553 31
554 44
555 38
556 41
557 36
558 30
559 43
560 41
561 42
562 44
563 31
564 47
565 35
566 34
567 41
568 36
569 36
570 30
571 36
572 43
573 36
574 47
575 35
576 45
577 43
578 34
579 45
580 41
581 35
582 50
583 42
584 43
585 42
586 39
587 45
588 36
589 31
590 39
591 41
592 35
593 34
594 35
595 34
596 40
597 47
598 38
599 28
600 32
601 30
602 36
603 39
604 37
605 38
606 34
607 38
608 40
609 40
610 45
611 47
612 40
613 29
614 38
615 34
616 39
617 40
618 38
619 32
620 39
621 33
622 40
623 35
624 52
625 44
626 41
627 37
628 45
629 38
630 31
631 41
632 44
633 33
634 37
635 37
636 50
637 44
638 44
639 46
640 38
641 36
642 44
643 43
644 45
645 25
646 46
647 28
648 48
649 48
650 39
651 35
652 29
653 36
654 29
655 38
656 35
657 36
658 45
659 37
660 43
661 39
662 50
663 46
664 55
665 45
666 40
667 40
668 41
669 42
670 39
671 32
672 34
673 35
674 44
675 25
676 39
677 50
678 35
679 38
680 47
681 35
682 34
683 44
684 38
685 35
686 37
687 43
688 47
689 37
690 33
691 46
692 50
693 44
694 29
695 33
696 40
697 40
698 39
699 46
700 39
701 46
702 56
703 29
704 41
705 43
706 48
707 39
708 34
709 37
710 38
711 42
712 39
713 44
714 33
715 37
716 43
717 35
718 40
719 41
720 37
721 51
722 40
723 37
724 44
725 31
726 35
727 36
728 34
729 33
730 35
731 48
732 38
733 41
734 45
735 39
736 34
737 34
738 50
739 43
740 41
741 46
742 31
743 36
744 51
745 42
746 31
747 43
748 48
749 44
750 37
751 28
752 42
753 39
754 41
755 47
756 46
757 42
758 41
759 34
760 40
761 39
762 38
763 42
764 40
765 41
766 33
767 37
768 33
769 52
770 48
771 41
772 52
773 45
774 44
775 44
776 40
777 40
778 46
779 34
780 42
781 25
782 43
783 20
784 41
785 42
786 29
787 45
788 41
789 44
790 49
791 38
792 36
793 34
794 57
795 28
796 40
797 29
798 37
799 42
800 44
801 37
802 28
803 36
804 34
805 41
806 39
807 45
808 40
809 44
810 35
811 38
812 45
813 36
814 39
815 46
816 28
817 33
818 41
819 41
820 39
821 37
822 35
823 40
824 37
825 37
826 46
827 39
828 45
829 50
830 58
831 30
832 52
833 38
834 39
835 46
836 46
837 35
838 39
839 36
840 36
841 37
842 32
843 37
844 46
845 42
846 47
847 38
848 35
849 27
850 48
851 41
852 37
853 46
854 37
855 34
856 28
857 40
858 37
859 38
860 34
861 32
862 48
863 36
864 32
865 35
866 26
867 41
868 42
869 37
870 29
871 33
872 29
873 29
874 31
875 53
876 49
877 40
878 37
879 40
880 32
881 30
882 35
883 35
884 44
885 35
886 51
887 36
888 38
889 40
890 40
891 50
892 31
893 29
894 32
895 35
896 26
897 34
898 23
899 38
900 42
901 28
902 37
903 31
904 29
905 43
906 29
907 38
908 36
909 33
910 39
911 47
912 47
913 32
914 39
915 34
916 37
917 37
918 38
919 30
920 38
921 31
922 30
923 33
924 33
925 40
926 26
927 39
928 29
929 34
930 36
931 28
932 49
933 39
934 40
935 34
936 49
937 40
938 30
939 41
940 36
941 34
942 28
943 39
944 39
945 42
946 41
947 33
948 37
949 39
950 33
951 47
952 30
953 36
954 49
955 43
956 46
957 32
958 29
959 42
960 38
961 40
962 44
963 42
964 31
965 31
966 36
967 31
968 33
969 30
970 55
971 31
972 39
973 40
974 43
975 42
976 35
977 36
978 41
979 34
980 38
981 48
982 37
983 47
984 33
985 39
986 39
987 46
988 47
989 40
990 47
991 40
992 36
993 43
994 47
995 30
996 33
997 44
998 41
999 43
1000 40
1001 39
1002 36
1003 55
1004 29
1005 41
1006 45
1007 47
1008 38
1009 42
1010 24
1011 36
1012 42
1013 29
1014 34
1015 42
1016 42
1017 57
1018 42
1019 31
1020 30
1021 34
1022 41
1023 32
1024 38
1025 45
1026 33
1027 43
1028 38
1029 37
1030 38
1031 49
1032 30
1033 27
1034 35
1035 33
1036 44
1037 40
1038 37
1039 44
1040 35
1041 39
1042 37
1043 40
1044 35
1045 34
1046 53
1047 44
1048 30
1049 35
1050 46
1051 33
1052 33
1053 44
1054 41
1055 34
1056 35
1057 37
1058 33
1059 44
1060 45
1061 35
1062 29
1063 34
1064 49
1065 35
1066 32
1067 33
1068 35
1069 43
1070 35
1071 43
1072 42
1073 44
1074 40
1075 35
1076 38
1077 52
1078 44
1079 37
1080 32
1081 41
1082 34
1083 37
1084 42
1085 41
1086 37
1087 26
1088 43
1089 29
1090 41
1091 36
1092 32
1093 31
1094 39
1095 38
1096 45
1097 51
1098 42
1099 47
1100 44
1101 43
1102 23
1103 44
1104 40
1105 34
1106 39
1107 36
1108 31
1109 43
1110 32
1111 41
1112 41
1113 39
1114 37
1115 32
1116 43
1117 57
1118 44
1119 31
1120 47
1121 46
1122 50
1123 37
1124 34
1125 40
1126 44
1127 38
1128 37
1129 40
1130 43
1131 40
1132 38
1133 27
1134 46
1135 43
1136 39
1137 46
1138 37
1139 36
1140 32
1141 32
1142 39
1143 37
1144 41
1145 37
1146 33
1147 31
1148 35
1149 42
1150 40
1151 37
1152 32
1153 31
1154 41
1155 34
1156 40
1157 50
1158 42
1159 34
1160 38
1161 37
1162 50
1163 25
1164 39
1165 37
1166 33
1167 36
1168 34
1169 41
1170 50
1171 34
1172 39
1173 40
1174 41
1175 43
1176 37
1177 38
1178 45
1179 44
1180 30
1181 37
1182 39
1183 37
1184 37
1185 49
1186 44
1187 42
1188 47
1189 34
1190 34
1191 39
1192 24
1193 43
1194 30
1195 55
1196 32
1197 45
1198 33
1199 43
1200 41
1201 32
1202 36
1203 39
1204 34
1205 35
1206 35
1207 32
1208 49
1209 37
1210 37
1211 35
1212 54
1213 40
1214 32
1215 38
1216 31
1217 44
1218 39
1219 37
1220 36
1221 28
1222 30
1223 39
1224 49
1225 34
1226 47
1227 47
1228 43
1229 38
1230 27
1231 28
1232 35
1233 41
1234 42
1235 43
1236 38
1237 43
1238 42
1239 42
1240 45
1241 38
1242 40
1243 41
1244 56
1245 41
1246 47
1247 41
1248 40
1249 46
1250 33
1251 34
1252 33
1253 42
1254 37
1255 53
1256 39
1257 32
1258 29
1259 41
1260 40
1261 40
1262 47
1263 46
1264 28
1265 47
1266 39
1267 35
1268 32
1269 38
1270 41
1271 38
1272 38
1273 45
1274 35
1275 39
1276 42
1277 46
1278 38
1279 36
1280 42
1281 31
1282 46
1283 38
1284 39
1285 36
1286 48
1287 34
1288 45
1289 42
1290 33
1291 37
1292 31
1293 39
1294 37
1295 41
1296 30
1297 32
1298 35
1299 42
1300 42
1301 31
1302 34
1303 44
1304 37
1305 34
1306 44
1307 41
1308 38
1309 38
1310 51
1311 39
1312 34
1313 40
1314 36
1315 41
1316 43
1317 33
1318 40
1319 39
1320 34
1321 37
1322 55
1323 48
1324 32
1325 42
1326 55
1327 33
1328 51
1329 39
1330 39
1331 35
1332 49
1333 40
1334 54
1335 41
1336 37
1337 38
1338 45
1339 47
1340 38
1341 30
1342 41
1343 37
1344 40
1345 35
1346 41
1347 31
1348 36
1349 34
1350 37
1351 33
1352 43
1353 41
1354 42
1355 40
1356 34
1357 34
1358 49
1359 40
1360 43
1361 36
1362 40
1363 39
1364 36
1365 36
1366 36
1367 36
1368 47
1369 46
1370 39
1371 40
1372 47
1373 39
1374 30
1375 47
1376 33
1377 46
1378 34
1379 42
1380 38
1381 44
1382 33
1383 41
1384 47
1385 48
1386 36
1387 25
1388 41
1389 47
1390 31
1391 33
1392 46
1393 38
1394 47
1395 46
1396 42
1397 36
1398 44
1399 42
1400 44
1401 32
1402 45
1403 51
1404 37
1405 45
1406 38
1407 33
1408 47
1409 42
1410 42
1411 39
1412 37
1413 46
1414 39
1415 45
1416 41
1417 38
1418 41
1419 35
1420 44
1421 55
1422 49
1423 34
1424 31
1425 36
1426 28
1427 36
1428 38
1429 45
1430 35
1431 50
1432 36
1433 42
1434 51
1435 31
1436 46
1437 38
1438 42
1439 39
1440 39
1441 33
1442 35
1443 32
1444 41
1445 39
1446 35
1447 25
1448 37
1449 39
1450 33
1451 30
1452 37
1453 44
1454 43
1455 43
1456 36
1457 30
1458 34
1459 38
1460 31
1461 36
1462 37
1463 34
1464 33
1465 37
1466 38
1467 28
1468 35
1469 48
1470 41
1471 38
1472 28
1473 41
1474 44
1475 34
1476 41
1477 30
1478 34
1479 41
1480 40
1481 36
1482 28
1483 44
1484 26
1485 32
1486 34
1487 37
1488 37
1489 45
1490 37
1491 34
1492 24
1493 34
1494 39
1495 37
1496 32
1497 25
1498 38
1499 43
1500 28
1501 35
1502 38
1503 32
1504 29
1505 32
1506 33
1507 26
1508 32
1509 35
1510 29
1511 41
1512 41
1513 38
1514 27
1515 29
1516 28
1517 18
1518 32
1519 26
1520 29
1521 31
1522 26
1523 32
1524 25
1525 31
1526 25
1527 22
1528 35
1529 23
1530 30
1531 31
1532 29
1533 30
1534 33
1535 27
1536 31
1537 33
1538 21
1539 23
1540 31
1541 31
1542 28
1543 31
1544 28
1545 26
1546 31
1547 29
1548 19
1549 20
1550 27
1551 34
1552 33
1553 32
1554 28
1555 22
1556 23
1557 23
1558 20
1559 22
1560 15
1561 29
1562 24
1563 24
1564 22
1565 24
1566 19
1567 31
1568 34
1569 20
1570 23
1571 13
1572 19
1573 28
1574 33
1575 32
1576 23
1577 19
1578 31
1579 27
1580 19
1581 18
1582 20
1583 23
1584 15
1585 20
1586 27
1587 24
1588 24
1589 18
1590 21
1591 17
1592 15
1593 16
1594 20
1595 23
1596 16
1597 10
1598 19
1599 18
1600 24
1601 29
1602 17
1603 12
1604 19
1605 17
1606 9
1607 19
1608 17
1609 14
1610 12
1611 20
1612 15
1613 16
1614 12
1615 10
1616 11
1617 12
1618 9
1619 21
1620 15
1621 6
1622 13
1623 14
1624 16
1625 16
1626 17
1627 16
1628 15
1629 14
1630 17
1631 7
1632 7
1633 7
1634 10
1635 9
1636 5
1637 10
1638 6
1639 10
1640 8
1641 5
1642 12
1643 10
1644 9
1645 5
1646 10
1647 4
1648 9
1649 6
1650 7
1651 10
1652 3
1653 8
1654 4
1655 5
1656 8
1657 5
1658 10
1659 5
1660 6
1661 7
1662 6
1663 11
1664 5
1665 6
1666 5
1667 8
1668 5
1669 4
1670 7
1671 3
1672 4
1673 8
1674 5
1675 3
1676 3
1677 5
1678 5
1679 1
1680 4
1681 4
1682 1
1683 4
1684 5
1685 3
1686 3
1689 6
1690 1
1692 1
1694 2
1695 2
1696 1
1697 3
1698 2
1699 1
1700 2
1701 1
1702 2
1703 5
1704 1
1705 1
1707 1
1708 4
1709 2
1711 2
1712 1
1714 1
1719 1
1720 2
1726 2
1728 1
1730 1
1731 1
1735 1
1736 1
1742 1
