N J h mean_R_sq err_mean_R_sq mean_R_gyr_sq err_mean_R_gyr_sq 
1225 1.27 0 10101.4 456.035 1540.96 90.5047
685 1
718 1
719 1
723 1
724 1
728 2
737 2
740 2
741 1
743 1
744 1
745 1
747 2
748 2
752 3
756 1
757 1
758 2
762 2
763 3
764 1
766 1
767 1
768 1
769 2
772 1
773 1
774 1
775 1
777 2
778 2
779 3
780 1
781 1
782 5
783 2
784 1
785 4
786 4
787 2
788 1
789 3
790 4
791 3
792 2
793 3
794 4
795 1
796 2
797 2
798 4
800 3
801 2
802 3
803 3
804 7
805 3
806 2
807 6
808 5
809 3
810 3
811 4
812 2
813 1
814 7
815 2
816 5
817 4
818 7
819 7
820 3
821 3
822 5
823 6
824 11
825 10
826 8
827 7
828 7
829 8
830 7
831 4
832 5
833 7
834 8
835 14
836 5
837 10
838 12
839 7
840 12
841 8
842 15
843 11
844 18
845 10
846 8
847 16
848 5
849 10
850 14
851 14
852 10
853 8
854 18
855 11
856 22
857 11
858 9
859 15
860 19
861 14
862 17
863 13
864 7
865 18
866 19
867 20
868 17
869 14
870 23
871 19
872 18
873 28
874 35
875 21
876 26
877 31
878 23
879 30
880 25
881 23
882 34
883 29
884 20
885 24
886 32
887 35
888 29
889 42
890 34
891 29
892 34
893 39
894 36
895 41
896 55
897 47
898 35
899 56
900 40
901 36
902 50
903 53
904 50
905 63
906 53
907 62
908 55
909 55
910 63
911 57
912 49
913 62
914 58
915 58
916 62
917 64
918 61
919 57
920 64
921 68
922 74
923 70
924 99
925 73
926 103
927 83
928 98
929 98
930 99
931 104
932 94
933 99
934 99
935 101
936 119
937 115
938 119
939 114
940 140
941 133
942 124
943 121
944 131
945 147
946 143
947 143
948 137
949 150
950 181
951 169
952 156
953 178
954 173
955 199
956 177
957 185
958 169
959 197
960 192
961 204
962 210
963 215
964 218
965 213
966 221
967 251
968 263
969 237
970 293
971 283
972 264
973 286
974 263
975 287
976 295
977 270
978 286
979 303
980 298
981 332
982 317
983 308
984 337
985 334
986 315
987 334
988 352
989 355
990 306
991 378
992 407
993 395
994 424
995 373
996 407
997 418
998 437
999 449
1000 469
1001 450
1002 441
1003 441
1004 486
1005 496
1006 489
1007 509
1008 517
1009 517
1010 555
1011 566
1012 596
1013 556
1014 569
1015 568
1016 605
1017 593
1018 585
1019 594
1020 626
1021 649
1022 616
1023 623
1024 649
1025 620
1026 599
1027 637
1028 634
1029 690
1030 662
1031 674
1032 675
1033 690
1034 697
1035 687
1036 660
1037 687
1038 720
1039 725
1040 727
1041 718
1042 710
1043 761
1044 737
1045 740
1046 773
1047 764
1048 726
1049 731
1050 755
1051 716
1052 786
1053 757
1054 719
1055 742
1056 737
1057 811
1058 769
1059 733
1060 767
1061 788
1062 743
1063 759
1064 730
1065 764
1066 800
1067 697
1068 721
1069 761
1070 778
1071 717
1072 751
1073 781
1074 689
1075 722
1076 721
1077 730
1078 695
1079 687
1080 746
1081 695
1082 656
1083 675
1084 680
1085 651
1086 657
1087 669
1088 631
1089 613
1090 640
1091 592
1092 611
1093 573
1094 589
1095 562
1096 568
1097 565
1098 553
1099 543
1100 499
1101 498
1102 555
1103 496
1104 503
1105 505
1106 430
1107 477
1108 443
1109 431
1110 432
1111 403
1112 420
1113 391
1114 370
1115 379
1116 347
1117 357
1118 335
1119 364
1120 337
1121 309
1122 301
1123 291
1124 309
1125 288
1126 248
1127 270
1128 254
1129 231
1130 211
1131 221
1132 212
1133 215
1134 214
1135 165
1136 213
1137 179
1138 158
1139 170
1140 168
1141 163
1142 150
1143 134
1144 147
1145 139
1146 106
1147 92
1148 89
1149 94
1150 103
1151 98
1152 84
1153 92
1154 93
1155 62
1156 62
1157 74
1158 72
1159 67
1160 66
1161 52
1162 59
1163 48
1164 48
1165 54
1166 40
1167 36
1168 36
1169 30
1170 31
1171 25
1172 28
1173 27
1174 20
1175 19
1176 15
1177 20
1178 15
1179 16
1180 21
1181 14
1182 13
1183 16
1184 16
1185 6
1186 10
1187 10
1188 8
1189 6
1190 10
1191 8
1192 8
1193 4
1194 7
1195 1
1196 7
1197 6
1198 5
1199 3
1200 1
1201 4
1202 6
1203 5
1204 3
1205 6
1206 1
1207 4
1208 1
1209 5
1210 2
1211 2
1212 1
1213 3
1214 2
1215 1
1216 2
1217 1
1218 2
1219 3
1220 2
1222 2
1223 2
1224 3
1226 4
1228 2
1229 1
1231 2
1232 1
1234 3
1235 2
1237 1
1239 1
1240 2
1242 1
1243 2
1244 1
1245 1
1248 2
1249 2
1250 2
1254 1
1257 1
1260 1
1263 1
1264 1
1270 1
1271 1
1273 1
1274 2
1278 1
1279 2
1281 1
1282 1
1283 1
1286 1
1288 1
1291 1
1297 1
1300 1
1302 2
1303 1
1304 3
1306 1
1314 1
1316 2
1320 1
1338 1
1354 1
1361 1
1362 1
1370 2
1377 1
1380 1
1381 1
1388 1
1392 1
1403 2
1408 1
1410 1
1415 1
1421 1
1423 1
1425 1
1428 1
1430 1
1453 1
