N J h mean_R_sq err_mean_R_sq mean_R_gyr_sq err_mean_R_gyr_sq 
4900 1.27 0 62773.6 19366.4 12841.9 5683.61
1000 13648
1001 11277
1002 8953
1003 7333
1004 6021
1005 4947
1006 3973
1007 3341
1008 2800
1009 2280
1010 1903
1011 1617
1012 1390
1013 1037
1014 969
1015 850
1016 697
1017 663
1018 569
1019 506
1020 463
1021 416
1022 351
1023 331
1024 289
1025 284
1026 252
1027 233
1028 245
1029 227
1030 200
1031 206
1032 209
1033 180
1034 175
1035 183
1036 181
1037 179
1038 179
1039 146
1040 154
1041 165
1042 164
1043 148
1044 126
1045 127
1046 144
1047 142
1048 174
1049 138
1050 180
1051 150
1052 161
1053 144
1054 135
1055 135
1056 154
1057 142
1058 111
1059 143
1060 132
1061 125
1062 136
1063 151
1064 122
1065 102
1066 135
1067 138
1068 113
1069 136
1070 129
1071 111
1072 119
1073 133
1074 119
1075 147
1076 125
1077 105
1078 127
1079 130
1080 134
1081 109
1082 141
1083 114
1084 117
1085 128
1086 129
1087 132
1088 122
1089 107
1090 118
1091 103
1092 117
1093 89
1094 110
1095 107
1096 121
1097 123
1098 108
1099 103
1100 99
1101 105
1102 115
1103 97
1104 95
1105 104
1106 103
1107 107
1108 102
1109 84
1110 88
1111 93
1112 100
1113 96
1114 113
1115 93
1116 107
1117 99
1118 106
1119 111
1120 92
1121 102
1122 93
1123 94
1124 73
1125 84
1126 86
1127 94
1128 91
1129 97
1130 70
1131 91
1132 93
1133 82
1134 90
1135 81
1136 82
1137 78
1138 81
1139 88
1140 64
1141 78
1142 78
1143 70
1144 89
1145 58
1146 78
1147 70
1148 70
1149 79
1150 65
1151 72
1152 74
1153 56
1154 64
1155 68
1156 62
1157 63
1158 64
1159 64
1160 57
1161 70
1162 54
1163 67
1164 66
1165 70
1166 60
1167 72
1168 50
1169 69
1170 74
1171 59
1172 59
1173 60
1174 64
1175 46
1176 53
1177 49
1178 68
1179 53
1180 48
1181 48
1182 48
1183 53
1184 55
1185 47
1186 58
1187 57
1188 45
1189 52
1190 37
1191 42
1192 45
1193 46
1194 41
1195 49
1196 56
1197 55
1198 38
1199 52
1200 41
1201 45
1202 38
1203 45
1204 47
1205 45
1206 41
1207 38
1208 48
1209 52
1210 30
1211 25
1212 45
1213 41
1214 47
1215 45
1216 33
1217 46
1218 27
1219 39
1220 26
1221 41
1222 24
1223 28
1224 26
1225 35
1226 39
1227 29
1228 27
1229 31
1230 27
1231 43
1232 19
1233 28
1234 33
1235 26
1236 32
1237 31
1238 24
1239 24
1240 23
1241 29
1242 31
1243 25
1244 33
1245 18
1246 27
1247 20
1248 27
1249 19
1250 21
1251 22
1252 26
1253 19
1254 18
1255 13
1256 17
1257 14
1258 20
1259 14
1260 12
1261 19
1262 21
1263 20
1264 18
1265 18
1266 14
1267 9
1268 12
1269 17
1270 13
1271 20
1272 16
1273 27
1274 18
1275 17
1276 16
1277 14
1278 17
1279 13
1280 14
1281 10
1282 8
1283 17
1284 13
1285 13
1286 12
1287 11
1288 13
1289 11
1290 6
1291 9
1292 10
1293 6
1294 13
1295 7
1296 9
1297 13
1298 11
1299 4
1300 4
1301 8
1302 4
1303 6
1304 7
1305 8
1306 8
1307 11
1308 7
1309 7
1310 5
1311 3
1312 12
1313 8
1314 7
1315 3
1316 12
1317 3
1318 6
1319 10
1320 7
1321 7
1322 7
1323 5
1324 7
1325 3
1326 13
1327 5
1328 10
1329 4
1330 5
1331 6
1332 6
1333 4
1334 5
1335 4
1336 1
1337 4
1338 4
1339 2
1340 6
1341 5
1342 4
1343 2
1344 3
1345 7
1346 2
1347 5
1348 2
1349 2
1350 2
1351 4
1352 1
1353 2
1354 2
1355 3
1356 2
1357 1
1358 6
1359 3
1360 1
1361 3
1362 3
1363 1
1364 1
1365 2
1366 3
1367 2
1368 2
1369 2
1371 1
1374 1
1375 1
1376 3
1377 1
1378 1
1379 2
1380 3
1381 3
1383 1
1385 2
1388 1
1390 1
1393 1
1394 1
1395 1
1398 1
1401 1
1402 1
1403 1
1404 1
1405 1
1409 1
1411 1
1413 1
1429 1
1463 1
