N J h mean_R_sq err_mean_R_sq mean_R_gyr_sq err_mean_R_gyr_sq 
1600 1.285 0 13136.6 1846.16 2071.41 351.34
717 1
731 1
755 1
764 1
765 1
771 1
775 1
794 1
810 2
816 1
825 1
830 1
833 1
841 1
852 1
857 1
858 1
862 1
865 1
872 2
874 2
875 2
876 1
880 1
883 1
886 1
889 1
891 1
892 1
895 1
896 1
900 1
901 3
904 1
905 1
906 2
907 2
908 3
910 1
911 1
912 1
915 1
916 1
919 1
921 2
922 1
923 1
924 2
927 1
928 1
930 1
931 2
932 1
933 1
934 1
936 1
937 2
938 1
939 3
942 1
943 1
944 2
945 1
948 1
952 1
954 3
955 3
956 1
957 2
958 3
959 1
961 2
962 3
963 2
964 3
965 1
966 1
967 1
968 3
971 1
973 1
974 1
975 1
977 2
979 2
980 4
981 1
984 4
985 1
986 1
987 2
988 2
990 3
991 1
992 1
994 2
995 2
996 2
997 1
998 1
1000 1
1002 2
1004 2
1005 5
1006 2
1007 1
1008 2
1010 1
1012 2
1013 1
1014 2
1016 1
1017 2
1020 1
1021 1
1023 1
1025 2
1026 1
1027 2
1029 1
1030 3
1031 1
1033 2
1035 1
1036 1
1038 3
1039 1
1040 1
1041 1
1043 1
1046 1
1047 1
1048 1
1052 1
1053 1
1054 2
1055 1
1057 3
1058 2
1060 2
1061 1
1062 3
1063 3
1064 1
1067 1
1068 1
1072 2
1074 1
1076 4
1077 2
1078 1
1079 1
1081 1
1082 1
1084 2
1085 1
1087 1
1089 3
1090 1
1091 2
1092 1
1093 2
1094 1
1096 1
1099 1
1102 1
1103 1
1104 1
1107 1
1109 1
1110 1
1111 3
1116 1
1119 2
1120 3
1122 2
1123 1
1125 1
1126 1
1127 1
1128 1
1129 1
1135 1
1136 1
1146 1
1147 1
1150 1
1151 1
1152 1
1155 1
1157 1
1160 1
1163 2
1168 1
1176 1
1179 1
1181 1
1184 1
1186 1
1187 1
1191 1
1203 1
1227 1
1247 1
1260 1
