N J h mean_R_sq err_mean_R_sq mean_R_gyr_sq err_mean_R_gyr_sq 
3600 1.295 0 152384 105367 28939.6 21842.6
762 1
782 1
816 1
834 1
836 1
837 1
842 1
848 1
854 1
857 2
858 1
859 1
860 1
870 1
872 1
873 1
879 1
885 1
888 1
889 1
890 1
891 1
892 1
893 1
897 1
899 1
900 2
903 1
904 1
905 1
906 1
910 1
912 1
914 2
915 1
916 1
918 1
919 1
920 1
922 1
924 2
926 1
927 1
928 3
929 1
930 2
931 3
932 1
934 1
935 4
938 1
939 3
940 2
941 1
942 1
943 1
944 1
945 1
946 1
948 3
949 4
950 1
951 1
952 2
954 4
955 1
957 1
958 5
959 3
960 1
962 2
963 1
964 1
965 5
966 1
967 2
968 1
969 2
970 1
972 1
973 1
974 1
975 4
976 2
977 4
978 2
980 3
982 1
983 1
985 3
986 2
988 1
989 1
990 1
991 1
992 2
994 1
995 1
997 1
1000 1
1001 1
1002 1
1004 2
1006 2
1009 1
1020 1
1022 1
1032 1
1034 1
1043 2
1050 1
1054 1
1055 1
1061 1
1080 1
1087 2
1088 1
1089 1
1091 1
1095 1
1098 1
1109 1
1112 2
1116 1
1117 1
1118 1
1122 1
1126 1
1130 1
1147 1
1178 1
1191 1
1210 1
1226 1
1233 1
1239 1
1285 1
1324 1
1326 1
1345 1
