N J h mean_R_sq err_mean_R_sq mean_R_gyr_sq err_mean_R_gyr_sq 
1225 1.26 0 10957.3 470.819 1694.64 116.287
732 1
788 1
795 1
796 1
810 1
811 1
821 1
822 1
823 1
825 1
829 2
830 3
831 2
835 1
836 1
840 1
848 3
849 3
850 2
851 1
855 2
857 1
860 2
861 3
863 1
865 1
866 3
867 4
868 2
869 1
870 2
871 1
872 1
873 2
875 2
876 1
877 5
878 1
879 1
880 3
881 4
884 1
886 1
887 1
888 1
889 5
890 3
891 2
892 4
893 1
894 1
895 1
896 5
897 1
898 7
899 4
900 5
901 1
902 3
903 1
904 3
905 4
906 4
907 4
908 2
909 6
910 4
911 14
912 5
913 9
914 8
915 8
916 13
917 8
918 8
919 9
920 9
921 6
922 8
923 9
924 14
925 11
926 14
927 5
928 10
929 15
930 15
931 20
932 15
933 13
934 16
935 22
936 9
937 15
938 19
939 15
940 27
941 26
942 16
943 23
944 21
945 21
946 15
947 21
948 28
949 24
950 31
951 23
952 36
953 27
954 36
955 38
956 40
957 32
958 36
959 45
960 39
961 41
962 42
963 32
964 35
965 47
966 46
967 46
968 47
969 53
970 45
971 52
972 65
973 69
974 52
975 55
976 70
977 60
978 86
979 88
980 73
981 77
982 68
983 78
984 85
985 78
986 92
987 94
988 96
989 103
990 100
991 103
992 98
993 103
994 120
995 115
996 107
997 138
998 122
999 127
1000 135
1001 144
1002 137
1003 145
1004 126
1005 136
1006 144
1007 145
1008 177
1009 146
1010 172
1011 189
1012 180
1013 165
1014 181
1015 191
1016 188
1017 203
1018 202
1019 218
1020 214
1021 207
1022 203
1023 259
1024 236
1025 244
1026 240
1027 246
1028 241
1029 276
1030 262
1031 261
1032 255
1033 244
1034 247
1035 300
1036 297
1037 309
1038 300
1039 337
1040 329
1041 281
1042 319
1043 320
1044 351
1045 322
1046 318
1047 350
1048 359
1049 348
1050 356
1051 371
1052 375
1053 371
1054 387
1055 360
1056 389
1057 378
1058 390
1059 430
1060 380
1061 393
1062 378
1063 402
1064 417
1065 407
1066 405
1067 421
1068 397
1069 439
1070 393
1071 422
1072 425
1073 390
1074 401
1075 453
1076 427
1077 398
1078 377
1079 411
1080 420
1081 441
1082 434
1083 416
1084 424
1085 436
1086 417
1087 418
1088 402
1089 400
1090 406
1091 414
1092 418
1093 388
1094 391
1095 404
1096 385
1097 372
1098 394
1099 366
1100 365
1101 394
1102 357
1103 363
1104 363
1105 340
1106 356
1107 355
1108 369
1109 342
1110 320
1111 361
1112 296
1113 339
1114 284
1115 325
1116 311
1117 281
1118 280
1119 269
1120 298
1121 267
1122 245
1123 234
1124 264
1125 234
1126 235
1127 250
1128 229
1129 227
1130 225
1131 208
1132 223
1133 211
1134 187
1135 215
1136 172
1137 181
1138 165
1139 163
1140 156
1141 127
1142 161
1143 158
1144 150
1145 117
1146 113
1147 136
1148 100
1149 121
1150 105
1151 112
1152 94
1153 105
1154 87
1155 105
1156 78
1157 80
1158 99
1159 60
1160 77
1161 74
1162 58
1163 55
1164 59
1165 50
1166 51
1167 51
1168 48
1169 45
1170 40
1171 35
1172 29
1173 38
1174 37
1175 35
1176 37
1177 23
1178 20
1179 25
1180 31
1181 28
1182 15
1183 15
1184 23
1185 14
1186 12
1187 19
1188 16
1189 13
1190 16
1191 16
1192 11
1193 12
1194 12
1195 8
1196 9
1197 9
1198 6
1199 8
1200 8
1201 8
1202 4
1203 4
1204 3
1205 3
1206 2
1207 1
1208 4
1209 3
1210 5
1211 5
1212 1
1213 3
1214 4
1215 2
1216 3
1217 4
1218 2
1219 2
1220 2
1221 3
1222 4
1223 1
1224 1
1225 1
1226 4
1227 1
1228 1
1230 1
1231 2
1232 2
1235 1
1236 1
1238 2
1239 1
1243 1
1245 2
1246 1
1247 1
1249 1
1250 3
1251 1
1254 1
1256 1
1259 1
1261 1
1263 1
1272 1
1283 1
1296 1
1297 1
1315 1
1334 1
1340 1
1341 1
1344 1
1348 1
1349 1
1350 2
1351 1
1352 1
1356 1
1357 1
1358 1
1359 1
1360 1
1363 1
1371 2
1372 1
1374 1
1375 1
1378 1
1380 1
1382 1
1383 1
1386 1
1387 1
1388 3
1393 2
1405 1
1409 1
1410 2
1412 1
1417 1
1424 1
1426 1
1428 1
1432 1
1437 1
