N J h mean_R_sq err_mean_R_sq mean_R_gyr_sq err_mean_R_gyr_sq 
1225 1.295 0 4651.18 215.719 775.221 38.5113
263 1
312 1
321 1
329 1
333 2
336 1
339 3
341 1
346 1
352 1
355 1
358 1
361 1
366 1
367 2
371 1
373 1
374 1
375 1
376 2
379 1
380 1
381 1
384 2
385 1
386 1
387 1
388 2
391 1
393 1
394 2
395 3
396 2
400 1
403 3
404 1
406 2
407 2
408 1
409 1
410 1
411 1
412 1
413 2
414 1
416 3
418 3
419 3
420 3
421 3
422 2
423 2
424 2
425 2
426 3
427 3
428 3
430 2
431 2
432 4
436 5
437 3
438 5
439 3
440 2
441 3
442 5
444 4
445 1
446 5
447 2
448 4
449 7
450 4
451 1
452 5
453 4
454 4
455 5
456 5
457 8
458 5
459 3
460 5
461 7
462 5
463 5
464 4
465 2
466 4
467 4
468 3
469 3
470 2
471 6
472 6
473 1
474 6
475 2
476 3
477 4
478 5
479 7
480 3
481 2
482 6
483 3
484 6
486 6
487 4
488 4
489 6
490 8
491 7
492 3
493 6
494 4
495 8
496 10
497 8
498 6
499 1
500 6
501 6
502 7
503 2
504 7
505 1
506 3
507 5
508 4
509 8
510 10
511 12
512 10
513 11
514 7
515 6
516 10
517 9
518 4
519 6
520 8
521 8
522 3
523 20
524 10
525 13
526 9
527 9
528 6
529 7
530 10
531 8
532 14
533 9
534 9
535 8
536 6
537 7
538 14
539 8
540 9
541 12
542 13
543 9
544 12
545 9
546 14
547 13
548 19
549 14
550 15
551 14
552 10
553 8
554 13
555 9
556 16
557 14
558 6
559 10
560 15
561 12
562 10
563 15
564 13
565 12
566 15
567 14
568 13
569 16
570 14
571 10
572 10
573 12
574 20
575 10
576 10
577 21
578 19
579 17
580 28
581 12
582 23
583 12
584 18
585 22
586 22
587 20
588 15
589 15
590 15
591 11
592 15
593 20
594 13
595 14
596 16
597 20
598 17
599 15
600 22
601 20
602 19
603 15
604 18
605 22
606 29
607 16
608 27
609 19
610 32
611 21
612 23
613 9
614 21
615 19
616 19
617 23
618 25
619 22
620 30
621 23
622 28
623 27
624 25
625 25
626 35
627 26
628 24
629 21
630 14
631 23
632 29
633 27
634 28
635 19
636 25
637 25
638 20
639 33
640 20
641 19
642 25
643 29
644 34
645 31
646 34
647 33
648 26
649 15
650 26
651 25
652 28
653 34
654 31
655 33
656 30
657 32
658 40
659 33
660 27
661 26
662 35
663 32
664 38
665 28
666 25
667 47
668 34
669 29
670 37
671 37
672 38
673 41
674 37
675 34
676 23
677 39
678 35
679 38
680 45
681 25
682 32
683 43
684 29
685 27
686 24
687 41
688 39
689 40
690 39
691 34
692 40
693 54
694 41
695 38
696 42
697 56
698 46
699 39
700 35
701 45
702 39
703 42
704 53
705 38
706 48
707 52
708 42
709 43
710 52
711 38
712 52
713 39
714 45
715 52
716 49
717 50
718 52
719 51
720 50
721 66
722 50
723 63
724 51
725 48
726 67
727 54
728 47
729 62
730 58
731 61
732 55
733 51
734 56
735 61
736 55
737 56
738 66
739 54
740 59
741 53
742 59
743 65
744 62
745 52
746 56
747 67
748 59
749 69
750 59
751 65
752 61
753 50
754 62
755 71
756 67
757 68
758 78
759 57
760 74
761 71
762 73
763 65
764 83
765 83
766 76
767 86
768 83
769 84
770 80
771 60
772 74
773 66
774 77
775 89
776 76
777 86
778 74
779 85
780 101
781 99
782 101
783 107
784 92
785 78
786 79
787 109
788 91
789 90
790 84
791 77
792 98
793 94
794 86
795 92
796 87
797 99
798 68
799 95
800 116
801 83
802 109
803 91
804 95
805 99
806 109
807 84
808 96
809 87
810 116
811 101
812 84
813 104
814 104
815 102
816 119
817 93
818 117
819 115
820 111
821 120
822 92
823 116
824 119
825 125
826 114
827 101
828 107
829 125
830 121
831 109
832 124
833 117
834 109
835 99
836 115
837 126
838 124
839 139
840 127
841 145
842 130
843 120
844 148
845 118
846 135
847 141
848 115
849 137
850 130
851 118
852 152
853 137
854 134
855 148
856 132
857 137
858 142
859 175
860 147
861 139
862 137
863 140
864 147
865 138
866 137
867 132
868 158
869 161
870 151
871 139
872 170
873 140
874 138
875 145
876 144
877 156
878 157
879 143
880 149
881 159
882 153
883 180
884 161
885 160
886 154
887 146
888 177
889 157
890 173
891 165
892 167
893 159
894 173
895 181
896 170
897 164
898 162
899 202
900 184
901 169
902 166
903 184
904 171
905 190
906 188
907 191
908 195
909 176
910 204
911 206
912 168
913 199
914 194
915 187
916 207
917 185
918 180
919 192
920 185
921 210
922 174
923 173
924 203
925 188
926 192
927 179
928 195
929 185
930 201
931 202
932 218
933 175
934 186
935 173
936 212
937 205
938 209
939 193
940 189
941 217
942 232
943 182
944 190
945 196
946 189
947 207
948 224
949 189
950 224
951 207
952 186
953 218
954 187
955 212
956 207
957 201
958 198
959 199
960 227
961 209
962 200
963 201
964 212
965 209
966 231
967 237
968 220
969 220
970 212
971 210
972 215
973 242
974 198
975 248
976 228
977 213
978 226
979 220
980 212
981 209
982 203
983 196
984 224
985 221
986 244
987 221
988 218
989 237
990 218
991 207
992 239
993 221
994 223
995 247
996 206
997 245
998 209
999 235
1000 235
1001 229
1002 236
1003 239
1004 192
1005 222
1006 226
1007 208
1008 209
1009 218
1010 215
1011 219
1012 223
1013 235
1014 192
1015 208
1016 219
1017 216
1018 209
1019 211
1020 245
1021 207
1022 215
1023 217
1024 226
1025 207
1026 245
1027 202
1028 227
1029 227
1030 211
1031 197
1032 197
1033 232
1034 205
1035 188
1036 200
1037 225
1038 183
1039 188
1040 213
1041 232
1042 216
1043 214
1044 198
1045 211
1046 184
1047 184
1048 214
1049 203
1050 221
1051 212
1052 208
1053 215
1054 192
1055 222
1056 219
1057 206
1058 205
1059 197
1060 192
1061 190
1062 182
1063 198
1064 237
1065 192
1066 212
1067 180
1068 192
1069 207
1070 219
1071 194
1072 182
1073 196
1074 216
1075 208
1076 182
1077 188
1078 193
1079 201
1080 204
1081 183
1082 190
1083 203
1084 212
1085 190
1086 192
1087 158
1088 166
1089 175
1090 181
1091 167
1092 177
1093 195
1094 181
1095 164
1096 166
1097 193
1098 172
1099 205
1100 165
1101 170
1102 153
1103 163
1104 162
1105 171
1106 165
1107 157
1108 163
1109 161
1110 156
1111 188
1112 163
1113 167
1114 160
1115 154
1116 175
1117 179
1118 156
1119 174
1120 155
1121 158
1122 152
1123 162
1124 163
1125 152
1126 139
1127 169
1128 163
1129 139
1130 130
1131 143
1132 136
1133 143
1134 152
1135 150
1136 127
1137 164
1138 147
1139 120
1140 127
1141 141
1142 136
1143 124
1144 121
1145 137
1146 144
1147 105
1148 148
1149 124
1150 99
1151 125
1152 132
1153 123
1154 116
1155 131
1156 137
1157 124
1158 114
1159 125
1160 132
1161 119
1162 127
1163 129
1164 120
1165 107
1166 110
1167 105
1168 123
1169 115
1170 116
1171 125
1172 101
1173 140
1174 114
1175 132
1176 115
1177 105
1178 101
1179 123
1180 109
1181 115
1182 119
1183 115
1184 106
1185 102
1186 116
1187 110
1188 108
1189 103
1190 87
1191 107
1192 110
1193 97
1194 100
1195 84
1196 96
1197 123
1198 74
1199 98
1200 108
1201 85
1202 95
1203 107
1204 107
1205 96
1206 100
1207 105
1208 89
1209 99
1210 90
1211 85
1212 74
1213 94
1214 102
1215 82
1216 89
1217 78
1218 69
1219 94
1220 76
1221 96
1222 80
1223 95
1224 85
1225 91
1226 75
1227 72
1228 73
1229 79
1230 77
1231 77
1232 70
1233 62
1234 78
1235 81
1236 71
1237 79
1238 66
1239 67
1240 55
1241 51
1242 75
1243 77
1244 76
1245 69
1246 68
1247 65
1248 60
1249 50
1250 64
1251 64
1252 64
1253 72
1254 67
1255 55
1256 57
1257 64
1258 54
1259 58
1260 64
1261 52
1262 49
1263 62
1264 54
1265 48
1266 68
1267 50
1268 50
1269 48
1270 61
1271 49
1272 65
1273 56
1274 56
1275 56
1276 48
1277 51
1278 41
1279 50
1280 49
1281 55
1282 42
1283 63
1284 49
1285 46
1286 39
1287 53
1288 44
1289 40
1290 55
1291 50
1292 57
1293 45
1294 49
1295 65
1296 35
1297 40
1298 38
1299 45
1300 48
1301 42
1302 60
1303 46
1304 46
1305 36
1306 57
1307 51
1308 49
1309 44
1310 58
1311 49
1312 41
1313 42
1314 50
1315 34
1316 32
1317 32
1318 44
1319 42
1320 38
1321 41
1322 34
1323 32
1324 33
1325 33
1326 30
1327 37
1328 42
1329 43
1330 39
1331 38
1332 36
1333 35
1334 49
1335 41
1336 34
1337 26
1338 37
1339 28
1340 28
1341 40
1342 28
1343 29
1344 33
1345 29
1346 32
1347 28
1348 43
1349 26
1350 41
1351 20
1352 39
1353 35
1354 25
1355 24
1356 28
1357 29
1358 28
1359 35
1360 18
1361 27
1362 29
1363 27
1364 31
1365 17
1366 22
1367 30
1368 27
1369 26
1370 18
1371 30
1372 21
1373 24
1374 26
1375 25
1376 18
1377 25
1378 24
1379 18
1380 22
1381 16
1382 23
1383 19
1384 19
1385 27
1386 23
1387 17
1388 28
1389 25
1390 21
1391 25
1392 23
1393 17
1394 16
1395 24
1396 21
1397 19
1398 23
1399 23
1400 22
1401 19
1402 14
1403 15
1404 16
1405 20
1406 20
1407 19
1408 22
1409 15
1410 16
1411 17
1412 12
1413 19
1414 14
1415 25
1416 18
1417 13
1418 21
1419 20
1420 18
1421 22
1422 11
1423 17
1424 17
1425 10
1426 11
1427 25
1428 8
1429 18
1430 10
1431 21
1432 14
1433 13
1434 15
1435 16
1436 11
1437 9
1438 19
1439 7
1440 16
1441 14
1442 10
1443 16
1444 10
1445 11
1446 3
1447 10
1448 10
1449 12
1450 12
1451 16
1452 10
1453 8
1454 12
1455 15
1456 5
1457 9
1458 12
1459 13
1460 6
1461 14
1462 11
1463 11
1464 9
1465 12
1466 11
1467 6
1468 12
1469 10
1470 7
1471 9
1472 11
1473 9
1474 8
1475 5
1476 10
1477 7
1478 8
1479 10
1480 10
1481 8
1482 6
1483 6
1484 10
1485 5
1486 8
1487 8
1488 6
1489 7
1490 8
1491 4
1492 10
1493 6
1494 6
1495 6
1496 7
1497 8
1498 11
1499 5
1500 5
1501 6
1502 6
1503 7
1504 11
1505 2
1506 6
1507 7
1508 7
1509 7
1510 7
1511 7
1512 4
1513 6
1514 9
1515 7
1516 5
1517 4
1518 3
1519 8
1520 7
1521 4
1522 4
1523 3
1524 3
1525 9
1526 4
1527 3
1528 4
1529 2
1530 6
1531 1
1532 6
1533 4
1534 5
1535 2
1536 5
1537 1
1538 5
1539 2
1540 4
1541 8
1542 1
1543 4
1544 1
1545 5
1546 2
1547 3
1548 4
1549 2
1550 1
1551 2
1552 2
1553 3
1554 3
1555 2
1556 2
1557 1
1558 4
1559 2
1560 2
1561 5
1562 2
1563 2
1564 2
1565 3
1566 6
1567 2
1569 2
1570 3
1571 2
1572 1
1573 1
1574 2
1575 1
1576 4
1578 1
1579 3
1581 2
1582 1
1583 4
1584 1
1586 1
1588 2
1590 3
1591 1
1592 2
1593 3
1594 1
1595 3
1596 2
1597 1
1599 1
1600 1
1601 1
1604 1
1606 1
1607 1
1609 1
1610 2
1612 1
1613 1
1614 2
1616 1
1622 2
1623 2
1626 1
1630 2
1635 1
1641 1
1647 1
1651 1
1659 1
1663 1
1667 1
1669 1
1692 1
