N J h mean_R_sq err_mean_R_sq mean_R_gyr_sq err_mean_R_gyr_sq 
900 1.275 0 10331.5 4068.15 1798.43 849.587
1000 48
1001 56
1002 48
1003 42
1004 40
1005 45
1006 46
1007 44
1008 40
1009 36
1010 43
1011 32
1012 41
1013 32
1014 25
1015 26
1016 38
1017 29
1018 22
1019 35
1020 23
1021 18
1022 18
1023 18
1024 24
1025 16
1026 15
1027 17
1028 14
1029 16
1030 15
1031 14
1032 11
1033 11
1034 11
1035 10
1036 13
1037 9
1038 12
1039 12
1040 9
1041 5
1042 7
1043 6
1044 10
1045 9
1046 6
1047 5
1048 2
1049 8
1050 9
1051 5
1052 6
1053 6
1054 6
1055 6
1056 5
1057 2
1058 5
1059 3
1060 8
1061 5
1062 3
1063 4
1064 4
1065 3
1066 3
1067 3
1068 1
1069 4
1070 2
1071 4
1072 3
1073 3
1074 1
1075 1
1076 2
1077 2
1078 3
1079 1
1081 3
1082 1
1083 1
1084 1
1085 2
1086 2
1088 1
1089 1
1090 1
1091 3
1094 1
1095 2
1097 1
1098 2
1100 1
1101 2
1102 1
1104 1
1105 1
1108 1
1109 1
1110 1
1111 2
1112 1
1113 1
1114 1
1116 1
1117 1
1119 1
1121 2
1122 1
1127 2
1138 1
1140 1
1144 1
1157 1
1165 1
1172 2
1202 1
1207 1
1323 1
