N J h mean_R_sq err_mean_R_sq mean_R_gyr_sq err_mean_R_gyr_sq 
1600 1.325 0 238898 63657.3 84574.3 26673
692 1
718 1
779 1
781 1
805 1
812 1
831 1
833 1
850 1
854 1
865 1
870 1
885 1
889 1
898 1
903 1
904 1
907 1
908 1
914 2
918 1
919 1
922 1
924 1
934 1
935 1
936 2
938 2
942 1
950 1
951 1
960 1
962 2
963 1
970 1
971 1
973 1
974 2
980 2
982 1
987 1
988 2
989 2
990 1
991 1
995 1
996 1
997 1
998 1
999 1
1000 1
1004 1
1007 1
1014 1
1015 1
1018 2
1021 1
1022 1
1030 1
1031 1
1033 2
1039 1
1040 1
1048 1
1053 1
1057 1
1060 1
1062 1
1064 1
1069 1
1076 1
1077 1
1088 1
1090 1
1093 1
1105 1
1109 2
1122 2
1123 1
1125 1
1135 1
1139 1
1145 1
1173 1
1204 1
1214 1
1246 1
