N J h mean_R_sq err_mean_R_sq mean_R_gyr_sq err_mean_R_gyr_sq 
2500 1.305 0 29876 27681 11185.5 10516.7
504 1
512 1
515 1
527 1
528 1
529 1
530 1
531 1
532 1
533 1
534 1
535 1
540 1
541 1
543 1
544 1
546 1
547 3
548 2
549 1
550 3
551 2
552 1
553 1
554 2
555 2
556 3
557 3
558 1
559 4
561 7
562 4
563 10
564 4
565 7
566 5
567 3
568 6
569 2
570 2
571 5
572 7
573 3
574 9
575 7
576 5
577 10
578 10
579 12
580 12
581 7
582 14
583 11
584 6
585 11
586 9
587 10
588 14
589 11
590 13
591 15
592 14
593 15
594 9
595 18
596 15
597 21
598 18
599 26
600 16
601 14
602 18
603 12
604 24
605 22
606 15
607 25
608 22
609 26
610 19
611 29
612 15
613 29
614 14
615 23
616 16
617 22
618 35
619 29
620 27
621 31
622 35
623 29
624 36
625 21
626 26
627 25
628 28
629 43
630 42
631 22
632 30
633 33
634 26
635 26
636 44
637 40
638 32
639 46
640 29
641 28
642 36
643 42
644 38
645 34
646 39
647 37
648 39
649 36
650 35
651 37
652 42
653 47
654 45
655 31
656 40
657 44
658 47
659 34
660 28
661 40
662 30
663 36
664 49
665 38
666 37
667 40
668 35
669 43
670 36
671 41
672 45
673 39
674 41
675 46
676 31
677 33
678 33
679 28
680 36
681 35
682 41
683 28
684 36
685 24
686 37
687 30
688 31
689 32
690 31
691 33
692 31
693 38
694 44
695 28
696 25
697 29
698 25
699 32
700 22
701 32
702 21
703 24
704 33
705 17
706 41
707 20
708 24
709 17
710 19
711 17
712 23
713 22
714 24
715 22
716 17
717 22
718 17
719 29
720 14
721 17
722 32
723 27
724 18
725 13
726 17
727 15
728 25
729 17
730 17
731 14
732 12
733 14
734 19
735 11
736 21
737 15
738 16
739 8
740 14
741 11
742 15
743 12
744 12
745 8
746 16
747 14
748 6
749 5
750 13
751 12
752 6
753 13
754 9
755 5
756 6
757 6
758 9
759 7
760 11
761 12
762 4
763 5
764 4
765 7
766 8
767 6
768 5
769 4
770 3
771 5
772 12
773 5
774 4
775 9
776 2
777 5
778 1
779 3
780 6
781 10
782 2
784 1
785 4
786 5
787 1
788 1
789 2
790 6
791 1
792 7
793 5
794 1
795 2
797 2
798 2
800 2
801 2
802 2
804 3
805 2
806 1
807 1
808 1
809 2
810 4
811 1
812 3
815 1
816 1
817 1
818 3
819 1
821 2
822 1
826 1
827 3
834 1
835 1
840 1
849 1
856 1
858 1
873 1
874 1
880 1
904 1
908 1
911 1
920 1
924 2
925 1
926 2
927 1
934 2
937 2
940 1
945 1
951 1
963 1
968 2
986 1
1002 1
1006 1
1008 1
1031 1
1033 1
1046 1
1052 1
1057 1
1061 1
1063 1
1065 1
1074 1
1076 1
1077 1
1081 1
1083 1
1096 1
1097 2
1099 1
1102 1
1104 1
1113 1
1118 1
1120 1
1122 2
1124 1
1128 2
1129 1
1132 2
1133 1
1134 1
1135 1
1138 1
1140 2
1141 1
1142 1
1143 1
1145 1
1146 3
1147 1
1149 1
1150 1
1152 1
1153 2
1155 2
1157 2
1159 2
1161 1
1162 2
1163 2
1165 2
1166 1
1167 1
1168 2
1171 1
1173 2
1174 2
1176 3
1177 1
1179 3
1181 2
1182 2
1185 2
1186 2
1187 2
1188 2
1189 2
1192 2
1197 1
1198 2
1199 1
1200 1
1201 2
1202 1
1207 1
1208 1
1209 1
1213 1
1214 2
1219 1
1224 1
1265 1
1266 1
1267 1
1279 1
1284 1
1288 1
1292 1
1298 1
1301 1
1302 1
1303 1
1305 2
1306 1
1308 1
1312 1
1314 1
1316 2
1320 2
1321 1
1322 1
1323 1
1327 1
1330 2
1331 1
1334 1
1335 3
1337 1
1338 1
1341 1
1342 2
1344 1
1345 1
1346 1
1352 1
1353 1
1354 3
1356 2
1357 1
1358 2
1365 1
1366 1
1367 2
1369 1
1370 1
1373 1
1377 1
1380 2
1385 1
1387 2
1392 1
1395 1
1396 1
1402 1
1408 1
1411 1
1412 1
1414 1
1417 1
1419 1
1421 1
1423 1
1424 1
1429 1
1432 1
1435 1
1436 1
1438 1
1441 1
1443 2
1444 1
1446 1
1451 1
