N J h mean_R_sq err_mean_R_sq mean_R_gyr_sq err_mean_R_gyr_sq 
1600 1.285 0 10331.6 2217.4 1695.74 409.402
586 1
597 1
599 1
608 1
612 1
613 1
614 1
618 1
619 1
624 1
629 3
632 1
633 2
634 2
635 1
636 3
638 1
640 1
641 1
643 3
644 1
645 1
646 2
647 2
648 2
649 2
652 1
653 1
655 1
656 4
658 3
659 1
660 2
661 2
663 3
664 1
665 1
668 4
669 12
670 2
671 2
672 3
673 4
674 2
675 3
676 7
677 4
678 3
679 2
680 5
681 1
682 2
683 4
684 4
685 5
686 6
687 8
688 5
689 3
690 4
691 7
692 5
693 4
694 7
695 3
696 4
697 2
698 3
699 4
700 4
701 3
702 6
703 8
704 6
705 7
706 6
707 9
708 10
709 10
710 11
711 3
712 10
713 6
714 4
715 5
716 14
717 7
718 14
719 7
720 8
721 15
722 13
723 11
724 11
725 10
726 8
727 15
728 10
729 17
730 13
731 4
732 10
733 9
734 9
735 11
736 18
737 11
738 17
739 13
740 12
741 17
742 10
743 16
744 14
745 8
746 12
747 11
748 13
749 17
750 17
751 14
752 21
753 22
754 18
755 20
756 12
757 12
758 15
759 19
760 14
761 9
762 16
763 18
764 20
765 10
766 21
767 17
768 10
769 17
770 16
771 16
772 20
773 17
774 18
775 17
776 20
777 16
778 21
779 19
780 13
781 16
782 15
783 25
784 23
785 22
786 20
787 18
788 24
789 16
790 29
791 20
792 19
793 25
794 21
795 30
796 18
797 20
798 20
799 20
800 28
801 20
802 18
803 23
804 16
805 21
806 27
807 22
808 19
809 26
810 28
811 19
812 24
813 31
814 33
815 24
816 20
817 25
818 29
819 15
820 24
821 26
822 33
823 27
824 18
825 33
826 35
827 22
828 31
829 25
830 26
831 37
832 27
833 40
834 32
835 29
836 41
837 24
838 28
839 31
840 27
841 33
842 24
843 28
844 27
845 24
846 43
847 27
848 32
849 36
850 40
851 33
852 33
853 26
854 37
855 46
856 26
857 41
858 39
859 25
860 32
861 31
862 42
863 40
864 38
865 40
866 37
867 29
868 45
869 40
870 37
871 38
872 23
873 47
874 36
875 33
876 42
877 37
878 44
879 36
880 46
881 35
882 50
883 28
884 34
885 39
886 41
887 49
888 43
889 39
890 35
891 35
892 44
893 36
894 42
895 41
896 51
897 46
898 42
899 34
900 40
901 44
902 50
903 40
904 44
905 51
906 46
907 60
908 47
909 47
910 43
911 53
912 47
913 40
914 51
915 40
916 53
917 41
918 52
919 45
920 54
921 47
922 37
923 62
924 46
925 43
926 51
927 60
928 51
929 61
930 39
931 40
932 55
933 43
934 59
935 78
936 53
937 47
938 49
939 46
940 59
941 65
942 52
943 59
944 51
945 50
946 54
947 49
948 43
949 59
950 63
951 47
952 42
953 59
954 58
955 53
956 63
957 61
958 48
959 47
960 62
961 82
962 46
963 52
964 56
965 40
966 66
967 48
968 65
969 58
970 72
971 69
972 70
973 60
974 64
975 63
976 58
977 71
978 50
979 58
980 66
981 62
982 66
983 67
984 69
985 53
986 67
987 57
988 72
989 56
990 67
991 69
992 58
993 74
994 64
995 71
996 63
997 58
998 71
999 65
1000 56
1001 71
1002 55
1003 58
1004 68
1005 77
1006 72
1007 61
1008 56
1009 55
1010 63
1011 72
1012 52
1013 53
1014 60
1015 64
1016 68
1017 57
1018 60
1019 65
1020 69
1021 66
1022 58
1023 61
1024 50
1025 64
1026 54
1027 68
1028 64
1029 54
1030 53
1031 57
1032 56
1033 55
1034 47
1035 48
1036 46
1037 64
1038 57
1039 53
1040 45
1041 56
1042 41
1043 45
1044 54
1045 39
1046 53
1047 37
1048 46
1049 50
1050 44
1051 44
1052 45
1053 40
1054 44
1055 39
1056 35
1057 40
1058 35
1059 34
1060 31
1061 34
1062 31
1063 29
1064 43
1065 17
1066 27
1067 29
1068 28
1069 25
1070 23
1071 25
1072 25
1073 20
1074 21
1075 16
1076 18
1077 37
1078 25
1079 7
1080 23
1081 18
1082 18
1083 15
1084 17
1085 24
1086 14
1087 11
1088 14
1089 18
1090 9
1091 16
1092 9
1093 13
1094 10
1095 10
1096 10
1097 9
1098 15
1099 7
1100 9
1101 10
1102 9
1103 10
1104 8
1105 4
1106 6
1107 3
1108 6
1109 6
1110 4
1111 8
1112 6
1113 7
1114 7
1115 3
1116 3
1117 4
1118 3
1119 2
1120 3
1121 5
1122 2
1123 4
1124 2
1125 5
1126 4
1127 3
1128 3
1129 1
1130 2
1132 1
1133 4
1134 1
1135 4
1136 2
1139 1
1141 1
1142 1
1144 2
1146 1
1147 2
1150 1
1151 1
1152 1
1153 1
1154 2
1157 1
1159 1
1161 1
1163 1
1165 1
1169 1
1173 1
1174 1
1185 1
1201 1
1207 1
1215 1
1222 1
1225 1
1226 1
1228 1
1229 2
1249 1
1259 2
1268 1
1269 1
1275 1
1280 1
1281 1
1292 1
1293 1
1296 1
1297 2
1299 1
1303 1
1308 1
1310 1
1316 1
1320 1
1330 1
1332 1
1341 1
1343 1
1347 1
1351 1
1354 1
1355 1
1356 1
1377 1
1384 1
1390 1
1398 1
1404 1
1418 1
1457 1
