N J h mean_R_sq err_mean_R_sq mean_R_gyr_sq err_mean_R_gyr_sq 
2500 1.285 0 8797.9 2909.12 1891.39 802.012
1000 2017
1001 1813
1002 1850
1003 1635
1004 1617
1005 1519
1006 1541
1007 1487
1008 1367
1009 1352
1010 1314
1011 1197
1012 1191
1013 1207
1014 1145
1015 1155
1016 1098
1017 1097
1018 1011
1019 990
1020 932
1021 933
1022 937
1023 874
1024 900
1025 888
1026 850
1027 761
1028 767
1029 786
1030 709
1031 736
1032 749
1033 713
1034 706
1035 722
1036 680
1037 708
1038 614
1039 659
1040 662
1041 615
1042 655
1043 650
1044 579
1045 601
1046 552
1047 576
1048 564
1049 576
1050 542
1051 519
1052 562
1053 531
1054 504
1055 525
1056 527
1057 486
1058 491
1059 501
1060 510
1061 498
1062 505
1063 484
1064 459
1065 471
1066 447
1067 499
1068 441
1069 441
1070 455
1071 437
1072 440
1073 448
1074 433
1075 417
1076 460
1077 408
1078 414
1079 398
1080 410
1081 454
1082 401
1083 382
1084 441
1085 421
1086 384
1087 371
1088 393
1089 372
1090 372
1091 388
1092 391
1093 367
1094 348
1095 384
1096 363
1097 344
1098 339
1099 365
1100 345
1101 339
1102 335
1103 348
1104 346
1105 360
1106 352
1107 336
1108 273
1109 314
1110 319
1111 313
1112 298
1113 326
1114 328
1115 349
1116 307
1117 290
1118 290
1119 320
1120 305
1121 287
1122 283
1123 333
1124 308
1125 299
1126 319
1127 275
1128 266
1129 303
1130 285
1131 277
1132 285
1133 289
1134 253
1135 244
1136 276
1137 250
1138 249
1139 276
1140 264
1141 236
1142 224
1143 256
1144 233
1145 241
1146 268
1147 229
1148 236
1149 232
1150 235
1151 235
1152 237
1153 242
1154 243
1155 218
1156 229
1157 207
1158 202
1159 209
1160 232
1161 222
1162 232
1163 211
1164 253
1165 188
1166 203
1167 203
1168 210
1169 179
1170 196
1171 198
1172 207
1173 208
1174 175
1175 192
1176 202
1177 183
1178 210
1179 209
1180 168
1181 188
1182 183
1183 173
1184 196
1185 173
1186 179
1187 163
1188 179
1189 175
1190 164
1191 189
1192 161
1193 169
1194 154
1195 172
1196 155
1197 160
1198 155
1199 157
1200 171
1201 168
1202 162
1203 140
1204 159
1205 134
1206 131
1207 151
1208 155
1209 144
1210 138
1211 162
1212 125
1213 134
1214 134
1215 129
1216 134
1217 133
1218 131
1219 127
1220 124
1221 148
1222 133
1223 137
1224 123
1225 115
1226 123
1227 127
1228 131
1229 119
1230 110
1231 122
1232 112
1233 111
1234 104
1235 99
1236 104
1237 123
1238 100
1239 110
1240 93
1241 113
1242 95
1243 105
1244 109
1245 126
1246 95
1247 83
1248 88
1249 111
1250 109
1251 76
1252 93
1253 90
1254 87
1255 98
1256 94
1257 83
1258 75
1259 92
1260 83
1261 68
1262 100
1263 61
1264 78
1265 72
1266 79
1267 64
1268 78
1269 71
1270 80
1271 70
1272 86
1273 75
1274 84
1275 60
1276 79
1277 56
1278 67
1279 64
1280 52
1281 69
1282 80
1283 70
1284 64
1285 65
1286 50
1287 50
1288 73
1289 50
1290 63
1291 62
1292 55
1293 63
1294 62
1295 50
1296 56
1297 53
1298 50
1299 48
1300 48
1301 54
1302 48
1303 45
1304 48
1305 41
1306 47
1307 35
1308 53
1309 50
1310 52
1311 40
1312 39
1313 36
1314 35
1315 37
1316 31
1317 34
1318 36
1319 40
1320 38
1321 30
1322 54
1323 40
1324 37
1325 35
1326 38
1327 29
1328 37
1329 31
1330 39
1331 21
1332 44
1333 29
1334 31
1335 28
1336 37
1337 32
1338 24
1339 32
1340 27
1341 24
1342 25
1343 17
1344 25
1345 26
1346 22
1347 27
1348 21
1349 26
1350 15
1351 10
1352 23
1353 25
1354 12
1355 24
1356 21
1357 15
1358 21
1359 17
1360 23
1361 15
1362 18
1363 17
1364 18
1365 21
1366 14
1367 11
1368 9
1369 11
1370 14
1371 9
1372 11
1373 6
1374 10
1375 11
1376 13
1377 15
1378 10
1379 11
1380 14
1381 10
1382 13
1383 13
1384 9
1385 8
1386 10
1387 9
1388 12
1389 12
1390 4
1391 8
1392 11
1393 10
1394 8
1395 6
1396 7
1397 5
1398 12
1399 14
1400 7
1401 4
1402 5
1403 10
1404 6
1405 7
1406 5
1407 3
1408 6
1409 8
1410 8
1411 5
1412 3
1413 3
1414 6
1415 2
1416 6
1417 4
1418 4
1419 4
1420 4
1421 4
1422 1
1423 4
1424 2
1425 2
1426 3
1427 2
1428 3
1429 6
1430 2
1431 6
1432 3
1433 2
1434 2
1435 4
1436 1
1437 1
1438 1
1439 2
1440 3
1441 1
1442 3
1443 4
1444 1
1445 3
1446 1
1447 1
1448 1
1449 1
1450 2
1451 2
1452 1
1453 1
1454 1
1455 1
1457 3
1458 2
1459 1
1460 2
1462 1
1463 1
1464 2
1465 1
1466 2
1473 2
1474 1
1483 1
1484 1
1486 2
1488 1
1492 2
1500 1
1502 1
