N J h mean_R_sq err_mean_R_sq mean_R_gyr_sq err_mean_R_gyr_sq 
2500 1.325 0 8880.05 7182.06 4306.21 3722.24
261 1
276 1
283 1
286 1
292 1
296 1
298 1
299 1
300 1
302 2
303 1
308 2
312 2
313 1
314 1
315 1
316 1
317 1
318 1
319 1
321 2
324 1
325 1
329 1
330 1
334 1
335 1
336 1
338 1
339 2
340 1
341 2
344 1
348 1
349 1
350 2
351 1
352 2
354 1
355 5
356 3
357 2
358 3
360 4
361 1
362 2
363 5
364 1
365 1
366 3
367 1
369 1
371 2
372 2
373 2
374 1
375 4
376 4
377 1
378 8
379 3
380 2
381 1
382 3
383 4
384 3
385 5
386 3
387 2
388 1
389 3
390 2
391 2
392 2
393 3
395 2
396 5
397 4
398 2
399 4
400 3
401 2
402 6
403 3
404 4
405 4
406 2
407 3
408 4
409 2
410 5
411 6
412 7
413 5
414 4
415 2
416 2
417 4
418 3
419 5
420 3
421 4
422 3
423 8
424 3
425 3
426 4
427 10
428 2
429 3
430 1
431 6
433 3
434 6
435 5
436 6
438 2
439 3
440 5
441 7
442 3
443 4
444 5
445 5
446 7
447 2
448 3
449 3
450 6
451 3
452 7
453 6
454 8
455 6
456 7
457 7
458 6
459 5
460 9
461 5
462 2
463 9
464 8
465 4
466 4
467 5
468 5
469 7
470 4
471 7
472 5
473 5
474 8
475 1
476 5
477 7
478 6
479 5
480 7
481 3
482 8
483 2
484 3
485 7
486 7
487 11
488 7
489 7
490 3
491 12
492 10
493 7
494 6
495 8
496 9
497 7
498 9
499 4
500 6
501 4
502 7
503 7
504 8
505 7
506 5
507 6
508 8
509 8
510 5
511 11
512 10
513 5
514 6
515 5
516 4
517 5
518 4
519 8
520 4
521 5
522 8
523 3
524 7
525 6
526 14
527 6
528 6
529 7
530 12
531 3
532 8
533 4
534 6
535 10
536 9
537 3
538 7
539 10
540 4
541 5
542 4
543 8
544 4
545 11
546 7
547 6
548 8
549 6
550 5
551 9
552 9
553 7
554 8
555 9
556 8
557 9
558 7
559 5
560 7
561 9
562 9
563 2
564 7
565 6
566 3
567 8
568 7
569 4
570 11
571 8
572 4
573 8
574 5
575 7
576 14
577 9
578 6
579 9
580 3
581 10
582 11
583 6
584 10
585 10
586 6
587 12
588 10
589 5
590 13
591 8
592 8
593 3
594 13
595 5
596 10
597 5
598 5
599 8
600 7
601 14
602 8
603 13
604 13
605 7
606 10
607 13
608 11
609 8
610 7
611 8
612 11
613 14
614 2
615 10
616 4
617 6
618 15
619 12
620 14
621 3
622 10
623 9
624 7
625 5
626 10
627 3
628 8
629 8
630 7
631 8
632 4
633 11
634 8
635 4
636 7
637 4
638 8
639 9
640 3
641 7
642 8
643 9
644 4
645 7
646 5
647 13
648 4
649 8
650 4
651 8
652 4
653 11
654 9
655 8
656 13
657 7
658 7
659 8
660 10
661 11
662 8
663 10
664 4
665 9
666 8
667 7
668 6
669 9
670 5
671 7
672 11
673 6
674 5
675 9
676 11
677 8
678 11
679 8
680 9
681 6
682 6
683 6
684 5
685 10
686 6
687 9
688 5
689 9
690 10
691 9
692 8
693 13
694 7
695 6
696 4
697 2
698 5
699 8
700 4
701 6
702 3
703 10
704 4
705 6
706 6
707 11
708 14
709 6
710 5
711 9
712 9
713 2
714 9
715 8
716 8
717 7
718 15
719 9
720 7
721 6
722 10
723 8
724 13
725 8
726 9
727 9
728 9
729 8
730 7
731 5
732 9
733 12
734 10
735 9
736 7
737 10
738 9
739 6
740 7
741 14
742 2
743 15
744 4
745 6
746 5
747 9
748 4
749 12
750 8
751 10
752 6
753 4
754 10
755 9
756 3
757 7
758 11
759 6
760 5
761 11
762 12
763 6
764 7
765 9
766 8
767 6
768 7
769 8
770 10
771 6
772 13
773 10
774 8
775 10
776 11
777 11
778 11
779 8
780 9
781 8
782 9
783 8
784 13
785 12
786 10
787 7
788 9
789 11
790 8
791 6
792 6
793 6
794 7
795 10
796 10
797 10
798 11
799 11
800 7
801 7
802 6
803 11
804 8
805 8
806 5
807 7
808 7
809 11
810 7
811 11
812 12
813 4
814 6
815 6
816 8
817 3
818 5
819 8
820 8
821 5
822 13
823 5
824 9
825 8
826 3
827 10
828 8
829 4
830 14
831 6
832 6
833 10
834 8
835 7
836 11
837 3
838 5
839 6
840 4
841 6
842 6
843 10
844 9
845 8
846 5
847 9
848 3
849 11
850 9
851 7
852 6
853 10
854 3
855 10
856 11
857 12
858 10
859 8
860 9
861 3
862 8
863 6
864 3
865 8
866 10
867 5
868 16
869 7
870 4
871 7
872 6
873 4
874 8
875 9
876 7
877 7
878 8
879 6
880 8
881 7
882 10
883 6
884 12
885 6
886 5
887 12
888 11
889 4
890 9
891 12
892 7
893 10
894 5
895 5
896 5
897 7
898 8
899 8
900 9
901 12
902 7
903 7
904 3
905 9
906 11
907 9
908 10
909 7
910 11
911 12
912 4
913 10
914 6
915 6
916 7
917 8
918 7
919 10
920 5
921 8
922 13
923 5
924 9
925 8
926 9
927 11
928 10
929 9
930 4
931 16
932 4
933 4
934 9
935 7
936 4
937 8
938 8
939 13
940 6
941 7
942 4
943 8
944 10
945 5
946 5
947 7
948 6
949 6
950 4
951 4
952 7
953 3
954 11
955 6
956 8
957 10
958 5
959 10
960 8
961 10
962 6
963 7
964 11
965 7
966 8
967 12
968 8
969 4
970 7
971 4
972 7
973 3
974 11
975 7
976 7
977 8
978 9
979 8
980 7
981 10
982 3
983 11
984 14
985 7
986 8
987 7
988 13
989 9
990 7
991 8
992 9
993 4
994 7
995 8
996 11
997 9
998 11
999 7
1000 6
1001 12
1002 4
1003 6
1004 10
1005 10
1006 4
1007 6
1008 4
1009 9
1010 10
1011 5
1012 10
1013 11
1014 6
1015 11
1016 11
1017 8
1018 6
1019 10
1020 9
1021 6
1022 5
1023 17
1024 8
1025 7
1026 6
1027 8
1028 11
1029 10
1030 9
1031 7
1032 8
1033 14
1034 9
1035 17
1036 11
1037 9
1038 2
1039 7
1040 8
1041 7
1042 15
1043 5
1044 8
1045 5
1046 11
1047 10
1048 7
1049 8
1050 5
1051 9
1052 12
1053 6
1054 8
1055 6
1056 5
1057 6
1058 8
1059 5
1060 14
1061 8
1062 7
1063 6
1064 7
1065 10
1066 1
1067 6
1068 13
1069 7
1070 10
1071 7
1072 8
1073 7
1074 7
1075 7
1076 10
1077 5
1078 9
1079 5
1080 10
1081 8
1082 6
1083 7
1084 5
1085 9
1086 15
1087 11
1088 10
1089 8
1090 9
1091 11
1092 6
1093 6
1094 15
1095 15
1096 12
1097 6
1098 5
1099 8
1100 11
1101 10
1102 3
1103 13
1104 11
1105 10
1106 12
1107 9
1108 6
1109 7
1110 11
1111 9
1112 7
1113 8
1114 8
1115 6
1116 3
1117 5
1118 7
1119 11
1120 6
1121 11
1122 14
1123 4
1124 7
1125 7
1126 7
1127 7
1128 13
1129 10
1130 3
1131 8
1132 7
1133 8
1134 4
1135 9
1136 12
1137 7
1138 5
1139 6
1140 8
1141 7
1142 5
1143 9
1144 8
1145 8
1146 12
1147 5
1148 7
1149 13
1150 10
1151 12
1152 5
1153 7
1154 9
1155 6
1156 8
1157 10
1158 10
1159 7
1160 5
1161 9
1162 9
1163 7
1164 8
1165 10
1166 6
1167 3
1168 9
1169 7
1170 5
1171 12
1172 14
1173 10
1174 4
1175 9
1176 9
1177 10
1178 11
1179 14
1180 6
1181 4
1182 6
1183 9
1184 6
1185 7
1186 9
1187 9
1188 4
1189 12
1190 11
1191 3
1192 4
1193 5
1194 10
1195 6
1196 4
1197 6
1198 9
1199 7
1200 7
1201 9
1202 5
1203 12
1204 4
1205 11
1206 10
1207 6
1208 8
1209 5
1210 7
1211 4
1212 10
1213 11
1214 3
1215 7
1216 3
1217 5
1218 4
1219 6
1220 7
1221 4
1222 8
1223 10
1224 7
1225 15
1226 5
1227 3
1228 5
1229 6
1230 11
1231 8
1232 5
1233 6
1234 7
1235 10
1236 8
1237 9
1238 8
1239 7
1240 11
1241 8
1242 4
1243 7
1244 8
1245 6
1246 8
1247 9
1248 2
1249 11
1250 10
1251 11
1252 5
1253 7
1254 13
1255 10
1256 6
1257 7
1258 11
1259 9
1260 9
1261 7
1262 7
1263 10
1264 9
1265 5
1266 6
1267 7
1268 8
1269 9
1270 11
1271 12
1272 5
1273 6
1274 8
1275 10
1276 9
1277 9
1278 8
1279 7
1280 6
1281 5
1282 8
1283 8
1284 6
1285 8
1286 4
1287 7
1288 9
1289 10
1290 7
1291 6
1292 10
1293 8
1294 9
1295 11
1296 7
1297 6
1298 9
1299 3
1300 8
1301 7
1302 8
1303 9
1304 16
1305 6
1306 8
1307 9
1308 5
1309 7
1310 7
1311 12
1312 11
1313 7
1314 10
1315 5
1316 8
1317 6
1318 10
1319 7
1320 8
1321 12
1322 6
1323 8
1324 7
1325 10
1326 13
1327 16
1328 12
1329 8
1330 9
1331 13
1332 8
1333 9
1334 6
1335 13
1336 9
1337 8
1338 11
1339 6
1340 8
1341 8
1342 5
1343 10
1344 8
1345 13
1346 6
1347 5
1348 7
1349 8
1350 7
1351 6
1352 10
1353 9
1354 6
1355 8
1356 8
1357 4
1358 6
1359 4
1360 6
1361 4
1362 4
1363 6
1364 8
1365 14
1366 14
1367 6
1368 9
1369 7
1370 7
1371 15
1372 7
1373 11
1374 6
1375 7
1376 2
1377 11
1378 11
1379 8
1380 6
1381 6
1382 9
1383 9
1384 9
1385 6
1386 7
1387 11
1388 10
1389 8
1390 10
1391 12
1392 8
1393 11
1394 3
1395 8
1396 13
1397 11
1398 7
1399 10
1400 11
1401 8
1402 6
1403 12
1404 4
1405 6
1406 13
1407 8
1408 4
1409 7
1410 12
1411 13
1412 9
1413 9
1414 12
1415 9
1416 5
1417 6
1418 11
1419 9
1420 11
1421 3
1422 6
1423 9
1424 7
1425 11
1426 9
1427 8
1428 5
1429 8
1430 6
1431 9
1432 15
1433 9
1434 6
1435 7
1436 7
1437 6
1438 7
1439 7
1440 10
1441 5
1442 10
1443 4
1444 13
1445 8
1446 4
1447 5
1448 7
1449 11
1450 4
1451 5
1452 7
1453 12
1454 7
1455 10
1456 10
1457 5
1458 7
1459 6
1460 6
1461 5
1462 10
1463 6
1464 12
1465 9
1466 10
1467 7
1468 3
1469 6
1470 9
1471 8
1472 9
1473 5
1474 7
1475 9
1476 12
1477 7
1478 8
1479 8
1480 5
1481 6
1482 6
1483 10
1484 11
1485 4
1486 6
1487 4
1488 4
1489 6
1490 11
1491 2
1492 11
1493 8
1494 11
1495 7
1496 4
1497 8
1498 10
1499 6
1500 4
1501 7
1502 5
1503 3
1504 9
1505 6
1506 9
1507 3
1508 3
1509 7
1510 5
1511 8
1512 11
1513 3
1514 7
1515 8
1516 8
1517 5
1518 7
1519 7
1520 7
1521 6
1522 4
1523 6
1524 4
1525 3
1526 8
1527 1
1528 4
1529 5
1530 6
1531 2
1532 7
1533 6
1534 6
1535 11
1536 5
1537 9
1538 7
1539 7
1540 4
1541 3
1542 7
1543 5
1544 2
1545 2
1546 4
1547 7
1548 4
1549 5
1550 9
1551 4
1552 6
1553 3
1554 5
1555 5
1556 4
1557 7
1558 7
1559 1
1560 4
1561 4
1562 5
1563 5
1564 3
1565 4
1566 5
1567 2
1568 9
1569 3
1570 4
1571 7
1572 4
1573 5
1574 4
1575 4
1576 2
1577 4
1578 5
1579 4
1580 5
1581 3
1582 5
1583 4
1584 3
1585 6
1586 8
1587 3
1588 11
1589 5
1590 6
1591 5
1592 4
1593 5
1594 1
1595 2
1596 3
1597 5
1598 2
1599 3
1601 1
1602 2
1603 6
1604 1
1605 6
1606 2
1607 1
1608 3
1609 4
1610 1
1611 4
1612 2
1613 3
1615 5
1616 2
1617 1
1618 3
1619 6
1620 4
1622 2
1623 3
1624 6
1625 2
1626 2
1627 1
1628 3
1630 4
1631 1
1632 1
1633 1
1634 3
1635 3
1636 3
1637 3
1638 5
1639 2
1641 2
1642 1
1645 1
1646 1
1648 3
1649 1
1650 1
1652 2
1653 1
1654 1
1657 1
1658 3
1659 2
1660 3
1661 1
1662 1
1664 4
1667 1
1669 1
1671 2
1672 1
1673 1
1674 1
1675 2
1676 1
1677 2
1679 1
1680 3
1683 1
1691 1
1693 2
1695 1
1699 1
1703 1
1705 1
1713 1
1720 1
1729 1
