N J h mean_R_sq err_mean_R_sq mean_R_gyr_sq err_mean_R_gyr_sq 
2500 1.295 0 5945.76 3494.07 1527.81 857.555
1000 220
1001 193
1002 196
1003 201
1004 210
1005 197
1006 199
1007 180
1008 187
1009 198
1010 197
1011 203
1012 193
1013 202
1014 195
1015 196
1016 193
1017 164
1018 203
1019 201
1020 193
1021 228
1022 193
1023 196
1024 191
1025 209
1026 185
1027 191
1028 175
1029 190
1030 203
1031 204
1032 195
1033 180
1034 182
1035 187
1036 194
1037 188
1038 186
1039 193
1040 175
1041 216
1042 179
1043 187
1044 201
1045 168
1046 186
1047 192
1048 207
1049 196
1050 209
1051 165
1052 188
1053 181
1054 183
1055 186
1056 214
1057 183
1058 177
1059 188
1060 161
1061 185
1062 176
1063 172
1064 197
1065 163
1066 180
1067 165
1068 178
1069 173
1070 180
1071 167
1072 160
1073 176
1074 176
1075 172
1076 196
1077 166
1078 168
1079 207
1080 165
1081 186
1082 190
1083 184
1084 169
1085 180
1086 181
1087 162
1088 168
1089 182
1090 167
1091 188
1092 164
1093 161
1094 145
1095 169
1096 182
1097 190
1098 190
1099 164
1100 149
1101 141
1102 159
1103 154
1104 191
1105 156
1106 171
1107 162
1108 179
1109 149
1110 160
1111 184
1112 163
1113 157
1114 142
1115 184
1116 158
1117 165
1118 159
1119 170
1120 146
1121 178
1122 179
1123 178
1124 154
1125 180
1126 139
1127 146
1128 155
1129 155
1130 154
1131 145
1132 168
1133 144
1134 159
1135 141
1136 165
1137 138
1138 151
1139 166
1140 149
1141 147
1142 164
1143 163
1144 135
1145 149
1146 136
1147 142
1148 135
1149 155
1150 138
1151 145
1152 145
1153 157
1154 158
1155 125
1156 142
1157 141
1158 136
1159 168
1160 141
1161 138
1162 132
1163 139
1164 137
1165 139
1166 146
1167 132
1168 132
1169 137
1170 159
1171 138
1172 135
1173 140
1174 152
1175 125
1176 111
1177 132
1178 131
1179 129
1180 121
1181 150
1182 129
1183 128
1184 119
1185 140
1186 125
1187 137
1188 136
1189 115
1190 121
1191 121
1192 120
1193 150
1194 127
1195 119
1196 109
1197 107
1198 105
1199 125
1200 115
1201 109
1202 114
1203 117
1204 116
1205 113
1206 121
1207 111
1208 120
1209 118
1210 94
1211 124
1212 121
1213 118
1214 137
1215 106
1216 98
1217 107
1218 116
1219 113
1220 116
1221 94
1222 95
1223 105
1224 103
1225 118
1226 105
1227 94
1228 99
1229 103
1230 104
1231 100
1232 105
1233 107
1234 110
1235 92
1236 74
1237 90
1238 94
1239 99
1240 88
1241 111
1242 103
1243 78
1244 92
1245 93
1246 89
1247 82
1248 92
1249 96
1250 94
1251 81
1252 77
1253 69
1254 75
1255 73
1256 88
1257 69
1258 79
1259 80
1260 69
1261 100
1262 77
1263 79
1264 82
1265 73
1266 68
1267 84
1268 75
1269 68
1270 67
1271 69
1272 71
1273 88
1274 74
1275 82
1276 64
1277 79
1278 77
1279 66
1280 79
1281 64
1282 69
1283 68
1284 75
1285 71
1286 51
1287 64
1288 71
1289 57
1290 77
1291 63
1292 63
1293 56
1294 59
1295 54
1296 51
1297 62
1298 65
1299 55
1300 52
1301 48
1302 48
1303 55
1304 67
1305 50
1306 39
1307 50
1308 50
1309 52
1310 60
1311 44
1312 57
1313 47
1314 46
1315 39
1316 51
1317 47
1318 44
1319 37
1320 29
1321 50
1322 53
1323 46
1324 39
1325 38
1326 48
1327 33
1328 33
1329 43
1330 35
1331 33
1332 38
1333 43
1334 29
1335 41
1336 33
1337 33
1338 38
1339 22
1340 25
1341 33
1342 30
1343 29
1344 37
1345 35
1346 29
1347 25
1348 36
1349 27
1350 27
1351 27
1352 20
1353 30
1354 23
1355 26
1356 14
1357 23
1358 32
1359 21
1360 24
1361 21
1362 20
1363 24
1364 23
1365 27
1366 22
1367 8
1368 20
1369 24
1370 16
1371 18
1372 21
1373 25
1374 25
1375 16
1376 16
1377 25
1378 13
1379 16
1380 15
1381 18
1382 11
1383 12
1384 15
1385 13
1386 13
1387 13
1388 12
1389 13
1390 16
1391 12
1392 14
1393 17
1394 12
1395 12
1396 14
1397 15
1398 14
1399 11
1400 12
1401 14
1402 9
1403 11
1404 7
1405 8
1406 8
1407 12
1408 10
1409 10
1410 13
1411 7
1412 6
1413 8
1414 9
1415 9
1416 11
1417 7
1418 9
1419 5
1420 7
1421 4
1422 5
1423 6
1424 6
1425 6
1426 5
1427 4
1428 5
1429 8
1430 4
1431 8
1432 7
1433 4
1434 2
1435 4
1436 9
1437 2
1438 5
1439 4
1440 3
1441 10
1442 2
1443 5
1444 5
1445 4
1446 3
1447 4
1448 5
1449 2
1450 5
1451 2
1452 2
1454 2
1455 1
1456 1
1457 1
1458 2
1459 4
1460 2
1461 6
1462 2
1463 2
1465 2
1466 2
1467 2
1468 3
1469 1
1470 1
1471 2
1472 3
1473 1
1475 1
1476 1
1477 1
1478 3
1480 1
1482 2
1483 1
1486 1
1487 1
1488 1
1489 1
1495 3
1497 2
1500 1
1502 1
1503 2
1504 1
1509 1
1514 2
1534 1
1536 1
1545 1
1550 1
1557 1
