N J h mean_R_sq err_mean_R_sq mean_R_gyr_sq err_mean_R_gyr_sq 
1225 1.26 0 10711.8 252.463 1625.51 44.147
2 9
4 10
8 16
10 27
16 11
18 15
20 22
26 23
32 17
34 30
36 17
40 29
50 38
52 28
58 41
64 12
68 36
72 20
74 36
80 29
82 43
90 22
98 14
100 50
104 39
106 28
116 30
122 28
128 12
130 66
136 33
144 17
146 26
148 36
160 33
162 12
164 34
170 73
178 31
180 43
194 41
196 24
200 50
202 26
208 43
212 34
218 30
226 43
232 39
234 28
242 25
244 41
250 72
256 23
260 71
272 33
274 33
288 16
290 65
292 28
296 46
298 44
306 37
314 41
320 55
324 23
328 34
338 45
340 83
346 36
356 44
360 42
362 34
370 72
386 37
388 31
392 17
394 35
400 60
404 37
410 77
416 49
424 41
436 43
442 75
450 57
452 33
458 45
464 53
466 44
468 55
482 34
484 22
488 41
490 38
500 90
512 22
514 35
520 86
522 44
530 76
538 36
544 36
548 44
554 44
562 52
576 18
578 62
580 69
584 37
586 42
592 40
596 33
610 91
612 36
626 39
628 31
634 38
640 56
648 15
650 150
656 43
666 36
674 46
676 63
680 83
692 39
698 44
706 46
712 47
720 39
722 26
724 36
730 105
738 46
740 95
746 42
754 77
772 42
776 30
778 47
784 20
788 38
794 37
800 52
802 42
808 33
810 32
818 45
820 86
832 41
842 50
848 45
850 129
866 46
872 36
882 20
884 86
890 101
898 49
900 75
904 41
914 52
916 49
922 41
928 41
932 55
936 53
954 47
962 85
964 40
968 25
970 101
976 47
980 34
986 93
1000 96
1010 84
1018 52
1024 21
1028 39
1040 89
1042 44
1044 51
1058 19
1060 89
1066 73
1076 39
1082 48
1088 53
1090 91
1096 34
1098 58
1108 43
1114 44
1124 43
1130 83
1138 49
1152 19
1154 50
1156 79
1160 91
1168 40
1170 93
1172 44
1184 42
1186 46
1192 42
1202 42
1210 52
1220 95
1224 46
1226 52
1234 43
1250 111
1252 44
1256 47
1258 83
1268 44
1274 46
1280 43
1282 42
1296 19
1300 144
1306 50
1312 49
1314 51
1322 54
1332 37
1346 44
1348 41
1352 62
1354 51
1360 98
1370 79
1378 72
1384 44
1394 94
1396 45
1402 56
1412 45
1418 39
1424 47
1440 58
1444 20
1448 53
1450 139
1458 25
1460 96
1466 59
1476 46
1480 90
1490 83
1492 46
1508 87
1514 40
1522 46
1530 107
1538 44
1544 47
1546 37
1552 43
1556 39
1568 19
1570 89
1576 49
1586 106
1588 36
1594 59
1600 67
1602 46
1604 46
1616 48
1618 52
1620 54
1636 45
1640 97
1642 53
1658 44
1664 45
1666 49
1682 73
1684 64
1690 142
1696 56
1700 142
1706 40
1714 41
1730 86
1732 46
1744 49
1746 46
1754 49
1762 61
1764 25
1768 111
1780 85
1796 50
1800 70
1802 111
1808 42
1810 95
1818 42
1828 32
1832 42
1844 34
1850 131
1856 56
1858 37
1864 54
1872 56
1874 44
1882 53
1898 105
1906 44
1908 36
1922 28
1924 113
1928 49
1930 87
1936 21
1940 98
1952 49
1954 53
1960 47
1962 47
1970 94
1972 102
1994 33
2000 106
2018 43
2020 100
2026 51
2034 47
2036 46
2042 45
2048 22
2050 138
2056 51
2066 48
2074 113
2080 89
2084 63
2088 42
2098 57
2106 52
2116 17
2120 99
2122 49
2132 99
2138 53
2146 107
2152 49
2164 59
2176 45
2178 22
2180 105
2186 45
2192 56
2194 51
2196 50
2210 184
2216 34
2218 50
2228 39
2234 57
2248 43
2250 112
2258 43
2260 94
2276 51
2290 89
2304 26
2306 61
2308 36
2312 65
2314 95
2320 108
2330 102
2336 50
2340 89
2344 48
2362 49
2368 47
2372 60
2378 96
2384 55
2386 60
2402 41
2404 43
2410 104
2420 42
2426 44
2434 48
2440 115
2448 57
2450 86
2452 51
2458 53
2466 62
2468 63
2474 53
2482 78
2498 49
2500 141
2504 40
2512 49
2516 101
2522 95
2536 46
2548 55
2554 66
2560 48
2564 51
2570 92
2578 65
2592 25
2594 58
2600 146
2602 44
2610 87
2612 52
2624 57
2626 81
2628 40
2642 41
2644 46
2650 158
2664 59
2682 57
2690 98
2692 55
2696 50
2704 74
2708 48
2720 97
2722 46
2738 70
2740 109
2746 57
2754 50
2756 97
2762 59
2768 53
2770 115
2788 107
2792 61
2804 61
2810 114
2818 48
2824 54
2826 60
2834 91
2836 61
2842 54
2848 47
2858 46
2866 44
2880 51
2888 28
2890 153
2896 42
2900 130
2906 48
2916 27
2920 101
2930 117
2932 55
2938 100
2952 37
2960 93
2962 42
2978 53
2980 86
2984 43
2986 57
3016 97
3026 92
3028 42
3034 96
3042 81
3044 45
3050 159
3060 85
3074 100
3076 54
3088 44
3092 51
3098 52
3104 49
3106 57
3112 51
3114 52
3130 95
3136 34
3140 91
3146 47
3152 49
3170 89
3172 94
3176 54
3188 55
3194 52
3200 79
3202 58
3204 52
3208 49
3218 46
3226 56
3232 48
3236 59
3240 56
3242 59
3250 202
3258 41
3272 46
3274 47
3280 99
3284 51
3298 102
3314 51
3316 45
3328 47
3330 101
3332 44
3338 50
3362 84
3364 80
3368 46
3370 106
3380 132
3386 34
3392 61
3394 60
3400 151
3412 58
3418 42
3428 46
3434 99
3442 64
3460 109
3464 63
3466 55
3474 38
3482 59
3488 51
3490 87
3492 50
3506 47
3508 45
3524 60
3528 16
3530 101
3536 97
3538 99
3546 50
3554 45
3560 96
3562 77
3578 49
3592 53
3600 79
3602 39
3604 97
3610 41
3616 51
3620 107
3626 49
3636 48
3650 139
3656 56
3664 48
3688 48
3690 98
3698 28
3700 151
3706 94
3712 44
3716 53
3722 52
3728 35
3730 112
3744 51
3746 55
3748 51
3754 54
3764 49
3770 172
3778 65
3796 109
3802 50
3812 59
3816 45
3826 51
3842 101
3844 24
3848 128
3856 45
3860 110
3866 57
3872 29
3874 118
3880 100
3890 119
3898 45
3904 61
3908 49
3920 51
3922 101
3924 38
3940 112
3944 88
3946 44
3970 98
3978 97
3986 51
3988 45
3994 48
4000 94
4010 101
4018 52
4034 49
4036 48
4040 92
4050 73
4052 44
4058 42
4068 51
4072 53
4082 95
4084 55
4090 97
4096 26
4100 137
4106 55
4112 54
4114 53
4122 56
4132 54
4138 42
4148 106
4160 94
4162 58
4168 44
4176 45
4178 43
4194 38
4196 51
4210 120
4212 39
4226 46
4232 18
4234 90
4240 112
4244 48
4250 184
4258 46
4264 104
4274 35
4276 40
4282 45
4292 104
4304 39
4306 42
4322 52
4328 45
4330 110
4338 61
4346 95
4352 53
4356 29
4360 102
4372 52
4384 57
4388 60
4392 59
4394 108
4410 50
4418 26
4420 196
4426 50
4432 43
4436 42
4442 59
4450 133
4456 52
4468 45
4474 52
4490 111
4496 56
4498 94
4500 85
4514 110
4516 56
4520 109
4538 43
4546 42
4552 53
4562 45
4570 114
4580 96
4586 37
4594 40
4608 27
4610 115
4612 48
4616 66
4618 32
4624 95
4626 49
4628 111
4640 100
4658 93
4660 112
4666 47
4672 58
4680 98
4682 44
4688 45
4698 51
4706 103
4714 58
4724 50
4736 33
4744 47
4754 46
4756 94
4762 45
4768 49
4770 104
4772 40
4778 55
4786 46
4802 29
4804 53
4808 64
4810 196
4820 92
4834 38
4840 49
4842 53
4850 159
4852 39
4868 59
4874 50
4880 101
4882 41
4896 56
4900 100
4904 44
4916 48
4930 180
4932 43
4936 45
4946 48
4948 51
4954 65
4964 102
4986 54
4996 56
5000 112
5002 88
5008 51
5018 92
5024 43
5032 110
5042 46
5044 111
5050 147
5058 59
5066 101
5072 61
5090 125
5096 45
5098 61
5108 42
5114 60
5120 49
5122 117
5128 56
5140 118
5156 49
5162 98
5184 15
5186 49
5188 42
5194 47
5200 128
5202 71
5204 60
5210 108
5218 48
5220 103
5224 50
5234 47
5242 52
5248 49
5252 87
5256 36
5266 45
5274 52
5284 43
5288 36
5290 55
5300 160
5314 48
5328 55
5330 192
5338 106
5354 50
5364 50
5378 51
5380 100
5384 52
5386 31
5392 43
5402 111
5408 63
5410 113
5416 57
5426 58
5440 96
5444 46
5450 141
5458 53
5476 72
5480 123
5482 51
5490 107
5492 46
5498 45
5506 51
5508 46
5512 94
5524 49
5536 49
5540 104
5554 57
5570 102
5576 93
5578 50
5584 48
5594 36
5602 53
5608 51
5618 64
5620 96
5626 87
5634 53
5636 44
5648 42
5650 144
5652 48
5666 43
5668 112
5672 49
5674 49
5684 45
5690 108
5696 48
5706 47
5714 37
5716 48
5722 43
5732 51
5746 140
5760 41
5770 97
5776 16
5780 144
5792 53
5794 37
5800 157
5812 72
5818 38
5832 26
5834 41
5840 79
5850 138
5858 75
5860 84
5864 49
5876 107
5882 118
5904 38
5906 44
5914 46
5920 86
5924 54
5930 93
5938 48
5954 98
5956 48
5960 108
5968 35
5972 42
5978 44
5986 84
5994 41
6002 49
6010 87
6032 100
6050 80
6052 98
6056 43
6058 108
6066 46
6068 97
6074 55
6082 43
6084 78
6088 53
6098 51
6100 148
6120 90
6122 43
6130 92
6148 110
6152 57
6154 105
6170 95
6176 35
6178 30
6184 42
6196 54
6208 43
6212 36
6218 53
6224 47
6228 39
6242 53
6250 142
6260 97
6266 118
6272 27
6274 52
6280 115
6282 44
6290 168
6292 45
6304 45
6322 89
6338 38
6340 97
6344 90
6352 57
6354 45
6362 47
6370 98
6376 46
6388 46
6400 73
6404 50
6408 39
6410 100
6416 37
6418 55
6434 47
6436 47
6442 50
6452 50
6458 58
6464 51
6466 90
6472 41
6480 47
6484 38
6498 37
6500 191
6506 49
6514 53
6516 42
6530 100
6544 53
6548 46
6554 111
6560 98
6562 92
6568 52
6570 103
6586 78
6596 93
6602 42
6610 95
6626 35
6628 43
6632 55
6642 43
6656 56
6658 45
6660 112
6664 40
6676 38
6682 98
6698 79
6714 43
6722 44
6724 74
6728 72
6730 90
6736 46
6740 100
6746 54
6760 129
6770 104
6772 48
6778 56
6784 51
6786 87
6788 56
6800 152
6824 47
6826 56
6836 43
6850 119
6856 52
6866 57
6868 109
6884 46
6890 188
6898 47
6914 52
6920 90
6922 48
6928 38
6932 50
6938 47
6948 42
6962 36
6964 44
6970 189
6976 39
6980 83
6984 44
6994 92
7002 44
7010 76
7012 43
7016 46
7018 41
7034 52
7048 48
7056 25
7058 39
7060 103
7066 42
7072 109
7076 73
7082 49
7090 82
7092 47
7108 46
7114 47
7120 93
7124 96
7146 52
7154 43
7156 47
7162 42
7178 102
7184 39
7186 43
7200 68
7202 81
7204 47
7208 83
7218 47
7220 41
7226 50
7232 47
7234 58
7240 84
7250 138
7252 49
7272 47
7274 38
7290 50
7298 91
7300 132
7306 90
7312 52
7328 51
7330 100
7346 43
7354 50
7362 53
7376 48
7380 98
7394 40
7396 19
7400 154
7402 46
7412 89
7418 46
7424 52
7432 47
7442 68
7444 46
7450 132
7456 63
7460 86
7466 46
7474 82
7488 51
7492 59
7496 53
7508 50
7514 156
7522 47
7528 59
7538 57
7540 183
7556 53
7570 78
7578 42
7586 35
7592 91
7594 38
7604 49
7610 79
7618 96
7624 38
7632 35
7642 38
7650 116
7652 51
7666 47
7684 103
7688 22
7690 89
7696 88
7706 49
7712 44
7720 99
7730 82
7732 51
7738 81
7744 21
7748 108
7754 49
7760 85
7762 43
7778 37
7780 113
7786 81
7794 38
7796 50
7808 50
7816 43
7834 46
7840 42
7844 101
7848 52
7850 146
7858 44
7880 85
7888 104
7892 58
7922 98
7930 161
7938 27
7940 91
7946 80
7954 76
7956 78
7970 83
7972 41
7976 40
7978 44
7988 44
8000 94
8002 32
8010 94
8020 77
8026 55
8036 37
8042 54
8066 89
8068 44
8072 40
8080 78
8082 39
8090 90
8098 51
8100 67
8104 39
8114 53
8116 27
8136 48
8138 93
8144 47
8146 35
8164 91
8168 40
8180 86
8186 41
8192 15
8194 75
8200 121
8210 73
8212 38
8224 42
8226 49
8228 49
8242 84
8244 40
8258 57
8264 38
8266 37
8276 51
8282 98
8290 83
8296 85
8298 50
8306 40
8314 44
8320 78
8324 31
8330 95
8336 45
8352 42
8354 41
8356 37
8362 78
8388 42
8392 46
8402 44
8410 130
8420 84
8424 33
8434 40
8450 202
8452 52
8458 41
8464 28
8468 65
8480 79
8482 41
8488 51
8500 164
8506 45
8516 45
8522 41
8528 88
8530 66
8546 38
8548 43
8552 42
8564 44
8570 76
8578 41
8584 85
8586 49
8594 35
8608 38
8612 52
8642 105
8644 49
8650 134
8656 33
8658 86
8660 76
8674 33
8676 56
8692 78
8698 41
8704 50
8712 23
8714 48
8720 99
8722 39
8730 90
8738 76
8744 51
8746 47
8762 89
8768 37
8770 66
8776 47
8784 48
8788 83
8794 43
8810 79
8818 44
8820 32
8836 23
8840 172
8842 48
8852 51
8864 39
8872 55
8874 82
8882 46
8884 32
8900 148
8906 91
8912 42
8914 38
8936 42
8938 103
8948 50
8954 39
8962 44
8978 19
8980 95
8986 42
8992 32
8996 98
9000 76
9010 162
9026 36
9028 75
9032 42
9034 46
9040 80
9050 125
9074 81
9076 35
9090 72
9092 44
9098 39
9104 37
9106 89
9122 46
9124 45
9140 70
9146 95
9160 80
9162 52
9172 44
9178 76
9188 48
9194 33
9216 18
9220 76
9224 39
9232 36
9236 31
9242 35
9248 55
9250 166
9252 53
9256 89
9266 76
9274 52
9280 95
9290 75
9298 40
9314 41
9316 70
9320 83
9332 39
9344 39
9346 37
9360 68
9364 42
9370 83
9376 27
9378 32
9386 38
9396 38
9410 92
9412 95
9418 90
9428 63
9434 80
9442 46
9448 36
9458 43
9466 35
9472 42
9488 41
9490 124
9506 33
9508 35
9512 89
9522 20
9524 31
9530 73
9536 44
9540 61
9544 42
9554 89
9556 31
9572 43
9578 29
9586 37
9594 78
9602 48
9604 24
9608 41
9610 44
9616 30
9620 150
9626 43
9634 41
9640 72
9650 116
9668 30
9680 41
9684 43
9698 88
9700 136
9704 49
9722 31
9736 36
9738 40
9748 36
9754 39
9760 76
9764 50
9770 72
9778 45
9792 32
9800 66
9802 130
9808 27
9810 79
9818 43
9826 63
9832 32
9850 106
9860 144
9864 39
9866 42
9872 35
9874 42
9882 39
9892 41
9896 50
9898 42
9908 35
9914 37
9922 42
9928 78
9938 34
9946 40
9962 74
9970 87
9972 46
9986 37
9992 29
10000 107
10004 85
10016 43
10018 37
10026 47
10034 70
10036 81
10042 29
10048 45
10064 67
10082 16
10084 41
10088 91
10090 79
10100 113
10114 86
10116 41
10130 93
10132 77
10138 81
10144 37
10154 39
10162 43
10170 88
10180 77
10192 34
10196 37
10202 39
10210 68
10216 29
10226 37
10228 42
10240 41
10242 49
10244 81
10250 157
10256 42
10280 80
10282 67
10306 45
10312 36
10322 85
10324 68
10330 71
10368 8
10370 145
10372 46
10376 40
10378 46
10386 35
10388 29
10394 41
10400 99
10404 48
10408 45
10418 36
10420 89
10426 74
10436 30
10440 74
10448 33
10466 45
10468 44
10474 37
10484 42
10490 69
10496 28
10498 68
10504 67
10512 37
10522 32
10530 78
10532 44
10546 46
10548 36
10562 38
10568 46
10576 41
10580 31
10594 39
10600 106
10610 54
10618 37
10628 26
10634 71
10642 81
10656 33
10658 48
10660 146
10666 32
10674 42
10676 69
10682 40
10690 87
10706 79
10708 41
10728 32
10730 166
10756 37
10760 78
10762 31
10768 35
10772 30
10778 77
10784 31
10786 40
10804 63
10816 48
10818 38
10820 82
10826 33
10832 48
10834 39
10852 31
10858 69
10874 33
10880 64
10882 49
10888 28
10890 39
10898 37
10900 119
10916 37
10930 84
10946 66
10952 54
10954 41
10960 84
10964 42
10970 79
10980 79
10984 29
10996 39
11002 33
11012 48
11016 34
11024 84
11026 74
11034 32
11042 47
11048 31
11050 201
11072 45
11074 30
11080 77
11090 93
11106 32
11108 39
11114 36
11138 39
11140 65
11146 34
11152 73
11156 34
11162 39
11168 39
11170 57
11188 38
11194 59
11204 32
11216 46
11234 72
11236 54
11240 80
11250 114
11252 65
11258 73
11268 38
11272 36
11282 45
11290 66
11296 30
11300 116
11304 38
11306 29
11314 23
11322 70
11332 42
11336 59
11338 42
11344 31
11348 28
11368 40
11378 34
11380 86
11386 37
11392 37
11402 31
11412 32
11426 70
11428 38
11432 34
11434 38
11444 40
11450 108
11458 63
11464 39
11466 34
11474 32
11482 43
11492 113
11498 29
11520 33
11530 71
11538 35
11540 83
11552 23
11554 71
11560 104
11570 142
11584 39
11588 28
11600 96
11602 46
11618 83
11624 44
11626 32
11636 38
11642 31
11650 112
11664 15
11668 40
11674 79
11680 52
11698 33
11700 104
11714 38
11716 66
11720 70
11722 24
11728 31
11738 35
11752 79
11754 34
11762 37
11764 56
11794 31
11808 36
11810 73
11812 29
11826 41
11828 43
11834 79
11840 66
11848 35
11858 18
11860 77
11866 66
11876 35
11882 76
11890 131
11898 45
11906 32
11908 67
11912 30
11920 76
11930 60
11936 27
11944 31
11956 28
11962 26
11972 68
11978 54
11986 58
11988 31
12002 56
12004 31
12010 60
12020 66
12050 119
12058 31
12064 72
12074 41
12100 49
12104 65
12106 21
12112 32
12114 41
12116 71
12130 68
12132 28
12136 47
12146 36
12148 32
12164 43
12168 56
12170 71
12176 32
12178 38
12186 28
12196 27
12200 102
12202 35
12218 75
12226 31
12240 69
12242 28
12244 44
12250 73
12260 59
12266 34
12274 39
12290 56
12296 66
12304 39
12308 43
12322 59
12330 65
12340 73
12346 21
12352 32
12356 39
12368 33
12370 72
12392 35
12394 26
12402 70
12410 131
12416 33
12424 34
12434 38
12436 45
12442 32
12448 31
12456 39
12458 39
12482 16
12484 32
12490 74
12500 83
12506 106
12514 31
12520 72
12532 52
12538 51
12544 16
12546 72
12548 32
12554 28
12560 55
12564 22
12580 131
12584 27
12602 29
12608 41
12610 125
12618 26
12634 31
12644 62
12658 41
12674 30
12676 32
12680 69
12682 57
12688 72
12704 39
12706 31
12708 38
12722 46
12724 25
12740 70
12746 31
12752 39
12762 35
12770 67
12776 30
12778 32
12794 25
12800 56
12802 76
12808 29
12816 32
12818 133
12820 54
12826 29
12832 32
12836 34
12842 36
12850 94
12868 34
12872 32
12874 68
12884 28
12890 58
12898 32
12904 29
12916 23
12928 32
12932 64
12938 31
12944 28
12946 32
12960 23
12962 27
12968 24
12970 56
12994 63
12996 24
13000 113
13010 62
13012 23
13028 28
13032 38
13042 25
13050 87
13058 36
13060 66
13088 40
13096 30
13106 27
13108 66
13120 53
13122 17
13124 71
13130 127
13136 27
13138 30
13140 49
13154 33
13162 37
13172 69
13192 56
13194 26
13204 28
13210 51
13220 66
13226 65
13234 56
13250 130
13252 34
13256 19
13264 39
13274 31
13282 60
13284 23
13298 62
13306 31
13312 25
13316 25
13320 57
13322 23
13328 25
13346 32
13352 29
13364 60
13378 34
13394 51
13396 54
13402 42
13410 67
13418 32
13426 34
13428 25
13444 31
13448 50
13450 92
13456 39
13460 52
13466 31
13472 35
13474 24
13480 69
13492 36
13498 58
13514 62
13520 103
13522 29
13540 51
13544 41
13546 57
13556 34
13562 22
13568 35
13572 54
13576 33
13586 27
13600 74
13610 55
13626 35
13634 65
13648 21
13652 24
13658 27
13666 28
13672 28
13682 37
13690 105
13698 49
13700 71
13712 26
13714 36
13730 47
13732 19
13736 60
13738 33
13754 27
13768 31
13770 68
13778 19
13780 109
13786 57
13796 23
13810 69
13828 27
13834 20
13840 66
13842 23
13844 37
13850 88
13856 30
13858 80
13864 33
13876 17
13896 21
13898 22
13906 59
13914 35
13922 17
13924 19
13928 35
13940 108
13952 33
13954 20
13960 57
13968 31
13978 56
13988 43
13994 25
14002 30
14004 23
14020 52
14024 25
14026 24
14032 33
14036 28
14050 80
14066 47
14068 24
14090 55
14096 22
14112 10
14114 26
14116 23
14120 51
14130 53
14132 31
14138 27
14144 62
14152 77
14162 67
14164 25
14170 130
14180 54
14184 31
14186 58
14210 59
14216 22
14218 24
14228 32
14240 65
14242 28
14248 48
14258 22
14274 57
14282 55
14290 55
14292 27
14308 19
14312 27
14314 46
14324 29
14330 47
14346 29
14354 17
14356 58
14368 29
14372 14
14386 31
14400 46
14404 59
14408 20
14416 50
14418 23
14426 21
14436 30
14440 33
14450 117
14452 20
14458 23
14464 21
14468 29
14474 25
14480 65
14482 44
14500 112
14504 20
14506 30
14522 53
14530 64
14544 19
14548 22
14562 16
14578 70
14580 27
14594 33
14596 60
14600 79
14602 24
14612 54
14618 24
14624 25
14642 19
14650 57
14656 29
14660 54
14666 30
14690 96
14692 32
14698 25
14708 18
14722 54
14724 28
14738 20
14746 56
14752 21
14760 54
14762 19
14778 26
14786 21
14788 29
14792 14
14794 51
14800 89
14804 25
14810 57
14824 40
14834 27
14836 19
14842 40
14848 40
14864 12
14866 32
14884 32
14888 25
14890 48
14900 73
14906 60
14912 31
14914 23
14920 42
14922 28
14930 53
14932 32
14948 47
14954 27
14962 29
14976 33
14978 33
14984 22
14992 30
14994 27
15002 48
15016 18
15028 88
15034 19
15044 23
15056 21
15058 23
15074 20
15076 23
15080 102
15082 33
15098 26
15112 23
15122 18
15130 121
15138 29
15140 62
15146 18
15154 25
15156 33
15170 103
15172 24
15178 27
15184 40
15188 28
15208 25
15210 78
15220 54
15236 52
15242 29
15248 19
15250 90
15264 26
15266 56
15284 26
15298 13
15300 68
15304 23
15332 24
15338 23
15346 24
15354 18
15362 27
15368 52
15370 109
15376 16
15380 55
15386 29
15392 46
15412 30
15418 50
15424 25
15426 25
15434 33
15440 50
15460 36
15464 18
15476 59
15482 22
15488 11
15490 47
15496 40
15506 25
15508 25
15514 17
15520 40
15524 28
15530 42
15538 38
15556 31
15560 42
15570 49
15572 48
15578 34
15586 28
15588 19
15592 28
15602 50
15616 27
15626 64
15632 20
15634 25
15650 66
15658 26
15668 20
15674 55
15680 20
15682 26
15688 50
15696 28
15700 68
15706 23
15714 21
15716 15
15730 51
15746 27
15754 27
15760 43
15776 46
15784 29
15786 28
15794 48
15802 21
15826 47
15842 34
15844 59
15850 72
15858 26
15860 105
15866 22
15874 17
15876 12
15880 46
15892 53
15898 23
15908 42
15912 55
15914 44
15938 48
15940 42
15944 14
15952 19
15956 18
15970 50
15976 21
15986 20
16000 51
16004 23
16010 39
16018 16
16020 41
16034 28
16040 56
16042 34
16052 18
16066 35
16072 21
16084 23
16090 63
16106 21
16130 55
16132 33
16136 23
16138 23
16144 22
16154 36
16160 36
16162 23
16164 29
16178 16
16180 45
16186 27
16196 19
16200 31
16202 15
16208 23
16210 48
16218 40
16228 27
16232 33
16234 26
16250 108
16272 20
16276 48
16288 20
16290 39
16292 24
16298 40
16322 27
16328 50
16336 16
16354 88
16360 38
16362 27
16370 49
16372 24
16384 10
16388 56
16400 72
16418 21
16420 38
16424 29
16442 26
16448 12
16452 12
16456 26
16466 25
16474 34
16484 54
16488 23
16490 105
16498 51
16516 31
16528 19
16532 27
16538 21
16546 22
16552 16
16562 34
16564 44
16570 38
16580 50
16586 35
16592 31
16594 20
16596 17
16612 19
16628 17
16634 22
16640 41
16642 45
16648 22
16650 67
16658 25
16660 44
16666 44
16672 26
16690 51
16704 22
16706 32
16708 26
16712 19
16714 45
16722 18
16724 41
16738 27
16754 13
16762 66
16776 21
16778 19
16784 22
16804 24
16810 57
16820 53
16840 48
16848 21
16850 59
16858 14
16866 17
16868 18
16900 101
16904 19
16916 24
16922 27
16928 10
16930 38
16936 47
16938 15
16946 38
16954 22
16960 40
16964 19
16970 44
16976 20
16978 47
16994 48
17000 91
17002 16
17012 20
17026 30
17032 20
17042 18
17044 23
17056 46
17060 40
17074 22
17082 40
17090 38
17092 10
17096 25
17104 31
17128 13
17140 57
17146 20
17154 17
17156 22
17162 23
17168 47
17170 83
17172 22
17186 56
17188 23
17194 24
17210 50
17216 15
17218 11
17224 32
17242 38
17258 13
17266 33
17282 21
17284 39
17288 26
17298 17
17300 74
17306 42
17312 17
17316 46
17320 36
17330 43
17338 17
17348 20
17352 16
17354 23
17362 17
17370 50
17378 25
17384 37
17386 18
17396 17
17408 28
17410 34
17424 6
17426 11
17428 15
17440 55
17444 23
17450 70
17460 32
17474 21
17476 45
17482 17
17488 21
17492 30
17498 43
17506 19
17522 23
17524 48
17530 39
17536 25
17540 42
17552 17
17568 20
17576 50
17586 27
17588 22
17602 33
17620 43
17636 20
17640 29
17642 18
17650 54
17658 14
17666 17
17672 6
17674 16
17680 70
17684 17
17690 82
17698 21
17704 15
17714 37
17722 19
17728 25
17730 41
17738 13
17744 22
17748 41
17764 18
17768 20
17770 46
17786 18
17800 53
17810 84
17812 42
17824 17
17828 16
17834 49
17858 24
17866 14
17872 20
17876 48
17882 30
17890 32
17896 16
17908 23
17914 52
17924 21
17938 21
17946 24
17956 13
17960 43
17972 22
17978 41
17984 18
17986 25
17992 30
18000 37
18002 17
18010 31
18020 75
18026 21
18050 37
18052 21
18056 38
18058 21
18064 9
18068 12
18080 37
18082 20
18098 20
18100 63
18122 75
18130 43
18148 34
18152 26
18154 46
18162 16
18178 39
18180 43
18184 22
18196 18
18208 19
18212 38
18218 20
18226 42
18234 23
18244 12
18248 15
18250 76
18266 22
18274 19
18280 28
18292 34
18306 18
18314 16
18320 45
18322 22
18324 16
18338 43
18344 23
18346 16
18356 38
18362 16
18376 18
18378 16
18386 32
18388 17
18394 26
18418 14
18432 6
18434 37
18440 28
18442 17
18448 20
18450 58
18464 28
18472 16
18482 19
18484 18
18490 17
18496 34
18500 51
18504 14
18512 35
18514 19
18530 79
18532 37
18548 16
18554 25
18560 30
18562 15
18580 29
18586 19
18594 16
18596 16
18610 35
18628 23
18632 31
18640 41
18650 53
18664 26
18666 42
18674 14
18682 18
18688 13
18692 25
18698 15
18720 32
18728 21
18730 37
18740 28
18752 17
18754 27
18756 22
18770 46
18772 19
18778 30
18792 32
18794 22
18818 38
18820 38
18824 31
18826 28
18836 34
18842 19
18850 122
18856 20
18866 15
18868 26
18874 26
18882 12
18884 10
18890 31
18896 8
18914 25
18916 17
18922 18
18932 13
18938 42
18944 17
18946 12
18954 9
18976 21
18980 65
18994 12
19010 37
19012 13
19016 13
19018 32
19024 32
19042 17
19044 11
19048 16
19058 34
19060 39
19066 20
19072 14
19080 35
19088 12
19098 25
19106 35
19108 32
19112 18
19130 27
19144 18
19154 40
19156 17
19172 20
19186 39
19188 30
19202 15
19204 15
19208 11
19210 61
19216 16
19220 11
19226 14
19232 16
19240 70
19242 15
19252 13
19258 13
19268 11
19280 33
19298 16
19300 43
19306 20
19314 36
19322 19
19330 28
19336 16
19346 32
19354 11
19360 8
19368 13
19370 68
19378 15
19394 18
19396 25
19400 45
19402 27
19408 17
19442 18
19444 19
19450 50
19466 18
19472 23
19476 13
19490 37
19496 12
19498 19
19508 18
19520 32
19528 18
19538 13
19540 34
19546 29
19556 15
19562 15
19584 17
19594 32
19600 27
19602 6
19604 40
19610 68
19616 12
19618 33
19620 33
19634 16
19636 23
19652 28
19658 16
19664 20
19666 12
19674 23
19682 29
19700 64
19714 14
19720 68
19728 15
19730 33
19732 22
19744 15
19746 15
19748 9
19762 20
19764 14
19784 10
19786 24
19792 14
19796 14
19802 10
19816 20
19828 13
19844 15
19850 52
19856 32
19858 18
19876 16
19882 19
19890 70
19892 10
19898 7
19906 22
19924 37
19930 29
19940 23
19944 13
19946 19
19962 11
19970 41
19972 13
19984 10
19994 26
20000 38
20002 45
20008 36
20018 13
20032 17
20036 9
20050 50
20052 13
20068 45
20072 35
20074 14
20084 22
20090 45
20096 14
20098 38
20106 16
20114 25
20122 18
20128 34
20138 16
20162 42
20164 10
20168 11
20170 32
20176 27
20180 33
20186 17
20200 25
20228 29
20232 17
20242 26
20250 33
20260 33
20264 30
20266 22
20276 40
20282 18
20288 11
20290 29
20308 10
20322 15
20324 16
20338 6
20340 35
20354 19
20360 31
20362 15
20384 13
20386 11
20392 20
20402 24
20404 9
20410 69
20420 26
20432 11
20434 22
20450 42
20452 17
20456 15
20458 28
20474 24
20480 13
20484 16
20488 24
20498 26
20500 62
20506 20
20512 8
20530 25
20546 19
20560 39
20564 24
20570 38
20578 19
20602 15
20610 21
20612 16
20618 40
20624 11
20626 18
20642 17
20644 33
20648 28
20660 23
20666 13
20674 10
20690 36
20714 17
20722 28
20736 14
20738 12
20740 60
20744 15
20752 13
20754 7
20756 12
20772 16
20776 12
20788 10
20794 22
20800 43
20808 20
20810 32
20816 12
20826 37
20836 19
20840 27
20842 24
20852 18
20858 22
20866 16
20872 11
20880 28
20882 28
20890 45
20896 17
20906 10
20914 8
20932 10
20936 11
20938 15
20948 13
20954 13
20968 12
20970 31
20978 27
20980 25
20992 17
20996 19
21002 10
21008 35
21024 15
21026 19
21034 31
21044 6
21050 41
21058 13
21060 30
21064 11
21074 30
21092 16
21096 9
21106 28
21124 16
21130 36
21136 15
21146 23
21152 13
21160 11
21170 62
21178 19
21188 18
21194 16
21200 43
21202 16
21218 6
21220 31
21226 14
21236 18
21250 60
21256 11
21258 22
21268 26
21284 34
21290 34
21312 8
21314 15
21316 21
21320 46
21332 18
21346 23
21348 10
21352 20
21364 13
21370 35
21380 20
21386 34
21402 26
21410 27
21412 26
21416 13
21418 9
21456 11
21458 14
21460 43
21466 12
21474 12
21506 10
21512 13
21520 30
21524 14
21530 24
21536 11
21538 7
21544 19
21554 14
21556 20
21562 16
21568 11
21572 21
21578 8
21608 20
21610 24
21618 16
21632 24
21634 22
21636 10
21640 24
21650 44
21652 13
21658 28
21664 13
21668 15
21674 9
21682 33
21690 24
21704 10
21706 11
21716 18
21722 10
21730 46
21748 10
21754 26
21760 23
21764 13
21776 13
21778 9
21780 11
21794 19
21796 10
21800 48
21818 10
21832 15
21834 9
21860 19
21866 23
21874 10
21892 29
21898 16
21904 15
21906 17
21908 18
21914 10
21920 23
21922 19
21928 14
21940 25
21946 12
21960 27
21968 10
21970 52
21986 6
21992 6
22004 13
22018 19
22024 16
22032 11
22048 17
22050 17
22052 22
22058 21
22068 12
22082 20
22084 11
22090 14
22096 9
22100 80
22114 6
22122 10
22130 22
22138 12
22144 11
22148 16
22160 31
22178 19
22180 22
22186 12
22194 12
22202 22
22210 21
22212 12
22216 20
22226 17
22228 7
22234 12
22250 52
22266 12
22276 12
22280 18
22282 29
22292 15
22298 8
22304 20
22312 12
22322 5
22324 14
22336 10
22338 26
22340 16
22346 10
22354 12
22370 20
22376 11
22388 18
22394 12
22408 12
22426 13
22432 17
22442 12
22450 38
22468 27
22472 14
22474 25
22480 27
22482 14
22490 44
22500 22
22504 13
22514 9
22516 14
22522 14
22536 10
22544 10
22546 7
22562 25
22564 18
22570 41
22580 16
22592 15
22600 24
22608 11
22612 12
22628 11
22634 13
22642 11
22644 30
22658 10
22664 17
22672 19
22676 9
22688 13
22690 23
22696 5
22698 21
22706 7
22714 24
22730 21
22736 15
22738 11
22756 17
22760 27
22772 3
22784 10
22786 10
22802 24
22804 2
22810 15
22824 10
22826 21
22834 8
22850 38
22852 28
22856 10
22864 5
22868 5
22874 9
22882 22
22888 11
22898 2
22900 22
22906 23
22916 26
22922 18
22928 11
22930 20
22932 10
22948 7
22964 12
22970 19
22978 17
22984 28
22986 9
22994 7
22996 18
23018 19
23026 16
23040 10
23042 23
23050 33
23060 22
23076 8
23080 21
23090 24
23098 7
23104 5
23108 28
23120 33
23130 14
23140 38
23162 25
23168 8
23176 9
23186 12
23194 9
23200 34
23202 6
23204 11
23234 9
23236 20
23242 11
23248 5
23252 11
23258 29
23266 12
23272 15
23284 11
23290 56
23300 33
23314 7
23328 4
23330 17
23336 6
23346 10
23348 19
23354 13
23360 19
23362 17
23378 9
23396 14
23400 24
23402 10
23410 24
23418 13
23426 39
23428 7
23432 22
23434 14
23440 16
23444 7
23456 8
23458 19
23474 8
23476 7
23490 16
23504 22
23508 5
23524 10
23528 22
23530 42
23546 23
23554 13
23570 15
23578 12
23588 7
23602 14
23616 5
23618 10
23620 29
23624 14
23626 4
23634 27
23642 9
23652 9
23656 5
23666 11
23668 23
23680 15
23696 8
23698 33
23716 5
23720 26
23722 17
23732 17
23752 8
23762 8
23764 28
23770 15
23778 10
23780 53
23794 5
23796 4
23810 27
23812 6
23816 28
23818 8
23824 8
23834 22
23840 27
23850 28
23860 20
23866 14
23872 17
23882 6
23888 12
23890 23
23906 8
23912 9
23924 6
23930 26
23938 10
23944 23
23956 14
23962 5
23972 19
23976 9
24004 17
24008 11
24010 5
24020 27
24026 17
24034 20
24040 13
24050 53
24074 7
24082 5
24098 8
24100 29
24106 13
24116 3
24128 21
24138 10
24146 17
24148 7
24154 21
24170 12
24194 10
24200 20
24202 13
24208 16
24210 19
24212 8
24218 10
24224 8
24226 7
24228 10
24232 16
24250 39
24260 20
24264 5
24272 17
24274 12
24292 11
24296 8
24298 7
24314 9
24322 11
24328 10
24336 7
24340 16
24352 8
24356 9
24362 22
24370 21
24372 7
24386 23
24392 9
24394 11
24400 29
24404 7
24410 20
24418 18
24436 13
24442 9
24452 7
24466 16
24480 20
24482 8
24484 9
24488 13
24498 10
24500 17
24506 7
24520 18
24532 14
24538 12
24548 7
24554 8
24562 8
24578 13
24580 18
24592 19
24602 8
24608 3
24616 21
24634 12
24642 11
24644 9
24650 47
24658 17
24660 8
24674 26
24680 11
24692 7
24698 26
24704 5
24712 6
24714 11
24730 9
24736 13
24740 18
24746 12
24754 11
24770 15
24778 12
24784 12
24786 11
24788 10
24802 3
24804 11
24818 9
24820 27
24826 11
24832 5
24842 8
24848 14
24858 7
24866 7
24868 4
24872 9
24874 8
24884 7
24896 12
24912 6
24914 6
24916 5
24922 25
24930 18
24938 16
24946 11
24964 2
24968 5
24980 26
24986 1
24994 9
25000 22
25010 32
25012 28
25028 9
25034 6
25040 17
25064 15
25076 11
25082 7
25088 4
25090 34
25092 20
25096 5
25106 8
25108 4
25114 21
25120 14
25128 7
25138 15
25154 9
25160 33
25168 8
25178 12
25186 5
25202 10
25204 6
25210 16
25216 12
25220 38
25226 10
25236 6
25250 32
25258 21
25268 7
25274 10
25282 6
25288 19
25290 18
25306 11
25316 9
25330 25
25348 6
25352 7
25360 11
25362 11
25364 18
25376 18
25378 7
25394 8
25402 20
25408 8
25412 7
25416 6
25426 7
25434 8
25442 6
25444 9
25448 10
25450 21
25480 16
25490 11
25492 8
25504 4
25506 20
25514 6
25524 9
25538 12
25540 17
25546 20
25552 9
25556 5
25562 4
25570 25
25578 8
25588 11
25600 8
25604 15
25610 26
25616 13
25618 4
25632 6
25636 29
25640 16
25642 10
25652 8
25658 10
25664 5
25666 12
25672 9
25682 2
25684 8
25700 20
25706 7
25722 6
25736 5
25738 16
25744 6
25748 14
25768 6
25778 10
25780 14
25786 4
25794 4
25796 8
25808 7
25810 30
25826 21
25832 6
25834 4
25856 6
25864 15
25874 19
25876 10
25882 7
25888 8
25892 12
25906 10
25920 13
25922 10
25924 5
25930 9
25936 6
25940 13
25946 7
25970 19
25988 13
25992 1
25994 13
26000 18
26002 3
26010 17
26018 12
26020 15
26024 4
26042 14
26050 20
26056 6
26064 7
26066 8
26074 9
26084 5
26090 14
26098 4
26100 32
26116 6
26120 13
26122 13
26146 9
26154 9
26170 13
26176 6
26186 5
26192 5
26210 11
26212 6
26216 13
26218 8
26234 8
26240 11
26242 8
26244 5
26248 14
26260 29
26272 4
26276 6
26280 11
26282 12
26308 9
26324 8
26330 8
26338 10
26344 16
26354 9
26362 6
26370 14
26378 7
26384 10
26388 4
26408 3
26420 17
26426 12
26434 7
26440 14
26442 11
26450 8
26452 7
26458 7
26468 11
26482 10
26498 3
26500 17
26504 8
26506 16
26512 4
26522 9
26528 5
26546 13
26548 6
26564 14
26568 6
26570 13
26578 13
26594 8
26596 8
26612 5
26618 11
26624 6
26626 6
26632 7
26640 12
26644 9
26650 41
26656 6
26658 7
26674 5
26690 24
26692 2
26704 6
26714 6
26728 11
26738 14
26756 6
26762 11
26770 9
26788 11
26792 15
26794 8
26802 6
26804 2
26820 16
26834 7
26836 4
26842 6
26852 4
26856 7
26858 9
26874 8
26882 6
26888 5
26890 13
26896 12
26900 22
26912 7
26914 5
26920 11
26930 21
26932 6
26938 3
26944 6
26948 3
26954 6
26960 11
26962 26
26984 6
26996 16
27010 29
27026 6
27028 15
27040 11
27044 7
27050 17
27074 4
27080 16
27088 9
27092 18
27098 14
27106 9
27112 3
27124 7
27130 15
27136 7
27144 7
27146 4
27152 4
27154 5
27172 8
27194 6
27200 21
27220 9
27226 6
27234 19
27242 10
27250 21
27252 2
27266 6
27268 14
27274 14
27290 15
27296 4
27298 4
27304 6
27306 9
27316 7
27332 4
27338 4
27344 10
27346 7
27362 7
27364 1
27378 16
27380 17
27386 7
27394 5
27396 9
27400 25
27410 11
27418 7
27424 8
27428 6
27442 2
27450 19
27458 5
27460 14
27464 7
27472 10
27476 6
27490 12
27506 8
27508 3
27514 5
27530 10
27536 5
27538 5
27540 14
27556 4
27560 27
27572 9
27578 3
27586 6
27592 5
27602 8
27620 11
27634 13
27656 2
27658 6
27666 13
27668 4
27674 9
27680 9
27682 11
27684 5
27688 3
27700 13
27712 3
27716 15
27728 4
27746 5
27752 3
27754 5
27770 6
27792 8
27794 10
27796 4
27802 6
27812 13
27826 8
27828 10
27842 2
27844 2
27848 1
27850 15
27856 6
27866 2
27880 25
27882 5
27890 11
27898 37
27904 5
27908 7
27914 11
27920 12
27936 5
27938 15
27946 12
27954 5
27956 12
27970 8
27976 14
27988 2
27994 4
28004 4
28008 5
28010 17
28018 4
28026 8
28040 14
28048 3
28052 2
28058 5
28064 3
28066 6
28072 4
28090 13
28100 18
28114 3
28130 23
28132 9
28136 5
28162 3
28170 10
28178 5
28180 14
28186 10
28192 6
28224 2
28228 4
28232 6
28240 7
28250 25
28260 13
28264 7
28276 8
28288 16
28298 7
28304 9
28306 6
28314 5
28322 5
28324 8
28328 5
28330 11
28340 22
28346 5
28354 5
28360 9
28368 5
28370 12
28372 8
28394 5
28418 9
28420 5
28426 9
28432 6
28436 5
28442 8
28450 18
28456 6
28480 13
28484 4
28496 14
28514 15
28516 6
28522 5
28530 11
28548 9
28562 7
28564 14
28570 7
28580 15
28584 2
28586 5
28594 11
28610 14
28616 4
28618 15
28624 5
28628 9
28642 4
28648 7
28660 9
28682 2
28692 5
28708 5
28712 8
28714 6
28730 25
28736 4
28738 4
28744 3
28746 5
28762 6
28772 5
28778 8
28786 14
28800 9
28802 5
28808 8
28816 6
28818 3
28832 10
28834 8
28836 2
28850 12
28852 7
28872 5
28874 4
28880 4
28898 6
28900 25
28904 2
28906 7
28916 4
28922 4
28928 8
28936 7
28946 9
28948 5
28960 4
28962 5
28964 8
28970 13
28978 6
29000 22
29002 8
29008 5
29012 5
29042 9
29044 12
29060 12
29066 4
29074 5
29088 2
29090 10
29096 5
29098 5
29114 5
29122 4
29124 4
29138 6
29156 10
29160 4
29170 11
29178 3
29186 11
29188 5
29192 9
29200 15
29204 8
29224 9
29236 2
29242 2
29248 4
29250 12
29258 3
29266 3
29282 2
29284 4
29290 14
29300 10
29306 6
29312 6
29314 3
29320 6
29322 2
29332 5
29338 5
29354 7
29362 12
29378 8
29380 16
29384 7
29396 7
29402 11
29410 22
29416 6
29426 5
29434 3
29444 10
29448 8
29474 4
29476 2
29482 2
29492 3
29504 2
29506 4
29520 6
29522 4
29524 5
29530 11
29556 7
29570 9
29572 4
29576 4
29584 1
29588 10
29594 4
29600 15
29602 5
29608 3
29620 14
29626 6
29642 3
29648 9
29650 16
29668 2
29672 6
29674 4
29682 8
29684 13
29690 8
29696 4
29732 6
29738 3
29768 4
29770 14
29776 5
29780 10
29786 12
29794 2
29800 7
29812 9
29818 8
29824 1
29826 3
29828 9
29840 3
29844 3
29858 5
29860 7
29864 3
29866 7
29890 9
29896 5
29908 3
29914 4
29924 3
29930 13
29938 5
29952 6
29954 6
29956 4
29968 2
29970 11
29978 7
29984 4
29988 4
30004 5
30010 6
30026 3
30032 5
30034 7
30042 6
30050 14
30056 12
30068 5
30082 15
30088 4
30098 7
30106 2
30112 2
30116 1
30122 4
30146 3
30148 1
30160 16
30164 4
30196 3
30202 4
30218 8
30224 6
30242 1
30244 5
30250 9
30258 2
30260 15
30266 8
30274 3
30276 5
30280 4
30290 9
30292 3
30298 4
30308 4
30312 3
30322 3
30330 5
30340 14
30344 3
30346 5
30356 5
30368 4
30370 9
30376 9
30386 6
30410 5
30416 2
30420 10
30434 4
30440 9
30458 9
30466 2
30472 4
30474 4
30482 3
30484 2
30490 9
30496 4
30500 16
30528 4
30532 11
30538 2
30546 2
30554 2
30568 4
30578 1
30586 8
30596 2
30600 10
30608 2
30610 4
30626 1
30634 15
30650 13
30658 6
30664 1
30674 5
30676 4
30682 1
30692 2
30698 2
30706 8
30708 2
30722 3
30724 2
30736 7
30740 11
30746 6
30752 2
30754 4
30760 9
30762 6
30770 12
30772 5
30784 7
30794 10
30802 6
30824 8
30826 2
30836 4
30848 7
30850 6
30852 3
30880 10
30890 6
30906 7
30914 10
30920 6
30922 3
30928 2
30946 2
30952 4
30962 7
30964 1
30976 2
30978 2
30980 5
30986 5
30992 6
30994 7
31012 7
31016 4
31018 8
31028 3
31040 8
31048 3
31058 5
31060 6
31066 2
31076 7
31082 3
31090 5
31112 3
31120 9
31138 2
31140 5
31144 5
31154 5
31156 1
31162 2
31172 6
31176 5
31184 6
31194 1
31202 3
31204 12
31210 4
31226 8
31232 4
31250 7
31252 5
31258 5
31264 1
31266 4
31268 3
31282 2
31298 2
31300 11
31316 6
31330 16
31336 3
31338 5
31348 8
31354 8
31360 7
31370 11
31376 2
31378 9
31392 3
31400 6
31410 6
31412 5
31428 1
31432 1
31450 15
31460 10
31466 1
31474 7
31492 3
31498 5
31508 1
31520 3
31522 3
31538 6
31546 3
31552 10
31568 1
31572 4
31586 5
31588 7
31594 2
31604 2
31610 10
31618 2
31634 5
31642 4
31652 2
31684 3
31688 8
31690 4
31700 6
31714 4
31716 3
31720 7
31732 1
31748 2
31754 4
31760 3
31762 4
31770 5
31778 4
31784 5
31802 2
31810 7
31816 3
31824 10
31826 5
31828 4
31842 5
31850 5
31858 5
31874 3
31876 5
31880 8
31888 4
31898 8
31904 2
31912 4
31914 2
31940 10
31946 6
31952 3
31954 4
31972 2
31986 1
31994 3
32000 4
32002 2
32020 6
32036 3
32040 7
32042 6
32050 8
32058 7
32066 4
32068 2
32080 6
32084 2
32090 4
32104 4
32114 4
32122 3
32132 5
32138 5
32144 3
32146 2
32162 5
32168 3
32170 8
32180 3
32194 2
32202 2
32210 11
32212 1
32218 3
32260 4
32264 6
32266 11
32272 3
32276 4
32282 8
32288 3
32290 5
32306 6
32308 5
32320 7
32324 3
32328 3
32330 11
32356 3
32360 6
32372 5
32378 4
32386 1
32392 5
32400 7
32402 1
32404 3
32420 4
32434 3
32436 6
32456 1
32458 1
32464 3
32468 3
32474 5
32482 6
32490 2
32498 6
32500 16
32506 2
32530 6
32544 1
32546 4
32552 4
32554 8
32570 3
32576 3
32580 6
32584 3
32596 3
32602 1
32634 3
32644 1
32650 10
32656 8
32666 5
32672 2
32674 2
32698 4
32708 15
32720 7
32722 2
32724 4
32738 2
32740 4
32744 3
32762 1
32768 2
32770 14
32776 5
32786 7
32800 7
32810 10
32818 9
32834 2
32836 1
32840 6
32842 2
32848 1
32850 3
32866 3
32882 7
32884 1
32896 3
32904 2
32906 2
32912 1
32930 7
32932 1
32954 1
32962 2
32968 7
32976 3
32980 7
32986 2
32996 5
33002 6
33010 8
33026 2
33032 2
33050 4
33058 2
33064 1
33076 2
33104 2
33106 5
33122 2
33124 1
33128 2
33130 3
33140 4
33146 5
33154 2
33160 6
33172 3
33178 4
33184 3
33188 2
33192 4
33202 6
33210 1
33218 3
33224 2
33226 4
33266 3
33268 7
33282 2
33284 4
33290 4
33296 4
33298 4
33300 6
33314 3
33316 3
33320 4
33332 3
33346 3
33354 3
33380 6
33386 3
33408 2
33410 11
33412 3
33416 1
33424 3
33428 8
33434 5
33444 2
33448 7
33458 1
33466 3
33476 4
33482 6
33490 8
33498 4
33508 1
33514 5
33524 7
33538 2
33552 2
33556 2
33562 5
33568 1
33570 6
33602 7
33608 4
33610 7
33620 8
33640 6
33650 5
33658 1
33674 5
33680 6
33696 2
33700 5
33714 4
33716 3
33722 6
33730 5
33732 1
33736 2
33778 5
33786 2
33794 3
33800 6
33802 1
33808 2
33818 5
33826 8
33842 3
33844 1
33850 6
33860 1
33872 4
33874 1
33876 1
33890 3
33892 7
33898 2
33908 3
33920 3
33928 2
33930 14
33940 9
33952 2
33956 5
33962 4
33986 1
33988 5
34000 5
34002 2
34004 2
34018 5
34024 1
34042 3
34052 1
34058 1
34064 1
34082 1
34088 2
34106 2
34112 6
34114 4
34120 1
34130 4
34138 8
34148 1
34164 2
34180 6
34184 1
34202 2
34218 4
34226 6
34234 2
34250 6
34256 2
34274 2
34280 6
34282 2
34306 5
34308 1
34312 3
34322 1
34324 2
34330 8
34336 5
34340 5
34346 2
34354 1
34376 1
34378 3
34388 1
34394 1
34418 1
34420 5
34432 1
34434 2
34442 6
34450 8
34484 5
34490 2
34514 1
34516 1
34522 4
34532 5
34564 1
34568 5
34570 5
34576 1
34578 3
34586 2
34594 2
34600 4
34610 2
34612 4
34624 1
34632 6
34634 5
34640 5
34642 1
34660 3
34666 1
34676 1
34682 2
34690 4
34696 2
34704 2
34708 2
34714 2
34724 2
34740 5
34754 2
34756 3
34768 1
34772 4
34778 1
34786 1
34792 2
34794 2
34802 2
34810 2
34816 1
34820 4
34834 1
34850 11
34852 1
34856 2
34858 6
34866 3
34880 2
34888 1
34898 1
34900 3
34920 1
34946 2
34948 1
34952 5
34954 5
34970 10
34976 3
34978 2
34984 1
34994 1
34996 7
35010 1
35012 1
35018 1
35044 2
35048 1
35050 5
35060 4
35066 7
35072 2
35080 5
35082 2
35090 4
35104 2
35114 1
35122 2
35136 1
35146 3
35152 2
35162 1
35170 4
35172 2
35176 2
35186 2
35204 1
35240 3
35258 6
35272 1
35280 2
35284 1
35290 1
35298 3
35300 5
35314 2
35330 5
35332 2
35348 1
35360 4
35362 1
35368 4
35378 1
35380 9
35386 3
35396 2
35408 2
35410 4
35426 1
35428 1
35444 4
35450 6
35456 1
35458 1
35460 4
35474 1
35482 5
35488 3
35496 1
35506 2
35514 1
35522 2
35528 1
35536 3
35540 2
35554 5
35570 1
35572 1
35578 1
35594 6
35600 4
35620 10
35624 2
35648 1
35656 1
35666 4
35668 3
35674 4
35698 1
35716 2
35722 2
35732 3
35744 2
35746 2
35752 3
35764 3
35770 5
35780 2
35786 2
35792 2
35802 4
35810 2
35816 1
35828 6
35842 1
35858 3
35874 1
35876 1
35890 7
35892 2
35906 6
35912 2
35914 1
35920 7
35944 1
35946 1
35954 1
35956 2
35968 1
35984 4
36000 1
36004 1
36010 9
36020 2
36026 2
36040 2
36052 2
36058 2
36074 3
36082 2
36090 2
36098 1
36104 2
36112 2
36116 3
36122 1
36130 2
36136 2
36154 2
36160 4
36162 2
36164 3
36170 3
36178 2
36194 1
36200 7
36242 1
36244 6
36250 5
36260 4
36266 2
36296 2
36298 2
36304 3
36306 1
36308 4
36338 1
36346 3
36356 3
36360 3
36362 3
36368 2
36370 2
36424 2
36434 2
36450 2
36452 3
36458 1
36482 4
36488 2
36490 7
36496 1
36500 7
36506 1
36514 1
36530 8
36548 2
36554 2
36560 1
36562 3
36578 2
36584 3
36602 1
36612 1
36626 1
36628 1
36634 3
36640 2
36644 2
36648 2
36650 2
36676 3
36682 2
36688 1
36692 2
36706 3
36712 4
36730 5
36752 1
36756 2
36770 4
36772 2
36776 2
36788 3
36794 2
36810 2
36818 1
36826 1
36842 3
36868 3
36880 4
36884 3
36896 2
36900 1
36914 2
36928 3
36944 2
36946 1
36954 3
36962 3
36968 1
36970 1
36980 1
36986 1
36992 2
36994 2
37000 7
37010 8
37024 4
37026 2
37028 1
37042 1
37060 4
37064 3
37096 1
37098 1
37106 1
37108 2
37120 3
37124 1
37154 1
37160 4
37162 2
37178 2
37188 3
37192 1
37210 2
37220 1
37242 1
37250 7
37258 2
37264 5
37274 2
37280 3
37298 3
37300 6
37322 3
37328 3
37330 1
37332 3
37364 1
37370 12
37384 2
37396 2
37402 2
37418 2
37426 1
37440 2
37442 3
37458 2
37460 1
37474 4
37480 3
37508 1
37512 1
37514 1
37522 3
37540 1
37544 2
37546 1
37556 3
37570 6
37584 1
37586 1
37588 3
37594 1
37602 3
37610 3
37636 2
37648 1
37652 2
37690 2
37700 6
37706 4
37712 2
37732 1
37736 3
37738 1
37746 1
37748 1
37768 5
37778 2
37802 2
37826 1
37828 1
37834 2
37850 4
37864 1
37874 1
37876 1
37888 1
37890 3
37892 1
37908 2
37930 2
37946 1
37952 1
37960 6
37970 4
37978 1
37988 1
38018 2
38020 2
38026 1
38032 2
38036 2
38048 1
38050 2
38074 2
38084 1
38090 2
38096 2
38106 3
38116 3
38120 1
38138 1
38144 1
38146 3
38160 3
38186 1
38194 4
38196 1
38210 3
38212 1
38216 3
38218 2
38242 1
38250 3
38260 2
38266 3
38282 4
38288 1
38308 2
38312 2
38314 1
38322 1
38330 3
38338 2
38344 1
38372 2
38376 2
38386 1
38408 2
38416 2
38420 1
38426 1
38432 2
38450 3
38452 1
38464 1
38466 1
38474 2
38480 5
38484 3
38530 1
38536 1
38538 1
38554 5
38560 1
38578 2
38600 1
38602 1
38628 1
38642 2
38650 4
38660 1
38666 1
38674 2
38690 4
38714 3
38740 1
38746 1
38756 1
38788 2
38792 1
38800 2
38804 1
38810 3
38816 1
38818 2
38834 1
38842 1
38858 1
38866 1
38898 1
38900 3
38930 3
38932 1
38952 1
38954 3
38970 1
38978 2
38980 2
38986 3
38996 1
39034 1
39040 3
39042 1
39056 3
39076 3
39080 1
39082 2
39092 2
39098 1
39112 1
39114 4
39124 1
39154 2
39168 1
39170 2
39188 3
39194 4
39200 2
39202 1
39208 5
39220 2
39236 3
39240 2
39250 6
39266 2
39268 2
39274 1
39290 2
39298 1
39304 1
39322 2
39328 3
39338 2
39364 4
39394 1
39400 3
39428 2
39440 2
39442 1
39460 2
39464 2
39506 1
39524 1
39538 1
39546 1
39568 2
39572 2
39592 1
39602 1
39604 2
39626 3
39650 4
39656 1
39688 1
39690 1
39700 2
39712 2
39716 1
39722 1
39730 2
39752 1
39770 4
39778 1
39780 4
39794 2
39826 1
39834 2
39848 3
39850 3
39860 5
39874 1
39888 2
39890 5
39898 2
39940 1
39944 1
39946 1
39962 5
39968 1
39986 2
39988 2
40000 2
40004 1
40010 1
40016 1
40034 1
40036 1
40050 4
40100 1
40104 2
40130 1
40148 2
40178 2
40180 1
40192 1
40196 1
40202 1
40210 1
40226 1
40228 1
40234 1
40244 1
40256 1
40258 2
40274 2
40276 1
40322 3
40324 2
40330 4
40336 1
40340 2
40352 2
40378 2
40400 2
40402 1
40426 2
40442 1
40450 2
40456 2
40466 1
40500 2
40520 2
40522 3
40528 1
40532 1
40538 2
40552 1
40562 1
40564 2
40570 3
40576 1
40580 1
40616 3
40626 2
40676 1
40680 4
40682 1
40690 2
40708 1
40720 1
40762 1
40772 2
40786 1
40804 1
40820 3
40834 1
40842 1
40868 2
40898 1
40900 2
40904 1
40914 1
40916 2
40930 3
40948 2
40970 1
40996 3
41000 1
41012 1
41060 2
41066 3
41098 1
41120 6
41122 2
41140 2
41156 1
41186 1
41210 3
41220 1
41224 1
41236 3
41258 2
41274 1
41282 1
41288 2
41290 1
41296 2
41362 1
41410 3
41434 1
41450 2
41476 2
41480 1
41504 1
41506 1
41530 2
41544 1
41552 1
41562 1
41570 1
41578 1
41588 2
41616 1
41618 3
41632 2
41650 1
41652 1
41672 1
41744 2
41760 1
41764 1
41770 1
41780 1
41786 1
41810 5
41834 1
41876 1
41922 2
41938 1
41940 3
41960 3
41962 1
41984 1
41992 1
42002 2
42010 2
42016 1
42026 1
42034 1
42048 1
42050 5
42052 1
42068 2
42074 1
42100 1
42106 3
42138 1
42146 2
42170 2
42178 2
42194 2
42202 1
42212 1
42250 3
42260 1
42282 1
42290 1
42340 1
42386 1
42388 1
42400 1
42410 1
42426 1
42434 1
42436 1
42442 3
42466 3
42472 1
42500 3
42514 2
42530 1
42536 2
42538 2
42568 1
42578 2
42610 1
42628 1
42634 1
42640 3
42650 1
42664 2
42692 1
42698 3
42722 1
42728 1
42754 1
42786 1
42794 1
42802 1
42874 2
42890 1
42898 1
42920 2
42930 1
42932 2
42946 1
42970 2
43002 1
43018 1
43024 2
43040 1
43042 1
43048 1
43058 1
43074 1
43088 1
43108 1
43112 2
43178 1
43210 3
43220 2
43250 2
43264 2
43268 3
43290 1
43380 1
43394 1
43408 1
43412 1
43432 1
43460 2
43474 1
43490 1
43496 1
43508 1
43528 1
43588 1
43592 1
43634 1
43682 1
43720 1
43762 1
43810 2
43816 1
43828 1
43844 1
43858 1
43866 1
43906 4
43940 1
43954 1
43970 1
43984 1
44018 1
44048 1
44050 1
44074 1
44090 1
44100 1
44104 1
44122 1
44146 1
44164 2
44200 5
44218 2
44276 1
44296 1
44370 1
44378 1
44386 1
44402 1
44410 2
44424 1
44426 1
44434 1
44452 1
44474 1
44500 1
44522 2
44530 2
44564 2
44570 2
44596 1
44602 1
44608 1
44648 1
44676 1
44680 1
44692 1
44698 1
44708 2
44740 1
44762 1
44776 2
44794 1
44810 1
44852 1
44874 1
44900 2
44906 1
44930 1
44948 1
44960 1
44962 2
44980 4
45008 2
45032 1
45050 3
45088 1
45170 1
45178 1
45200 2
45242 1
45268 2
45362 1
45370 3
45378 1
45450 1
45460 2
45506 1
45512 1
45530 1
45544 1
45572 1
45610 1
45620 2
45648 1
45652 1
45698 1
45700 1
45722 1
45730 1
45764 1
45796 1
45800 1
45802 1
45810 1
45812 1
45832 2
45890 1
45922 1
45946 1
45970 2
45972 1
45988 1
46034 2
46052 1
46080 1
46084 1
46100 1
46152 1
46160 1
46202 2
46216 1
46226 1
46240 1
46250 1
46274 1
46330 1
46346 1
46352 1
46370 1
46372 1
46400 1
46468 1
46532 2
46544 1
46546 1
46570 2
46580 1
46586 1
46594 1
46660 1
46674 1
46696 2
46754 1
46800 1
46818 1
46826 1
46852 2
46864 1
46916 2
46952 1
46980 1
46994 2
47016 2
47018 1
47056 1
47060 1
47090 3
47092 1
47098 2
47108 2
47114 1
47122 1
47156 1
47170 1
47240 1
47266 1
47268 1
47314 1
47330 2
47336 1
47440 2
47450 2
47464 1
47528 1
47530 1
47556 1
47594 1
47632 1
47668 1
47714 1
47776 1
47780 1
47890 1
47970 2
48008 1
48042 1
48080 2
48178 1
48186 1
48226 1
48242 1
48362 1
48400 2
48420 1
48452 1
48500 1
48520 2
48618 1
48656 1
48680 1
48690 1
48698 1
48724 1
48772 1
48778 1
48800 1
48890 2
48938 1
48960 1
48962 1
49050 1
49184 1
49250 1
49282 1
49288 2
49300 2
49370 1
49424 1
49474 1
49684 1
49732 1
49738 1
49778 1
49824 1
49850 1
50018 1
50020 1
50170 1
50192 1
50212 1
50306 1
50338 1
50516 1
50548 1
50576 1
50580 3
50660 1
50704 1
50986 1
51012 1
51076 1
51080 1
51092 1
51130 1
51140 2
51154 1
51220 1
51314 1
51400 1
51538 2
51714 1
51844 2
51988 1
52004 1
52020 1
52450 1
52474 1
52756 1
52880 1
52882 1
52936 1
53000 1
53066 1
53170 1
53330 1
53348 1
53402 2
53650 1
53716 1
53864 1
54080 1
54242 1
54394 1
54458 1
54650 1
54772 1
54820 1
54938 1
55012 1
55058 1
55112 1
55226 1
55240 1
55666 1
55684 1
55952 1
55962 1
56116 1
56450 1
56610 1
56648 1
56992 1
57128 1
57146 1
57330 1
57428 1
57616 1
57928 1
58000 1
58626 1
58946 1
59130 1
59218 1
60520 1
60736 1
61450 1
61520 1
62280 1
62500 1
62504 1
62900 1
63610 1
63828 1
65764 1
65986 1
67306 1
69458 1
70020 1
70850 1
75466 1
77480 1
81832 1
88234 1
91604 1
92432 1
99306 1
99914 1
102416 1
109850 1
112450 1
115034 1
116276 1
116946 1
118882 1
119034 1
119050 1
120874 1
121234 1
123250 1
123656 1
125600 1
126290 1
126634 1
126866 1
126922 1
127432 1
130084 1
130176 1
130250 1
130322 1
130402 1
130896 1
131770 1
132516 1
132808 1
132922 1
134132 1
134408 1
136786 1
137250 1
139322 1
140090 1
140666 1
141256 1
142130 1
142258 1
143492 1
143866 1
143978 1
144512 1
156680 1
157072 1
158020 1
158570 1
160324 1
161330 1
163202 1
163930 1
169682 1
171652 1
171946 1
173906 1
177172 1
178120 1
178820 1
182178 1
186768 1
188612 1
189250 1
197668 1
234020 1
273104 1
