N J h mean_R_sq err_mean_R_sq mean_R_gyr_sq err_mean_R_gyr_sq 
2500 1.315 0 5727.22 3398.48 1082 453.213
13 1
25 1
45 1
53 1
61 1
65 1
85 1
97 1
125 1
145 1
153 2
181 1
185 2
205 1
229 1
241 1
257 1
265 1
269 2
305 3
313 1
325 1
337 1
349 1
365 1
377 1
389 1
397 1
425 2
433 2
449 1
461 1
485 1
509 1
533 1
545 2
569 2
585 1
593 1
601 2
605 1
617 1
625 2
653 1
661 1
673 1
685 3
689 1
697 1
725 2
733 1
745 1
757 1
769 1
793 1
797 3
821 2
857 2
865 1
877 1
929 2
949 2
953 1
961 1
965 2
977 1
985 2
1017 1
1025 1
1033 1
1037 1
1069 1
1093 1
1097 1
1105 2
1109 1
1153 1
1157 3
1165 2
1189 1
1201 1
1205 2
1225 1
1233 1
1237 1
1261 2
1285 1
1289 1
1325 3
1345 1
1361 1
1369 1
1381 1
1405 1
1409 1
1417 1
1445 4
1517 2
1521 1
1525 3
1537 1
1553 1
1557 1
1565 1
1573 2
1601 1
1613 1
1621 1
1625 1
1669 1
1741 3
1745 1
1765 1
1769 3
1773 1
1777 2
1825 1
1845 2
1853 1
1865 1
1877 1
1885 1
1889 1
1913 1
1937 1
1945 2
1961 1
1989 1
2041 2
2105 2
2113 1
2125 1
2129 1
2197 2
2209 1
2285 1
2305 1
2329 1
2377 1
2385 1
2405 2
2417 1
2425 1
2441 1
2509 1
2525 1
2581 1
2593 1
2605 1
2657 1
2705 1
2813 2
2817 1
2825 2
2853 1
2873 2
2885 1
2897 1
2917 1
2925 1
2929 1
2993 1
3005 1
3025 2
3033 1
3125 2
3133 2
3145 1
3177 1
3205 1
3281 1
3321 1
3341 1
3349 1
3357 1
3425 1
3445 1
3485 2
3509 1
3533 1
3573 1
3625 3
3665 1
3673 1
3701 1
3825 1
3865 1
3881 1
3897 1
3925 1
4033 1
4069 2
4113 1
4133 1
4145 1
4153 1
4225 1
4253 1
4553 1
4657 1
4685 1
4745 1
4805 1
4869 1
4961 1
4993 1
5057 1
5305 1
5389 1
5525 2
5653 1
5941 1
5965 1
6001 1
6085 1
6217 1
6409 1
6705 1
6833 1
6841 1
6885 1
7397 1
7497 1
7649 1
7741 1
7829 1
8125 1
9137 1
9469 1
10145 1
11045 1
141601 1
142925 1
147277 1
157725 1
195581 1
228509 1
