N J h mean_R_sq err_mean_R_sq mean_R_gyr_sq err_mean_R_gyr_sq 
900 1.27 0 6611.79 225.638 1008.53 42.8829
1 6
5 11
9 10
13 13
17 17
25 41
29 15
37 23
41 25
45 18
49 10
53 18
61 21
65 40
73 17
81 12
85 55
89 18
97 27
101 26
109 32
113 32
117 29
121 18
125 60
137 29
145 34
149 28
153 25
157 35
169 38
173 19
181 30
185 55
193 37
197 27
205 50
221 48
225 50
229 35
233 34
241 36
245 23
257 31
261 24
265 54
269 24
277 40
281 39
289 40
293 30
305 68
313 26
317 20
325 92
333 29
337 21
349 39
353 30
361 22
365 64
369 39
373 36
377 59
389 35
397 29
401 38
405 28
409 22
421 22
425 100
433 26
441 10
445 61
449 32
457 28
461 32
477 27
481 73
485 61
493 71
505 62
509 32
521 32
529 14
533 56
541 34
545 79
549 34
557 30
565 58
569 32
577 33
585 64
593 39
601 37
605 28
613 24
617 28
625 67
629 56
637 26
641 25
653 34
657 30
661 34
673 32
677 36
685 62
689 65
697 44
701 21
709 33
725 101
729 17
733 37
745 68
757 32
761 30
765 57
769 39
773 35
785 67
793 63
797 31
801 37
809 34
821 39
829 29
833 30
841 53
845 110
853 36
857 40
865 54
873 40
877 33
881 33
901 58
905 72
909 34
925 94
929 32
937 26
941 26
949 55
953 38
961 14
965 57
977 35
981 28
985 60
997 37
1009 30
1013 35
1017 31
1021 30
1025 108
1033 25
1037 63
1049 33
1053 34
1061 26
1069 52
1073 58
1089 11
1093 43
1097 37
1105 127
1109 53
1117 40
1125 51
1129 37
1145 81
1153 45
1157 77
1165 71
1181 29
1189 65
1193 33
1201 35
1205 67
1213 55
1217 34
1225 38
1229 31
1233 27
1237 26
1241 75
1249 30
1261 68
1277 25
1285 69
1289 32
1297 34
1301 36
1305 74
1313 58
1321 37
1325 103
1341 37
1345 68
1361 36
1369 61
1373 26
1377 35
1381 38
1385 69
1405 61
1409 48
1413 31
1417 72
1421 25
1429 38
1433 27
1445 111
1453 36
1465 68
1469 73
1481 36
1489 44
1493 36
1513 65
1517 64
1521 50
1525 106
1537 64
1549 30
1553 29
1557 31
1565 72
1573 33
1585 70
1597 51
1601 41
1609 30
1613 38
1621 23
1625 129
1629 42
1637 32
1649 73
1657 23
1665 56
1669 29
1681 48
1685 68
1693 37
1697 31
1709 32
1717 72
1721 24
1733 35
1737 31
1741 29
1745 69
1753 34
1765 63
1769 62
1773 39
1777 32
1781 76
1789 23
1801 28
1805 38
1813 36
1825 110
1845 79
1849 19
1853 59
1861 50
1865 63
1873 32
1877 38
1885 143
1889 35
1901 29
1913 40
1921 65
1933 41
1937 73
1945 81
1949 46
1961 62
1973 35
1985 54
1989 66
1993 35
1997 39
2005 75
2009 41
2017 21
2025 55
2029 32
2041 67
2045 72
2053 50
2057 36
2061 25
2069 37
2081 27
2089 32
2097 36
2105 63
2113 51
2117 70
2125 142
2129 27
2137 37
2141 27
2153 36
2161 35
2165 75
2169 28
2173 65
2197 65
2205 40
2209 17
2213 34
2221 28
2225 92
2237 30
2245 66
2249 55
2257 59
2269 36
2273 35
2281 31
2285 61
2293 36
2297 36
2305 65
2309 32
2313 37
2329 78
2333 37
2341 30
2349 31
2353 76
2357 29
2377 27
2381 32
2385 65
2389 44
2393 25
2401 18
2405 151
2417 34
2421 30
2425 105
2437 26
2441 29
2465 132
2473 41
2477 39
2493 28
2501 87
2509 64
2521 26
2525 89
2529 34
2533 63
2545 82
2549 37
2557 32
2561 68
2581 66
2593 38
2597 28
2601 54
2605 72
2609 29
2617 37
2621 38
2633 46
2637 21
2645 34
2657 40
2665 132
2669 68
2677 43
2689 23
2693 37
2701 62
2705 64
2713 25
2725 75
2729 32
2741 29
2745 51
2749 27
2753 24
2777 15
2785 46
2789 31
2797 28
2801 33
2809 33
2813 60
2817 30
2825 91
2833 38
2837 40
2845 74
2853 41
2857 36
2861 39
2873 72
2885 80
2897 29
2909 35
2917 47
2925 121
2929 61
2941 59
2953 25
2957 39
2965 72
2969 27
2977 53
2989 29
2993 65
2997 31
3001 36
3005 70
3025 46
3029 48
3033 40
3037 35
3041 36
3049 40
3061 36
3065 69
3077 56
3085 67
3089 36
3109 30
3121 26
3125 91
3133 72
3137 31
3141 30
3145 130
3161 64
3169 27
3177 23
3181 27
3185 69
3205 59
3209 35
3217 31
3221 21
3229 37
3233 77
3249 17
3253 25
3257 36
3265 57
3277 57
3281 71
3285 62
3293 71
3301 43
3305 63
3313 39
3321 34
3329 28
3341 66
3349 71
3357 43
3361 29
3365 58
3373 32
3385 72
3389 40
3393 64
3413 38
3425 104
3433 36
3445 143
3449 23
3457 42
3461 37
3469 28
3481 16
3485 124
3497 67
3501 18
3505 54
3509 43
3517 31
3529 34
3533 35
3541 26
3545 66
3557 26
3573 24
3577 26
3581 36
3589 59
3593 34
3601 52
3609 32
3613 34
3617 30
3625 124
3637 32
3645 36
3649 70
3653 54
3665 62
3673 36
3677 40
3681 33
3697 24
3701 36
3709 26
3721 45
3725 110
3733 32
3737 59
3757 80
3761 43
3769 25
3785 63
3789 24
3793 29
3797 31
3805 68
3809 63
3821 34
3825 94
3833 35
3845 82
3853 31
3865 64
3869 60
3877 41
3881 35
3889 29
3893 64
3897 22
3917 34
3925 93
3929 29
3961 64
3965 97
3969 14
3973 67
3977 43
3985 62
3989 28
4001 39
4005 69
4013 33
4021 37
4033 74
4041 36
4045 56
4049 30
4057 38
4069 53
4073 33
4093 26
4097 61
4105 58
4113 25
4121 51
4129 22
4133 22
4141 56
4145 56
4149 30
4153 32
4157 26
4165 53
4177 21
4181 54
4201 24
4205 95
4217 24
4225 139
4229 36
4241 32
4253 29
4261 33
4265 51
4273 34
4285 68
4289 27
4293 35
4297 33
4321 64
4325 97
4329 56
4337 22
4349 22
4357 25
4361 27
4365 53
4369 57
4373 33
4381 58
4385 63
4397 31
4405 63
4409 25
4421 33
4437 60
4441 41
4453 74
4457 23
4469 57
4477 30
4481 24
4489 14
4493 21
4505 109
4513 23
4517 30
4525 96
4537 72
4545 65
4549 24
4553 60
4561 31
4573 53
4581 27
4589 64
4597 35
4621 29
4625 124
4633 46
4637 34
4645 50
4649 33
4657 35
4673 26
4685 65
4689 29
4693 24
4705 63
4709 64
4717 71
4721 27
4729 33
4733 31
4745 107
4753 33
4761 12
4765 46
4777 47
4789 22
4793 27
4797 56
4801 36
4805 35
4813 31
4817 34
4825 83
4849 44
4861 23
4869 17
4877 38
4885 62
4889 34
4901 78
4905 57
4909 19
4913 66
4925 90
4933 25
4937 25
4941 27
4949 28
4957 25
4961 30
4969 22
4973 30
4981 47
4985 62
4993 30
5009 26
5013 22
5017 53
5021 17
5041 9
5045 52
5057 54
5065 45
5069 61
5077 29
5081 33
5085 42
5101 32
5105 51
5113 33
5121 26
5125 128
5141 49
5153 33
5161 62
5165 56
5185 119
5189 27
5193 29
5197 25
5209 31
5213 51
5233 27
5237 26
5245 45
5249 59
5261 31
5265 56
5273 17
5281 39
5297 24
5305 48
5309 16
5317 57
5321 42
5329 49
5333 29
5337 37
5341 27
5345 57
5353 50
5365 98
5381 27
5389 59
5393 21
5409 21
5413 26
5417 25
5429 52
5437 25
5441 16
5445 24
5449 22
5465 51
5473 65
5477 22
5485 56
5501 39
5513 50
5517 24
5521 25
5525 147
5537 23
5545 51
5553 19
5557 27
5569 25
5573 38
5581 21
5585 54
5597 50
5617 51
5625 66
5629 43
5641 28
5645 46
5653 21
5657 23
5661 45
5669 23
5689 24
5693 28
5701 22
5713 50
5717 27
5725 87
5729 54
5733 21
5737 22
5741 20
5749 27
5765 51
5769 27
5777 62
5785 113
5801 19
5809 41
5813 15
5821 28
5825 86
5837 49
5849 29
5857 22
5861 22
5869 19
5877 24
5881 23
5897 28
5905 58
5913 40
5917 32
5929 10
5933 66
5941 55
5945 80
5949 15
5953 26
5965 53
5981 26
5989 43
5993 49
6001 33
6005 58
6025 100
6029 22
6037 21
6053 27
6057 25
6065 45
6073 20
6085 57
6089 26
6093 21
6101 27
6109 60
6113 28
6121 24
6125 49
6133 24
6137 30
6145 51
6161 51
6165 49
6173 26
6185 51
6197 17
6201 42
6205 87
6217 25
6221 33
6229 26
6241 13
6245 57
6253 70
6257 20
6269 20
6273 58
6277 13
6301 20
6305 105
6309 27
6317 26
6329 23
6337 22
6341 49
6353 23
6361 19
6373 22
6381 28
6385 53
6389 17
6397 20
6401 40
6409 93
6413 27
6421 33
6425 79
6437 40
6445 51
6449 26
6469 26
6473 19
6481 18
6485 52
6497 47
6505 42
6521 24
6525 73
6529 18
6553 28
6561 6
6565 95
6569 23
6577 25
6581 21
6597 25
6605 40
6613 35
6617 57
6625 92
6637 21
6641 50
6649 53
6653 29
6661 25
6673 25
6689 19
6697 32
6701 27
6705 39
6709 16
6713 13
6725 69
6733 24
6737 26
6749 43
6757 44
6761 32
6773 39
6781 15
6793 24
6805 49
6813 19
6817 43
6829 28
6833 23
6841 24
6845 56
6849 12
6857 32
6865 47
6869 20
6877 23
6885 55
6889 10
6893 43
6905 38
6917 22
6921 36
6925 63
6929 63
6949 21
6953 35
6957 23
6961 22
6977 33
6989 39
6997 25
7001 23
7013 19
7025 66
7033 41
7045 42
7057 18
7065 39
7069 26
7081 30
7085 81
7093 44
7105 59
7109 16
7121 18
7129 21
7137 47
7141 38
7145 42
7157 36
7165 36
7173 21
7177 20
7193 25
7209 25
7213 23
7225 103
7229 25
7237 21
7241 41
7253 24
7261 54
7265 47
7281 28
7289 46
7297 25
7301 19
7309 17
7321 21
7325 63
7333 31
7345 94
7349 27
7361 30
7369 28
7373 41
7381 18
7389 17
7393 17
7397 48
7405 42
7417 16
7421 43
7433 23
7445 45
7453 45
7457 28
7461 29
7465 35
7477 28
7481 22
7489 28
7497 19
7501 44
7517 23
7529 21
7537 22
7541 23
7549 23
7561 16
7565 78
7569 33
7573 16
7577 21
7585 72
7589 24
7605 60
7621 24
7625 78
7633 39
7649 21
7669 19
7673 21
7677 14
7681 16
7685 93
7693 21
7709 41
7713 15
7717 22
7741 14
7745 51
7753 21
7757 13
7765 47
7769 37
7785 31
7789 25
7793 19
7801 36
7813 32
7817 28
7825 49
7829 24
7837 43
7841 13
7853 21
7857 14
7865 42
7873 15
7877 23
7893 19
7897 49
7901 28
7913 37
7921 27
7925 55
7929 24
7933 23
7937 20
7949 18
7957 32
7969 48
7985 31
7993 14
8005 37
8009 22
8017 24
8021 46
8033 41
8045 27
8053 16
8065 42
8069 18
8077 36
8081 25
8089 16
8093 20
8101 18
8105 43
8109 40
8117 16
8125 106
8145 40
8149 36
8161 14
8177 82
8181 25
8185 45
8209 15
8221 26
8233 19
8237 16
8245 75
8249 44
8269 27
8273 23
8281 39
8285 34
8293 19
8297 24
8317 19
8321 36
8325 43
8329 25
8333 44
8345 35
8353 16
8357 31
8361 20
8369 22
8377 18
8381 54
8389 19
8405 56
8425 45
8429 26
8433 23
8461 15
8465 42
8469 19
8473 35
8477 18
8485 29
8489 35
8497 30
8501 22
8513 12
8521 17
8537 14
8541 36
8545 30
8573 13
8577 24
8581 14
8585 50
8593 36
8597 18
8605 32
8609 19
8621 38
8629 20
8633 51
8641 25
8649 7
8653 24
8665 33
8669 15
8677 30
8681 14
8685 38
8689 22
8693 12
8705 40
8713 13
8725 51
8737 10
8741 16
8749 39
8753 14
8761 14
8765 34
8793 12
8801 34
8821 14
8825 56
8829 11
8833 16
8837 20
8845 68
8849 12
8857 29
8861 11
8865 36
8869 13
8885 42
8893 16
8905 69
8917 35
8929 16
8933 15
8941 13
8945 25
8957 45
8969 11
8973 17
8989 32
8993 15
9001 23
9005 49
9013 10
9025 29
9029 17
9041 9
9049 14
9061 62
9065 21
9077 42
9081 14
9089 26
9109 15
9113 26
9117 15
9125 62
9133 19
9137 14
9153 12
9157 14
9161 14
9169 29
9173 17
9181 12
9189 16
9193 32
9197 29
9209 14
9217 30
9221 16
9225 48
9241 14
9245 22
9257 15
9265 61
9277 13
9281 20
9293 15
9297 19
9305 25
9325 48
9333 36
9337 16
9341 18
9349 20
9365 27
9377 21
9385 35
9389 30
9397 13
9409 13
9413 16
9421 12
9425 89
9433 15
9437 12
9441 21
9445 23
9457 12
9461 21
9469 21
9473 10
9477 12
9497 17
9505 20
9509 29
9521 15
9529 26
9533 12
9549 19
9553 32
9565 35
9577 30
9593 29
9601 13
9605 68
9613 10
9621 14
9629 16
9649 18
9653 9
9657 20
9661 14
9665 32
9673 20
9677 18
9685 87
9689 13
9697 14
9701 29
9721 15
9725 44
9733 11
9745 32
9749 12
9769 15
9773 15
9781 20
9797 29
9801 10
9805 56
9809 30
9817 17
9829 9
9833 19
9837 22
9841 27
9857 12
9865 28
9873 13
9881 37
9893 22
9901 14
9925 43
9929 9
9941 14
9945 58
9949 22
9953 25
9965 29
9973 14
9981 13
9985 23
9997 34
10001 31
10009 18
10025 40
10037 12
10045 29
10049 34
10053 10
10057 32
10061 13
10069 16
10081 31
10085 33
10093 15
10121 29
10125 19
10133 10
10141 12
10145 27
10161 10
10169 11
10177 15
10181 11
10193 12
10201 31
10205 65
10217 19
10225 24
10229 31
10237 28
10249 19
10253 15
10265 31
10273 18
10285 31
10289 17
10301 16
10305 28
10309 37
10313 14
10321 9
10333 14
10337 15
10345 33
10357 12
10361 23
10369 16
10377 14
10397 25
10405 32
10413 36
10421 28
10429 13
10433 16
10441 18
10445 25
10453 14
10457 5
10469 9
10477 6
10485 26
10489 30
10501 11
10513 16
10517 31
10525 47
10529 17
10537 21
10553 24
10565 17
10573 25
10585 70
10589 4
10597 17
10601 13
10609 3
10613 20
10625 69
10629 17
10645 23
10657 10
10673 24
10685 17
10693 33
10701 21
10705 15
10709 16
10729 13
10733 13
10737 12
10753 15
10765 29
10769 10
10777 18
10781 10
10789 17
10805 18
10809 18
10817 21
10825 36
10829 28
10837 7
10841 19
10845 14
10853 14
10861 9
10865 48
10877 29
10889 16
10897 15
10909 15
10917 10
10933 34
10937 9
10949 10
10953 9
10957 14
10961 24
10973 15
10985 46
10993 18
11009 32
11025 21
11029 23
11041 25
11045 9
11057 8
11061 13
11065 24
11069 13
11089 15
11093 11
11097 8
11101 19
11105 34
11113 12
11117 12
11125 50
11133 11
11141 16
11149 10
11161 9
11169 27
11173 13
11177 14
11185 34
11197 8
11213 15
11221 13
11225 33
11237 20
11241 15
11245 50
11257 15
11261 9
11273 10
11281 22
11285 43
11317 9
11321 11
11329 14
11345 27
11349 21
11353 3
11357 13
11365 21
11369 10
11393 18
11401 32
11405 31
11413 23
11417 14
11425 25
11437 4
11441 16
11449 5
11453 19
11461 18
11465 25
11485 25
11489 12
11493 9
11497 8
11509 16
11513 17
11521 28
11525 35
11545 13
11549 9
11565 19
11581 25
11593 18
11597 12
11601 7
11617 8
11621 13
11629 21
11633 7
11645 32
11657 14
11665 17
11673 9
11677 6
11681 8
11689 10
11701 9
11705 21
11709 7
11713 44
11717 8
11729 20
11737 8
11745 16
11765 37
11773 19
11777 9
11785 24
11789 13
11801 12
11809 8
11813 9
11817 21
11821 14
11833 10
11849 38
11861 28
11881 13
11885 20
11889 15
11897 11
11905 22
11909 7
11917 22
11925 32
11933 11
11941 14
11945 18
11953 4
11965 8
11969 6
11981 3
12005 11
12013 17
12017 19
12025 72
12037 7
12041 10
12049 11
12053 14
12069 9
12073 7
12077 18
12085 22
12097 11
12101 7
12105 16
12109 6
12113 9
12125 38
12137 15
12149 9
12157 6
12161 13
12181 20
12185 19
12193 20
12197 14
12205 17
12209 19
12221 10
12233 15
12241 8
12249 8
12253 13
12269 9
12277 9
12281 8
12289 13
12301 11
12317 23
12321 16
12325 74
12329 8
12337 36
12349 19
12357 7
12365 21
12373 7
12377 3
12385 18
12389 23
12393 9
12401 12
12409 7
12413 7
12421 10
12429 8
12433 9
12437 16
12457 12
12461 22
12465 16
12469 22
12473 12
12493 8
12497 6
12505 23
12517 8
12541 5
12545 34
12553 7
12557 15
12569 9
12577 14
12589 8
12593 5
12601 9
12605 28
12613 10
12625 37
12629 18
12637 7
12641 13
12645 15
12653 13
12665 37
12681 10
12689 7
12697 9
12701 18
12713 4
12717 14
12721 8
12725 28
12745 21
12753 16
12757 10
12769 19
12773 11
12781 10
12785 12
12789 6
12805 33
12809 8
12821 10
12829 11
12833 14
12841 5
12853 4
12861 10
12869 14
12889 8
12893 19
12897 6
12905 33
12913 19
12917 10
12937 22
12941 9
12953 5
12961 20
12965 15
12973 10
12985 21
12997 20
13001 11
13005 23
13009 7
13021 16
13025 25
13033 12
13037 13
13045 18
13049 7
13061 6
13073 19
13077 11
13085 16
13093 20
13105 20
13109 8
13117 29
13121 7
13141 19
13165 19
13169 19
13177 10
13181 2
13185 14
13189 4
13213 16
13217 9
13221 17
13225 11
13229 12
13241 9
13249 9
13253 13
13261 17
13273 18
13285 15
13289 19
13297 9
13309 9
13313 6
13325 48
13329 4
13337 11
13345 31
13357 7
13369 21
13381 3
13385 16
13397 7
13401 5
13417 7
13421 7
13429 13
13437 6
13441 6
13445 21
13457 8
13465 15
13469 2
13477 8
13481 31
13505 31
13513 3
13525 17
13537 10
13549 15
13553 5
13565 15
13573 7
13577 2
13597 10
13613 7
13617 10
13621 15
13625 29
13633 6
13637 13
13645 11
13649 8
13653 10
13669 10
13673 10
13681 12
13689 12
13693 8
13697 11
13705 9
13709 3
13721 13
13725 15
13729 6
13745 7
13753 13
13757 11
13765 15
13769 8
13781 8
13789 6
13793 9
13801 9
13817 10
13829 9
13833 12
13837 14
13841 7
13873 7
13877 5
13885 15
13897 22
13901 9
13913 9
13921 9
13925 19
13933 6
13941 11
13945 19
13949 34
13957 14
13969 11
13973 13
13977 7
13985 13
13997 8
14005 18
14009 9
14013 4
14029 6
14033 7
14045 17
14057 6
14065 18
14081 3
14085 20
14089 15
14093 14
14125 24
14149 4
14153 8
14157 8
14161 3
14165 15
14173 6
14177 6
14185 14
14197 6
14209 14
14213 18
14221 9
14225 25
14249 7
14257 18
14261 12
14265 9
14281 7
14285 10
14293 9
14297 14
14305 14
14309 7
14321 10
14341 10
14357 5
14365 40
14369 6
14373 10
14381 7
14389 5
14393 16
14401 11
14409 3
14417 16
14425 19
14437 5
14449 7
14453 14
14461 4
14473 4
14481 3
14485 14
14489 7
14501 10
14517 6
14521 9
14533 8
14537 4
14545 14
14549 9
14557 5
14561 8
14569 12
14585 8
14589 5
14593 7
14621 12
14625 21
14629 13
14633 4
14641 4
14645 30
14653 9
14657 6
14661 3
14669 5
14677 9
14681 12
14689 13
14701 17
14705 25
14713 5
14717 6
14733 4
14737 5
14741 4
14753 7
14761 12
14765 14
14785 10
14797 6
14813 5
14821 3
14825 16
14837 7
14841 12
14845 10
14869 4
14885 23
14893 12
14897 5
14909 10
14913 4
14929 4
14933 17
14945 6
14957 2
14965 21
14969 9
14977 11
14985 14
14989 6
15005 12
15013 10
15017 4
15021 11
15025 19
15041 12
15049 18
15053 6
15061 3
15073 6
15077 7
15101 4
15109 14
15121 3
15125 12
15129 10
15133 12
15137 6
15145 24
15149 6
15161 2
15165 14
15173 4
15185 13
15193 7
15205 13
15217 4
15229 10
15233 2
15237 5
15241 6
15245 7
15269 3
15273 9
15277 6
15289 4
15293 9
15305 9
15313 5
15317 20
15325 12
15329 6
15337 2
15341 2
15349 3
15353 8
15361 3
15373 7
15377 5
15381 2
15385 25
15397 8
15401 4
15413 7
15425 13
15445 9
15453 13
15457 23
15461 6
15473 1
15481 10
15489 5
15493 4
15497 8
15509 12
15529 12
15533 9
15541 4
15545 5
15569 7
15577 8
15581 5
15597 6
15601 3
15605 8
15613 11
15625 16
15629 5
15633 4
15641 6
15649 6
15661 8
15665 16
15669 6
15677 7
15685 9
15689 16
15705 10
15725 26
15733 3
15737 5
15749 3
15761 4
15769 5
15773 4
15777 5
15793 12
15797 3
15805 13
15809 6
15817 7
15821 7
15845 10
15857 6
15877 8
15881 5
15885 13
15889 3
15901 4
15905 9
15913 6
15921 11
15925 8
15929 7
15937 4
15949 7
15957 6
15973 1
15977 8
15993 3
15997 8
16001 4
16021 10
16025 17
16029 10
16033 5
16045 13
16057 4
16061 3
16069 3
16073 5
16081 6
16085 9
16097 3
16101 7
16105 11
16109 3
16129 2
16133 18
16141 4
16145 8
16153 10
16165 17
16189 5
16193 7
16201 7
16209 3
16217 5
16229 8
16237 8
16241 9
16245 2
16249 6
16253 3
16265 9
16273 1
16277 14
16285 11
16301 3
16317 4
16325 14
16333 5
16337 3
16349 4
16361 5
16369 5
16381 6
16385 18
16393 10
16405 11
16409 2
16417 4
16421 2
16425 15
16433 1
16441 7
16453 3
16465 18
16477 8
16481 4
16493 3
16501 8
16505 10
16513 2
16525 14
16529 6
16553 3
16561 7
16565 9
16573 2
16577 4
16589 9
16601 3
16605 5
16609 8
16613 4
16633 1
16641 2
16645 5
16649 5
16657 7
16661 3
16673 2
16677 15
16693 5
16705 18
16717 6
16729 2
16733 7
16741 7
16745 13
16749 3
16757 5
16769 10
16781 7
16785 5
16801 8
16805 6
16825 16
16829 6
16837 11
16857 4
16861 10
16865 7
16889 5
16893 2
16897 7
16901 5
16909 7
16913 6
16921 6
16925 6
16937 4
16945 6
16949 15
16965 16
16981 2
16993 4
17001 3
17009 9
17021 4
17029 4
17033 5
17041 2
17053 4
17057 6
17065 8
17069 7
17077 4
17093 3
17101 2
17109 3
17113 7
17117 4
17125 13
17137 5
17141 4
17153 8
17161 5
17165 11
17173 7
17177 8
17189 3
17197 9
17209 4
17217 2
17221 8
17225 19
17245 4
17257 4
17261 4
17285 11
17289 6
17293 3
17297 1
17305 8
17317 6
17321 5
17333 3
17345 8
17357 8
17377 4
17389 3
17393 5
17397 3
17401 4
17405 2
17417 3
17425 19
17429 6
17433 8
17449 3
17473 7
17477 6
17485 20
17489 1
17505 6
17509 3
17525 11
17533 8
17541 6
17545 5
17557 9
17561 5
17569 1
17573 4
17581 4
17585 5
17593 7
17597 4
17609 3
17629 4
17645 2
17649 4
17657 2
17665 5
17669 1
17681 3
17689 2
17693 5
17705 6
17713 2
17725 6
17729 4
17737 6
17741 3
17749 3
17753 6
17757 1
17761 3
17777 8
17785 6
17789 1
17797 13
17833 4
17837 3
17849 1
17861 4
17865 4
17873 3
17881 2
17885 2
17893 9
17901 4
17905 10
17909 2
17921 4
17929 2
17937 4
17945 12
17953 9
17957 2
17965 12
17973 3
17977 2
17981 1
17989 2
18005 8
18013 3
18029 5
18037 2
18041 2
18045 9
18049 3
18061 2
18065 9
18077 2
18085 5
18089 2
18097 1
18121 1
18125 12
18133 2
18149 3
18153 2
18169 2
18173 3
18181 2
18185 6
18217 3
18225 5
18229 2
18233 1
18241 8
18245 9
18253 1
18257 5
18265 11
18269 1
18277 4
18281 3
18289 2
18301 1
18313 2
18317 4
18325 6
18329 2
18341 5
18353 5
18365 3
18369 7
18385 5
18397 5
18401 1
18405 8
18409 11
18413 4
18421 8
18433 1
18457 3
18461 2
18473 4
18477 2
18481 2
18485 3
18493 2
18505 3
18513 3
18521 4
18541 3
18545 8
18549 2
18553 3
18577 3
18581 1
18589 6
18593 1
18605 13
18617 3
18621 1
18625 5
18629 6
18649 4
18661 2
18665 4
18685 5
18701 2
18709 10
18713 4
18721 4
18729 5
18737 4
18757 5
18761 3
18769 3
18773 1
18785 16
18793 2
18797 1
18801 3
18805 7
18833 5
18845 5
18853 3
18869 2
18873 3
18889 2
18901 10
18913 1
18917 2
18925 9
18937 1
18945 4
18965 4
18973 3
18985 5
18989 3
18997 2
19001 5
19009 5
19013 1
19017 4
19025 5
19037 3
19045 7
19053 2
19061 1
19069 1
19073 4
19081 2
19093 4
19097 9
19105 6
19109 2
19125 6
19133 1
19141 2
19157 3
19161 1
19165 4
19169 5
19181 2
19193 1
19213 3
19225 11
19233 1
19237 2
19249 2
19253 4
19265 3
19269 1
19273 1
19277 4
19289 1
19301 1
19309 3
19325 2
19333 3
19337 4
19345 4
19373 2
19377 1
19381 3
19385 4
19405 2
19409 6
19417 2
19421 4
19429 1
19433 1
19441 1
19445 4
19449 1
19453 7
19457 3
19465 7
19469 1
19477 2
19485 2
19489 1
19493 4
19501 2
19517 3
19521 5
19549 5
19553 2
19557 3
19573 5
19585 4
19597 2
19601 4
19609 3
19625 11
19633 2
19637 2
19645 5
19649 5
19661 2
19669 7
19681 2
19709 3
19717 1
19721 5
19729 7
19753 3
19769 4
19773 1
19777 2
19793 2
19801 2
19805 7
19825 8
19841 4
19845 2
19853 1
19861 4
19865 6
19885 4
19889 1
19897 4
19913 1
19917 3
19925 7
19937 2
19945 3
19961 3
19981 6
19993 1
19997 4
20005 2
20021 1
20025 9
20029 1
20041 2
20065 1
20089 2
20101 3
20105 6
20113 2
20133 2
20137 3
20161 1
20165 4
20177 1
20189 4
20201 1
20205 4
20213 4
20221 5
20225 1
20233 6
20241 1
20245 6
20249 1
20261 2
20269 1
20281 4
20285 1
20297 1
20313 1
20329 2
20333 1
20341 3
20345 5
20353 1
20357 2
20365 1
20369 4
20381 3
20389 1
20393 2
20413 3
20417 2
20441 1
20449 2
20453 9
20457 1
20465 3
20477 4
20485 8
20509 4
20513 5
20521 4
20525 5
20529 1
20549 2
20557 4
20561 2
20565 2
20605 8
20609 3
20617 1
20621 4
20629 1
20637 4
20641 4
20645 3
20665 3
20673 1
20681 1
20689 2
20693 2
20705 7
20717 2
20725 5
20737 4
20745 2
20749 1
20761 6
20765 2
20773 1
20781 1
20785 3
20789 1
20817 2
20825 2
20849 1
20857 1
20869 2
20873 1
20885 7
20893 5
20897 1
20905 3
20917 3
20921 2
20929 2
20961 2
20981 3
20997 3
21001 1
21005 7
21013 1
21017 3
21025 7
21029 2
21037 2
21041 2
21053 3
21061 1
21069 1
21073 3
21085 2
21089 1
21097 4
21101 2
21125 10
21141 1
21145 3
21149 2
21157 1
21169 1
21177 3
21193 2
21205 1
21221 1
21233 2
21253 1
21257 4
21265 3
21269 2
21281 4
21289 3
21305 1
21313 3
21325 4
21341 1
21349 1
21361 2
21365 3
21389 5
21397 1
21401 1
21425 4
21429 1
21433 2
21437 9
21445 3
21449 4
21465 2
21473 1
21481 1
21485 4
21501 1
21509 3
21529 3
21533 3
21537 1
21541 3
21569 1
21577 1
21589 2
21605 4
21617 2
21625 8
21645 5
21649 6
21661 3
21673 2
21677 2
21685 2
21689 1
21697 5
21701 1
21709 2
21713 2
21737 2
21745 1
21753 1
21757 2
21773 1
21785 2
21789 1
21805 2
21809 3
21821 3
21825 3
21845 2
21853 3
21865 4
21881 2
21893 1
21901 2
21905 5
21913 3
21925 1
21933 3
21937 2
21941 6
21953 1
21969 2
21977 1
22001 2
22009 1
22013 2
22021 2
22025 3
22037 1
22045 4
22049 1
22061 2
22069 2
22093 1
22105 4
22117 4
22133 1
22157 2
22181 2
22185 3
22193 1
22201 1
22205 3
22217 1
22229 1
22261 4
22265 7
22277 1
22285 1
22293 2
22301 2
22313 2
22321 3
22345 2
22373 4
22397 1
22405 1
22409 1
22417 1
22433 1
22441 2
22453 3
22457 1
22465 1
22469 2
22481 1
22501 1
22509 1
22525 5
22529 1
22565 2
22581 2
22585 1
22589 1
22613 2
22621 2
22625 3
22633 1
22637 1
22669 1
22681 1
22685 4
22697 1
22709 2
22717 1
22725 1
22745 2
22753 4
22765 2
22769 2
22777 2
22789 2
22797 3
22805 3
22817 1
22829 1
22837 1
22849 3
22865 2
22873 1
22905 1
22921 3
22945 3
22961 2
22973 1
22985 3
22997 3
23013 1
23017 1
23021 1
23041 1
23049 2
23053 1
23057 2
23101 2
23105 1
23113 1
23117 1
23125 2
23129 3
23141 2
23153 2
23165 5
23173 1
23185 2
23197 1
23209 1
23225 4
23257 1
23273 2
23293 2
23297 1
23333 1
23353 1
23357 3
23369 1
23377 3
23409 1
23413 2
23417 2
23425 2
23445 2
23465 2
23473 1
23477 1
23497 1
23509 1
23525 1
23533 1
23537 1
23557 1
23561 2
23569 2
23581 1
23585 1
23589 1
23605 1
23645 1
23657 1
23677 1
23725 2
23729 1
23753 2
23797 2
23805 1
23809 1
23825 1
23833 1
23893 1
23909 1
23941 1
23953 1
23957 1
23965 4
23993 1
24005 1
24025 1
24029 2
24041 1
24049 2
24061 1
24065 1
24085 1
24089 2
24093 1
24113 2
24121 1
24125 1
24161 1
24193 1
24201 1
24217 3
24221 2
24237 1
24245 1
24293 1
24305 1
24313 1
24341 1
24345 1
24349 1
24361 2
24373 1
24385 2
24401 1
24425 2
24433 1
24445 2
24461 2
24469 1
24505 5
24525 2
24533 2
24545 2
24561 1
24565 3
24593 2
24625 1
24641 1
24669 1
24701 1
24713 1
24733 1
24741 2
24745 1
24781 1
24785 2
24821 1
24841 1
24869 3
24905 3
24925 3
24929 2
24949 3
24965 1
24973 1
25009 3
25037 1
25045 1
25049 1
25057 3
25065 1
25085 2
25121 1
25177 1
25205 2
25209 1
25225 2
25229 1
25281 1
25285 1
25297 1
25301 1
25313 1
25321 1
25325 1
25337 1
25345 1
25349 1
25381 2
25385 2
25397 1
25405 1
25409 1
25425 1
25477 2
25493 1
25525 1
25589 2
25625 1
25649 1
25681 1
25705 1
25793 2
25801 1
25805 1
25825 1
25841 1
25849 1
25857 2
25909 1
25937 1
25961 3
25985 1
26029 1
26065 2
26117 1
26129 1
26153 1
26221 2
26225 1
26245 2
26281 1
26305 1
26325 2
26333 1
26357 1
26365 1
26413 1
26525 1
26545 2
26577 1
26597 1
26605 2
26633 1
26665 1
26681 1
26685 2
26689 1
26701 1
26705 1
26729 1
26765 1
26773 1
26833 1
26901 1
26905 1
26941 1
26965 1
26969 1
26977 2
26981 1
27045 1
27065 1
27077 1
27085 1
27157 1
27169 1
27173 2
27185 1
27197 2
27229 1
27277 1
27425 1
27509 1
27557 2
27625 2
27845 1
27865 1
27925 1
27961 1
28037 2
28093 1
28157 1
28197 1
28205 1
28421 2
28449 1
28465 1
28541 1
28561 2
28565 1
28577 1
28585 1
28593 1
28757 1
28845 2
28873 1
28885 2
28925 2
28989 1
29069 2
29081 1
29125 1
29129 1
29185 1
29321 1
29341 1
29429 1
29489 1
29493 1
29569 1
29593 1
29637 1
29765 1
29809 1
29817 1
29889 1
29945 1
29993 1
30005 1
30145 1
30209 1
30365 2
30413 1
30425 1
30545 1
30605 1
30665 1
31005 1
31013 1
31025 1
31085 1
31105 1
31121 1
31373 1
31481 1
31525 2
31613 1
32005 1
32013 1
32045 1
32065 1
32105 1
32213 1
32309 1
32353 1
32485 1
32513 1
32825 1
32885 1
32957 1
33109 1
33485 1
33489 1
33505 1
33633 1
33785 1
33857 1
34121 1
34481 1
34609 1
34621 1
34765 2
35001 1
35069 1
35113 1
35173 1
35353 1
35369 2
35453 1
35477 1
35757 1
35785 1
35837 1
35909 1
36325 1
36677 1
36737 1
37253 1
37305 1
37381 1
37441 1
37621 1
37874 1
38025 1
38026 1
38725 1
38813 1
39161 1
39321 1
39485 1
39645 1
39833 1
39933 1
40081 1
40402 1
40465 1
40673 1
40681 1
40977 1
41632 1
41869 1
42853 1
42913 1
43553 1
43825 1
44125 1
44357 1
44969 1
46213 1
46672 1
47485 1
49829 1
50617 1
50794 1
51272 1
51525 1
51977 1
53129 1
53825 1
54401 1
54581 1
58329 1
58505 1
59453 1
60409 1
60493 1
61469 1
62569 1
64349 1
66888 1
67325 1
68237 1
70901 1
70954 1
73265 1
73505 1
74425 2
74545 1
74609 1
74749 1
75629 1
76537 1
76733 1
76873 1
78409 1
78677 1
79225 1
80665 1
81205 1
81689 1
81797 1
82333 1
82393 1
82465 1
82565 1
82669 1
83165 1
84241 1
84781 1
84877 1
84937 1
85289 1
85545 1
85685 1
86965 1
87449 1
88145 1
88925 1
89533 1
89681 1
90017 1
91193 1
91205 1
91501 1
91901 1
92429 1
92777 1
93717 1
95581 1
95881 1
96109 1
96269 1
96461 1
96629 1
96637 1
97889 1
105800 1
107117 1
108673 1
119330 1
131053 2
137837 1
142165 1
142325 1
145261 1
149005 1
149773 1
150253 1
150580 1
151402 1
153665 1
156221 1
158629 1
158660 1
159397 1
160169 1
160196 1
160810 1
161444 1
163217 1
163880 1
165665 1
165685 1
166500 1
167488 1
173125 1
175349 1
175562 1
178120 1
180100 1
181620 1
181850 1
185825 1
197668 1
202226 1
