N J h mean_R_sq err_mean_R_sq mean_R_gyr_sq err_mean_R_gyr_sq 
2500 1.305 0 42657.2 40212.6 16041.3 15277.7
0 46
1 68
2 80
3 83
4 57
5 75
6 83
7 76
8 87
9 87
10 64
11 84
12 75
13 69
14 72
15 86
16 55
17 70
18 64
19 52
20 78
21 64
22 65
23 65
24 64
25 65
26 85
27 63
28 59
29 71
30 63
31 43
32 52
33 59
34 38
35 46
36 48
37 50
38 30
39 41
40 35
41 47
42 30
43 42
44 39
45 35
46 32
47 20
48 29
49 25
50 24
51 25
52 21
53 12
54 24
55 17
56 10
57 15
58 8
59 13
60 7
61 13
62 6
63 7
64 9
65 4
66 4
67 5
68 2
69 1
70 6
71 1
72 4
73 5
74 4
75 1
76 1
78 2
79 2
80 1
84 1
85 1
86 1
87 1
88 1
94 1
96 1
143 1
146 1
151 1
159 1
199 2
206 1
211 1
214 1
218 1
221 1
255 1
258 1
264 1
295 1
329 1
333 1
414 1
434 1
453 1
461 1
471 1
474 1
479 1
483 1
485 1
494 1
509 2
511 1
517 1
519 1
523 1
524 1
525 1
526 1
539 1
547 1
553 1
558 1
563 2
566 1
571 1
572 1
621 1
645 1
647 1
688 1
847 1
869 1
881 1
887 1
888 1
904 1
926 1
948 1
1009 1
1015 1
1020 1
1021 2
1022 3
1023 2
1025 1
1026 1
1028 2
1029 2
1034 2
1035 2
1036 1
1037 1
1038 1
1040 1
1042 1
1044 1
1046 2
1047 1
1048 1
1049 1
1050 1
1052 3
1054 1
1056 2
1057 5
1058 1
1059 3
1060 3
1062 1
1064 1
1065 1
1066 1
1067 2
1068 2
1069 1
1070 1
1071 1
1072 1
1074 1
1076 2
1077 3
1078 2
1081 2
1082 1
1089 1
1100 1
1105 1
1193 1
1298 1
1394 1
1445 1
1446 1
1552 1
1590 1
1592 1
1600 1
1687 1
1707 1
1738 1
1809 1
1814 1
1820 1
1821 1
1824 1
1825 1
1827 1
1829 1
1836 1
1837 1
1840 1
1843 2
1847 2
1848 1
1852 1
1853 1
1854 1
1856 1
1857 3
1858 1
1860 2
1870 2
1871 1
1874 1
1875 1
1876 3
1883 3
1887 1
1902 1
1925 1
1940 1
1993 1
1994 1
2000 1
2015 1
2016 2
2018 1
2019 2
2025 1
2030 1
2033 1
2048 1
2050 2
2055 1
2079 1
2121 1
2186 1
2205 1
2212 1
2222 1
2225 1
2235 1
2256 1
2259 1
2275 3
2276 1
2280 1
2292 1
2297 1
2303 1
2325 1
2329 1
