N J h mean_R_sq err_mean_R_sq mean_R_gyr_sq err_mean_R_gyr_sq 
1225 1.305 0 3133.29 535.446 706.746 183.175
0 116
1 341
2 296
3 309
4 306
5 313
6 317
7 323
8 309
9 306
10 349
11 316
12 278
13 292
14 310
15 294
16 279
17 317
18 282
19 296
20 295
21 296
22 277
23 260
24 259
25 237
26 230
27 228
28 241
29 219
30 198
31 203
32 202
33 188
34 165
35 188
36 207
37 159
38 174
39 158
40 137
41 121
42 132
43 131
44 135
45 123
46 103
47 124
48 120
49 119
50 92
51 92
52 91
53 91
54 81
55 74
56 89
57 90
58 64
59 65
60 72
61 52
62 48
63 65
64 54
65 71
66 51
67 41
68 44
69 43
70 42
71 62
72 37
73 34
74 38
75 38
76 39
77 21
78 31
79 32
80 20
81 14
82 26
83 21
84 21
85 22
86 20
87 18
88 15
89 17
90 13
91 16
92 11
93 9
94 11
95 12
96 11
97 18
98 10
99 6
100 7
101 5
102 6
103 7
104 2
105 3
106 3
107 4
108 9
109 4
110 6
111 3
112 1
113 6
114 4
115 3
116 3
117 1
118 4
119 2
120 3
124 3
125 2
126 1
127 1
128 4
129 1
130 3
131 2
133 1
134 1
135 3
137 3
138 3
139 1
140 1
142 1
143 1
145 1
152 1
216 1
217 1
247 1
255 1
258 2
265 1
268 1
275 1
276 2
292 1
303 1
362 1
384 1
432 1
450 1
487 1
488 1
527 1
591 1
611 1
623 1
663 1
669 1
675 1
719 1
765 1
766 1
767 1
770 1
774 1
794 1
854 1
948 1
949 1
953 1
955 1
970 1
975 1
1004 1
1008 1
1065 1
1073 1
1079 1
1091 1
