N J h mean_R_sq err_mean_R_sq mean_R_gyr_sq err_mean_R_gyr_sq 
2500 1.26 0 34475.2 2152.48 5110.39 441.546
0 407
1 809
2 764
3 775
4 769
5 810
6 760
7 780
8 818
9 818
10 776
11 768
12 781
13 794
14 769
15 797
16 742
17 728
18 819
19 823
20 772
21 809
22 795
23 791
24 821
25 784
26 880
27 768
28 800
29 809
30 822
31 868
32 839
33 771
34 830
35 820
36 843
37 784
38 839
39 797
40 821
41 831
42 845
43 835
44 835
45 837
46 815
47 847
48 862
49 873
50 835
51 837
52 827
53 867
54 829
55 834
56 799
57 836
58 921
59 898
60 873
61 868
62 893
63 879
64 908
65 824
66 866
67 897
68 877
69 870
70 905
71 887
72 879
73 914
74 864
75 858
76 889
77 970
78 891
79 872
80 892
81 846
82 868
83 883
84 869
85 900
86 867
87 863
88 880
89 854
90 918
91 929
92 886
93 907
94 873
95 846
96 876
97 857
98 887
99 875
100 909
101 892
102 867
103 919
104 829
105 891
106 870
107 837
108 922
109 917
110 885
111 903
112 895
113 902
114 852
115 820
116 822
117 878
118 878
119 870
120 872
121 922
122 884
123 868
124 861
125 860
126 844
127 880
128 857
129 881
130 905
131 901
132 861
133 863
134 839
135 814
136 862
137 865
138 904
139 874
140 806
141 851
142 804
143 802
144 800
145 888
146 845
147 869
148 775
149 790
150 812
151 829
152 782
153 799
154 751
155 804
156 747
157 741
158 774
159 754
160 792
161 743
162 723
163 804
164 768
165 772
166 775
167 729
168 702
169 730
170 714
171 713
172 753
173 656
174 726
175 714
176 689
177 659
178 646
179 601
180 640
181 619
182 619
183 614
184 578
185 642
186 599
187 637
188 629
189 613
190 566
191 560
192 569
193 524
194 523
195 542
196 533
197 547
198 552
199 522
200 559
201 522
202 495
203 539
204 493
205 479
206 466
207 521
208 438
209 434
210 470
211 469
212 473
213 477
214 434
215 443
216 374
217 424
218 423
219 361
220 400
221 397
222 411
223 379
224 412
225 377
226 381
227 335
228 330
229 339
230 347
231 354
232 348
233 314
234 289
235 342
236 301
237 322
238 289
239 286
240 298
241 271
242 292
243 263
244 269
245 258
246 235
247 277
248 263
249 241
250 261
251 210
252 228
253 212
254 195
255 193
256 200
257 198
258 197
259 195
260 160
261 179
262 165
263 161
264 180
265 174
266 149
267 150
268 125
269 130
270 132
271 142
272 128
273 110
274 146
275 129
276 117
277 92
278 93
279 78
280 89
281 100
282 106
283 90
284 88
285 99
286 83
287 75
288 83
289 75
290 81
291 70
292 65
293 67
294 67
295 49
296 43
297 51
298 45
299 63
300 51
301 54
302 40
303 47
304 38
305 41
306 29
307 33
308 33
309 33
310 31
311 30
312 30
313 25
314 29
315 22
316 22
317 27
318 22
319 14
320 33
321 22
322 15
323 19
324 14
325 13
326 7
327 15
328 14
329 12
330 17
331 10
332 7
333 11
334 11
335 11
336 16
337 3
338 6
339 7
340 7
341 9
342 9
343 8
344 10
345 5
346 3
347 7
348 3
349 3
350 1
351 3
352 5
353 3
354 3
355 3
356 4
357 3
358 5
360 2
361 3
362 2
364 2
365 2
367 1
373 1
377 1
381 1
382 1
383 2
384 1
387 1
389 2
391 1
392 1
393 1
395 3
396 1
399 1
400 1
401 1
403 1
404 1
406 1
407 3
408 2
409 2
410 2
411 1
412 3
413 1
414 1
415 2
416 1
417 1
418 1
419 2
420 1
421 1
422 1
423 1
424 1
425 1
427 2
428 2
429 1
430 3
431 1
432 3
433 1
434 1
436 3
437 2
438 1
439 1
441 1
445 2
446 3
447 1
448 1
449 1
451 1
452 3
454 2
455 4
456 3
457 1
458 1
461 2
462 1
464 1
465 1
466 2
467 1
469 1
471 1
472 2
477 2
480 2
481 1
484 1
485 2
486 2
487 1
489 1
492 1
493 1
494 1
496 1
497 1
499 2
501 1
505 1
508 1
514 1
528 1
534 1
539 1
542 1
545 2
547 1
555 2
560 1
566 1
567 2
570 2
575 2
579 1
581 2
584 2
585 1
586 1
588 1
589 4
590 1
592 1
593 1
595 1
598 1
599 2
600 1
601 3
603 1
604 2
605 1
608 1
609 2
610 2
611 3
612 1
613 3
614 4
615 2
617 2
618 2
619 3
620 4
621 2
622 2
623 1
624 3
625 3
626 4
627 2
628 3
629 4
630 3
631 1
632 1
633 1
634 2
635 2
636 2
637 2
638 3
639 2
640 2
641 1
642 2
643 3
644 1
645 1
646 2
647 4
648 1
649 1
651 2
652 1
653 1
656 2
661 3
662 2
663 1
666 3
668 1
669 1
670 1
671 1
673 1
728 1
743 1
756 1
763 1
766 1
768 1
769 1
771 1
773 2
776 1
777 1
778 1
784 4
786 2
787 2
789 1
790 1
791 1
792 2
795 2
796 2
797 1
799 2
800 2
803 3
804 1
805 1
806 1
808 1
809 2
810 2
811 1
812 2
816 2
818 1
820 1
827 1
828 1
829 1
830 2
831 1
832 1
833 1
836 2
838 2
839 2
840 1
842 1
843 1
846 1
850 1
853 1
854 1
855 2
857 1
862 1
866 1
867 1
871 1
873 2
874 1
875 2
877 1
879 1
883 1
890 1
891 1
893 1
896 2
897 1
900 1
901 1
903 2
904 1
906 2
907 1
908 1
909 1
911 3
913 1
914 1
916 1
917 1
918 2
919 2
922 1
923 2
925 1
926 1
927 4
928 1
929 1
932 1
938 1
939 3
940 1
942 1
943 2
944 1
946 1
947 1
948 1
950 1
951 1
952 1
953 1
954 1
959 1
961 1
963 1
964 1
968 1
973 2
977 1
981 1
1025 1
1030 1
1031 1
1037 1
1038 1
1042 1
1049 1
1050 1
1054 1
1055 2
1058 2
1059 1
1060 1
1061 1
1062 1
1064 2
1065 1
1066 1
1067 1
1069 1
1070 1
1072 1
1074 2
1078 1
1081 1
1082 3
1083 1
1087 1
1090 1
1093 1
1095 1
1097 1
1098 1
1101 1
1103 1
1104 1
1108 1
1109 1
1113 2
1119 1
1121 1
1122 1
1130 1
1132 1
1146 1
1266 1
1272 1
1279 2
1283 1
1285 1
1287 1
1291 1
1293 1
1296 2
1297 1
1298 1
1299 2
1301 1
1312 1
1313 1
1315 1
1316 1
1325 1
1326 1
1334 1
1336 1
1341 1
1349 1
1351 2
1355 2
1361 1
1365 1
1371 1
1373 1
1374 1
1377 1
1379 1
1387 1
1397 1
1398 1
1399 1
1407 1
1408 2
1416 1
1420 1
1421 1
1424 1
1431 1
1446 1
1477 1
1522 1
1615 2
1642 1
1660 1
1672 1
1679 2
1681 1
1683 1
1684 1
1685 1
1690 1
1691 1
1697 3
1703 1
1704 1
1707 1
1712 1
1768 1
1778 1
1820 1
1822 1
1824 1
1826 1
1827 2
1830 1
1833 1
1836 1
1837 1
1846 1
1851 1
1855 2
1858 1
1859 1
1867 1
1869 1
1871 1
1874 1
1882 1
1886 1
1906 1
1910 1
1917 1
1918 1
1920 1
1936 1
1949 1
1956 1
1984 1
1997 1
2022 1
2025 1
2026 1
2027 1
2037 1
2044 1
2052 1
2058 1
2062 1
2065 1
2073 1
2080 1
2083 1
2203 1
2228 1
2282 1
2304 1
2324 1
2340 1
2343 1
2348 1
2351 1
