N J h mean_R_sq err_mean_R_sq mean_R_gyr_sq err_mean_R_gyr_sq 
900 1.305 0 2974.97 93.8473 510.157 15.3047
0 724
1 1389
2 1417
3 1399
4 1435
5 1455
6 1409
7 1479
8 1449
9 1419
10 1460
11 1358
12 1392
13 1399
14 1410
15 1387
16 1405
17 1323
18 1350
19 1230
20 1270
21 1279
22 1249
23 1224
24 1242
25 1212
26 1129
27 1151
28 1127
29 1071
30 1022
31 997
32 988
33 977
34 968
35 907
36 917
37 845
38 804
39 798
40 777
41 802
42 723
43 693
44 680
45 730
46 635
47 637
48 595
49 537
50 575
51 500
52 480
53 501
54 463
55 437
56 416
57 407
58 401
59 391
60 340
61 358
62 334
63 328
64 310
65 309
66 265
67 269
68 270
69 274
70 262
71 234
72 205
73 189
74 207
75 175
76 202
77 193
78 173
79 191
80 156
81 150
82 152
83 132
84 138
85 110
86 114
87 119
88 86
89 93
90 73
91 86
92 92
93 105
94 71
95 74
96 69
97 61
98 71
99 60
100 38
101 69
102 48
103 38
104 35
105 44
106 41
107 39
108 41
109 28
110 32
111 32
112 8
113 23
114 25
115 24
116 17
117 26
118 20
119 13
120 10
121 17
122 6
123 13
124 10
125 10
126 6
127 11
128 10
129 5
130 7
131 6
132 7
133 5
134 4
135 4
136 2
137 3
138 4
139 5
140 1
141 3
142 2
143 3
144 1
145 5
146 2
147 2
149 1
150 3
152 1
153 2
156 1
157 1
163 1
165 1
182 1
208 1
220 1
233 1
239 1
243 1
251 1
253 1
255 1
260 1
261 1
262 2
263 1
268 1
272 1
274 1
279 1
281 1
287 1
294 1
296 1
297 1
318 1
321 1
341 1
416 1
471 1
506 1
515 1
517 1
533 1
542 1
552 1
576 1
591 1
694 1
