N J h mean_R_sq err_mean_R_sq mean_R_gyr_sq err_mean_R_gyr_sq 
3600 1.315 0 1.91494e+06 308592 616989 60558.3
1913 1
1918 1
1919 1
1921 1
1922 2
1923 2
1925 2
1934 2
1938 1
1942 2
1943 1
1945 1
1946 1
1951 1
1955 1
1958 1
1962 1
1966 1
1969 1
1974 1
1980 1
1981 1
1983 1
1984 1
1989 1
1991 1
1993 2
1999 1
2002 1
2005 1
2062 2
2109 1
2117 1
2124 1
2134 1
2135 1
2147 1
2150 1
2151 1
2152 1
2159 1
2176 1
2188 1
2225 1
2249 1
2250 1
2258 1
2259 1
2266 1
2267 1
2269 1
2279 1
2284 1
2285 1
2287 1
2293 1
2296 1
2299 1
2301 1
2302 1
2303 1
2305 1
2307 1
2311 1
2314 1
2316 2
2324 1
2358 1
2374 1
2397 1
2402 1
2444 1
2477 1
2480 1
2485 1
2492 1
2506 1
2511 1
2577 1
2676 1
2861 1
2893 1
2902 1
2944 1
2963 1
3104 1
3173 1
3209 1
3361 1
3368 1
3401 1
