N J h mean_R_sq err_mean_R_sq mean_R_gyr_sq err_mean_R_gyr_sq 
900 1.285 0 6275.57 1048.05 1180.03 344.626
0 28
1 87
2 84
3 77
4 76
5 72
6 67
7 85
8 83
9 82
10 72
11 71
12 92
13 77
14 84
15 66
16 98
17 71
18 78
19 75
20 90
21 64
22 86
23 72
24 81
25 70
26 68
27 80
28 82
29 71
30 72
31 64
32 67
33 79
34 80
35 64
36 60
37 60
38 55
39 71
40 70
41 66
42 61
43 71
44 52
45 46
46 49
47 55
48 54
49 54
50 63
51 54
52 67
53 58
54 48
55 55
56 57
57 55
58 47
59 31
60 50
61 45
62 45
63 39
64 31
65 42
66 42
67 47
68 42
69 41
70 40
71 27
72 25
73 43
74 24
75 31
76 34
77 37
78 33
79 39
80 23
81 24
82 22
83 28
84 17
85 22
86 19
87 19
88 22
89 32
90 21
91 20
92 24
93 18
94 14
95 17
96 16
97 13
98 16
99 7
100 15
101 12
102 16
103 13
104 11
105 12
106 21
107 12
108 13
109 12
110 10
111 5
112 11
113 11
114 9
115 4
116 9
117 9
118 10
119 7
120 9
121 2
122 9
123 9
124 5
125 4
126 2
127 2
128 3
129 5
131 2
132 5
133 1
134 6
135 9
136 2
137 4
138 1
139 3
140 1
141 6
142 3
143 1
144 2
145 1
146 2
148 1
150 1
152 1
153 1
157 1
160 1
163 3
168 2
371 1
406 1
419 1
423 1
429 1
432 1
434 1
438 1
439 1
440 1
464 1
477 1
485 1
486 2
488 1
497 1
508 1
510 1
512 1
519 1
529 1
534 1
546 1
570 1
636 1
642 1
643 1
657 1
663 1
668 1
673 1
676 2
678 1
696 1
750 1
754 1
757 1
768 1
782 1
785 1
