N J h mean_R_sq err_mean_R_sq mean_R_gyr_sq err_mean_R_gyr_sq 
2500 1.285 0 11787 4969.56 2645.75 1377.26
0 423
1 925
2 942
3 987
4 940
5 923
6 883
7 910
8 892
9 943
10 969
11 959
12 948
13 924
14 924
15 908
16 930
17 935
18 803
19 856
20 879
21 880
22 859
23 839
24 881
25 847
26 842
27 785
28 786
29 797
30 772
31 804
32 772
33 728
34 701
35 663
36 718
37 642
38 706
39 682
40 574
41 617
42 591
43 593
44 566
45 539
46 541
47 500
48 496
49 522
50 510
51 476
52 476
53 426
54 462
55 412
56 428
57 376
58 374
59 374
60 393
61 319
62 363
63 302
64 308
65 313
66 296
67 281
68 280
69 250
70 283
71 261
72 222
73 258
74 234
75 224
76 231
77 207
78 206
79 227
80 189
81 190
82 194
83 151
84 177
85 176
86 145
87 161
88 158
89 146
90 152
91 151
92 141
93 124
94 139
95 131
96 134
97 130
98 130
99 124
100 109
101 127
102 103
103 128
104 106
105 111
106 111
107 100
108 109
109 97
110 97
111 113
112 114
113 108
114 98
115 95
116 109
117 104
118 90
119 93
120 82
121 80
122 83
123 75
124 82
125 93
126 91
127 91
128 75
129 86
130 58
131 71
132 68
133 74
134 81
135 73
136 57
137 61
138 87
139 56
140 54
141 71
142 62
143 76
144 53
145 65
146 65
147 53
148 55
149 54
150 48
151 44
152 59
153 45
154 47
155 58
156 48
157 35
158 31
159 53
160 39
161 36
162 33
163 45
164 37
165 32
166 37
167 31
168 28
169 29
170 31
171 41
172 22
173 27
174 23
175 27
176 24
177 26
178 29
179 40
180 28
181 32
182 19
183 30
184 23
185 16
186 19
187 19
188 18
189 23
190 27
191 12
192 28
193 19
194 14
195 25
196 15
197 34
198 20
199 18
200 16
201 22
202 15
203 9
204 14
205 15
206 18
207 17
208 13
209 14
210 9
211 22
212 10
213 13
214 16
215 11
216 10
217 7
218 9
219 8
220 4
221 10
222 11
223 5
224 11
225 5
226 9
227 4
228 7
229 9
230 7
231 4
232 8
233 4
234 6
235 4
236 1
237 2
238 3
239 4
240 3
241 2
242 4
243 5
244 8
245 1
246 6
247 4
248 5
249 2
251 1
252 1
253 4
254 2
255 3
256 3
257 4
258 3
259 6
260 1
262 3
264 2
266 3
267 3
268 1
269 5
271 3
272 1
273 3
274 1
275 3
277 1
280 3
281 3
282 1
283 1
284 1
285 1
290 1
293 1
295 2
296 1
297 1
299 1
311 1
324 1
340 1
345 1
346 1
371 1
405 1
418 1
422 1
423 1
425 2
427 1
429 1
436 1
437 2
441 1
449 1
451 1
452 1
454 2
461 1
466 2
468 2
473 2
475 1
533 1
567 1
621 1
625 1
636 1
679 1
683 1
689 1
693 1
695 1
697 3
699 1
700 1
701 1
703 2
704 1
705 1
706 1
713 1
720 1
723 1
732 1
761 1
813 1
820 1
823 1
826 1
853 1
896 1
944 1
961 2
963 1
966 2
968 3
969 1
970 1
971 1
972 1
973 3
975 3
976 1
978 2
981 1
983 1
985 1
987 2
988 1
991 2
992 1
993 2
994 3
995 2
996 2
997 3
998 1
999 3
1001 1
1002 2
1003 1
1004 3
1007 3
1008 1
1009 1
1010 1
1013 1
1015 1
1019 2
1021 2
1022 1
1023 1
1025 1
1026 1
1027 1
1029 1
1030 4
1032 2
1034 1
1036 1
1041 1
1043 2
1045 1
1047 1
1048 1
1051 1
1052 1
1055 1
1060 1
1062 1
1064 1
1068 1
1074 1
1075 1
1080 1
1081 1
1099 1
1104 1
1120 1
1128 1
1129 1
1150 1
1184 1
1187 1
1201 1
1202 1
1206 1
1207 1
1213 1
1214 1
1216 1
1217 1
1219 1
1222 1
1223 1
1224 1
1225 1
1227 2
1229 1
1231 2
1232 3
1236 1
1238 1
1239 1
1240 1
1241 1
1244 1
1247 1
1248 1
1249 1
1252 2
1253 1
1256 1
1257 1
1264 1
1265 1
1268 1
1270 1
1278 1
1279 1
1368 1
1381 1
1394 1
1404 1
1405 1
1457 1
1460 1
1464 1
1474 1
1483 1
1486 2
1490 1
1492 1
1496 1
1501 1
1502 2
1510 1
1511 1
1514 1
1515 1
1519 1
1523 1
1526 1
1527 1
1528 1
1529 3
1530 1
1531 1
1532 1
1533 2
1534 2
1537 1
1538 2
1540 1
1542 1
1543 3
1545 1
1546 2
1547 1
1548 1
1549 1
1550 1
1551 2
1554 1
1555 2
1560 1
1561 2
1563 1
1566 1
1567 1
1581 1
1588 1
1609 1
1615 1
1618 1
1633 1
1698 1
1779 1
1829 1
1959 1
1980 1
1982 1
1989 1
2000 1
2001 1
2003 1
2004 1
2005 1
2009 1
2014 1
2016 1
2020 1
2022 1
2023 2
2027 1
2029 1
2036 1
2038 1
2039 1
2045 1
2055 1
2057 1
2059 1
2067 1
2071 1
2072 1
2078 1
2080 2
2081 1
2085 1
2093 1
2096 1
2104 1
2123 2
2126 1
2130 2
2149 2
2155 2
2203 1
2224 1
2250 1
2258 1
2260 1
2265 1
2267 1
2271 1
2274 1
2278 1
2284 1
2287 1
2289 1
2292 1
