N J h mean_R_sq err_mean_R_sq mean_R_gyr_sq err_mean_R_gyr_sq 
2500 1.26 0 34475.2 2152.48 5110.39 441.546
0 574
1 1002
2 1083
3 1073
4 1091
5 1091
6 1190
7 1096
8 1087
9 1122
10 1135
11 1052
12 1069
13 1131
14 1046
15 1079
16 1110
17 1027
18 1106
19 1036
20 1103
21 1147
22 1073
23 1072
24 1093
25 1047
26 1036
27 1072
28 1089
29 1069
30 1070
31 1041
32 1070
33 1077
34 1029
35 1110
36 1102
37 1026
38 1090
39 1067
40 1075
41 1083
42 1129
43 1080
44 1092
45 1106
46 1062
47 1056
48 1015
49 1066
50 1055
51 1004
52 1036
53 1076
54 1037
55 1005
56 1030
57 1064
58 1027
59 1058
60 1049
61 1002
62 1029
63 1032
64 998
65 1027
66 1029
67 1032
68 1021
69 1055
70 1033
71 1004
72 968
73 1003
74 1045
75 1048
76 1009
77 942
78 970
79 964
80 1002
81 955
82 988
83 976
84 967
85 960
86 942
87 976
88 935
89 953
90 942
91 955
92 951
93 901
94 979
95 919
96 909
97 917
98 935
99 866
100 900
101 925
102 876
103 927
104 909
105 890
106 918
107 885
108 890
109 891
110 880
111 864
112 836
113 843
114 818
115 828
116 880
117 828
118 859
119 884
120 859
121 837
122 833
123 841
124 854
125 796
126 799
127 834
128 788
129 813
130 795
131 739
132 796
133 812
134 778
135 764
136 781
137 789
138 765
139 766
140 723
141 772
142 744
143 702
144 727
145 663
146 709
147 736
148 712
149 688
150 646
151 687
152 665
153 709
154 665
155 675
156 690
157 699
158 633
159 705
160 628
161 627
162 636
163 620
164 627
165 600
166 554
167 634
168 613
169 552
170 554
171 572
172 572
173 565
174 526
175 540
176 509
177 508
178 502
179 495
180 491
181 511
182 450
183 473
184 516
185 457
186 456
187 455
188 419
189 460
190 467
191 454
192 446
193 397
194 425
195 413
196 402
197 395
198 403
199 378
200 386
201 335
202 379
203 350
204 378
205 304
206 348
207 336
208 306
209 339
210 293
211 314
212 322
213 296
214 270
215 322
216 298
217 274
218 306
219 277
220 257
221 279
222 256
223 264
224 241
225 237
226 232
227 269
228 235
229 232
230 232
231 201
232 234
233 189
234 213
235 199
236 173
237 191
238 176
239 188
240 170
241 164
242 166
243 153
244 158
245 122
246 153
247 132
248 151
249 131
250 130
251 133
252 119
253 132
254 117
255 113
256 109
257 94
258 124
259 114
260 93
261 101
262 91
263 81
264 87
265 98
266 83
267 86
268 78
269 68
270 78
271 62
272 63
273 72
274 74
275 71
276 70
277 61
278 55
279 51
280 44
281 59
282 53
283 49
284 54
285 37
286 59
287 39
288 45
289 42
290 41
291 41
292 31
293 40
294 32
295 30
296 34
297 39
298 31
299 25
300 29
301 25
302 35
303 28
304 24
305 18
306 15
307 32
308 27
309 23
310 26
311 16
312 24
313 16
314 23
315 13
316 15
317 19
318 14
319 21
320 14
321 20
322 12
323 17
324 8
325 17
326 10
327 7
328 8
329 11
330 7
331 11
332 9
333 8
334 8
335 3
336 5
337 9
338 6
339 5
340 1
341 6
342 5
343 3
344 7
345 5
346 10
347 3
348 8
349 5
350 5
351 5
352 4
353 2
354 2
355 2
356 6
357 1
358 2
359 4
360 3
361 1
362 4
363 2
364 7
365 1
366 3
367 2
368 1
369 2
370 4
371 2
372 4
373 2
374 2
376 1
378 1
379 1
382 1
383 5
385 1
386 1
387 2
391 4
392 1
394 3
395 1
