N J h mean_R_sq err_mean_R_sq mean_R_gyr_sq err_mean_R_gyr_sq 
1600 1.285 0 8985.51 320.368 1404.37 49.3144
0 1115
1 2124
2 2134
3 2205
4 2263
5 2158
6 2210
7 2221
8 2233
9 2218
10 2201
11 2181
12 2228
13 2157
14 2162
15 2166
16 2197
17 2200
18 2166
19 2150
20 2129
21 2118
22 2139
23 2092
24 2147
25 2124
26 2167
27 2138
28 2055
29 2013
30 1996
31 1999
32 1989
33 1986
34 1921
35 1930
36 1980
37 1931
38 1885
39 1894
40 1917
41 1888
42 1815
43 1791
44 1729
45 1694
46 1743
47 1711
48 1686
49 1621
50 1653
51 1600
52 1569
53 1507
54 1555
55 1495
56 1537
57 1472
58 1388
59 1410
60 1482
61 1379
62 1340
63 1426
64 1338
65 1330
66 1310
67 1318
68 1269
69 1244
70 1189
71 1220
72 1222
73 1216
74 1179
75 1105
76 1103
77 1096
78 1075
79 1092
80 1073
81 1042
82 984
83 1015
84 969
85 1006
86 941
87 929
88 934
89 917
90 912
91 914
92 899
93 788
94 855
95 838
96 783
97 785
98 746
99 753
100 778
101 711
102 676
103 669
104 649
105 620
106 669
107 619
108 621
109 600
110 658
111 566
112 590
113 586
114 554
115 565
116 570
117 518
118 527
119 505
120 491
121 475
122 459
123 492
124 471
125 454
126 417
127 388
128 411
129 359
130 361
131 347
132 347
133 350
134 344
135 328
136 296
137 301
138 292
139 300
140 293
141 287
142 262
143 236
144 248
145 248
146 232
147 238
148 221
149 198
150 211
151 193
152 208
153 164
154 158
155 161
156 184
157 153
158 174
159 133
160 129
161 122
162 111
163 107
164 119
165 126
166 101
167 94
168 99
169 83
170 81
171 81
172 82
173 68
174 75
175 57
176 53
177 64
178 57
179 49
180 55
181 63
182 45
183 48
184 42
185 42
186 33
187 33
188 26
189 29
190 28
191 29
192 33
193 25
194 26
195 18
196 13
197 25
198 17
199 12
200 21
201 14
202 19
203 18
204 14
205 13
206 9
207 6
208 10
209 13
210 9
211 15
212 9
213 7
214 8
215 10
216 5
217 6
218 3
219 3
220 3
221 5
222 2
223 4
224 2
225 2
226 2
227 2
228 1
229 1
230 1
231 1
232 1
233 1
234 2
236 1
247 1
