N J h mean_R_sq err_mean_R_sq mean_R_gyr_sq err_mean_R_gyr_sq 
3600 1.27 0 54337.7 9504.88 9691.72 3258.29
0 347
1 597
2 621
3 647
4 624
5 574
6 642
7 610
8 636
9 622
10 651
11 593
12 613
13 629
14 607
15 687
16 604
17 690
18 654
19 597
20 633
21 638
22 650
23 626
24 660
25 651
26 655
27 658
28 646
29 634
30 649
31 623
32 633
33 620
34 634
35 572
36 680
37 614
38 641
39 587
40 610
41 641
42 591
43 638
44 622
45 618
46 618
47 610
48 587
49 624
50 612
51 538
52 589
53 582
54 597
55 599
56 639
57 635
58 555
59 619
60 560
61 565
62 609
63 617
64 578
65 582
66 580
67 560
68 596
69 558
70 554
71 552
72 567
73 566
74 522
75 575
76 618
77 558
78 560
79 540
80 527
81 563
82 508
83 484
84 489
85 526
86 526
87 550
88 552
89 520
90 506
91 478
92 524
93 487
94 527
95 517
96 536
97 528
98 489
99 514
100 524
101 502
102 491
103 531
104 479
105 491
106 476
107 450
108 535
109 487
110 489
111 464
112 501
113 496
114 465
115 470
116 494
117 509
118 433
119 464
120 480
121 499
122 420
123 449
124 500
125 432
126 427
127 459
128 448
129 435
130 423
131 451
132 457
133 441
134 425
135 405
136 436
137 421
138 463
139 428
140 439
141 433
142 407
143 431
144 377
145 402
146 393
147 419
148 426
149 441
150 434
151 399
152 431
153 371
154 400
155 376
156 383
157 376
158 387
159 364
160 425
161 356
162 357
163 399
164 347
165 339
166 362
167 390
168 403
169 355
170 366
171 336
172 361
173 341
174 367
175 370
176 324
177 352
178 330
179 320
180 325
181 301
182 321
183 342
184 324
185 321
186 350
187 319
188 311
189 301
190 323
191 335
192 335
193 328
194 314
195 279
196 294
197 303
198 320
199 296
200 315
201 315
202 284
203 295
204 286
205 309
206 285
207 322
208 292
209 335
210 273
211 298
212 278
213 280
214 315
215 299
216 267
217 258
218 234
219 279
220 252
221 265
222 266
223 246
224 283
225 283
226 267
227 281
228 242
229 282
230 251
231 217
232 276
233 274
234 252
235 244
236 213
237 215
238 220
239 215
240 258
241 230
242 246
243 250
244 245
245 213
246 220
247 208
248 231
249 241
250 215
251 241
252 210
253 218
254 202
255 217
256 198
257 200
258 215
259 178
260 189
261 180
262 194
263 193
264 182
265 174
266 176
267 175
268 195
269 155
270 161
271 153
272 195
273 189
274 150
275 159
276 154
277 171
278 153
279 165
280 167
281 151
282 135
283 143
284 146
285 136
286 159
287 139
288 117
289 125
290 133
291 137
292 126
293 118
294 138
295 110
296 112
297 107
298 120
299 128
300 104
301 111
302 111
303 128
304 92
305 92
306 102
307 108
308 113
309 90
310 91
311 98
312 101
313 89
314 87
315 88
316 84
317 78
318 87
319 75
320 81
321 65
322 67
323 54
324 81
325 71
326 65
327 55
328 68
329 72
330 55
331 57
332 58
333 47
334 58
335 61
336 55
337 52
338 51
339 70
340 48
341 43
342 58
343 34
344 50
345 49
346 54
347 40
348 40
349 36
350 34
351 53
352 28
353 30
354 35
355 45
356 46
357 47
358 50
359 35
360 41
361 29
362 31
363 29
364 31
365 36
366 25
367 31
368 25
369 32
370 27
371 30
372 28
373 15
374 21
375 24
376 21
377 29
378 17
379 14
380 18
381 18
382 25
383 18
384 24
385 22
386 22
387 23
388 18
389 17
390 17
391 17
392 13
393 11
394 19
395 8
396 12
397 10
398 10
399 12
400 13
401 10
402 5
403 11
404 10
405 8
406 11
407 11
408 5
409 10
410 3
411 9
412 5
413 6
414 3
415 7
416 4
417 4
418 6
419 7
420 3
421 8
422 3
423 6
424 3
425 2
426 4
427 2
428 2
429 6
430 6
431 4
432 6
433 4
434 8
435 1
436 1
437 3
438 1
439 2
440 3
441 3
442 2
444 2
445 1
446 2
447 1
448 2
449 4
450 1
451 2
452 4
453 1
454 2
455 2
457 1
458 1
459 2
460 2
461 2
463 1
464 2
465 2
471 1
475 1
494 1
