N J h mean_R_sq err_mean_R_sq mean_R_gyr_sq err_mean_R_gyr_sq 
1600 1.305 0 6320.85 4141.25 1560.14 1053.69
0 69
1 162
2 157
3 143
4 141
5 152
6 161
7 164
8 155
9 176
10 150
11 136
12 156
13 180
14 139
15 161
16 143
17 146
18 137
19 150
20 131
21 139
22 130
23 126
24 118
25 137
26 110
27 109
28 104
29 100
30 112
31 94
32 114
33 103
34 94
35 84
36 87
37 81
38 76
39 50
40 73
41 70
42 63
43 81
44 79
45 40
46 54
47 38
48 51
49 39
50 40
51 35
52 32
53 33
54 32
55 26
56 19
57 28
58 27
59 24
60 29
61 17
62 22
63 23
64 15
65 13
66 14
67 13
68 8
69 11
70 11
71 10
72 7
73 12
74 9
75 8
76 6
77 5
78 9
79 2
80 7
81 5
82 4
83 13
84 3
85 6
86 2
87 2
88 6
89 2
90 3
91 2
92 2
93 1
95 1
96 2
97 3
98 3
99 1
100 1
101 2
102 1
103 1
106 2
107 2
108 3
109 2
111 1
113 1
116 2
119 1
121 2
122 1
124 1
128 1
129 1
140 1
