N J h mean_R_sq err_mean_R_sq mean_R_gyr_sq err_mean_R_gyr_sq 
1600 1.325 0 1762.98 430.48 522.992 129.356
0 953
1 1982
2 1896
3 1912
4 2006
5 1992
6 1978
7 2002
8 1914
9 1886
10 1959
11 1996
12 1935
13 1914
14 1842
15 1843
16 1798
17 1835
18 1716
19 1739
20 1678
21 1564
22 1633
23 1529
24 1524
25 1488
26 1438
27 1350
28 1308
29 1319
30 1235
31 1144
32 1046
33 1117
34 1028
35 950
36 894
37 887
38 844
39 775
40 697
41 632
42 629
43 551
44 611
45 547
46 481
47 415
48 436
49 382
50 339
51 319
52 318
53 276
54 246
55 250
56 206
57 175
58 189
59 139
60 150
61 124
62 113
63 101
64 84
65 71
66 71
67 58
68 56
69 44
70 44
71 35
72 50
73 33
74 21
75 24
76 30
77 17
78 17
79 13
80 26
81 18
82 14
83 10
84 3
85 11
86 9
87 7
88 5
89 4
90 4
91 5
92 4
93 4
94 3
95 5
96 5
97 1
98 2
99 2
100 3
101 3
102 1
103 2
104 1
106 1
111 1
113 1
119 1
