10000 0 0 829812 47713.4 116887 5861.16 -1.99866 0.00143493 3.99496 0.00552249 15.9642 0.0410678 2.10459e-05 0.00036745 -0.00124318 0.00135682 0.000330426 0.000232662 9.14042e-06 8.99548e-06 38000000000 0.712603 0.000818881 0.253035 0.000624956 0.0342207 0.000231642 102113 5939.47 14773.7 407.762 0.517383 0.0161182 
1000 0 0 24329.7 123.489 3416.34 10.6178 -1.9948 0.000205538 3.97979 0.000819842 15.8478 0.00652552 -0.000280217 0.000180698 1.31528e-05 0.000274137 0.00100494 7.61503e-06 2.03395e-06 3.52033e-08 22800000000 0.712712 0.000222003 0.252039 0.000183129 0.0338265 7.42834e-05 2953.48 11.1537 462.86 1.76448 0.502124 0.00198563 
100 0 0 764.984 2.74123 107.334 0.20782 -1.94913 0.000541406 3.80486 0.00211842 14.5644 0.0163348 4.59488e-05 0.00032348 0.000111571 0.000313401 0.0100626 4.67083e-05 0.000202635 2.14546e-06 51200000000 0.708558 0.00037702 0.244438 0.000322251 0.0326497 0.000111667 92.7576 0.21972 14.576 0.0321567 0.502481 0.00109897 
300 0 0 4006.58 11.8236 562.751 0.991002 -1.98286 0.000231944 3.93365 0.000912608 15.504 0.00707397 -0.000353091 0.000183002 -0.000152352 0.000200063 0.003332 1.74796e-05 2.2086e-05 2.09007e-07 51100000000 0.711471 0.000235059 0.250131 0.000217288 0.0336367 7.3617e-05 486.768 1.03946 75.9826 0.174977 0.504072 0.00127316 
500 0 0 8612.55 27.1708 1208.12 2.08845 -1.99003 0.000158008 3.96138 0.000629613 15.7109 0.00500465 -6.1565e-05 0.000151003 0.000174106 0.000157224 0.00200504 9.16288e-06 7.96181e-06 7.94328e-08 51300000000 0.711997 0.000174188 0.251239 0.000147021 0.0339049 5.06328e-05 1044.57 2.20823 163.548 0.476034 0.5027 0.00111453 
750 0 0 15890.7 67.9089 2225.95 4.67522 -1.99323 0.000134358 3.97373 0.000536907 15.8027 0.00429034 -7.20211e-05 0.000127009 2.89751e-05 0.000138711 0.00132875 5.96679e-06 3.51343e-06 3.59487e-08 50700000000 0.712525 0.00013587 0.251764 0.000111454 0.0338283 4.50483e-05 1925.72 4.92187 300.235 0.78226 0.504522 0.00132589 
10000 0.1 0 766164 39230.3 108160 4983.68 -1.94159 0.00104005 3.76996 0.00393362 14.2152 0.0281884 -0.00051594 0.000494827 -0.000959243 0.00115901 0.00024207 0.000128851 2.4374e-06 2.34482e-06 38600000000 0.712539 0.000705762 0.253009 0.000631295 0.0343107 0.000191628 93782.4 5070.84 14377.4 410.514 0.500465 0.0134633 
1000 0.1 0 24379.4 158.848 3403.35 12.8348 -1.93675 0.000214735 3.75158 0.000830084 14.083 0.00620833 -8.9711e-05 0.000327194 0.000331601 0.000279839 0.00111488 1.31263e-05 2.47899e-06 5.48283e-08 22700000000 0.711268 0.000210429 0.253007 0.000164699 0.0343051 6.95111e-05 2942.34 13.9076 461.016 1.92769 0.502292 0.0021348 
100 0.1 0 770.318 2.21288 107.936 0.184035 -1.89175 0.000387732 3.5845 0.00146611 12.9315 0.0105465 0.000409042 0.000536685 4.18124e-05 0.000378802 0.0112949 5.03135e-05 0.000253429 2.6979e-06 51000000000 0.708136 0.000426397 0.244916 0.000346235 0.0326388 0.000140953 93.3619 0.187908 14.5739 0.0346629 0.504607 0.00110281 
300 0.1 0 3983.72 12.392 559.59 1.11464 -1.92458 0.000208568 3.70595 0.000804154 13.7627 0.0059906 -4.59628e-05 0.00020712 -0.000332801 0.000211757 0.00374835 2.03959e-05 2.83418e-05 3.50029e-07 51000000000 0.710431 0.000218821 0.250903 0.000183941 0.0339155 7.13558e-05 483.903 1.14797 75.6867 0.190048 0.503708 0.00118999 
500 0.1 0 8618.26 27.0145 1206.47 2.06938 -1.93194 0.000172682 3.73356 0.000666088 13.9568 0.00496052 -8.54617e-05 0.00018117 -1.83858e-05 0.000184429 0.00225004 1.18144e-05 1.01402e-05 1.34721e-07 50400000000 0.710965 0.00015506 0.252095 0.000137057 0.0340909 6.46938e-05 1043.13 2.17921 163.341 0.427315 0.503332 0.00112149 
750 0.1 0 15748.7 56.948 2211.37 5.13196 -1.93534 0.000156602 3.74631 0.00060484 14.0464 0.00451432 0.000104023 0.000205481 -9.49036e-06 0.000135045 0.00150497 7.73524e-06 4.539e-06 4.74921e-08 50800000000 0.711393 0.000132572 0.252533 0.000109175 0.0341737 4.87556e-05 1911.26 4.98955 300.111 0.87809 0.502062 0.00116161 
10000 0.2 0 721711 33139.1 103630 2925.53 -1.88368 0.00083978 3.54832 0.00316112 12.5914 0.0223967 -0.000102813 0.000741932 0.000302772 0.00083811 0.000122199 6.06686e-06 3.05496e-08 3.16631e-09 24400000000 0.709105 0.000527695 0.255794 0.000459096 0.0349594 0.000206312 89531.3 3025.7 14098.9 350.501 0.502693 0.0143756 
1000 0.2 0 24289 130.105 3403.51 12.4345 -1.87857 0.000211155 3.52963 0.000793427 12.4668 0.00560522 0.00027619 0.000251867 -8.84027e-05 0.000262031 0.00126119 1.26894e-05 3.15912e-06 6.12945e-08 22500000000 0.708843 0.000216687 0.254764 0.000170619 0.0349838 0.000101661 2946.82 12.5055 456.684 1.78326 0.506006 0.00245759 
100 0.2 0 765.476 2.57825 107.191 0.214825 -1.83414 0.000360149 3.36985 0.00132647 11.4338 0.00905753 0.000283889 0.00034105 0.000400319 0.00038396 0.0127854 6.56817e-05 0.000323723 4.60429e-06 51200000000 0.704901 0.000348703 0.247356 0.000281375 0.0334739 0.000127603 92.6878 0.229631 14.5033 0.0399125 0.503628 0.00132528 
300 0.2 0 3993.36 19.0789 558.562 1.27405 -1.86733 0.000268801 3.48884 0.00101054 12.1988 0.00715919 0.000182499 0.000330855 -0.000497403 0.000279549 0.00425336 2.66289e-05 3.62557e-05 5.46852e-07 29300000000 0.707218 0.00030753 0.253252 0.000228351 0.0348085 0.000102662 483.011 1.32991 75.5511 0.234568 0.504024 0.00148535 
500 0.2 0 8567.7 43.8123 1198.31 2.674 -1.87417 0.000213737 3.51368 0.000800834 12.3624 0.00562945 -0.000126983 0.000280343 0.000103912 0.000210615 0.00253749 1.78706e-05 1.28656e-05 2.10654e-07 28800000000 0.708483 0.000219945 0.253859 0.00017637 0.0348284 7.37188e-05 1035.32 2.83953 162.998 0.49628 0.501947 0.00150017 
750 0.2 0 15694.1 65.2131 2208.46 5.36885 -1.87691 0.000206165 3.52355 0.000775684 12.4262 0.00549509 -0.000440035 0.000193422 0.000166788 0.000215713 0.00170254 1.18496e-05 5.86468e-06 9.69084e-08 28900000000 0.708721 0.000186183 0.254452 0.000153833 0.0349421 5.92251e-05 1908.96 5.80024 299.501 0.949703 0.503167 0.00168195 
10000 0.3 0 736583 34160.8 103956 3943.78 -1.82367 0.000830964 3.32584 0.00302801 11.0622 0.0201065 2.06249e-05 0.00102115 3.13587e-05 0.000946146 0.000144521 1.82457e-05 9.98109e-08 6.6604e-08 24300000000 0.704062 0.000572599 0.259061 0.000515603 0.0367363 0.000178244 89640.7 4222.06 14315.5 599.112 0.502217 0.0249511 
1000 0.3 0 23926.4 160.296 3356.05 13.8584 -1.81968 0.000398465 3.31184 0.00145422 10.9761 0.00968939 -0.000315609 0.000245724 0.000293504 0.000272403 0.00147427 1.03505e-05 4.36059e-06 6.89797e-08 22500000000 0.703884 0.000237713 0.258328 0.000201551 0.0363809 7.73384e-05 2901.16 13.9212 454.893 1.67607 0.503136 0.00197592 
100 0.3 0 757.764 3.56745 106.008 0.347208 -1.77582 0.000521908 3.15945 0.00185252 10.0569 0.0117605 0.000818131 0.000555929 -0.000596513 0.000644622 0.0143378 8.95548e-05 0.000412488 5.74335e-06 28900000000 0.700548 0.000560544 0.250372 0.000503996 0.0348524 0.000171799 91.677 0.343503 14.3308 0.0469737 0.50438 0.00172919 
300 0.3 0 3932.42 17.712 552.372 1.29991 -1.80825 0.000280861 3.27174 0.00101397 10.7299 0.00662507 0.000690917 0.000286755 -0.0002713 0.000335083 0.00486145 3.21025e-05 4.74149e-05 7.03597e-07 29000000000 0.703389 0.000328665 0.25609 0.000290742 0.0358366 9.6672e-05 477.435 1.38609 74.937 0.227641 0.502037 0.00158942 
500 0.3 0 8503.66 46.4751 1190.65 3.29679 -1.81536 0.000281033 3.2967 0.00102101 10.8837 0.00674669 -0.000404099 0.000253442 -7.31528e-06 0.00026688 0.00291294 1.67816e-05 1.67631e-05 2.14717e-07 29200000000 0.703155 0.000238145 0.257758 0.000187727 0.0362764 7.14814e-05 1030.57 3.47939 160.08 0.511127 0.505605 0.00182211 
750 0.3 0 15658.8 63.2249 2186.59 5.43829 -1.81815 0.000193092 3.30646 0.000702293 10.9432 0.00464951 -5.79318e-05 0.000201949 -0.000113725 0.000240527 0.00194232 1.16523e-05 7.49819e-06 1.00673e-07 28900000000 0.703243 0.000199546 0.258382 0.000161787 0.0364947 6.66618e-05 1891.91 5.69173 294.681 1.46951 0.50534 0.00211749 
10000 0.4 0 802854 45302 111948 5732.97 -1.76295 0.00147226 3.10815 0.00510434 9.66243 0.0307042 -0.000416195 0.000772954 -0.00193835 0.00204589 0.000339141 0.000175769 2.1674e-06 2.08457e-06 37300000000 0.697136 0.000957237 0.263793 0.000809642 0.0389317 0.000241807 98306.9 5750.98 13641 409.481 0.537266 0.0167547 
1000 0.4 0 23630.7 150.468 3314.26 12.978 -1.76029 0.000244119 3.09924 0.000858715 9.61278 0.00531656 -0.000434817 0.000291903 -0.000282311 0.000260892 0.00163688 1.26511e-05 5.37035e-06 9.22214e-08 22700000000 0.696277 0.000252718 0.263795 0.000221445 0.0385432 8.45266e-05 2862.07 13.3437 452.184 1.89741 0.499696 0.00212422 
100 0.4 0 743.817 4.36182 104.833 0.312726 -1.71661 0.000481115 2.95267 0.0016577 8.78815 0.00991469 0.000355258 0.000540353 -0.000243335 0.000547472 0.0163153 0.000103341 0.000524713 7.4602e-06 29200000000 0.692459 0.000575166 0.25633 0.000455356 0.0372025 0.000171003 90.5841 0.349132 14.2489 0.0483058 0.501765 0.00187547 
300 0.4 0 3873.18 11.7929 544.112 0.961714 -1.7495 0.000203927 3.06272 0.000710888 9.40429 0.00433148 -0.000224271 0.000244781 0.000432203 0.000276966 0.00546519 2.78539e-05 5.97226e-05 6.53465e-07 49900000000 0.695548 0.000206792 0.261571 0.00016123 0.0382246 7.83147e-05 470.256 1.01086 73.8561 0.174102 0.502106 0.00121645 
500 0.4 0 8334.05 27.6169 1172.59 2.27532 -1.75609 0.000158941 3.08504 0.000558491 9.53234 0.00345389 8.80426e-05 0.000185496 0.000124726 0.000201517 0.00328462 1.72099e-05 2.14481e-05 2.4505e-07 50100000000 0.69583 0.000157336 0.262898 0.000151105 0.0384767 5.5267e-05 1013.44 2.39 159.151 0.353099 0.502416 0.0012261 
750 0.4 0 15378.6 46.7645 2150.98 4.04202 -1.75924 0.000148265 3.09571 0.000521101 9.59319 0.00322272 -0.000156404 0.000163708 -7.63489e-05 0.000177027 0.00220664 1.22231e-05 9.69936e-06 1.06381e-07 49500000000 0.69589 0.000146863 0.263783 0.000118674 0.0384672 5.51532e-05 1858.95 4.22615 292.024 0.733731 0.502172 0.00116331 
10000 0.5 0 705887 26333.6 100178 2920.1 -1.70439 0.000545741 2.90502 0.00185898 8.43989 0.0107878 -0.00132482 0.000744861 -0.000284465 0.000955631 0.000211887 2.30322e-05 2.44924e-07 1.69217e-07 36900000000 0.686818 0.000518099 0.271319 0.000430682 0.0417255 0.000242094 85896.5 2945.94 14281.2 394.717 0.482166 0.0142862 
1000 0.5 0 22936.3 149.244 3241.67 12.5665 -1.70055 0.000253216 2.89247 0.000861558 8.37352 0.00499073 -5.16992e-05 0.000541133 -1.41756e-05 0.000329321 0.00189285 1.88981e-05 7.08864e-06 1.42582e-07 22700000000 0.685691 0.000253611 0.271193 0.000203865 0.0417368 8.97361e-05 2799.02 13.0447 442.655 1.7615 0.500482 0.00216835 
100 0.5 0 730.696 2.36452 103.096 0.188354 -1.65802 0.000397048 2.75508 0.00131038 7.65675 0.00719458 0.000609786 0.000462397 -0.000438466 0.000543826 0.018975 9.29641e-05 0.000712455 7.02159e-06 49900000000 0.683886 0.000352572 0.262412 0.000287094 0.0398462 0.000129306 89.0959 0.198057 13.9998 0.039736 0.502013 0.00142296 
300 0.5 0 3807.19 11.9542 534.966 0.966976 -1.68962 0.000210479 2.85683 0.000712358 8.18432 0.004092 -0.000196153 0.000317794 -0.000346854 0.000331426 0.00628043 3.49201e-05 7.8218e-05 9.41004e-07 49800000000 0.684488 0.000224372 0.269466 0.000189417 0.041457 8.11198e-05 462.657 0.992499 72.3095 0.197334 0.504182 0.00119895 
500 0.5 0 8141.29 26.839 1148.51 2.47485 -1.69547 0.000157383 2.87585 0.0005335 8.28444 0.00307101 8.53013e-07 0.000217875 -0.000259581 0.000200037 0.00381255 2.07492e-05 2.89107e-05 2.97569e-07 49600000000 0.685397 0.000194838 0.270211 0.000140151 0.0416374 8.49902e-05 991.864 2.40192 156.645 0.403644 0.50055 0.00116409 
750 0.5 0 15122 44.8253 2117.77 4.54997 -1.6989 0.000155165 2.88708 0.000527062 8.34464 0.00304377 0.000408326 0.000186973 0.000218895 0.000186032 0.00252544 1.53454e-05 1.27362e-05 1.91221e-07 49200000000 0.685418 0.000234252 0.270945 0.000189378 0.041803 6.71803e-05 1831.79 4.41741 285.982 0.731759 0.504736 0.00134241 
10000 0.6 0 972195 221530 152592 50222.1 -1.63762 0.00561931 2.68332 0.0169927 7.21383 0.078743 -0.000912773 0.00060494 -0.00887884 0.00826268 0.00373715 0.00349692 0.000873466 0.000868022 36800000000 0.674026 0.00291463 0.279709 0.00247072 0.04613 0.000463379 139457 49838.4 13134.3 556.838 0.527649 0.0186001 
1000 0.6 0 22682.2 136.511 3180.7 12.0384 -1.63846 0.000252904 2.68517 0.000827375 7.21685 0.00443104 0.000344712 0.00034726 0.000172918 0.000379895 0.00218377 1.93463e-05 9.48485e-06 1.93755e-07 22800000000 0.671662 0.000265985 0.280658 0.000203327 0.046339 9.24646e-05 2751.7 12.406 429.004 2.03582 0.505102 0.00213214 
100 0.6 0 709.664 4.18964 100.531 0.36266 -1.59704 0.000397198 2.55677 0.00128994 6.60044 0.006844 0.000715079 0.000450767 0.000185744 0.000540029 0.0216936 9.11566e-05 0.000928227 8.57369e-06 48700000000 0.670788 0.000439179 0.271367 0.000382089 0.0442165 0.000141016 86.7975 0.364558 13.7336 0.034037 0.49994 0.00139923 
300 0.6 0 3727.26 13.8112 522.057 1.09267 -1.62773 0.00021396 2.65159 0.000693811 7.05317 0.00366032 -0.000142085 0.000328887 -3.92399e-05 0.000311689 0.00727354 5.087e-05 0.000105168 1.61663e-06 49200000000 0.671017 0.000213878 0.278656 0.000171934 0.0458095 7.72397e-05 451.475 1.16491 70.5818 0.226598 0.503542 0.00139831 
500 0.6 0 7998.52 30.0456 1122.67 2.18138 -1.6341 0.000174279 2.67155 0.000570795 7.15056 0.00306642 -4.81231e-05 0.000212579 -0.000124086 0.000218262 0.00439655 2.12426e-05 3.84203e-05 4.05529e-07 51200000000 0.671249 0.00016098 0.279903 0.000126881 0.0461459 6.24612e-05 971.049 2.28967 151.623 0.486088 0.504121 0.00144682 
750 0.6 0 14685.1 70.8522 2060.02 5.19767 -1.63696 0.000172148 2.68047 0.000565168 7.19388 0.00305054 0.000104524 0.000246753 -0.000132458 0.000247349 0.00292059 1.32042e-05 1.70299e-05 1.77649e-07 52000000000 0.671207 0.000174688 0.280682 0.000129645 0.0463127 6.73965e-05 1780.61 5.43242 279.411 0.645308 0.502739 0.00133943 
10000 0.7 0 746747 139293 112091 22177.6 -1.57574 0.00376472 2.48339 0.0115026 6.17138 0.0538404 0.00146885 0.00115884 -0.00592695 0.00609172 0.00126433 0.000995481 7.44554e-05 7.39527e-05 20700000000 0.65565 0.00222898 0.291805 0.00192695 0.0524142 0.000431655 98273.1 21874.7 13817.4 642.78 0.482546 0.0257891 
1000 0.7 0 21808.6 123.36 3054.35 11.0877 -1.57461 0.000256482 2.48003 0.000808717 6.1569 0.00402411 0.000132337 0.000458274 -2.35692e-06 0.000331396 0.0025527 1.99108e-05 1.29697e-05 2.12749e-07 23000000000 0.652875 0.000384841 0.292984 0.000310824 0.0528178 0.00011493 2641.41 11.568 412.94 1.78423 0.503331 0.00223015 
100 0.7 0 686.741 2.3282 97.3739 0.186451 -1.53327 0.000376806 2.35735 0.00116134 5.61747 0.00554378 0.000569878 0.000536968 9.34614e-05 0.000491475 0.0253975 0.000122058 0.00126359 1.25852e-05 49500000000 0.65253 0.000473028 0.283807 0.00044316 0.0503362 0.000154291 84.0033 0.194907 13.3706 0.039937 0.497116 0.00129718 
300 0.7 0 3560.24 19.1599 502.375 2.0607 -1.56371 0.000311577 2.44735 0.000973236 6.01058 0.00476575 0.000222302 0.000436528 0.000810718 0.000509162 0.00856678 7.9084e-05 0.000146332 2.92196e-06 24200000000 0.652703 0.000518291 0.290559 0.000334121 0.0523161 0.000184069 434.219 2.08804 68.1559 0.227394 0.501604 0.00163821 
500 0.7 0 7643.39 33.0009 1080.87 2.96959 -1.57006 0.000286829 2.46639 0.000889258 6.09584 0.00427972 -4.42129e-05 0.000550945 -0.000305959 0.000377244 0.00506816 3.82225e-05 5.10681e-05 8.98317e-07 24300000000 0.65276 0.000312626 0.292022 0.000240844 0.05257 0.000123911 933.754 2.95557 147.12 0.533412 0.500646 0.00157678 
750 0.7 0 14170.4 70.8188 1982.5 6.25262 -1.57313 0.000251125 2.47561 0.000791351 6.13731 0.00393511 -0.00021735 0.000352702 -8.86702e-05 0.00034203 0.00339702 2.41145e-05 2.30591e-05 3.65028e-07 24100000000 0.652917 0.000239985 0.292489 0.00017781 0.0528414 0.000101625 1712.98 6.51657 269.529 0.996833 0.502552 0.00180415 
10000 0.8 0 826710 181523 117508 26021.3 -1.50522 0.00384317 2.26603 0.0113312 5.1377 0.049358 -0.000528615 0.000979315 -0.00652457 0.00822912 0.00143028 0.00105038 6.64059e-05 6.44592e-05 20900000000 0.628344 0.00240488 0.308666 0.00207965 0.0628632 0.000442001 105288 26121.4 12220 673.786 0.529193 0.0391134 
1000 0.8 0 20571.9 164.354 2896.1 18.3212 -1.50742 0.000334182 2.27301 0.00100741 5.17283 0.00458266 0.000537959 0.000393045 -0.000379871 0.000458191 0.00306421 3.13733e-05 1.89798e-05 3.71824e-07 22800000000 0.62795 0.000274821 0.308496 0.000238148 0.0622796 0.000124942 2504.74 17.7732 391.359 1.5851 0.504238 0.00204335 
100 0.8 0 653.067 4.55218 93.3554 0.250515 -1.46798 0.000607298 2.1617 0.00179156 4.73069 0.00789221 0.00137475 0.00101132 0.000881465 0.000826351 0.0300771 0.00019909 0.0017658 2.37149e-05 24300000000 0.630204 0.000648812 0.297923 0.000458259 0.058904 0.000259159 80.4592 0.267047 12.8962 0.0578638 0.493543 0.00233435 
300 0.8 0 3410.04 14.3463 480.925 1.24876 -1.49777 0.00042681 2.24557 0.00126661 5.06289 0.00559113 0.000526207 0.000614641 -0.000460635 0.000712204 0.0100915 6.40751e-05 0.000203339 2.96652e-06 24300000000 0.628928 0.000340984 0.305689 0.00026789 0.0611408 0.00014337 415.57 1.31836 65.3542 0.229393 0.50236 0.0016381 
500 0.8 0 7276.44 34.3053 1028.11 2.62761 -1.50274 0.000293984 2.25958 0.000882555 5.11798 0.00403905 0.000406772 0.000391165 -0.000387479 0.000369451 0.00609167 3.7557e-05 7.40893e-05 1.01675e-06 24200000000 0.628276 0.000303174 0.307312 0.000240798 0.0618649 0.000120405 888.339 2.77 139.772 0.487907 0.501364 0.00162935 
750 0.8 0 13411.7 70.3002 1894.11 6.30158 -1.50606 0.000302553 2.26915 0.00091286 5.15745 0.00416109 -1.77394e-05 0.000372708 4.82415e-05 0.000348905 0.00407867 2.72901e-05 3.31302e-05 4.78266e-07 24300000000 0.62832 0.000308958 0.307918 0.000217646 0.0620601 0.000136635 1637.44 6.49696 256.67 0.9213 0.502531 0.00176179 
10000 0.9 0 1.10738e+06 446305 164422 72414.1 -1.43379 0.00637034 2.05666 0.0174758 4.23663 0.0660776 -0.000449753 0.00179135 -0.0116463 0.0148028 0.00471733 0.00431779 0.000633017 0.000629687 20700000000 0.60138 0.00643519 0.323163 0.00510882 0.0753349 0.00135919 152469 72356.1 11953.1 604.414 0.532171 0.0393703 
1000 0.9 0 19208.6 189.68 2704.04 12.3559 -1.43616 0.000284018 2.06331 0.000814668 4.26341 0.00335525 7.05523e-05 0.000501268 -0.000158076 0.000479191 0.00371872 3.74959e-05 2.75944e-05 5.65492e-07 23000000000 0.5965 0.000299863 0.326419 0.000213343 0.0758621 0.000140343 2336.77 14.3332 367.264 2.17015 0.501868 0.00354781 
100 0.9 0 606.121 3.36682 87.8667 0.254651 -1.39913 0.000559046 1.96473 0.0015638 3.91603 0.00626048 0.00267155 0.0014416 -0.000947468 0.000870671 0.0364715 0.000219766 0.00256299 3.21671e-05 24400000000 0.600961 0.000560997 0.315359 0.000409098 0.0713215 0.000280624 75.5773 0.26992 12.2894 0.0452048 0.489147 0.00205959 
300 0.9 0 3143.63 14.0699 447.465 1.39066 -1.42684 0.000387315 2.03832 0.00109975 4.17453 0.0044614 -0.000227286 0.000559979 0.000599282 0.000649572 0.0122818 8.40591e-05 0.000296385 4.42036e-06 24300000000 0.597434 0.000544612 0.323773 0.000378312 0.0747072 0.000194366 385.968 1.43933 61.4967 0.217953 0.496781 0.0017674 
500 0.9 0 6795.49 30.1493 961.924 2.77475 -1.43152 0.000249212 2.05071 0.000712063 4.21747 0.002916 0.000679438 0.000464822 -0.000388349 0.000432195 0.00749952 6.27946e-05 0.000112382 1.80532e-06 24200000000 0.596798 0.0002632 0.325457 0.000185087 0.0752875 0.000129701 830.623 2.73927 131.301 0.533951 0.499927 0.00168207 
750 0.9 0 12500.3 75.4031 1758.47 6.57008 -1.43494 0.000321364 2.06005 0.000916212 4.25204 0.00373022 -0.000688537 0.000397812 -0.000164096 0.000532593 0.00497405 3.7347e-05 4.90638e-05 8.05485e-07 24000000000 0.59642 0.000287037 0.326178 0.000197343 0.0757775 0.000135521 1518.5 6.96828 239.965 0.999435 0.499253 0.00238301 
10000 1 0 725716 177215 106254 28097.1 -1.35695 0.00212264 1.84155 0.00562735 3.39295 0.0198084 -0.00361242 0.00174822 -0.00655944 0.00767265 0.0021286 0.0016218 0.000107139 0.000106143 20800000000 0.555176 0.00354773 0.346889 0.00263189 0.0978194 0.0010381 95813.3 27915.7 10440.3 435.974 0.517435 0.0253761 
1000 1 0 17273.7 134.744 2450.43 10.6977 -1.35816 0.000455271 1.84544 0.00123546 3.41173 0.00455732 -0.000995433 0.0007418 0.000385341 0.000622563 0.00472633 3.86807e-05 4.42632e-05 7.71285e-07 23300000000 0.554939 0.00036016 0.347803 0.000218119 0.0961079 0.00021577 2115.75 10.8355 334.687 1.54049 0.499321 0.00276641 
100 1 0 560.466 3.2693 81.868 0.227732 -1.32307 0.000642553 1.75835 0.00170745 3.14641 0.00620425 0.00336681 0.0010664 -0.00105483 0.000994225 0.0457353 0.000399889 0.00400322 7.14317e-05 24400000000 0.564434 0.000629849 0.334663 0.000445316 0.0891593 0.00033644 70.31 0.235127 11.558 0.0377379 0.484672 0.00160875 
300 1 0 2864.74 13.3577 410.272 1.22463 -1.34902 0.000435448 1.82258 0.00116931 3.34156 0.00423354 -0.000299513 0.000639902 0.000845852 0.000618399 0.0155098 9.58392e-05 0.000475412 6.48065e-06 24100000000 0.557029 0.000369776 0.344549 0.000245535 0.0945731 0.000221933 354.015 1.2186 56.2568 0.18017 0.497542 0.0016901 
500 1 0 6161.61 30.5986 873.468 2.6546 -1.35426 0.000326401 1.83568 0.000879933 3.38188 0.00320901 -0.000374467 0.000559165 0.000188228 0.000510153 0.00942854 8.43461e-05 0.000177287 3.1232e-06 24300000000 0.555734 0.000304903 0.346531 0.000228165 0.0954333 0.000163088 753.538 2.76786 119.931 0.420124 0.496832 0.00179719 
750 1 0 11285.7 56.4924 1599.41 6.20762 -1.3566 0.00030124 1.84146 0.000819874 3.399 0.00304279 0.000352136 0.000488477 -0.000196293 0.000629982 0.00636451 5.41364e-05 8.05356e-05 1.97e-06 24400000000 0.554744 0.00028333 0.347507 0.00022816 0.0962272 0.000155638 1381.21 6.18642 218.206 0.80982 0.499604 0.00183757 
10000 1.1 0 814920 357278 131929 67647.3 -1.26863 0.00326585 1.60985 0.00797995 2.59423 0.0239267 0.00235909 0.00237467 -0.0130319 0.0112212 0.00533878 0.00458045 0.00113074 0.00111159 23400000000 0.503875 0.00549366 0.368618 0.0041254 0.127402 0.00161297 123409 67553.7 8519.85 455.29 0.5119 0.032276 
1000 1.1 0 14910.7 124.419 2128.55 10.663 -1.2695 0.000492754 1.6126 0.00123803 2.60669 0.00391448 3.71833e-05 0.000648641 0.000387996 0.000700106 0.00632796 6.97467e-05 7.93482e-05 1.8678e-06 23300000000 0.500785 0.000488671 0.370485 0.000217555 0.127672 0.000306511 1836.08 11.32 292.465 1.61052 0.496907 0.00299875 
100 1.1 0 493.727 2.14104 73.266 0.181824 -1.23947 0.000571197 1.54522 0.00140606 2.4422 0.00448178 0.00222373 0.00117126 0.000366224 0.00122237 0.0591484 0.00033123 0.00664008 7.97701e-05 28200000000 0.516392 0.000682576 0.356088 0.000479613 0.116573 0.000326615 62.5813 0.18775 10.6847 0.0329188 0.47047 0.00149599 
300 1.1 0 2504.09 11.206 359.885 0.914765 -1.26134 0.000498335 1.59411 0.00126511 2.56104 0.00410391 -0.000717421 0.000633701 -0.000884466 0.00060462 0.0209592 0.00013896 0.00085996 1.16374e-05 28200000000 0.504358 0.000670142 0.367089 0.000411074 0.124993 0.000279 309.279 0.973076 50.6056 0.153934 0.486014 0.00161289 
500 1.1 0 5319.09 22.7876 762.846 2.00752 -1.26598 0.000340505 1.60464 0.000867041 2.5873 0.00282179 0.00016729 0.000518656 0.000559307 0.000636832 0.0126675 8.1725e-05 0.000318409 3.97016e-06 27900000000 0.502236 0.000317985 0.368942 0.000213844 0.126702 0.000181179 656.56 2.081 106.286 0.374709 0.49126 0.00160445 
750 1.1 0 9725.42 49.2495 1383.58 4.62762 -1.26743 0.000321881 1.60766 0.000814604 2.59288 0.00261713 0.000516731 0.000556026 -0.000294828 0.000550679 0.00843264 5.91555e-05 0.000139975 2.09525e-06 27700000000 0.500969 0.00043039 0.369962 0.000212851 0.127654 0.000239896 1193.13 4.70559 190.446 0.784984 0.495698 0.00177721 
10000 1.2 0 359153 24919.3 51835.2 2550.22 -1.1625 0.00148677 1.35155 0.00343343 1.82747 0.00916542 0.000180228 0.00492312 -0.00537281 0.00298933 0.00133115 0.000369554 2.288e-05 2.01159e-05 23600000000 0.424372 0.00114398 0.392645 0.000685384 0.18289 0.000845772 44623.3 2666.23 7211.84 515.783 0.493731 0.0294573 
1000 1.2 0 11644.2 97.5008 1673.35 9.73852 -1.16104 0.000423255 1.34926 0.000977356 1.82718 0.00261429 -0.0017002 0.000874696 0.000536227 0.0010964 0.00945586 0.000113573 0.000178248 3.81903e-06 23500000000 0.427233 0.000454549 0.391466 0.000295597 0.180363 0.000366109 1440.78 9.90173 232.577 1.1835 0.49248 0.00287314 
100 1.2 0 409.448 1.90747 63.066 0.166259 -1.14326 0.000724673 1.31744 0.00158864 1.78951 0.00400852 0.00125049 0.00165457 -0.00107806 0.00136738 0.0818612 0.000538144 0.0123299 0.000162015 28400000000 0.456689 0.000609003 0.375929 0.000384339 0.157463 0.000596004 53.4932 0.169859 9.57274 0.0265275 0.452534 0.00142001 
300 1.2 0 1969.57 8.72547 293.338 0.851759 -1.157 0.000390558 1.34252 0.000910776 1.82301 0.00249427 -3.56352e-05 0.00116303 -0.00170702 0.000749434 0.0305697 0.000178547 0.00183485 2.31316e-05 28300000000 0.43554 0.000376317 0.387472 0.000258518 0.173832 0.000284152 250.706 0.82979 42.6322 0.129667 0.47232 0.00142269 
500 1.2 0 4168.35 18.4077 612.915 1.70129 -1.15947 0.000322663 1.34673 0.000746794 1.82635 0.00201587 0.000974171 0.00085145 -0.00173992 0.000688296 0.0187331 0.00011437 0.000694427 9.96772e-06 28300000000 0.431219 0.000300122 0.389417 0.000221024 0.177467 0.000258325 525.77 1.74208 87.145 0.284753 0.482454 0.00156223 
750 1.2 0 7636.54 42.4709 1105.72 4.3926 -1.1607 0.000324729 1.34881 0.000754661 1.82787 0.00204844 -0.000181946 0.00121034 0.00044865 0.000745223 0.0126232 0.000104133 0.000313717 5.63215e-06 28400000000 0.428781 0.000331292 0.390733 0.000201004 0.179231 0.000262968 950.725 4.39126 154.991 0.7091 0.487704 0.00185091 
10000 1.3 0 300436 98294.1 44919 14986.5 -1.00171 0.00593364 1.00389 0.0116995 1.00957 0.0227766 0.00107997 0.00537189 -0.0435197 0.0279027 0.0105419 0.00740155 0.000676092 0.000644033 20300000000 0.308674 0.00348735 0.399959 0.00145006 0.291293 0.0029731 41153.6 15281 3765.4 438.211 0.559286 0.0624379 
1000 1.3 0 6954.63 76.6995 1064.17 8.83111 -1.01558 0.000611303 1.03319 0.00125459 1.07477 0.00265198 0.00108427 0.00174203 0.00170836 0.00169558 0.0188466 0.00024376 0.000697505 2.04355e-05 24000000000 0.323746 0.000494678 0.398985 0.000224362 0.276517 0.000479851 905.489 8.72336 158.683 1.38649 0.459419 0.00340051 
100 1.3 0 314.855 1.73392 51.2746 0.167025 -1.03135 0.000904947 1.07579 0.00184884 1.20854 0.00428914 -0.00146568 0.00208871 0.00179087 0.00169579 0.124029 0.00105216 0.0265653 0.000400832 23800000000 0.385028 0.000813797 0.388166 0.000428211 0.218215 0.000738574 42.8325 0.173661 8.44205 0.0265402 0.416148 0.00172967 
300 1.3 0 1317.28 7.24398 209.071 0.729427 -1.0224 0.000469582 1.0505 0.000955449 1.12517 0.00202174 0.000649256 0.00140516 -0.00271899 0.00117653 0.0553592 0.000374644 0.00578421 7.88036e-05 23900000000 0.342729 0.00042691 0.396047 0.00020936 0.258568 0.000453485 176.063 0.735767 33.0087 0.0984604 0.434692 0.00182761 
500 1.3 0 2613.12 16.5203 410.078 1.69131 -1.019 0.000455627 1.04173 0.000926031 1.09907 0.00193852 -0.000247126 0.00115803 0.000413151 0.00137261 0.0354946 0.000313183 0.00241425 5.32894e-05 23800000000 0.332417 0.000396318 0.397638 0.000193622 0.268389 0.000411978 345.916 1.62733 64.1618 0.220703 0.439364 0.00179482 
750 1.3 0 4559.8 50.5689 706.731 5.00735 -1.01572 0.000496077 1.03402 0.00100505 1.07877 0.00208065 0.000193052 0.00141013 -3.90625e-07 0.00144916 0.0250876 0.000371751 0.00124111 3.59957e-05 23700000000 0.3256 0.000430152 0.398445 0.000211557 0.274946 0.000441822 598.569 5.09278 108.162 0.555345 0.448393 0.00316083 
10000 1.4 0 51788.7 26857.5 11713.1 5893.96 -0.733727 0.0101767 0.539298 0.0152014 0.292918 0.0170112 0.0339514 0.0198226 -0.0465448 0.0433278 0.0354699 0.00938941 0.00258561 0.00107723 16300000000 0.128259 0.00682491 0.325701 0.00429325 0.546007 0.0111147 11032.1 5991.11 680.925 115.883 0.428974 0.132022 
1000 1.4 0 1803.55 22.1635 384.039 2.99257 -0.788889 0.000905414 0.624747 0.00142876 0.396331 0.00179644 -0.00829442 0.00481391 -0.00322153 0.00464735 0.0850633 0.000988679 0.0122458 0.00025066 51300000000 0.174486 0.000500828 0.348233 0.000363697 0.47682 0.000849575 298.913 3.00166 85.1263 0.283608 0.293365 0.00315798 
100 1.4 0 216.659 1.51948 39.3044 0.134667 -0.904606 0.000854583 0.830818 0.0015961 0.731881 0.00293427 0.00135282 0.00279014 -0.00185008 0.00198691 0.198339 0.00113325 0.0597322 0.000543752 24900000000 0.308286 0.000668084 0.383146 0.000459139 0.301436 0.000643786 31.8945 0.135569 7.4099 0.0183742 0.359183 0.00187921 
300 1.4 0 643.09 5.58022 122.925 0.393577 -0.848492 0.000526451 0.72592 0.000899827 0.544368 0.00135785 -0.00223955 0.00283533 -0.00180218 0.00246085 0.132804 0.000901949 0.0285494 0.000379166 25100000000 0.231535 0.000375602 0.369436 0.000258398 0.397104 0.000530059 98.3755 0.391143 24.5494 0.0726947 0.334823 0.00167491 
500 1.4 0 1020.34 9.84918 201.643 1.06079 -0.821608 0.000636793 0.679171 0.00104641 0.472513 0.00144192 0.00637599 0.00470329 0.00292877 0.00554932 0.11064 0.000950274 0.0201116 0.000322412 24900000000 0.204086 0.000447429 0.360219 0.000313074 0.434644 0.000726603 159.863 1.10148 41.7803 0.122128 0.319697 0.00331654 
750 1.4 0 1467.52 20.4959 299.45 2.50368 -0.802717 0.000747152 0.647384 0.00121008 0.426962 0.00161242 0.0113833 0.00654665 0.0022777 0.00537411 0.0941013 0.00121833 0.0148947 0.000337749 24600000000 0.186497 0.000517893 0.353224 0.00031042 0.45962 0.000783655 236.144 2.49406 63.3062 0.234091 0.310424 0.00325999 
10000 1.5 0 157049 40276.4 76559.5 15439.4 -0.630436 0.0100216 0.398403 0.0127328 0.160257 0.0103387 0.0934275 0.043081 -0.469343 0.0222454 0.256748 0.0170707 0.0715743 0.00861507 18000000000 0.106956 0.00804634 0.280344 0.0112361 0.612678 0.0192627 76422.4 15452.5 137.028 14.868 0.987615 0.00319235 
1000 1.5 0 697.044 6.01896 223.315 1.05485 -0.614686 0.000398287 0.378994 0.000494319 0.145405 0.000384576 0.00649566 0.021381 0.0141968 0.0326089 0.271072 0.00346138 0.0869811 0.00186927 49200000000 0.094039 0.00019862 0.262411 0.000256936 0.6433 0.000440757 154.102 1.47113 69.2129 0.426276 0.158217 0.00452308 
100 1.5 0 144.272 0.944988 30.4205 0.0805891 -0.786494 0.000687866 0.629484 0.0010966 0.424364 0.00152248 0.00721178 0.00262759 -0.000546393 0.00248547 0.298793 0.00111425 0.117804 0.000730106 25500000000 0.244285 0.00046664 0.362022 0.000398914 0.388066 0.000655717 23.6834 0.0823935 6.73712 0.0148184 0.294198 0.0013481 
300 1.5 0 307.908 2.35321 78.6123 0.190328 -0.693649 0.000473083 0.485182 0.000666654 0.243377 0.000685035 0.00642786 0.00685646 0.00022935 0.00714589 0.279912 0.00124677 0.0980949 0.000696817 25600000000 0.152997 0.000257995 0.311758 0.00030567 0.533928 0.000498763 58.0202 0.202067 20.5921 0.0381181 0.22839 0.00134102 
500 1.5 0 430.498 3.17752 121.36 0.349115 -0.656766 0.00049306 0.433731 0.000655892 0.192331 0.00059276 -0.0100296 0.0122821 -0.0131288 0.0136668 0.27126 0.00190799 0.0902334 0.000975208 25300000000 0.1237 0.000233334 0.289019 0.000319448 0.586624 0.00049888 87.0052 0.391159 34.3548 0.0869345 0.197987 0.00192903 
750 1.5 0 568.678 6.02927 173.175 0.695254 -0.631133 0.000471998 0.399877 0.00059706 0.162407 0.000489329 0.00449562 0.0221772 -0.00711166 0.0282737 0.269626 0.00329761 0.087481 0.00167133 24800000000 0.105202 0.00022972 0.272917 0.000329208 0.62151 0.000522356 121.545 0.881137 51.6295 0.210059 0.176374 0.00358477 
1000 0 0 24329.7 123.489 3416.34 10.6178 -1.9948 0.000205538 3.97979 0.000819842 15.8478 0.00652552 -0.000280217 0.000180698 1.31528e-05 0.000274137 0.00100494 7.61503e-06 2.03395e-06 3.52033e-08 22800000000 0.712712 0.000222003 0.252039 0.000183129 0.0338265 7.42834e-05 2953.48 11.1537 462.86 1.76448 0.502124 0.00198563 
