N J h mean_R_sq err_mean_R_sq mean_R_gyr_sq err_mean_R_gyr_sq 
2500 1.295 0 11194.7 1080.21 1873.87 184.922
348 1
368 1
386 1
400 1
403 1
410 1
429 1
436 1
440 1
442 1
443 3
445 1
459 1
462 2
463 1
466 1
470 1
472 1
480 1
486 1
488 1
489 2
490 1
497 2
498 2
500 1
501 1
505 1
507 1
509 3
510 1
512 2
513 1
515 1
516 2
517 2
521 1
522 2
524 1
526 1
529 1
530 1
532 1
533 3
534 1
535 1
536 2
537 1
538 1
543 2
547 1
548 1
550 5
551 1
554 2
556 3
558 1
560 3
561 1
562 4
563 2
564 1
565 2
566 2
567 4
568 2
569 3
570 1
572 3
573 2
574 5
575 3
578 3
579 3
580 2
581 3
584 3
585 1
586 3
587 1
588 1
589 2
591 1
592 3
593 2
595 3
596 1
597 1
598 2
599 1
601 2
602 2
603 2
604 1
606 3
607 5
608 4
609 2
610 2
611 1
612 1
613 2
614 4
615 4
616 1
617 3
618 1
619 4
620 1
621 4
622 1
623 3
624 4
626 6
627 3
628 1
629 1
630 5
631 2
632 2
633 2
634 8
635 2
636 6
637 2
638 3
639 1
640 2
641 3
642 3
643 1
644 3
645 1
646 2
647 1
648 6
649 2
650 4
651 2
653 4
654 4
655 4
656 4
657 5
659 5
660 1
661 2
662 2
663 5
664 5
665 4
666 2
667 6
668 5
669 3
670 1
671 3
672 7
673 6
674 2
675 3
676 6
677 4
678 2
679 4
680 5
681 2
682 3
683 3
684 2
685 4
686 3
687 1
688 1
689 5
690 2
691 6
692 3
693 3
694 3
695 3
696 4
697 5
698 4
699 4
700 5
701 6
702 10
703 4
704 4
705 6
706 1
707 5
708 5
709 3
710 10
711 4
712 4
713 8
714 5
715 4
716 2
717 4
718 3
719 5
720 6
721 5
722 4
723 8
724 6
725 5
726 4
727 3
728 2
729 4
730 6
731 7
732 2
733 7
734 8
735 6
736 8
737 8
738 7
739 3
740 2
741 8
742 6
743 8
744 4
745 9
746 7
747 6
748 6
749 4
750 5
751 6
752 5
753 4
754 8
755 5
756 9
757 6
758 3
759 8
760 4
761 10
762 5
763 7
764 5
765 6
766 7
767 6
768 3
769 2
770 6
771 5
772 10
773 6
774 3
775 4
776 11
777 5
778 10
779 11
780 9
781 10
782 4
783 7
784 3
785 7
786 3
787 4
788 4
789 7
790 6
791 8
792 7
793 11
794 7
795 1
796 14
797 13
798 15
799 6
800 11
801 18
802 12
803 6
804 9
805 12
806 10
807 8
808 10
809 8
810 4
811 9
812 8
813 9
814 8
815 12
816 10
817 13
818 16
819 13
820 11
821 10
822 14
823 14
824 10
825 14
826 10
827 12
828 12
829 5
830 12
831 13
832 11
833 16
834 11
835 14
836 12
837 11
838 9
839 14
840 10
841 14
842 11
843 13
844 2
845 13
846 13
847 7
848 16
849 15
850 19
851 7
852 10
853 11
854 11
855 10
856 11
857 14
858 14
859 13
860 8
861 17
862 15
863 17
864 17
865 13
866 15
867 16
868 12
869 20
870 18
871 12
872 16
873 19
874 9
875 9
876 10
877 13
878 19
879 22
880 13
881 20
882 18
883 9
884 13
885 17
886 20
887 23
888 12
889 19
890 19
891 19
892 15
893 20
894 10
895 28
896 15
897 21
898 27
899 13
900 22
901 20
902 23
903 9
904 23
905 17
906 23
907 19
908 30
909 30
910 28
911 24
912 18
913 20
914 18
915 20
916 25
917 22
918 26
919 14
920 26
921 22
922 19
923 22
924 21
925 21
926 19
927 24
928 23
929 21
930 18
931 26
932 22
933 23
934 20
935 33
936 18
937 31
938 29
939 23
940 19
941 25
942 17
943 26
944 22
945 26
946 22
947 37
948 27
949 32
950 26
951 19
952 24
953 34
954 20
955 31
956 16
957 19
958 33
959 34
960 29
961 26
962 21
963 26
964 27
965 27
966 32
967 27
968 38
969 27
970 20
971 17
972 30
973 27
974 28
975 28
976 29
977 28
978 29
979 28
980 33
981 29
982 27
983 26
984 18
985 22
986 22
987 19
988 26
989 29
990 29
991 23
992 20
993 27
994 34
995 33
996 32
997 24
998 27
999 24
1000 24
1001 33
1002 32
1003 26
1004 24
1005 20
1006 27
1007 25
1008 37
1009 24
1010 23
1011 35
1012 27
1013 26
1014 29
1015 18
1016 35
1017 41
1018 33
1019 32
1020 29
1021 27
1022 24
1023 27
1024 29
1025 26
1026 29
1027 31
1028 27
1029 32
1030 20
1031 22
1032 28
1033 32
1034 26
1035 26
1036 38
1037 17
1038 30
1039 35
1040 30
1041 26
1042 31
1043 34
1044 25
1045 30
1046 25
1047 26
1048 33
1049 32
1050 23
1051 25
1052 23
1053 24
1054 37
1055 25
1056 31
1057 27
1058 26
1059 20
1060 30
1061 22
1062 22
1063 20
1064 26
1065 24
1066 15
1067 31
1068 33
1069 23
1070 23
1071 25
1072 24
1073 21
1074 14
1075 20
1076 24
1077 21
1078 27
1079 18
1080 26
1081 24
1082 27
1083 16
1084 25
1085 25
1086 18
1087 17
1088 19
1089 25
1090 24
1091 18
1092 19
1093 17
1094 21
1095 33
1096 24
1097 21
1098 25
1099 24
1100 23
1101 18
1102 17
1103 24
1104 17
1105 16
1106 19
1107 20
1108 13
1109 19
1110 13
1111 19
1112 22
1113 13
1114 19
1115 21
1116 21
1117 16
1118 21
1119 14
1120 18
1121 20
1122 27
1123 7
1124 17
1125 18
1126 15
1127 17
1128 14
1129 23
1130 20
1131 16
1132 13
1133 16
1134 16
1135 17
1136 13
1137 13
1138 12
1139 13
1140 12
1141 20
1142 17
1143 20
1144 13
1145 12
1146 14
1147 7
1148 12
1149 17
1150 16
1151 7
1152 10
1153 7
1154 7
1155 9
1156 11
1157 9
1158 11
1159 11
1160 12
1161 16
1162 14
1163 12
1164 10
1165 16
1166 11
1167 15
1168 9
1169 7
1170 14
1171 12
1172 12
1173 14
1174 9
1175 14
1176 13
1177 8
1178 16
1179 17
1180 13
1181 9
1182 14
1183 11
1184 15
1185 5
1186 2
1187 7
1188 10
1189 9
1190 10
1191 6
1192 7
1193 4
1194 9
1195 8
1196 7
1197 11
1198 15
1199 7
1200 12
1201 8
1202 12
1203 14
1204 11
1205 9
1206 15
1207 13
1208 7
1209 9
1210 12
1211 6
1212 5
1213 6
1214 8
1215 5
1216 9
1217 6
1218 2
1219 12
1220 8
1221 5
1222 5
1223 8
1224 7
1225 8
1226 6
1227 6
1228 6
1229 5
1230 6
1231 6
1232 9
1233 3
1234 9
1235 3
1236 13
1237 4
1238 9
1239 7
1240 19
1241 5
1242 5
1243 4
1244 4
1245 6
1246 2
1247 6
1248 4
1249 8
1250 9
1251 7
1252 9
1253 8
1254 8
1255 7
1256 4
1257 5
1258 6
1259 5
1260 9
1261 6
1262 10
1263 3
1264 3
1265 5
1266 3
1267 8
1268 2
1269 3
1270 7
1271 3
1272 2
1273 8
1274 1
1275 5
1276 3
1277 4
1278 5
1279 1
1280 5
1281 5
1282 2
1283 5
1284 5
1285 4
1286 4
1287 6
1288 8
1289 7
1290 5
1291 5
1292 3
1293 9
1294 3
1295 8
1296 4
1297 5
1298 4
1299 7
1300 7
1301 2
1302 5
1303 7
1304 5
1305 3
1306 3
1307 5
1308 3
1309 4
1310 3
1311 1
1312 7
1313 1
1314 2
1315 2
1316 5
1317 4
1318 5
1319 3
1320 1
1321 3
1322 3
1323 5
1324 5
1325 2
1326 5
1327 5
1328 2
1329 5
1330 3
1331 4
1332 4
1333 4
1334 1
1335 4
1336 1
1337 5
1338 6
1339 1
1340 2
1341 3
1342 2
1343 2
1344 3
1345 4
1346 5
1347 4
1348 6
1349 4
1350 2
1351 1
1352 4
1353 4
1354 3
1355 3
1356 3
1357 4
1358 3
1359 4
1360 1
1361 3
1362 2
1364 3
1365 3
1366 1
1367 2
1368 3
1369 1
1370 5
1371 1
1372 2
1373 4
1374 4
1375 1
1376 2
1377 4
1378 3
1379 1
1380 6
1381 1
1382 3
1383 1
1384 2
1385 3
1387 2
1388 1
1389 3
1390 3
1391 1
1392 1
1393 2
1394 3
1395 1
1397 1
1398 2
1399 4
1400 3
1401 4
1402 2
1403 3
1404 1
1405 1
1406 1
1407 2
1409 1
1410 1
1411 2
1412 1
1413 3
1414 3
1416 2
1417 1
1418 2
1419 3
1420 1
1421 1
1422 4
1424 2
1427 1
1428 3
1429 2
1431 2
1432 1
1433 2
1434 2
1435 2
1436 3
1437 7
1438 3
1439 3
1440 3
1442 2
1443 2
1447 4
1448 1
1449 2
1450 1
1451 1
1453 1
1454 1
1456 3
1457 1
1459 3
1460 1
1461 3
1462 4
1463 2
1464 1
1465 1
1466 1
1467 1
1468 1
1469 3
1470 2
1471 1
1472 1
1474 1
1476 4
1479 1
1480 1
1482 1
1485 1
1487 1
1488 2
1489 1
1490 1
1492 2
1495 1
1500 1
1501 1
1502 1
1506 1
1514 1
1515 2
1522 2
1525 1
1526 1
1531 1
1534 1
1537 3
1538 1
1539 1
1543 1
1546 1
1556 1
1561 1
1563 1
1564 1
1570 1
1579 1
1604 1
1606 1
1627 1
