N J h mean_R_sq err_mean_R_sq mean_R_gyr_sq err_mean_R_gyr_sq 
2500 1.27 0 241551 152043 47148.3 32992.8
892 1
907 1
915 2
927 1
929 1
932 1
933 1
936 1
937 1
939 1
942 2
946 1
953 1
955 1
957 1
961 1
965 2
966 1
968 1
969 1
970 1
971 2
974 1
975 1
977 1
979 2
980 1
981 1
982 1
983 2
984 1
985 1
987 2
989 1
992 2
995 1
996 1
997 2
998 2
999 1
1000 1
1004 1
1005 1
1006 4
1007 2
1009 1
1013 1
1015 2
1019 1
1025 1
1027 1
1028 1
1037 1
1041 1
1042 2
1044 2
1047 1
1048 1
1049 1
1051 1
1052 1
1056 1
1057 1
1058 1
1060 1
1061 1
1063 1
1064 1
1065 1
1068 2
1073 2
1075 1
1079 1
1089 1
1090 1
1097 1
1098 1
1106 1
1156 1
