N J h mean_R_sq err_mean_R_sq mean_R_gyr_sq err_mean_R_gyr_sq 
2500 1.32 0 5454.65 3313.05 1220.13 595.623
1 4
5 7
9 3
13 6
17 11
25 9
29 12
37 8
41 5
45 12
49 7
53 4
61 1
65 12
73 7
81 2
85 12
89 6
97 7
101 5
109 8
113 5
117 8
121 8
125 18
137 7
145 13
149 7
153 12
157 16
169 16
173 9
181 6
185 12
193 12
197 7
205 13
221 21
225 3
229 6
233 12
241 8
245 13
257 6
261 7
265 15
269 7
277 14
281 13
289 17
293 11
305 18
313 11
317 10
325 23
333 8
337 6
349 6
353 13
361 5
365 18
369 7
373 12
377 14
389 2
397 7
401 7
405 3
409 9
421 10
425 30
433 11
441 7
445 17
449 15
457 8
461 7
477 6
481 17
485 23
493 18
505 23
509 11
521 9
529 7
533 14
541 4
545 17
549 6
557 6
565 17
569 10
577 11
585 23
593 7
601 9
605 12
613 7
617 6
625 23
629 16
637 5
641 6
653 16
657 14
661 6
673 7
677 7
685 20
689 14
697 13
701 9
709 7
725 25
729 7
733 9
745 11
757 6
761 11
765 15
769 6
773 8
785 16
793 11
797 5
801 8
809 4
821 7
829 7
833 10
841 12
845 26
853 6
857 4
865 15
873 8
877 9
881 12
901 17
905 20
909 9
925 30
929 8
937 6
941 10
949 12
953 7
961 2
965 9
977 14
981 8
985 15
997 5
1009 7
1013 5
1017 9
1021 7
1025 17
1033 6
1037 11
1049 4
1053 6
1061 11
1069 7
1073 15
1089 3
1093 4
1097 8
1105 29
1109 9
1117 7
1125 11
1129 11
1145 16
1153 5
1157 12
1165 12
1181 9
1189 19
1193 9
1201 8
1205 11
1213 5
1217 9
1225 14
1229 7
1233 7
1237 9
1241 11
1249 10
1261 17
1277 6
1285 14
1289 8
1297 4
1301 7
1305 9
1313 10
1321 12
1325 21
1341 9
1345 22
1361 10
1369 12
1373 8
1377 9
1381 8
1385 14
1405 12
1409 10
1413 9
1417 11
1421 12
1429 3
1433 3
1445 34
1453 7
1465 14
1469 10
1481 7
1489 3
1493 8
1513 7
1517 12
1521 7
1525 11
1537 15
1549 8
1553 8
1557 6
1565 9
1573 8
1585 14
1597 6
1601 11
1609 7
1613 6
1621 8
1625 33
1629 7
1637 5
1649 12
1657 4
1665 6
1669 6
1681 8
1685 15
1693 6
1697 7
1709 7
1717 16
1721 5
1733 7
1737 9
1741 9
1745 10
1753 6
1765 8
1769 15
1773 8
1777 10
1781 12
1789 7
1801 10
1805 6
1813 4
1825 16
1845 7
1849 3
1853 11
1861 9
1865 9
1873 5
1877 11
1885 20
1889 7
1901 1
1913 8
1921 5
1933 2
1937 7
1945 12
1949 2
1961 20
1973 6
1985 11
1989 11
1993 6
1997 4
2005 9
2009 3
2017 1
2025 13
2029 2
2041 14
2045 9
2053 5
2057 4
2061 5
2069 9
2081 1
2089 4
2097 3
2105 10
2113 4
2117 13
2125 19
2129 6
2137 4
2141 5
2153 4
2161 1
2165 12
2169 8
2173 17
2197 14
2205 8
2209 3
2213 1
2221 4
2225 10
2237 7
2245 9
2249 8
2257 7
2269 6
2273 11
2281 1
2285 10
2293 5
2297 5
2305 6
2309 8
2313 7
2329 7
2333 5
2341 10
2349 4
2353 14
2357 8
2377 2
2381 8
2385 11
2389 5
2393 2
2401 1
2405 14
2417 4
2421 6
2425 10
2437 3
2441 3
2465 11
2473 2
2477 4
2493 4
2501 11
2509 7
2521 5
2525 14
2529 4
2533 11
2545 9
2549 3
2557 5
2561 2
2581 8
2593 2
2597 4
2601 6
2605 5
2609 2
2617 5
2621 8
2633 3
2637 7
2645 3
2657 7
2665 16
2669 6
2677 4
2689 3
2693 6
2701 9
2705 4
2713 5
2725 8
2729 4
2741 4
2745 5
2749 3
2753 4
2777 5
2785 3
2789 4
2797 4
2801 2
2809 7
2813 5
2817 3
2825 9
2833 6
2837 2
2845 8
2853 1
2857 1
2861 4
2873 16
2885 7
2897 4
2909 1
2917 4
2925 10
2929 7
2941 6
2953 6
2957 5
2965 8
2969 4
2977 6
2989 3
2993 6
2997 3
3001 2
3005 6
3025 4
3029 2
3033 3
3037 3
3041 5
3049 2
3061 4
3065 6
3077 5
3085 7
3109 3
3121 4
3125 5
3133 7
3137 4
3141 1
3145 15
3161 4
3169 1
3177 4
3181 3
3185 8
3205 9
3209 3
3217 1
3221 2
3229 3
3233 4
3249 1
3253 4
3257 2
3265 7
3277 5
3281 1
3285 6
3293 6
3301 1
3305 9
3313 1
3321 5
3329 1
3341 9
3349 3
3357 2
3361 6
3365 9
3373 3
3385 2
3389 1
3393 5
3413 1
3425 7
3445 11
3449 2
3457 2
3461 4
3469 3
3481 2
3485 14
3497 4
3505 9
3509 4
3517 1
3529 2
3533 7
3541 1
3545 5
3557 3
3573 2
3577 4
3581 2
3589 7
3593 3
3601 1
3609 1
3613 4
3617 1
3625 9
3645 1
3649 6
3653 2
3665 5
3677 2
3681 1
3697 1
3701 1
3709 7
3721 5
3725 7
3733 2
3737 3
3757 3
3761 2
3769 1
3785 4
3789 1
3793 1
3797 4
3805 9
3809 6
3821 2
3825 8
3833 4
3845 6
3853 3
3865 3
3869 3
3877 2
3881 2
3889 4
3893 5
3897 2
3917 2
3925 2
3929 3
3961 3
3965 6
3969 1
3973 5
3977 4
3985 3
3989 2
4001 1
4005 4
4013 1
4021 3
4033 2
4041 3
4045 3
4049 1
4057 3
4069 4
4073 2
4093 2
4097 1
4105 1
4121 3
4129 1
4133 1
4141 3
4145 2
4149 2
4153 2
4157 2
4165 8
4177 1
4181 9
4201 4
4205 4
4217 1
4225 3
4229 1
4241 3
4253 2
4265 3
4273 1
4285 3
4289 1
4293 1
4297 1
4321 4
4325 3
4329 3
4337 1
4349 1
4357 1
4365 2
4369 5
4373 3
4381 2
4385 5
4397 2
4405 3
4409 3
4421 1
4441 1
4453 4
4469 3
4481 3
4489 2
4505 4
4513 1
4525 3
4537 2
4545 6
4553 1
4561 3
4573 2
4581 1
4589 4
4621 2
4625 3
4633 3
4645 3
4649 3
4685 3
4689 1
4693 2
4705 2
4709 1
4717 3
4733 1
4745 1
4753 1
4765 1
4777 5
4793 1
4797 2
4801 2
4813 3
4817 2
4825 11
4849 2
4861 1
4869 1
4885 1
4889 1
4901 5
4905 3
4909 2
4913 4
4925 1
4937 3
4949 2
4961 2
4981 3
4985 3
5009 2
5017 1
5021 2
5045 2
5057 1
5069 3
5077 1
5081 1
5085 3
5101 1
5105 2
5113 1
5121 1
5125 4
5141 5
5153 1
5161 2
5165 1
5185 6
5189 2
5193 1
5197 3
5209 1
5233 1
5245 2
5249 4
5261 1
5265 4
5273 1
5297 1
5309 2
5317 2
5321 2
5329 4
5333 4
5341 1
5345 2
5353 4
5365 4
5381 1
5389 1
5393 1
5413 3
5417 1
5445 1
5449 1
5465 1
5473 6
5485 5
5513 1
5517 1
5521 2
5525 5
5545 2
5557 1
5573 1
5585 1
5597 1
5617 3
5625 2
5629 1
5641 1
5645 3
5653 1
5669 1
5693 1
5701 2
5713 3
5725 2
5729 2
5737 2
5749 1
5765 3
5777 1
5785 3
5801 1
5809 1
5825 1
5837 3
5849 1
5869 1
5877 1
5881 1
5905 2
5913 1
5917 1
5933 1
5941 1
5953 1
5965 2
5981 1
5989 1
6001 2
6005 1
6025 1
6057 1
6065 1
6089 1
6101 3
6121 1
6125 1
6133 2
6165 2
6185 2
6197 3
6201 2
6205 2
6217 1
6221 1
6229 1
6241 1
6245 1
6253 2
6269 1
6305 3
6341 1
6401 1
6409 3
6413 1
6425 1
6437 2
6445 2
6473 1
6505 1
6525 2
6569 1
6577 1
6605 1
6613 3
6617 2
6625 2
6697 4
6701 2
6705 4
6725 2
6773 1
6805 1
6829 1
6841 1
6845 1
6865 1
6877 1
6885 1
6889 1
6925 2
6929 1
6953 1
6977 2
6989 1
7033 1
7081 1
7093 1
7137 1
7145 1
7165 2
7173 1
7225 3
7241 2
7253 1
7265 1
7289 2
7297 1
7301 1
7325 1
7361 1
7373 3
7381 1
7405 1
7421 1
7453 1
7457 1
7465 1
7481 1
7501 2
7517 1
7537 1
7573 1
7585 1
7605 1
7633 3
7669 1
7685 2
7757 1
7769 1
7785 2
7793 1
7801 1
7853 1
7865 1
7873 1
7897 3
7913 1
7933 1
7937 1
7969 1
7993 1
8009 1
8021 1
8033 1
8053 1
8077 2
8105 1
8125 2
8149 1
8245 2
8297 1
8325 1
8357 2
8381 2
8405 2
8485 2
8541 1
8653 1
8665 2
8705 1
8713 1
8741 1
8765 2
8825 1
8845 1
8905 3
8989 1
9061 1
9169 1
9225 3
9305 1
9421 1
9457 1
9509 1
9533 1
9577 1
9805 1
9833 1
9873 1
9997 1
10069 1
10125 1
10193 1
10273 1
10301 1
10345 1
10537 1
10573 1
10673 1
10685 1
10765 1
10809 1
10841 1
10937 1
11117 1
11245 1
11273 1
11357 1
11645 1
12053 1
12389 1
12629 1
13061 1
13309 1
13465 1
13573 1
15685 1
17113 1
17749 1
18937 1
77893 1
1000841 1
1159933 1
1221106 1
1236688 1
1251289 1
1299744 1
1440144 1
1447290 1
1467457 1
1510730 1
1539716 1
1543140 1
