N J h mean_R_sq err_mean_R_sq mean_R_gyr_sq err_mean_R_gyr_sq 
2500 1.27 0 31318.7 2133.42 4679.96 420.802
9 1
13 1
25 2
37 1
41 1
85 1
97 1
109 2
157 1
197 3
221 2
229 1
233 1
241 1
257 1
261 2
265 2
277 2
289 1
313 1
317 1
325 2
365 1
369 1
377 3
389 1
397 1
401 1
421 1
425 2
433 2
445 3
449 1
457 1
461 1
493 1
505 2
509 1
521 1
533 1
545 2
549 2
557 1
565 3
585 3
593 1
605 1
613 1
641 1
657 1
689 1
701 1
725 3
729 2
733 1
745 3
757 3
765 1
773 2
785 4
801 1
809 3
821 1
841 2
845 1
857 1
865 3
873 1
877 1
905 1
909 2
925 1
937 1
941 1
949 1
965 4
977 1
985 1
1009 1
1013 2
1017 1
1025 1
1033 1
1037 2
1053 2
1061 3
1073 1
1093 1
1097 1
1105 1
1109 1
1125 3
1129 2
1145 2
1157 2
1165 2
1181 1
1189 3
1193 1
1201 3
1205 2
1213 1
1217 1
1229 1
1237 1
1241 1
1249 1
1277 1
1285 3
1289 1
1297 1
1301 1
1313 3
1325 2
1341 3
1345 1
1369 2
1373 2
1381 2
1385 1
1405 4
1409 1
1417 2
1421 1
1429 1
1433 2
1445 3
1465 1
1481 1
1489 2
1493 1
1513 1
1521 2
1525 3
1537 3
1549 1
1557 1
1565 1
1573 1
1597 1
1601 1
1609 1
1621 1
1625 4
1629 1
1637 1
1649 1
1657 3
1665 5
1669 3
1681 1
1685 1
1693 2
1697 1
1709 1
1717 2
1737 2
1745 3
1753 2
1765 1
1769 1
1773 1
1777 1
1781 1
1789 1
1801 3
1805 3
1825 3
1845 1
1853 4
1865 4
1873 1
1877 1
1885 3
1889 2
1901 2
1921 1
1933 1
1937 1
1961 1
1985 3
2005 2
2017 1
2025 3
2041 5
2045 1
2053 1
2057 1
2061 2
2081 1
2105 3
2113 3
2117 1
2125 6
2141 1
2161 1
2165 2
2169 2
2209 1
2225 2
2245 2
2249 1
2257 2
2281 1
2285 3
2309 1
2313 4
2329 4
2333 1
2341 2
2353 1
2377 2
2401 1
2405 6
2421 1
2425 6
2465 3
2473 1
2509 2
2525 1
2529 1
2533 3
2545 2
2549 2
2557 2
2561 1
2581 1
2597 1
2605 2
2617 2
2633 3
2637 3
2665 7
2669 2
2677 2
2689 1
2701 3
2705 1
2725 2
2729 1
2745 2
2749 1
2753 2
2789 1
2797 1
2801 2
2809 3
2813 1
2817 1
2825 1
2833 1
2845 2
2853 1
2861 2
2873 3
2885 1
2897 1
2909 1
2917 1
2925 2
2929 3
2941 1
2953 1
2957 1
2977 1
2993 2
2997 2
3005 4
3029 2
3033 1
3049 1
3061 1
3065 1
3077 4
3085 3
3089 1
3109 2
3125 5
3133 3
3137 1
3141 1
3145 7
3161 3
3205 2
3217 1
3221 1
3229 1
3233 3
3249 1
3257 1
3265 1
3277 2
3281 1
3293 2
3301 1
3305 1
3321 2
3341 2
3357 1
3361 1
3365 3
3385 5
3389 1
3413 2
3425 2
3445 5
3481 1
3485 5
3497 1
3501 4
3509 2
3529 1
3541 1
3545 2
3557 3
3573 2
3581 1
3593 2
3601 1
3613 1
3625 6
3649 1
3653 3
3665 3
3673 4
3697 1
3701 1
3709 2
3721 3
3725 5
3737 3
3757 6
3761 1
3797 1
3805 1
3809 2
3825 3
3833 1
3845 2
3853 1
3865 1
3869 3
3877 4
3881 1
3889 2
3893 2
3897 3
3925 3
3929 1
3965 5
3977 2
3985 1
4001 1
4005 3
4013 3
4033 3
4041 1
4045 2
4049 1
4057 3
4097 1
4105 1
4121 2
4129 1
4141 2
4145 7
4149 2
4153 2
4165 1
4177 1
4181 3
4201 1
4205 6
4225 8
4229 1
4241 2
4253 1
4265 2
4273 1
4285 1
4289 1
4293 2
4297 1
4321 3
4325 3
4329 1
4337 1
4365 1
4369 1
4373 1
4381 2
4385 4
4405 1
4409 1
4421 1
4437 3
4441 1
4457 1
4481 2
4489 1
4505 1
4517 4
4525 2
4549 1
4553 1
4573 1
4589 3
4621 1
4625 4
4633 2
4645 3
4685 1
4693 2
4705 1
4709 1
4717 1
4729 1
4733 1
4745 4
4753 2
4765 1
4777 2
4801 1
4805 1
4813 2
4825 1
4849 1
4861 1
4877 2
4885 1
4901 6
4905 3
4909 3
4913 5
4925 3
4933 1
4937 1
4949 1
4957 1
4961 1
4969 2
4981 1
4985 4
5009 1
5017 6
5021 2
5041 1
5045 3
5057 3
5065 2
5069 2
5077 2
5081 1
5085 3
5125 6
5141 1
5153 1
5161 2
5185 5
5189 1
5197 2
5213 1
5233 1
5245 2
5249 2
5261 1
5265 3
5273 1
5305 4
5309 1
5317 5
5321 2
5329 2
5341 1
5345 1
5353 2
5365 5
5389 3
5393 1
5409 1
5413 1
5417 1
5429 1
5437 2
5441 1
5445 2
5465 2
5473 3
5485 1
5513 1
5517 1
5525 8
5545 2
5553 3
5573 1
5597 2
5625 1
5629 2
5641 1
5645 1
5653 1
5693 4
5713 3
5717 2
5725 1
5729 2
5737 1
5741 1
5765 2
5769 1
5777 1
5785 1
5801 3
5809 4
5813 3
5821 2
5825 2
5837 2
5857 1
5877 1
5897 2
5905 3
5913 1
5917 2
5933 1
5945 4
5953 6
5965 1
5981 1
5989 5
5993 3
6001 2
6005 3
6025 4
6029 1
6053 1
6065 3
6073 1
6085 3
6101 1
6109 3
6121 1
6125 4
6137 1
6145 4
6161 4
6165 1
6173 3
6185 2
6201 2
6205 5
6245 3
6253 4
6273 1
6277 1
6301 1
6305 3
6329 2
6341 2
6353 2
6385 2
6397 2
6401 2
6409 4
6413 2
6421 1
6425 3
6437 4
6445 4
6469 1
6473 2
6481 2
6485 2
6497 1
6505 3
6521 2
6525 6
6553 1
6565 3
6569 1
6581 1
6597 2
6605 3
6613 4
6617 3
6625 6
6637 2
6641 2
6649 3
6697 2
6701 1
6705 4
6713 1
6725 6
6749 3
6757 2
6761 1
6773 1
6793 1
6805 1
6813 2
6817 2
6829 2
6841 2
6845 4
6849 2
6857 1
6865 6
6877 1
6885 3
6889 1
6905 1
6917 1
6921 1
6925 3
6929 4
6953 1
6977 2
6989 2
6997 2
7001 1
7013 1
7025 4
7033 2
7045 5
7057 3
7065 2
7069 2
7081 1
7085 4
7093 4
7105 1
7109 1
7121 1
7137 1
7141 2
7145 4
7157 1
7165 1
7177 1
7209 2
7213 3
7225 12
7229 1
7241 2
7253 1
7261 4
7265 1
7281 1
7289 1
7301 2
7309 1
7325 2
7333 1
7345 3
7349 1
7361 2
7369 1
7373 2
7381 3
7389 2
7393 3
7397 1
7405 2
7421 4
7433 1
7445 2
7453 1
7457 2
7461 1
7465 1
7481 4
7501 2
7517 1
7529 2
7541 1
7549 1
7561 1
7565 3
7569 2
7577 2
7585 4
7589 1
7605 1
7625 3
7633 1
7673 4
7677 2
7681 1
7685 7
7693 1
7709 3
7765 1
7789 1
7793 1
7801 3
7813 3
7825 4
7837 1
7841 1
7857 1
7865 3
7873 2
7877 1
7893 1
7897 4
7913 2
7921 1
7925 5
7929 1
7937 1
7949 3
7957 4
7969 6
7985 3
8005 2
8009 2
8017 1
8021 3
8045 3
8053 3
8065 3
8069 2
8077 5
8081 1
8089 1
8093 2
8105 1
8125 5
8145 1
8161 1
8177 3
8185 3
8221 1
8237 1
8245 7
8249 1
8269 5
8297 1
8317 1
8321 1
8325 4
8329 1
8333 3
8345 4
8353 3
8357 3
8361 2
8377 2
8381 1
8389 1
8405 1
8425 1
8429 4
8433 1
8461 1
8465 6
8473 5
8485 3
8489 4
8497 2
8501 1
8513 1
8537 1
8541 1
8573 2
8577 1
8585 2
8593 5
8605 2
8609 4
8621 1
8629 1
8633 4
8641 2
8649 1
8653 6
8665 1
8669 1
8677 1
8681 1
8693 2
8705 1
8713 1
8725 2
8737 1
8741 4
8749 2
8753 2
8761 1
8765 1
8801 2
8821 1
8825 2
8833 1
8845 6
8849 1
8857 2
8861 2
8865 6
8869 3
8893 2
8905 5
8917 2
8929 1
8933 1
8945 1
8957 5
8969 5
8989 2
9001 1
9005 1
9013 3
9029 2
9049 1
9061 5
9065 3
9077 1
9089 1
9113 1
9125 3
9133 3
9137 2
9153 1
9157 4
9169 1
9173 1
9189 2
9193 4
9197 1
9209 1
9217 3
9221 1
9225 3
9245 1
9265 7
9277 1
9305 2
9333 1
9337 2
9341 3
9365 5
9385 2
9389 3
9397 1
9421 5
9425 6
9441 3
9457 5
9461 3
9469 1
9497 1
9505 1
9509 1
9529 5
9553 4
9565 3
9577 1
9605 2
9613 1
9629 3
9649 1
9653 1
9657 3
9661 1
9673 2
9685 4
9689 2
9697 2
9701 4
9721 1
9725 5
9733 1
9769 1
9781 2
9797 1
9801 2
9805 3
9817 1
9829 1
9833 1
9841 1
9857 1
9865 2
9873 1
9925 5
9929 2
9945 7
9953 2
9965 2
9973 1
9985 2
10001 5
10009 2
10025 7
10037 2
10045 4
10049 2
10057 5
10061 3
10069 2
10081 1
10085 1
10093 1
10133 2
10141 1
10145 2
10169 3
10181 2
10193 2
10201 7
10205 5
10217 2
10225 3
10229 2
10237 2
10249 1
10265 2
10285 2
10289 2
10301 2
10305 1
10309 2
10313 1
10321 3
10333 3
10337 1
10345 4
10357 3
10361 2
10369 2
10397 2
10405 3
10413 1
10421 1
10429 2
10433 2
10441 2
10445 1
10469 2
10489 5
10513 3
10517 5
10525 5
10529 2
10537 2
10553 2
10565 1
10573 2
10585 2
10597 2
10601 1
10609 2
10613 1
10625 4
10645 3
10673 1
10685 2
10693 6
10701 1
10729 2
10737 1
10753 2
10765 4
10769 1
10777 5
10781 1
10789 4
10805 2
10809 2
10817 1
10825 2
10829 2
10845 3
10853 1
10865 6
10877 2
10897 6
10909 2
10917 1
10933 1
10937 1
10949 1
10957 1
10973 2
10985 3
10993 1
11009 4
11025 2
11029 3
11041 2
11057 1
11061 1
11065 1
11089 3
11093 1
11097 1
11101 2
11105 1
11113 3
11117 3
11125 5
11133 1
11141 1
11149 1
11161 1
11169 1
11173 1
11185 2
11213 1
11225 2
11237 3
11241 3
11245 4
11261 2
11273 3
11281 2
11285 4
11317 1
11345 3
11349 1
11357 3
11365 1
11369 4
11393 1
11401 2
11405 1
11413 5
11417 1
11425 2
11441 2
11449 1
11453 4
11461 5
11465 1
11485 2
11489 1
11493 2
11497 4
11509 2
11513 1
11521 2
11525 3
11545 3
11549 3
11565 5
11581 1
11597 2
11617 2
11629 1
11633 1
11645 3
11665 2
11673 1
11677 1
11681 2
11701 1
11705 1
11709 3
11713 5
11717 1
11729 2
11745 6
11765 1
11773 2
11777 1
11785 1
11801 2
11813 2
11817 5
11821 1
11833 1
11849 4
11861 6
11881 1
11885 2
11897 2
11905 6
11909 1
11917 3
11925 4
11933 2
11945 3
11965 4
11969 1
11981 1
12005 2
12013 1
12017 1
12025 4
12037 1
12049 1
12053 1
12077 3
12085 5
12097 1
12105 5
12125 4
12137 1
12149 2
12157 2
12161 1
12181 5
12185 1
12197 2
12205 3
12209 1
12221 2
12233 2
12241 1
12249 1
12253 2
12269 2
12281 2
12289 1
12301 2
12317 5
12321 1
12325 7
12329 2
12337 1
12349 3
12357 2
12365 4
12373 1
12377 2
12385 5
12389 5
12401 2
12409 1
12413 1
12437 2
12457 1
12461 1
12465 1
12469 1
12473 1
12493 1
12497 2
12505 6
12517 1
12545 6
12553 2
12569 1
12577 1
12589 1
12593 1
12625 4
12629 7
12641 2
12645 2
12665 1
12689 1
12701 1
12717 1
12725 1
12745 1
12757 1
12769 3
12773 1
12781 1
12785 3
12789 1
12805 7
12809 2
12821 1
12829 1
12833 1
12841 1
12853 1
12861 2
12869 1
12889 2
12897 1
12905 7
12913 2
12937 1
12953 1
12961 2
12965 6
12973 1
12985 1
12997 5
13005 4
13021 1
13025 6
13033 1
13037 2
13045 2
13049 1
13061 1
13073 4
13085 1
13093 2
13105 6
13109 2
13117 2
13141 4
13165 5
13169 3
13177 1
13181 1
13185 3
13189 1
13213 3
13217 1
13221 3
13225 2
13229 1
13249 2
13261 4
13273 1
13285 5
13309 1
13313 4
13325 3
13345 2
13357 2
13369 1
13381 1
13385 2
13397 2
13401 1
13417 1
13421 2
13429 4
13437 1
13445 2
13457 2
13465 1
13469 1
13477 1
13481 6
13505 3
13513 2
13525 2
13549 1
13553 1
13565 1
13573 1
13577 1
13597 1
13613 2
13617 1
13621 2
13625 2
13633 1
13637 1
13645 2
13649 1
13653 2
13681 2
13689 2
13693 2
13697 1
13709 1
13721 1
13725 3
13729 2
13745 1
13753 1
13765 3
13781 2
13789 1
13793 3
13801 1
13817 4
13829 3
13833 3
13837 1
13873 3
13885 1
13897 4
13901 3
13913 1
13921 1
13925 3
13941 2
13945 4
13949 3
13957 1
13969 1
13973 3
13985 2
14005 2
14013 1
14029 3
14033 1
14045 4
14057 2
14065 5
14085 3
14089 1
14093 1
14125 9
14149 1
14153 3
14161 4
14165 3
14173 1
14177 2
14185 2
14197 1
14209 2
14213 3
14221 1
14225 3
14249 1
14261 4
14265 2
14281 3
14297 1
14305 2
14309 4
14341 1
14357 3
14365 7
14369 1
14381 3
14393 4
14409 1
14417 6
14425 3
14437 2
14449 2
14453 3
14461 2
14473 3
14481 1
14485 1
14501 6
14517 2
14521 4
14533 2
14537 1
14545 2
14549 2
14557 1
14561 1
14569 3
14585 3
14589 1
14625 7
14629 1
14633 1
14645 2
14653 4
14657 1
14661 1
14669 2
14677 2
14681 2
14689 2
14701 2
14705 4
14717 2
14737 2
14753 2
14765 1
14785 3
14797 1
14801 1
14813 2
14821 1
14825 3
14837 3
14841 3
14845 2
14885 2
14893 1
14909 3
14913 1
14929 1
14933 3
14945 3
14957 1
14965 3
14969 2
14977 1
14985 1
14989 7
15005 1
15013 1
15017 1
15025 1
15041 4
15049 1
15073 1
15077 2
15101 2
15109 4
15121 1
15125 1
15133 3
15137 1
15145 6
15149 1
15161 1
15165 2
15173 4
15185 3
15193 1
15205 1
15217 2
15229 1
15237 1
15241 1
15245 3
15269 3
15273 1
15277 2
15289 4
15293 1
15313 2
15317 5
15325 3
15329 5
15337 2
15341 1
15353 2
15373 1
15377 1
15381 3
15385 4
15397 2
15401 1
15413 1
15425 2
15445 1
15453 6
15457 4
15473 2
15481 2
15493 3
15497 1
15509 2
15529 1
15533 2
15541 2
15545 2
15577 4
15581 4
15597 2
15601 1
15605 4
15625 3
15633 1
15649 2
15665 2
15677 2
15685 1
15689 3
15705 1
15725 6
15733 1
15737 2
15749 1
15761 1
15769 4
15773 1
15777 1
15793 3
15797 1
15805 4
15817 1
15821 4
15845 6
15877 1
15881 1
15885 2
15889 1
15905 3
15913 3
15921 1
15925 5
15929 3
15949 2
15973 2
15977 2
15997 3
16001 1
16021 3
16025 5
16029 1
16033 2
16045 3
16057 2
16061 1
16069 2
16081 2
16085 4
16097 1
16105 3
16109 2
16133 6
16141 2
16145 2
16153 4
16165 10
16189 2
16193 1
16201 2
16217 2
16229 1
16241 1
16245 1
16249 1
16253 1
16265 3
16277 2
16285 3
16301 2
16317 2
16325 2
16337 2
16349 3
16369 1
16385 2
16393 2
16405 1
16409 1
16425 6
16441 3
16453 1
16465 4
16477 1
16481 1
16493 2
16501 2
16513 1
16525 4
16529 4
16553 2
16561 2
16565 3
16573 3
16577 3
16589 2
16601 3
16605 6
16609 4
16613 4
16641 1
16645 3
16649 2
16657 3
16661 2
16673 2
16677 1
16693 2
16705 4
16729 1
16733 2
16741 1
16745 4
16757 2
16781 2
16785 2
16801 2
16805 1
16825 4
16829 2
16837 2
16857 1
16865 3
16893 3
16897 1
16901 1
16909 1
16913 3
16921 2
16925 5
16945 3
16949 3
16965 1
16993 2
17001 2
17009 1
17053 2
17057 2
17065 3
17069 2
17093 1
17113 1
17117 1
17125 5
17137 2
17141 2
17161 1
17165 5
17173 1
17177 2
17189 1
17197 4
17217 1
17221 1
17225 9
17245 6
17257 2
17305 1
17321 1
17341 2
17345 1
17357 1
17377 1
17393 2
17397 3
17401 1
17405 1
17417 1
17425 6
17429 2
17473 2
17477 1
17485 5
17489 2
17497 1
17505 2
17509 1
17525 1
17533 2
17545 2
17557 2
17561 2
17573 2
17581 2
17585 2
17609 4
17629 3
17649 2
17665 1
17669 2
17681 1
17689 2
17693 4
17705 3
17713 1
17725 2
17737 2
17741 3
17749 1
17753 1
17777 2
17785 1
17797 6
17833 1
17849 2
17865 5
17873 1
17881 1
17885 3
17893 3
17905 2
17909 1
17929 1
17945 4
17953 4
17973 2
17981 3
17989 4
18005 4
18029 1
18037 4
18041 2
18061 2
18065 2
18081 1
18085 3
18089 1
18097 1
18121 2
18125 16
18133 3
18149 1
18153 1
18173 1
18181 4
18217 2
18225 2
18229 1
18233 2
18241 1
18245 4
18253 1
18265 9
18269 1
18277 1
18281 1
18289 1
18313 1
18317 1
18325 4
18329 3
18365 3
18369 4
18385 6
18401 2
18405 2
18409 2
18421 1
18457 1
18461 1
18473 1
18481 1
18485 1
18493 2
18497 2
18505 3
18517 1
18521 3
18541 2
18545 2
18553 2
18577 3
18581 1
18589 2
18605 2
18617 1
18621 1
18625 2
18629 3
18637 2
18661 1
18665 2
18685 4
18701 4
18713 1
18721 3
18729 1
18737 1
18749 1
18761 2
18769 2
18773 2
18785 6
18793 3
18797 3
18805 2
18833 3
18845 2
18853 1
18857 1
18869 1
18889 1
18913 1
18917 2
18925 3
18937 1
18945 1
18985 2
18989 5
18997 1
19013 2
19025 3
19037 2
19045 6
19053 3
19073 1
19081 1
19093 3
19097 5
19105 2
19109 1
19121 1
19125 3
19141 1
19157 2
19165 1
19181 3
19193 4
19225 1
19265 3
19269 1
19273 1
19277 3
19289 1
19301 1
19309 1
19325 4
19337 1
19345 3
19357 1
19373 1
19385 1
19405 1
19409 5
19417 1
19433 1
19441 1
19445 1
19465 4
19469 5
19477 2
19485 3
19489 1
19493 4
19521 1
19541 2
19549 3
19557 5
19573 3
19577 1
19585 1
19597 2
19601 2
19625 5
19637 3
19645 2
19649 2
19661 3
19669 3
19681 1
19709 1
19721 9
19729 3
19773 3
19793 1
19801 2
19805 7
19813 1
19825 7
19841 2
19853 3
19865 4
19881 1
19885 2
19889 2
19897 4
19913 2
19917 1
19925 3
19945 1
19961 3
19981 6
19989 1
19993 1
19997 5
20005 5
20021 1
20029 1
20041 1
20065 1
20077 2
20105 2
20113 2
20117 1
20129 1
20133 1
20137 3
20149 1
20161 2
20165 5
20177 2
20189 3
20201 1
20205 2
20213 4
20221 2
20225 6
20233 3
20241 2
20245 1
20249 3
20261 1
20281 3
20297 2
20313 2
20329 2
20341 1
20345 2
20357 3
20365 3
20381 1
20393 1
20413 3
20417 3
20441 1
20449 2
20453 3
20457 1
20465 1
20477 1
20485 1
20509 2
20513 1
20521 1
20525 1
20529 1
20533 1
20549 2
20557 3
20561 4
20565 2
20605 2
20609 2
20617 6
20621 3
20629 1
20641 1
20645 1
20665 4
20673 1
20681 1
20689 3
20705 6
20717 1
20725 5
20745 3
20749 1
20753 1
20761 3
20765 2
20773 3
20781 1
20785 1
20789 2
20809 1
20813 1
20817 1
20825 1
20869 2
20885 1
20893 1
20897 2
20905 6
20917 6
20933 1
20961 4
20969 2
21005 3
21017 1
21025 2
21029 1
21037 2
21061 3
21069 2
21073 2
21085 2
21089 1
21097 2
21101 1
21121 1
21125 11
21145 3
21157 2
21169 2
21193 1
21205 1
21213 1
21217 4
21221 1
21253 3
21257 3
21265 1
21269 1
21277 2
21281 1
21289 1
21305 5
21313 2
21317 1
21325 2
21341 1
21349 5
21361 1
21365 1
21377 2
21389 2
21397 2
21401 1
21425 2
21429 1
21437 1
21445 3
21449 3
21465 2
21473 2
21481 1
21485 1
21493 2
21501 1
21509 1
21533 1
21541 2
21557 2
21577 4
21589 1
21601 1
21605 5
21645 7
21649 1
21673 2
21677 2
21685 2
21689 1
21697 1
21709 2
21713 1
21737 4
21745 2
21757 1
21773 3
21785 3
21789 1
21805 6
21809 2
21817 1
21821 1
21825 6
21845 6
21853 3
21881 1
21905 2
21913 1
21925 2
21941 3
21953 4
21969 1
21977 5
21985 2
21997 3
22001 1
22009 3
22025 5
22045 1
22061 5
22073 1
22093 2
22105 2
22109 2
22117 2
22129 1
22153 4
22157 2
22181 2
22185 6
22189 4
22201 1
22205 2
22213 1
22217 2
22237 1
22261 1
22265 3
22277 2
22285 1
22293 2
22301 2
22313 5
22321 3
22345 4
22349 4
22369 1
22373 3
22381 3
22385 3
22397 1
22405 3
22409 1
22433 1
22445 1
22453 1
22457 3
22465 2
22481 2
22501 2
22509 1
22525 11
22529 3
22549 1
22565 2
22581 2
22601 2
22621 2
22625 4
22637 3
22669 1
22681 1
22685 2
22721 1
22725 2
22741 1
22745 5
22753 1
22761 1
22765 3
22769 1
22777 2
22789 2
22797 3
22805 2
22817 2
22829 3
22837 3
22849 3
22873 1
22877 1
22901 1
22905 4
22937 1
22941 1
22945 5
22949 2
22961 2
22993 1
22997 4
23013 1
23017 1
23021 1
23029 1
23041 1
23049 3
23081 1
23101 1
23113 2
23117 1
23125 5
23129 1
23137 5
23141 2
23153 1
23165 5
23173 2
23185 1
23189 1
23197 1
23209 3
23225 3
23229 3
23257 3
23269 1
23273 1
23285 2
23297 2
23329 2
23333 1
23357 1
23365 2
23369 2
23373 3
23377 4
23393 4
23409 1
23413 3
23417 1
23425 6
23445 2
23461 1
23465 1
23473 1
23477 1
23481 1
23497 1
23525 4
23533 2
23537 1
23545 5
23557 1
23581 3
23585 3
23593 3
23605 2
23629 1
23645 3
23665 1
23697 1
23701 2
23717 4
23725 4
23729 5
23765 3
23789 1
23797 3
23805 1
23809 7
23813 1
23825 2
23833 1
23869 1
23873 1
23885 3
23893 1
23909 2
23917 2
23929 3
23941 2
23945 1
23953 1
23965 3
23977 1
23981 2
23985 10
23993 1
24001 1
24021 3
24025 1
24029 1
24037 2
24041 1
24049 1
24061 3
24077 2
24085 4
24089 1
24097 3
24113 1
24121 1
24125 2
24133 2
24137 1
24157 2
24161 2
24169 2
24181 2
24193 1
24197 1
24217 2
24221 2
24229 1
24237 1
24245 3
24293 4
24305 3
24309 3
24317 2
24337 4
24341 1
24345 2
24373 2
24385 3
24389 2
24401 2
24413 2
24421 1
24425 5
24433 2
24445 3
24457 3
24461 1
24473 1
24481 3
24505 6
24517 2
24525 1
24533 3
24545 1
24557 2
24561 1
24565 5
24593 2
24601 4
24625 3
24641 1
24649 1
24653 3
24665 2
24669 1
24685 2
24697 1
24701 2
24705 1
24709 1
24713 1
24737 5
24745 2
24749 1
24777 3
24781 2
24785 2
24793 1
24797 1
24805 2
24821 3
24845 2
24853 1
24869 3
24877 1
24889 1
24901 4
24905 4
24925 3
24929 3
24949 2
24953 1
24965 2
24973 4
24977 1
24989 1
24993 1
25009 3
25033 1
25037 1
25045 3
25049 1
25057 1
25065 2
25073 1
25085 2
25105 2
25117 1
25129 2
25133 1
25153 1
25173 1
25177 2
25181 4
25189 1
25205 1
25225 6
25229 1
25253 2
25281 1
25285 4
25297 2
25301 1
25309 1
25317 3
25321 1
25325 3
25345 2
25357 1
25381 1
25385 3
25397 1
25405 4
25409 1
25425 1
25457 2
25469 1
25477 1
25493 3
25497 1
25505 1
25525 4
25529 1
25533 1
25537 2
25549 3
25565 2
25601 1
25605 1
25609 1
25621 2
25625 4
25633 2
25649 1
25657 1
25677 3
25681 2
25693 1
25705 2
25713 3
25717 3
25721 2
25733 1
25765 1
25769 1
25777 2
25789 3
25793 1
25805 1
25825 2
25841 3
25857 3
25877 2
25909 5
25913 2
25925 4
25933 1
25937 2
25945 6
25957 1
25965 2
25969 1
25981 1
25985 1
26021 2
26041 1
26065 4
26073 4
26077 1
26093 1
26117 4
26129 2
26141 1
26153 1
26161 1
26165 3
26177 1
26181 1
26185 4
26189 1
26221 2
26225 2
26237 1
26245 3
26253 1
26261 2
26269 4
26281 3
26293 1
26297 2
26305 2
26309 1
26317 2
26321 2
26325 5
26329 2
26353 1
26357 1
26361 3
26365 2
26377 3
26405 2
26413 4
26417 1
26437 2
26441 2
26469 1
26485 1
26501 2
26509 2
26513 1
26525 4
26533 4
26573 1
26577 2
26585 3
26597 1
26605 4
26613 1
26641 2
26645 5
26681 2
26685 4
26689 5
26693 1
26701 3
26705 1
26721 2
26725 4
26729 2
26737 1
26741 1
26765 4
26793 2
26801 1
26821 2
26825 8
26833 1
26869 3
26893 1
26897 3
26905 2
26941 1
26945 1
26965 2
26973 4
26977 4
26981 1
26989 4
27009 1
27017 1
27045 2
27053 1
27061 1
27065 3
27073 2
27077 1
27085 1
27109 1
27121 4
27145 7
27149 1
27161 2
27173 4
27185 2
27197 2
27205 5
27217 2
27241 1
27245 4
27257 3
27261 2
27277 1
27289 1
27297 2
27325 3
27333 2
27361 2
27365 2
27369 1
27385 4
27389 3
27397 1
27409 1
27421 3
27425 7
27437 1
27457 1
27469 1
27505 5
27509 1
27521 4
27529 1
27541 3
27549 2
27557 2
27565 7
27585 1
27593 1
27605 2
27613 1
27617 1
27625 13
27637 2
27653 1
27673 1
27677 1
27685 2
27725 3
27733 1
27737 1
27749 1
27757 3
27765 1
27781 3
27809 2
27829 2
27833 1
27845 1
27857 2
27865 3
27869 1
27877 2
27889 1
27893 1
27905 1
27917 2
27925 1
27977 3
27981 2
27985 1
27989 1
28009 1
28033 1
28057 1
28081 1
28085 7
28093 3
28097 2
28109 1
28121 2
28125 3
28145 2
28157 2
28169 2
28197 4
28201 1
28205 4
28225 5
28233 1
28249 3
28265 1
28269 1
28273 1
28277 3
28285 2
28289 1
28305 5
28333 1
28349 2
28373 2
28381 2
28393 1
28397 3
28409 2
28417 3
28421 4
28433 1
28449 2
28453 1
28517 1
28537 1
28565 4
28573 1
28577 4
28585 1
28593 3
28601 1
28625 2
28629 1
28645 3
28665 3
28669 1
28673 2
28685 1
28717 1
28729 2
28741 3
28745 1
28757 1
28769 2
28793 1
28825 3
28845 4
28873 1
28881 3
28885 3
28901 2
28909 1
28925 4
28961 1
28981 2
28989 1
29005 2
29017 1
29021 1
29033 1
29041 2
29045 3
29053 3
29057 1
29065 3
29069 3
29081 3
29105 2
29125 3
29137 1
29173 1
29185 2
29189 2
29201 1
29221 1
29237 4
29241 1
29245 3
29269 1
29273 2
29285 1
29313 1
29321 1
29341 3
29353 3
29377 2
29385 3
29401 1
29405 2
29429 1
29437 2
29453 2
29461 3
29473 2
29489 3
29493 2
29497 3
29525 2
29529 3
29537 1
29549 3
29565 1
29569 2
29573 1
29581 1
29585 7
29593 1
29597 3
29609 2
29633 1
29637 4
29645 1
29653 3
29665 4
29705 8
29709 1
29717 1
29725 4
29741 1
29745 1
29761 2
29765 1
29801 4
29817 2
29825 3
29837 2
29857 2
29861 1
29881 1
29889 1
29921 1
29929 3
29933 1
29945 5
29965 4
29993 1
30005 3
30017 3
30025 1
30029 3
30037 1
30053 1
30069 1
30073 3
30097 1
30125 4
30137 2
30141 1
30145 1
30169 1
30181 1
30185 3
30193 2
30209 4
30241 1
30265 3
30277 2
30285 2
30301 2
30325 1
30329 1
30341 1
30357 1
30361 1
30365 1
30377 3
30413 2
30421 2
30425 4
30433 2
30449 2
30465 2
30469 1
30497 1
30501 1
30505 1
30517 2
30529 1
30545 7
30581 4
30589 7
30593 1
30605 1
30617 2
30625 2
30629 2
30637 2
30641 3
30649 1
30661 2
30673 2
30677 2
30685 1
30689 3
30713 1
30717 2
30725 4
30733 3
30749 1
30769 2
30773 1
30805 3
30809 2
30817 4
30821 1
30825 1
30841 1
30865 2
30893 1
30901 4
30925 5
30949 1
30953 3
30977 2
30985 3
31005 4
31025 5
31037 1
31041 2
31049 1
31057 1
31061 1
31081 1
31085 1
31105 1
31109 1
31117 4
31121 1
31145 4
31149 1
31153 1
31177 1
31181 1
31193 1
31201 1
31205 2
31213 1
31221 2
31237 1
31249 1
31265 5
31277 1
31285 1
31301 2
31329 1
31333 2
31357 3
31365 7
31373 2
31385 1
31393 1
31397 1
31409 1
31417 2
31421 2
31429 1
31433 3
31469 1
31473 1
31477 1
31501 3
31509 6
31513 1
31525 3
31529 3
31545 3
31561 2
31581 2
31585 2
31601 2
31609 1
31613 1
31657 1
31681 2
31685 3
31705 5
31721 2
31729 3
31733 1
31741 1
31781 1
31797 1
31805 2
31813 6
31817 1
31841 1
31865 3
31873 1
31905 1
31909 2
31937 3
31945 3
31981 1
31985 3
31997 2
32005 3
32009 3
32013 1
32041 1
32045 10
32065 1
32077 1
32105 1
32113 3
32117 3
32125 1
32129 1
32141 2
32149 2
32157 2
32161 3
32185 3
32189 3
32201 1
32213 2
32233 1
32245 2
32261 1
32269 2
32301 2
32309 3
32317 3
32321 2
32337 1
32353 1
32365 2
32377 2
32381 1
32393 2
32405 2
32409 3
32413 1
32425 1
32429 1
32441 1
32481 1
32485 1
32489 3
32517 1
32521 7
32525 4
32533 1
32537 1
32549 1
32553 1
32561 1
32605 2
32617 2
32621 1
32633 1
32645 3
32653 1
32677 2
32689 1
32713 2
32717 2
32733 1
32741 1
32773 1
32789 1
32825 2
32841 1
32845 3
32861 3
32877 1
32885 2
32905 2
32909 1
32929 2
32941 1
32969 1
32985 1
32993 1
33001 1
33017 2
33025 1
33037 5
33053 1
33065 1
33073 1
33085 2
33113 2
33125 6
33133 1
33137 2
33149 1
33169 2
33173 1
33181 1
33185 1
33197 2
33205 7
33245 2
33293 3
33305 2
33329 1
33337 2
33361 1
33365 2
33381 1
33389 1
33413 1
33437 1
33469 1
33485 5
33489 1
33493 1
33505 2
33517 1
33525 1
33541 1
33545 2
33553 4
33565 2
33577 1
33597 1
33601 1
33625 5
33633 2
33637 2
33641 1
33653 1
33661 1
33665 1
33685 2
33709 3
33713 1
33721 2
33745 5
33761 2
33805 2
33809 1
33829 1
33849 1
33853 1
33865 4
33881 3
33889 2
33905 2
33917 1
33921 3
33937 1
33973 1
33977 1
33989 1
33997 3
34021 1
34025 4
34033 1
34061 2
34073 1
34081 2
34085 2
34101 1
34117 2
34121 1
34137 1
34145 1
34153 1
34165 2
34173 1
34205 1
34225 4
34229 3
34241 2
34249 1
34253 1
34273 1
34281 2
34285 1
34289 1
34301 2
34325 2
34337 1
34345 1
34349 2
34369 2
34373 3
34385 3
34389 1
34421 1
34425 2
34457 1
34465 1
34469 1
34481 5
34493 2
34501 2
34525 6
34541 1
34549 3
34553 3
34585 2
34597 3
34605 2
34609 3
34621 3
34625 1
34645 8
34649 1
34669 1
34697 3
34709 1
34717 2
34721 2
34729 1
34741 2
34745 1
34757 1
34765 2
34781 1
34785 2
34801 2
34805 2
34817 2
34821 2
34829 1
34877 2
34893 1
34897 2
34901 2
34933 1
34945 2
34957 3
34961 1
34973 1
34985 1
35005 3
35009 3
35017 1
35037 5
35065 1
35073 1
35089 1
35117 3
35125 4
35137 1
35165 1
35177 3
35197 4
35209 3
35225 1
35249 1
35253 1
35257 1
35261 1
35269 1
35281 1
35285 1
35293 1
35325 4
35333 2
35345 1
35353 1
35369 1
35377 1
35405 3
35425 2
35453 1
35461 1
35465 3
35509 2
35513 2
35525 6
35533 1
35597 3
35605 3
35617 1
35645 1
35649 2
35657 2
35669 3
35677 1
35685 2
35705 1
35721 2
35725 4
35737 1
35757 1
35785 3
35789 2
35793 4
35801 2
35809 1
35821 1
35825 4
35837 2
35865 3
35869 1
35881 2
35909 2
35917 1
35921 1
35953 3
35957 1
35965 2
35977 1
35989 3
36017 1
36037 1
36045 2
36061 2
36065 2
36073 1
36097 1
36101 3
36121 1
36125 5
36145 3
36149 1
36161 3
36173 3
36189 1
36193 1
36205 5
36229 1
36257 3
36265 1
36269 2
36293 3
36297 2
36305 4
36329 2
36361 1
36389 1
36397 1
36401 2
36405 3
36413 1
36445 4
36457 3
36461 2
36469 1
36473 1
36481 1
36485 2
36505 1
36513 3
36581 1
36601 1
36625 2
36629 1
36653 1
36661 1
36665 2
36677 1
36697 1
36709 1
36713 2
36725 4
36733 2
36737 2
36745 2
36749 3
36793 2
36805 2
36809 1
36821 1
36829 1
36833 2
36845 5
36853 2
36857 2
36865 1
36873 3
36877 1
36881 1
36901 1
36929 2
36941 1
36945 1
36965 2
36973 1
36985 3
37013 1
37017 2
37033 3
37049 2
37057 1
37061 1
37085 1
37089 1
37105 1
37117 1
37141 2
37153 3
37157 3
37165 2
37189 2
37197 1
37225 3
37249 1
37253 3
37265 4
37269 1
37273 1
37285 3
37289 1
37305 3
37321 1
37325 1
37333 3
37337 2
37341 1
37349 4
37357 1
37381 2
37393 2
37397 1
37405 3
37441 1
37445 4
37469 2
37481 1
37489 2
37493 1
37501 1
37537 1
37549 2
37553 1
37577 2
37585 2
37613 1
37621 3
37633 1
37637 4
37645 3
37649 3
37657 2
37661 1
37681 1
37693 1
37705 1
37733 1
37745 2
37757 2
37777 1
37809 1
37813 1
37817 3
37825 2
37837 1
37845 3
37877 1
37885 1
37889 1
37925 1
37945 1
37957 2
37997 2
38025 2
38029 2
38033 1
38053 1
38061 2
38077 2
38081 3
38089 3
38105 2
38125 7
38165 1
38169 1
38197 1
38221 3
38233 8
38245 2
38273 2
38277 2
38281 1
38309 1
38317 1
38321 2
38329 1
38333 1
38349 1
38365 3
38369 2
38385 2
38389 1
38393 1
38425 9
38449 1
38453 1
38465 2
38497 1
38509 1
38537 3
38545 6
38561 2
38565 1
38573 1
38581 2
38585 2
38597 5
38617 1
38629 2
38641 3
38669 2
38673 1
38701 2
38705 1
38713 2
38725 2
38737 1
38765 2
38785 1
38809 2
38821 1
38825 2
38845 4
38849 1
38857 3
38861 1
38873 1
38889 1
38897 2
38909 3
38917 1
38921 2
38925 2
38945 3
38961 2
38977 1
38981 2
39005 1
39041 2
39065 2
39073 1
39101 1
39113 2
39125 6
39133 2
39141 2
39145 3
39157 1
39161 2
39185 4
39205 4
39209 1
39229 2
39241 1
39253 3
39257 2
39265 1
39285 2
39289 1
39293 1
39317 1
39321 1
39325 3
39349 1
39357 1
39365 2
39373 2
39377 5
39385 1
39401 1
39429 1
39465 1
39469 1
39481 3
39485 2
39493 1
39505 1
39533 1
39553 1
39565 1
39569 1
39573 2
39593 2
39605 2
39625 4
39641 1
39661 1
39665 1
39673 2
39681 1
39701 3
39745 1
39761 1
39785 3
39793 1
39817 3
39829 1
39845 3
39869 2
39877 1
39901 1
39925 2
39929 1
39933 1
39937 1
39953 3
39969 2
40001 1
40013 1
40037 2
40045 3
40049 4
40077 4
40085 1
40093 1
40097 1
40105 4
40121 2
40129 2
40141 1
40153 1
40169 1
40189 1
40213 1
40221 1
40225 2
40241 1
40253 2
40265 1
40293 1
40309 2
40321 4
40325 2
40329 1
40333 2
40345 2
40349 2
40385 2
40405 2
40437 1
40441 1
40445 1
40465 4
40505 2
40525 2
40545 2
40577 2
40589 2
40613 1
40625 5
40653 1
40661 1
40673 1
40681 2
40693 1
40709 1
40725 4
40729 2
40745 2
40777 1
40781 2
40801 1
40813 1
40817 1
40837 3
40849 1
40853 2
40861 2
40885 3
40925 4
40969 1
40973 1
40977 3
40993 1
41017 1
41029 2
41045 1
41053 1
41057 1
41089 1
41093 6
41105 1
41113 2
41117 3
41141 1
41149 1
41161 1
41185 1
41197 1
41225 4
41245 2
41273 2
41281 1
41301 1
41309 1
41333 1
41341 2
41345 2
41353 1
41365 1
41369 3
41373 1
41405 2
41425 4
41429 1
41441 3
41449 2
41465 3
41485 2
41513 1
41533 1
41537 1
41593 2
41605 2
41617 1
41621 1
41625 2
41645 1
41665 2
41669 1
41681 1
41717 1
41761 3
41765 1
41773 1
41777 1
41805 1
41809 2
41813 1
41821 1
41841 2
41861 1
41869 1
41885 3
41893 1
41905 3
41945 1
41977 1
42001 1
42017 3
42025 5
42029 2
42041 1
42061 1
42101 1
42109 2
42121 1
42125 2
42137 2
42145 2
42149 1
42169 1
42181 1
42201 1
42229 1
42233 1
42237 1
42257 2
42293 3
42305 1
42325 2
42337 1
42341 2
42345 1
42353 2
42365 1
42381 1
42425 2
42437 1
42445 3
42453 2
42485 3
42517 1
42533 1
42561 1
42565 2
42569 1
42597 1
42605 1
42649 1
42661 1
42705 2
42709 1
42725 2
42761 2
42773 1
42793 1
42809 3
42853 1
42865 2
42877 1
42885 1
42901 2
42905 1
42925 1
42937 1
42953 1
42961 1
42965 1
42985 1
42993 1
43009 2
43013 1
43025 1
43045 2
43061 2
43093 2
43105 2
43117 1
43133 1
43165 1
43169 4
43181 3
43189 1
43201 2
43205 1
43209 1
43265 2
43273 2
43277 2
43289 1
43297 1
43321 2
43325 3
43345 1
43353 1
43385 1
43405 2
43425 3
43429 2
43433 5
43465 1
43469 3
43489 1
43501 1
43517 1
43525 1
43537 3
43553 1
43577 1
43613 1
43625 2
43641 1
43657 2
43669 1
43685 1
43693 1
43697 1
43705 2
43709 2
43721 1
43733 1
43745 2
43765 1
43777 1
43781 1
43789 2
43793 1
43825 4
43849 1
43853 1
43873 1
43877 2
43893 1
43933 1
43937 2
43957 1
43965 1
43973 1
43993 1
43997 1
44005 3
44017 1
44041 1
44053 1
44105 1
44109 2
44125 4
44129 1
44165 1
44185 3
44197 3
44201 1
44217 1
44225 1
44245 1
44273 1
44281 1
44285 1
44325 2
44329 1
44357 2
44369 1
44389 1
44437 2
44461 1
44469 2
44521 1
44525 3
44549 1
44573 1
44581 1
44629 2
44641 1
44645 2
44649 2
44665 1
44701 1
44705 1
44713 2
44717 3
44725 2
44729 1
44749 2
44761 1
44773 1
44777 2
44785 2
44789 1
44797 1
44809 2
44829 3
44837 2
44845 1
44861 2
44881 1
44909 1
44921 1
44937 1
44941 4
44945 1
44953 1
44965 1
44969 1
44977 3
45005 2
45025 1
45037 1
45041 1
45061 1
45077 1
45097 4
45113 2
45121 1
45145 1
45153 1
45161 1
45169 2
45205 2
45209 2
45245 2
45293 1
45301 1
45305 7
45325 1
45341 1
45349 1
45373 4
45385 4
45389 1
45421 1
45461 1
45469 1
45473 1
45509 2
45513 3
45533 1
45545 1
45565 1
45569 1
45589 1
45613 1
45617 2
45621 1
45641 1
45665 2
45685 1
45693 2
45713 1
45721 1
45765 1
45781 1
45797 1
45821 1
45833 1
45841 1
45845 3
45853 1
45877 1
45889 2
45909 1
45917 3
45929 1
45949 1
45953 2
45965 1
45985 3
46045 2
46049 1
46073 1
46109 3
46121 1
46125 1
46133 1
46141 1
46157 2
46169 1
46177 1
46205 2
46213 1
46217 1
46225 1
46237 1
46241 1
46285 1
46289 3
46309 1
46325 3
46369 3
46385 2
46393 1
46405 1
46421 1
46429 1
46441 1
46457 1
46465 1
46481 1
46501 1
46517 2
46525 3
46549 2
46553 1
46561 1
46597 1
46601 1
46625 2
46637 2
46649 1
46657 2
46665 2
46685 2
46693 2
46697 1
46709 1
46773 1
46777 2
46813 3
46825 1
46877 1
46881 1
46885 1
46909 1
46917 1
46933 1
46945 3
46969 2
46993 1
46997 1
47017 1
47021 3
47045 1
47069 1
47105 1
47125 5
47149 1
47165 2
47185 1
47197 2
47225 1
47237 1
47241 1
47249 2
47281 1
47285 2
47297 1
47305 2
47309 1
47317 1
47345 2
47349 1
47365 3
47381 1
47385 1
47389 1
47437 4
47441 3
47477 1
47485 2
47489 1
47521 1
47525 3
47529 1
47545 3
47573 1
47581 1
47605 2
47609 1
47617 1
47629 1
47645 1
47653 1
47665 1
47669 1
47673 1
47693 1
47701 2
47713 1
47717 1
47745 1
47753 2
47765 2
47781 2
47797 2
47809 1
47825 1
47837 2
47853 2
47885 3
47933 2
47961 2
47965 2
47969 1
47989 2
48017 1
48025 8
48029 1
48033 1
48037 1
48069 2
48073 2
48105 1
48113 4
48121 1
48137 1
48145 2
48149 1
48157 2
48193 1
48229 1
48245 2
48265 1
48285 1
48313 1
48353 1
48373 1
48385 1
48425 5
48429 2
48497 1
48501 1
48529 1
48533 1
48541 1
48581 1
48589 2
48605 2
48613 1
48617 2
48625 2
48649 3
48725 2
48733 1
48753 1
48757 2
48781 1
48809 1
48841 2
48845 2
48857 1
48865 3
48869 1
48877 3
48905 3
48933 1
48941 1
48969 1
48973 1
48989 1
48997 2
49025 1
49033 1
49045 2
49057 3
49069 1
49081 1
49129 3
49145 2
49157 1
49177 1
49185 2
49201 1
49205 2
49213 1
49237 2
49249 1
49285 2
49309 1
49365 4
49369 1
49373 2
49405 3
49417 2
49421 2
49441 1
49465 3
49477 1
49509 1
49517 2
49537 1
49561 1
49573 2
49589 1
49597 1
49601 3
49613 2
49617 1
49633 1
49645 2
49681 1
49725 4
49733 1
49757 1
49765 1
49769 3
49793 3
49801 1
49825 2
49833 1
49853 1
49865 2
49873 1
49877 1
49897 1
49909 2
49921 1
49937 1
49957 1
49985 1
49993 1
49997 1
50005 1
50013 2
50045 2
50101 1
50157 1
50185 1
50201 2
50213 1
50221 1
50225 1
50229 1
50245 1
50249 1
50269 2
50273 1
50297 5
50305 1
50329 2
50341 1
50345 2
50373 2
50377 1
50389 1
50425 4
50453 1
50465 1
50473 1
50489 2
50537 2
50569 2
50605 2
50609 2
50629 1
50653 1
50661 1
50689 1
50705 2
50717 1
50753 2
50789 1
50801 2
50813 1
50837 3
50845 1
50849 2
50861 1
50881 1
50885 1
50905 1
50921 1
50949 2
50957 2
50969 1
50993 1
51021 1
51025 6
51061 2
51077 3
51085 1
51097 1
51101 2
51109 1
51125 4
51145 2
51173 1
51185 1
51197 2
51209 3
51237 1
51241 1
51245 3
51265 2
51301 1
51313 1
51365 1
51421 1
51437 3
51449 1
51453 1
51473 3
51493 3
51517 1
51521 1
51525 1
51533 1
51545 4
51561 1
51565 1
51605 1
51633 1
51637 1
51649 1
51673 1
51701 2
51725 1
51769 1
51781 3
51785 1
51817 2
51845 1
51857 3
51881 1
51885 1
51985 1
51993 1
52001 1
52009 1
52025 1
52065 1
52093 1
52153 2
52165 1
52181 1
52205 3
52225 1
52253 1
52265 1
52273 1
52281 2
52309 1
52321 1
52345 1
52357 1
52361 1
52385 3
52389 1
52425 2
52429 3
52453 1
52477 1
52501 1
52505 1
52513 1
52517 2
52529 2
52533 1
52565 2
52585 3
52625 7
52685 3
52713 1
52721 1
52765 2
52777 2
52813 1
52821 1
52825 1
52841 2
52849 1
52853 2
52865 2
52873 1
52897 3
52925 4
52937 1
52945 2
52949 1
52993 2
53045 1
53057 1
53065 2
53093 2
53113 1
53125 3
53145 1
53173 1
53177 2
53189 2
53209 2
53217 2
53225 1
53261 3
53329 1
53341 1
53365 2
53397 2
53425 3
53429 1
53465 1
53489 2
53505 1
53525 1
53541 1
53545 1
53609 2
53633 1
53665 1
53737 1
53813 1
53825 1
53845 1
53849 1
53857 1
53861 1
53885 1
53905 1
53917 2
53937 1
53945 1
53969 1
54009 1
54013 1
54025 2
54029 1
54045 1
54085 1
54101 1
54125 3
54133 1
54149 1
54161 1
54181 1
54185 1
54193 1
54205 2
54217 2
54225 2
54233 1
54289 1
54317 1
54325 1
54329 1
54341 1
54353 1
54377 1
54385 2
54413 1
54421 1
54433 2
54445 2
54449 2
54485 3
54513 2
54545 1
54553 1
54557 2
54569 1
54585 2
54629 1
54641 1
54657 1
54665 1
54713 1
54745 2
54749 1
54765 1
54785 4
54793 3
54797 3
54805 1
54841 1
54869 1
54925 2
54937 2
54949 1
54965 1
55009 1
55017 1
55061 1
55089 1
55093 1
55109 1
55145 1
55189 1
55193 1
55205 1
55213 1
55241 1
55261 2
55285 1
55301 2
55345 1
55357 1
55369 2
55393 1
55421 1
55445 2
55449 1
55481 1
55485 1
55505 1
55525 3
55549 2
55553 1
55589 1
55609 1
55665 1
55673 1
55697 1
55705 4
55709 1
55717 1
55745 1
55777 1
55801 1
55805 2
55809 2
55813 2
55885 1
55921 1
55969 1
55985 1
56041 1
56081 1
56101 2
56105 2
56125 3
56129 2
56185 1
56205 1
56225 1
56233 3
56257 2
56277 2
56305 1
56365 2
56401 1
56425 2
56429 1
56453 1
56489 1
56493 2
56497 1
56533 1
56585 2
56593 1
56605 1
56629 1
56645 1
56657 1
56669 1
56693 1
56745 1
56797 2
56813 1
56825 1
56845 1
56853 1
56869 3
56993 1
57005 3
57069 2
57073 1
57097 1
57137 3
57177 2
57205 1
57241 1
57265 1
57301 1
57325 1
57329 2
57349 1
57373 1
57377 1
57397 1
57445 1
57457 1
57461 1
57521 1
57529 1
57565 2
57605 1
57609 2
57613 2
57625 2
57653 1
57681 1
57733 1
57825 3
57889 2
57901 2
57905 1
57913 1
57917 1
57929 1
57941 1
57977 1
58005 2
58013 1
58021 1
58061 1
58097 1
58105 1
58165 1
58189 2
58193 1
58221 1
58225 4
58257 1
58285 1
58297 1
58301 2
58309 1
58313 2
58321 2
58361 1
58405 2
58453 1
58457 1
58493 1
58505 1
58525 1
58537 2
58545 1
58549 1
58561 1
58565 2
58585 1
58685 1
58761 1
58853 1
58873 1
58885 1
58889 1
58909 1
58921 1
58969 3
58973 3
59005 1
59009 1
59053 1
59057 1
59085 1
59089 3
59105 1
59149 1
59153 1
59189 3
59193 1
59221 2
59233 1
59245 4
59281 2
59305 2
59321 1
59333 1
59393 1
59445 1
59449 1
59453 2
59461 2
59473 2
59485 2
59497 1
59525 1
59545 1
59553 1
59573 2
59585 1
59597 1
59617 1
59621 1
59625 1
59633 1
59657 2
59665 1
59725 1
59729 1
59761 1
59765 1
59777 1
59789 2
59797 1
59849 1
59881 1
59905 1
59949 1
59957 1
60061 2
60065 3
60073 2
60077 1
60085 3
60125 1
60149 1
60205 1
60229 2
60245 1
60253 1
60257 1
60273 1
60281 1
60349 1
60353 1
60365 3
60377 1
60381 1
60385 2
60457 1
60493 3
60497 1
60521 1
60545 1
60565 2
60569 3
60581 1
60633 1
60685 1
60701 1
60733 1
60741 1
60749 1
60805 1
60813 2
60817 2
60821 1
60869 1
60905 2
60917 1
60925 3
60937 1
60985 2
61009 1
61025 1
61069 1
61081 1
61109 2
61121 1
61129 1
61133 1
61165 1
61181 1
61205 2
61217 1
61265 1
61297 1
61309 1
61317 1
61357 1
61373 2
61385 1
61461 1
61477 1
61493 1
61513 1
61549 1
61585 1
61589 1
61605 2
61625 1
61661 1
61685 3
61789 1
61821 2
61825 1
61965 3
62037 1
62057 1
62081 1
62089 1
62177 1
62285 2
62305 2
62309 1
62317 1
62365 1
62389 1
62437 1
62441 1
62465 2
62473 2
62525 2
62569 2
62573 1
62585 2
62609 1
62613 1
62617 2
62633 1
62641 1
62677 2
62725 3
62729 2
62765 1
62789 2
62869 1
62885 1
62897 1
62929 1
62941 1
63005 1
63013 1
63017 1
63029 1
63053 1
63097 1
63101 1
63125 1
63149 2
63169 1
63193 1
63205 1
63225 1
63233 1
63241 1
63257 1
63281 3
63313 1
63325 2
63493 1
63505 2
63509 1
63513 1
63529 3
63533 1
63553 1
63557 1
63565 1
63605 1
63625 1
63677 1
63713 2
63725 1
63749 1
63765 2
63773 1
63809 1
63817 2
63837 1
63845 1
63857 1
63869 2
63893 1
63925 1
63945 1
63949 1
63997 1
64013 1
64025 1
64073 1
64129 1
64165 1
64181 2
64189 1
64205 1
64233 3
64237 1
64313 1
64337 1
64349 1
64413 1
64417 1
64433 1
64453 1
64485 2
64489 1
64493 1
64513 1
64525 3
64565 4
64597 1
64637 1
64661 1
64685 1
64709 2
64753 1
64817 1
64825 1
64849 2
64901 1
64925 3
65041 1
65045 1
65105 2
65125 2
65169 1
65237 1
65425 1
65437 1
65453 1
65509 1
65561 2
65585 2
65601 2
65617 1
65633 1
65713 1
65749 1
65773 2
65789 1
65921 1
65925 2
65977 2
66065 1
66105 1
66113 3
66149 1
66181 1
66193 2
66205 1
66313 1
66425 2
66445 3
66461 1
66485 1
66497 1
66545 1
66553 1
66589 3
66613 1
66637 1
66653 1
66697 1
66725 1
66757 1
66833 3
66905 1
66917 1
66925 4
67005 1
67105 2
67129 1
67157 1
67225 1
67261 1
67273 1
67293 1
67297 1
67325 1
67349 1
67397 1
67405 1
67525 1
67561 1
67577 1
67625 1
67685 2
67717 1
67721 1
67733 1
67745 1
67765 1
67769 3
67813 2
67825 1
67829 1
67865 1
67885 1
67937 3
67961 1
67981 3
68017 1
68105 3
68125 1
68129 1
68141 1
68165 1
68221 1
68237 1
68269 1
68353 1
68393 1
68441 1
68465 1
68477 1
68525 2
68549 1
68561 1
68581 1
68597 1
68605 2
68633 1
68689 1
68765 2
68797 1
68825 1
68881 1
68917 2
68933 1
68945 1
69017 1
69021 1
69165 1
69173 1
69185 1
69237 1
69241 1
69269 1
69281 1
69417 1
69425 1
69493 1
69505 1
69557 1
69577 1
69593 1
69625 1
69629 1
69665 1
69697 1
69705 1
69721 1
69745 1
69785 2
69857 1
69869 1
69953 1
70013 1
70025 1
70057 2
70065 1
70137 1
70145 1
70177 1
70181 1
70193 3
70217 1
70225 1
70237 1
70285 1
70325 1
70333 1
70397 2
70405 1
70409 3
70421 1
70445 2
70529 1
70533 1
70573 1
70577 1
70601 1
70677 1
70709 1
70717 1
70745 1
70753 1
70757 1
70825 1
70937 1
70985 1
71009 1
71065 1
71117 1
71149 1
71285 1
71317 1
71329 1
71433 1
71437 1
71465 1
71485 1
71541 1
71593 1
71605 1
71669 1
71689 1
71713 1
71717 1
71741 1
71749 1
71773 1
71825 2
71865 2
71905 1
71933 1
71965 2
72041 1
72049 2
72085 1
72245 1
72297 1
72301 2
72437 1
72449 1
72477 1
72493 1
72505 1
72569 1
72577 1
72581 1
72613 1
72661 1
72685 1
72797 1
72893 1
72925 3
72981 1
73001 1
73013 1
73105 2
73177 1
73205 1
73333 1
73341 1
73345 2
73385 1
73429 1
73505 1
73517 1
73525 1
73597 1
73637 1
73793 1
73805 1
73949 1
73961 1
73989 1
74029 1
74241 1
74425 1
74573 1
74581 2
74629 1
74633 1
74637 1
74665 1
74725 1
74825 2
74897 1
74997 1
75025 2
75041 1
75085 1
75205 1
75321 1
75353 1
75413 1
75429 1
75497 1
75605 1
75665 1
75737 1
75745 1
75773 1
75797 1
75853 1
75861 1
75897 1
75941 1
75965 1
76001 1
76145 1
76193 1
76201 1
76225 1
76257 1
76273 1
76309 1
76369 1
76401 2
76441 1
76465 1
76473 1
76585 2
76625 2
76673 1
76685 2
76789 1
76921 1
76925 1
76957 2
76985 1
76997 1
77009 2
77129 1
77233 1
77305 1
77401 1
77417 1
77445 1
77485 2
77569 1
77633 1
77641 1
77645 1
77669 1
77705 1
77837 1
77857 2
77885 1
77909 1
78013 1
78041 1
78193 1
78209 1
78237 1
78245 1
78377 1
78385 1
78409 1
78445 1
78521 1
78525 1
78685 1
78805 1
78809 1
78845 1
78857 1
78917 1
78965 1
78985 1
79169 1
79217 1
79285 1
79489 1
79589 1
79613 1
79625 1
79693 1
79777 1
79817 1
79885 1
79913 1
79985 1
80053 1
80077 1
80093 2
80149 1
80189 1
80505 1
80581 1
80629 1
80645 1
80665 1
80801 1
80825 2
80881 1
80893 2
80953 1
80965 1
81017 1
81101 1
81113 1
81133 1
81197 1
81205 2
81241 1
81497 1
81685 1
81773 1
81905 2
81953 1
82177 2
82301 1
82325 1
82385 1
82449 1
82457 1
82525 1
82589 1
82645 1
82805 1
82813 1
82837 1
82885 1
82913 1
82921 1
82949 1
83045 1
83417 1
83509 1
83569 1
83597 1
83617 1
83645 2
83725 1
83785 1
83845 1
83969 1
84005 1
84185 1
84257 1
84461 1
84473 1
84501 1
84505 1
84541 1
84593 1
84625 1
84745 1
84853 1
85045 1
85069 1
85257 1
85345 1
85465 1
85529 1
85577 1
85621 1
85705 1
85753 1
85781 1
85885 1
85969 1
86085 1
86113 1
86125 1
86353 1
86609 1
86717 1
86725 1
86885 1
86909 1
86929 1
86957 1
87113 1
87125 1
87277 1
87317 1
87581 1
87649 1
88173 1
88213 2
88249 1
88465 1
88765 1
89069 1
89101 1
89113 1
89233 1
89245 1
89405 1
89525 1
89725 1
89905 1
90325 1
90341 1
90665 1
90865 1
91205 1
91385 2
91405 1
91613 1
91705 1
91765 1
91829 1
92045 1
92065 1
92165 1
92269 1
92365 1
92761 1
92885 1
93301 1
93321 1
93481 1
93517 1
93565 1
93685 1
93737 1
94637 1
94925 1
95265 1
95453 1
95929 1
96125 1
96581 1
96697 1
97025 1
97421 1
97513 1
97553 1
98605 1
98741 1
98753 1
98881 1
99261 1
99265 1
99413 1
99485 1
99749 1
99793 1
99905 1
100081 1
100357 1
100589 1
100665 1
100829 1
101105 1
101165 1
101305 1
101417 1
101501 1
101565 2
101725 1
103193 1
103441 1
103877 1
103945 1
104465 1
105109 1
105445 1
105453 1
105473 1
106025 1
106781 1
106861 1
107209 1
107449 1
107705 1
107729 1
107797 1
108065 1
110237 1
110249 1
110413 1
110461 1
110501 1
110853 1
111745 1
112505 1
113425 1
113585 1
114129 1
117041 1
117725 1
120325 1
121249 1
122785 1
123005 1
123061 1
124301 1
125009 1
126457 1
126485 1
130645 1
139217 1
149489 1
151633 1
163769 1
471620 1
552890 1
714249 1
739413 1
823777 1
857732 1
874801 1
899113 1
901489 1
922961 1
998425 1
1038088 1
1216609 1
1260737 1
1294065 1
1328897 1
1362409 1
1415369 1
1422989 1
1430941 1
