N J h mean_R_sq err_mean_R_sq mean_R_gyr_sq err_mean_R_gyr_sq 
700 1.345 0 2844.83 70.8802 474.263 8.62864
1000 3348
1001 3356
1002 3156
1003 3211
1004 3020
1005 3043
1006 2976
1007 2816
1008 2880
1009 2851
1010 2829
1011 2750
1012 2542
1013 2561
1014 2584
1015 2441
1016 2371
1017 2313
1018 2287
1019 2192
1020 2299
1021 2251
1022 2123
1023 2071
1024 2088
1025 1936
1026 1938
1027 1970
1028 1913
1029 1896
1030 1864
1031 1765
1032 1622
1033 1614
1034 1682
1035 1580
1036 1577
1037 1536
1038 1564
1039 1460
1040 1396
1041 1460
1042 1391
1043 1375
1044 1314
1045 1313
1046 1329
1047 1250
1048 1205
1049 1193
1050 1168
1051 1109
1052 1139
1053 1117
1054 1074
1055 1036
1056 1017
1057 957
1058 1004
1059 1003
1060 908
1061 900
1062 898
1063 903
1064 882
1065 827
1066 842
1067 827
1068 802
1069 700
1070 741
1071 677
1072 730
1073 686
1074 664
1075 699
1076 644
1077 664
1078 618
1079 591
1080 622
1081 574
1082 600
1083 537
1084 560
1085 574
1086 516
1087 513
1088 500
1089 482
1090 471
1091 523
1092 479
1093 447
1094 448
1095 395
1096 397
1097 417
1098 405
1099 405
1100 370
1101 358
1102 387
1103 346
1104 355
1105 344
1106 312
1107 310
1108 293
1109 331
1110 314
1111 274
1112 271
1113 318
1114 319
1115 280
1116 268
1117 242
1118 225
1119 230
1120 261
1121 253
1122 227
1123 240
1124 224
1125 226
1126 207
1127 203
1128 196
1129 180
1130 188
1131 187
1132 192
1133 160
1134 183
1135 174
1136 136
1137 160
1138 152
1139 134
1140 120
1141 161
1142 137
1143 142
1144 110
1145 140
1146 143
1147 109
1148 113
1149 105
1150 128
1151 119
1152 97
1153 106
1154 112
1155 121
1156 99
1157 87
1158 89
1159 89
1160 83
1161 71
1162 67
1163 77
1164 69
1165 75
1166 71
1167 64
1168 79
1169 68
1170 76
1171 64
1172 63
1173 80
1174 49
1175 61
1176 47
1177 62
1178 62
1179 53
1180 45
1181 55
1182 44
1183 47
1184 67
1185 47
1186 50
1187 40
1188 39
1189 48
1190 31
1191 47
1192 51
1193 40
1194 44
1195 29
1196 28
1197 37
1198 37
1199 36
1200 46
1201 30
1202 24
1203 23
1204 28
1205 27
1206 26
1207 39
1208 26
1209 25
1210 24
1211 23
1212 29
1213 27
1214 24
1215 20
1216 21
1217 13
1218 22
1219 15
1220 20
1221 5
1222 15
1223 14
1224 16
1225 18
1226 21
1227 18
1228 16
1229 11
1230 9
1231 16
1232 12
1233 11
1234 17
1235 14
1236 15
1237 15
1238 11
1239 9
1240 8
1241 5
1242 9
1243 8
1244 11
1245 9
1246 13
1247 8
1248 13
1249 7
1250 4
1251 9
1252 8
1253 5
1254 5
1255 7
1256 6
1257 6
1258 6
1259 7
1260 9
1261 7
1262 4
1263 4
1265 7
1266 8
1267 6
1268 3
1269 8
1270 3
1271 7
1272 5
1273 4
1274 8
1275 4
1276 2
1277 4
1278 1
1279 3
1280 3
1281 2
1282 5
1283 3
1284 2
1285 6
1286 2
1288 4
1289 1
1291 2
1292 2
1293 1
1294 3
1295 4
1296 1
1297 1
1298 3
1299 1
1301 1
1302 2
1303 1
1304 1
1305 1
1306 1
1308 3
1309 2
1311 1
1313 2
1314 1
1316 1
1317 1
1319 2
1320 1
1324 2
1325 1
1326 2
1328 2
1329 1
1330 1
1334 1
1336 1
1338 1
1339 1
1340 2
1343 1
1344 3
1345 1
1349 2
1351 1
1364 1
1366 1
1369 1
1375 1
1381 1
1386 1
1390 1
1405 1
1418 1
