N J h mean_R_sq err_mean_R_sq mean_R_gyr_sq err_mean_R_gyr_sq 
700 1.375 0 1972.95 59.0657 358.383 7.20273
361 1
367 1
372 1
384 1
394 1
401 1
409 1
411 1
413 1
414 1
416 1
418 4
420 2
421 1
424 2
425 1
426 1
427 1
429 1
431 1
434 1
435 1
436 3
437 1
438 1
439 1
441 1
442 1
443 1
444 2
445 3
446 1
447 3
448 1
449 1
450 3
451 2
452 2
453 3
455 1
456 1
458 4
459 5
461 1
462 1
463 2
464 4
465 3
466 1
467 1
468 2
469 2
470 3
471 4
472 7
473 2
474 2
475 3
476 2
477 3
478 3
479 2
480 4
481 4
482 4
484 7
485 4
486 6
487 6
488 7
489 2
490 3
491 1
492 7
493 1
494 3
495 6
497 5
498 4
499 8
500 7
501 4
502 12
503 4
504 5
505 9
506 9
507 2
508 4
509 8
510 12
511 8
512 4
513 7
514 10
515 5
516 8
517 4
518 8
519 7
520 7
521 8
522 10
523 8
524 5
525 7
526 12
527 10
528 11
529 8
530 12
531 7
532 8
533 10
534 7
535 9
536 9
537 10
538 16
539 13
540 18
541 11
542 12
543 11
544 11
545 11
546 12
547 9
548 10
549 9
550 16
551 14
552 15
553 11
554 15
555 19
556 20
557 14
558 15
559 14
560 16
561 12
562 11
563 25
564 15
565 11
566 23
567 23
568 22
569 18
570 18
571 7
572 15
573 21
574 20
575 17
576 15
577 21
578 23
579 21
580 13
581 25
582 19
583 17
584 22
585 23
586 30
587 28
588 26
589 23
590 25
591 28
592 17
593 35
594 33
595 32
596 31
597 20
598 27
599 22
600 17
601 29
602 35
603 21
604 28
605 31
606 31
607 23
608 30
609 23
610 32
611 34
612 23
613 32
614 34
615 33
616 33
617 36
618 35
619 30
620 38
621 39
622 37
623 46
624 47
625 36
626 40
627 36
628 41
629 59
630 45
631 37
632 34
633 53
634 32
635 50
636 41
637 39
638 42
639 40
640 41
641 47
642 53
643 55
644 58
645 43
646 37
647 58
648 54
649 62
650 41
651 57
652 51
653 47
654 45
655 51
656 64
657 44
658 65
659 66
660 70
661 55
662 65
663 63
664 59
665 47
666 64
667 64
668 66
669 66
670 71
671 50
672 70
673 67
674 61
675 68
676 71
677 67
678 68
679 54
680 64
681 72
682 49
683 79
684 72
685 77
686 73
687 72
688 79
689 95
690 77
691 74
692 86
693 93
694 70
695 71
696 77
697 82
698 78
699 83
700 98
701 86
702 95
703 83
704 73
705 90
706 86
707 73
708 92
709 83
710 96
711 90
712 83
713 98
714 74
715 99
716 95
717 113
718 94
719 99
720 110
721 102
722 96
723 106
724 103
725 98
726 111
727 106
728 129
729 88
730 98
731 108
732 110
733 123
734 101
735 96
736 111
737 114
738 124
739 115
740 114
741 121
742 107
743 127
744 105
745 119
746 121
747 120
748 118
749 114
750 114
751 108
752 126
753 136
754 113
755 134
756 126
757 125
758 138
759 132
760 151
761 132
762 120
763 139
764 140
765 136
766 139
767 128
768 137
769 150
770 134
771 132
772 146
773 141
774 171
775 140
776 159
777 153
778 153
779 137
780 146
781 143
782 141
783 146
784 132
785 144
786 161
787 142
788 163
789 159
790 183
791 179
792 156
793 140
794 154
795 153
796 153
797 185
798 175
799 165
800 162
801 186
802 170
803 166
804 154
805 181
806 162
807 180
808 184
809 158
810 188
811 159
812 176
813 147
814 165
815 191
816 169
817 158
818 190
819 153
820 173
821 178
822 205
823 181
824 172
825 200
826 192
827 175
828 215
829 182
830 198
831 201
832 183
833 204
834 209
835 196
836 174
837 196
838 213
839 209
840 206
841 216
842 211
843 197
844 202
845 239
846 192
847 208
848 223
849 200
850 205
851 231
852 247
853 238
854 225
855 218
856 231
857 236
858 234
859 234
860 216
861 235
862 239
863 205
864 225
865 234
866 239
867 190
868 249
869 224
870 231
871 217
872 217
873 235
874 235
875 197
876 223
877 238
878 231
879 256
880 240
881 221
882 234
883 240
884 226
885 231
886 234
887 233
888 220
889 248
890 231
891 266
892 224
893 230
894 241
895 231
896 234
897 245
898 263
899 231
900 255
901 238
902 248
903 264
904 246
905 243
906 257
907 256
908 271
909 234
910 264
911 267
912 251
913 263
914 275
915 267
916 270
917 248
918 273
919 273
920 250
921 280
922 295
923 277
924 252
925 252
926 247
927 263
928 249
929 275
930 245
931 300
932 271
933 269
934 287
935 250
936 281
937 262
938 288
939 272
940 290
941 272
942 276
943 261
944 278
945 263
946 263
947 264
948 279
949 265
950 280
951 257
952 257
953 293
954 262
955 258
956 277
957 266
958 260
959 262
960 302
961 284
962 291
963 288
964 280
965 300
966 264
967 289
968 285
969 272
970 297
971 274
972 299
973 264
974 292
975 254
976 258
977 266
978 291
979 287
980 292
981 297
982 278
983 300
984 298
985 270
986 285
987 313
988 265
989 311
990 280
991 285
992 285
993 271
994 315
995 292
996 269
997 299
998 294
999 290
1000 294
1001 268
1002 295
1003 292
1004 304
1005 304
1006 293
1007 270
1008 272
1009 315
1010 262
1011 310
1012 276
1013 269
1014 280
1015 297
1016 265
1017 284
1018 291
1019 278
1020 262
1021 283
1022 280
1023 272
1024 280
1025 286
1026 295
1027 289
1028 295
1029 314
1030 285
1031 301
1032 283
1033 268
1034 278
1035 283
1036 287
1037 256
1038 285
1039 262
1040 271
1041 300
1042 274
1043 265
1044 247
1045 254
1046 272
1047 250
1048 283
1049 294
1050 241
1051 275
1052 281
1053 286
1054 264
1055 271
1056 259
1057 284
1058 287
1059 307
1060 243
1061 299
1062 271
1063 272
1064 253
1065 262
1066 275
1067 271
1068 244
1069 244
1070 258
1071 256
1072 285
1073 281
1074 236
1075 270
1076 272
1077 278
1078 274
1079 301
1080 252
1081 271
1082 254
1083 301
1084 239
1085 248
1086 221
1087 275
1088 239
1089 262
1090 253
1091 254
1092 245
1093 254
1094 244
1095 277
1096 229
1097 275
1098 259
1099 215
1100 252
1101 254
1102 236
1103 260
1104 243
1105 259
1106 266
1107 232
1108 243
1109 235
1110 216
1111 238
1112 234
1113 253
1114 232
1115 248
1116 254
1117 250
1118 260
1119 237
1120 239
1121 240
1122 215
1123 225
1124 229
1125 230
1126 226
1127 215
1128 225
1129 238
1130 206
1131 245
1132 200
1133 222
1134 238
1135 197
1136 223
1137 234
1138 218
1139 176
1140 203
1141 210
1142 223
1143 204
1144 225
1145 201
1146 211
1147 229
1148 198
1149 201
1150 209
1151 216
1152 193
1153 191
1154 214
1155 194
1156 222
1157 160
1158 193
1159 193
1160 193
1161 194
1162 170
1163 185
1164 176
1165 198
1166 155
1167 214
1168 200
1169 193
1170 202
1171 179
1172 177
1173 200
1174 177
1175 171
1176 198
1177 177
1178 165
1179 174
1180 203
1181 175
1182 175
1183 164
1184 182
1185 182
1186 178
1187 178
1188 182
1189 173
1190 197
1191 167
1192 180
1193 173
1194 189
1195 172
1196 151
1197 186
1198 167
1199 156
1200 160
1201 169
1202 152
1203 173
1204 172
1205 133
1206 167
1207 156
1208 170
1209 172
1210 148
1211 163
1212 147
1213 159
1214 158
1215 149
1216 127
1217 134
1218 148
1219 149
1220 150
1221 137
1222 157
1223 138
1224 115
1225 151
1226 128
1227 120
1228 147
1229 156
1230 127
1231 145
1232 154
1233 124
1234 138
1235 140
1236 134
1237 122
1238 133
1239 145
1240 145
1241 128
1242 136
1243 132
1244 126
1245 110
1246 117
1247 125
1248 125
1249 128
1250 143
1251 115
1252 120
1253 135
1254 112
1255 123
1256 100
1257 119
1258 99
1259 114
1260 100
1261 116
1262 95
1263 103
1264 109
1265 114
1266 121
1267 117
1268 104
1269 116
1270 90
1271 91
1272 92
1273 103
1274 95
1275 110
1276 104
1277 111
1278 104
1279 103
1280 115
1281 101
1282 100
1283 97
1284 97
1285 96
1286 89
1287 84
1288 94
1289 85
1290 90
1291 114
1292 91
1293 83
1294 74
1295 95
1296 81
1297 72
1298 76
1299 64
1300 66
1301 84
1302 79
1303 78
1304 87
1305 72
1306 81
1307 93
1308 99
1309 63
1310 75
1311 69
1312 63
1313 89
1314 74
1315 56
1316 66
1317 79
1318 67
1319 68
1320 64
1321 69
1322 75
1323 54
1324 67
1325 67
1326 62
1327 52
1328 63
1329 61
1330 68
1331 65
1332 57
1333 53
1334 56
1335 53
1336 61
1337 65
1338 59
1339 46
1340 61
1341 63
1342 52
1343 40
1344 52
1345 50
1346 53
1347 40
1348 41
1349 47
1350 59
1351 47
1352 54
1353 36
1354 52
1355 48
1356 41
1357 31
1358 49
1359 43
1360 45
1361 44
1362 53
1363 46
1364 54
1365 37
1366 38
1367 41
1368 40
1369 37
1370 34
1371 36
1372 38
1373 47
1374 37
1375 31
1376 28
1377 25
1378 26
1379 31
1380 36
1381 47
1382 36
1383 24
1384 35
1385 35
1386 49
1387 32
1388 38
1389 37
1390 25
1391 30
1392 33
1393 35
1394 24
1395 25
1396 27
1397 29
1398 19
1399 32
1400 33
1401 32
1402 29
1403 32
1404 25
1405 29
1406 34
1407 29
1408 35
1409 25
1410 19
1411 32
1412 39
1413 22
1414 20
1415 20
1416 16
1417 20
1418 28
1419 22
1420 21
1421 24
1422 14
1423 12
1424 17
1425 33
1426 25
1427 28
1428 17
1429 16
1430 13
1431 18
1432 16
1433 21
1434 17
1435 14
1436 16
1437 17
1438 24
1439 19
1440 17
1441 18
1442 14
1443 14
1444 14
1445 11
1446 12
1447 16
1448 17
1449 5
1450 16
1451 11
1452 8
1453 9
1454 15
1455 16
1456 16
1457 11
1458 18
1459 18
1460 9
1461 9
1462 11
1463 12
1464 10
1465 7
1466 14
1467 10
1468 7
1469 11
1470 8
1471 10
1472 5
1473 7
1474 10
1475 7
1476 6
1477 9
1478 13
1479 5
1480 8
1481 6
1482 5
1483 4
1484 3
1485 9
1486 6
1487 6
1488 8
1489 8
1490 8
1491 8
1492 4
1493 6
1494 6
1495 5
1496 4
1497 7
1498 6
1499 7
1500 8
1501 2
1502 4
1503 2
1504 7
1505 6
1506 4
1507 3
1508 8
1509 5
1510 4
1511 5
1512 4
1513 7
1514 6
1515 3
1516 3
1517 3
1518 2
1519 3
1520 4
1521 4
1522 3
1523 2
1524 3
1525 3
1526 4
1527 4
1528 4
1529 2
1530 3
1531 2
1532 1
1533 2
1534 2
1535 4
1536 2
1537 1
1538 2
1539 1
1540 3
1541 3
1543 2
1544 1
1545 3
1546 3
1547 1
1548 2
1549 3
1550 2
1552 3
1553 3
1554 4
1555 3
1556 2
1557 1
1559 4
1560 1
1561 1
1562 3
1563 1
1564 1
1565 1
1567 1
1568 1
1569 2
1570 2
1571 1
1572 2
1573 1
1575 1
1577 1
1578 1
1580 3
1583 1
1586 1
1587 1
1590 1
1594 1
1596 1
1598 1
1601 1
1610 1
1615 1
1617 1
1627 1
1672 1
