N J h mean_R_sq err_mean_R_sq mean_R_gyr_sq err_mean_R_gyr_sq 
500 1.39 0 1167.07 24.9318 220.256 3.05284
283 1
300 1
303 1
318 1
323 2
324 1
337 2
339 1
343 3
346 2
348 1
350 4
352 1
356 2
359 1
361 1
364 3
365 1
366 1
367 2
368 1
370 1
371 2
375 1
376 1
377 1
378 1
379 1
381 2
382 1
383 1
384 2
386 2
387 4
388 2
389 2
390 3
391 6
392 2
393 2
394 5
395 3
396 2
397 2
398 2
399 3
400 1
401 3
402 3
403 1
405 3
406 2
407 3
408 2
409 1
410 2
411 4
412 2
413 4
414 6
415 6
416 4
417 4
418 3
419 4
420 11
421 10
422 5
423 10
424 10
425 5
426 6
427 8
428 8
429 9
430 10
431 7
432 7
433 6
434 7
435 3
436 5
437 6
438 9
439 6
440 5
441 8
442 7
443 8
444 6
445 5
446 4
447 14
448 10
449 13
450 7
451 8
452 8
453 15
454 11
455 11
456 14
457 12
458 14
459 6
460 15
461 9
462 5
463 9
464 9
465 16
466 9
467 13
468 14
469 11
470 11
471 16
472 11
473 13
474 16
475 13
476 20
477 18
478 16
479 8
480 9
481 8
482 10
483 21
484 10
485 7
486 12
487 13
488 17
489 16
490 16
491 13
492 18
493 18
494 20
495 24
496 18
497 18
498 17
499 15
500 15
501 16
502 16
503 21
504 27
505 15
506 21
507 30
508 22
509 27
510 20
511 24
512 22
513 19
514 21
515 28
516 33
517 25
518 20
519 27
520 27
521 21
522 24
523 24
524 30
525 22
526 24
527 28
528 31
529 25
530 22
531 32
532 28
533 28
534 32
535 27
536 40
537 28
538 38
539 32
540 30
541 32
542 27
543 33
544 43
545 35
546 37
547 35
548 29
549 39
550 32
551 38
552 34
553 36
554 40
555 50
556 47
557 51
558 40
559 34
560 41
561 49
562 50
563 34
564 36
565 35
566 38
567 52
568 43
569 41
570 40
571 37
572 40
573 35
574 44
575 49
576 30
577 42
578 56
579 47
580 51
581 42
582 45
583 37
584 41
585 54
586 41
587 37
588 55
589 61
590 54
591 62
592 56
593 64
594 62
595 46
596 71
597 49
598 60
599 63
600 71
601 58
602 59
603 74
604 53
605 60
606 60
607 59
608 62
609 62
610 56
611 68
612 80
613 66
614 52
615 54
616 60
617 69
618 62
619 71
620 52
621 73
622 65
623 58
624 71
625 66
626 64
627 64
628 64
629 79
630 77
631 70
632 86
633 62
634 76
635 74
636 74
637 76
638 94
639 80
640 69
641 83
642 85
643 90
644 97
645 69
646 75
647 90
648 86
649 74
650 90
651 71
652 87
653 81
654 90
655 75
656 77
657 84
658 90
659 91
660 75
661 106
662 94
663 81
664 88
665 79
666 88
667 77
668 81
669 84
670 94
671 99
672 78
673 93
674 90
675 97
676 102
677 92
678 100
679 96
680 91
681 102
682 99
683 105
684 101
685 111
686 109
687 121
688 130
689 124
690 101
691 97
692 124
693 129
694 103
695 102
696 127
697 126
698 118
699 109
700 115
701 121
702 98
703 134
704 111
705 129
706 99
707 126
708 117
709 95
710 147
711 137
712 115
713 119
714 133
715 119
716 121
717 110
718 135
719 127
720 131
721 122
722 131
723 139
724 141
725 126
726 136
727 129
728 155
729 127
730 137
731 123
732 160
733 134
734 136
735 134
736 125
737 130
738 138
739 133
740 133
741 139
742 143
743 149
744 137
745 126
746 136
747 164
748 136
749 140
750 152
751 133
752 122
753 164
754 137
755 142
756 145
757 147
758 149
759 174
760 138
761 151
762 144
763 142
764 171
765 180
766 151
767 156
768 182
769 177
770 172
771 157
772 157
773 160
774 149
775 154
776 156
777 151
778 158
779 187
780 157
781 138
782 173
783 172
784 206
785 163
786 156
787 193
788 158
789 172
790 156
791 197
792 174
793 162
794 161
795 178
796 168
797 196
798 200
799 173
800 166
801 183
802 176
803 205
804 194
805 185
806 179
807 191
808 174
809 200
810 176
811 184
812 187
813 182
814 197
815 194
816 172
817 207
818 194
819 190
820 177
821 192
822 186
823 173
824 185
825 168
826 187
827 194
828 194
829 180
830 201
831 224
832 214
833 172
834 195
835 235
836 172
837 195
838 186
839 219
840 183
841 191
842 184
843 207
844 244
845 187
846 194
847 208
848 201
849 175
850 199
851 209
852 218
853 212
854 198
855 205
856 232
857 216
858 185
859 195
860 186
861 213
862 212
863 243
864 210
865 198
866 226
867 205
868 209
869 193
870 194
871 211
872 202
873 215
874 215
875 244
876 232
877 237
878 240
879 207
880 228
881 256
882 244
883 209
884 211
885 215
886 226
887 238
888 219
889 206
890 231
891 221
892 219
893 194
894 221
895 238
896 214
897 205
898 246
899 222
900 216
901 202
902 221
903 237
904 232
905 260
906 223
907 220
908 223
909 210
910 205
911 235
912 240
913 214
914 208
915 250
916 209
917 240
918 238
919 201
920 232
921 238
922 223
923 253
924 239
925 215
926 227
927 218
928 219
929 241
930 266
931 240
932 232
933 229
934 201
935 236
936 217
937 204
938 262
939 233
940 258
941 225
942 237
943 257
944 252
945 237
946 220
947 240
948 243
949 239
950 245
951 220
952 254
953 234
954 226
955 244
956 260
957 237
958 252
959 243
960 226
961 223
962 275
963 207
964 270
965 225
966 258
967 259
968 249
969 256
970 236
971 225
972 249
973 254
974 214
975 242
976 241
977 213
978 230
979 258
980 266
981 248
982 240
983 254
984 252
985 263
986 249
987 245
988 285
989 250
990 223
991 259
992 240
993 225
994 230
995 244
996 238
997 227
998 247
999 262
1000 248
1001 265
1002 256
1003 252
1004 245
1005 232
1006 240
1007 244
1008 242
1009 206
1010 232
1011 227
1012 260
1013 258
1014 262
1015 248
1016 225
1017 226
1018 246
1019 209
1020 266
1021 244
1022 250
1023 239
1024 249
1025 239
1026 249
1027 246
1028 241
1029 252
1030 232
1031 255
1032 249
1033 268
1034 240
1035 220
1036 234
1037 238
1038 231
1039 258
1040 234
1041 230
1042 232
1043 234
1044 226
1045 224
1046 220
1047 243
1048 245
1049 232
1050 239
1051 243
1052 257
1053 214
1054 232
1055 244
1056 245
1057 236
1058 204
1059 259
1060 225
1061 256
1062 280
1063 183
1064 244
1065 243
1066 223
1067 236
1068 239
1069 230
1070 222
1071 224
1072 256
1073 251
1074 267
1075 241
1076 222
1077 219
1078 213
1079 212
1080 240
1081 236
1082 206
1083 250
1084 230
1085 227
1086 204
1087 237
1088 218
1089 216
1090 235
1091 224
1092 195
1093 217
1094 220
1095 221
1096 226
1097 225
1098 218
1099 218
1100 241
1101 204
1102 217
1103 235
1104 248
1105 237
1106 221
1107 188
1108 234
1109 215
1110 229
1111 213
1112 208
1113 223
1114 194
1115 235
1116 233
1117 219
1118 206
1119 207
1120 217
1121 233
1122 215
1123 240
1124 194
1125 221
1126 199
1127 206
1128 211
1129 207
1130 237
1131 185
1132 204
1133 207
1134 211
1135 210
1136 216
1137 220
1138 188
1139 213
1140 186
1141 206
1142 204
1143 218
1144 217
1145 218
1146 194
1147 218
1148 207
1149 187
1150 187
1151 205
1152 229
1153 203
1154 201
1155 200
1156 205
1157 178
1158 211
1159 201
1160 202
1161 203
1162 193
1163 198
1164 212
1165 210
1166 196
1167 187
1168 200
1169 163
1170 204
1171 188
1172 171
1173 193
1174 185
1175 218
1176 183
1177 170
1178 197
1179 182
1180 173
1181 187
1182 182
1183 173
1184 181
1185 192
1186 190
1187 194
1188 171
1189 190
1190 190
1191 189
1192 171
1193 158
1194 162
1195 156
1196 186
1197 188
1198 169
1199 188
1200 189
1201 178
1202 161
1203 193
1204 173
1205 155
1206 151
1207 173
1208 173
1209 160
1210 170
1211 171
1212 183
1213 184
1214 183
1215 159
1216 161
1217 151
1218 165
1219 154
1220 178
1221 158
1222 169
1223 139
1224 148
1225 187
1226 137
1227 146
1228 163
1229 160
1230 162
1231 167
1232 174
1233 161
1234 159
1235 173
1236 162
1237 153
1238 151
1239 161
1240 136
1241 155
1242 150
1243 159
1244 153
1245 143
1246 154
1247 150
1248 148
1249 156
1250 131
1251 141
1252 148
1253 132
1254 131
1255 109
1256 146
1257 142
1258 150
1259 153
1260 132
1261 136
1262 148
1263 133
1264 143
1265 153
1266 150
1267 120
1268 145
1269 131
1270 104
1271 134
1272 149
1273 107
1274 134
1275 137
1276 128
1277 113
1278 125
1279 135
1280 144
1281 121
1282 130
1283 119
1284 127
1285 119
1286 119
1287 117
1288 110
1289 131
1290 132
1291 120
1292 120
1293 148
1294 117
1295 126
1296 120
1297 101
1298 129
1299 107
1300 118
1301 110
1302 119
1303 120
1304 100
1305 106
1306 114
1307 116
1308 133
1309 87
1310 133
1311 98
1312 93
1313 93
1314 102
1315 104
1316 95
1317 79
1318 98
1319 105
1320 101
1321 95
1322 93
1323 110
1324 78
1325 104
1326 84
1327 86
1328 94
1329 94
1330 99
1331 79
1332 86
1333 94
1334 93
1335 105
1336 79
1337 98
1338 87
1339 79
1340 86
1341 82
1342 86
1343 92
1344 97
1345 79
1346 102
1347 97
1348 101
1349 90
1350 78
1351 74
1352 65
1353 85
1354 89
1355 58
1356 75
1357 96
1358 72
1359 92
1360 77
1361 79
1362 80
1363 88
1364 62
1365 66
1366 77
1367 90
1368 86
1369 61
1370 82
1371 72
1372 65
1373 59
1374 82
1375 53
1376 67
1377 80
1378 67
1379 62
1380 75
1381 70
1382 77
1383 64
1384 57
1385 61
1386 74
1387 63
1388 73
1389 67
1390 63
1391 55
1392 65
1393 52
1394 59
1395 61
1396 42
1397 67
1398 41
1399 50
1400 61
1401 42
1402 64
1403 54
1404 52
1405 53
1406 50
1407 65
1408 43
1409 58
1410 70
1411 44
1412 49
1413 33
1414 58
1415 46
1416 57
1417 49
1418 43
1419 56
1420 49
1421 51
1422 39
1423 46
1424 38
1425 44
1426 47
1427 54
1428 46
1429 46
1430 51
1431 54
1432 48
1433 38
1434 38
1435 34
1436 45
1437 50
1438 40
1439 46
1440 37
1441 34
1442 45
1443 34
1444 45
1445 43
1446 46
1447 44
1448 46
1449 41
1450 39
1451 29
1452 26
1453 36
1454 41
1455 36
1456 30
1457 35
1458 19
1459 33
1460 35
1461 35
1462 32
1463 34
1464 39
1465 25
1466 28
1467 30
1468 23
1469 26
1470 25
1471 32
1472 30
1473 29
1474 22
1475 24
1476 31
1477 21
1478 24
1479 28
1480 25
1481 15
1482 28
1483 21
1484 22
1485 26
1486 29
1487 16
1488 18
1489 22
1490 23
1491 19
1492 29
1493 19
1494 20
1495 8
1496 16
1497 18
1498 12
1499 15
1500 21
1501 22
1502 17
1503 17
1504 24
1505 18
1506 16
1507 10
1508 19
1509 23
1510 17
1511 16
1512 13
1513 11
1514 16
1515 21
1516 20
1517 13
1518 14
1519 12
1520 17
1521 14
1522 10
1523 14
1524 24
1525 11
1526 14
1527 17
1528 15
1529 13
1530 11
1531 18
1532 9
1533 11
1534 6
1535 14
1536 14
1537 18
1538 8
1539 7
1540 16
1541 7
1542 10
1543 12
1544 8
1545 7
1546 6
1547 5
1548 9
1549 5
1550 13
1551 6
1552 9
1553 6
1554 8
1555 7
1556 10
1557 5
1558 7
1559 7
1560 8
1561 4
1562 7
1563 7
1564 7
1565 14
1566 2
1567 4
1569 5
1570 7
1571 4
1572 7
1573 3
1574 7
1575 7
1576 5
1577 7
1578 4
1579 7
1580 7
1581 8
1582 7
1583 6
1584 9
1585 1
1586 2
1587 6
1588 1
1589 3
1590 5
1591 3
1592 4
1593 2
1594 1
1595 2
1596 3
1597 2
1598 3
1599 2
1600 2
1601 4
1602 2
1603 2
1604 1
1605 5
1606 4
1607 2
1609 1
1610 2
1612 3
1614 3
1615 4
1616 1
1617 1
1618 2
1619 2
1621 3
1622 3
1623 1
1624 1
1625 1
1626 1
1628 2
1629 1
1630 1
1631 1
1632 1
1633 1
1634 2
1637 1
1638 1
1639 1
1641 3
1642 3
1643 1
1644 2
1645 1
1646 1
1650 1
1651 1
1653 1
1655 1
1658 1
1660 1
1664 1
1666 1
1667 1
1669 2
1670 1
1682 1
1685 1
1698 1
1701 1
