N J h mean_R_sq err_mean_R_sq mean_R_gyr_sq err_mean_R_gyr_sq 
500 1.375 0 1395.2 24.8812 251.589 3.00439
2838 1
2842 1
2849 2
2854 2
2860 1
2868 1
2869 1
2870 1
2872 2
2874 1
2875 2
2877 1
2879 1
2880 2
2882 1
2883 3
2885 1
2886 2
2887 2
2888 1
2889 3
2890 1
2891 1
2892 3
2894 2
2896 5
2898 1
2899 2
2900 5
2901 3
2902 3
2903 2
2904 1
2905 4
2906 3
2907 4
2908 6
2909 6
2910 6
2911 5
2912 6
2913 5
2914 9
2915 8
2916 9
2917 11
2918 9
2919 6
2920 12
2921 7
2922 11
2923 11
2924 15
2925 13
2926 15
2927 16
2928 13
2929 14
2930 17
2931 14
2932 19
2933 15
2934 17
2935 20
2936 15
2937 22
2938 22
2939 23
2940 24
2941 28
2942 29
2943 32
2944 25
2945 30
2946 31
2947 27
2948 39
2949 38
2950 35
2951 35
2952 35
2953 23
2954 52
2955 44
2956 48
2957 59
2958 59
2959 51
2960 55
2961 68
2962 63
2963 57
2964 63
2965 72
2966 71
2967 70
2968 87
2969 87
2970 89
2971 83
2972 71
2973 91
2974 80
2975 100
2976 87
2977 101
2978 99
2979 111
2980 116
2981 137
2982 112
2983 125
2984 125
2985 144
2986 134
2987 127
2988 140
2989 150
2990 162
2991 150
2992 152
2993 182
2994 167
2995 203
2996 186
2997 176
2998 185
2999 229
3000 240
3001 247
3002 246
3003 249
3004 264
3005 198
3006 284
3007 272
3008 254
3009 279
3010 262
3011 289
3012 253
3013 332
3014 311
3015 306
3016 343
3017 335
3018 352
3019 324
3020 323
3021 336
3022 345
3023 374
3024 380
3025 408
3026 401
3027 386
3028 439
3029 431
3030 479
3031 441
3032 453
3033 436
3034 429
3035 450
3036 449
3037 522
3038 505
3039 507
3040 524
3041 567
3042 540
3043 555
3044 565
3045 561
3046 609
3047 573
3048 598
3049 583
3050 569
3051 622
3052 616
3053 642
3054 605
3055 724
3056 602
3057 695
3058 698
3059 678
3060 767
3061 650
3062 733
3063 759
3064 751
3065 733
3066 721
3067 784
3068 759
3069 787
3070 765
3071 834
3072 803
3073 843
3074 756
3075 779
3076 843
3077 812
3078 831
3079 866
3080 838
3081 824
3082 878
3083 852
3084 906
3085 864
3086 934
3087 923
3088 934
3089 906
3090 855
3091 939
3092 867
3093 942
3094 926
3095 925
3096 931
3097 954
3098 971
3099 961
3100 942
3101 939
3102 947
3103 990
3104 1014
3105 934
3106 952
3107 932
3108 961
3109 1000
3110 1005
3111 963
3112 998
3113 974
3114 960
3115 1005
3116 983
3117 984
3118 977
3119 938
3120 959
3121 956
3122 1056
3123 970
3124 948
3125 960
3126 946
3127 896
3128 911
3129 910
3130 950
3131 911
3132 955
3133 954
3134 930
3135 915
3136 897
3137 948
3138 884
3139 833
3140 856
3141 883
3142 915
3143 881
3144 917
3145 854
3146 849
3147 803
3148 802
3149 895
3150 851
3151 779
3152 815
3153 746
3154 796
3155 742
3156 828
3157 763
3158 723
3159 821
3160 768
3161 714
3162 764
3163 707
3164 684
3165 726
3166 705
3167 685
3168 672
3169 696
3170 651
3171 651
3172 635
3173 654
3174 623
3175 619
3176 587
3177 628
3178 634
3179 575
3180 572
3181 587
3182 583
3183 575
3184 555
3185 556
3186 543
3187 511
3188 507
3189 517
3190 470
3191 463
3192 497
3193 498
3194 471
3195 443
3196 471
3197 471
3198 409
3199 404
3200 378
3201 398
3202 381
3203 365
3204 383
3205 332
3206 392
3207 356
3208 348
3209 331
3210 310
3211 344
3212 320
3213 326
3214 299
3215 319
3216 281
3217 294
3218 302
3219 283
3220 250
3221 243
3222 281
3223 224
3224 237
3225 244
3226 209
3227 209
3228 182
3229 203
3230 196
3231 175
3232 172
3233 193
3234 158
3235 169
3236 187
3237 177
3238 167
3239 176
3240 150
3241 152
3242 132
3243 147
3244 105
3245 141
3246 125
3247 124
3248 120
3249 117
3250 101
3251 103
3252 103
3253 93
3254 94
3255 88
3256 102
3257 94
3258 92
3259 80
3260 77
3261 72
3262 74
3263 90
3264 77
3265 53
3266 67
3267 63
3268 55
3269 56
3270 47
3271 45
3272 43
3273 55
3274 31
3275 43
3276 31
3277 46
3278 52
3279 48
3280 41
3281 32
3282 33
3283 44
3284 37
3285 31
3286 25
3287 38
3288 29
3289 23
3290 30
3291 20
3292 31
3293 18
3294 15
3295 19
3296 23
3297 23
3298 16
3299 14
3300 13
3301 13
3302 15
3303 17
3304 18
3305 12
3306 10
3307 11
3308 9
3309 7
3310 7
3311 11
3312 5
3313 7
3314 10
3315 3
3316 4
3317 8
3318 8
3319 5
3320 6
3321 6
3322 5
3323 9
3324 7
3325 5
3326 4
3327 5
3328 1
3329 3
3330 4
3331 2
3332 3
3333 6
3334 2
3335 1
3337 2
3338 1
3339 4
3340 3
3341 5
3342 2
3344 2
3345 1
3348 2
3350 2
3351 1
3352 3
3353 2
3354 2
3355 2
3358 1
3368 1
3374 1
3378 1
3379 1
3398 1
