N J h mean_R_sq err_mean_R_sq mean_R_gyr_sq err_mean_R_gyr_sq 
700 1.33 0 3273.47 74.9324 525.216 8.75163
475 1
484 1
486 1
489 1
490 1
498 1
501 1
502 1
503 1
504 1
506 1
508 1
510 1
512 1
513 1
517 1
520 1
523 1
533 2
535 1
537 3
538 1
539 1
540 1
541 1
542 1
543 1
545 2
547 2
548 3
549 2
550 1
551 3
552 1
553 3
555 2
557 4
558 1
559 1
560 2
561 2
562 2
563 1
564 2
566 1
569 1
570 1
571 1
572 6
573 1
574 2
575 3
576 3
578 4
579 3
580 2
581 4
583 4
584 1
586 7
587 5
588 4
589 2
590 4
591 3
592 3
593 2
594 3
595 8
596 1
597 5
598 3
599 1
600 2
601 6
602 7
603 7
604 10
605 4
606 4
607 4
608 4
609 6
610 5
611 5
612 5
613 7
614 6
615 8
616 8
617 8
618 7
619 9
620 7
621 8
622 5
623 6
624 8
625 5
626 15
627 8
628 9
629 16
630 10
631 7
632 11
633 13
634 16
635 13
636 13
637 7
638 9
639 9
640 8
641 16
642 13
643 11
644 13
645 13
646 8
647 12
648 22
649 10
650 12
651 14
652 17
653 11
654 23
655 15
656 18
657 20
658 22
659 20
660 20
661 19
662 15
663 17
664 31
665 21
666 25
667 17
668 23
669 24
670 18
671 28
672 27
673 16
674 23
675 28
676 22
677 25
678 25
679 32
680 28
681 28
682 24
683 22
684 31
685 29
686 29
687 23
688 29
689 36
690 26
691 26
692 34
693 28
694 23
695 34
696 37
697 44
698 34
699 38
700 39
701 37
702 40
703 31
704 35
705 43
706 39
707 44
708 41
709 49
710 47
711 46
712 54
713 49
714 48
715 57
716 53
717 50
718 61
719 45
720 49
721 60
722 46
723 58
724 60
725 64
726 57
727 51
728 73
729 71
730 56
731 48
732 69
733 62
734 68
735 66
736 72
737 68
738 83
739 63
740 65
741 52
742 83
743 66
744 73
745 79
746 73
747 82
748 94
749 80
750 71
751 101
752 73
753 104
754 78
755 99
756 94
757 86
758 94
759 99
760 124
761 99
762 94
763 111
764 107
765 120
766 105
767 105
768 81
769 100
770 115
771 97
772 118
773 121
774 104
775 94
776 120
777 119
778 118
779 131
780 144
781 134
782 118
783 139
784 118
785 141
786 125
787 119
788 140
789 149
790 148
791 159
792 148
793 133
794 137
795 141
796 115
797 154
798 148
799 153
800 152
801 161
802 152
803 152
804 144
805 164
806 166
807 156
808 190
809 149
810 163
811 177
812 148
813 172
814 155
815 182
816 189
817 194
818 169
819 200
820 160
821 170
822 196
823 192
824 210
825 207
826 186
827 193
828 193
829 208
830 226
831 240
832 213
833 258
834 223
835 214
836 228
837 231
838 212
839 218
840 219
841 210
842 220
843 242
844 255
845 254
846 237
847 248
848 245
849 237
850 212
851 267
852 242
853 309
854 256
855 277
856 232
857 267
858 265
859 266
860 258
861 277
862 301
863 266
864 276
865 291
866 257
867 285
868 285
869 297
870 278
871 277
872 326
873 279
874 302
875 269
876 286
877 300
878 311
879 302
880 279
881 315
882 319
883 319
884 333
885 314
886 331
887 329
888 288
889 357
890 343
891 322
892 335
893 359
894 338
895 310
896 340
897 315
898 332
899 331
900 386
901 342
902 323
903 347
904 357
905 349
906 345
907 343
908 346
909 347
910 392
911 383
912 377
913 364
914 365
915 346
916 379
917 342
918 375
919 380
920 373
921 401
922 407
923 430
924 402
925 433
926 418
927 408
928 420
929 375
930 367
931 399
932 399
933 416
934 422
935 419
936 431
937 407
938 394
939 423
940 412
941 425
942 383
943 393
944 420
945 414
946 440
947 374
948 411
949 415
950 414
951 420
952 423
953 471
954 469
955 428
956 430
957 425
958 447
959 438
960 437
961 427
962 425
963 408
964 445
965 448
966 484
967 436
968 434
969 444
970 458
971 434
972 448
973 423
974 440
975 437
976 423
977 451
978 429
979 416
980 419
981 423
982 431
983 489
984 413
985 427
986 455
987 472
988 481
989 468
990 456
991 460
992 428
993 451
994 451
995 449
996 467
997 426
998 442
999 455
1000 494
1001 455
1002 470
1003 464
1004 464
1005 425
1006 488
1007 439
1008 485
1009 488
1010 451
1011 454
1012 451
1013 459
1014 474
1015 468
1016 458
1017 466
1018 454
1019 454
1020 437
1021 465
1022 457
1023 425
1024 459
1025 453
1026 428
1027 427
1028 457
1029 478
1030 482
1031 395
1032 462
1033 441
1034 427
1035 437
1036 444
1037 428
1038 481
1039 435
1040 444
1041 448
1042 403
1043 451
1044 418
1045 424
1046 394
1047 385
1048 415
1049 422
1050 410
1051 403
1052 386
1053 404
1054 398
1055 415
1056 408
1057 427
1058 455
1059 407
1060 396
1061 433
1062 398
1063 428
1064 388
1065 377
1066 395
1067 425
1068 418
1069 387
1070 427
1071 395
1072 395
1073 396
1074 405
1075 396
1076 400
1077 386
1078 396
1079 404
1080 370
1081 389
1082 367
1083 365
1084 385
1085 357
1086 353
1087 386
1088 361
1089 374
1090 391
1091 374
1092 362
1093 360
1094 407
1095 358
1096 338
1097 362
1098 332
1099 320
1100 334
1101 337
1102 338
1103 317
1104 326
1105 341
1106 327
1107 349
1108 339
1109 350
1110 331
1111 311
1112 328
1113 320
1114 301
1115 314
1116 328
1117 297
1118 299
1119 321
1120 326
1121 314
1122 296
1123 295
1124 292
1125 297
1126 280
1127 273
1128 305
1129 288
1130 296
1131 285
1132 282
1133 286
1134 273
1135 282
1136 287
1137 268
1138 221
1139 269
1140 253
1141 278
1142 269
1143 264
1144 245
1145 255
1146 232
1147 275
1148 241
1149 236
1150 238
1151 248
1152 221
1153 237
1154 250
1155 233
1156 222
1157 235
1158 240
1159 240
1160 231
1161 238
1162 204
1163 232
1164 188
1165 211
1166 192
1167 213
1168 195
1169 209
1170 247
1171 205
1172 211
1173 195
1174 180
1175 196
1176 209
1177 184
1178 169
1179 178
1180 214
1181 193
1182 185
1183 163
1184 189
1185 168
1186 178
1187 174
1188 163
1189 158
1190 160
1191 164
1192 185
1193 186
1194 157
1195 161
1196 163
1197 139
1198 161
1199 135
1200 156
1201 137
1202 155
1203 137
1204 130
1205 134
1206 129
1207 113
1208 153
1209 123
1210 131
1211 111
1212 137
1213 158
1214 129
1215 116
1216 127
1217 135
1218 90
1219 132
1220 111
1221 98
1222 113
1223 97
1224 109
1225 105
1226 124
1227 93
1228 117
1229 114
1230 104
1231 95
1232 104
1233 116
1234 94
1235 113
1236 91
1237 79
1238 84
1239 98
1240 94
1241 87
1242 97
1243 109
1244 102
1245 87
1246 90
1247 80
1248 82
1249 89
1250 71
1251 73
1252 76
1253 81
1254 72
1255 74
1256 69
1257 68
1258 71
1259 55
1260 75
1261 62
1262 61
1263 67
1264 46
1265 57
1266 75
1267 67
1268 58
1269 49
1270 61
1271 46
1272 55
1273 61
1274 62
1275 59
1276 48
1277 47
1278 56
1279 53
1280 54
1281 49
1282 44
1283 52
1284 41
1285 59
1286 50
1287 47
1288 40
1289 52
1290 43
1291 48
1292 47
1293 48
1294 51
1295 46
1296 46
1297 32
1298 40
1299 39
1300 27
1301 34
1302 41
1303 37
1304 40
1305 40
1306 35
1307 38
1308 34
1309 43
1310 29
1311 32
1312 33
1313 30
1314 26
1315 24
1316 22
1317 32
1318 25
1319 25
1320 25
1321 27
1322 23
1323 23
1324 24
1325 25
1326 23
1327 19
1328 23
1329 20
1330 21
1331 21
1332 15
1333 24
1334 24
1335 13
1336 19
1337 12
1338 20
1339 18
1340 19
1341 22
1342 18
1343 12
1344 22
1345 16
1346 15
1347 16
1348 10
1349 8
1350 9
1351 13
1352 14
1353 14
1354 13
1355 12
1356 22
1357 17
1358 12
1359 10
1360 8
1361 7
1362 15
1363 11
1364 10
1365 21
1366 9
1367 8
1368 14
1369 6
1370 6
1371 8
1372 12
1373 8
1374 4
1375 7
1376 11
1377 10
1378 7
1379 6
1380 11
1381 5
1382 4
1383 2
1384 7
1385 5
1386 8
1387 3
1388 9
1389 3
1390 4
1391 6
1392 5
1393 9
1394 7
1395 4
1396 4
1397 4
1398 9
1399 8
1400 2
1401 1
1402 4
1403 4
1404 5
1405 3
1406 2
1407 6
1408 5
1409 4
1410 2
1411 4
1412 6
1413 1
1414 4
1415 2
1416 3
1417 3
1418 2
1419 4
1420 4
1421 3
1422 4
1423 2
1424 2
1425 2
1426 5
1427 2
1428 2
1429 5
1430 2
1431 1
1432 2
1433 3
1434 4
1435 1
1436 2
1437 3
1438 2
1439 3
1440 3
1441 1
1442 1
1443 2
1444 1
1445 1
1446 1
1447 2
1448 2
1449 1
1451 3
1452 1
1453 1
1455 2
1456 2
1459 1
1460 3
1461 1
1462 1
1464 3
1465 1
1466 1
1468 2
1469 1
1470 1
1471 1
1474 2
1477 2
1479 1
1483 1
1485 1
1486 1
1491 1
1499 1
1501 1
1504 2
1506 1
1508 1
1510 1
1511 1
1516 1
1517 1
1529 1
1538 1
1581 1
