N J h mean_R_sq err_mean_R_sq mean_R_gyr_sq err_mean_R_gyr_sq 
700 1.405 0 1292.36 42.4963 267.603 5.64129
2964 2
2968 1
2971 1
2972 1
2973 1
2975 2
2977 1
2978 2
2981 1
2982 2
2983 1
2984 3
2985 2
2986 1
2987 2
2988 1
2989 2
2990 5
2991 2
2992 2
2993 2
2994 1
2995 2
2996 5
2997 4
2998 3
2999 3
3000 2
3001 5
3002 3
3003 2
3004 3
3005 4
3006 5
3007 8
3008 6
3009 2
3010 6
3011 6
3012 4
3013 6
3014 10
3015 8
3016 9
3017 5
3018 5
3019 6
3020 6
3021 13
3022 5
3023 5
3024 13
3025 9
3026 14
3027 9
3028 14
3029 20
3030 14
3031 17
3032 15
3033 24
3034 13
3035 16
3036 25
3037 15
3038 17
3039 26
3040 22
3041 21
3042 23
3043 32
3044 25
3045 25
3046 29
3047 34
3048 38
3049 39
3050 37
3051 43
3052 51
3053 39
3054 43
3055 35
3056 40
3057 50
3058 49
3059 61
3060 48
3061 58
3062 62
3063 53
3064 60
3065 56
3066 68
3067 57
3068 80
3069 57
3070 68
3071 84
3072 75
3073 80
3074 80
3075 120
3076 83
3077 80
3078 107
3079 115
3080 120
3081 102
3082 135
3083 126
3084 130
3085 128
3086 115
3087 139
3088 157
3089 154
3090 159
3091 176
3092 183
3093 145
3094 188
3095 179
3096 181
3097 183
3098 188
3099 197
3100 232
3101 186
3102 222
3103 229
3104 228
3105 251
3106 248
3107 273
3108 262
3109 282
3110 280
3111 279
3112 329
3113 297
3114 320
3115 338
3116 321
3117 351
3118 341
3119 366
3120 357
3121 387
3122 363
3123 377
3124 404
3125 402
3126 420
3127 402
3128 455
3129 444
3130 445
3131 459
3132 478
3133 476
3134 525
3135 492
3136 514
3137 493
3138 548
3139 531
3140 490
3141 552
3142 560
3143 574
3144 605
3145 590
3146 589
3147 628
3148 657
3149 668
3150 630
3151 630
3152 632
3153 660
3154 667
3155 636
3156 656
3157 703
3158 742
3159 716
3160 731
3161 734
3162 735
3163 725
3164 748
3165 757
3166 749
3167 820
3168 838
3169 787
3170 856
3171 776
3172 885
3173 834
3174 836
3175 822
3176 850
3177 855
3178 868
3179 874
3180 848
3181 788
3182 895
3183 934
3184 874
3185 871
3186 859
3187 945
3188 913
3189 962
3190 940
3191 909
3192 930
3193 916
3194 889
3195 877
3196 842
3197 920
3198 925
3199 928
3200 889
3201 921
3202 992
3203 916
3204 902
3205 893
3206 900
3207 950
3208 914
3209 893
3210 917
3211 925
3212 889
3213 881
3214 905
3215 881
3216 955
3217 884
3218 854
3219 861
3220 863
3221 881
3222 904
3223 868
3224 843
3225 966
3226 864
3227 822
3228 832
3229 804
3230 821
3231 774
3232 784
3233 837
3234 804
3235 797
3236 800
3237 823
3238 718
3239 743
3240 709
3241 736
3242 723
3243 684
3244 720
3245 720
3246 709
3247 686
3248 668
3249 638
3250 681
3251 642
3252 636
3253 620
3254 652
3255 615
3256 627
3257 603
3258 585
3259 587
3260 531
3261 550
3262 515
3263 502
3264 549
3265 452
3266 509
3267 491
3268 478
3269 431
3270 431
3271 428
3272 468
3273 404
3274 426
3275 390
3276 398
3277 402
3278 366
3279 352
3280 357
3281 325
3282 314
3283 330
3284 318
3285 322
3286 287
3287 284
3288 239
3289 273
3290 283
3291 270
3292 237
3293 240
3294 242
3295 227
3296 225
3297 209
3298 209
3299 218
3300 170
3301 160
3302 166
3303 174
3304 156
3305 139
3306 145
3307 162
3308 145
3309 136
3310 121
3311 114
3312 109
3313 118
3314 119
3315 96
3316 99
3317 100
3318 89
3319 89
3320 89
3321 82
3322 64
3323 68
3324 83
3325 64
3326 60
3327 58
3328 69
3329 63
3330 66
3331 40
3332 61
3333 42
3334 52
3335 49
3336 33
3337 43
3338 45
3339 43
3340 32
3341 38
3342 22
3343 30
3344 29
3345 10
3346 23
3347 25
3348 17
3349 16
3350 16
3351 18
3352 14
3353 11
3354 19
3355 10
3356 7
3357 17
3358 11
3359 19
3360 11
3361 8
3362 9
3363 6
3364 6
3365 10
3366 9
3367 5
3368 6
3369 6
3370 4
3371 7
3372 2
3373 5
3374 3
3375 1
3376 4
3377 2
3378 2
3379 2
3380 1
3381 4
3382 3
3383 2
3384 2
3385 1
3386 5
3387 3
3388 2
3389 2
3390 1
3392 1
3393 1
3394 2
3395 1
3403 2
3406 1
