N J h mean_R_sq err_mean_R_sq mean_R_gyr_sq err_mean_R_gyr_sq 
700 1.3 0 4118.7 111.303 640.453 11.5585
529 1
541 1
546 1
553 1
554 1
574 2
575 1
577 1
579 2
580 1
582 1
583 1
584 2
585 1
587 1
590 2
591 1
592 1
594 2
597 1
599 2
601 1
603 1
604 2
605 1
606 2
607 1
608 1
609 1
610 1
611 2
612 1
614 2
615 2
617 1
618 2
619 2
620 2
621 1
622 1
623 3
624 1
625 4
626 1
627 3
628 1
629 3
630 2
631 7
632 1
633 3
634 1
636 4
637 5
638 3
639 4
640 7
641 4
642 4
643 4
644 2
645 8
646 1
647 5
648 6
649 2
650 2
651 3
652 6
653 5
654 5
655 8
656 3
657 6
658 6
659 4
660 3
661 5
662 3
663 9
664 14
665 10
666 11
667 6
668 9
669 10
670 5
671 4
672 4
673 11
674 5
675 5
676 10
677 5
678 11
679 15
680 10
681 8
682 9
683 11
684 8
685 9
686 12
687 12
688 14
689 15
690 11
691 17
692 8
693 13
694 8
695 16
696 11
697 18
698 16
699 16
700 19
701 18
702 14
703 12
704 13
705 25
706 27
707 18
708 18
709 19
710 24
711 28
712 15
713 19
714 25
715 22
716 25
717 22
718 24
719 31
720 23
721 17
722 36
723 26
724 21
725 34
726 34
727 28
728 34
729 37
730 30
731 27
732 31
733 34
734 41
735 36
736 33
737 41
738 35
739 48
740 37
741 38
742 47
743 48
744 40
745 51
746 45
747 51
748 56
749 54
750 50
751 51
752 58
753 59
754 51
755 48
756 71
757 53
758 52
759 50
760 48
761 48
762 55
763 65
764 55
765 74
766 62
767 84
768 71
769 78
770 71
771 84
772 62
773 81
774 90
775 87
776 73
777 77
778 98
779 96
780 106
781 88
782 75
783 80
784 76
785 73
786 92
787 113
788 104
789 95
790 92
791 108
792 93
793 100
794 94
795 102
796 113
797 113
798 118
799 122
800 117
801 111
802 124
803 120
804 111
805 107
806 138
807 134
808 126
809 119
810 134
811 135
812 127
813 121
814 159
815 158
816 146
817 160
818 152
819 160
820 147
821 141
822 165
823 169
824 147
825 153
826 157
827 164
828 179
829 160
830 178
831 178
832 213
833 181
834 183
835 193
836 206
837 216
838 217
839 209
840 186
841 187
842 206
843 195
844 213
845 219
846 203
847 219
848 230
849 206
850 226
851 264
852 227
853 239
854 248
855 231
856 258
857 216
858 263
859 244
860 225
861 256
862 246
863 274
864 287
865 224
866 243
867 302
868 279
869 258
870 255
871 261
872 301
873 317
874 262
875 319
876 276
877 287
878 320
879 310
880 342
881 331
882 302
883 295
884 332
885 296
886 331
887 324
888 299
889 339
890 317
891 340
892 332
893 340
894 339
895 344
896 340
897 356
898 359
899 373
900 349
901 383
902 337
903 400
904 381
905 387
906 369
907 371
908 411
909 383
910 409
911 423
912 369
913 400
914 391
915 391
916 370
917 413
918 375
919 391
920 403
921 377
922 444
923 426
924 430
925 432
926 391
927 457
928 443
929 449
930 478
931 406
932 467
933 451
934 474
935 447
936 443
937 414
938 493
939 454
940 469
941 454
942 491
943 465
944 449
945 456
946 456
947 467
948 513
949 463
950 471
951 457
952 485
953 503
954 517
955 465
956 489
957 466
958 481
959 478
960 480
961 493
962 519
963 498
964 515
965 511
966 534
967 485
968 474
969 502
970 505
971 544
972 510
973 542
974 465
975 536
976 509
977 509
978 468
979 536
980 517
981 474
982 480
983 505
984 548
985 533
986 527
987 486
988 531
989 527
990 524
991 534
992 545
993 546
994 537
995 539
996 533
997 519
998 512
999 499
1000 535
1001 505
1002 527
1003 495
1004 525
1005 540
1006 477
1007 471
1008 559
1009 528
1010 501
1011 484
1012 491
1013 463
1014 588
1015 520
1016 485
1017 539
1018 508
1019 489
1020 506
1021 485
1022 482
1023 506
1024 499
1025 523
1026 498
1027 479
1028 525
1029 504
1030 503
1031 531
1032 518
1033 471
1034 506
1035 485
1036 489
1037 465
1038 453
1039 516
1040 470
1041 517
1042 425
1043 479
1044 488
1045 455
1046 520
1047 474
1048 513
1049 477
1050 473
1051 515
1052 469
1053 443
1054 492
1055 487
1056 487
1057 450
1058 502
1059 477
1060 453
1061 435
1062 426
1063 431
1064 460
1065 453
1066 423
1067 429
1068 406
1069 485
1070 422
1071 412
1072 409
1073 408
1074 406
1075 417
1076 392
1077 410
1078 444
1079 418
1080 361
1081 373
1082 378
1083 387
1084 429
1085 392
1086 392
1087 391
1088 378
1089 397
1090 377
1091 341
1092 374
1093 346
1094 372
1095 368
1096 366
1097 346
1098 359
1099 352
1100 381
1101 370
1102 354
1103 391
1104 357
1105 357
1106 326
1107 314
1108 362
1109 327
1110 309
1111 312
1112 331
1113 323
1114 339
1115 326
1116 300
1117 296
1118 310
1119 288
1120 277
1121 310
1122 281
1123 288
1124 290
1125 307
1126 274
1127 302
1128 295
1129 248
1130 300
1131 286
1132 246
1133 247
1134 260
1135 256
1136 252
1137 239
1138 227
1139 242
1140 247
1141 252
1142 258
1143 246
1144 233
1145 254
1146 241
1147 239
1148 243
1149 236
1150 255
1151 220
1152 234
1153 222
1154 216
1155 211
1156 184
1157 208
1158 207
1159 203
1160 205
1161 206
1162 190
1163 206
1164 174
1165 186
1166 183
1167 186
1168 188
1169 162
1170 163
1171 162
1172 181
1173 202
1174 174
1175 156
1176 165
1177 149
1178 166
1179 167
1180 138
1181 145
1182 142
1183 147
1184 132
1185 153
1186 145
1187 134
1188 133
1189 120
1190 167
1191 152
1192 144
1193 118
1194 132
1195 132
1196 148
1197 108
1198 118
1199 111
1200 104
1201 123
1202 115
1203 104
1204 108
1205 94
1206 93
1207 101
1208 119
1209 100
1210 105
1211 97
1212 98
1213 102
1214 94
1215 98
1216 64
1217 80
1218 73
1219 91
1220 83
1221 65
1222 82
1223 81
1224 76
1225 64
1226 81
1227 62
1228 72
1229 70
1230 53
1231 68
1232 71
1233 54
1234 47
1235 65
1236 74
1237 68
1238 52
1239 68
1240 54
1241 64
1242 41
1243 45
1244 67
1245 54
1246 41
1247 49
1248 41
1249 44
1250 56
1251 51
1252 43
1253 33
1254 44
1255 41
1256 41
1257 47
1258 40
1259 35
1260 40
1261 38
1262 41
1263 32
1264 32
1265 33
1266 42
1267 33
1268 28
1269 33
1270 28
1271 33
1272 36
1273 26
1274 37
1275 33
1276 33
1277 26
1278 24
1279 32
1280 25
1281 19
1282 26
1283 24
1284 24
1285 26
1286 30
1287 19
1288 23
1289 17
1290 25
1291 13
1292 19
1293 17
1294 16
1295 15
1296 16
1297 17
1298 21
1299 13
1300 17
1301 16
1302 17
1303 21
1304 9
1305 13
1306 24
1307 14
1308 20
1309 10
1310 14
1311 21
1312 10
1313 18
1314 12
1315 14
1316 9
1317 11
1318 5
1319 9
1320 7
1321 6
1322 12
1323 10
1324 6
1325 12
1326 13
1327 7
1328 12
1329 6
1330 5
1331 5
1332 7
1333 6
1334 4
1335 3
1336 7
1337 2
1338 8
1339 5
1340 4
1341 5
1342 6
1343 6
1344 10
1345 8
1346 8
1347 4
1348 9
1349 5
1350 6
1351 3
1352 2
1353 3
1354 4
1355 3
1356 5
1357 7
1358 4
1359 6
1360 6
1361 6
1362 4
1363 3
1364 6
1365 4
1366 4
1367 4
1368 3
1369 2
1370 2
1371 1
1374 4
1375 3
1376 7
1377 1
1378 1
1379 1
1380 2
1381 5
1382 3
1383 1
1384 3
1386 1
1387 1
1388 1
1389 1
1390 2
1391 2
1395 1
1396 1
1398 1
1399 1
1401 1
1402 1
1403 2
1404 2
1405 1
1409 1
1411 1
1413 1
1418 1
1423 1
1424 1
1431 1
1432 1
1433 2
1440 1
1445 1
1446 1
1454 1
1458 1
1482 1
