N J h mean_R_sq err_mean_R_sq mean_R_gyr_sq err_mean_R_gyr_sq 
700 1.465 0 733.375 82.9887 194.747 15.5838
234 1
248 1
261 1
268 1
272 1
273 1
275 1
276 1
278 1
279 3
280 1
281 1
282 3
283 1
284 1
286 2
287 3
288 3
289 1
290 4
291 3
292 1
293 1
294 2
295 1
296 3
297 2
298 3
299 2
300 3
301 2
302 4
303 3
304 4
305 1
306 10
307 4
308 1
309 5
310 3
311 9
312 9
313 3
314 5
315 6
316 6
317 6
318 8
319 4
320 8
321 7
322 8
323 7
324 3
325 9
326 7
327 11
328 8
329 8
330 17
331 13
332 10
333 9
334 4
335 9
336 9
337 5
338 7
339 4
340 14
341 16
342 11
343 14
344 16
345 7
346 11
347 11
348 11
349 11
350 14
351 7
352 19
353 15
354 17
355 13
356 14
357 24
358 15
359 18
360 18
361 12
362 24
363 19
364 15
365 25
366 19
367 19
368 18
369 13
370 25
371 24
372 22
373 29
374 29
375 23
376 20
377 31
378 26
379 37
380 26
381 35
382 35
383 24
384 27
385 25
386 28
387 27
388 33
389 30
390 31
391 27
392 35
393 32
394 33
395 37
396 35
397 29
398 33
399 37
400 37
401 35
402 27
403 43
404 47
405 37
406 39
407 45
408 33
409 46
410 32
411 35
412 43
413 48
414 50
415 45
416 44
417 40
418 47
419 40
420 49
421 53
422 42
423 56
424 53
425 36
426 43
427 45
428 51
429 56
430 56
431 50
432 63
433 54
434 61
435 51
436 64
437 60
438 54
439 62
440 51
441 74
442 70
443 58
444 62
445 63
446 64
447 54
448 55
449 59
450 59
451 51
452 61
453 59
454 53
455 65
456 64
457 66
458 61
459 77
460 73
461 77
462 70
463 57
464 68
465 67
466 57
467 80
468 68
469 66
470 79
471 79
472 72
473 74
474 62
475 78
476 70
477 71
478 69
479 77
480 77
481 73
482 78
483 71
484 76
485 81
486 86
487 55
488 83
489 84
490 74
491 75
492 81
493 71
494 92
495 75
496 84
497 74
498 91
499 83
500 90
501 77
502 82
503 83
504 87
505 81
506 98
507 69
508 96
509 88
510 78
511 106
512 87
513 87
514 90
515 102
516 89
517 82
518 83
519 90
520 86
521 91
522 87
523 88
524 74
525 85
526 106
527 105
528 83
529 92
530 83
531 79
532 108
533 106
534 74
535 98
536 93
537 109
538 102
539 76
540 98
541 93
542 92
543 103
544 105
545 80
546 111
547 99
548 100
549 109
550 90
551 112
552 123
553 93
554 128
555 95
556 107
557 110
558 97
559 125
560 91
561 97
562 110
563 115
564 98
565 108
566 94
567 111
568 114
569 108
570 120
571 110
572 106
573 112
574 95
575 103
576 104
577 112
578 104
579 101
580 102
581 112
582 111
583 116
584 128
585 101
586 132
587 111
588 99
589 99
590 118
591 104
592 127
593 110
594 108
595 103
596 111
597 113
598 112
599 117
600 111
601 103
602 90
603 102
604 107
605 112
606 134
607 107
608 100
609 115
610 134
611 115
612 105
613 126
614 117
615 127
616 112
617 123
618 111
619 145
620 115
621 118
622 100
623 119
624 117
625 103
626 115
627 108
628 124
629 115
630 120
631 92
632 117
633 93
634 131
635 86
636 110
637 102
638 119
639 125
640 122
641 112
642 121
643 114
644 130
645 118
646 123
647 115
648 121
649 110
650 123
651 114
652 119
653 116
654 99
655 119
656 98
657 135
658 108
659 107
660 121
661 117
662 151
663 121
664 119
665 108
666 144
667 99
668 104
669 129
670 139
671 130
672 116
673 125
674 124
675 121
676 121
677 128
678 131
679 114
680 104
681 121
682 136
683 121
684 111
685 114
686 111
687 115
688 111
689 106
690 121
691 121
692 125
693 99
694 122
695 114
696 116
697 117
698 126
699 120
700 124
701 112
702 124
703 123
704 99
705 122
706 127
707 108
708 126
709 125
710 135
711 124
712 107
713 100
714 118
715 127
716 113
717 132
718 126
719 124
720 148
721 151
722 96
723 104
724 113
725 136
726 111
727 113
728 126
729 139
730 126
731 117
732 132
733 111
734 122
735 132
736 114
737 119
738 114
739 107
740 127
741 129
742 126
743 119
744 121
745 112
746 114
747 121
748 104
749 101
750 131
751 119
752 113
753 134
754 131
755 130
756 115
757 128
758 115
759 116
760 112
761 117
762 119
763 124
764 104
765 120
766 117
767 143
768 114
769 112
770 118
771 122
772 104
773 115
774 105
775 108
776 114
777 120
778 127
779 136
780 128
781 129
782 131
783 99
784 115
785 121
786 127
787 128
788 113
789 120
790 104
791 114
792 130
793 115
794 102
795 124
796 124
797 103
798 114
799 135
800 117
801 116
802 115
803 140
804 115
805 132
806 120
807 117
808 115
809 131
810 104
811 103
812 125
813 121
814 105
815 121
816 138
817 147
818 110
819 113
820 96
821 122
822 115
823 109
824 119
825 128
826 130
827 117
828 133
829 130
830 121
831 116
832 106
833 108
834 110
835 115
836 119
837 131
838 115
839 124
840 119
841 122
842 118
843 105
844 134
845 106
846 104
847 109
848 119
849 114
850 120
851 127
852 133
853 122
854 127
855 118
856 138
857 108
858 130
859 117
860 115
861 133
862 125
863 124
864 106
865 103
866 100
867 104
868 89
869 115
870 112
871 128
872 106
873 122
874 112
875 121
876 117
877 110
878 116
879 116
880 121
881 103
882 127
883 121
884 124
885 135
886 106
887 122
888 119
889 121
890 127
891 128
892 121
893 123
894 133
895 121
896 119
897 107
898 115
899 123
900 119
901 111
902 129
903 91
904 113
905 126
906 110
907 121
908 111
909 119
910 102
911 130
912 117
913 111
914 137
915 102
916 101
917 114
918 128
919 138
920 120
921 99
922 113
923 112
924 112
925 115
926 126
927 132
928 119
929 96
930 128
931 139
932 123
933 119
934 99
935 128
936 126
937 119
938 128
939 104
940 126
941 108
942 106
943 105
944 123
945 130
946 124
947 111
948 127
949 99
950 118
951 113
952 113
953 126
954 112
955 108
956 100
957 122
958 133
959 131
960 110
961 103
962 125
963 125
964 130
965 111
966 122
967 109
968 108
969 119
970 107
971 107
972 129
973 134
974 129
975 105
976 104
977 117
978 108
979 137
980 108
981 121
982 106
983 108
984 118
985 104
986 120
987 123
988 111
989 117
990 113
991 88
992 123
993 119
994 113
995 122
996 123
997 102
998 121
999 123
1000 123
1001 94
1002 135
1003 111
1004 127
1005 127
1006 119
1007 112
1008 113
1009 114
1010 121
1011 126
1012 118
1013 109
1014 108
1015 92
1016 109
1017 130
1018 128
1019 113
1020 138
1021 121
1022 117
1023 118
1024 121
1025 137
1026 113
1027 123
1028 121
1029 123
1030 123
1031 125
1032 104
1033 123
1034 128
1035 105
1036 126
1037 125
1038 117
1039 124
1040 111
1041 131
1042 120
1043 141
1044 99
1045 118
1046 114
1047 119
1048 106
1049 106
1050 131
1051 121
1052 121
1053 128
1054 130
1055 94
1056 108
1057 119
1058 106
1059 124
1060 99
1061 104
1062 111
1063 137
1064 108
1065 120
1066 114
1067 125
1068 112
1069 112
1070 108
1071 99
1072 109
1073 126
1074 117
1075 111
1076 142
1077 114
1078 135
1079 98
1080 102
1081 127
1082 133
1083 130
1084 115
1085 126
1086 124
1087 110
1088 127
1089 129
1090 108
1091 110
1092 131
1093 124
1094 112
1095 114
1096 93
1097 113
1098 102
1099 117
1100 132
1101 101
1102 110
1103 114
1104 136
1105 103
1106 114
1107 118
1108 115
1109 122
1110 116
1111 111
1112 120
1113 97
1114 128
1115 121
1116 119
1117 111
1118 130
1119 131
1120 116
1121 125
1122 128
1123 114
1124 122
1125 116
1126 115
1127 104
1128 112
1129 124
1130 125
1131 114
1132 120
1133 97
1134 132
1135 109
1136 107
1137 128
1138 113
1139 128
1140 109
1141 116
1142 107
1143 125
1144 121
1145 126
1146 119
1147 115
1148 135
1149 115
1150 116
1151 115
1152 121
1153 129
1154 114
1155 118
1156 90
1157 112
1158 132
1159 120
1160 100
1161 120
1162 102
1163 106
1164 103
1165 125
1166 133
1167 123
1168 130
1169 137
1170 129
1171 108
1172 122
1173 117
1174 115
1175 114
1176 115
1177 116
1178 127
1179 119
1180 129
1181 116
1182 122
1183 129
1184 119
1185 124
1186 127
1187 122
1188 139
1189 113
1190 118
1191 123
1192 97
1193 122
1194 131
1195 116
1196 99
1197 108
1198 131
1199 116
1200 115
1201 115
1202 102
1203 126
1204 108
1205 112
1206 116
1207 120
1208 114
1209 121
1210 117
1211 114
1212 118
1213 128
1214 135
1215 124
1216 118
1217 122
1218 110
1219 118
1220 140
1221 116
1222 123
1223 106
1224 122
1225 113
1226 104
1227 113
1228 118
1229 131
1230 123
1231 116
1232 114
1233 112
1234 124
1235 122
1236 128
1237 131
1238 151
1239 109
1240 121
1241 119
1242 129
1243 119
1244 134
1245 134
1246 110
1247 120
1248 104
1249 120
1250 108
1251 124
1252 112
1253 129
1254 137
1255 123
1256 114
1257 107
1258 125
1259 109
1260 131
1261 130
1262 125
1263 107
1264 126
1265 135
1266 109
1267 120
1268 137
1269 119
1270 132
1271 114
1272 128
1273 114
1274 123
1275 130
1276 118
1277 122
1278 122
1279 122
1280 106
1281 138
1282 109
1283 137
1284 115
1285 125
1286 135
1287 98
1288 127
1289 107
1290 123
1291 94
1292 127
1293 113
1294 119
1295 117
1296 115
1297 114
1298 120
1299 113
1300 107
1301 121
1302 143
1303 109
1304 120
1305 110
1306 129
1307 119
1308 126
1309 129
1310 125
1311 112
1312 130
1313 113
1314 127
1315 105
1316 119
1317 111
1318 114
1319 116
1320 137
1321 124
1322 128
1323 117
1324 127
1325 98
1326 94
1327 106
1328 111
1329 119
1330 120
1331 124
1332 108
1333 125
1334 123
1335 125
1336 92
1337 129
1338 107
1339 100
1340 132
1341 105
1342 123
1343 120
1344 120
1345 129
1346 119
1347 128
1348 126
1349 115
1350 107
1351 114
1352 106
1353 120
1354 134
1355 121
1356 128
1357 100
1358 108
1359 116
1360 107
1361 122
1362 106
1363 123
1364 126
1365 124
1366 105
1367 108
1368 126
1369 106
1370 113
1371 114
1372 120
1373 100
1374 119
1375 124
1376 112
1377 94
1378 118
1379 114
1380 101
1381 119
1382 98
1383 113
1384 112
1385 115
1386 102
1387 121
1388 125
1389 111
1390 137
1391 110
1392 108
1393 103
1394 108
1395 119
1396 101
1397 123
1398 114
1399 91
1400 115
1401 116
1402 97
1403 113
1404 109
1405 122
1406 116
1407 124
1408 134
1409 118
1410 101
1411 102
1412 104
1413 106
1414 106
1415 103
1416 104
1417 109
1418 126
1419 118
1420 121
1421 112
1422 103
1423 110
1424 96
1425 91
1426 93
1427 108
1428 130
1429 100
1430 102
1431 88
1432 104
1433 92
1434 99
1435 114
1436 123
1437 92
1438 108
1439 93
1440 94
1441 109
1442 97
1443 91
1444 92
1445 88
1446 91
1447 93
1448 109
1449 93
1450 116
1451 111
1452 91
1453 103
1454 95
1455 96
1456 90
1457 108
1458 94
1459 101
1460 102
1461 99
1462 88
1463 94
1464 84
1465 100
1466 86
1467 86
1468 89
1469 107
1470 99
1471 102
1472 95
1473 94
1474 110
1475 86
1476 96
1477 81
1478 96
1479 103
1480 85
1481 98
1482 88
1483 96
1484 100
1485 88
1486 93
1487 90
1488 79
1489 81
1490 80
1491 78
1492 73
1493 72
1494 89
1495 94
1496 76
1497 89
1498 97
1499 69
1500 71
1501 82
1502 97
1503 83
1504 78
1505 91
1506 89
1507 77
1508 101
1509 77
1510 64
1511 73
1512 78
1513 68
1514 68
1515 80
1516 64
1517 90
1518 84
1519 61
1520 78
1521 73
1522 69
1523 74
1524 63
1525 64
1526 65
1527 78
1528 64
1529 69
1530 72
1531 76
1532 67
1533 65
1534 69
1535 80
1536 72
1537 61
1538 65
1539 63
1540 65
1541 69
1542 59
1543 69
1544 52
1545 55
1546 51
1547 63
1548 63
1549 63
1550 63
1551 55
1552 45
1553 62
1554 57
1555 65
1556 60
1557 62
1558 48
1559 51
1560 63
1561 58
1562 58
1563 65
1564 51
1565 52
1566 58
1567 49
1568 57
1569 58
1570 57
1571 46
1572 46
1573 60
1574 50
1575 48
1576 47
1577 41
1578 44
1579 52
1580 49
1581 58
1582 49
1583 51
1584 42
1585 45
1586 47
1587 48
1588 34
1589 27
1590 45
1591 37
1592 41
1593 32
1594 49
1595 43
1596 37
1597 48
1598 37
1599 33
1600 29
1601 36
1602 36
1603 26
1604 30
1605 37
1606 43
1607 32
1608 25
1609 26
1610 24
1611 36
1612 19
1613 18
1614 30
1615 28
1616 25
1617 22
1618 23
1619 29
1620 28
1621 13
1622 22
1623 23
1624 33
1625 23
1626 31
1627 20
1628 26
1629 15
1630 31
1631 26
1632 25
1633 33
1634 20
1635 20
1636 17
1637 19
1638 19
1639 24
1640 14
1641 11
1642 10
1643 20
1644 11
1645 17
1646 12
1647 14
1648 13
1649 20
1650 14
1651 9
1652 10
1653 12
1654 18
1655 7
1656 16
1657 13
1658 6
1659 10
1660 7
1661 5
1662 13
1663 11
1664 10
1665 7
1666 7
1667 4
1668 9
1669 11
1670 13
1671 8
1672 11
1673 5
1674 7
1675 6
1676 8
1677 9
1678 5
1679 1
1680 4
1681 6
1682 6
1683 7
1684 7
1685 4
1686 3
1687 7
1688 5
1689 4
1690 4
1691 6
1692 2
1693 8
1694 4
1695 5
1696 1
1697 3
1698 1
1699 2
1700 2
1701 5
1703 1
1704 3
1705 3
1706 4
1707 2
1708 4
1709 2
1711 2
1712 1
1715 6
1716 1
1717 1
1718 2
1720 2
1721 2
1722 2
1725 1
1726 1
1728 2
1729 3
1730 2
1731 1
1736 1
1738 1
1756 1
