N J h mean_R_sq err_mean_R_sq mean_R_gyr_sq err_mean_R_gyr_sq 
700 1.465 0 733.375 82.9887 194.747 15.5838
3089 3
3090 1
3091 1
3092 1
3094 1
3098 1
3100 1
3105 1
3106 1
3107 3
3108 1
3109 3
3110 1
3111 2
3112 1
3114 1
3115 1
3116 4
3118 1
3119 6
3120 1
3121 6
3123 2
3124 2
3125 2
3126 2
3127 3
3128 2
3129 1
3130 1
3131 8
3132 3
3133 5
3134 7
3135 1
3136 2
3137 6
3138 2
3139 6
3140 7
3141 9
3142 4
3143 2
3144 12
3145 10
3146 9
3147 4
3148 6
3149 10
3150 11
3151 11
3152 11
3153 13
3154 12
3155 9
3156 10
3157 18
3158 15
3159 13
3160 15
3161 17
3162 22
3163 22
3164 14
3165 10
3166 14
3167 13
3168 21
3169 23
3170 15
3171 16
3172 25
3173 21
3174 21
3175 26
3176 30
3177 38
3178 32
3179 29
3180 31
3181 36
3182 37
3183 36
3184 41
3185 32
3186 40
3187 51
3188 50
3189 51
3190 44
3191 39
3192 62
3193 42
3194 64
3195 97
3196 67
3197 74
3198 60
3199 74
3200 90
3201 83
3202 98
3203 83
3204 89
3205 104
3206 118
3207 114
3208 100
3209 106
3210 138
3211 110
3212 116
3213 146
3214 142
3215 158
3216 136
3217 166
3218 163
3219 163
3220 152
3221 184
3222 167
3223 179
3224 198
3225 215
3226 198
3227 231
3228 262
3229 248
3230 269
3231 267
3232 266
3233 260
3234 322
3235 301
3236 339
3237 314
3238 331
3239 333
3240 320
3241 375
3242 355
3243 389
3244 400
3245 366
3246 411
3247 418
3248 413
3249 412
3250 426
3251 456
3252 482
3253 500
3254 475
3255 494
3256 505
3257 509
3258 524
3259 507
3260 536
3261 564
3262 578
3263 591
3264 626
3265 634
3266 613
3267 638
3268 675
3269 682
3270 676
3271 726
3272 714
3273 720
3274 764
3275 712
3276 802
3277 821
3278 792
3279 777
3280 833
3281 833
3282 872
3283 844
3284 852
3285 920
3286 878
3287 904
3288 925
3289 960
3290 957
3291 931
3292 985
3293 943
3294 1000
3295 987
3296 1033
3297 1041
3298 1049
3299 991
3300 1054
3301 1024
3302 1109
3303 1076
3304 1047
3305 1085
3306 1115
3307 1081
3308 1103
3309 1126
3310 1076
3311 1082
3312 1053
3313 1086
3314 1052
3315 1157
3316 1137
3317 1088
3318 1131
3319 1143
3320 1126
3321 1129
3322 1105
3323 1142
3324 1138
3325 1136
3326 1124
3327 995
3328 1177
3329 1072
3330 999
3331 1090
3332 1029
3333 1069
3334 1015
3335 1037
3336 1002
3337 974
3338 1028
3339 993
3340 955
3341 927
3342 956
3343 956
3344 926
3345 900
3346 877
3347 856
3348 888
3349 866
3350 853
3351 787
3352 783
3353 830
3354 792
3355 733
3356 725
3357 735
3358 716
3359 715
3360 683
3361 647
3362 679
3363 654
3364 664
3365 639
3366 583
3367 596
3368 555
3369 517
3370 494
3371 506
3372 510
3373 499
3374 467
3375 462
3376 454
3377 461
3378 411
3379 384
3380 377
3381 389
3382 373
3383 374
3384 350
3385 335
3386 299
3387 310
3388 306
3389 286
3390 269
3391 282
3392 228
3393 226
3394 212
3395 210
3396 215
3397 189
3398 198
3399 160
3400 182
3401 152
3402 118
3403 136
3404 135
3405 137
3406 117
3407 127
3408 112
3409 105
3410 84
3411 85
3412 92
3413 80
3414 66
3415 79
3416 64
3417 61
3418 52
3419 59
3420 52
3421 44
3422 47
3423 33
3424 35
3425 43
3426 45
3427 31
3428 28
3429 18
3430 31
3431 23
3432 25
3433 18
3434 15
3435 24
3436 20
3437 17
3438 12
3439 19
3440 6
3441 7
3442 11
3443 10
3444 3
3445 10
3446 2
3447 9
3448 3
3449 9
3450 4
3451 2
3452 2
3453 3
3454 7
3455 7
3456 1
3458 4
3459 1
3460 2
3461 1
3462 3
3463 4
3464 1
3465 1
3466 2
3468 2
3469 1
3470 1
3475 2
3476 1
