N J h mean_R_sq err_mean_R_sq mean_R_gyr_sq err_mean_R_gyr_sq 
700 1.45 0 791.253 59.9254 199.361 8.35956
3028 1
3043 1
3052 1
3053 2
3054 1
3057 1
3061 2
3062 1
3065 1
3066 1
3067 1
3069 1
3070 4
3072 1
3073 1
3074 1
3075 2
3076 4
3077 5
3078 1
3079 2
3081 2
3082 3
3083 2
3084 4
3085 1
3086 1
3087 2
3088 2
3089 3
3090 5
3091 4
3092 3
3093 7
3094 6
3095 3
3096 3
3097 6
3098 1
3099 3
3100 4
3101 4
3102 5
3103 3
3104 2
3105 6
3106 8
3107 9
3108 8
3109 6
3110 8
3111 12
3112 4
3113 9
3114 10
3115 7
3116 9
3117 8
3118 10
3119 8
3120 9
3121 15
3122 13
3123 12
3124 10
3125 11
3126 12
3127 11
3128 18
3129 20
3130 12
3131 19
3132 11
3133 21
3134 31
3135 12
3136 12
3137 26
3138 26
3139 34
3140 20
3141 32
3142 28
3143 24
3144 39
3145 26
3146 37
3147 31
3148 29
3149 25
3150 40
3151 46
3152 38
3153 44
3154 45
3155 61
3156 52
3157 56
3158 61
3159 66
3160 58
3161 58
3162 65
3163 71
3164 62
3165 78
3166 76
3167 76
3168 83
3169 91
3170 81
3171 84
3172 82
3173 93
3174 100
3175 104
3176 107
3177 103
3178 138
3179 116
3180 129
3181 123
3182 123
3183 112
3184 137
3185 158
3186 154
3187 154
3188 165
3189 170
3190 152
3191 170
3192 194
3193 172
3194 192
3195 189
3196 192
3197 199
3198 206
3199 236
3200 210
3201 232
3202 259
3203 281
3204 269
3205 232
3206 260
3207 332
3208 291
3209 299
3210 296
3211 313
3212 311
3213 350
3214 333
3215 349
3216 344
3217 387
3218 393
3219 389
3220 381
3221 416
3222 382
3223 469
3224 438
3225 446
3226 436
3227 476
3228 462
3229 486
3230 451
3231 524
3232 521
3233 553
3234 495
3235 523
3236 584
3237 574
3238 612
3239 573
3240 612
3241 624
3242 660
3243 640
3244 637
3245 705
3246 647
3247 701
3248 699
3249 760
3250 768
3251 738
3252 763
3253 734
3254 735
3255 774
3256 815
3257 793
3258 857
3259 821
3260 798
3261 840
3262 860
3263 889
3264 858
3265 895
3266 935
3267 932
3268 874
3269 928
3270 922
3271 869
3272 984
3273 976
3274 956
3275 962
3276 972
3277 1058
3278 1002
3279 1026
3280 1060
3281 1024
3282 988
3283 1028
3284 960
3285 1028
3286 1042
3287 1066
3288 1069
3289 1098
3290 1073
3291 1038
3292 1017
3293 1030
3294 1039
3295 1058
3296 1111
3297 1091
3298 1066
3299 1025
3300 1031
3301 1013
3302 1056
3303 1021
3304 992
3305 1037
3306 1025
3307 1017
3308 998
3309 1033
3310 1031
3311 977
3312 1013
3313 969
3314 956
3315 1023
3316 998
3317 966
3318 974
3319 910
3320 916
3321 917
3322 825
3323 873
3324 803
3325 869
3326 857
3327 886
3328 816
3329 854
3330 775
3331 752
3332 746
3333 736
3334 744
3335 706
3336 700
3337 707
3338 652
3339 688
3340 641
3341 658
3342 676
3343 641
3344 591
3345 559
3346 563
3347 600
3348 555
3349 483
3350 518
3351 468
3352 452
3353 445
3354 440
3355 410
3356 463
3357 395
3358 395
3359 367
3360 374
3361 355
3362 341
3363 348
3364 327
3365 307
3366 281
3367 272
3368 281
3369 275
3370 268
3371 243
3372 254
3373 207
3374 210
3375 230
3376 225
3377 222
3378 186
3379 184
3380 155
3381 179
3382 143
3383 132
3384 140
3385 129
3386 133
3387 121
3388 106
3389 102
3390 91
3391 86
3392 88
3393 84
3394 72
3395 76
3396 70
3397 61
3398 62
3399 62
3400 48
3401 53
3402 65
3403 29
3404 55
3405 42
3406 43
3407 34
3408 38
3409 28
3410 32
3411 26
3412 25
3413 24
3414 22
3415 25
3416 22
3417 19
3418 15
3419 14
3420 14
3421 14
3422 10
3423 15
3424 9
3425 6
3426 10
3427 5
3428 9
3429 6
3430 9
3431 4
3432 5
3433 4
3434 7
3435 5
3436 3
3437 9
3438 6
3439 3
3440 4
3441 8
3442 1
3443 2
3444 2
3445 2
3446 1
3447 3
3448 3
3449 1
3450 3
3451 1
3452 1
3453 1
3456 1
3463 2
3465 1
