N J h mean_R_sq err_mean_R_sq mean_R_gyr_sq err_mean_R_gyr_sq 
700 1.315 0 3758.38 79.9486 591.693 10.3347
1000 4661
1001 4594
1002 4450
1003 4351
1004 4153
1005 4150
1006 4034
1007 3817
1008 3782
1009 3674
1010 3484
1011 3415
1012 3250
1013 3197
1014 3035
1015 2943
1016 2900
1017 2822
1018 2736
1019 2705
1020 2504
1021 2543
1022 2377
1023 2323
1024 2146
1025 2139
1026 2102
1027 2067
1028 2019
1029 1929
1030 1881
1031 1788
1032 1746
1033 1714
1034 1628
1035 1551
1036 1517
1037 1520
1038 1455
1039 1377
1040 1325
1041 1264
1042 1226
1043 1192
1044 1160
1045 1091
1046 1139
1047 1075
1048 966
1049 980
1050 955
1051 932
1052 927
1053 842
1054 854
1055 825
1056 727
1057 781
1058 763
1059 713
1060 681
1061 687
1062 643
1063 610
1064 578
1065 604
1066 557
1067 611
1068 559
1069 522
1070 495
1071 481
1072 475
1073 433
1074 413
1075 424
1076 389
1077 405
1078 402
1079 338
1080 382
1081 327
1082 340
1083 324
1084 318
1085 288
1086 291
1087 299
1088 264
1089 276
1090 262
1091 237
1092 252
1093 215
1094 235
1095 216
1096 223
1097 164
1098 189
1099 195
1100 182
1101 159
1102 163
1103 171
1104 183
1105 164
1106 164
1107 163
1108 133
1109 127
1110 136
1111 112
1112 128
1113 115
1114 107
1115 126
1116 105
1117 88
1118 114
1119 86
1120 79
1121 96
1122 84
1123 84
1124 81
1125 85
1126 87
1127 54
1128 66
1129 76
1130 46
1131 70
1132 64
1133 64
1134 58
1135 55
1136 64
1137 43
1138 51
1139 49
1140 44
1141 44
1142 51
1143 50
1144 49
1145 33
1146 53
1147 43
1148 28
1149 33
1150 35
1151 32
1152 23
1153 34
1154 27
1155 24
1156 27
1157 31
1158 27
1159 30
1160 15
1161 25
1162 20
1163 11
1164 25
1165 17
1166 19
1167 22
1168 19
1169 17
1170 14
1171 19
1172 13
1173 19
1174 7
1175 14
1176 14
1177 13
1178 13
1179 10
1180 8
1181 17
1182 10
1183 10
1184 9
1185 10
1186 7
1187 11
1188 11
1189 6
1190 6
1191 10
1192 5
1193 8
1194 8
1195 6
1196 11
1197 6
1198 11
1199 7
1200 11
1201 6
1202 7
1203 7
1204 4
1205 3
1206 1
1207 3
1208 2
1209 2
1210 4
1211 4
1212 5
1213 8
1214 2
1215 3
1216 7
1217 2
1218 2
1219 5
1220 2
1221 3
1222 7
1223 3
1224 1
1225 2
1226 2
1227 3
1228 3
1229 3
1231 1
1232 1
1233 1
1234 2
1235 1
1236 3
1237 2
1238 4
1239 4
1240 1
1241 2
1242 2
1243 1
1244 1
1245 1
1246 1
1247 3
1248 1
1249 3
1251 1
1252 2
1256 1
1258 2
1259 3
1260 1
1261 1
1263 1
1269 1
1271 2
1277 2
1278 2
1284 1
1286 2
1292 1
1295 1
