N J h mean_R_sq err_mean_R_sq mean_R_gyr_sq err_mean_R_gyr_sq 
500 1.405 0 944.662 17.6631 191.552 2.33583
243 1
297 1
300 1
305 1
307 1
310 1
311 1
314 1
315 1
316 3
318 3
319 2
324 2
327 3
328 1
329 1
330 2
332 1
333 1
335 1
337 3
338 1
339 1
340 1
343 2
344 2
346 2
347 2
348 3
350 3
352 2
353 3
354 5
356 2
357 1
359 3
360 2
361 2
362 1
363 4
364 1
365 2
366 2
367 5
368 3
369 4
370 2
371 1
372 3
373 3
374 4
375 4
376 1
377 5
378 1
379 8
380 6
381 8
382 4
383 6
384 3
385 5
386 4
387 6
388 7
389 3
390 6
391 4
392 9
393 5
394 5
395 6
396 5
397 4
398 6
399 4
400 3
401 9
402 6
403 4
404 7
405 6
406 10
407 9
408 7
409 11
410 4
411 10
412 7
413 10
414 11
415 10
416 14
417 9
418 10
419 10
420 14
421 12
422 12
423 6
424 8
425 6
426 8
427 10
428 6
429 11
430 6
431 16
432 11
433 11
434 13
435 9
436 13
437 14
438 12
439 9
440 22
441 21
442 9
443 11
444 20
445 18
446 24
447 9
448 20
449 23
450 22
451 20
452 14
453 9
454 20
455 10
456 19
457 19
458 10
459 26
460 19
461 21
462 15
463 26
464 21
465 28
466 16
467 20
468 25
469 22
470 21
471 23
472 18
473 22
474 20
475 27
476 24
477 22
478 29
479 19
480 31
481 30
482 28
483 38
484 25
485 22
486 39
487 30
488 28
489 31
490 27
491 38
492 31
493 27
494 24
495 36
496 35
497 28
498 35
499 31
500 44
501 39
502 18
503 39
504 34
505 45
506 39
507 29
508 35
509 32
510 27
511 29
512 36
513 32
514 29
515 45
516 50
517 37
518 46
519 44
520 34
521 36
522 39
523 46
524 37
525 49
526 44
527 32
528 41
529 36
530 32
531 45
532 59
533 33
534 55
535 44
536 48
537 55
538 39
539 45
540 54
541 53
542 55
543 44
544 45
545 51
546 52
547 51
548 55
549 57
550 52
551 50
552 44
553 47
554 44
555 58
556 47
557 52
558 54
559 45
560 63
561 60
562 66
563 66
564 68
565 58
566 62
567 68
568 65
569 68
570 66
571 57
572 66
573 54
574 62
575 69
576 60
577 59
578 59
579 72
580 70
581 51
582 54
583 67
584 66
585 68
586 59
587 68
588 69
589 65
590 67
591 82
592 64
593 64
594 61
595 69
596 70
597 93
598 74
599 65
600 79
601 73
602 69
603 86
604 69
605 79
606 70
607 75
608 90
609 91
610 79
611 81
612 84
613 82
614 96
615 86
616 74
617 88
618 74
619 76
620 84
621 95
622 104
623 90
624 89
625 89
626 67
627 88
628 83
629 83
630 81
631 92
632 87
633 74
634 105
635 88
636 84
637 101
638 94
639 90
640 100
641 101
642 98
643 82
644 101
645 78
646 102
647 112
648 106
649 87
650 106
651 111
652 99
653 100
654 97
655 114
656 84
657 110
658 105
659 100
660 103
661 108
662 109
663 96
664 87
665 112
666 89
667 96
668 122
669 120
670 103
671 137
672 109
673 106
674 120
675 84
676 108
677 96
678 111
679 105
680 123
681 119
682 117
683 119
684 113
685 128
686 131
687 126
688 117
689 121
690 125
691 128
692 117
693 119
694 122
695 122
696 134
697 116
698 123
699 132
700 126
701 117
702 111
703 118
704 124
705 144
706 129
707 98
708 106
709 117
710 118
711 142
712 131
713 144
714 134
715 148
716 143
717 128
718 125
719 115
720 123
721 141
722 140
723 134
724 135
725 125
726 145
727 143
728 141
729 140
730 137
731 128
732 143
733 121
734 136
735 138
736 142
737 152
738 161
739 154
740 163
741 155
742 116
743 140
744 143
745 134
746 147
747 153
748 137
749 160
750 133
751 134
752 133
753 159
754 154
755 135
756 119
757 138
758 153
759 158
760 167
761 147
762 168
763 157
764 138
765 191
766 158
767 159
768 136
769 167
770 145
771 158
772 158
773 150
774 149
775 162
776 144
777 153
778 161
779 179
780 146
781 161
782 155
783 177
784 169
785 158
786 173
787 153
788 162
789 159
790 173
791 170
792 171
793 164
794 181
795 182
796 191
797 171
798 169
799 165
800 163
801 180
802 193
803 184
804 208
805 164
806 176
807 159
808 164
809 174
810 182
811 155
812 192
813 169
814 174
815 182
816 170
817 162
818 164
819 180
820 165
821 187
822 208
823 176
824 167
825 180
826 151
827 179
828 183
829 190
830 182
831 189
832 205
833 204
834 187
835 178
836 177
837 204
838 166
839 202
840 176
841 173
842 209
843 166
844 199
845 185
846 174
847 190
848 193
849 194
850 201
851 191
852 182
853 208
854 170
855 175
856 158
857 176
858 208
859 173
860 178
861 178
862 187
863 177
864 200
865 169
866 190
867 194
868 198
869 195
870 173
871 164
872 197
873 209
874 168
875 196
876 176
877 183
878 184
879 187
880 217
881 178
882 199
883 209
884 210
885 194
886 204
887 174
888 208
889 171
890 187
891 188
892 215
893 181
894 197
895 212
896 194
897 194
898 217
899 204
900 197
901 208
902 205
903 198
904 187
905 199
906 223
907 175
908 210
909 193
910 216
911 219
912 201
913 212
914 182
915 209
916 199
917 204
918 190
919 224
920 218
921 207
922 225
923 193
924 205
925 167
926 194
927 198
928 201
929 210
930 199
931 201
932 185
933 190
934 187
935 216
936 192
937 199
938 193
939 221
940 177
941 195
942 194
943 189
944 192
945 197
946 236
947 209
948 200
949 218
950 195
951 212
952 209
953 220
954 199
955 205
956 220
957 195
958 218
959 193
960 217
961 212
962 216
963 207
964 207
965 217
966 222
967 231
968 206
969 215
970 197
971 208
972 214
973 211
974 225
975 220
976 180
977 217
978 219
979 210
980 223
981 220
982 218
983 203
984 208
985 213
986 215
987 200
988 198
989 204
990 200
991 192
992 203
993 214
994 208
995 193
996 208
997 201
998 207
999 202
1000 190
1001 187
1002 200
1003 196
1004 223
1005 226
1006 207
1007 187
1008 221
1009 202
1010 207
1011 236
1012 211
1013 202
1014 186
1015 212
1016 211
1017 213
1018 218
1019 231
1020 220
1021 182
1022 210
1023 203
1024 212
1025 209
1026 213
1027 192
1028 197
1029 218
1030 192
1031 189
1032 201
1033 196
1034 196
1035 193
1036 211
1037 204
1038 212
1039 200
1040 207
1041 202
1042 230
1043 213
1044 213
1045 200
1046 211
1047 186
1048 217
1049 207
1050 186
1051 209
1052 223
1053 205
1054 211
1055 191
1056 201
1057 209
1058 180
1059 223
1060 191
1061 203
1062 203
1063 220
1064 210
1065 235
1066 194
1067 186
1068 211
1069 204
1070 205
1071 203
1072 201
1073 211
1074 182
1075 196
1076 186
1077 211
1078 203
1079 213
1080 215
1081 210
1082 203
1083 209
1084 202
1085 217
1086 226
1087 199
1088 196
1089 198
1090 189
1091 214
1092 199
1093 205
1094 213
1095 199
1096 200
1097 172
1098 215
1099 201
1100 187
1101 190
1102 193
1103 193
1104 182
1105 207
1106 197
1107 220
1108 186
1109 151
1110 188
1111 174
1112 204
1113 190
1114 188
1115 186
1116 215
1117 178
1118 200
1119 185
1120 186
1121 192
1122 202
1123 182
1124 187
1125 196
1126 193
1127 197
1128 185
1129 200
1130 180
1131 187
1132 177
1133 161
1134 166
1135 213
1136 189
1137 169
1138 187
1139 189
1140 203
1141 168
1142 213
1143 194
1144 187
1145 173
1146 177
1147 193
1148 190
1149 218
1150 222
1151 193
1152 181
1153 210
1154 184
1155 180
1156 202
1157 176
1158 185
1159 188
1160 218
1161 204
1162 173
1163 172
1164 199
1165 166
1166 184
1167 187
1168 172
1169 177
1170 193
1171 155
1172 179
1173 163
1174 188
1175 162
1176 177
1177 180
1178 165
1179 180
1180 156
1181 198
1182 191
1183 172
1184 155
1185 171
1186 167
1187 169
1188 174
1189 193
1190 200
1191 160
1192 154
1193 140
1194 177
1195 178
1196 182
1197 186
1198 160
1199 174
1200 196
1201 189
1202 180
1203 183
1204 188
1205 171
1206 159
1207 156
1208 162
1209 151
1210 169
1211 165
1212 160
1213 187
1214 160
1215 148
1216 168
1217 174
1218 153
1219 150
1220 149
1221 148
1222 166
1223 157
1224 157
1225 175
1226 140
1227 182
1228 163
1229 168
1230 158
1231 146
1232 168
1233 158
1234 147
1235 168
1236 158
1237 147
1238 166
1239 162
1240 154
1241 140
1242 150
1243 155
1244 162
1245 153
1246 155
1247 171
1248 139
1249 127
1250 151
1251 120
1252 139
1253 141
1254 149
1255 145
1256 135
1257 158
1258 159
1259 145
1260 155
1261 142
1262 142
1263 124
1264 140
1265 132
1266 153
1267 131
1268 155
1269 142
1270 125
1271 143
1272 142
1273 130
1274 132
1275 104
1276 136
1277 148
1278 160
1279 133
1280 117
1281 145
1282 127
1283 128
1284 121
1285 136
1286 140
1287 131
1288 127
1289 149
1290 125
1291 140
1292 126
1293 126
1294 130
1295 89
1296 112
1297 121
1298 117
1299 133
1300 120
1301 117
1302 91
1303 106
1304 128
1305 128
1306 131
1307 135
1308 113
1309 120
1310 113
1311 119
1312 109
1313 127
1314 100
1315 132
1316 111
1317 140
1318 113
1319 118
1320 104
1321 95
1322 126
1323 116
1324 107
1325 113
1326 113
1327 100
1328 120
1329 96
1330 100
1331 123
1332 93
1333 108
1334 122
1335 119
1336 105
1337 109
1338 112
1339 117
1340 119
1341 91
1342 116
1343 98
1344 127
1345 121
1346 93
1347 120
1348 97
1349 95
1350 85
1351 110
1352 92
1353 101
1354 102
1355 87
1356 100
1357 106
1358 94
1359 83
1360 90
1361 84
1362 105
1363 69
1364 76
1365 82
1366 90
1367 99
1368 105
1369 97
1370 81
1371 85
1372 89
1373 95
1374 74
1375 86
1376 74
1377 90
1378 83
1379 72
1380 85
1381 83
1382 86
1383 74
1384 74
1385 78
1386 68
1387 92
1388 94
1389 73
1390 74
1391 77
1392 67
1393 89
1394 99
1395 93
1396 74
1397 89
1398 75
1399 74
1400 74
1401 66
1402 71
1403 76
1404 79
1405 68
1406 75
1407 77
1408 64
1409 84
1410 68
1411 76
1412 55
1413 65
1414 57
1415 70
1416 71
1417 74
1418 66
1419 63
1420 81
1421 62
1422 52
1423 70
1424 66
1425 67
1426 64
1427 74
1428 57
1429 66
1430 59
1431 51
1432 67
1433 56
1434 56
1435 59
1436 51
1437 71
1438 59
1439 49
1440 45
1441 46
1442 42
1443 55
1444 64
1445 46
1446 47
1447 39
1448 45
1449 52
1450 46
1451 46
1452 40
1453 51
1454 47
1455 63
1456 55
1457 49
1458 48
1459 65
1460 51
1461 51
1462 43
1463 50
1464 33
1465 57
1466 27
1467 49
1468 42
1469 55
1470 44
1471 37
1472 43
1473 36
1474 44
1475 48
1476 40
1477 30
1478 40
1479 32
1480 44
1481 37
1482 37
1483 34
1484 22
1485 30
1486 32
1487 36
1488 33
1489 39
1490 29
1491 30
1492 38
1493 39
1494 35
1495 40
1496 35
1497 29
1498 40
1499 26
1500 28
1501 30
1502 30
1503 34
1504 32
1505 36
1506 22
1507 24
1508 35
1509 29
1510 30
1511 25
1512 25
1513 26
1514 35
1515 25
1516 26
1517 37
1518 21
1519 23
1520 23
1521 24
1522 18
1523 25
1524 30
1525 19
1526 20
1527 19
1528 29
1529 13
1530 15
1531 21
1532 11
1533 18
1534 11
1535 23
1536 22
1537 14
1538 24
1539 29
1540 20
1541 24
1542 16
1543 16
1544 23
1545 16
1546 17
1547 26
1548 16
1549 18
1550 13
1551 10
1552 19
1553 17
1554 9
1555 18
1556 16
1557 11
1558 12
1559 12
1560 13
1561 10
1562 14
1563 15
1564 14
1565 11
1566 10
1567 15
1568 11
1569 9
1570 10
1571 11
1572 11
1573 7
1574 15
1575 7
1576 7
1577 8
1578 17
1579 9
1580 4
1581 14
1582 7
1583 8
1584 8
1585 8
1586 7
1587 12
1588 7
1589 8
1590 12
1591 6
1592 10
1593 2
1594 7
1595 3
1596 5
1597 13
1598 7
1599 6
1600 6
1601 5
1602 3
1603 6
1604 7
1605 7
1606 9
1607 2
1608 6
1609 3
1610 4
1611 5
1612 6
1613 1
1614 8
1615 1
1616 8
1617 5
1618 3
1619 10
1620 5
1621 3
1622 5
1623 3
1624 1
1625 2
1626 3
1627 3
1628 1
1629 4
1630 2
1631 3
1632 5
1633 5
1634 3
1635 3
1637 2
1639 1
1640 1
1641 2
1642 5
1643 1
1644 2
1645 1
1646 2
1647 1
1648 1
1649 3
1650 3
1651 1
1652 1
1653 1
1654 2
1655 2
1656 2
1658 2
1660 1
1661 2
1662 2
1665 1
1666 2
1671 1
1672 1
1674 1
1675 1
1676 1
1677 2
1679 1
1681 1
1685 2
1687 1
1688 1
1690 1
1691 2
1693 2
1694 1
1695 1
1707 1
1711 1
1724 1
1727 1
