N J h mean_R_sq err_mean_R_sq mean_R_gyr_sq err_mean_R_gyr_sq 
500 1.33 0 2112.09 34.7687 343.667 4.48085
1 84
5 202
9 86
13 222
17 214
25 332
29 210
37 253
41 241
45 226
49 122
53 256
61 252
65 532
73 269
81 140
85 522
89 260
97 249
101 250
109 249
113 280
117 261
121 137
125 536
137 245
145 572
149 252
153 260
157 263
169 425
173 271
181 266
185 530
193 285
197 290
205 560
221 534
225 416
229 278
233 286
241 271
245 275
257 264
261 265
265 523
269 314
277 286
281 282
289 431
293 253
305 559
313 245
317 274
325 792
333 283
337 292
349 270
353 283
361 127
365 517
369 306
373 250
377 535
389 218
397 253
401 258
405 281
409 281
421 306
425 792
433 267
441 154
445 548
449 259
457 285
461 261
477 266
481 527
485 556
493 549
505 550
509 300
521 274
529 131
533 544
541 295
545 550
549 282
557 248
565 575
569 244
577 290
585 531
593 263
601 280
605 246
613 253
617 268
625 648
629 507
637 273
641 259
653 279
657 283
661 266
673 278
677 274
685 509
689 566
697 509
701 286
709 287
725 795
729 151
733 253
745 518
757 238
761 237
765 519
769 275
773 244
785 551
793 564
797 288
801 267
809 235
821 253
829 264
833 283
841 390
845 789
853 270
857 217
865 507
873 248
877 235
881 273
901 514
905 525
909 247
925 741
929 242
937 255
941 249
949 470
953 265
961 140
965 545
977 239
981 231
985 490
997 240
1009 257
1013 274
1017 252
1021 269
1025 759
1033 244
1037 489
1049 229
1053 230
1061 235
1069 244
1073 476
1089 110
1093 236
1097 233
1105 965
1109 263
1117 235
1125 496
1129 228
1145 463
1153 215
1157 488
1165 440
1181 250
1189 496
1193 243
1201 252
1205 447
1213 234
1217 205
1225 303
1229 231
1233 228
1237 258
1241 503
1249 218
1261 485
1277 237
1285 477
1289 212
1297 211
1301 235
1305 468
1313 493
1321 222
1325 662
1341 219
1345 452
1361 241
1369 346
1373 249
1377 211
1381 249
1385 456
1405 488
1409 206
1413 216
1417 423
1421 211
1429 228
1433 210
1445 649
1453 217
1465 453
1469 459
1481 218
1489 220
1493 205
1513 429
1517 435
1521 282
1525 659
1537 377
1549 209
1553 192
1557 207
1565 415
1573 215
1585 404
1597 202
1601 218
1609 194
1613 215
1621 191
1625 844
1629 209
1637 183
1649 452
1657 217
1665 381
1669 205
1681 282
1685 346
1693 187
1697 202
1709 176
1717 410
1721 196
1733 182
1737 181
1741 200
1745 390
1753 191
1765 378
1769 396
1773 196
1777 191
1781 384
1789 213
1801 199
1805 223
1813 195
1825 569
1845 364
1849 88
1853 400
1861 180
1865 385
1873 174
1877 163
1885 703
1889 156
1901 199
1913 192
1921 327
1933 180
1937 374
1945 350
1949 174
1961 341
1973 189
1985 383
1989 345
1993 199
1997 170
2005 337
2009 187
2017 174
2025 258
2029 204
2041 352
2045 330
2053 182
2057 176
2061 166
2069 165
2081 170
2089 173
2097 154
2105 347
2113 174
2117 334
2125 702
2129 189
2137 187
2141 162
2153 180
2161 166
2165 327
2169 167
2173 318
2197 321
2205 167
2209 61
2213 150
2221 165
2225 506
2237 156
2245 320
2249 311
2257 326
2269 160
2273 152
2281 154
2285 291
2293 142
2297 139
2305 314
2309 187
2313 151
2329 330
2333 142
2341 152
2349 140
2353 272
2357 134
2377 153
2381 143
2385 316
2389 136
2393 153
2401 73
2405 574
2417 145
2421 162
2425 470
2437 156
2441 144
2465 581
2473 144
2477 151
2493 155
2501 315
2509 298
2521 121
2525 409
2529 138
2533 284
2545 283
2549 128
2557 123
2561 299
2581 275
2593 122
2597 140
2601 201
2605 270
2609 133
2617 130
2621 146
2633 152
2637 113
2645 127
2657 132
2665 551
2669 269
2677 132
2689 127
2693 122
2701 250
2705 274
2713 119
2725 391
2729 137
2741 108
2745 259
2749 132
2753 143
2777 120
2785 268
2789 107
2797 128
2801 136
2809 179
2813 241
2817 112
2825 336
2833 122
2837 124
2845 229
2853 121
2857 91
2861 115
2873 362
2885 228
2897 126
2909 109
2917 116
2925 339
2929 225
2941 237
2953 111
2957 121
2965 242
2969 125
2977 237
2989 122
2993 233
2997 115
3001 116
3005 238
3025 165
3029 236
3033 108
3037 103
3041 120
3049 108
3061 93
3065 216
3077 204
3085 227
3089 121
3109 109
3121 117
3125 312
3133 198
3137 120
3141 101
3145 420
3161 203
3169 104
3177 86
3181 114
3185 218
3205 202
3209 90
3217 97
3221 108
3229 104
3233 181
3249 49
3253 93
3257 113
3265 191
3277 189
3281 195
3285 201
3293 189
3301 109
3305 201
3313 122
3321 98
3329 94
3341 206
3349 192
3357 92
3361 111
3365 175
3373 96
3385 187
3389 89
3393 196
3413 88
3425 275
3433 83
3445 356
3449 88
3457 88
3461 99
3469 96
3481 41
3485 324
3497 165
3501 72
3505 174
3509 84
3517 74
3529 101
3533 84
3541 86
3545 157
3557 76
3573 95
3577 85
3581 79
3589 167
3593 94
3601 183
3609 92
3613 102
3617 76
3625 336
3637 84
3645 79
3649 172
3653 171
3665 152
3673 64
3677 81
3681 82
3697 74
3701 87
3709 73
3721 106
3725 233
3733 74
3737 132
3757 214
3761 86
3769 64
3785 152
3789 66
3793 64
3797 83
3805 130
3809 166
3821 77
3825 230
3833 82
3845 147
3853 67
3865 169
3869 130
3877 72
3881 86
3889 92
3893 138
3897 84
3917 84
3925 211
3929 88
3961 140
3965 244
3969 35
3973 127
3977 130
3985 137
3989 61
4001 65
4005 146
4013 68
4021 51
4033 116
4041 67
4045 145
4049 58
4057 71
4069 147
4073 54
4093 63
4097 132
4105 109
4113 65
4121 136
4129 60
4133 57
4141 118
4145 124
4149 56
4153 55
4157 67
4165 105
4177 66
4181 129
4201 48
4205 189
4217 62
4225 291
4229 47
4241 58
4253 71
4261 63
4265 117
4273 60
4285 106
4289 55
4293 57
4297 61
4321 108
4325 168
4329 107
4337 49
4349 54
4357 49
4361 56
4365 108
4369 108
4373 61
4381 137
4385 104
4397 41
4405 111
4409 43
4421 56
4437 89
4441 46
4453 103
4457 48
4469 91
4477 46
4481 60
4489 26
4493 55
4505 214
4513 35
4517 47
4525 141
4537 101
4545 99
4549 51
4553 78
4561 59
4573 104
4581 75
4589 113
4597 55
4621 48
4625 195
4633 87
4637 40
4645 97
4649 51
4657 43
4673 34
4685 92
4689 34
4693 45
4705 91
4709 102
4717 93
4721 61
4729 53
4733 39
4745 181
4753 57
4761 22
4765 102
4777 88
4789 41
4793 48
4797 85
4801 39
4805 38
4813 59
4817 41
4825 134
4849 86
4861 41
4869 36
4877 42
4885 68
4889 54
4901 127
4905 81
4909 39
4913 94
4925 137
4933 32
4937 30
4941 44
4949 48
4957 43
4961 36
4969 32
4973 39
4981 113
4985 74
4993 42
5009 35
5013 44
5017 77
5021 49
5041 23
5045 66
5057 71
5065 81
5069 81
5077 41
5081 28
5085 70
5101 24
5105 75
5113 39
5121 29
5125 129
5141 67
5153 37
5161 76
5165 79
5185 131
5189 31
5193 40
5197 35
5209 37
5213 62
5233 44
5237 41
5245 66
5249 62
5261 37
5265 78
5273 24
5281 22
5297 26
5305 65
5309 27
5317 67
5321 61
5329 30
5333 30
5337 36
5341 33
5345 41
5353 61
5365 132
5381 36
5389 83
5393 25
5409 38
5413 33
5417 25
5429 59
5437 22
5441 33
5445 26
5449 38
5465 52
5473 67
5477 28
5485 61
5501 19
5513 37
5517 27
5521 23
5525 173
5537 22
5545 55
5553 21
5557 27
5569 25
5573 28
5581 28
5585 48
5597 63
5617 49
5625 75
5629 53
5641 28
5645 69
5653 24
5657 20
5661 54
5669 18
5689 34
5693 21
5701 23
5713 53
5717 32
5725 72
5729 50
5733 20
5737 18
5741 18
5749 31
5765 61
5769 26
5777 46
5785 110
5801 23
5809 52
5813 19
5821 37
5825 68
5837 58
5849 24
5857 20
5861 19
5869 15
5877 24
5881 21
5897 16
5905 47
5913 20
5917 56
5929 13
5933 51
5941 46
5945 82
5949 19
5953 27
5965 41
5981 10
5989 35
5993 42
6001 36
6005 58
6025 54
6029 23
6037 27
6053 24
6057 22
6065 35
6073 24
6085 46
6089 27
6093 13
6101 20
6109 41
6113 19
6121 15
6125 47
6133 26
6137 26
6145 32
6161 30
6165 39
6173 15
6185 37
6197 23
6201 41
6205 70
6217 27
6221 19
6229 19
6241 9
6245 38
6253 49
6257 20
6269 18
6273 35
6277 27
6301 13
6305 65
6309 14
6317 17
6329 22
6337 14
6341 39
6353 27
6361 18
6373 13
6381 24
6385 38
6389 16
6397 16
6401 35
6409 67
6413 20
6421 20
6425 52
6437 25
6445 34
6449 19
6469 18
6473 18
6481 24
6485 31
6497 21
6505 31
6521 15
6525 49
6529 16
6553 13
6561 5
6565 59
6569 18
6577 16
6581 15
6597 10
6605 26
6613 25
6617 32
6625 54
6637 10
6641 33
6649 41
6653 20
6661 11
6673 14
6689 10
6697 20
6701 9
6705 30
6709 15
6713 20
6725 44
6733 17
6737 12
6749 29
6757 26
6761 11
6773 19
6781 11
6793 13
6805 30
6813 15
6817 37
6829 12
6833 12
6841 11
6845 48
6849 12
6857 11
6865 26
6869 8
6877 13
6885 22
6889 6
6893 17
6905 20
6917 10
6921 8
6925 41
6929 33
6949 9
6953 19
6957 11
6961 16
6977 13
6989 22
6997 9
7001 11
7013 9
7025 32
7033 17
7045 26
7057 11
7065 20
7069 6
7081 20
7085 46
7093 18
7105 18
7109 13
7121 8
7129 11
7137 13
7141 14
7145 22
7157 21
7165 17
7173 6
7177 16
7193 10
7209 7
7213 8
7225 39
7229 8
7237 12
7241 23
7253 9
7261 16
7265 16
7281 9
7289 13
7297 16
7301 8
7309 13
7321 6
7325 28
7333 11
7345 35
7349 5
7361 26
7369 5
7373 30
7381 9
7389 14
7393 9
7397 15
7405 8
7417 15
7421 12
7433 1
7445 18
7453 23
7457 3
7461 4
7465 12
7477 6
7481 8
7489 16
7497 11
7501 13
7517 11
7529 11
7537 16
7541 7
7549 8
7561 5
7565 29
7569 8
7573 8
7577 8
7585 39
7589 7
7605 21
7621 12
7625 17
7633 14
7649 4
7669 5
7673 6
7677 7
7681 11
7685 27
7693 12
7709 20
7713 3
7717 9
7741 7
7745 10
7753 4
7757 5
7765 12
7769 12
7785 12
7789 8
7793 5
7801 15
7813 9
7817 6
7825 21
7829 8
7837 11
7841 6
7853 6
7857 8
7865 8
7873 6
7877 2
7893 6
7897 19
7901 5
7913 16
7921 7
7925 27
7929 8
7933 4
7937 7
7949 4
7957 10
7969 7
7985 9
7993 8
8005 15
8009 6
8017 4
8021 12
8033 13
8045 8
8053 9
8065 11
8069 1
8077 13
8081 3
8089 5
8093 5
8101 3
8105 12
8109 15
8117 8
8125 28
8145 11
8149 9
8161 8
8177 16
8181 8
8185 12
8209 4
8221 3
8233 4
8237 4
8245 20
8249 9
8269 4
8273 6
8281 8
8285 8
8293 5
8297 3
8317 6
8321 15
8325 17
8329 8
8333 5
8345 13
8353 6
8357 14
8361 10
8377 7
8381 14
8389 5
8405 5
8425 12
8429 8
8433 5
8461 3
8465 8
8469 5
8473 8
8477 2
8485 9
8489 10
8497 9
8501 5
8513 2
8521 6
8537 2
8541 6
8545 7
8573 4
8577 3
8581 4
8585 15
8593 5
8597 3
8605 6
8609 3
8621 7
8633 7
8641 4
8649 6
8653 9
8665 8
8669 4
8677 7
8681 6
8685 5
8689 5
8693 3
8705 11
8713 4
8725 6
8737 4
8741 2
8749 10
8753 1
8761 3
8765 4
8793 3
8801 9
8821 5
8825 9
8829 4
8833 3
8837 3
8845 6
8849 4
8857 6
8861 2
8865 8
8869 4
8885 3
8893 4
8905 9
8917 14
8929 5
8933 3
8941 3
8945 8
8957 6
8969 2
8973 1
8989 8
9001 6
9005 4
9013 4
9025 6
9029 6
9041 3
9049 1
9061 12
9065 8
9077 9
9081 2
9089 6
9109 3
9113 4
9117 2
9125 10
9133 1
9137 2
9153 1
9157 2
9161 4
9169 7
9173 1
9181 1
9189 5
9193 3
9197 6
9217 3
9221 1
9225 7
9241 2
9245 6
9257 1
9265 9
9281 4
9293 2
9297 3
9305 4
9325 8
9333 13
9337 1
9341 2
9349 2
9365 6
9377 3
9385 2
9389 4
9397 1
9409 4
9413 2
9421 2
9425 16
9433 1
9437 2
9441 2
9445 1
9457 8
9461 4
9469 10
9473 1
9477 2
9497 3
9505 7
9509 4
9521 2
9529 5
9549 3
9553 1
9565 3
9577 4
9593 3
9601 1
9605 3
9613 1
9621 1
9649 4
9653 2
9657 3
9661 1
9665 3
9673 3
9685 8
9697 1
9701 1
9721 2
9725 8
9733 3
9745 6
9749 3
9769 2
9773 1
9801 1
9805 7
9809 3
9817 4
9829 1
9833 4
9837 2
9841 2
9857 6
9865 4
9873 2
9881 1
9893 1
9925 3
9929 1
9945 5
9949 1
9953 2
9973 1
9981 1
9985 4
9997 1
10001 4
10009 3
10025 2
10037 1
10045 6
10049 4
10053 1
10057 3
10061 1
10069 2
10081 3
10085 3
10093 1
10121 1
10125 2
10141 1
10145 1
10161 3
10169 2
10181 1
10193 1
10201 1
10205 4
10217 3
10225 4
10237 2
10253 2
10265 3
10273 1
10289 1
10305 1
10309 4
10321 1
10333 1
10345 5
10357 3
10361 1
10397 6
10413 3
10429 4
10433 1
10441 1
10445 2
10457 1
10469 2
10477 1
10485 1
10489 3
10501 3
10513 1
10517 4
10525 4
10537 1
10573 3
10585 7
10589 1
10597 1
10625 4
10645 1
10673 4
10685 1
10693 1
10701 3
10753 1
10765 2
10789 2
10817 3
10825 1
10837 1
10841 2
10853 3
10861 1
10865 3
10877 1
10897 1
10917 3
10933 2
10953 1
10961 5
10985 1
10993 2
11009 2
11025 1
11029 1
11041 2
11045 4
11069 2
11097 3
11101 2
11105 2
11125 1
11141 1
11149 2
11169 2
11173 1
11185 1
11197 2
11213 1
11225 1
11241 1
11257 1
11273 1
11285 2
11345 1
11349 3
11353 1
11357 1
11393 1
11401 2
11417 2
11425 3
11437 1
11441 2
11453 1
11461 5
11485 1
11489 1
11509 1
11521 2
11525 1
11545 1
11601 1
11633 1
11645 2
11705 1
11709 1
11713 4
11737 2
11745 1
11765 3
11773 1
11785 1
11789 1
11813 1
11817 2
11849 1
11861 1
11925 2
11953 1
11981 1
12013 1
12017 1
12025 3
12037 1
12053 1
12105 1
12125 1
12161 1
12185 1
12193 1
12209 2
12221 1
12233 1
12325 1
12373 1
12377 2
12385 1
12457 1
12605 2
12625 1
12665 1
12701 2
12717 1
12805 1
12853 1
12937 1
12953 1
12973 1
13005 1
13025 1
13045 1
13165 1
13189 1
13229 1
13297 1
13345 2
13429 1
13481 1
13525 1
13549 1
13613 1
13673 1
13709 1
13757 1
13897 1
14089 1
14125 1
14389 1
14401 1
14485 1
14717 1
14945 1
15245 1
15293 1
15581 1
16385 1
17029 1
17645 1
20285 1
21253 1
26897 1
29241 1
29945 1
29965 1
30501 2
30625 1
30689 1
30881 1
31333 1
31365 1
31693 1
32045 1
32077 1
32425 1
33205 1
33293 1
35069 1
35737 1
35785 1
38425 1
