N J h mean_R_sq err_mean_R_sq mean_R_gyr_sq err_mean_R_gyr_sq 
700 1.315 0 3758.38 79.9486 591.693 10.3347
0 1091
1 2241
2 2330
3 2325
4 2367
5 2222
6 2284
7 2413
8 2298
9 2345
10 2266
11 2342
12 2232
13 2327
14 2323
15 2357
16 2357
17 2229
18 2377
19 2310
20 2386
21 2261
22 2274
23 2292
24 2256
25 2329
26 2303
27 2298
28 2285
29 2261
30 2215
31 2292
32 2205
33 2183
34 2130
35 2073
36 2159
37 2201
38 2112
39 2049
40 2021
41 2051
42 1995
43 1875
44 1857
45 1836
46 1754
47 1833
48 1726
49 1745
50 1678
51 1650
52 1579
53 1593
54 1593
55 1607
56 1434
57 1449
58 1369
59 1337
60 1248
61 1255
62 1189
63 1218
64 1140
65 1059
66 1077
67 1064
68 927
69 949
70 868
71 899
72 817
73 747
74 753
75 774
76 668
77 689
78 681
79 653
80 586
81 574
82 545
83 500
84 451
85 457
86 408
87 404
88 394
89 361
90 320
91 324
92 277
93 276
94 288
95 221
96 214
97 202
98 185
99 151
100 135
101 140
102 136
103 131
104 134
105 111
106 101
107 93
108 76
109 85
110 45
111 54
112 55
113 49
114 52
115 38
116 46
117 31
118 26
119 35
120 16
121 22
122 20
123 14
124 15
125 13
126 11
127 12
128 10
129 7
130 6
131 6
132 13
133 5
134 6
135 3
136 5
137 5
138 2
139 5
140 6
141 1
142 8
143 6
144 5
145 9
146 4
147 2
148 3
149 5
150 7
151 4
152 4
153 3
154 4
155 1
156 2
157 6
158 5
160 2
161 2
162 3
163 1
164 2
165 1
167 1
168 2
170 1
171 1
172 2
173 1
176 1
179 1
187 1
188 1
190 1
194 1
195 1
196 1
202 1
203 1
207 2
209 5
212 1
216 1
221 1
229 1
230 1
233 1
240 1
244 1
261 1
268 1
270 1
274 1
287 1
291 1
