N J h mean_R_sq err_mean_R_sq mean_R_gyr_sq err_mean_R_gyr_sq 
500 1.3 0 2667.97 35.0072 416.35 4.46018
0 1470
1 3098
2 2994
3 2972
4 3006
5 2843
6 3069
7 3051
8 2983
9 3024
10 3096
11 3078
12 3086
13 3058
14 3005
15 2964
16 3040
17 2989
18 3014
19 2960
20 2929
21 2878
22 3036
23 2822
24 2898
25 2712
26 2796
27 2735
28 2781
29 2750
30 2700
31 2566
32 2647
33 2585
34 2610
35 2485
36 2553
37 2382
38 2395
39 2383
40 2283
41 2246
42 2044
43 2065
44 2070
45 1979
46 1963
47 1828
48 1859
49 1758
50 1730
51 1649
52 1530
53 1449
54 1478
55 1363
56 1310
57 1258
58 1198
59 1148
60 1041
61 1011
62 929
63 947
64 902
65 832
66 825
67 712
68 678
69 651
70 595
71 574
72 472
73 460
74 458
75 420
76 380
77 384
78 344
79 286
80 259
81 258
82 224
83 213
84 177
85 173
86 141
87 153
88 142
89 128
90 104
91 99
92 88
93 70
94 54
95 55
96 54
97 51
98 46
99 33
100 29
101 33
102 38
103 28
104 17
105 21
106 18
107 13
108 14
109 6
110 9
111 5
112 5
113 4
114 5
115 6
116 9
117 2
118 5
119 6
120 3
121 2
122 1
123 1
124 1
125 2
126 2
127 5
129 5
130 2
131 1
133 1
134 3
135 1
136 1
137 2
138 1
140 1
141 3
142 2
144 1
146 2
148 1
150 1
154 1
155 1
165 1
169 1
178 2
184 1
