N J h mean_R_sq err_mean_R_sq mean_R_gyr_sq err_mean_R_gyr_sq 
700 1.36 0 2471.88 78.7515 421.376 9.60583
0 1641
1 3283
2 3291
3 3260
4 3352
5 3390
6 3301
7 3370
8 3372
9 3383
10 3445
11 3349
12 3197
13 3351
14 3268
15 3265
16 3200
17 3295
18 3127
19 3119
20 3124
21 2970
22 3033
23 2921
24 2918
25 2816
26 2746
27 2676
28 2617
29 2663
30 2589
31 2516
32 2386
33 2412
34 2390
35 2294
36 2181
37 2122
38 2055
39 2017
40 1952
41 1810
42 1835
43 1724
44 1642
45 1578
46 1539
47 1488
48 1487
49 1425
50 1315
51 1213
52 1104
53 1130
54 1086
55 1024
56 973
57 866
58 892
59 782
60 757
61 776
62 722
63 677
64 591
65 527
66 520
67 521
68 491
69 450
70 442
71 391
72 337
73 325
74 334
75 265
76 271
77 246
78 237
79 243
80 195
81 188
82 179
83 162
84 139
85 119
86 123
87 130
88 113
89 91
90 96
91 71
92 83
93 62
94 57
95 60
96 51
97 51
98 43
99 42
100 31
101 26
102 29
103 24
104 20
105 22
106 17
107 11
108 10
109 11
110 10
111 17
112 8
113 8
114 10
115 11
116 5
117 5
118 6
119 8
120 4
121 7
122 10
123 2
124 3
125 4
126 4
127 3
128 5
129 3
130 2
131 1
132 1
133 1
134 1
136 5
138 2
139 1
140 1
141 2
142 1
143 1
145 1
147 3
149 2
150 3
152 1
154 2
155 2
156 3
157 1
158 1
159 3
160 4
161 3
162 1
163 1
165 5
166 1
167 2
168 1
169 1
171 2
172 5
173 2
174 4
175 2
176 2
177 2
179 3
180 1
181 3
182 3
183 2
185 2
187 3
190 1
191 1
192 1
193 1
196 1
198 1
203 1
208 1
219 1
223 1
226 1
227 1
228 1
229 1
230 1
252 1
256 2
258 1
268 1
270 1
