N J h mean_R_sq err_mean_R_sq mean_R_gyr_sq err_mean_R_gyr_sq 
500 1.36 0 1554.17 28.7703 271.939 3.5229
0 2011
1 4139
2 4128
3 4266
4 4287
5 4160
6 4084
7 4070
8 4081
9 3999
10 4159
11 4057
12 4109
13 4012
14 3991
15 3944
16 3900
17 3869
18 3724
19 3653
20 3691
21 3527
22 3499
23 3460
24 3335
25 3254
26 3157
27 3096
28 3021
29 2879
30 2731
31 2753
32 2531
33 2526
34 2341
35 2276
36 2155
37 2041
38 1995
39 1874
40 1830
41 1664
42 1552
43 1627
44 1444
45 1376
46 1297
47 1217
48 1210
49 1018
50 1044
51 923
52 843
53 822
54 735
55 743
56 661
57 632
58 551
59 491
60 435
61 424
62 390
63 354
64 351
65 262
66 242
67 232
68 193
69 192
70 167
71 144
72 112
73 110
74 97
75 91
76 73
77 54
78 57
79 58
80 47
81 52
82 37
83 29
84 26
85 16
86 20
87 11
88 17
89 15
90 7
91 8
92 7
93 6
94 11
95 9
96 6
97 8
98 4
99 3
100 4
101 4
102 2
103 1
104 1
105 1
107 2
112 2
113 1
114 1
115 1
117 1
119 1
121 1
125 1
127 2
131 2
132 1
133 1
134 1
135 1
139 2
143 2
144 1
146 1
147 2
149 1
150 3
151 2
153 1
154 2
156 2
159 1
171 2
173 1
183 1
187 1
