N J h mean_R_sq err_mean_R_sq mean_R_gyr_sq err_mean_R_gyr_sq 
700 1.345 0 2844.83 70.8802 474.263 8.62864
0 1412
1 2926
2 2888
3 2907
4 2806
5 2876
6 2964
7 2985
8 2821
9 2851
10 2791
11 2899
12 3043
13 2882
14 2873
15 2678
16 2850
17 2916
18 2801
19 2890
20 2852
21 2836
22 2794
23 2773
24 2795
25 2716
26 2688
27 2558
28 2586
29 2642
30 2641
31 2500
32 2483
33 2457
34 2395
35 2332
36 2393
37 2264
38 2295
39 2157
40 2080
41 2064
42 2024
43 1928
44 1998
45 1822
46 1773
47 1769
48 1703
49 1659
50 1572
51 1539
52 1471
53 1424
54 1399
55 1306
56 1345
57 1264
58 1190
59 1189
60 1105
61 1063
62 1006
63 1003
64 832
65 857
66 784
67 720
68 749
69 704
70 636
71 612
72 545
73 529
74 440
75 460
76 422
77 413
78 361
79 315
80 322
81 301
82 304
83 236
84 218
85 213
86 185
87 170
88 165
89 125
90 125
91 118
92 89
93 94
94 96
95 76
96 59
97 62
98 44
99 52
100 52
101 40
102 34
103 37
104 30
105 23
106 22
107 13
108 15
109 14
110 16
111 11
112 9
113 13
114 10
115 16
116 6
117 9
118 4
119 6
120 6
121 4
122 7
123 8
124 5
125 1
126 1
127 2
128 3
129 2
130 4
131 5
132 2
133 2
134 2
136 3
137 1
138 1
139 2
140 2
141 1
142 2
143 1
144 1
146 4
148 1
149 2
150 2
151 2
152 2
153 2
154 1
155 1
157 1
158 1
159 2
160 1
162 1
164 1
166 4
167 1
168 1
169 1
170 4
174 1
175 1
176 1
178 1
182 1
184 1
186 2
188 1
190 1
192 1
193 3
195 2
196 1
206 1
211 2
212 1
216 1
218 1
221 3
223 1
224 1
225 2
226 1
227 5
228 1
229 3
230 3
231 1
233 1
234 2
236 1
237 1
238 2
239 1
240 3
241 1
242 2
243 1
244 1
245 2
246 3
247 1
248 1
249 1
259 1
262 1
274 1
