N J h mean_R_sq err_mean_R_sq mean_R_gyr_sq err_mean_R_gyr_sq 
700 1.3 0 4118.7 111.303 640.453 11.5585
0 1066
1 2226
2 2172
3 2162
4 2235
5 2101
6 2213
7 2235
8 2252
9 2130
10 2156
11 2215
12 2130
13 2169
14 2285
15 2300
16 2153
17 2166
18 2347
19 2250
20 2198
21 2170
22 2223
23 2207
24 2257
25 2285
26 2138
27 2214
28 2204
29 2184
30 2084
31 2114
32 2087
33 2123
34 2046
35 2106
36 2030
37 2066
38 1943
39 1977
40 1917
41 1868
42 1846
43 1826
44 1745
45 1896
46 1814
47 1816
48 1746
49 1727
50 1651
51 1692
52 1622
53 1654
54 1560
55 1464
56 1526
57 1418
58 1382
59 1400
60 1296
61 1316
62 1276
63 1257
64 1182
65 1131
66 1066
67 1078
68 1044
69 990
70 1014
71 972
72 940
73 886
74 819
75 778
76 777
77 766
78 764
79 719
80 673
81 655
82 627
83 576
84 535
85 528
86 486
87 385
88 460
89 408
90 387
91 382
92 323
93 353
94 307
95 248
96 303
97 265
98 254
99 235
100 197
101 218
102 194
103 161
104 154
105 135
106 104
107 132
108 110
109 103
110 91
111 95
112 68
113 94
114 69
115 62
116 79
117 53
118 46
119 49
120 40
121 36
122 31
123 30
124 23
125 23
126 24
127 16
128 17
129 12
130 13
131 13
132 4
133 7
134 13
135 5
136 5
137 11
138 2
139 3
140 8
141 4
142 2
143 4
144 4
145 1
146 2
147 3
148 2
149 2
150 1
151 4
152 2
153 2
154 4
155 3
156 3
157 1
158 2
159 1
160 2
161 4
163 3
164 1
165 2
166 2
167 2
168 1
170 1
172 3
173 1
174 1
176 1
180 1
181 1
184 1
186 1
188 1
192 1
194 1
195 1
200 1
204 1
212 2
215 1
219 1
223 1
234 2
235 1
240 1
243 1
248 1
249 2
254 1
258 1
263 1
265 1
269 1
