N J h mean_R_sq err_mean_R_sq mean_R_gyr_sq err_mean_R_gyr_sq 
700 1.45 0 791.253 59.9254 199.361 8.35956
0 2460
1 5126
2 5133
3 5172
4 4964
5 4946
6 5171
7 5074
8 4971
9 4826
10 4857
11 4637
12 4495
13 4383
14 4167
15 4215
16 3979
17 3759
18 3585
19 3380
20 3199
21 3064
22 2979
23 2796
24 2627
25 2504
26 2351
27 2137
28 1899
29 1830
30 1685
31 1527
32 1425
33 1236
34 1181
35 1066
36 977
37 863
38 746
39 726
40 573
41 514
42 487
43 415
44 347
45 275
46 265
47 249
48 199
49 155
50 155
51 137
52 111
53 100
54 99
55 89
56 83
57 49
58 61
59 58
60 52
61 42
62 37
63 34
64 25
65 17
66 17
67 15
68 20
69 14
70 11
71 13
72 17
73 5
74 6
75 7
76 8
77 1
78 3
79 5
80 2
81 1
82 3
83 2
93 1
97 2
