N J h mean_R_sq err_mean_R_sq mean_R_gyr_sq err_mean_R_gyr_sq 
700 1.405 0 1292.36 42.4963 267.603 5.64129
0 1933
1 3942
2 3897
3 3873
4 3952
5 3981
6 3917
7 3941
8 3916
9 3928
10 3902
11 3874
12 3800
13 3703
14 3699
15 3466
16 3548
17 3435
18 3347
19 3341
20 3129
21 3191
22 2931
23 2948
24 2760
25 2634
26 2686
27 2511
28 2290
29 2237
30 2182
31 1994
32 1863
33 1843
34 1747
35 1696
36 1504
37 1487
38 1404
39 1376
40 1309
41 1171
42 1078
43 1002
44 945
45 882
46 808
47 736
48 663
49 640
50 588
51 531
52 502
53 468
54 407
55 391
56 388
57 337
58 319
59 274
60 232
61 196
62 185
63 188
64 174
65 144
66 127
67 129
68 128
69 93
70 84
71 89
72 78
73 65
74 71
75 59
76 58
77 40
78 34
79 48
80 35
81 27
82 18
83 19
84 23
85 21
86 8
87 11
88 15
89 7
90 4
91 10
92 6
93 7
94 6
95 2
97 1
98 2
99 3
100 2
101 1
104 1
105 1
