N J h mean_R_sq err_mean_R_sq mean_R_gyr_sq err_mean_R_gyr_sq 
700 1.345 0 2844.83 70.8802 474.263 8.62864
0 1445
1 2979
2 3013
3 3029
4 3050
5 3000
6 3099
7 2992
8 2914
9 3015
10 2969
11 3063
12 3012
13 2974
14 2922
15 2953
16 2902
17 2815
18 2817
19 2842
20 2774
21 2800
22 2668
23 2775
24 2768
25 2724
26 2626
27 2681
28 2536
29 2560
30 2575
31 2542
32 2559
33 2458
34 2367
35 2373
36 2281
37 2117
38 2201
39 2151
40 2030
41 1980
42 1929
43 1902
44 1861
45 1847
46 1799
47 1653
48 1646
49 1582
50 1500
51 1460
52 1405
53 1397
54 1300
55 1275
56 1211
57 1115
58 1147
59 1021
60 1072
61 939
62 915
63 878
64 868
65 794
66 775
67 751
68 718
69 679
70 623
71 599
72 589
73 551
74 495
75 479
76 472
77 394
78 352
79 363
80 320
81 291
82 274
83 274
84 254
85 256
86 228
87 152
88 197
89 170
90 159
91 131
92 132
93 134
94 119
95 120
96 96
97 98
98 90
99 81
100 68
101 60
102 50
103 48
104 53
105 39
106 34
107 42
108 23
109 25
110 14
111 22
112 16
113 11
114 10
115 12
116 10
117 12
118 11
119 6
120 5
121 7
122 4
123 6
124 5
125 3
126 6
127 1
129 3
130 1
131 1
132 2
133 4
140 1
144 1
