2500 1.305 0 6197.83 3429.08 1926.77 1231.31 -1.28821 0.00656357 1.66571 0.0152671 2.81116 0.0439153 -0.0125748 0.0057844 0.00777903 0.00566976 0.135134 0.00506326 0.0282916 0.00161534 2500000000 0.145729 0.00444885 0.3252 0.00132956 0.528887 0.00515239 1700.28 1225 226.489 7.16568 0.148806 0.00934709 
3600 1.305 0 58981.7 55825.7 25291.5 24286.8 -1.32494 0.026975 1.77285 0.0570374 3.22373 0.140428 -0.0045394 0.00869936 -0.0155115 0.0116029 0.165353 0.0102188 0.0384081 0.00271037 1100000000 0.140211 0.0247511 0.300395 0.00530317 0.559286 0.0197867 24984.3 24279.7 307.194 10.5239 0.149079 0.0465199 
4900 1.305 0 291031 259297 157373 146437 -1.31016 0.0711035 1.76471 0.14818 3.32618 0.360375 0.00368581 0.0134124 -0.0214003 0.0124343 0.181235 0.0209401 0.0463534 0.0058596 600000000 0.173084 0.0692602 0.271773 0.0176639 0.555067 0.0516691 157024 146463 349.313 27.3966 0.223174 0.0931951 
2500 1.31 0 47723.9 43562.1 11964.6 10950.5 -1.28786 0.0232911 1.67443 0.0498931 2.88231 0.125354 0.0079796 0.0082431 -0.00623714 0.00790053 0.149775 0.00985968 0.0341966 0.00318673 1300000000 0.156666 0.0219282 0.313687 0.00696963 0.52946 0.0172085 11760.4 10951.2 204.193 7.06998 0.225114 0.0381046 
3600 1.31 0 115085 105875 48967.9 45392.8 -1.32495 0.0440512 1.78495 0.0930039 3.31914 0.230618 -0.00445838 0.0162994 -0.00714019 0.0128491 0.186588 0.0150896 0.0492188 0.00470599 600000000 0.148794 0.0417822 0.285141 0.0097514 0.565961 0.0322104 48680.9 45401.9 287.063 10.5167 0.154408 0.0645608 
4900 1.31 0 180394 166620 44359.8 40616.8 -1.34428 0.0354994 1.82573 0.0811866 3.43062 0.226731 0.00264103 0.0129986 0.0292856 0.0122165 0.166899 0.0161331 0.0407425 0.00492519 600000000 0.134621 0.0309972 0.288882 0.00535308 0.57642 0.0267969 43939.4 40549.2 420.387 70.4853 0.279781 0.0719525 
2500 1.315 0 14372.7 11732.6 2752.38 2041.13 -1.31434 0.0143543 1.73516 0.0336616 3.05612 0.0959261 0.00785992 0.00727732 0.0029585 0.00666815 0.1654 0.00735087 0.0399664 0.00222352 2100000000 0.136906 0.0108849 0.312044 0.00109467 0.550886 0.0115309 2541.02 2034.76 211.365 7.02903 0.17943 0.0381315 
3600 1.315 0 32135.3 29324.4 9590.45 8662.99 -1.36944 0.00948581 1.88248 0.0212709 3.58193 0.0593247 0.0189522 0.0120164 0.00481454 0.0106846 0.200443 0.00704857 0.0535958 0.00297924 1000000000 0.112315 0.00906781 0.292553 0.0026044 0.59504 0.00726429 9315.23 8655.5 275.223 8.09373 0.153891 0.0186064 
4900 1.315 0 106906 102671 19126.9 17880 -1.39016 0.0184287 1.94083 0.0447871 3.81584 0.13838 -0.0241077 0.0216734 0.00258243 0.0189943 0.211109 0.00991262 0.0574388 0.00407844 500000000 0.107526 0.0165567 0.277982 0.00409682 0.614418 0.0129811 18755.2 17866.2 371.701 18.617 0.172687 0.0504144 
2500 1.32 0 7707.16 5708.93 1850.84 1239.04 -1.34744 0.00415189 1.81956 0.0100592 3.33601 0.0314981 0.00010548 0.00757437 -0.000486476 0.00764173 0.190696 0.00495821 0.0493691 0.00213943 1800000000 0.119031 0.0032821 0.302687 0.00149572 0.578134 0.00386588 1646.6 1238.96 204.232 2.47409 0.125299 0.0112497 
3600 1.32 0 38684 34410.5 7427.96 6267.82 -1.3808 0.00936456 1.9126 0.0225771 3.69331 0.0709066 0.000534682 0.00932782 -0.00765059 0.00897583 0.210796 0.00755615 0.0583959 0.00312746 1400000000 0.106592 0.00773752 0.28683 0.00235244 0.606493 0.00689747 7151.88 6274.28 276.079 12.2604 0.140958 0.0362045 
4900 1.32 0 1.14599e+06 596604 461797 257991 -1.17376 0.131135 1.48555 0.279077 2.70081 0.702928 0.00358477 0.0224632 0.0246469 0.0195638 0.158736 0.0447142 0.0463518 0.0135551 200000000 0.316597 0.122284 0.233054 0.0262096 0.450276 0.0963615 461493 258021 304.947 30.7842 0.455974 0.158606 
2500 1.325 0 9182.66 7247.25 2283.11 1685.99 -1.35881 0.006182 1.85115 0.0146284 3.45577 0.0441941 -0.000350786 0.00864632 -0.00625662 0.00914933 0.213898 0.00648667 0.0599588 0.00262017 2300000000 0.115476 0.00456393 0.297809 0.00102426 0.586578 0.00455027 2082.81 1685.28 200.297 3.60264 0.131267 0.0120303 
3600 1.325 0 65403.6 61073.5 36470.2 34673.7 -1.3669 0.0340977 1.89116 0.0743476 3.68365 0.19657 9.91335e-05 0.0194062 0.0310803 0.0270657 0.226145 0.0144138 0.0647297 0.00495108 300000000 0.125756 0.0314157 0.275747 0.00698929 0.598412 0.025498 36185.6 34680.3 284.549 9.91039 0.130058 0.0498794 
4900 1.325 0 151176 139613 130237 121743 -1.36303 0.0603965 1.90136 0.12887 3.81302 0.332468 -0.0129832 0.0178433 0.000733752 0.0138469 0.230341 0.0225993 0.0708532 0.00782471 600000000 0.144617 0.0578083 0.257725 0.0137029 0.597596 0.0441621 129908 121762 329.085 21.1041 0.225276 0.0773737 
2500 1.33 0 4899.06 3098.01 1296.77 708.393 -1.37902 0.0023328 1.90479 0.00587485 3.64919 0.0199702 0.00807561 0.00799247 0.0118188 0.0111798 0.236939 0.00388656 0.0705202 0.00194917 2000000000 0.10606 0.00180492 0.290039 0.00107163 0.603771 0.00199921 1105.43 707.568 191.339 2.72979 0.133342 0.00905146 
3600 1.33 0 25770.8 23279.9 6006.55 5156.41 -1.3978 0.00830011 1.95976 0.0198495 3.87584 0.0622219 -0.00443119 0.0107119 -0.0124634 0.0127698 0.237274 0.00795009 0.0712101 0.00428908 1000000000 0.101097 0.00687042 0.280824 0.00254152 0.618 0.00626394 5728.6 5152.86 277.95 7.01819 0.122668 0.017626 
4900 1.33 0 52261.6 47918.2 29858.9 27904.7 -1.41009 0.016084 1.99984 0.0360022 4.05626 0.102564 0.00583248 0.0146725 0.00290945 0.0182296 0.237362 0.0113846 0.0710891 0.00510727 600000000 0.100766 0.0150552 0.268431 0.00416099 0.630756 0.0114077 29527.7 27904 331.183 15.3912 0.214683 0.043975 
2500 1.335 0 4626.17 2749.77 1186.75 583.169 -1.38473 0.00328955 1.92055 0.00841286 3.71004 0.0287787 -0.00844433 0.00780166 -0.00363611 0.00799544 0.23905 0.00464171 0.0720974 0.00208223 1900000000 0.103507 0.00199674 0.287607 0.00126167 0.608761 0.00248213 996.205 582.687 190.549 4.02957 0.142112 0.0148781 
3600 1.335 0 21533.3 18807.4 9798.36 8896.34 -1.40492 0.00888756 1.98109 0.0209582 3.96599 0.0661856 -0.00163583 0.0115755 -0.0111904 0.0129795 0.249299 0.0103398 0.0783522 0.00471997 1100000000 0.0974594 0.00828843 0.27318 0.00324973 0.629277 0.00726431 9539.11 8896.55 259.248 9.39717 0.164879 0.0373465 
4900 1.335 0 53510.7 49062 13280.7 11825.4 -1.42703 0.00846703 2.04212 0.0204438 4.20424 0.0649649 0.00521748 0.0211006 0.000605548 0.0151234 0.259284 0.00859695 0.0834335 0.0046498 600000000 0.0873094 0.00752349 0.263394 0.0026759 0.649243 0.00676426 12959.6 11828.1 321.141 12.7398 0.198894 0.0307137 
2500 1.34 0 34234.8 32130.9 7919.6 7304.05 -1.38294 0.0157316 1.92354 0.0350193 3.75938 0.0940043 -0.00598443 0.0192421 -0.0294033 0.0165433 0.253519 0.00913724 0.0812829 0.00416954 500000000 0.111357 0.0148664 0.276993 0.00381829 0.611521 0.0115525 7721.46 7302.25 198.147 4.60255 0.126158 0.0298677 
3600 1.34 0 8543.49 6098.35 1515.44 663.116 -1.42301 0.00338847 2.0271 0.00937118 4.12549 0.0365492 0.00434732 0.011664 0.00325709 0.0116222 0.264989 0.00631687 0.085249 0.00340605 1100000000 0.0869914 0.00212457 0.269278 0.00143955 0.643659 0.0032136 1280.94 663.369 234.497 9.02896 0.218055 0.0297218 
4900 1.34 0 565389 394326 117498 86894.3 -1.3544 0.0678336 1.88513 0.152411 3.81348 0.420816 -0.0111012 0.0143104 -0.00911016 0.0152482 0.243336 0.030442 0.080276 0.0105274 600000000 0.157638 0.060612 0.249577 0.0086751 0.592729 0.0520308 117026 86826.6 472.167 68.7249 0.213391 0.0979709 
2500 1.345 0 8942.54 7038.78 1978.18 1356.58 -1.39626 0.00635001 1.95453 0.01527 3.85226 0.0469031 0.00998095 0.0139939 -0.00733465 0.0110365 0.257544 0.0064042 0.0825347 0.00305859 1200000000 0.102109 0.00505984 0.279597 0.00128829 0.61818 0.00527106 1790.29 1356.21 187.886 3.01201 0.152208 0.0162798 
3600 1.345 0 86438.7 79891 29697.9 27330.6 -1.40116 0.0281865 1.98258 0.0640693 4.03108 0.183783 0.0184 0.0162857 -0.00507636 0.0159601 0.254401 0.0194351 0.0837896 0.00894283 700000000 0.111501 0.0262199 0.262057 0.0053119 0.626371 0.0215526 29478.2 27337.2 219.635 14.5598 0.27964 0.0680524 
4900 1.345 0 85118.7 78737.7 100618 95330.8 -1.40441 0.0454746 2.00806 0.0972275 4.19681 0.255587 -0.0166243 0.0186134 0.0194002 0.018768 0.276644 0.0178603 0.0959356 0.00710971 400000000 0.120729 0.0443307 0.246929 0.0112449 0.632281 0.0332644 100276 95348 341.249 19.2782 0.167563 0.0590773 
2500 1.35 0 2437.4 735.948 622.197 75.2295 -1.42096 0.00193444 2.02123 0.00545245 4.10183 0.0217776 -0.00741692 0.0115275 0.0156237 0.0125881 0.289847 0.00480997 0.100531 0.00281735 1200000000 0.089392 0.00112474 0.271199 0.0011601 0.639293 0.00207817 434.662 74.3873 187.535 3.93427 0.117195 0.0149987 
3600 1.35 0 18925.1 16427.1 5044.83 4247.83 -1.43568 0.00562096 2.06571 0.0137817 4.29644 0.0450466 0.00445077 0.0132897 -0.016141 0.0129028 0.291583 0.00714675 0.102016 0.00414726 900000000 0.08297 0.00452413 0.259301 0.00130871 0.657658 0.00432449 4782.97 4248.86 261.851 6.36972 0.125454 0.0157705 
4900 1.35 0 56577 53181.3 16599.4 15301.6 -1.44693 0.00997475 2.10061 0.0238053 4.45394 0.0744691 0.00914767 0.025392 -0.00127001 0.0181349 0.283437 0.00726425 0.0962833 0.00391347 500000000 0.0816671 0.00943655 0.250887 0.00269482 0.667401 0.00831471 16307.8 15293.4 291.679 19.4812 0.270593 0.0390925 
2500 1.355 0 1910.59 159.119 562.554 10.5854 -1.42114 0.00184698 2.02185 0.00520914 4.10544 0.0208093 0.000445597 0.0100042 -0.0141442 0.00944261 0.287847 0.00466741 0.0989588 0.00270899 1600000000 0.0895807 0.000709963 0.270409 0.000846989 0.639896 0.00149327 375.892 14.5736 186.661 5.59285 0.120568 0.0202053 
3600 1.355 0 24355.2 21906.9 5296.46 4447.74 -1.43675 0.00708327 2.06924 0.0176531 4.31373 0.0592078 0.0251677 0.0135916 -0.00468848 0.013558 0.288958 0.0102641 0.101632 0.00534251 900000000 0.0842622 0.00577334 0.25822 0.00161212 0.657447 0.0064166 5044.2 4446.14 252.256 10.6073 0.172185 0.0379267 
4900 1.355 0 50296.9 47034.2 26039.6 24824.8 -1.45452 0.0152625 2.12651 0.0354056 4.58031 0.107406 0.0376919 0.0210626 -0.00772595 0.021251 0.32142 0.0105466 0.120302 0.0052201 500000000 0.082463 0.0139301 0.244263 0.00280336 0.673223 0.0118383 25682.2 24833.5 357.372 16.3275 0.123406 0.0377789 
2500 1.36 0 5875.65 4114.53 1086.18 523.832 -1.42455 0.00419441 2.03303 0.0106645 4.15949 0.0360364 0.0041001 0.00924555 -0.00448744 0.00984372 0.298121 0.00508753 0.10521 0.00295765 1600000000 0.0889531 0.00293828 0.265437 0.00084948 0.645506 0.00339356 903.168 521.153 183.009 4.59379 0.14432 0.0151729 
3600 1.36 0 2224.2 128.16 805.776 27.062 -1.45231 0.00271758 2.11097 0.00788627 4.4708 0.033285 -0.0111779 0.0170421 0.00462234 0.0123105 0.308629 0.00816501 0.111083 0.00471377 1000000000 0.0760995 0.000927481 0.254885 0.00117877 0.668959 0.00205498 554.625 40.6937 251.151 13.9816 0.162808 0.0404322 
4900 1.36 0 52023.9 49049.5 8914.45 7786.86 -1.46243 0.00641015 2.14298 0.0162961 4.62141 0.0561692 -0.0139089 0.0210853 0.00732428 0.0181248 0.309924 0.00795051 0.110963 0.00477684 500000000 0.0742432 0.0061528 0.245225 0.00225931 0.680491 0.0055584 8565.47 7800.47 348.974 24.1084 0.161137 0.0523512 
2500 1.365 0 1620.92 74.9122 537.109 11.0977 -1.43549 0.00238165 2.06286 0.0068315 4.27344 0.0282043 -0.0232145 0.0129155 0.00474911 0.0142129 0.316494 0.00689006 0.116693 0.00416691 1000000000 0.0835783 0.00131006 0.261445 0.00138761 0.654866 0.00266223 351.038 14.3011 186.071 4.06963 0.106979 0.0170714 
3600 1.365 0 8839.3 6667.58 1893.16 1124.62 -1.45906 0.00358509 2.13173 0.00968458 4.56588 0.0370224 0.0154803 0.0212428 -0.0157822 0.0189926 0.334607 0.00749491 0.128552 0.00442503 500000000 0.0739172 0.00274936 0.24903 0.00136067 0.676989 0.00363394 1644.03 1121.61 249.134 13.1991 0.146411 0.0315906 
4900 1.365 0 3.27428e+06 772176 675732 161712 -1.01873 0.106611 1.11907 0.244676 1.68414 0.696877 0.0062152 0.0195353 -0.00231542 0.0121217 0.102904 0.0528316 0.0351548 0.0201981 400000000 0.478345 0.0973934 0.182959 0.0155134 0.338627 0.0821997 675528 161751 203.682 40.0168 0.736845 0.156012 
2500 1.37 0 8604.14 7043.65 1567.81 1032.47 -1.42971 0.0134896 2.05032 0.0349999 4.2477 0.120919 0.00754102 0.0140466 -0.00977443 0.0152177 0.311947 0.0146987 0.117656 0.00718168 1000000000 0.08871 0.00835189 0.26058 0.00476156 0.650612 0.013103 1373.59 1023.29 194.227 9.63518 0.133571 0.0358443 
3600 1.37 0 3036.42 1061.74 834.558 62.9462 -1.46814 0.00244615 2.15733 0.00710663 4.67009 0.0301182 -0.0116348 0.019337 -0.00525868 0.0216089 0.334414 0.00757335 0.129047 0.00475716 500000000 0.0717083 0.00127159 0.246579 0.00123306 0.681661 0.00233646 598.721 70.0094 235.836 10.7662 0.175871 0.0353862 
4900 1.37 0 80488.8 76409.5 44259.3 42618 -1.45772 0.0232062 2.14164 0.0537135 4.67665 0.160077 0.00249078 0.0200798 -0.0189246 0.0229402 0.313052 0.0168244 0.115904 0.0093118 500000000 0.0885162 0.0222428 0.235885 0.00454623 0.675548 0.017932 44009.5 42620.2 249.833 17.1535 0.390449 0.0564382 
2500 1.375 0 3798.95 2274.72 1089.95 536.918 -1.44886 0.00214889 2.10198 0.00563761 4.43914 0.0207566 0.00219949 0.0107617 -0.0181381 0.0121985 0.329822 0.00453304 0.124772 0.00288885 1400000000 0.080575 0.00173689 0.253687 0.000656477 0.665651 0.0018741 905.174 539.645 184.78 4.24096 0.109674 0.0185732 
3600 1.375 0 390755 105179 43302.7 11835.2 -1.16806 0.0197149 1.368 0.0443535 1.88943 0.113879 0.00402155 0.00420182 0.00893639 0.00427185 0.060894 0.00496001 0.00576512 0.000706452 1700000000 0.285976 0.0200528 0.306722 0.00648259 0.40721 0.0139711 43166 11836.9 136.69 1.8416 0.982797 0.0024385 
4900 1.375 0 650505 505277 86281.1 70090.8 -1.37477 0.0795871 1.93589 0.196467 4.02862 0.633525 -0.0151746 0.0192055 -0.0151067 0.016823 0.282193 0.0586443 0.113806 0.0261835 500000000 0.154025 0.0639595 0.241746 0.0104258 0.604169 0.0669561 85955.3 70110 325.82 23.5744 0.327146 0.149559 
2500 1.38 0 3013.75 1564.93 1093.98 552.678 -1.45603 0.00173409 2.12288 0.00458066 4.52824 0.0173113 0.0141842 0.0107944 0.0168543 0.0106092 0.347935 0.00389413 0.138086 0.00259573 1600000000 0.0776018 0.00132469 0.24853 0.000715423 0.67378 0.00141429 914.24 553.905 179.738 4.38744 0.11907 0.0145179 
3600 1.38 0 3548.08 1465.61 873.16 89.9487 -1.47867 0.00196776 2.18843 0.00580297 4.80599 0.0253581 0.0234097 0.0145109 -0.0093198 0.0135349 0.352593 0.00569068 0.140353 0.00371421 1000000000 0.0683562 0.00108753 0.238762 0.00125763 0.692831 0.00216608 627.894 89.9887 245.267 14.7496 0.158759 0.0419796 
4900 1.38 0 211425 178425 196210 176229 -1.30333 0.0860306 1.75243 0.188241 3.3187 0.514609 0.0185898 0.0257964 0.0100361 0.0317499 0.131219 0.0474345 0.0337094 0.020143 100000000 0.199377 0.0852694 0.246105 0.0236073 0.554432 0.0651724 195733 176224 476.771 61.6321 0.518721 0.104152 
2500 1.385 0 38415.9 36115.9 6336.76 5682.41 -1.44657 0.014113 2.10172 0.0343608 4.47545 0.107732 -0.0159388 0.02445 -0.0316552 0.0231068 0.351443 0.0118199 0.143944 0.00626813 400000000 0.0874396 0.0126035 0.244661 0.00201182 0.667804 0.0112953 6171.26 5684.52 165.501 7.42889 0.177514 0.0327132 
3600 1.385 0 4863.71 2726.21 1023.23 253.558 -1.48097 0.00244694 2.19541 0.00719154 4.8378 0.0312372 -0.00854245 0.0199366 0.000389937 0.0165926 0.35733 0.00745397 0.14469 0.00501327 900000000 0.0675719 0.00139901 0.237753 0.00194784 0.694632 0.00317071 779.235 253.181 243.996 8.55096 0.145509 0.028137 
4900 1.385 0 39176.7 36351.7 14645.6 13542.9 -1.49466 0.00970466 2.24101 0.0241717 5.06669 0.0824929 0.0192925 0.0207571 0.00268366 0.0214703 0.376423 0.00969534 0.157906 0.00599825 500000000 0.066031 0.0085249 0.225986 0.00163054 0.707944 0.00799498 14318.1 13546.5 327.478 20.6247 0.150565 0.0399793 
2500 1.39 0 6216.91 4671.64 2203.81 1636.57 -1.46003 0.00691748 2.13712 0.0173283 4.6046 0.057765 0.00647687 0.0107356 -0.00073778 0.0131157 0.354486 0.00736252 0.144299 0.00391807 1600000000 0.0781935 0.00577481 0.243453 0.000876485 0.678264 0.00652935 2031.25 1632.61 172.564 7.07854 0.171114 0.0382982 
3600 1.39 0 1952.08 121.591 745.579 8.64391 -1.48748 0.00219112 2.21464 0.00652009 4.92233 0.0289511 -0.0172152 0.0145776 0.0279436 0.0156808 0.367573 0.00547867 0.150767 0.0037154 900000000 0.0638036 0.00117454 0.233195 0.00151718 0.70295 0.00265827 494.714 12.9858 250.865 7.76069 0.118377 0.0162434 
4900 1.39 0 21747.3 19226.2 2684.97 1730.54 -1.49775 0.00423522 2.24632 0.0123501 5.07125 0.0537271 -0.0139524 0.0234043 0.0053432 0.0212047 0.376369 0.0115402 0.15784 0.00875779 500000000 0.0606173 0.00267086 0.226584 0.0025778 0.712774 0.00371013 2286.17 1730.18 398.807 10.9248 0.0382351 0.011604 
