N J h mean_R_sq err_mean_R_sq mean_R_gyr_sq err_mean_R_gyr_sq 
2500 1.411 0 14200.6 11079.8 2407.97 1616.19
458 1
475 1
488 1
502 1
503 1
505 1
514 1
516 1
542 1
547 2
564 1
566 1
578 1
588 1
600 1
605 1
609 1
611 1
616 3
617 1
619 1
625 1
626 1
627 1
632 1
634 1
635 1
636 1
637 1
639 1
640 1
644 1
645 1
648 1
652 1
653 1
654 3
660 2
661 2
666 1
667 1
669 1
671 3
676 1
677 1
679 1
683 1
685 2
686 1
687 4
688 2
692 3
697 1
698 1
699 1
700 2
701 1
702 1
703 1
704 2
705 1
706 1
707 1
708 1
709 1
712 1
719 3
720 1
725 1
726 4
727 1
729 1
730 1
732 1
733 1
734 1
735 2
737 1
738 1
739 1
740 1
743 1
747 1
750 1
751 2
752 1
753 1
754 1
755 1
756 2
757 2
758 1
760 1
761 2
762 3
764 1
767 2
768 4
769 1
770 2
772 1
773 4
774 2
776 2
778 1
781 1
783 1
785 2
787 2
788 3
789 1
790 1
795 2
796 1
798 1
799 2
800 2
803 2
804 1
805 6
806 2
807 1
808 3
810 1
812 1
813 2
815 4
816 1
817 1
819 2
820 1
821 1
823 4
824 1
825 1
828 1
829 4
831 1
834 2
836 3
837 3
838 1
841 3
842 1
843 3
844 3
845 2
846 2
848 3
849 2
850 2
851 1
854 1
855 1
856 3
858 1
859 1
860 1
861 3
862 3
863 2
864 2
865 4
866 4
867 2
869 2
871 1
872 3
873 1
874 2
876 1
877 1
878 2
879 2
880 1
881 2
882 5
883 3
884 1
885 3
887 1
889 2
890 3
892 2
893 2
894 1
895 1
896 1
897 1
898 4
899 3
900 2
901 4
902 1
905 3
906 2
907 1
908 2
909 2
910 1
911 2
913 5
914 2
915 1
916 2
918 1
919 2
921 2
922 1
923 3
924 1
925 3
926 3
927 1
928 2
930 4
931 3
932 5
934 5
935 4
936 2
937 5
938 4
939 2
940 2
941 3
942 1
943 1
944 1
945 2
946 1
948 3
949 1
950 1
952 1
953 4
954 3
955 1
956 4
957 4
958 2
959 1
960 2
962 2
963 1
964 3
966 3
967 2
968 1
969 4
970 3
971 2
972 1
973 2
974 4
975 1
977 4
978 1
979 4
981 1
982 1
983 1
984 1
985 1
987 4
988 3
989 1
990 2
992 2
993 2
994 1
995 1
997 4
998 2
999 3
1000 2
1001 5
1002 2
1003 1
1004 3
1005 1
1006 2
1008 2
1009 1
1010 3
1011 3
1012 4
1013 1
1014 4
1015 1
1016 3
1017 1
1018 3
1019 2
1020 1
1021 4
1022 4
1023 5
1024 3
1025 3
1026 2
1027 1
1028 3
1029 2
1031 1
1032 2
1033 2
1034 2
1037 2
1038 4
1039 1
1040 2
1041 4
1042 2
1043 4
1044 1
1045 3
1047 2
1048 1
1050 1
1052 5
1053 2
1055 2
1056 3
1057 1
1058 3
1059 3
1060 4
1062 1
1063 1
1064 3
1065 2
1066 2
1067 1
1068 1
1070 4
1071 3
1072 1
1073 2
1074 1
1075 3
1076 1
1078 2
1079 2
1080 2
1081 3
1082 1
1083 1
1084 2
1087 1
1089 1
1090 1
1091 2
1093 2
1094 2
1095 5
1096 1
1097 1
1098 2
1099 3
1100 3
1101 3
1102 2
1103 1
1104 2
1105 1
1107 1
1108 2
1109 4
1110 1
1112 3
1114 3
1117 1
1118 4
1119 2
1120 2
1121 1
1122 5
1123 4
1124 2
1125 1
1126 1
1128 2
1129 1
1130 3
1131 2
1132 1
1133 1
1134 3
1135 1
1136 1
1137 2
1140 2
1141 1
1142 4
1143 2
1145 1
1146 2
1148 1
1149 1
1150 4
1151 4
1152 1
1155 1
1156 1
1158 1
1159 3
1160 1
1161 1
1162 2
1163 4
1164 1
1165 2
1166 1
1167 1
1168 2
1169 1
1170 2
1171 1
1172 3
1173 1
1174 2
1175 2
1176 1
1177 1
1178 4
1182 1
1184 1
1185 2
1186 1
1187 1
1188 2
1190 1
1191 1
1194 2
1196 3
1199 1
1200 3
1201 2
1205 1
1207 4
1208 1
1209 1
1211 3
1212 3
1214 2
1215 2
1216 2
1219 1
1220 1
1221 1
1222 1
1223 1
1226 1
1227 1
1229 2
1230 1
1231 1
1233 2
1235 1
1236 2
1237 1
1238 1
1240 4
1241 2
1242 2
1245 1
1247 1
1248 1
1249 2
1250 2
1251 2
1252 2
1254 1
1255 2
1256 1
1257 2
1258 1
1259 1
1260 3
1261 1
1266 1
1268 1
1269 1
1270 1
1273 2
1275 2
1276 1
1277 1
1278 1
1279 1
1282 1
1283 2
1286 2
1287 1
1291 1
1292 2
1293 1
1295 1
1297 2
1298 1
1301 1
1303 1
1304 2
1305 1
1308 1
1309 2
1312 2
1316 2
1320 1
1321 2
1322 1
1326 1
1327 2
1329 1
1330 1
1334 2
1339 1
1345 1
1346 1
1347 1
1348 3
1350 2
1355 1
1356 1
1357 3
1358 2
1360 1
1365 1
1368 1
1369 1
1372 1
1377 1
1381 1
1384 1
1385 1
1389 1
1395 1
1396 1
1399 1
1402 1
1406 1
1414 1
1417 1
1420 1
1430 1
1431 2
1458 1
1462 1
1476 1
