N J h mean_R_sq err_mean_R_sq mean_R_gyr_sq err_mean_R_gyr_sq 
2500 1.567 0 6034.17 4744.81 1215.84 733.264
468 2
469 1
471 2
472 2
473 1
474 1
476 1
477 1
479 2
480 3
481 4
482 2
483 4
484 3
485 2
486 5
487 5
488 7
489 5
490 3
491 12
492 8
493 14
494 7
495 6
496 15
497 14
498 19
499 17
500 13
501 6
502 16
503 18
504 20
505 21
506 24
507 24
508 22
509 18
510 17
511 9
512 30
513 31
514 23
515 29
516 28
517 20
518 16
519 16
520 20
521 22
522 16
523 17
524 19
525 21
526 15
527 15
528 19
529 10
530 11
531 13
532 11
533 12
534 5
535 10
536 13
537 15
538 15
539 6
540 5
541 7
542 4
543 5
544 2
545 5
546 4
547 7
549 1
550 4
551 6
552 2
554 5
556 1
557 5
558 4
559 2
560 2
561 1
562 4
563 2
565 2
566 1
567 2
569 1
570 1
572 1
573 3
574 1
576 1
579 1
580 1
589 3
590 1
591 1
593 1
595 1
598 1
603 3
604 1
605 2
607 1
608 1
610 1
612 1
613 1
614 2
625 1
627 2
628 1
629 1
633 1
634 1
637 1
638 1
643 1
645 2
647 1
649 1
650 2
657 1
663 1
664 1
671 1
672 1
678 1
681 1
691 1
704 1
804 1
824 1
829 1
830 1
838 1
851 1
