N J h mean_R_sq err_mean_R_sq mean_R_gyr_sq err_mean_R_gyr_sq 
3600 1.3 0 61180.9 18120.1 9092.25 2379.11
827 1
841 1
845 1
846 1
851 1
852 1
856 1
858 1
859 1
864 1
865 1
874 2
876 2
877 1
878 3
879 1
881 1
883 2
885 1
887 1
888 1
889 1
891 1
892 2
894 1
895 2
898 1
899 3
902 1
903 2
904 2
906 1
907 1
908 1
909 2
910 2
911 1
912 1
914 2
916 1
918 1
919 2
920 3
921 1
922 1
923 2
924 3
925 3
926 2
927 4
928 4
929 1
930 2
931 3
932 3
933 3
934 4
935 4
936 1
937 2
938 3
939 5
940 8
941 3
942 6
943 6
944 2
945 3
946 4
947 2
948 3
949 8
950 8
951 5
952 7
953 6
954 5
955 3
956 4
957 5
958 8
959 10
960 4
961 8
962 6
963 9
964 3
965 6
966 5
967 8
968 7
969 8
970 10
971 6
972 9
973 5
974 8
975 7
976 6
977 6
978 5
979 11
980 8
981 4
982 5
983 11
984 9
985 7
986 6
987 9
988 12
989 7
990 5
991 8
992 7
993 7
994 12
995 5
996 9
997 7
998 5
999 12
1000 6
1001 6
1002 9
1003 7
1004 11
1005 5
1006 9
1007 10
1008 4
1009 9
1010 3
1011 6
1012 9
1013 9
1014 5
1015 6
1016 9
1017 7
1018 8
1019 2
1020 11
1021 9
1022 2
1023 2
1024 7
1025 7
1026 11
1027 9
1028 6
1029 2
1030 8
1031 6
1032 7
1033 6
1034 11
1035 8
1036 6
1037 10
1039 6
1040 7
1041 7
1042 5
1043 7
1044 6
1045 4
1046 9
1047 8
1048 4
1049 4
1050 4
1051 12
1052 4
1053 2
1054 1
1055 8
1056 3
1057 4
1058 8
1059 5
1060 5
1061 3
1062 3
1063 3
1064 2
1065 3
1066 1
1067 3
1068 4
1069 4
1070 1
1071 3
1072 3
1073 2
1074 2
1076 6
1077 2
1078 2
1079 2
1080 2
1081 3
1082 5
1083 1
1084 3
1086 1
1087 3
1088 1
1089 1
1091 1
1093 3
1096 2
1101 3
1103 1
1104 1
1107 1
1108 1
1109 3
1115 1
1117 1
1118 2
1119 2
1122 2
1123 1
1130 1
1131 1
1146 1
1158 1
1184 1
