N J h mean_R_sq err_mean_R_sq mean_R_gyr_sq err_mean_R_gyr_sq 
1600 1.48 0 1067.53 43.0137 353.597 5.05929
326 1
356 1
363 1
366 1
371 1
379 1
391 1
396 1
402 1
404 1
417 1
420 1
427 1
428 1
430 1
431 2
433 1
438 1
440 1
442 1
452 1
453 2
456 2
459 1
460 2
464 1
465 1
467 1
472 1
473 2
474 2
475 2
476 1
477 1
479 2
480 2
484 2
485 1
486 1
488 1
489 1
492 3
493 2
494 2
495 4
497 1
498 1
500 2
503 4
505 2
506 2
508 1
510 1
511 3
513 1
515 2
518 1
519 2
520 1
521 1
523 1
524 2
527 2
530 1
532 2
533 1
534 1
536 1
537 1
540 1
541 2
542 1
543 1
545 2
546 2
547 3
549 1
551 1
556 1
558 1
559 1
561 1
562 1
563 3
565 1
566 3
568 2
569 2
571 2
573 1
575 1
576 1
577 1
579 3
580 1
581 2
583 2
585 2
586 1
587 4
588 1
590 1
591 1
593 1
594 1
595 1
596 1
598 1
599 1
601 1
603 2
605 1
606 1
607 1
608 3
609 1
610 1
612 1
614 3
616 3
617 1
620 1
621 1
622 2
624 1
625 1
626 2
628 3
630 2
631 1
633 2
635 2
636 1
637 1
639 1
642 1
643 3
645 1
646 1
647 1
649 1
650 1
651 1
652 1
654 3
655 2
657 1
659 2
660 1
661 1
662 1
664 1
665 1
667 2
669 1
672 2
673 1
675 2
678 1
680 3
684 2
685 1
687 1
691 3
692 1
693 1
694 2
699 1
701 1
704 1
706 2
709 1
710 1
711 1
712 2
717 1
718 1
719 1
720 2
722 1
725 2
726 1
727 2
730 1
731 1
733 1
734 1
735 1
737 1
738 2
739 2
740 1
744 1
745 1
748 1
749 2
751 2
753 1
755 3
758 1
760 2
762 1
765 1
766 2
770 1
771 1
776 1
777 2
779 1
780 1
783 1
785 1
786 1
787 2
789 1
795 1
796 3
800 1
801 3
803 1
804 1
805 1
806 1
807 2
808 1
809 1
814 2
815 4
817 1
821 1
822 1
824 2
826 1
827 2
829 5
832 1
833 3
834 2
835 1
836 1
840 1
842 1
843 1
844 6
846 1
848 1
849 3
854 1
856 1
857 1
859 1
860 1
862 2
863 2
865 1
867 1
868 2
870 1
872 1
873 2
875 1
876 1
878 2
879 1
880 1
881 1
882 1
885 2
890 1
891 1
892 3
894 1
896 1
898 1
899 1
900 3
904 2
905 2
907 2
908 2
912 2
914 1
917 1
918 2
920 1
921 1
922 1
924 1
925 2
926 1
927 1
929 1
931 2
932 5
934 1
935 1
936 1
937 2
939 2
940 1
943 2
944 1
946 2
947 2
953 2
954 1
955 1
957 1
959 1
961 1
962 2
968 3
970 1
973 1
974 1
976 2
977 1
978 1
979 1
980 1
981 2
982 1
983 1
985 1
987 1
988 2
993 2
994 2
997 2
999 1
1000 1
1001 1
1005 1
1006 2
1008 1
1011 1
1012 2
1019 1
1020 2
1023 2
1024 2
1025 1
1027 2
1028 2
1029 1
1030 4
1031 1
1032 2
1033 3
1034 1
1035 2
1038 1
1040 2
1041 2
1042 1
1043 1
1046 1
1048 2
1052 3
1053 1
1054 2
1055 1
1056 1
1057 1
1058 1
1059 1
1060 1
1061 1
1063 1
1064 1
1066 2
1068 1
1069 1
1070 1
1073 1
1074 2
1077 2
1078 1
1079 2
1080 1
1086 2
1087 1
1088 1
1090 1
1091 1
1093 1
1094 1
1096 1
1099 1
1102 2
1104 1
1105 1
1106 1
1109 1
1111 2
1112 2
1113 1
1118 1
1119 2
1120 1
1123 2
1125 1
1128 1
1129 1
1132 2
1133 2
1134 1
1136 1
1139 1
1141 1
1142 1
1145 1
1146 2
1147 1
1149 3
1150 1
1151 1
1153 2
1154 1
1155 2
1156 1
1158 1
1159 2
1160 1
1163 1
1166 1
1168 1
1171 2
1173 1
1175 3
1176 2
1177 4
1178 1
1180 1
1183 3
1184 1
1185 1
1186 2
1187 1
1189 3
1190 1
1194 1
1196 1
1199 1
1200 1
1202 1
1205 4
1207 3
1208 2
1216 1
1217 1
1218 1
1220 2
1223 1
1226 1
1227 2
1228 1
1229 1
1230 1
1231 1
1232 1
1234 1
1235 1
1236 1
1237 1
1238 1
1239 1
1240 1
1242 3
1243 1
1244 3
1248 1
1250 1
1251 1
1252 1
1253 1
1255 1
1256 2
1259 5
1260 1
1261 1
1262 1
1265 1
1269 2
1270 1
1273 1
1274 3
1278 2
1279 1
1281 1
1282 3
1284 1
1285 2
1286 2
1287 1
1288 1
1292 1
1293 2
1294 1
1295 2
1296 2
1298 1
1299 1
1302 1
1303 1
1304 1
1306 1
1308 1
1312 1
1313 2
1314 2
1315 3
1318 5
1321 1
1324 3
1326 2
1327 2
1328 2
1329 4
1330 2
1332 1
1333 1
1334 1
1336 3
1337 1
1338 1
1341 1
1342 2
1344 1
1346 2
1349 1
1350 1
1351 1
1352 1
1353 1
1357 1
1358 2
1359 1
1360 2
1361 2
1363 2
1365 2
1366 1
1367 2
1369 1
1370 1
1375 2
1376 1
1378 2
1379 1
1380 2
1381 3
1384 1
1385 1
1386 1
1389 2
1392 2
1394 2
1396 2
1397 1
1402 1
1405 1
1406 1
1407 2
1408 2
1409 2
1411 1
1412 1
1413 1
1415 1
1416 1
1417 2
1418 3
1420 2
1423 2
1424 2
1425 3
1426 3
1427 2
1428 1
1429 1
1431 2
1432 1
1434 1
1435 1
1436 2
1437 1
1439 4
1440 1
1441 1
1442 1
1443 1
1444 1
1448 1
1450 1
1452 2
1453 1
1454 1
1455 2
1456 1
1459 1
1461 3
1462 1
1463 1
1464 1
1468 1
1469 1
1471 1
1473 2
1475 1
1477 2
1480 1
1481 1
1483 4
1484 1
1485 1
1487 2
1489 1
1490 1
1491 2
1492 1
1493 1
1495 3
1498 1
1499 1
1500 2
1503 1
1505 3
1507 1
1508 1
1511 1
1513 1
1514 2
1517 1
1518 1
1519 1
1521 3
1523 1
1525 1
1526 1
1527 2
1528 2
1530 1
1531 1
1532 1
1533 1
1534 2
1535 1
1541 1
1545 1
1546 2
1548 1
1549 1
1550 1
1552 2
1556 1
1560 1
1561 1
1562 1
1566 1
1567 1
1570 1
1574 1
1575 1
1577 1
1578 1
1579 2
1582 1
1583 1
1584 2
1587 2
1593 1
1601 2
1610 1
1612 1
1621 1
1638 1
1645 1
1648 1
1656 1
1692 1
1707 1
