N J h mean_R_sq err_mean_R_sq mean_R_gyr_sq err_mean_R_gyr_sq 
4900 1.54 0 75310.9 72527.9 9603.34 8633.02
1000 1
1003 2
1004 1
1005 3
1008 1
1009 2
1013 1
1018 1
1020 1
1021 1
1025 1
1026 1
1028 1
1029 2
1032 1
1034 1
1035 1
1037 1
1042 1
1044 1
1051 2
1052 2
1053 2
1056 1
1058 1
1059 1
1060 1
1061 1
1063 3
1066 1
1067 1
1069 4
1074 2
1077 1
1081 1
1086 1
1095 1
1098 1
1101 1
1102 2
1103 1
1104 1
1105 1
1113 1
1115 1
1117 1
1118 1
1122 1
1124 1
1130 1
1132 1
1133 1
1139 1
1145 2
1148 1
1149 4
1150 2
1151 2
1153 1
1155 1
1156 1
1159 1
1160 2
1162 1
1163 3
1164 1
1165 1
1166 1
1167 1
1168 1
1169 1
1170 1
1172 2
1173 1
1174 1
1175 1
1176 2
1177 2
1178 2
1179 2
1181 4
1182 2
1183 1
1184 1
1185 1
1186 2
1187 1
1188 1
1189 1
1190 2
1192 1
1194 1
1195 1
1196 1
1197 1
1198 1
1199 2
1200 2
1201 1
1202 1
1203 1
1204 3
1205 1
1208 1
1209 2
1210 1
1211 4
1212 1
1213 1
1214 2
1215 5
1217 1
1218 3
1219 2
1220 2
1221 2
1222 1
1223 2
1224 1
1225 2
1226 1
1227 5
1228 4
1230 3
1231 1
1232 3
1233 6
1234 2
1235 2
1236 2
1237 2
1238 4
1239 2
1240 4
1241 4
1243 4
1244 3
1245 1
1247 2
1248 1
1249 2
1250 2
1251 1
1252 8
1253 1
1254 2
1255 2
1256 2
1257 2
1258 5
1259 1
1261 6
1262 6
1263 2
1264 1
1265 1
1267 5
1269 2
1270 2
1271 4
1272 5
1273 4
1274 3
1275 2
1276 4
1277 4
1278 2
1279 2
1280 5
1281 2
1282 2
1283 4
1284 5
1285 5
1286 2
1287 3
1288 1
1289 2
1290 6
1291 2
1292 4
1293 2
1294 6
1295 5
1296 3
1297 7
1298 8
1299 5
1300 8
1301 4
1302 4
1303 3
1304 4
1305 3
1306 3
1307 4
1308 6
1309 7
1310 4
1311 3
1312 8
1313 5
1314 2
1315 5
1316 1
1317 7
1318 5
1319 8
1320 1
1321 5
1322 3
1323 7
1324 3
1325 3
1326 7
1327 3
1328 5
1329 6
1330 3
1331 3
1332 3
1333 5
1334 6
1335 4
1336 10
1337 3
1338 3
1339 3
1340 1
1341 6
1342 10
1343 8
1344 8
1345 3
1346 10
1347 7
1348 4
1349 3
1350 4
1351 4
1352 4
1353 5
1354 3
1355 6
1356 6
1357 1
1358 9
1359 7
1360 4
1361 1
1362 4
1363 3
1364 6
1365 9
1366 4
1367 1
1368 3
1369 1
1370 6
1371 4
1372 5
1373 8
1374 4
1375 6
1377 2
1378 5
1380 3
1381 1
1382 6
1383 2
1384 5
1385 3
1386 6
1387 2
1388 5
1389 3
1390 3
1391 6
1392 2
1394 7
1395 4
1396 8
1397 5
1398 4
1399 4
1400 4
1401 5
1402 4
1403 6
1404 1
1405 2
1406 5
1407 4
1408 2
1409 3
1410 1
1411 5
1412 2
1413 3
1414 3
1415 2
1416 3
1418 2
1419 3
1420 1
1422 2
1423 4
1424 5
1425 6
1426 2
1427 3
1428 3
1430 3
1431 3
1432 5
1434 1
1435 1
1436 1
1437 2
1438 2
1439 4
1440 1
1441 1
1443 5
1444 1
1445 2
1446 2
1447 1
1449 2
1451 2
1452 2
1453 1
1454 2
1455 4
1457 1
1458 1
1459 1
1460 1
1461 1
1463 1
1465 1
1467 2
1468 5
1470 1
1471 1
1472 1
1475 2
1476 1
1478 1
1479 2
1484 1
1485 1
1522 1
1530 1
1535 1
