N J h mean_R_sq err_mean_R_sq mean_R_gyr_sq err_mean_R_gyr_sq 
1600 1.42 0 2031.04 89.422 493.823 13.3406
437 1
452 1
460 1
474 2
476 1
477 1
480 1
481 1
485 1
487 1
492 1
494 1
502 1
507 1
515 1
519 1
523 2
526 1
529 2
534 2
535 1
537 1
538 1
540 2
542 1
544 1
545 1
547 1
548 3
549 1
553 1
555 1
556 2
559 1
560 1
564 2
566 1
567 3
568 1
569 1
570 1
571 2
575 2
576 1
578 1
580 2
581 1
582 1
586 1
588 1
589 1
590 2
592 1
595 2
602 1
603 3
604 2
605 1
606 1
608 1
611 2
613 1
615 1
616 1
617 3
618 1
619 2
620 1
621 2
622 1
624 3
627 2
629 1
631 4
632 1
633 3
634 2
635 1
637 1
638 1
639 1
640 2
641 1
642 1
643 2
646 2
647 1
648 1
649 3
651 3
652 3
653 1
655 1
656 1
658 2
661 3
662 3
663 4
664 1
665 1
666 3
667 2
668 1
669 1
670 1
671 2
673 1
674 2
675 1
676 1
677 1
678 1
679 2
680 2
681 3
682 1
684 1
685 3
687 2
688 2
689 1
690 2
691 2
692 2
693 1
694 4
695 1
696 2
698 2
699 2
700 4
701 2
702 3
703 5
704 1
706 1
707 3
708 3
709 2
710 5
711 4
712 1
713 2
714 3
715 3
716 1
717 1
718 1
719 5
720 2
721 2
722 3
723 4
724 4
725 2
726 3
727 3
728 3
729 1
730 1
731 1
732 1
733 2
734 2
736 4
737 2
738 1
739 4
740 2
741 1
744 1
745 2
746 1
747 2
748 2
749 1
750 4
751 1
752 4
753 6
755 1
756 1
757 2
758 1
759 1
761 1
762 3
763 4
764 3
765 4
766 1
767 1
768 3
769 3
773 4
774 3
775 3
777 3
778 3
779 3
780 2
781 2
784 2
785 2
786 3
787 4
788 3
789 1
790 1
791 2
792 2
793 2
794 5
795 1
796 1
797 4
798 1
799 5
800 1
801 1
802 3
803 4
804 6
805 2
806 6
807 2
808 1
809 1
810 4
811 3
812 1
813 1
814 1
815 4
816 1
817 1
818 4
819 6
820 2
821 2
822 2
823 1
824 3
825 3
826 5
828 2
829 4
830 3
831 3
832 1
834 8
835 6
836 3
837 3
838 2
839 3
840 3
841 2
842 4
843 2
844 3
845 3
846 1
847 1
848 5
849 1
851 4
852 1
853 3
854 3
855 4
856 7
857 1
858 4
859 3
860 2
861 1
862 5
863 1
864 1
865 1
866 1
867 2
868 3
869 4
870 5
871 6
872 3
873 2
874 5
875 2
876 4
877 5
878 3
879 4
880 4
881 2
882 4
883 2
884 2
885 1
886 7
887 4
888 11
889 1
890 2
891 3
892 3
893 3
894 1
895 2
896 1
897 4
899 3
900 3
901 3
902 1
903 3
904 3
905 4
906 1
907 4
908 1
909 5
910 1
911 1
912 2
913 2
914 2
915 1
916 5
917 3
918 6
919 2
921 4
922 5
923 1
924 4
925 4
926 1
927 3
929 3
930 6
931 5
932 4
933 1
934 2
935 4
936 4
938 4
939 1
940 2
941 6
942 4
943 1
944 1
946 5
948 2
949 4
950 3
951 2
952 5
953 3
954 5
956 4
957 2
958 3
959 3
960 2
961 3
962 6
963 2
964 4
965 4
966 3
967 2
968 1
969 5
970 7
971 2
972 2
973 5
974 6
975 3
976 2
977 2
978 3
979 2
980 5
981 2
982 1
983 2
985 4
986 2
987 3
988 3
991 4
994 1
995 1
996 3
997 1
998 7
999 3
1000 5
1001 7
1002 1
1003 1
1004 4
1005 2
1006 1
1007 2
1008 2
1009 2
1010 4
1011 4
1012 4
1013 3
1014 4
1015 3
1016 3
1017 2
1018 3
1019 6
1020 3
1021 5
1022 3
1023 1
1024 3
1025 3
1026 4
1027 4
1028 6
1029 3
1030 6
1031 5
1032 2
1033 2
1034 3
1035 2
1036 2
1037 5
1038 2
1039 2
1040 5
1041 1
1042 3
1043 3
1044 4
1045 2
1046 3
1047 5
1048 2
1049 1
1050 5
1051 1
1052 4
1053 5
1054 1
1055 3
1056 3
1057 3
1058 2
1059 3
1060 7
1061 3
1062 9
1063 4
1064 4
1065 5
1066 2
1067 3
1068 2
1069 3
1070 5
1071 3
1072 4
1073 3
1074 2
1076 5
1077 2
1078 3
1079 4
1080 5
1081 2
1083 3
1084 2
1085 1
1086 4
1087 3
1088 3
1089 7
1090 1
1091 1
1092 3
1093 1
1094 6
1095 4
1096 1
1097 2
1098 5
1099 4
1100 1
1101 3
1102 4
1103 1
1104 2
1105 5
1106 4
1107 4
1108 2
1109 1
1111 2
1112 3
1113 3
1114 2
1115 3
1116 4
1117 2
1118 4
1120 1
1121 5
1122 2
1123 4
1124 2
1125 5
1126 2
1127 4
1128 3
1129 6
1130 1
1131 3
1132 2
1133 3
1134 4
1136 1
1137 7
1138 2
1139 2
1140 3
1141 6
1142 6
1143 5
1144 5
1145 2
1146 2
1147 8
1148 3
1149 2
1150 2
1151 2
1152 6
1153 3
1154 1
1155 3
1156 3
1158 3
1159 3
1160 2
1161 3
1162 3
1163 4
1164 2
1165 3
1166 2
1167 5
1168 1
1170 5
1171 3
1173 2
1174 1
1175 1
1176 2
1177 1
1178 2
1179 1
1180 3
1181 2
1182 4
1183 1
1185 2
1186 5
1187 2
1188 4
1189 2
1190 4
1191 5
1192 2
1193 2
1194 3
1195 1
1196 6
1197 2
1198 2
1199 3
1200 1
1201 3
1202 3
1203 5
1204 2
1205 2
1207 3
1208 3
1209 1
1210 3
1211 3
1212 2
1213 1
1214 5
1215 1
1216 1
1217 1
1218 1
1220 1
1221 2
1222 1
1223 5
1224 1
1227 2
1228 3
1229 3
1230 1
1231 5
1232 2
1233 2
1234 6
1235 1
1236 2
1237 2
1238 1
1239 2
1240 1
1241 2
1242 3
1243 2
1244 2
1245 3
1246 2
1247 1
1249 1
1251 6
1252 3
1253 4
1254 7
1255 2
1256 3
1257 4
1258 2
1259 3
1260 3
1261 4
1262 2
1263 1
1264 4
1265 1
1266 4
1267 1
1268 2
1271 1
1272 1
1273 2
1275 4
1276 2
1277 6
1278 1
1279 1
1280 1
1281 3
1284 4
1285 1
1286 2
1287 1
1288 1
1289 1
1290 1
1291 3
1293 2
1294 1
1295 2
1296 4
1297 2
1298 1
1299 3
1301 2
1302 2
1303 3
1304 2
1305 6
1306 1
1308 5
1311 2
1313 1
1314 3
1315 4
1316 8
1317 2
1319 2
1320 1
1321 5
1322 2
1323 1
1324 2
1325 1
1327 1
1329 2
1330 3
1331 3
1332 1
1333 1
1334 1
1335 2
1336 2
1337 5
1338 1
1339 2
1340 2
1341 1
1342 1
1343 4
1344 1
1347 1
1348 3
1349 2
1350 1
1351 3
1352 4
1354 2
1358 1
1359 4
1360 1
1361 1
1362 1
1363 3
1364 2
1365 2
1366 2
1368 3
1369 1
1370 2
1371 1
1372 2
1373 3
1374 2
1375 2
1376 1
1377 2
1378 2
1381 1
1384 1
1386 2
1387 1
1389 1
1391 1
1392 2
1393 2
1394 2
1395 1
1396 1
1398 1
1399 1
1400 1
1402 2
1403 1
1405 1
1406 2
1407 1
1408 1
1410 1
1412 1
1413 1
1416 1
1417 1
1419 2
1420 1
1426 1
1428 2
1432 2
1434 2
1436 1
1438 2
1439 2
1440 2
1442 1
1444 1
1446 1
1449 1
1450 2
1452 1
1454 1
1457 1
1458 1
1459 1
1460 1
1467 1
1468 1
1469 1
1472 1
1473 1
1474 1
1475 1
1482 1
1484 1
1487 2
1489 1
1495 1
1498 1
1505 2
1508 1
1533 1
1535 2
1541 1
1544 1
1549 1
1551 1
1570 1
