N J h mean_R_sq err_mean_R_sq mean_R_gyr_sq err_mean_R_gyr_sq 
1225 1.54 0 699.286 14.1606 250.477 0.716348
473 1
482 1
485 1
487 1
491 1
493 1
494 1
495 2
496 1
500 1
501 2
502 3
503 3
504 5
505 3
506 1
507 3
508 2
509 3
510 4
511 8
512 3
513 5
514 13
515 6
516 7
517 6
518 6
519 6
520 8
521 9
522 9
523 6
524 11
525 7
526 10
527 10
528 9
529 13
530 10
531 15
532 17
533 12
534 12
535 9
536 11
537 20
538 15
539 18
540 26
541 17
542 18
543 20
544 24
545 24
546 18
547 20
548 18
549 28
550 20
551 20
552 18
553 21
554 28
555 21
556 28
557 21
558 25
559 30
560 11
561 24
562 25
563 28
564 27
565 30
566 22
567 40
568 36
569 22
570 35
571 34
572 30
573 31
574 34
575 33
576 22
577 26
578 24
579 20
580 25
581 21
582 27
583 18
584 22
585 21
586 21
587 21
588 13
589 25
590 21
591 24
592 19
593 16
594 17
595 17
596 22
597 16
598 18
599 16
600 11
601 11
602 13
603 11
604 12
605 12
606 11
607 8
608 8
609 14
610 9
611 9
612 6
613 9
614 6
615 7
616 10
617 6
618 4
619 4
620 8
621 7
622 4
623 5
624 8
625 5
626 6
627 6
628 4
629 1
630 1
631 1
632 3
633 2
634 2
635 3
637 1
638 2
639 1
640 2
641 1
642 1
644 3
646 1
647 1
649 2
652 2
657 1
661 1
669 1
671 1
674 1
