N J h mean_R_sq err_mean_R_sq mean_R_gyr_sq err_mean_R_gyr_sq 
1225 1.54 0 699.286 14.1606 250.477 0.716348
1001 1
1011 2
1014 1
1016 1
1017 1
1018 1
1019 1
1021 1
1024 1
1026 1
1033 1
1034 2
1035 1
1036 2
1040 1
1042 1
1044 2
1046 3
1047 3
1048 2
1050 2
1051 1
1052 2
1053 2
1055 1
1057 3
1058 1
1059 1
1061 1
1062 1
1065 1
1068 1
1070 1
1071 1
1073 2
1074 2
1076 1
1081 2
1082 2
1084 1
1085 1
1087 1
1088 2
1089 1
1090 2
1091 1
1093 1
1094 1
1095 1
1096 1
1097 2
1098 2
1100 3
1101 1
1103 1
1104 4
1105 3
1106 1
1107 2
1108 1
1110 3
1111 2
1113 1
1114 1
1115 1
1117 1
1118 1
1120 1
1121 3
1122 2
1123 1
1124 3
1125 1
1127 2
1128 1
1129 1
1130 1
1131 2
1132 2
1134 2
1135 2
1140 3
1141 2
1142 2
1143 1
1144 1
1145 5
1146 2
1147 4
1150 2
1151 1
1153 2
1154 4
1155 3
1156 3
1157 1
1159 1
1160 3
1161 2
1162 4
1163 2
1164 2
1165 1
1166 5
1167 2
1168 4
1169 6
1170 2
1171 2
1172 3
1173 1
1175 3
1176 3
1177 7
1178 3
1179 1
1180 1
1181 1
1182 2
1183 5
1184 5
1185 2
1186 3
1188 4
1189 4
1190 3
1191 5
1192 7
1193 4
1194 5
1195 2
1196 3
1197 3
1198 1
1199 2
1200 4
1203 2
1204 3
1205 5
1206 1
1207 5
1208 4
1209 2
1210 8
1211 6
1212 5
1213 2
1214 3
1215 5
1216 3
1217 4
1218 7
1219 5
1220 3
1221 3
1222 4
1224 3
1225 3
1226 4
1227 4
1228 2
1229 3
1230 4
1231 5
1232 2
1233 2
1234 1
1235 8
1236 3
1237 3
1238 7
1239 3
1240 5
1241 8
1242 5
1243 3
1244 8
1245 3
1246 4
1247 3
1248 2
1249 6
1250 8
1251 2
1253 3
1254 1
1255 2
1256 6
1257 8
1258 5
1259 3
1260 8
1261 9
1262 6
1263 4
1264 4
1265 1
1266 5
1267 5
1268 5
1269 4
1270 8
1271 8
1272 10
1273 5
1274 6
1275 4
1276 11
1277 8
1278 7
1279 6
1280 4
1281 6
1282 5
1283 5
1284 2
1285 4
1286 5
1287 6
1288 8
1289 5
1290 2
1291 3
1292 5
1293 2
1294 6
1295 5
1296 7
1297 4
1298 7
1299 9
1300 2
1301 9
1302 9
1303 5
1304 9
1305 6
1306 5
1307 7
1308 4
1309 8
1310 5
1311 2
1312 6
1313 4
1314 8
1315 7
1316 3
1317 8
1318 5
1319 5
1320 4
1321 8
1322 6
1323 5
1324 6
1325 4
1326 12
1327 11
1328 8
1329 9
1330 7
1331 10
1332 9
1333 4
1334 5
1335 8
1336 9
1337 9
1338 8
1339 8
1340 10
1341 6
1342 5
1343 5
1344 8
1345 8
1346 7
1347 10
1348 9
1349 4
1350 7
1351 7
1352 7
1353 7
1354 4
1355 2
1356 7
1357 6
1358 8
1359 9
1360 5
1361 7
1362 8
1363 10
1364 8
1365 4
1366 10
1367 6
1368 4
1369 11
1370 9
1371 12
1372 6
1373 6
1374 6
1375 3
1376 6
1377 4
1378 7
1379 7
1380 10
1381 5
1382 10
1383 9
1384 5
1385 11
1386 6
1387 6
1388 8
1389 9
1390 9
1391 11
1392 8
1393 7
1394 12
1395 4
1396 6
1397 6
1398 11
1399 8
1400 10
1401 4
1402 9
1403 8
1404 8
1405 9
1406 12
1407 5
1408 7
1409 8
1410 7
1411 8
1412 3
1413 4
1414 6
1415 6
1416 9
1417 7
1418 3
1419 2
1420 7
1421 10
1422 3
1423 6
1424 7
1425 8
1426 8
1427 2
1428 4
1429 3
1430 9
1431 7
1432 4
1433 6
1434 9
1435 1
1436 8
1437 3
1438 10
1439 2
1440 5
1441 4
1442 4
1443 4
1444 9
1445 4
1446 9
1447 6
1448 13
1449 7
1450 6
1451 2
1452 4
1453 3
1454 10
1455 8
1456 5
1457 2
1458 4
1459 7
1460 4
1461 4
1462 5
1463 9
1464 2
1465 4
1466 5
1467 7
1468 3
1469 4
1470 2
1471 2
1472 1
1473 5
1475 2
1476 3
1477 1
1478 4
1479 2
1480 2
1481 1
1482 2
1483 2
1484 4
1485 3
1486 2
1487 3
1488 3
1489 3
1490 2
1491 2
1492 4
1493 6
1494 1
1495 2
1496 1
1497 2
1498 2
1499 5
1500 1
1502 2
1503 4
1504 2
1505 3
1506 2
1507 2
1508 2
1509 2
1510 2
1511 4
1512 3
1513 1
1516 4
1517 1
1518 2
1521 1
1522 4
1523 1
1524 2
1525 3
1528 3
1529 1
1530 1
1531 4
1534 1
1535 1
1536 2
1538 1
1540 2
1541 1
1543 1
1547 1
1549 1
1553 1
1555 1
1556 1
1557 1
1561 1
1562 1
1563 1
1568 1
1575 1
1576 1
