N J h mean_R_sq err_mean_R_sq mean_R_gyr_sq err_mean_R_gyr_sq 
3600 1.59 0 28138.5 25704.1 4094.44 3296.9
1000 3
1001 2
1002 4
1003 3
1005 2
1006 1
1007 2
1008 2
1009 1
1010 4
1011 4
1012 2
1013 4
1014 1
1015 2
1016 2
1017 3
1018 3
1019 1
1020 2
1021 1
1022 3
1023 1
1025 1
1026 3
1027 3
1028 2
1029 2
1030 1
1031 2
1033 1
1034 1
1035 3
1036 2
1037 2
1038 3
1039 4
1040 1
1041 1
1042 5
1043 1
1044 2
1045 4
1046 2
1047 1
1048 1
1050 1
1051 1
1052 5
1053 3
1054 1
1055 3
1056 3
1059 2
1060 1
1061 1
1062 3
1063 3
1065 2
1066 2
1067 1
1068 1
1069 3
1070 2
1071 1
1072 2
1073 1
1074 1
1077 3
1078 2
1079 2
1081 2
1082 1
1083 1
1084 2
1085 1
1086 1
1088 1
1089 3
1091 2
1093 3
1094 1
1095 2
1096 3
1097 3
1098 1
1101 4
1102 3
1104 1
1105 1
1106 2
1107 1
1108 2
1109 3
1110 1
1111 1
1113 1
1114 2
1115 3
1116 3
1117 2
1118 4
1119 2
1120 1
1121 1
1122 1
1123 2
1127 2
1128 3
1129 1
1130 2
1131 2
1132 2
1133 3
1135 1
1136 2
1137 1
1138 2
1140 1
1141 2
1142 1
1143 1
1145 2
1146 1
1147 2
1148 1
1149 2
1150 5
1151 1
1152 2
1153 4
1154 2
1155 3
1156 3
1157 1
1158 2
1160 2
1161 2
1162 1
1163 2
1164 1
1165 1
1166 2
1167 2
1169 1
1170 3
1171 2
1172 2
1173 1
1174 1
1175 4
1176 1
1177 1
1178 1
1179 1
1180 1
1181 1
1182 2
1183 1
1184 4
1185 1
1186 3
1187 4
1188 5
1189 1
1190 3
1191 3
1192 6
1193 3
1194 1
1195 2
1197 1
1198 2
1199 4
1200 5
1202 1
1203 1
1204 1
1205 1
1206 2
1207 1
1208 1
1209 4
1210 1
1212 4
1213 5
1214 2
1215 5
1216 4
1217 4
1218 1
1219 1
1220 2
1221 3
1222 2
1223 4
1224 1
1225 1
1226 3
1227 3
1228 2
1229 3
1230 3
1231 1
1232 2
1233 2
1234 1
1235 5
1236 3
1237 3
1238 5
1239 2
1240 2
1241 1
1242 2
1243 3
1244 1
1245 3
1246 2
1248 3
1249 4
1250 5
1251 1
1252 9
1253 2
1254 4
1255 2
1256 2
1257 3
1258 3
1259 2
1260 2
1261 3
1262 1
1263 2
1264 3
1265 6
1266 1
1267 1
1268 1
1269 3
1270 5
1271 4
1272 5
1273 2
1274 2
1275 3
1276 4
1277 5
1278 5
1280 2
1281 2
1282 4
1283 3
1284 6
1285 1
1286 5
1287 5
1288 7
1289 7
1290 5
1291 5
1292 3
1293 7
1294 5
1295 1
1296 4
1297 2
1298 3
1299 5
1301 3
1302 3
1303 7
1304 1
1305 6
1306 3
1307 6
1308 4
1309 5
1310 8
1311 5
1312 4
1313 3
1314 4
1315 6
1316 4
1317 4
1318 7
1319 6
1320 6
1321 2
1322 7
1323 4
1324 5
1325 10
1326 5
1327 8
1328 3
1329 6
1330 5
1331 9
1332 5
1333 5
1334 6
1335 5
1336 7
1337 6
1338 5
1339 8
1340 8
1341 5
1342 3
1343 7
1344 7
1345 6
1346 1
1347 6
1348 5
1349 8
1350 11
1351 8
1352 6
1353 4
1354 7
1355 10
1356 5
1357 5
1358 8
1359 9
1360 5
1361 6
1362 6
1363 9
1364 8
1365 7
1366 8
1367 3
1368 9
1369 2
1370 8
1371 8
1372 11
1373 8
1374 9
1375 11
1376 8
1377 10
1378 11
1379 12
1380 6
1381 2
1382 5
1383 5
1384 11
1385 9
1386 6
1387 7
1388 5
1389 4
1390 6
1391 6
1392 7
1393 4
1394 8
1395 8
1396 14
1397 16
1398 13
1399 8
1400 6
1401 7
1402 6
1403 8
1404 7
1405 6
1406 9
1407 6
1408 9
1409 7
1410 14
1411 5
1412 9
1413 9
1414 13
1415 12
1416 7
1417 7
1418 10
1419 9
1420 5
1421 7
1422 14
1423 7
1424 8
1425 7
1426 9
1427 9
1428 8
1429 14
1430 7
1431 7
1432 7
1433 5
1434 3
1435 11
1436 13
1437 7
1438 8
1439 12
1440 3
1441 2
1442 14
1443 5
1444 4
1445 7
1446 12
1447 6
1448 6
1449 6
1450 5
1451 4
1452 9
1453 5
1454 8
1455 4
1456 7
1457 4
1458 3
1459 4
1460 8
1461 5
1462 7
1463 8
1464 1
1465 7
1466 2
1467 4
1468 6
1469 5
1470 8
1471 6
1472 7
1473 4
1474 5
1475 3
1476 8
1477 3
1478 3
1479 3
1480 2
1481 7
1482 10
1483 5
1484 4
1485 4
1486 7
1487 4
1488 6
1489 7
1490 5
1491 4
1492 2
1493 5
1494 3
1495 5
1496 2
1497 7
1498 2
1499 4
1500 2
1501 3
1502 2
1504 5
1505 2
1506 5
1507 2
1508 3
1509 2
1510 1
1511 2
1512 3
1514 2
1515 1
1518 2
1519 3
1520 1
1521 1
1524 1
1525 1
1527 3
1528 1
1533 1
1535 1
1537 1
1539 1
1540 2
1541 1
1542 1
1543 1
1545 1
1546 1
1554 1
1557 1
