N J h mean_R_sq err_mean_R_sq mean_R_gyr_sq err_mean_R_gyr_sq 
2500 1.519 0 2923.17 1543.7 691.784 191.164
487 1
492 1
499 3
502 1
505 1
506 1
507 2
508 2
509 3
511 1
512 4
513 4
514 2
515 5
516 9
517 3
518 8
519 8
520 9
521 7
522 9
523 7
524 6
525 6
526 15
527 16
528 5
529 12
530 14
531 21
532 15
533 17
534 30
535 19
536 28
537 26
538 30
539 28
540 38
541 44
542 34
543 40
544 29
545 19
546 51
547 40
548 29
549 36
550 37
551 33
552 49
553 34
554 45
555 54
556 33
557 46
558 40
559 43
560 30
561 40
562 36
563 33
564 28
565 36
566 38
567 21
568 33
569 33
570 32
571 27
572 21
573 24
574 33
575 29
576 23
577 28
578 23
579 16
580 21
581 17
582 14
583 18
584 19
585 15
586 20
587 8
588 12
589 12
590 8
591 12
592 4
593 4
594 10
595 5
596 6
597 4
598 2
599 6
600 3
601 3
602 5
603 5
604 3
605 3
606 2
608 2
609 1
610 1
611 1
612 2
613 2
614 1
615 3
619 1
621 1
765 1
784 1
824 1
825 1
827 1
864 1
