N J h mean_R_sq err_mean_R_sq mean_R_gyr_sq err_mean_R_gyr_sq 
1600 1.57 0 823.171 23.7565 313.676 1.87709
467 1
469 1
473 1
474 2
476 1
477 1
478 1
481 1
482 2
483 2
484 3
487 3
488 1
489 4
490 2
491 2
492 4
493 3
494 8
495 1
496 5
497 5
498 1
499 4
500 5
501 12
502 12
503 16
504 6
505 9
506 7
507 7
508 15
509 11
510 14
511 13
512 10
513 12
514 15
515 21
516 18
517 12
518 14
519 18
520 17
521 13
522 16
523 12
524 18
525 13
526 14
527 17
528 17
529 19
530 22
531 13
532 17
533 16
534 21
535 11
536 19
537 20
538 18
539 12
540 9
541 20
542 19
543 21
544 12
545 14
546 11
547 19
548 10
549 14
550 13
551 12
552 15
553 17
554 12
555 9
556 7
557 8
558 14
559 11
560 11
561 2
562 3
563 4
564 3
565 4
566 9
567 7
568 1
569 3
570 7
571 3
572 3
573 3
574 6
575 3
576 4
577 1
578 1
579 3
580 1
582 1
583 2
584 1
585 1
586 1
588 2
590 2
591 2
594 1
597 1
598 1
599 1
601 1
603 1
611 1
