N J h mean_R_sq err_mean_R_sq mean_R_gyr_sq err_mean_R_gyr_sq 
4900 1.31 0 84029.4 30768.1 12343.1 4148.66
809 1
853 1
882 2
885 1
886 1
887 2
888 1
893 2
895 1
899 4
900 1
901 4
906 2
907 2
909 4
910 1
911 3
912 2
913 2
914 2
915 3
916 4
917 2
918 1
919 2
920 3
921 4
922 3
923 1
924 1
925 5
926 3
928 2
929 1
930 4
931 3
932 6
933 2
934 5
935 4
936 1
937 4
938 3
939 3
940 2
941 3
942 3
943 2
944 2
945 6
946 4
947 2
948 4
949 5
950 2
951 3
952 2
953 3
954 3
955 8
956 8
957 9
958 5
959 5
960 4
961 11
962 9
963 6
964 8
965 8
966 6
967 7
968 8
969 5
970 8
971 9
972 5
973 9
974 7
975 5
976 10
977 9
978 12
979 8
980 8
981 6
982 13
983 4
984 7
985 10
986 6
987 5
988 11
989 7
990 5
991 2
992 10
993 4
994 10
995 4
996 10
997 6
998 4
999 9
1000 6
1001 11
1002 12
1003 7
1004 7
1005 7
1006 6
1007 12
1008 6
1009 13
1010 5
1011 7
1012 10
1013 7
1014 6
1015 9
1016 12
1017 10
1018 11
1019 12
1020 11
1021 9
1022 4
1023 10
1024 7
1025 5
1026 5
1027 6
1028 7
1029 12
1030 4
1031 4
1032 9
1033 7
1034 3
1035 10
1036 8
1037 4
1038 7
1039 7
1040 2
1041 6
1042 5
1043 10
1044 8
1045 4
1046 7
1047 5
1048 4
1049 10
1050 6
1051 5
1052 7
1053 4
1054 11
1055 5
1056 1
1057 7
1058 5
1059 4
1060 1
1061 4
1062 1
1063 2
1064 4
1066 2
1067 2
1068 2
1069 6
1070 1
1071 2
1072 1
1073 3
1074 1
1075 1
1076 1
1077 2
1079 2
1080 1
1081 2
1082 2
1083 2
1084 4
1085 4
1086 1
1090 1
1091 2
1092 2
1093 1
1094 1
1095 2
1097 1
1098 2
1101 1
1102 2
1103 1
1104 1
1105 2
1107 1
1108 1
1111 1
1112 2
1114 1
1116 1
1126 1
1149 1
1182 1
