N J h mean_R_sq err_mean_R_sq mean_R_gyr_sq err_mean_R_gyr_sq 
1225 1.51 0 771.976 17.0743 263.184 1.07482
280 1
295 1
299 1
305 2
307 1
313 1
320 1
323 2
325 1
332 1
338 2
340 2
341 1
347 1
348 1
350 1
351 1
352 1
355 1
356 1
359 1
361 1
362 1
363 1
364 1
365 1
366 1
369 2
370 1
371 1
372 3
374 2
375 1
379 1
381 1
382 2
384 2
387 1
389 1
390 2
391 1
392 3
393 1
394 1
396 1
398 1
399 5
401 1
403 1
404 2
406 1
407 1
408 1
409 1
410 2
411 1
412 1
413 1
414 1
415 1
416 1
417 3
418 1
419 1
420 2
421 1
422 1
423 3
424 1
426 1
427 4
428 2
429 3
430 1
431 2
433 2
434 2
437 3
438 1
439 3
440 2
441 1
443 1
444 1
445 6
446 4
447 1
448 1
449 3
450 2
451 3
453 3
456 1
457 2
458 1
460 1
461 1
462 2
463 1
464 4
465 2
466 2
469 2
471 3
472 2
473 4
474 1
475 3
476 1
477 2
478 1
479 7
480 1
481 2
482 2
483 2
484 2
485 2
486 1
487 4
488 1
490 1
491 2
492 3
493 1
494 2
495 1
496 3
498 3
499 3
500 2
501 4
502 1
503 3
505 6
506 3
507 2
508 5
509 3
510 1
511 2
512 2
513 3
514 2
515 2
516 3
519 1
520 2
522 5
523 3
524 2
525 1
526 1
527 2
528 4
529 1
530 1
531 3
533 2
534 1
535 4
537 2
538 3
540 3
541 2
542 1
543 5
544 1
545 4
546 1
548 1
550 3
551 3
552 1
553 1
555 3
556 4
557 1
558 2
559 1
560 3
561 1
562 1
563 2
564 1
565 3
567 3
568 3
570 1
571 2
572 1
574 1
575 1
576 2
577 2
578 2
580 2
581 1
582 3
583 1
584 1
585 1
586 2
587 1
588 2
589 1
590 1
591 2
592 4
593 1
594 1
595 1
596 1
597 1
599 2
600 3
601 1
602 5
603 1
604 3
605 1
606 1
607 1
608 1
609 2
610 3
611 2
612 1
613 3
614 1
615 1
616 3
617 4
619 1
620 1
623 4
624 1
625 2
627 3
628 2
629 1
630 3
631 1
632 2
633 3
636 4
638 4
639 1
640 2
641 1
642 1
643 1
644 2
645 3
646 1
647 1
648 1
650 3
652 1
653 2
654 2
655 1
656 1
659 2
660 1
661 1
662 3
663 1
665 5
666 3
667 4
668 2
669 3
670 3
671 1
673 5
674 3
675 1
676 3
679 2
681 1
682 6
683 2
684 2
686 3
687 1
689 2
690 2
691 3
692 1
693 1
695 3
696 3
697 4
698 2
699 2
701 3
702 3
703 1
704 2
705 3
706 1
707 3
708 1
709 2
710 1
711 2
712 2
713 1
714 2
715 2
716 2
717 1
718 1
719 1
720 2
722 1
724 2
725 3
726 1
727 3
728 3
729 2
730 3
731 5
732 2
734 3
736 2
737 2
738 4
739 3
740 2
741 3
742 1
743 2
745 2
746 2
748 5
749 2
751 2
753 1
754 1
755 2
756 1
757 2
758 3
759 1
763 1
764 1
765 1
767 2
768 1
769 1
770 2
771 1
772 2
773 1
774 2
775 4
776 1
777 2
778 1
779 1
781 2
782 1
784 1
785 3
786 2
787 3
789 2
790 2
792 1
793 2
794 1
795 3
796 2
798 2
799 2
800 1
801 1
803 4
804 4
806 1
807 1
808 1
809 1
810 2
812 3
813 1
814 2
815 1
816 1
817 2
818 1
819 2
820 2
821 1
822 2
825 1
826 2
827 2
828 1
830 2
831 4
832 2
833 2
834 3
836 2
837 1
838 3
839 1
840 1
841 4
842 2
843 2
844 1
846 2
847 3
850 4
851 2
852 3
853 1
855 1
856 1
857 1
858 2
862 3
863 2
864 2
865 2
867 1
869 1
870 2
871 2
872 2
874 1
875 1
876 1
877 1
878 3
880 1
881 6
882 1
884 1
885 1
887 1
888 1
890 1
891 1
892 1
893 1
894 1
895 1
896 2
897 2
898 2
899 1
900 2
901 1
902 1
904 1
905 3
907 2
908 1
909 1
911 1
913 1
915 4
917 4
919 1
920 1
923 1
924 1
926 2
928 1
929 2
931 2
932 1
934 1
936 3
937 1
938 1
939 1
940 2
941 3
942 2
943 1
944 2
945 2
946 3
947 3
948 1
949 1
950 2
951 2
952 2
953 3
955 2
956 1
958 2
959 2
960 1
961 1
962 1
965 1
967 1
971 1
972 2
973 1
974 1
975 1
976 1
977 2
978 1
980 3
983 2
984 1
985 1
987 2
988 1
990 2
994 1
995 1
996 1
997 1
998 1
999 1
1000 2
1001 3
1002 4
1003 2
1005 1
1006 1
1007 1
1008 2
1009 3
1010 2
1011 1
1012 1
1015 2
1016 1
1017 3
1018 2
1019 3
1020 1
1021 1
1022 3
1023 3
1024 1
1025 1
1026 1
1027 2
1028 4
1029 3
1030 1
1031 3
1033 1
1035 2
1036 1
1037 1
1039 4
1040 2
1041 1
1042 1
1043 1
1044 3
1045 2
1046 3
1047 2
1049 2
1050 1
1051 2
1052 1
1054 1
1055 1
1057 2
1058 1
1060 1
1061 1
1062 1
1063 2
1064 1
1065 1
1066 3
1067 2
1069 1
1070 2
1072 1
1074 2
1075 1
1076 2
1077 2
1079 2
1080 2
1081 1
1082 2
1083 1
1084 2
1086 2
1087 2
1088 1
1089 1
1090 2
1091 2
1093 1
1094 1
1095 1
1096 1
1097 3
1098 1
1099 2
1101 4
1102 1
1103 2
1104 1
1106 4
1107 3
1109 1
1110 1
1111 3
1112 6
1114 2
1117 1
1119 2
1120 2
1123 1
1125 1
1128 2
1129 2
1131 2
1135 3
1136 4
1137 2
1138 1
1139 1
1140 1
1141 1
1142 2
1143 2
1144 3
1145 4
1146 2
1147 1
1149 1
1150 1
1151 3
1152 2
1154 1
1155 1
1156 2
1157 2
1158 1
1159 2
1160 3
1161 1
1162 2
1164 2
1165 1
1167 1
1168 3
1169 1
1170 1
1171 2
1172 1
1175 1
1176 1
1177 1
1178 1
1179 1
1180 2
1181 1
1182 1
1183 3
1184 1
1185 3
1188 2
1191 2
1192 1
1193 3
1194 2
1195 1
1196 2
1197 2
1198 1
1199 1
1200 1
1201 3
1202 1
1203 1
1205 2
1207 3
1208 1
1209 1
1210 2
1213 1
1214 2
1215 1
1216 2
1217 2
1218 3
1219 3
1221 3
1222 2
1224 2
1225 1
1227 1
1228 2
1229 1
1231 1
1232 2
1233 4
1234 2
1236 2
1237 1
1238 2
1239 1
1241 1
1244 2
1247 3
1248 1
1251 2
1253 1
1256 3
1257 2
1259 2
1260 2
1262 1
1263 1
1264 1
1265 3
1266 1
1267 2
1269 2
1270 1
1271 1
1272 6
1273 2
1274 1
1275 1
1276 3
1277 2
1278 1
1281 2
1282 1
1284 1
1285 1
1286 5
1287 2
1288 4
1289 2
1293 2
1294 1
1295 1
1298 1
1301 1
1302 2
1303 5
1304 1
1305 2
1306 2
1307 2
1308 2
1309 1
1310 2
1311 2
1312 4
1313 3
1314 2
1315 1
1316 2
1317 4
1320 1
1321 2
1322 1
1323 1
1324 2
1325 2
1326 3
1327 2
1330 2
1331 4
1332 2
1333 2
1334 1
1335 2
1336 1
1337 1
1338 4
1339 2
1340 3
1342 2
1343 3
1344 2
1345 3
1346 1
1347 1
1349 1
1350 2
1351 1
1352 2
1353 1
1354 1
1355 2
1356 1
1357 2
1358 3
1359 3
1360 3
1361 1
1362 1
1363 1
1364 5
1365 1
1366 2
1367 3
1368 1
1369 3
1370 8
1371 3
1372 1
1373 2
1374 1
1375 1
1378 1
1379 2
1380 2
1382 2
1383 2
1384 2
1385 1
1387 3
1388 1
1389 5
1390 2
1391 1
1392 1
1393 1
1394 4
1395 1
1396 3
1397 3
1398 1
1399 3
1400 2
1401 3
1404 2
1405 4
1407 1
1408 4
1409 1
1410 1
1411 1
1412 2
1413 3
1414 4
1416 4
1417 1
1418 1
1419 1
1421 3
1422 3
1423 3
1424 2
1425 1
1426 1
1427 2
1428 3
1430 2
1431 2
1433 1
1434 1
1435 3
1436 2
1437 3
1438 2
1439 3
1440 1
1441 3
1443 2
1444 1
1447 5
1448 3
1449 1
1451 2
1452 2
1453 2
1455 2
1456 3
1457 1
1458 3
1459 1
1460 3
1461 4
1462 3
1463 4
1464 4
1465 3
1466 2
1467 3
1468 1
1469 2
1470 2
1471 1
1472 1
1474 1
1475 1
1476 3
1477 1
1479 1
1480 2
1481 2
1482 2
1483 4
1484 1
1486 2
1487 4
1488 5
1489 2
1491 1
1492 2
1493 1
1494 1
1495 1
1496 1
1497 1
1498 3
1499 6
1500 4
1501 1
1502 2
1503 4
1505 4
1506 2
1507 2
1508 2
1509 1
1510 3
1511 4
1513 5
1514 3
1515 2
1516 2
1517 1
1518 2
1519 4
1520 2
1521 2
1522 3
1523 1
1524 2
1526 2
1527 3
1528 2
1529 2
1530 2
1531 1
1532 2
1533 3
1534 2
1535 2
1536 1
1537 3
1538 1
1539 2
1540 1
1542 2
1543 1
1544 1
1545 1
1546 2
1548 3
1550 2
1554 1
1556 1
1557 2
1558 1
1559 3
1560 3
1562 5
1563 1
1564 1
1565 3
1566 1
1567 1
1568 2
1571 4
1572 2
1573 1
1574 1
1575 2
1577 1
1578 1
1580 2
1581 3
1582 1
1583 1
1584 2
1585 2
1586 2
1587 1
1589 3
1590 1
1591 3
1592 1
1593 1
1594 1
1595 1
1596 2
1597 1
1599 1
1600 2
1601 1
1602 1
1603 2
1604 2
1605 1
1606 1
1607 2
1608 2
1609 2
1610 1
1612 1
1616 1
1618 1
1619 1
1620 1
1621 4
1622 1
1623 1
1624 1
1625 1
1626 2
1628 1
1632 1
1633 1
1638 1
1639 1
1641 2
1643 2
1644 1
1646 1
1649 4
1652 1
1654 1
1656 1
1657 1
1658 1
1659 1
1661 1
1662 2
1663 1
1669 1
1671 1
1672 1
1674 3
1675 1
1676 1
1681 1
1686 1
1699 1
1705 1
1707 1
1721 1
1759 1
