N J h mean_R_sq err_mean_R_sq mean_R_gyr_sq err_mean_R_gyr_sq 
4900 1.46 0 44118.1 40928.9 6393.87 5328.05
1000 3
1001 4
1002 4
1003 3
1005 1
1006 2
1007 4
1009 2
1010 3
1011 2
1012 2
1013 3
1014 1
1016 3
1017 2
1018 1
1019 2
1020 2
1021 3
1023 2
1024 1
1026 1
1027 2
1028 1
1029 3
1030 1
1031 3
1034 2
1036 3
1037 4
1038 2
1040 3
1041 2
1042 1
1043 2
1044 1
1045 2
1046 2
1047 3
1048 1
1049 5
1050 1
1051 2
1052 2
1053 5
1054 2
1055 2
1056 2
1057 2
1058 2
1059 1
1061 5
1062 2
1063 2
1064 3
1065 2
1066 3
1067 2
1068 2
1069 4
1071 2
1072 2
1073 5
1074 1
1075 3
1076 3
1078 3
1079 1
1080 2
1081 3
1082 2
1084 5
1085 1
1086 4
1087 2
1088 2
1089 2
1091 7
1092 2
1093 2
1094 3
1095 3
1096 3
1097 1
1098 2
1099 3
1100 6
1101 2
1103 1
1104 2
1105 2
1106 6
1107 3
1108 3
1109 2
1110 2
1111 1
1112 3
1113 1
1114 4
1116 1
1117 2
1118 3
1119 5
1120 4
1121 1
1122 1
1123 3
1124 2
1125 5
1126 5
1127 8
1128 7
1129 3
1130 4
1131 3
1132 3
1133 5
1134 3
1135 5
1136 3
1137 5
1138 2
1139 2
1140 6
1141 5
1142 2
1143 7
1144 10
1145 6
1146 8
1147 5
1148 6
1149 6
1150 6
1151 4
1152 6
1153 2
1154 4
1155 3
1156 1
1157 8
1158 2
1159 3
1160 1
1161 7
1162 7
1163 1
1164 3
1165 4
1166 6
1167 3
1168 5
1169 5
1170 5
1171 5
1172 4
1173 3
1174 3
1175 4
1176 2
1177 2
1178 1
1179 6
1180 3
1181 3
1182 4
1183 3
1184 2
1185 2
1186 7
1187 2
1188 7
1189 4
1190 4
1191 6
1192 3
1193 7
1194 2
1195 4
1196 3
1197 2
1198 6
1199 4
1200 2
1201 2
1202 5
1203 5
1204 4
1205 6
1206 2
1207 6
1208 3
1209 11
1210 4
1211 6
1212 3
1213 6
1214 1
1215 4
1216 4
1217 1
1218 3
1219 11
1220 5
1221 2
1222 4
1223 3
1224 1
1225 1
1226 2
1227 3
1228 2
1229 2
1230 4
1231 7
1232 1
1233 3
1234 5
1235 4
1236 8
1237 3
1238 3
1239 2
1241 3
1242 3
1243 5
1244 2
1245 4
1246 6
1247 3
1248 3
1249 5
1250 4
1251 2
1252 1
1253 4
1254 2
1255 2
1256 2
1257 4
1258 3
1259 2
1260 5
1261 2
1262 4
1263 3
1264 3
1265 4
1266 3
1267 4
1268 2
1269 2
1270 3
1271 2
1272 4
1273 2
1274 4
1275 7
1276 2
1277 1
1278 5
1279 2
1280 6
1281 3
1282 1
1283 2
1284 4
1285 2
1286 5
1287 6
1288 3
1289 2
1290 3
1291 1
1292 3
1293 3
1294 3
1295 3
1296 3
1297 1
1298 2
1299 2
1301 2
1302 3
1303 2
1304 3
1305 1
1308 2
1309 1
1311 3
1313 1
1314 2
1315 2
1317 1
1319 2
1320 2
1321 2
1322 1
1324 2
1325 4
1327 2
1328 2
1329 2
1331 1
1332 2
1336 2
1339 1
1340 1
1345 1
1347 2
1348 1
1349 1
1350 1
1353 1
1354 1
1355 1
1357 2
1358 1
1360 1
1363 1
1365 1
1366 1
1368 1
1370 1
1371 1
1379 1
1381 1
1385 1
1386 1
1390 1
1391 1
1394 1
1417 1
