N J h mean_R_sq err_mean_R_sq mean_R_gyr_sq err_mean_R_gyr_sq 
2500 1.386 0 9808.45 4558.75 1734.45 632.988
1000 28
1001 24
1002 21
1003 20
1004 21
1005 12
1006 19
1007 19
1008 28
1009 27
1010 18
1011 10
1012 14
1013 10
1014 18
1015 8
1016 19
1017 13
1018 18
1019 13
1020 15
1021 9
1022 15
1023 12
1024 14
1025 14
1026 11
1027 12
1028 15
1029 17
1030 11
1031 14
1032 12
1033 12
1034 14
1035 8
1036 8
1037 9
1038 14
1039 9
1040 14
1041 9
1042 9
1043 11
1044 9
1045 2
1046 4
1047 4
1048 6
1049 8
1050 5
1051 8
1052 10
1053 14
1054 6
1055 8
1056 9
1057 7
1058 10
1059 1
1060 5
1061 9
1062 8
1063 1
1064 7
1065 2
1066 4
1067 4
1068 9
1069 8
1070 4
1071 3
1072 8
1073 5
1074 3
1075 5
1076 4
1077 6
1078 1
1079 1
1080 3
1081 3
1082 3
1083 3
1084 4
1085 2
1086 3
1088 6
1089 4
1090 6
1091 3
1092 3
1093 5
1094 3
1095 2
1096 6
1097 4
1098 2
1099 1
1100 2
1101 3
1102 1
1103 2
1104 3
1105 1
1106 2
1107 1
1108 3
1110 1
1111 3
1112 2
1113 2
1114 1
1116 3
1117 1
1119 2
1120 2
1121 1
1124 1
1126 1
1127 1
1128 2
1131 2
1132 2
1135 1
1136 2
1138 2
1141 1
1142 2
1144 2
1149 1
1150 1
1154 2
1159 1
1160 3
1163 1
1165 1
1172 1
1177 2
1178 1
1181 1
1185 1
1194 1
1206 2
1221 1
1233 1
1251 1
