N J h mean_R_sq err_mean_R_sq mean_R_gyr_sq err_mean_R_gyr_sq 
2916 1.423 0 2805.76 453.539 804.534 46.357
386 1
443 1
481 1
501 1
502 1
508 1
512 1
523 1
529 1
533 1
538 1
539 1
541 1
543 1
545 1
546 2
547 1
549 1
551 1
557 2
558 1
559 2
561 1
565 1
568 1
569 3
573 1
576 1
577 3
578 1
580 1
582 1
583 1
584 2
585 2
587 2
589 1
590 1
591 2
592 1
593 1
594 2
595 2
596 1
597 1
598 1
604 1
605 1
606 2
607 1
609 2
610 1
611 2
612 1
615 2
616 3
617 6
618 1
619 1
620 1
622 2
623 2
624 1
625 1
627 1
628 2
631 2
633 3
634 2
636 2
637 1
638 1
639 1
642 2
643 1
644 2
645 3
646 1
647 3
648 2
649 3
650 2
651 1
653 1
654 1
655 1
656 1
657 1
658 1
660 2
662 2
663 4
664 1
665 1
666 3
667 2
671 2
672 2
674 1
678 1
679 3
680 2
681 1
683 2
686 1
687 2
688 1
689 2
690 1
691 4
692 2
694 2
696 1
697 3
698 1
699 2
702 2
703 1
704 2
705 1
706 1
707 3
708 1
709 1
710 2
711 3
712 4
713 2
714 1
715 1
717 1
718 3
719 2
720 2
721 2
722 4
723 2
724 4
725 4
726 2
727 3
728 3
729 3
730 3
731 3
733 2
734 4
735 2
737 2
738 5
739 3
740 1
741 1
742 2
743 2
746 2
747 4
748 3
750 2
751 2
752 3
753 2
754 2
755 3
756 3
757 2
758 2
759 1
760 2
761 2
762 1
763 4
764 1
765 1
766 2
767 2
769 1
770 4
771 2
773 2
774 2
776 3
778 1
779 2
780 1
781 2
782 1
783 1
785 3
786 4
787 5
788 1
789 2
790 4
791 6
792 8
793 3
794 1
795 2
796 1
797 3
798 3
799 3
800 2
801 1
802 3
803 2
804 3
805 2
806 1
807 4
808 2
809 2
810 2
811 4
812 2
813 2
814 3
815 2
816 1
817 4
819 2
820 4
821 2
822 2
823 2
824 2
825 1
826 2
827 1
828 3
829 6
830 2
831 2
832 1
833 2
834 5
835 4
836 1
837 3
839 1
840 1
841 3
842 2
843 1
845 3
846 5
848 6
849 4
850 4
851 6
852 3
853 2
854 3
855 1
856 2
857 2
858 1
859 3
860 1
861 3
863 3
864 4
865 5
866 4
867 3
868 8
869 6
870 3
871 3
872 4
873 2
874 5
875 2
876 4
877 2
878 5
879 1
880 3
881 4
882 1
883 2
884 4
885 2
886 4
887 2
888 4
889 2
890 3
891 2
892 2
893 4
896 3
897 2
898 4
899 2
900 6
901 2
902 1
903 3
904 2
905 3
906 2
907 4
908 4
909 3
910 3
911 3
912 4
913 4
915 2
916 4
917 2
918 1
919 2
920 7
921 4
922 2
923 3
925 3
926 2
927 3
928 4
929 4
930 2
931 4
932 1
933 2
934 4
935 4
936 2
937 2
938 5
939 2
940 3
941 5
942 5
943 1
944 2
945 4
946 4
947 8
948 3
949 2
950 2
951 3
952 6
953 2
954 2
955 5
956 3
957 4
958 1
959 3
960 1
961 2
962 5
963 3
964 4
965 2
967 3
968 2
969 3
970 3
971 1
972 5
973 2
974 7
975 2
976 2
977 3
978 4
979 3
980 4
981 4
982 6
983 1
984 2
985 6
986 4
987 2
988 2
989 3
990 6
991 7
992 5
993 1
994 4
995 4
996 4
997 1
998 1
999 4
1000 3
1001 3
1002 2
1003 4
1004 3
1005 4
1006 4
1007 3
1008 5
1009 1
1010 1
1011 7
1012 4
1013 5
1015 1
1016 3
1017 7
1018 2
1019 3
1020 5
1021 2
1022 1
1023 1
1024 1
1025 3
1026 1
1027 4
1028 4
1029 3
1030 2
1031 1
1032 6
1033 4
1034 4
1035 3
1036 4
1037 3
1038 3
1039 2
1040 3
1041 4
1042 4
1043 3
1044 6
1045 2
1046 2
1047 1
1048 4
1049 3
1050 6
1051 3
1052 3
1053 2
1054 2
1055 1
1056 4
1057 6
1058 4
1059 2
1060 3
1061 3
1063 7
1064 3
1065 2
1066 7
1067 7
1068 3
1069 1
1070 2
1071 1
1072 4
1073 1
1074 1
1075 4
1076 1
1078 5
1079 2
1080 6
1081 1
1082 5
1083 3
1084 1
1085 3
1086 1
1087 5
1088 4
1089 7
1090 3
1091 3
1092 4
1093 2
1094 4
1095 1
1096 3
1097 6
1098 2
1099 4
1100 5
1101 1
1102 3
1103 8
1104 2
1105 5
1106 1
1107 2
1108 4
1109 8
1110 4
1111 3
1112 5
1113 1
1114 4
1115 2
1116 6
1117 1
1118 1
1119 2
1120 3
1121 2
1122 1
1123 3
1124 2
1125 3
1127 4
1128 3
1129 5
1130 3
1131 2
1133 4
1134 4
1135 1
1136 4
1137 1
1138 5
1139 2
1140 3
1141 9
1142 2
1143 1
1144 4
1145 3
1146 3
1147 3
1148 2
1149 1
1150 2
1151 4
1152 7
1153 1
1154 2
1155 2
1156 1
1157 4
1158 4
1159 3
1160 1
1161 6
1162 3
1163 5
1164 3
1165 3
1166 7
1167 3
1169 2
1170 4
1171 3
1172 3
1173 7
1174 3
1176 2
1177 2
1178 5
1179 4
1180 2
1181 1
1182 4
1183 2
1184 5
1185 1
1186 2
1187 2
1188 5
1189 2
1190 3
1191 2
1192 2
1193 1
1194 2
1195 4
1196 1
1197 6
1198 5
1199 2
1200 2
1201 3
1202 5
1203 3
1205 2
1207 2
1208 1
1209 2
1210 1
1211 3
1212 2
1214 3
1215 5
1216 5
1217 3
1218 1
1219 2
1220 4
1221 4
1222 4
1224 3
1225 2
1226 1
1227 2
1228 8
1229 2
1230 2
1231 3
1232 4
1233 4
1234 2
1235 2
1236 2
1238 2
1239 4
1240 3
1241 3
1242 1
1243 5
1244 1
1245 1
1246 3
1247 2
1248 3
1249 1
1251 4
1252 1
1253 3
1254 1
1255 1
1256 1
1258 4
1261 2
1262 3
1263 3
1264 5
1265 2
1266 1
1267 2
1268 3
1269 1
1271 3
1272 3
1273 4
1274 6
1275 3
1276 1
1278 6
1279 4
1280 5
1281 3
1282 3
1283 3
1284 4
1287 2
1288 6
1289 3
1290 2
1291 2
1292 1
1293 2
1294 3
1295 2
1296 2
1297 2
1298 2
1299 1
1301 4
1302 1
1303 1
1304 1
1305 3
1306 2
1307 2
1308 1
1309 2
1312 2
1313 3
1314 3
1315 1
1316 1
1317 1
1318 1
1319 1
1321 2
1322 2
1323 1
1324 2
1325 2
1326 4
1327 1
1329 1
1330 3
1332 2
1333 1
1334 1
1335 3
1337 1
1339 1
1341 2
1342 1
1344 2
1348 2
1349 1
1350 1
1351 3
1352 1
1353 1
1355 2
1356 2
1357 3
1359 2
1362 3
1364 3
1365 2
1366 3
1369 1
1370 1
1371 4
1374 3
1377 1
1378 2
1379 1
1380 1
1382 1
1385 2
1386 1
1387 3
1388 1
1390 1
1392 1
1394 2
1396 1
1397 2
1398 2
1400 3
1401 1
1402 2
1404 1
1406 3
1407 1
1408 2
1409 1
1411 2
1413 1
1416 1
1417 2
1420 2
1421 1
1423 1
1426 1
1427 1
1428 1
1430 3
1431 1
1432 1
1436 2
1439 1
1443 1
1449 1
1450 1
1452 3
1454 1
1455 1
1456 1
1459 1
1460 1
1461 1
1466 1
1469 1
1471 1
1473 1
1478 1
1479 2
1483 1
1489 1
1491 1
1494 2
1511 1
1519 1
1530 1
1538 1
1549 1
1578 1
1586 1
