N J h mean_R_sq err_mean_R_sq mean_R_gyr_sq err_mean_R_gyr_sq 
2916 1.435 0 15668.9 13361.6 2758.04 2024.79
1000 1
1001 3
1002 9
1003 3
1004 4
1005 3
1006 6
1007 1
1008 5
1009 2
1010 4
1011 2
1012 5
1013 5
1014 5
1015 8
1016 9
1017 4
1018 3
1019 4
1020 1
1021 7
1022 3
1023 5
1024 5
1025 6
1026 5
1027 4
1028 3
1029 6
1030 8
1031 4
1032 4
1033 3
1034 5
1035 1
1036 4
1037 3
1038 3
1039 1
1040 5
1041 4
1042 4
1043 5
1044 6
1045 2
1046 4
1047 4
1048 7
1049 4
1050 5
1051 3
1052 1
1053 4
1054 3
1055 6
1056 6
1057 4
1058 5
1059 6
1060 9
1061 4
1062 5
1063 2
1064 3
1065 6
1066 5
1067 3
1068 4
1069 4
1070 3
1071 6
1072 6
1073 9
1074 7
1075 7
1076 3
1077 1
1078 6
1079 4
1080 6
1081 7
1082 3
1083 4
1084 2
1085 4
1086 1
1087 4
1088 8
1089 3
1090 2
1091 1
1092 4
1093 6
1094 8
1096 6
1097 4
1098 3
1099 4
1100 8
1101 1
1102 3
1103 3
1104 5
1105 4
1106 6
1107 5
1108 2
1109 6
1110 4
1111 5
1112 4
1113 3
1114 3
1115 4
1116 4
1117 4
1118 3
1119 1
1120 5
1121 3
1122 4
1123 4
1124 7
1125 1
1126 3
1127 2
1128 1
1129 3
1130 2
1131 6
1132 4
1133 1
1134 6
1135 4
1136 2
1137 5
1138 4
1139 3
1140 5
1141 1
1142 6
1143 6
1144 5
1145 3
1146 5
1147 11
1148 3
1149 2
1150 6
1151 3
1152 4
1153 8
1154 3
1155 8
1156 3
1157 8
1158 2
1159 3
1160 6
1161 4
1162 4
1163 4
1164 2
1165 3
1166 2
1167 3
1168 2
1169 6
1170 2
1171 6
1172 2
1173 1
1174 3
1175 2
1176 2
1177 3
1178 4
1179 4
1180 5
1181 3
1182 3
1183 6
1184 2
1185 2
1186 1
1187 4
1188 2
1189 5
1190 3
1191 3
1192 2
1193 3
1194 2
1195 3
1196 4
1197 3
1198 2
1199 3
1200 2
1201 2
1202 2
1203 3
1204 5
1206 1
1207 1
1208 4
1209 4
1210 2
1211 1
1212 4
1213 1
1214 5
1215 1
1216 3
1217 1
1218 5
1219 4
1222 2
1223 2
1224 5
1225 1
1226 6
1227 3
1228 2
1229 2
1230 1
1231 3
1232 2
1233 4
1234 3
1235 1
1236 2
1237 2
1238 2
1239 4
1240 2
1241 1
1242 6
1243 4
1244 2
1245 2
1247 1
1248 1
1249 1
1250 1
1251 1
1252 2
1253 1
1254 1
1255 2
1257 2
1260 2
1261 3
1263 2
1264 2
1269 2
1270 2
1271 1
1272 1
1273 1
1274 2
1276 1
1278 1
1279 1
1282 2
1283 1
1284 1
1286 3
1287 3
1289 3
1290 1
1293 1
1294 2
1295 2
1296 1
1299 1
1300 1
1301 1
1303 2
1304 3
1309 1
1311 1
1312 1
1313 1
1314 1
1318 1
1321 1
1323 1
1324 1
1325 1
1340 2
1342 1
1343 1
1345 1
1348 1
1366 1
1374 1
1375 1
1378 1
1388 1
