N J h mean_R_sq err_mean_R_sq mean_R_gyr_sq err_mean_R_gyr_sq 
2500 1.495 0 3670.41 2231.93 851.911 330.784
507 1
511 1
513 1
520 1
521 2
522 1
526 1
527 2
528 2
529 3
530 3
532 1
533 1
534 5
535 5
536 3
537 6
538 6
539 6
540 8
541 9
542 6
543 9
544 11
545 10
546 10
547 11
548 16
549 12
550 12
551 17
552 13
553 16
554 15
555 17
556 16
557 32
558 17
559 25
560 22
561 21
562 29
563 16
564 25
565 31
566 26
567 31
568 39
569 29
570 29
571 30
572 31
573 44
574 35
575 40
576 41
577 38
578 39
579 39
580 30
581 29
582 30
583 28
584 39
585 31
586 30
587 27
588 29
589 37
590 26
591 33
592 37
593 37
594 29
595 28
596 33
597 25
598 30
599 25
600 15
601 21
602 12
603 16
604 22
605 22
606 13
607 22
608 13
609 13
610 23
611 10
612 12
613 13
614 10
615 6
616 10
617 10
618 9
619 7
620 5
621 9
622 3
623 5
624 6
625 2
626 2
627 6
628 10
629 3
630 2
631 2
632 2
633 3
634 9
635 2
638 2
639 3
640 2
642 1
651 1
654 1
661 1
669 2
671 1
672 1
676 1
678 1
680 1
682 2
686 1
689 1
690 2
693 1
696 1
698 2
701 1
704 1
705 1
711 1
715 2
716 1
717 2
720 3
721 1
722 1
723 1
727 2
732 1
734 1
739 1
740 2
745 1
754 2
757 1
771 1
775 1
776 1
779 1
789 2
803 1
810 1
813 1
833 1
834 1
837 1
839 1
854 1
