N J h mean_R_sq err_mean_R_sq mean_R_gyr_sq err_mean_R_gyr_sq 
3600 1.37 0 36710.1 26976.3 5673.24 3701.87
1000 60
1001 37
1002 50
1003 39
1004 38
1005 37
1006 43
1007 45
1008 33
1009 24
1010 21
1011 22
1012 30
1013 34
1014 23
1015 27
1016 26
1017 13
1018 16
1019 18
1020 25
1021 13
1022 14
1023 21
1024 12
1025 10
1026 11
1027 10
1028 12
1029 10
1030 8
1031 9
1032 13
1033 11
1034 14
1035 9
1036 9
1037 7
1038 12
1039 7
1040 8
1041 8
1042 5
1043 7
1044 4
1045 7
1046 8
1047 5
1048 4
1049 3
1050 3
1051 3
1052 2
1053 1
1054 4
1055 6
1056 1
1057 5
1060 1
1061 3
1062 3
1063 4
1064 1
1065 3
1067 1
1068 1
1069 1
1070 2
1071 1
1073 1
1074 1
1075 1
1076 1
1077 1
1078 2
1079 1
1080 1
1082 2
1084 2
1085 1
1088 1
1090 1
1091 2
1095 1
1129 1
1130 1
