N J h mean_R_sq err_mean_R_sq mean_R_gyr_sq err_mean_R_gyr_sq 
2916 1.471 0 7663.54 5767.65 1621.59 953.148
1000 1
1001 2
1002 2
1003 2
1004 1
1005 3
1007 1
1008 3
1009 3
1010 2
1011 2
1012 1
1013 4
1014 2
1015 3
1016 2
1017 1
1018 1
1019 3
1020 1
1021 2
1022 4
1023 2
1024 1
1025 1
1026 2
1027 1
1028 1
1029 1
1030 2
1031 1
1034 1
1036 1
1037 2
1038 1
1039 3
1040 3
1041 1
1042 1
1043 1
1045 1
1047 1
1048 5
1050 1
1051 2
1052 1
1054 3
1056 1
1057 1
1058 3
1059 3
1060 2
1061 2
1062 1
1064 2
1065 2
1066 3
1067 7
1068 1
1069 2
1070 2
1071 1
1072 3
1073 2
1074 1
1075 3
1076 2
1077 2
1079 2
1080 5
1081 1
1082 2
1083 8
1084 4
1085 1
1086 1
1087 2
1088 1
1089 5
1090 3
1091 1
1092 1
1093 2
1094 7
1095 1
1096 2
1099 3
1100 1
1101 5
1102 3
1103 1
1104 1
1105 1
1106 1
1107 2
1108 3
1109 1
1110 4
1112 7
1113 2
1114 4
1115 2
1116 5
1117 1
1118 2
1119 3
1120 1
1121 1
1122 2
1123 4
1124 3
1125 5
1126 2
1127 2
1128 7
1129 3
1130 3
1131 1
1132 3
1133 4
1134 4
1135 5
1136 6
1137 3
1138 3
1139 4
1140 5
1141 3
1142 3
1144 4
1145 3
1146 4
1148 6
1149 1
1150 3
1151 4
1152 3
1153 1
1154 5
1155 5
1156 2
1157 6
1158 5
1159 3
1160 3
1161 3
1162 2
1163 3
1164 3
1165 2
1166 4
1167 3
1169 2
1171 6
1172 1
1173 5
1174 3
1175 6
1176 4
1177 3
1178 2
1179 4
1180 2
1181 5
1182 3
1183 4
1184 2
1185 5
1186 3
1187 3
1188 2
1189 5
1190 3
1191 4
1192 3
1193 5
1194 2
1195 4
1196 5
1197 6
1198 1
1199 1
1200 5
1201 1
1202 5
1204 9
1205 1
1206 3
1207 2
1209 5
1210 2
1211 2
1212 3
1213 5
1215 6
1216 2
1217 5
1218 6
1219 2
1220 7
1222 2
1223 6
1224 3
1225 4
1226 5
1227 5
1228 4
1229 5
1230 5
1231 7
1232 3
1233 1
1234 4
1235 5
1236 3
1237 6
1238 1
1239 3
1240 1
1241 2
1242 2
1243 4
1244 5
1245 6
1246 3
1247 2
1248 2
1249 3
1250 3
1251 5
1252 1
1253 4
1254 3
1255 3
1256 5
1257 5
1258 6
1259 2
1260 4
1261 2
1262 5
1263 10
1264 5
1265 3
1266 5
1267 2
1268 7
1269 2
1270 3
1271 1
1272 4
1273 6
1274 3
1275 1
1276 1
1277 2
1278 3
1279 1
1280 3
1281 5
1282 2
1283 3
1284 5
1285 3
1286 4
1287 2
1288 4
1289 1
1291 5
1292 2
1293 1
1294 3
1295 3
1296 1
1297 4
1298 2
1299 4
1300 1
1301 3
1302 5
1303 1
1304 1
1305 2
1306 3
1307 2
1308 4
1309 3
1310 2
1312 2
1313 4
1314 7
1315 1
1316 2
1317 1
1318 1
1319 2
1320 5
1322 3
1323 7
1324 2
1325 2
1326 2
1327 1
1328 2
1329 4
1330 2
1331 2
1332 1
1333 2
1334 3
1335 3
1336 3
1337 2
1338 1
1339 1
1340 4
1341 1
1342 1
1343 2
1344 4
1345 1
1346 1
1347 1
1348 3
1349 1
1350 3
1351 2
1352 4
1353 3
1354 3
1357 1
1360 1
1361 1
1363 1
1365 1
1366 2
1367 2
1368 2
1370 1
1376 1
1377 1
1379 1
1381 1
1383 1
1385 2
1387 1
1390 1
1392 3
1396 1
1397 2
1403 1
1404 3
1409 1
1411 1
1416 1
1417 1
1418 1
1431 2
1437 1
1445 1
1447 1
