N J h mean_R_sq err_mean_R_sq mean_R_gyr_sq err_mean_R_gyr_sq 
3600 1.43 0 44772.9 41748.8 6471.1 5555.56
440 1
469 1
485 1
499 1
502 1
504 1
513 1
515 1
516 1
523 1
528 2
529 1
531 1
536 1
549 1
550 1
552 1
558 1
564 1
567 1
570 1
573 1
577 1
579 1
583 2
589 2
590 1
594 1
595 1
596 1
598 1
599 1
603 1
606 1
608 1
609 1
613 3
614 2
615 1
620 1
624 1
626 1
627 4
628 1
632 1
635 2
636 1
637 1
638 1
639 3
640 1
642 1
647 2
648 1
650 1
657 2
659 1
660 1
663 1
665 1
666 1
667 2
668 1
670 1
673 1
678 1
680 2
683 1
684 2
686 1
689 1
690 1
691 1
694 1
695 1
697 2
700 1
705 2
706 1
710 2
712 2
714 1
715 1
716 2
717 1
719 1
720 1
722 2
723 2
726 2
728 1
729 2
733 1
734 1
735 2
736 1
737 1
738 1
739 1
740 3
741 1
742 2
744 2
746 1
747 2
749 2
750 4
752 1
757 1
759 1
760 1
762 1
763 1
764 1
765 2
767 1
768 2
771 1
772 1
774 2
776 2
777 3
778 1
781 3
782 1
786 1
787 1
790 3
791 1
792 1
793 4
794 3
795 3
796 1
797 1
799 1
800 1
802 2
805 3
807 2
808 3
809 2
810 1
813 2
814 1
816 1
817 4
818 1
819 2
820 2
821 2
822 1
823 1
825 1
827 2
829 1
831 3
832 2
834 1
835 3
843 1
844 1
845 1
848 2
850 1
851 2
854 2
855 1
856 2
858 1
859 2
860 1
862 1
863 2
864 1
865 2
866 1
867 1
868 1
869 3
870 2
871 1
872 3
873 3
874 4
875 3
876 1
877 2
879 1
880 3
882 2
883 3
884 1
885 3
886 1
887 1
888 1
889 3
890 1
892 2
893 2
894 2
895 2
897 1
898 3
900 1
901 1
902 1
903 2
904 1
907 4
908 2
909 1
911 2
913 2
914 1
915 2
916 2
917 4
918 3
919 1
920 1
921 1
922 2
923 1
924 3
925 3
926 4
927 1
928 3
929 1
930 1
931 1
932 1
933 2
934 3
935 3
937 2
938 1
939 2
940 4
942 1
944 1
945 2
946 2
948 2
949 2
950 3
951 3
952 1
953 2
954 2
955 1
956 1
957 5
958 2
959 1
960 1
961 2
962 1
964 2
965 4
967 1
968 1
969 3
970 1
972 1
973 3
975 3
976 2
977 1
979 2
981 3
982 2
984 2
985 3
986 1
987 4
988 2
989 4
990 3
991 5
992 1
993 2
994 1
995 3
997 1
998 1
1001 1
1003 4
1004 2
1005 4
1006 2
1007 2
1008 2
1009 2
1010 5
1011 2
1015 2
1016 2
1017 1
1018 4
1021 3
1022 2
1023 2
1024 2
1025 2
1026 2
1027 1
1029 1
1030 4
1031 1
1032 2
1033 2
1034 2
1035 3
1036 1
1037 2
1039 1
1040 1
1042 1
1043 1
1044 3
1045 1
1046 3
1047 2
1048 2
1049 3
1050 2
1052 4
1053 1
1054 2
1055 2
1056 1
1059 2
1060 2
1061 4
1062 2
1063 1
1064 1
1067 1
1068 2
1069 3
1070 2
1071 2
1072 4
1073 1
1074 1
1075 1
1076 2
1077 2
1078 2
1079 1
1080 1
1081 1
1082 2
1083 1
1085 2
1086 1
1087 2
1088 1
1089 3
1090 3
1091 1
1092 2
1094 1
1095 1
1096 2
1097 2
1098 4
1099 2
1102 2
1103 1
1104 2
1105 1
1106 3
1107 1
1108 1
1109 3
1110 1
1112 1
1113 1
1114 4
1115 4
1116 1
1117 1
1118 3
1119 3
1120 1
1122 3
1123 2
1125 1
1128 1
1129 2
1130 1
1131 1
1132 3
1133 2
1134 1
1135 1
1136 2
1137 2
1138 1
1139 2
1142 3
1145 1
1146 2
1147 3
1149 1
1151 1
1152 2
1154 1
1155 1
1156 3
1157 4
1158 1
1159 2
1160 1
1161 6
1162 1
1163 1
1164 3
1167 2
1168 1
1169 3
1172 3
1175 1
1176 2
1177 1
1178 1
1179 4
1180 2
1181 1
1182 1
1183 4
1184 1
1185 2
1186 1
1187 1
1188 2
1189 3
1191 2
1192 2
1193 1
1194 2
1195 1
1196 4
1197 1
1198 1
1199 2
1200 1
1201 1
1202 1
1203 1
1204 1
1205 1
1208 1
1209 4
1211 1
1212 1
1214 2
1216 2
1218 1
1219 1
1222 2
1223 1
1228 2
1229 2
1232 3
1233 1
1234 1
1235 4
1236 2
1237 1
1238 2
1239 1
1240 3
1241 2
1243 1
1244 2
1245 5
1246 4
1248 2
1250 3
1251 3
1252 2
1254 2
1255 1
1256 1
1258 1
1259 4
1260 2
1261 1
1263 3
1264 3
1265 2
1266 3
1267 4
1268 1
1271 1
1272 1
1273 2
1275 1
1277 2
1279 1
1280 1
1281 2
1282 1
1286 1
1287 2
1288 2
1289 1
1293 1
1298 1
1299 2
1300 1
1302 1
1303 1
1308 1
1309 3
1310 1
1311 1
1313 1
1314 1
1319 1
1321 1
1324 2
1327 1
1328 2
1330 2
1331 1
1332 1
1336 1
1340 1
1341 1
1344 1
1345 2
1347 3
1349 1
1351 2
1352 1
1355 2
1357 1
1358 1
1359 1
1360 1
1362 2
1363 1
1365 1
1366 1
1368 1
1369 1
1370 1
1375 1
1378 2
1385 1
1386 1
1388 1
1389 1
1391 1
1392 1
1399 1
1403 1
1408 1
1409 1
1410 1
1411 1
1413 1
1420 1
1425 1
1428 1
1429 3
1435 1
1436 1
1438 1
1439 1
1443 1
1451 1
1453 1
1456 2
1472 1
1484 2
1509 1
1516 1
1518 1
1538 1
1541 1
