N J h mean_R_sq err_mean_R_sq mean_R_gyr_sq err_mean_R_gyr_sq 
4900 1.53 0 9272.63 6795.65 1644.09 717.531
1002 1
1018 1
1020 1
1021 1
1029 1
1033 1
1037 1
1038 2
1041 1
1043 1
1044 3
1060 1
1067 1
1068 1
1072 2
1074 1
1076 1
1077 1
1078 2
1079 2
1080 1
1088 2
1089 1
1101 2
1102 1
1104 1
1108 1
1109 1
1111 2
1114 2
1117 1
1118 1
1119 2
1120 1
1121 1
1124 1
1126 1
1127 1
1128 2
1129 1
1130 3
1132 1
1133 1
1134 1
1136 1
1137 2
1138 1
1139 1
1140 2
1141 1
1142 1
1143 1
1144 1
1145 1
1147 5
1148 1
1149 2
1150 1
1151 1
1152 2
1154 2
1155 1
1156 3
1157 1
1158 1
1159 1
1161 2
1162 1
1163 2
1164 1
1165 4
1166 3
1168 4
1169 1
1170 1
1172 1
1173 1
1174 2
1175 1
1177 3
1179 3
1180 3
1181 3
1182 1
1183 1
1185 4
1186 1
1187 3
1188 2
1189 4
1190 2
1191 3
1193 1
1195 1
1196 5
1197 2
1199 3
1200 1
1201 3
1202 4
1203 2
1204 2
1207 3
1208 1
1209 1
1210 3
1211 4
1212 2
1215 3
1216 5
1218 3
1220 3
1221 4
1222 2
1223 2
1224 2
1225 6
1226 1
1227 2
1228 3
1229 6
1230 1
1231 5
1232 2
1233 2
1234 4
1235 2
1236 4
1237 1
1239 5
1241 4
1244 2
1245 2
1246 4
1247 1
1248 2
1249 3
1251 2
1252 2
1253 6
1254 3
1255 5
1256 3
1257 1
1258 5
1261 1
1262 4
1263 4
1264 4
1265 3
1266 3
1267 5
1268 4
1269 3
1270 3
1271 3
1272 6
1273 2
1274 8
1275 6
1276 7
1277 2
1278 4
1279 2
1280 5
1281 1
1282 5
1283 1
1284 6
1285 5
1286 8
1287 4
1288 3
1289 5
1290 3
1291 3
1292 2
1293 5
1294 3
1295 2
1296 6
1297 3
1298 5
1299 2
1300 2
1301 4
1302 2
1304 5
1305 2
1306 5
1307 3
1308 6
1309 5
1310 4
1311 5
1312 3
1313 9
1314 7
1315 4
1316 5
1317 2
1318 4
1319 5
1320 4
1321 5
1322 8
1323 2
1324 3
1325 4
1326 4
1327 5
1328 5
1329 2
1330 6
1331 2
1332 1
1333 3
1334 3
1335 8
1336 4
1337 2
1338 3
1339 2
1340 4
1341 6
1342 2
1343 6
1344 4
1345 2
1346 7
1347 9
1348 7
1349 1
1350 4
1351 4
1352 2
1353 5
1354 5
1355 7
1356 4
1357 3
1358 4
1359 3
1360 8
1361 4
1362 5
1363 3
1364 5
1365 2
1366 4
1367 5
1368 4
1369 2
1370 2
1371 6
1372 3
1373 7
1374 7
1375 5
1376 9
1377 3
1378 5
1379 3
1380 6
1381 4
1382 6
1383 5
1384 3
1385 2
1386 1
1387 5
1388 5
1389 6
1390 5
1391 3
1392 4
1393 2
1394 2
1395 3
1396 2
1397 3
1398 3
1399 11
1400 1
1401 5
1402 3
1403 4
1404 2
1405 3
1406 2
1407 1
1408 2
1409 3
1411 2
1412 4
1413 3
1414 4
1415 1
1416 5
1417 2
1419 2
1420 3
1421 1
1422 4
1423 1
1424 4
1425 2
1426 1
1427 4
1428 3
1429 3
1430 5
1431 1
1432 1
1433 1
1434 1
1435 1
1436 1
1437 2
1438 3
1439 1
1442 2
1444 1
1445 5
1446 1
1447 5
1448 2
1452 2
1454 1
1455 2
1456 1
1458 1
1461 2
1462 2
1463 1
1471 1
1477 1
1479 1
1482 1
1487 1
1492 1
1498 1
1510 1
1532 1
