N J h mean_R_sq err_mean_R_sq mean_R_gyr_sq err_mean_R_gyr_sq 
1600 1.39 0 3438.26 518.528 717.88 87.4795
675 1
679 1
681 1
687 1
689 1
693 1
695 1
697 2
698 1
699 1
702 1
703 1
706 1
707 2
708 1
709 1
710 1
711 3
712 1
713 2
715 1
716 1
718 2
719 3
722 2
723 3
724 4
725 2
726 1
727 2
728 2
729 3
730 4
731 1
732 3
733 3
734 2
735 3
736 2
737 6
738 2
740 2
741 6
742 6
743 9
744 4
745 5
746 8
747 6
748 9
749 6
750 4
751 8
753 8
754 6
755 9
756 6
757 4
758 9
759 3
760 7
761 7
762 6
763 5
764 5
765 5
766 9
767 6
768 7
769 9
770 4
771 9
772 5
773 12
774 9
775 5
776 6
777 5
778 4
779 9
780 9
781 8
782 6
783 9
784 8
785 11
786 4
787 7
788 11
789 9
790 7
791 10
792 8
793 10
794 14
795 13
796 9
797 12
798 7
799 7
800 7
801 10
802 10
803 8
804 8
805 10
806 4
807 10
808 14
809 10
810 15
811 9
812 8
813 9
814 12
815 9
816 8
817 6
818 5
819 7
820 9
821 4
822 7
823 8
824 6
825 8
826 6
827 3
828 11
829 15
830 7
831 11
832 14
833 6
834 6
835 4
836 3
837 6
838 9
839 8
840 10
841 5
842 7
843 2
844 7
845 9
846 4
847 1
848 3
849 7
850 2
851 3
852 7
854 1
855 5
856 4
857 2
858 2
859 3
860 2
864 3
865 6
866 1
867 2
868 2
869 5
870 5
871 2
872 6
873 2
875 4
876 4
877 2
878 1
879 2
881 2
885 2
886 3
887 1
890 1
891 1
895 1
896 1
897 3
898 3
900 1
901 1
907 2
909 1
914 1
917 1
927 1
933 1
961 1
