N J h mean_R_sq err_mean_R_sq mean_R_gyr_sq err_mean_R_gyr_sq 
900 1.435 0 1052.65 22.2679 261.83 1.91079
541 1
563 1
574 1
581 1
588 1
590 3
591 1
600 1
602 1
603 1
604 2
605 1
608 1
609 1
610 1
612 1
613 2
614 2
615 1
616 1
618 5
619 3
620 1
621 2
622 1
623 1
624 2
625 2
626 3
627 2
628 2
630 2
631 1
632 3
633 1
634 2
635 7
636 5
638 4
639 2
640 10
641 1
642 3
643 2
644 5
645 8
646 4
647 5
648 12
649 6
650 6
651 7
652 5
653 9
654 7
655 3
656 9
657 3
658 9
659 6
660 7
661 11
662 7
663 10
664 4
665 12
666 5
667 13
668 7
669 8
670 6
671 10
672 10
673 10
674 11
675 5
676 11
677 11
678 10
679 11
680 12
681 14
682 6
683 14
684 11
685 14
686 13
687 16
688 18
689 12
690 8
691 13
692 16
693 14
694 11
695 10
696 16
697 11
698 16
699 18
700 25
701 12
702 15
703 14
704 23
705 21
706 18
707 16
708 23
709 15
710 11
711 13
712 17
713 13
714 17
715 9
716 16
717 15
718 7
719 17
720 21
721 22
722 17
723 17
724 11
725 19
726 19
727 20
728 15
729 21
730 11
731 18
732 14
733 11
734 11
735 24
736 16
737 12
738 12
739 15
740 20
741 11
742 13
743 17
744 14
745 22
746 14
747 9
748 11
749 16
750 12
751 9
752 18
753 9
754 8
755 11
756 8
757 6
758 10
759 21
760 12
761 13
762 16
763 6
764 10
765 11
766 4
767 15
768 11
769 13
770 6
771 15
772 14
773 9
774 6
775 10
776 8
777 17
778 8
779 13
780 9
781 8
782 7
783 2
784 3
785 8
786 5
787 3
788 8
789 7
790 5
791 6
792 4
793 6
794 11
795 10
796 8
797 2
798 7
799 5
800 4
801 8
802 1
803 3
804 3
805 7
806 4
807 5
808 2
809 5
810 2
811 1
812 1
813 3
814 2
815 5
816 4
817 3
818 3
820 4
821 3
822 1
823 2
824 2
825 3
826 2
828 1
829 3
830 3
831 2
832 1
835 3
836 2
837 1
839 1
841 1
842 1
844 1
848 1
851 2
854 1
855 1
856 1
860 1
866 1
867 1
872 1
873 1
890 1
892 1
898 1
901 1
