N J h mean_R_sq err_mean_R_sq mean_R_gyr_sq err_mean_R_gyr_sq 
2500 1.555 0 1401.81 142.922 501.077 15.5923
288 2
290 1
293 1
299 1
303 1
305 1
308 1
309 1
311 1
314 1
316 1
319 1
322 2
324 1
325 1
327 2
328 1
329 1
330 2
331 1
332 2
333 2
338 2
339 2
341 2
342 1
345 2
346 1
347 2
349 2
350 1
351 3
352 1
354 2
355 3
356 4
358 2
359 1
360 1
361 1
362 2
363 2
364 5
366 2
367 1
368 2
369 1
370 3
371 3
372 1
373 1
376 2
377 1
378 3
379 1
380 4
381 1
382 2
383 5
384 1
385 2
387 2
388 1
389 1
390 2
391 7
392 1
393 1
394 2
396 1
397 4
398 6
400 3
401 5
402 4
404 1
405 1
406 1
407 3
408 1
409 1
410 3
412 2
413 4
414 4
415 1
416 3
417 5
418 1
420 3
421 4
422 3
423 1
424 1
425 3
426 1
428 3
429 2
430 1
432 3
433 1
434 2
436 2
437 5
439 5
440 1
443 4
444 2
445 3
447 1
448 1
449 2
450 3
451 1
452 1
453 5
455 3
456 3
457 2
458 2
459 4
461 2
463 2
464 4
465 3
466 1
467 2
468 4
469 3
471 2
472 2
473 2
474 2
475 3
476 5
478 2
479 3
480 3
482 3
484 3
485 1
486 1
487 1
489 3
490 3
492 1
493 3
494 3
495 1
496 2
498 3
499 1
500 2
502 5
503 1
504 1
506 3
507 2
508 4
510 4
511 2
513 3
514 1
515 1
516 1
517 3
518 1
519 1
520 3
521 3
522 2
524 4
525 1
527 1
528 1
529 4
530 3
531 1
532 3
533 2
534 4
535 1
536 2
537 3
538 2
539 3
542 1
543 2
544 2
545 1
546 4
547 2
549 1
550 1
552 2
554 1
555 1
556 1
557 1
558 3
559 3
560 2
561 1
562 1
563 5
564 2
566 1
567 1
569 2
571 1
572 3
573 1
574 1
575 1
578 1
580 1
581 2
582 1
583 3
584 2
585 2
586 1
587 2
588 2
589 4
590 1
591 2
595 1
596 2
597 1
599 3
600 2
601 1
602 1
603 1
604 3
605 1
606 2
607 1
608 3
609 2
610 2
611 4
612 1
614 1
615 2
616 1
618 2
620 5
622 1
624 2
625 1
627 2
628 2
629 1
630 1
631 1
632 1
633 1
634 3
635 2
636 2
637 3
638 2
639 2
640 3
641 2
642 1
644 1
645 2
646 2
647 1
649 2
650 3
651 5
653 2
655 2
656 2
657 1
659 1
660 3
661 1
662 2
663 1
664 2
665 1
666 2
667 3
668 1
670 1
671 2
672 2
674 1
675 2
676 1
678 1
680 2
681 3
682 1
683 1
684 4
685 3
689 1
690 2
691 1
693 1
694 2
695 1
696 1
697 1
698 2
699 1
701 2
702 1
704 1
706 2
709 2
711 2
712 2
713 6
714 1
716 1
718 1
720 1
721 2
722 2
723 2
724 2
725 3
726 2
727 2
728 1
729 1
731 1
732 1
733 1
734 2
735 3
736 1
737 3
738 1
739 1
740 1
741 2
742 2
743 2
744 1
746 1
747 3
748 1
749 1
750 3
751 1
753 3
754 1
755 1
757 1
759 1
760 2
761 1
763 3
766 2
767 3
770 1
772 2
773 1
775 2
776 1
777 1
778 1
779 1
780 3
781 1
782 1
783 3
785 2
788 1
789 1
790 2
791 2
792 3
794 1
795 1
796 1
797 1
798 3
799 2
800 1
801 1
803 2
804 1
806 1
808 1
809 3
810 3
811 2
812 2
814 1
815 1
816 1
817 1
818 1
819 1
820 1
821 3
822 1
823 1
824 2
825 1
826 2
827 2
828 1
829 3
831 1
832 1
833 2
835 3
836 1
837 2
838 2
839 1
840 1
841 5
843 3
844 1
845 1
847 1
848 1
849 1
850 2
851 2
852 1
854 1
855 3
856 1
858 1
861 3
862 2
866 1
867 2
868 1
869 2
870 1
873 1
874 2
876 2
877 3
879 1
880 1
882 1
883 3
887 3
888 1
889 1
891 1
893 1
894 1
896 1
897 1
898 2
899 2
900 2
901 1
902 2
903 1
904 1
905 1
907 1
909 3
910 1
912 5
913 1
914 1
915 2
917 1
918 2
920 2
922 1
923 2
924 1
925 1
926 1
927 2
928 2
929 2
930 1
931 2
932 1
933 1
934 5
935 2
937 2
938 3
939 3
940 1
942 1
943 1
944 3
945 1
946 1
948 1
950 1
951 1
952 3
955 1
956 1
957 2
960 1
961 1
962 2
963 4
964 1
967 1
970 2
972 1
973 2
974 1
975 1
976 3
977 1
981 2
983 2
984 1
987 1
990 2
991 1
992 2
994 1
995 3
998 1
999 1
1000 2
1001 2
1002 2
1004 1
1006 1
1007 2
1008 2
1009 1
1013 3
1014 1
1015 1
1016 2
1017 1
1018 1
1019 1
1020 1
1021 1
1022 2
1025 1
1027 1
1029 2
1030 3
1031 1
1032 4
1033 1
1034 1
1035 1
1036 2
1037 2
1038 1
1039 1
1040 1
1042 1
1043 1
1044 2
1045 3
1048 1
1049 1
1050 2
1052 1
1055 1
1058 1
1059 2
1060 1
1061 3
1062 2
1063 1
1064 1
1065 1
1066 1
1067 2
1068 1
1070 2
1072 1
1073 1
1075 3
1077 1
1078 1
1079 2
1080 1
1081 1
1082 1
1084 1
1085 2
1087 2
1088 4
1090 1
1091 2
1093 2
1096 2
1097 1
1100 4
1103 1
1104 2
1108 2
1109 1
1110 1
1113 1
1114 1
1116 2
1117 3
1119 1
1120 2
1121 3
1122 1
1123 1
1124 2
1126 2
1128 1
1129 1
1130 1
1131 1
1132 1
1133 1
1134 2
1137 2
1138 1
1140 1
1141 3
1142 1
1144 3
1146 1
1147 1
1148 1
1150 2
1152 1
1153 2
1155 2
1159 1
1160 1
1161 1
1162 1
1163 1
1164 4
1165 1
1166 2
1167 2
1168 2
1169 2
1170 2
1171 1
1173 1
1174 1
1175 1
1177 1
1178 1
1179 1
1180 1
1181 2
1182 1
1183 3
1184 1
1186 1
1187 1
1188 2
1190 2
1191 3
1192 2
1194 1
1196 1
1197 1
1198 1
1199 2
1200 1
1201 1
1202 2
1203 3
1204 1
1206 2
1207 1
1209 1
1211 1
1212 1
1213 2
1216 1
1217 1
1218 2
1219 1
1220 2
1221 1
1222 1
1224 2
1226 2
1227 1
1228 1
1229 1
1230 2
1231 1
1232 4
1235 1
1236 3
1237 2
1238 2
1239 1
1240 1
1241 1
1242 1
1243 1
1248 3
1250 1
1251 1
1252 2
1253 1
1254 2
1257 2
1260 2
1261 2
1262 1
1263 2
1264 3
1265 1
1266 1
1267 1
1270 2
1271 1
1273 2
1274 1
1275 1
1278 4
1279 2
1280 2
1283 3
1284 1
1285 1
1286 1
1287 2
1288 4
1289 3
1290 1
1291 1
1292 1
1293 4
1294 2
1297 3
1298 1
1300 2
1301 2
1302 1
1305 2
1306 2
1307 1
1308 3
1310 1
1311 2
1312 1
1313 3
1314 2
1315 1
1316 3
1317 2
1318 6
1319 1
1320 2
1321 3
1322 2
1323 3
1324 2
1325 1
1326 2
1328 1
1329 4
1330 1
1331 2
1332 2
1333 1
1334 1
1335 1
1337 1
1338 1
1339 2
1340 3
1342 1
1343 1
1344 3
1346 1
1347 3
1348 2
1350 2
1351 1
1353 3
1354 2
1356 1
1357 4
1358 1
1359 1
1361 4
1363 3
1365 1
1366 2
1367 2
1369 1
1371 2
1372 2
1373 3
1374 1
1376 3
1377 2
1378 2
1379 3
1380 3
1381 4
1382 3
1383 2
1384 3
1385 3
1387 7
1388 1
1389 5
1391 3
1392 2
1393 3
1394 3
1396 1
1397 2
1398 3
1400 2
1401 3
1402 2
1403 2
1404 3
1405 2
1406 3
1408 2
1409 3
1410 2
1411 1
1412 5
1413 2
1415 4
1416 5
1417 1
1418 2
1422 1
1423 2
1424 1
1425 2
1426 1
1427 1
1428 2
1429 2
1430 1
1431 2
1432 2
1433 4
1434 2
1435 1
1436 1
1437 3
1438 1
1439 1
1440 1
1441 4
1442 1
1443 4
1444 3
1445 1
1446 1
1447 2
1448 4
1449 2
1450 1
1451 3
1453 3
1454 1
1455 2
1457 3
1460 5
1461 4
1462 1
1463 1
1464 1
1465 4
1466 4
1467 2
1468 3
1469 4
1470 1
1471 2
1472 1
1474 2
1475 3
1476 4
1477 1
1478 2
1479 3
1480 2
1481 1
1482 5
1483 3
1485 2
1487 1
1489 2
1490 2
1491 1
1493 3
1494 2
1495 2
1496 4
1498 5
1499 1
1501 2
1503 5
1504 1
1505 4
1506 2
1508 5
1509 4
1510 2
1512 1
1513 2
1514 3
1515 1
1517 2
1518 3
1519 2
1520 1
1521 1
1522 4
1523 3
1524 3
1525 3
1526 1
1527 5
1528 1
1529 1
1530 2
1531 1
1532 2
1533 3
1534 2
1536 2
1537 1
1538 1
1539 2
1540 2
1541 1
1542 1
1543 3
1544 3
1545 2
1546 2
1547 1
1548 1
1550 1
1552 1
1553 3
1554 5
1555 3
1556 3
1557 3
1558 1
1559 1
1560 2
1561 1
1562 2
1565 2
1566 4
1567 3
1569 1
1571 2
1572 1
1573 4
1574 2
1575 6
1576 4
1577 2
1578 1
1579 2
1580 2
1581 1
1582 3
1583 4
1584 1
1585 2
1586 4
1587 1
1588 1
1589 1
1590 1
1591 4
1592 2
1593 2
1594 1
1595 4
1597 4
1598 1
1599 1
1601 2
1602 1
1604 2
1605 6
1606 1
1608 1
1609 1
1610 1
1611 1
1612 3
1613 4
1617 2
1619 2
1620 2
1621 3
1622 1
1623 3
1624 3
1625 3
1626 1
1627 1
1628 2
1629 2
1631 1
1633 1
1634 1
1636 3
1637 1
1639 4
1640 2
1644 1
1645 4
1646 1
1647 1
1648 1
1649 1
1650 1
1651 1
1653 1
1654 2
1655 1
1659 1
1661 1
1662 3
1663 1
1669 1
1671 1
1672 1
1673 2
1676 3
1679 1
1681 2
1682 2
1683 2
1684 2
1698 1
1701 1
1708 1
1711 1
1713 1
1720 1
