N J h mean_R_sq err_mean_R_sq mean_R_gyr_sq err_mean_R_gyr_sq 
1600 1.525 0 1187.38 249.647 359.567 36.9152
291 1
307 1
312 1
318 1
320 1
328 1
329 1
333 2
338 1
340 1
341 1
348 1
350 1
361 2
364 1
365 2
366 1
368 1
370 1
371 2
373 1
374 1
377 2
381 2
382 1
383 2
385 1
386 3
389 2
391 1
392 1
394 2
395 1
399 2
402 2
403 1
404 1
405 1
409 1
410 1
412 1
414 2
418 4
420 1
422 2
425 1
426 2
427 1
428 1
430 2
431 1
433 2
434 1
435 2
439 1
440 1
442 2
443 1
445 1
446 3
447 2
448 1
451 1
454 3
456 1
457 2
458 1
460 1
461 1
462 2
465 1
466 3
467 2
469 1
470 1
471 1
475 1
481 1
483 2
484 3
485 1
486 1
487 1
490 1
491 1
492 1
493 1
494 3
495 1
498 2
499 2
500 2
503 1
505 2
506 2
508 1
510 1
513 1
516 1
518 4
519 1
520 1
521 1
522 1
523 4
525 1
527 1
529 2
530 1
531 1
532 1
536 1
537 1
541 1
543 1
544 1
545 1
547 2
548 1
549 1
551 2
552 1
553 1
554 2
555 2
556 1
557 2
559 1
560 1
561 2
562 2
563 1
564 2
565 1
566 1
570 2
574 1
575 2
576 1
581 1
585 1
586 1
589 1
590 1
593 1
594 1
595 1
596 1
599 1
602 1
603 1
604 2
605 1
609 2
610 1
613 2
614 1
615 1
616 2
618 2
620 1
621 2
623 1
626 1
627 2
629 2
631 2
632 1
633 1
635 1
637 2
638 1
639 1
642 1
643 1
644 1
645 1
646 1
647 1
648 1
649 2
650 1
652 3
653 1
654 2
656 1
658 2
662 2
664 1
666 1
667 1
668 1
677 1
680 2
681 2
682 3
685 1
691 1
692 1
693 1
695 2
696 1
697 1
698 2
699 2
702 1
704 1
705 1
706 1
710 2
716 2
717 1
725 2
729 1
736 1
737 1
738 2
739 1
741 1
742 1
743 1
746 1
749 1
751 1
756 2
757 1
759 1
768 1
769 1
770 1
771 3
774 2
776 1
777 1
780 1
783 3
785 1
789 1
791 1
792 1
795 1
796 1
798 1
800 2
801 2
803 1
804 2
807 1
811 1
812 2
814 1
817 1
818 1
820 3
821 2
823 1
824 1
828 2
830 1
833 1
834 3
836 2
838 1
840 1
841 2
845 2
849 1
850 1
852 2
854 1
855 2
856 1
858 1
861 2
862 1
863 1
864 3
868 1
869 1
873 1
874 1
875 1
880 1
883 1
884 1
885 1
887 1
890 1
891 2
892 1
897 1
898 1
900 1
902 1
905 1
906 2
907 1
909 1
912 1
915 1
917 3
918 3
919 1
924 2
925 1
926 2
927 1
929 1
931 1
933 1
934 1
935 1
936 1
937 1
939 1
940 1
941 2
944 2
948 1
951 1
953 1
955 1
956 2
957 1
960 3
961 1
967 1
968 1
971 3
972 1
976 1
977 1
978 1
979 1
982 1
984 1
985 1
988 1
993 1
996 1
998 1
1001 1
1002 1
1006 1
1012 1
1013 2
1014 2
1016 3
1020 1
1025 1
1027 1
1030 1
1031 1
1032 1
1034 1
1036 1
1037 2
1038 1
1039 1
1042 2
1043 2
1046 1
1048 1
1049 1
1051 3
1053 1
1054 1
1055 1
1056 1
1059 1
1060 1
1061 1
1062 1
1064 1
1067 1
1068 1
1069 1
1072 1
1074 1
1075 1
1078 1
1082 1
1089 2
1092 2
1096 3
1098 1
1099 1
1102 1
1103 1
1106 1
1107 1
1110 1
1111 3
1112 3
1113 1
1114 2
1123 1
1124 1
1127 2
1129 1
1130 1
1135 1
1137 1
1143 1
1150 1
1151 3
1153 1
1154 2
1156 1
1157 1
1161 2
1166 2
1167 1
1168 1
1170 2
1172 2
1174 1
1175 1
1176 2
1177 3
1178 2
1179 2
1181 2
1185 5
1188 1
1189 2
1190 1
1192 1
1197 1
1198 1
1199 2
1200 2
1204 1
1208 2
1209 1
1213 2
1214 1
1217 1
1218 1
1220 1
1221 1
1223 1
1224 1
1231 1
1232 1
1235 1
1236 1
1237 1
1238 1
1240 1
1243 2
1244 2
1245 1
1246 1
1247 1
1248 1
1249 1
1250 2
1252 1
1253 2
1254 1
1258 1
1261 1
1262 1
1263 2
1264 1
1265 1
1267 1
1268 1
1270 1
1271 1
1274 1
1275 3
1277 1
1278 1
1280 2
1281 1
1283 1
1285 3
1287 2
1289 1
1293 1
1296 1
1297 3
1298 1
1299 1
1301 2
1302 2
1303 1
1304 1
1305 2
1312 1
1313 1
1317 1
1318 2
1319 1
1322 1
1323 2
1324 1
1326 3
1327 2
1328 1
1329 1
1331 1
1333 1
1334 1
1336 1
1337 1
1338 2
1339 1
1340 3
1341 1
1342 1
1343 1
1344 1
1346 4
1347 1
1348 2
1349 3
1350 1
1352 1
1356 3
1357 2
1358 2
1359 1
1360 1
1361 3
1363 1
1365 2
1366 3
1367 2
1368 3
1369 2
1371 1
1373 2
1376 1
1377 2
1380 2
1384 1
1385 1
1387 1
1389 3
1392 2
1393 1
1395 1
1396 1
1397 1
1398 2
1399 2
1400 2
1401 1
1402 1
1404 2
1405 1
1409 3
1410 1
1413 1
1414 1
1415 2
1416 1
1417 1
1418 1
1419 4
1424 1
1425 1
1427 1
1428 1
1429 3
1431 1
1432 2
1435 1
1436 2
1437 2
1438 2
1440 2
1442 1
1443 2
1449 1
1451 1
1452 2
1453 2
1454 3
1455 1
1456 1
1457 1
1458 1
1459 3
1461 1
1462 1
1464 1
1465 2
1469 2
1470 1
1473 1
1475 1
1476 1
1477 3
1478 2
1479 3
1481 1
1482 1
1483 1
1486 1
1488 1
1490 3
1491 2
1492 3
1497 1
1500 1
1501 2
1502 1
1503 1
1506 1
1507 2
1509 1
1510 1
1512 1
1513 1
1515 1
1516 1
1517 4
1518 1
1519 2
1521 2
1524 1
1525 1
1526 2
1527 2
1530 2
1531 2
1532 4
1533 1
1534 4
1535 1
1536 2
1537 1
1541 2
1543 1
1544 1
1545 1
1547 3
1549 1
1552 2
1553 1
1555 1
1556 1
1557 1
1558 1
1559 1
1560 1
1564 2
1565 1
1567 1
1569 1
1570 1
1571 2
1572 3
1574 1
1575 1
1576 1
1577 1
1580 1
1584 3
1585 1
1586 1
1588 2
1590 1
1593 1
1594 3
1596 1
1598 2
1599 1
1601 1
1602 1
1603 2
1604 3
1607 1
1608 1
1609 2
1610 1
1611 2
1612 1
1613 1
1614 2
1618 1
1621 1
1624 1
1627 1
1629 1
1630 4
1631 1
1636 1
1637 1
1638 1
1640 2
1645 1
1649 1
1656 1
1657 1
1661 1
1664 1
1670 1
1679 1
1686 1
1703 1
