N J h mean_R_sq err_mean_R_sq mean_R_gyr_sq err_mean_R_gyr_sq 
3600 1.56 0 3682.36 1900.76 887.043 194.139
1008 1
1011 1
1012 1
1020 1
1022 1
1033 1
1035 1
1040 1
1044 1
1047 1
1051 1
1070 1
1071 2
1072 1
1073 1
1076 1
1080 1
1081 1
1085 1
1092 1
1096 1
1099 1
1101 1
1106 1
1107 1
1109 3
1110 1
1111 1
1112 1
1117 2
1119 1
1121 1
1122 2
1123 2
1124 1
1125 1
1126 3
1129 1
1130 2
1131 2
1133 1
1135 1
1136 1
1137 1
1138 2
1139 1
1142 2
1143 2
1144 2
1146 1
1147 1
1152 3
1154 1
1157 4
1159 2
1161 1
1162 1
1164 1
1165 1
1168 1
1169 2
1172 2
1173 1
1175 3
1177 2
1178 1
1179 2
1180 2
1181 1
1184 2
1185 1
1186 3
1189 1
1190 2
1192 2
1193 2
1194 3
1195 3
1196 5
1197 3
1198 1
1199 2
1200 2
1201 3
1202 1
1203 2
1204 2
1205 6
1206 2
1207 4
1208 3
1209 2
1210 4
1211 3
1212 3
1213 4
1214 2
1215 3
1216 2
1217 1
1218 6
1219 4
1220 1
1221 3
1222 2
1223 1
1224 1
1225 2
1226 2
1227 2
1228 4
1229 1
1230 3
1231 5
1232 5
1233 3
1234 2
1235 4
1236 3
1237 2
1238 1
1239 2
1240 6
1241 2
1242 5
1243 3
1244 6
1245 3
1246 5
1247 4
1248 4
1249 4
1250 4
1251 5
1253 6
1254 3
1255 5
1256 6
1257 9
1258 3
1259 5
1260 6
1261 6
1262 3
1263 1
1264 7
1265 1
1266 7
1267 3
1268 5
1269 4
1270 7
1271 4
1272 4
1273 4
1274 7
1275 2
1276 6
1277 3
1278 4
1279 1
1280 2
1281 5
1282 4
1283 4
1284 4
1285 3
1286 5
1287 6
1288 5
1289 7
1290 9
1291 4
1292 10
1293 13
1294 11
1295 5
1296 5
1297 15
1298 10
1299 9
1300 7
1301 3
1302 8
1303 7
1304 3
1305 9
1306 6
1307 10
1308 2
1309 7
1310 4
1311 9
1312 8
1313 6
1314 5
1315 9
1316 7
1317 9
1318 5
1319 9
1320 6
1321 9
1322 7
1323 2
1324 8
1325 9
1326 5
1327 12
1328 6
1329 11
1330 6
1331 8
1332 6
1333 8
1334 9
1335 4
1336 7
1337 7
1338 14
1339 10
1340 8
1341 10
1342 13
1343 8
1344 8
1345 9
1346 11
1347 7
1348 10
1349 9
1350 8
1351 6
1352 14
1353 9
1354 10
1355 16
1356 8
1357 6
1358 7
1359 7
1360 8
1361 9
1362 11
1363 8
1364 9
1365 8
1366 10
1367 16
1368 10
1369 9
1370 10
1371 11
1372 6
1373 14
1374 9
1375 14
1376 9
1377 9
1378 8
1379 16
1380 4
1381 8
1382 10
1383 10
1384 3
1385 13
1386 11
1387 9
1388 8
1389 10
1390 8
1391 10
1392 12
1393 10
1394 8
1395 5
1396 10
1397 12
1398 8
1399 11
1400 13
1401 10
1402 7
1403 8
1404 9
1405 11
1406 9
1407 14
1408 11
1409 7
1410 12
1411 7
1412 7
1413 8
1414 10
1415 13
1416 5
1417 12
1418 6
1419 7
1420 12
1421 6
1422 8
1423 5
1424 9
1425 7
1426 7
1427 10
1428 7
1429 6
1430 7
1431 8
1432 7
1433 12
1434 7
1435 11
1436 7
1437 2
1438 8
1439 7
1440 6
1441 5
1442 5
1443 6
1444 11
1445 3
1446 5
1447 5
1448 5
1449 7
1450 12
1451 5
1452 9
1453 1
1454 7
1455 6
1456 8
1457 3
1458 5
1459 5
1460 3
1461 4
1462 6
1463 3
1464 5
1465 3
1466 4
1467 4
1468 6
1469 3
1470 4
1471 4
1472 4
1473 4
1474 5
1475 6
1476 1
1477 1
1478 6
1479 1
1481 5
1482 4
1483 3
1484 1
1485 1
1486 4
1487 1
1488 4
1489 2
1490 3
1491 3
1492 1
1493 2
1494 1
1495 1
1497 3
1498 2
1499 1
1500 1
1501 3
1505 2
1506 1
1507 1
1508 1
1509 2
1510 1
1513 1
1515 2
1517 1
1519 1
1522 2
1523 1
1526 1
1533 1
1535 1
1536 1
