N J h mean_R_sq err_mean_R_sq mean_R_gyr_sq err_mean_R_gyr_sq 
2916 1.495 0 9950.38 7635.81 2728.35 1982.18
1000 3
1001 5
1002 8
1003 3
1004 5
1005 3
1006 4
1007 4
1008 5
1009 7
1010 5
1011 6
1012 5
1013 2
1014 2
1015 6
1016 4
1017 4
1018 4
1019 7
1020 3
1021 3
1022 4
1023 3
1024 4
1025 4
1027 3
1028 3
1029 4
1030 2
1031 2
1032 3
1033 3
1034 3
1035 2
1036 2
1037 7
1038 3
1039 7
1040 4
1041 5
1042 4
1043 7
1044 5
1045 11
1046 2
1047 2
1048 3
1049 3
1050 1
1051 1
1052 3
1053 3
1054 8
1055 3
1056 1
1057 4
1058 4
1059 4
1060 2
1061 3
1062 3
1063 6
1064 3
1065 4
1066 5
1067 2
1068 2
1069 3
1070 1
1071 3
1072 5
1073 5
1074 1
1075 3
1076 5
1077 3
1079 2
1080 5
1081 5
1082 5
1083 4
1084 4
1085 3
1086 5
1087 5
1088 5
1089 6
1090 1
1091 2
1093 1
1094 2
1095 5
1096 2
1097 4
1098 3
1099 2
1100 1
1101 2
1102 4
1103 2
1104 4
1106 5
1107 3
1108 4
1109 5
1110 5
1111 4
1112 3
1113 1
1114 3
1115 3
1116 4
1117 5
1118 4
1119 5
1120 2
1121 3
1123 5
1124 5
1125 1
1126 2
1127 2
1128 5
1129 3
1130 3
1131 4
1132 3
1134 2
1135 6
1136 2
1137 5
1138 3
1139 6
1140 3
1141 2
1142 4
1143 3
1144 5
1145 2
1146 4
1148 2
1149 4
1150 5
1151 5
1152 2
1153 3
1154 1
1155 1
1156 3
1157 2
1158 1
1159 5
1161 4
1162 8
1163 5
1164 4
1165 3
1166 7
1167 2
1168 4
1169 11
1170 1
1171 5
1172 2
1173 3
1174 6
1175 7
1176 6
1177 5
1178 6
1179 1
1180 1
1181 5
1182 4
1183 5
1184 3
1185 3
1186 3
1187 8
1188 5
1189 3
1190 4
1191 2
1192 6
1193 9
1194 6
1195 7
1196 3
1197 8
1198 7
1199 5
1201 4
1202 5
1203 1
1204 5
1205 4
1206 7
1207 8
1208 11
1209 8
1210 2
1211 3
1212 3
1213 3
1214 8
1215 3
1216 2
1217 2
1218 10
1219 7
1220 4
1221 8
1222 9
1223 4
1224 4
1225 9
1226 3
1227 8
1228 10
1229 6
1230 5
1231 3
1232 3
1233 8
1234 6
1235 7
1236 6
1237 6
1238 3
1239 9
1240 6
1241 9
1242 8
1243 5
1244 6
1245 7
1246 6
1247 4
1248 6
1249 4
1250 4
1251 7
1252 11
1253 4
1254 10
1255 6
1256 9
1257 4
1258 6
1259 10
1260 8
1261 4
1262 8
1263 7
1264 11
1265 5
1266 3
1267 4
1268 12
1269 6
1270 1
1271 9
1272 4
1273 8
1274 8
1275 12
1276 5
1277 2
1278 8
1279 11
1280 5
1281 7
1282 9
1283 5
1284 6
1285 8
1286 7
1287 5
1288 7
1289 3
1290 9
1291 2
1292 11
1293 9
1294 6
1295 7
1296 7
1297 3
1298 7
1299 9
1300 4
1301 11
1302 2
1303 6
1304 4
1305 8
1306 8
1307 6
1308 7
1309 8
1310 5
1311 6
1312 9
1313 4
1314 4
1315 6
1316 11
1317 12
1318 8
1319 9
1320 5
1321 6
1322 5
1323 10
1324 3
1325 5
1326 7
1327 10
1328 5
1329 5
1330 3
1331 6
1332 5
1333 6
1334 5
1335 6
1336 7
1337 7
1338 5
1339 6
1340 7
1341 4
1342 7
1343 8
1344 5
1345 5
1346 5
1347 9
1348 7
1349 3
1350 5
1351 7
1352 7
1353 7
1354 10
1355 6
1356 6
1357 5
1358 6
1359 5
1361 6
1362 7
1363 4
1364 4
1365 8
1366 5
1367 6
1368 4
1369 3
1370 6
1371 1
1372 8
1373 5
1374 5
1375 7
1376 4
1377 2
1378 4
1379 1
1380 3
1381 6
1382 6
1383 2
1384 4
1385 4
1386 2
1387 5
1388 3
1389 5
1390 3
1391 4
1392 5
1393 3
1394 5
1395 4
1396 5
1397 2
1398 5
1399 1
1400 6
1401 3
1403 3
1404 1
1406 2
1407 2
1408 5
1409 2
1410 3
1411 5
1412 2
1413 3
1415 1
1416 1
1417 2
1418 2
1419 1
1420 2
1421 3
1423 2
1425 1
1426 1
1428 1
1429 1
1431 2
1432 2
1434 2
1435 3
1436 2
1437 3
1438 1
1439 2
1440 1
1442 1
1443 2
1444 2
1445 1
1446 1
1447 2
1449 1
1450 1
1451 1
1453 1
1455 1
1459 1
1461 2
1462 1
1463 1
1466 1
1467 1
1468 1
1477 1
1492 1
1510 1
