N J h mean_R_sq err_mean_R_sq mean_R_gyr_sq err_mean_R_gyr_sq 
900 1.51 0 621.994 12.2144 199.159 0.850921
499 1
511 1
513 3
516 1
519 1
524 1
525 1
527 2
528 3
529 1
531 2
532 1
533 4
534 1
535 1
536 3
538 4
539 5
540 1
541 5
542 3
543 3
544 4
545 4
546 6
547 3
548 4
549 5
550 8
551 5
552 9
553 5
554 3
555 5
556 9
557 9
558 11
559 6
560 4
561 6
562 7
563 9
564 9
565 9
566 13
567 10
568 14
569 22
570 15
571 17
572 5
573 10
574 10
575 14
576 9
577 6
578 16
579 13
580 12
581 14
582 19
583 17
584 23
585 18
586 22
587 17
588 13
589 21
590 16
591 22
592 13
593 21
594 21
595 15
596 25
597 16
598 23
599 20
600 16
601 25
602 23
603 20
604 23
605 15
606 26
607 21
608 18
609 24
610 23
611 19
612 31
613 15
614 17
615 15
616 27
617 27
618 16
619 20
620 21
621 24
622 19
623 23
624 21
625 15
626 21
627 19
628 28
629 16
630 14
631 17
632 29
633 19
634 12
635 15
636 15
637 15
638 19
639 19
640 18
641 15
642 16
643 18
644 9
645 15
646 10
647 9
648 6
649 12
650 12
651 9
652 10
653 9
654 10
655 13
656 13
657 5
658 12
659 9
660 8
661 9
662 9
663 8
664 6
665 7
666 4
667 6
668 5
669 6
670 12
671 7
672 9
673 12
674 9
675 8
676 7
677 3
678 7
679 6
680 2
681 4
682 7
683 4
684 3
685 4
686 2
687 3
688 4
689 3
690 1
691 3
692 1
693 4
694 6
695 2
696 2
697 2
698 2
699 2
700 1
701 2
702 1
705 1
706 2
707 2
708 1
709 2
710 1
711 2
712 1
717 1
719 1
721 1
722 1
723 1
724 1
725 1
727 1
731 1
743 1
758 1
770 1
