N J h mean_R_sq err_mean_R_sq mean_R_gyr_sq err_mean_R_gyr_sq 
900 1.435 0 1052.65 22.2679 261.83 1.91079
323 1
372 1
383 2
399 1
407 1
408 2
410 1
416 1
419 1
421 1
422 1
423 1
426 1
429 1
431 1
434 1
437 1
438 1
445 1
446 1
451 1
452 1
453 1
455 3
459 1
463 2
466 2
467 1
468 1
470 2
471 1
472 1
475 1
476 1
477 1
478 1
487 1
489 1
491 1
492 1
495 2
497 1
501 2
502 1
504 2
505 1
507 2
508 1
511 3
512 1
513 1
518 1
520 1
521 1
522 1
527 2
529 1
531 1
533 1
534 1
536 1
537 1
538 1
539 1
540 2
541 1
542 3
543 2
544 1
545 1
546 1
547 1
548 4
549 2
550 2
552 2
553 1
554 1
555 1
556 1
557 1
558 1
559 2
560 4
564 1
565 1
566 1
567 4
568 1
569 3
571 3
572 1
574 4
575 2
578 1
579 2
580 1
581 3
583 1
584 1
585 1
586 1
587 2
588 1
589 2
590 2
591 1
592 1
593 1
594 2
595 2
596 2
602 1
603 2
605 2
608 1
609 1
610 1
611 4
613 2
616 2
617 2
618 2
619 3
620 3
621 5
622 2
623 2
625 1
626 3
627 2
628 2
629 1
630 1
631 2
633 2
634 1
635 2
636 1
637 1
638 3
639 1
640 2
641 1
642 1
643 2
644 3
647 1
648 3
649 2
650 4
651 1
653 3
654 2
655 2
656 3
658 2
659 3
660 4
661 5
662 2
663 2
664 5
665 2
667 2
668 3
669 3
670 3
671 2
672 1
674 1
675 3
676 1
677 3
678 1
679 3
681 1
683 3
684 1
686 2
687 1
688 2
689 3
690 2
692 1
693 4
694 2
697 2
698 1
699 3
700 1
701 1
702 1
703 2
704 2
705 3
706 2
707 2
708 2
709 2
710 4
713 3
714 4
716 2
717 3
718 1
719 1
720 1
721 1
722 5
724 2
726 4
727 5
728 3
729 1
730 2
731 1
732 2
733 1
734 5
735 4
736 4
737 1
738 3
739 3
740 2
741 1
743 2
744 4
746 1
747 1
748 2
749 2
750 3
751 1
752 1
754 2
755 6
756 1
757 3
758 3
759 1
760 2
761 4
762 3
763 7
764 2
765 1
766 2
767 2
768 2
769 5
770 4
771 3
772 2
773 3
774 4
775 2
776 3
777 1
778 8
779 2
780 2
782 2
783 3
784 2
785 1
786 2
787 2
788 7
789 2
790 1
792 2
793 2
794 3
795 1
796 2
797 9
799 4
800 1
802 3
803 3
804 1
805 3
806 1
807 2
808 2
809 5
810 2
811 2
813 1
814 1
815 3
816 1
818 3
819 2
821 2
822 2
823 2
824 3
825 2
826 2
827 3
828 2
829 3
830 3
831 3
832 3
833 3
834 1
835 3
837 3
838 1
839 2
840 1
841 2
842 1
843 2
844 2
845 1
847 1
848 2
849 4
850 2
852 1
853 2
854 1
855 4
856 2
857 4
858 2
859 3
860 3
861 2
862 1
864 1
865 5
867 3
868 3
869 2
870 2
871 5
873 2
875 2
877 1
879 1
880 2
881 4
882 1
883 1
884 1
885 3
886 3
887 1
889 1
890 1
893 4
894 3
895 3
896 3
897 5
898 5
899 3
900 1
901 2
904 4
905 2
906 1
908 5
909 7
910 2
911 4
912 4
913 6
914 5
915 1
916 1
919 3
920 3
921 3
922 2
923 3
924 3
925 1
926 2
927 4
928 1
929 3
930 2
931 1
932 4
934 4
935 2
936 3
937 2
939 1
940 5
941 4
942 1
943 1
944 3
945 1
946 2
947 1
948 1
949 4
950 2
951 1
952 7
953 3
955 2
956 3
957 1
958 1
959 1
960 6
961 2
962 4
963 1
964 1
965 6
966 2
967 2
968 2
969 3
970 1
972 1
974 3
975 4
976 2
977 4
978 1
979 4
980 3
981 2
982 5
983 1
984 4
985 2
986 1
987 5
988 2
989 2
990 3
992 2
993 1
994 1
995 2
996 1
997 1
998 4
999 2
1000 3
1001 2
1002 1
1003 5
1005 2
1006 2
1007 2
1008 2
1010 3
1011 2
1012 4
1013 2
1014 4
1015 7
1016 1
1017 3
1018 1
1019 4
1020 5
1021 5
1022 3
1023 1
1024 3
1025 4
1026 2
1027 1
1028 1
1029 4
1030 2
1032 5
1033 5
1034 1
1035 2
1036 2
1037 1
1038 4
1039 1
1040 1
1041 1
1042 6
1043 3
1044 3
1045 1
1046 1
1047 1
1048 1
1049 3
1050 2
1051 1
1052 4
1053 3
1054 4
1055 5
1056 2
1057 4
1058 2
1059 5
1060 2
1061 2
1062 4
1063 3
1064 2
1065 2
1066 3
1067 4
1068 4
1069 2
1070 3
1071 3
1072 4
1073 2
1074 2
1075 1
1076 2
1077 1
1078 3
1079 2
1080 1
1081 4
1082 1
1083 1
1084 3
1085 1
1086 1
1087 1
1088 2
1089 3
1090 3
1091 3
1092 4
1094 2
1095 2
1098 2
1099 2
1100 2
1101 2
1102 6
1103 3
1104 1
1105 3
1106 1
1107 9
1108 4
1109 3
1110 3
1111 4
1112 2
1113 3
1115 4
1116 1
1117 3
1118 4
1119 2
1120 1
1121 2
1123 1
1125 2
1126 3
1127 4
1128 2
1129 5
1130 2
1131 3
1132 1
1133 1
1135 3
1136 6
1137 2
1139 3
1140 3
1141 4
1142 2
1143 3
1144 1
1145 4
1146 3
1147 2
1148 1
1149 3
1150 1
1151 1
1152 3
1153 3
1154 1
1155 3
1156 3
1157 1
1158 3
1159 3
1160 4
1161 1
1163 3
1164 1
1165 2
1166 2
1167 2
1168 3
1169 3
1170 6
1171 4
1172 1
1173 4
1174 3
1175 7
1176 1
1177 1
1178 5
1179 3
1180 2
1181 3
1183 3
1184 1
1185 3
1186 1
1187 2
1188 1
1189 4
1190 1
1191 2
1192 3
1193 2
1194 6
1195 2
1196 2
1197 2
1198 3
1199 3
1200 1
1201 1
1202 1
1203 2
1204 6
1205 3
1206 2
1207 2
1209 2
1210 1
1211 4
1212 1
1213 1
1214 3
1216 6
1217 2
1218 2
1219 4
1220 3
1221 2
1222 1
1224 3
1225 5
1227 1
1229 3
1230 2
1231 2
1232 2
1234 2
1236 2
1237 3
1238 2
1239 3
1240 2
1242 1
1243 1
1244 2
1245 2
1247 2
1249 2
1250 3
1252 2
1254 4
1255 4
1256 4
1257 3
1258 2
1259 3
1260 3
1262 2
1266 4
1267 1
1268 2
1269 4
1270 4
1271 2
1272 3
1273 1
1274 1
1275 1
1276 1
1278 1
1279 3
1280 1
1281 1
1282 4
1283 1
1284 5
1285 3
1286 4
1287 4
1288 1
1290 2
1292 2
1293 3
1294 1
1295 2
1296 1
1297 2
1299 2
1300 3
1301 3
1302 1
1303 2
1304 4
1305 1
1306 1
1307 3
1308 5
1309 1
1310 1
1311 1
1312 1
1313 1
1314 1
1315 2
1316 1
1317 3
1318 1
1319 5
1322 2
1324 2
1325 3
1326 2
1327 5
1328 3
1329 3
1331 2
1332 1
1333 1
1334 4
1336 5
1337 3
1338 3
1339 8
1341 3
1342 1
1343 1
1344 2
1345 2
1346 2
1349 1
1350 3
1351 2
1352 2
1353 1
1354 3
1355 4
1356 1
1358 1
1359 1
1361 1
1362 2
1363 5
1364 2
1365 1
1366 4
1367 2
1368 1
1369 4
1370 1
1371 3
1372 6
1373 1
1374 2
1376 1
1377 2
1378 1
1380 4
1381 3
1384 1
1385 3
1386 4
1387 2
1388 4
1391 4
1392 3
1393 2
1395 4
1396 2
1397 1
1398 2
1400 2
1401 1
1402 3
1403 1
1405 2
1406 3
1407 1
1408 2
1409 3
1410 2
1412 2
1414 2
1415 1
1416 1
1417 1
1418 1
1421 3
1422 2
1425 2
1427 2
1428 1
1430 1
1431 1
1432 1
1433 3
1434 1
1435 1
1436 1
1437 3
1439 1
1440 1
1441 4
1442 1
1443 3
1444 1
1446 1
1451 3
1452 4
1453 1
1456 2
1457 4
1458 1
1459 1
1461 2
1462 1
1463 1
1464 2
1466 3
1468 1
1471 1
1472 1
1473 1
1474 1
1479 2
1481 2
1482 1
1483 1
1486 1
1488 1
1490 1
1492 1
1496 1
1499 1
1501 1
1503 1
1505 1
1506 1
1510 1
1513 1
1515 2
1516 1
1518 1
1520 2
1521 1
1522 2
1531 1
1532 1
1533 1
1536 1
1539 1
1540 1
1542 1
1543 1
1544 1
1546 1
1554 1
1555 1
1558 1
1560 1
1563 1
1565 1
1570 1
1574 1
1591 1
1593 2
1600 1
1610 1
1628 1
