N J h mean_R_sq err_mean_R_sq mean_R_gyr_sq err_mean_R_gyr_sq 
4900 1.37 0 156185 107739 26211.5 16291.3
1000 79
1001 72
1002 74
1003 54
1004 44
1005 42
1006 36
1007 45
1008 36
1009 35
1010 30
1011 40
1012 26
1013 31
1014 22
1015 17
1016 23
1017 22
1018 16
1019 18
1020 13
1021 14
1022 12
1023 12
1024 12
1025 17
1026 12
1027 8
1028 12
1029 7
1030 6
1031 5
1032 9
1033 3
1034 4
1035 6
1036 7
1037 5
1038 5
1039 2
1040 10
1041 4
1042 3
1043 4
1044 3
1045 3
1046 4
1047 3
1049 3
1050 4
1051 1
1052 3
1053 1
1054 1
1055 1
1056 3
1057 1
1058 2
1059 1
1060 1
1061 2
1068 2
1069 1
1071 1
1080 1
1082 1
1086 1
1100 1
