N J h mean_R_sq err_mean_R_sq mean_R_gyr_sq err_mean_R_gyr_sq 
4900 1.55 0 738893 223647 105795 27335.5
1000 20
1001 16
1002 17
1003 18
1004 13
1005 12
1006 14
1007 11
1008 13
1009 8
1010 18
1011 10
1012 13
1013 11
1014 12
1015 9
1016 8
1017 11
1018 15
1019 13
1020 12
1021 8
1022 7
1023 11
1024 9
1025 8
1026 7
1027 8
1028 13
1029 6
1030 12
1031 10
1032 10
1033 13
1034 8
1035 10
1036 7
1037 5
1038 5
1039 10
1040 14
1041 14
1042 12
1043 11
1044 8
1045 9
1046 16
1047 19
1048 7
1049 14
1050 15
1051 7
1052 15
1053 9
1054 6
1055 10
1056 13
1057 7
1058 13
1059 10
1060 16
1061 11
1062 9
1063 13
1064 10
1065 11
1066 12
1067 10
1068 12
1069 10
1070 8
1071 4
1072 8
1073 14
1074 14
1075 9
1076 10
1077 15
1078 11
1079 13
1080 11
1081 6
1082 19
1083 10
1084 11
1085 15
1086 10
1087 13
1088 9
1089 9
1090 10
1091 11
1092 11
1093 12
1094 8
1095 14
1096 12
1097 7
1098 11
1099 5
1100 12
1101 14
1102 6
1103 5
1104 10
1105 9
1106 6
1107 10
1108 7
1109 6
1110 6
1111 10
1112 9
1113 5
1114 7
1115 9
1116 6
1117 6
1118 6
1119 7
1120 7
1121 6
1122 4
1123 4
1124 6
1125 6
1126 7
1127 3
1128 5
1129 2
1130 2
1131 5
1132 3
1133 7
1134 3
1135 5
1136 4
1137 5
1138 3
1139 9
1140 4
1141 5
1142 4
1143 5
1144 5
1145 5
1146 3
1147 4
1148 2
1149 3
1150 2
1151 4
1152 2
1153 1
1154 1
1155 4
1156 4
1157 4
1158 2
1159 4
1160 5
1161 2
1162 1
1164 1
1165 1
1166 4
1167 4
1169 3
1170 1
1171 1
1172 1
1173 1
1174 2
1175 4
1176 2
1177 4
1178 4
1179 3
1180 3
1181 1
1182 1
1186 2
1187 2
1188 1
1189 6
1190 2
1191 1
1192 2
1193 2
1194 1
1195 4
1198 1
1201 1
1202 1
1203 3
1205 1
1206 1
1207 3
1208 2
1210 5
1211 2
1212 2
1213 1
1214 2
1215 2
1216 1
1217 1
1218 1
1219 1
1220 3
1221 1
1222 1
1224 1
1225 1
1226 1
1227 1
1228 1
1229 1
1230 4
1231 4
1235 2
1236 2
1238 2
1239 1
1240 3
1241 1
1242 2
1243 1
1245 2
1247 2
1248 1
1249 1
1250 1
1251 2
1252 3
1253 2
1256 2
1258 1
1259 2
1260 2
1261 1
1263 2
1264 1
1265 2
1266 1
1267 1
1268 3
1270 1
1271 2
1272 1
1273 3
1274 2
1275 2
1276 1
1277 1
1278 2
1279 2
1280 3
1281 1
1283 1
1284 3
1285 1
1286 1
1287 2
1288 1
1289 4
1290 3
1291 1
1293 1
1295 1
1296 1
1297 3
1298 3
1299 3
1300 4
1301 2
1302 1
1303 2
1304 2
1305 2
1307 1
1308 3
1309 2
1310 2
1311 3
1312 3
1313 2
1315 2
1316 1
1317 2
1318 2
1319 1
1320 2
1321 1
1322 4
1323 2
1324 5
1325 2
1327 3
1329 2
1330 3
1331 2
1332 6
1333 3
1334 1
1335 1
1336 4
1337 2
1338 4
1341 3
1343 5
1344 4
1345 2
1346 1
1347 2
1348 3
1349 7
1350 3
1351 1
1352 4
1353 3
1354 3
1355 6
1356 3
1357 5
1358 3
1359 1
1360 5
1361 3
1362 1
1363 3
1364 1
1365 1
1366 2
1367 3
1368 2
1370 4
1371 1
1372 2
1373 3
1374 3
1375 2
1376 2
1377 3
1378 2
1379 4
1380 4
1381 1
1382 2
1383 3
1384 2
1385 4
1386 3
1387 4
1388 3
1392 4
1393 1
1394 5
1395 1
1396 2
1397 3
1398 1
1399 1
1400 3
1401 3
1402 4
1403 3
1404 1
1405 5
1406 4
1407 2
1408 2
1409 1
1411 1
1412 3
1413 3
1414 4
1415 1
1418 1
1419 2
1420 1
1421 4
1423 3
1427 3
1428 2
1430 3
1431 4
1432 1
1433 3
1434 2
1435 3
1437 1
1438 2
1439 1
1440 1
1441 3
1442 2
1444 1
1446 1
1447 3
1448 1
1449 2
1450 1
1451 3
1452 1
1453 2
1454 1
1455 2
1460 1
1461 2
1462 2
1463 1
1464 2
1465 1
1466 1
1467 3
1471 2
1473 1
1474 1
1475 2
1489 1
1495 1
1497 1
1510 1
