N J h mean_R_sq err_mean_R_sq mean_R_gyr_sq err_mean_R_gyr_sq 
3600 1.47 0 7134.56 4919.22 1422.57 639.963
361 1
363 1
373 1
390 1
395 1
402 1
404 1
413 1
416 2
418 1
425 1
426 1
427 1
431 2
432 2
436 1
438 1
440 1
444 1
446 1
447 1
449 1
452 1
453 2
454 2
455 1
459 2
461 1
462 1
463 1
464 1
465 2
466 2
467 2
471 2
473 1
475 2
476 1
478 2
479 2
480 3
481 1
483 1
484 3
485 2
486 1
487 1
488 2
490 2
493 1
495 2
496 1
497 2
498 1
499 1
500 1
501 2
502 1
503 1
505 2
506 1
507 1
508 1
509 1
510 1
511 1
512 3
513 2
514 2
515 1
516 2
517 2
518 1
519 4
521 3
522 4
523 1
524 1
526 1
527 5
528 4
529 1
530 1
531 1
532 3
533 1
534 4
535 1
537 1
538 3
539 3
540 1
541 1
542 2
543 3
544 1
545 2
546 1
547 3
548 1
549 2
550 4
551 1
552 2
553 3
554 2
555 1
556 2
558 2
559 3
560 2
562 4
563 1
564 3
565 3
566 2
568 2
569 2
570 1
571 3
572 4
573 4
574 2
576 3
577 2
578 3
579 1
580 2
581 5
582 4
585 1
586 1
587 1
588 5
590 2
591 1
592 2
593 2
594 1
595 5
596 3
597 2
598 1
599 1
600 7
601 3
602 1
603 2
604 1
605 2
606 1
607 3
608 3
610 2
611 4
614 1
615 4
616 2
617 1
618 1
619 6
621 5
622 2
623 1
624 4
625 1
626 4
627 3
628 1
629 1
630 2
631 2
633 2
634 1
635 2
636 1
637 6
639 2
641 2
642 3
643 5
644 6
645 4
646 3
647 2
648 1
649 2
650 1
651 2
653 3
654 1
655 3
656 1
657 3
658 2
659 1
661 1
662 2
664 1
665 3
666 2
667 2
668 5
669 3
670 1
671 1
672 3
673 1
675 1
676 3
677 2
678 1
679 4
680 1
681 2
682 2
686 1
688 2
689 4
690 3
692 3
693 1
694 3
695 4
696 3
698 1
699 4
700 1
701 3
702 2
703 1
704 2
705 2
706 2
707 2
709 3
710 3
711 2
712 1
713 3
714 1
715 5
716 1
717 3
718 6
719 3
720 1
721 1
722 4
723 1
725 5
727 1
728 2
729 2
730 4
731 2
732 3
734 2
735 3
736 4
737 2
738 1
739 1
740 1
743 1
744 3
745 1
747 2
749 2
751 1
752 3
753 2
754 1
755 1
756 2
757 2
758 2
759 1
760 3
761 3
762 1
763 3
764 5
765 2
766 1
767 2
768 1
769 3
770 2
771 2
772 1
773 1
775 3
776 3
777 1
778 3
779 1
780 4
781 2
783 2
784 1
785 1
786 1
787 4
789 2
791 1
794 3
795 1
796 4
797 1
798 1
799 1
801 3
802 3
803 3
804 3
805 1
806 1
809 1
810 1
812 2
813 2
814 3
815 1
816 1
817 1
818 1
819 2
820 3
822 4
823 2
824 1
827 2
828 2
830 2
831 1
832 1
833 3
834 1
836 3
837 2
838 1
839 4
840 2
841 3
842 1
843 3
845 4
846 4
847 1
848 1
850 2
851 1
852 3
853 1
854 2
855 3
856 3
858 1
859 2
862 1
863 2
864 2
865 2
866 2
868 3
871 2
872 1
873 2
874 1
875 1
876 2
878 2
879 1
880 4
881 1
882 3
883 1
884 3
885 1
886 1
887 2
888 4
889 1
890 2
893 1
894 3
896 2
897 1
898 1
900 2
902 3
903 1
904 2
905 4
907 1
909 2
910 1
911 3
912 2
915 2
916 1
917 1
919 1
920 1
921 3
923 1
924 1
927 4
928 3
929 1
931 1
932 2
933 3
934 2
935 5
936 2
937 3
938 5
939 2
941 3
942 4
943 2
944 1
945 4
946 1
947 2
948 3
949 1
950 1
951 1
952 4
953 1
954 1
956 1
957 2
958 2
959 1
960 2
961 3
962 2
965 2
966 2
967 1
969 3
971 3
972 2
973 2
974 2
976 3
977 1
978 1
979 2
980 1
981 1
982 3
983 5
984 2
985 1
986 3
987 2
988 2
989 2
990 1
991 5
992 2
993 4
994 2
995 1
997 2
998 1
999 6
1001 1
1002 2
1003 1
1004 2
1005 1
1006 1
1008 2
1009 2
1010 1
1011 2
1013 3
1014 1
1016 1
1018 5
1019 5
1020 2
1021 3
1023 4
1024 2
1027 3
1028 1
1029 1
1030 3
1031 2
1032 3
1034 1
1035 4
1036 4
1037 2
1038 1
1039 2
1041 1
1042 1
1043 3
1044 3
1045 1
1046 2
1047 3
1049 2
1050 3
1051 3
1054 3
1058 3
1059 1
1060 3
1061 1
1062 4
1063 4
1064 2
1065 3
1066 2
1067 3
1068 3
1070 2
1071 3
1072 3
1073 2
1074 2
1075 1
1076 2
1077 3
1078 3
1079 2
1080 2
1081 1
1082 3
1084 4
1085 1
1086 2
1087 1
1088 3
1089 1
1090 4
1091 1
1092 4
1093 2
1094 6
1095 1
1096 1
1097 3
1098 1
1099 3
1100 1
1101 3
1103 3
1104 2
1105 2
1106 1
1107 2
1108 2
1109 1
1110 3
1111 3
1112 1
1114 1
1115 1
1116 5
1117 3
1118 2
1119 3
1120 2
1121 2
1122 2
1123 1
1125 2
1126 3
1127 2
1128 2
1129 3
1130 3
1131 3
1133 1
1135 1
1136 3
1137 2
1138 4
1139 1
1141 1
1143 2
1144 1
1145 1
1146 3
1150 4
1152 1
1153 2
1154 2
1155 1
1156 2
1157 4
1158 1
1159 1
1160 2
1161 2
1162 1
1163 1
1164 4
1165 5
1166 2
1167 1
1168 1
1169 2
1170 2
1171 2
1172 1
1173 1
1175 1
1176 2
1177 3
1178 2
1179 5
1180 1
1181 2
1182 2
1183 2
1184 3
1185 1
1186 2
1187 3
1188 2
1189 1
1190 1
1191 1
1192 3
1193 2
1194 3
1195 2
1196 2
1198 2
1199 1
1200 4
1201 1
1202 3
1203 4
1204 1
1206 2
1207 2
1208 2
1209 4
1210 1
1211 1
1212 4
1213 3
1214 1
1215 2
1216 2
1217 1
1219 2
1221 3
1222 3
1223 2
1224 2
1226 2
1227 2
1228 2
1229 1
1230 4
1231 1
1232 3
1233 1
1235 2
1236 5
1237 1
1238 1
1239 2
1241 1
1242 1
1243 1
1244 1
1245 5
1246 2
1247 2
1248 1
1249 2
1250 1
1251 1
1252 1
1253 1
1255 1
1256 1
1257 1
1258 1
1259 3
1260 3
1261 3
1262 3
1263 2
1264 2
1265 1
1266 1
1267 1
1268 1
1269 2
1271 2
1272 1
1273 5
1274 1
1275 1
1277 2
1278 1
1281 2
1282 5
1283 2
1284 1
1285 1
1286 1
1287 3
1288 1
1289 1
1290 2
1291 3
1293 1
1294 1
1295 2
1296 2
1297 5
1298 7
1299 1
1300 2
1301 1
1302 2
1303 3
1304 2
1305 1
1306 3
1308 1
1309 2
1310 2
1311 3
1312 1
1313 2
1314 2
1315 1
1317 2
1318 2
1319 3
1320 8
1321 1
1322 2
1323 2
1324 3
1325 2
1326 2
1327 3
1328 4
1330 2
1332 2
1333 4
1336 3
1337 1
1338 3
1339 2
1340 2
1341 6
1342 2
1343 3
1344 2
1345 1
1346 5
1347 1
1348 2
1349 1
1350 1
1352 1
1353 4
1354 1
1355 1
1357 1
1358 2
1359 2
1360 4
1361 3
1362 3
1363 2
1364 6
1365 1
1366 1
1367 1
1368 1
1369 4
1371 2
1372 7
1373 2
1374 2
1375 1
1376 1
1377 3
1379 4
1381 2
1382 3
1383 1
1384 4
1385 3
1386 2
1387 1
1388 2
1389 4
1390 2
1391 5
1392 2
1393 4
1394 1
1395 2
1396 3
1397 2
1398 1
1399 4
1400 2
1401 1
1402 2
1404 3
1405 1
1406 2
1407 3
1409 1
1410 2
1411 1
1412 3
1413 1
1416 1
1418 1
1419 6
1420 3
1422 4
1423 3
1424 4
1425 2
1426 1
1427 4
1428 1
1429 1
1430 2
1431 4
1432 3
1433 3
1434 2
1435 1
1436 3
1437 1
1438 1
1439 4
1441 4
1443 2
1445 1
1446 1
1447 2
1448 4
1449 2
1450 2
1451 7
1452 3
1453 3
1454 2
1455 1
1456 1
1458 2
1459 1
1460 3
1461 3
1463 1
1464 5
1465 2
1467 2
1470 3
1471 1
1472 1
1473 2
1474 2
1475 3
1476 2
1477 2
1479 2
1480 3
1481 2
1482 2
1483 2
1484 1
1485 1
1487 2
1488 3
1489 4
1492 1
1493 3
1494 1
1495 2
1496 1
1498 1
1499 2
1500 1
1501 2
1502 2
1503 5
1504 1
1506 1
1507 1
1508 2
1509 2
1511 1
1512 1
1513 2
1514 2
1515 1
1516 2
1517 1
1518 1
1520 1
1521 2
1523 1
1524 2
1525 1
1527 1
1528 2
1529 2
1531 1
1532 1
1533 2
1536 1
1537 1
1538 1
1540 1
1541 1
1545 1
1546 3
1547 2
1548 1
1550 2
1552 2
1555 1
1556 3
1557 1
1559 1
1561 1
1562 2
1563 1
1564 1
1565 1
1567 2
1571 1
1573 1
1574 1
1575 1
1576 2
1580 1
1584 1
1586 1
1593 1
1594 1
1595 1
1596 1
1597 1
1603 1
1636 1
