N J h mean_R_sq err_mean_R_sq mean_R_gyr_sq err_mean_R_gyr_sq 
3600 1.5 0 8250.18 6190.67 1440.8 718.463
511 1
522 1
524 2
525 3
527 3
528 5
529 7
530 1
531 3
532 3
533 7
534 3
535 1
536 6
537 7
538 11
539 11
540 6
541 11
542 10
543 6
544 11
545 9
546 11
547 13
548 12
549 11
550 20
551 15
552 16
553 12
554 16
555 23
556 26
557 26
558 26
559 14
560 21
561 24
562 24
563 22
564 17
565 25
566 23
567 22
568 22
569 23
570 27
571 23
572 15
573 16
574 20
575 22
576 22
577 13
578 14
579 16
580 6
581 7
582 18
583 13
584 12
585 11
586 10
587 6
588 10
589 14
590 9
591 8
592 7
593 5
594 2
595 7
596 4
597 3
598 8
599 4
600 2
601 5
602 2
603 4
604 1
605 2
606 2
607 3
612 2
616 1
624 1
631 1
634 1
635 1
636 2
638 1
641 2
645 2
649 1
650 2
651 1
652 2
653 2
655 1
656 1
659 2
660 1
678 1
694 1
702 1
739 1
761 1
768 1
783 1
