N J h mean_R_sq err_mean_R_sq mean_R_gyr_sq err_mean_R_gyr_sq 
1600 1.39 0 3438.26 518.528 717.88 87.4795
1000 17
1001 10
1002 24
1003 14
1004 17
1005 6
1006 15
1007 17
1008 12
1009 12
1010 9
1011 13
1012 11
1013 17
1014 15
1015 13
1016 19
1017 11
1018 11
1019 11
1020 9
1021 9
1022 16
1023 8
1024 17
1025 8
1026 18
1027 9
1028 11
1029 13
1030 6
1031 9
1032 5
1033 13
1034 8
1035 2
1036 9
1037 11
1038 10
1039 13
1040 8
1041 12
1042 11
1043 11
1044 6
1045 9
1046 6
1047 9
1048 10
1049 6
1050 7
1051 11
1052 9
1053 8
1054 6
1055 4
1056 8
1057 8
1058 6
1059 5
1060 9
1061 5
1062 3
1063 5
1064 8
1065 5
1066 7
1067 7
1068 6
1069 4
1070 5
1071 5
1072 3
1073 5
1074 4
1075 6
1076 3
1077 4
1078 3
1079 2
1080 5
1081 5
1082 5
1083 4
1084 2
1085 8
1086 7
1087 6
1088 4
1089 6
1090 1
1091 8
1092 6
1093 3
1095 2
1096 4
1097 6
1098 2
1099 5
1100 4
1101 5
1102 7
1103 3
1104 2
1105 3
1106 3
1107 1
1108 6
1109 2
1110 5
1111 5
1112 4
1113 5
1114 3
1115 4
1116 1
1118 3
1119 1
1120 1
1121 3
1122 1
1123 4
1124 2
1125 4
1127 2
1128 3
1129 4
1130 3
1131 2
1132 2
1136 4
1137 2
1138 3
1139 5
1142 2
1143 1
1145 2
1146 3
1147 1
1154 1
1156 1
1157 4
1158 1
1161 1
1163 2
1164 2
1165 1
1167 1
1168 2
1173 2
1174 4
1175 1
1176 1
1179 1
1181 1
1182 2
1184 3
1186 1
1187 3
1193 2
1194 2
1199 1
1201 1
1202 1
1208 1
1210 1
1212 1
1214 1
1215 1
1219 1
1227 1
1229 1
1239 1
1274 1
