N J h mean_R_sq err_mean_R_sq mean_R_gyr_sq err_mean_R_gyr_sq 
2916 1.338 0 32393.8 10496 5097.5 1677.29
765 1
774 1
784 2
789 1
792 1
798 1
806 1
810 2
816 2
820 1
828 1
831 1
832 1
836 1
838 1
840 1
841 1
843 1
845 1
846 1
848 1
849 1
850 1
851 3
853 1
858 1
859 1
860 2
865 1
866 3
869 1
871 2
873 1
874 2
875 2
876 5
878 2
879 1
880 2
883 2
884 5
885 1
886 2
887 5
889 1
890 1
891 1
892 5
893 1
894 1
895 2
897 2
898 2
900 1
901 2
902 2
903 4
904 1
905 3
906 5
907 3
908 5
909 3
910 2
911 2
912 3
913 2
914 4
915 1
916 1
917 1
918 2
919 5
920 4
921 4
922 4
923 1
924 1
925 2
926 4
927 3
928 1
929 3
931 2
932 6
933 5
934 5
935 3
936 2
937 5
938 2
939 2
940 4
941 3
942 5
943 6
944 9
945 4
946 4
947 3
948 6
949 7
950 5
951 7
952 4
953 5
954 4
955 7
956 6
957 2
958 2
959 2
960 9
961 5
962 10
963 3
964 7
965 2
966 4
967 4
968 10
969 4
970 5
971 3
972 7
973 3
974 5
975 7
976 5
977 4
978 7
979 9
980 5
981 4
982 9
983 7
984 10
985 4
986 8
987 4
988 5
989 4
990 9
991 6
992 3
993 4
994 5
995 7
996 4
997 7
998 4
999 4
1000 7
1001 2
1002 8
1003 4
1004 2
1005 5
1006 5
1007 6
1008 4
1009 4
1010 6
1011 4
1012 4
1013 3
1014 3
1015 9
1016 5
1017 7
1018 5
1019 4
1020 3
1021 5
1022 6
1023 4
1024 10
1025 10
1026 2
1027 2
1028 3
1029 3
1030 3
1031 7
1032 8
1033 4
1034 3
1035 8
1036 4
1037 2
1038 3
1039 3
1040 7
1041 4
1042 3
1043 5
1044 4
1045 2
1046 5
1047 2
1048 2
1049 6
1050 2
1051 2
1052 4
1053 7
1054 2
1055 1
1056 6
1057 3
1058 1
1059 1
1060 4
1061 4
1062 5
1063 4
1064 6
1065 4
1066 7
1067 9
1068 1
1069 5
1070 2
1071 7
1072 4
1073 2
1074 2
1075 4
1076 2
1077 4
1078 3
1079 3
1080 2
1081 4
1082 2
1083 1
1084 3
1085 6
1086 5
1087 4
1088 1
1089 4
1090 2
1091 5
1092 3
1093 1
1094 3
1095 3
1096 2
1097 4
1098 1
1099 4
1100 5
1101 2
1102 2
1103 1
1104 1
1105 3
1107 5
1108 1
1109 1
1110 3
1111 3
1114 1
1115 2
1116 1
1117 5
1119 2
1120 1
1121 1
1122 3
1124 2
1126 2
1127 1
1130 1
1131 1
1134 1
1136 1
1138 1
1139 1
1143 1
1146 1
1148 1
1149 1
1150 1
1153 2
1155 1
1157 1
1160 1
1162 1
1166 1
1168 1
1178 1
1187 1
1188 1
1190 1
1191 3
1200 1
1206 1
1213 1
1218 1
1252 1
