N J h mean_R_sq err_mean_R_sq mean_R_gyr_sq err_mean_R_gyr_sq 
3600 1.36 0 44689.7 24685 6977.66 3743.75
788 1
790 1
797 1
800 2
803 2
805 2
806 1
807 1
808 3
809 3
810 1
811 3
813 3
814 3
815 2
818 2
819 6
820 3
821 3
822 1
823 4
824 5
825 5
826 6
827 4
828 6
829 3
830 5
831 7
832 6
833 9
834 1
835 3
836 3
837 3
838 10
839 7
840 8
841 7
842 11
843 9
844 6
845 4
846 6
847 9
848 8
849 9
850 6
851 8
852 7
853 8
854 10
855 10
856 7
857 9
858 13
859 16
860 14
861 14
862 13
863 11
864 15
865 9
866 17
867 11
868 12
869 14
870 19
871 11
872 12
873 9
874 15
875 14
876 10
877 10
878 8
879 20
880 12
881 7
882 5
883 11
884 13
885 8
886 17
887 14
888 15
889 15
890 16
891 20
892 10
893 9
894 6
895 10
896 11
897 5
898 5
899 11
900 10
901 7
902 11
903 7
904 12
905 8
906 11
907 2
908 7
909 8
910 8
911 1
912 6
913 4
914 5
915 8
916 8
917 7
918 3
919 2
920 3
921 10
922 4
923 6
924 4
925 2
926 1
927 4
928 4
929 1
930 2
931 3
932 1
933 5
934 3
936 1
938 1
939 2
941 1
942 1
943 1
944 1
945 2
946 2
947 1
950 2
952 1
955 2
958 1
959 1
960 1
962 1
965 2
968 1
969 2
971 1
973 1
976 1
982 1
