N J h mean_R_sq err_mean_R_sq mean_R_gyr_sq err_mean_R_gyr_sq 
2916 1.519 0 6541.32 4982.28 1171.15 589.792
306 1
309 1
314 1
316 1
325 1
332 1
350 1
352 1
355 1
356 1
364 2
365 2
368 1
369 1
370 1
371 1
372 1
376 1
377 1
379 1
380 1
382 1
385 2
386 1
387 1
391 1
392 3
393 2
395 2
396 1
398 1
402 1
409 1
411 6
412 2
414 3
415 1
418 1
419 1
420 1
423 1
424 1
428 2
431 3
434 1
435 1
437 3
439 1
440 2
442 1
443 1
444 1
445 2
447 1
448 2
449 1
450 1
455 2
457 1
459 2
461 1
463 2
465 1
466 1
467 1
468 1
469 1
470 3
471 1
474 1
476 1
477 2
479 1
485 2
486 3
487 2
488 5
490 1
491 2
495 2
497 1
498 1
499 1
501 2
502 2
503 2
504 1
506 1
508 2
509 1
512 1
514 1
516 2
517 1
518 1
519 1
520 2
522 1
524 2
525 3
527 1
528 1
531 1
532 2
533 2
534 1
535 2
537 1
538 1
540 2
544 1
545 2
548 1
550 2
552 3
553 1
554 1
556 2
558 3
560 1
562 1
563 1
564 1
565 2
566 1
567 1
569 2
570 2
571 2
574 1
577 1
578 1
580 2
582 1
584 1
585 1
586 1
587 2
590 2
593 2
594 3
595 1
596 1
597 3
601 2
602 1
603 2
604 1
607 1
608 2
611 2
612 1
613 1
614 1
616 1
617 3
618 1
621 1
622 1
623 1
626 2
629 1
632 2
633 1
634 1
635 2
636 1
641 2
642 1
643 1
644 2
645 1
646 3
648 1
649 2
651 2
652 3
654 1
657 1
659 1
660 2
661 2
663 1
664 1
665 2
668 1
671 1
673 1
678 2
680 2
681 2
682 1
683 1
685 1
687 1
688 1
689 2
692 2
694 1
695 1
697 1
699 1
701 2
703 1
706 1
709 1
710 1
711 1
712 1
714 2
715 2
716 1
717 1
722 1
725 1
726 1
727 1
728 2
730 1
731 1
732 1
733 1
734 1
735 1
738 1
740 1
742 1
745 3
748 2
750 2
751 1
752 2
754 1
758 1
759 1
760 2
762 2
764 1
765 1
767 1
769 1
770 3
773 1
774 2
776 1
777 1
778 1
779 1
781 1
782 1
783 1
784 1
785 3
786 1
788 1
790 1
793 2
794 1
795 2
796 2
799 1
801 1
805 1
806 2
809 1
812 1
815 3
817 1
821 1
822 1
824 1
825 1
826 3
830 2
832 1
838 1
840 1
850 1
852 2
855 2
857 1
858 2
860 1
861 1
862 1
863 2
868 1
871 1
872 1
873 1
874 1
877 1
879 2
882 2
884 1
885 1
886 1
887 1
888 1
889 2
890 1
891 1
892 2
893 1
895 3
896 1
901 1
902 3
903 1
908 1
909 2
911 1
913 1
916 2
918 2
921 1
923 1
924 2
925 1
927 1
932 2
939 1
946 1
947 3
948 1
949 2
950 1
955 1
957 2
965 2
966 1
967 1
968 1
969 4
973 2
977 1
978 2
979 1
980 2
982 1
985 1
986 1
990 3
991 4
994 2
996 2
997 1
999 1
1001 1
1002 1
1008 1
1009 1
1011 1
1012 1
1013 1
1015 2
1019 1
1025 2
1028 1
1029 3
1032 1
1034 1
1035 1
1043 2
1044 1
1046 1
1050 1
1051 1
1052 1
1057 1
1058 2
1061 1
1063 1
1064 1
1068 1
1070 2
1075 4
1076 1
1079 1
1082 2
1084 2
1085 1
1086 1
1091 1
1093 1
1095 2
1097 1
1098 1
1099 1
1105 2
1112 1
1113 1
1115 1
1118 1
1121 1
1123 2
1126 1
1127 2
1130 1
1131 1
1133 1
1135 1
1136 2
1139 3
1140 1
1141 1
1143 2
1144 1
1145 1
1147 2
1152 1
1157 1
1158 1
1159 1
1162 1
1164 2
1165 1
1168 1
1170 1
1171 2
1172 1
1173 1
1176 1
1179 1
1181 1
1182 2
1183 1
1185 1
1188 2
1190 1
1195 2
1196 1
1197 2
1198 2
1200 2
1201 3
1202 1
1203 2
1205 1
1208 1
1210 1
1213 2
1214 2
1218 1
1219 1
1220 1
1221 2
1225 1
1226 1
1228 1
1229 3
1230 1
1233 1
1234 1
1236 2
1237 1
1238 1
1239 1
1245 1
1248 1
1250 2
1252 2
1257 2
1258 1
1262 1
1263 2
1264 1
1265 1
1269 1
1270 1
1273 1
1275 1
1277 1
1279 2
1281 1
1285 1
1286 1
1287 3
1288 2
1290 1
1291 1
1293 1
1295 1
1297 2
1300 1
1303 1
1304 1
1305 1
1306 2
1307 1
1308 1
1309 2
1310 1
1312 1
1313 1
1316 1
1317 1
1318 1
1319 1
1320 1
1322 2
1323 1
1324 4
1325 1
1326 2
1328 1
1331 1
1332 2
1334 1
1336 1
1338 1
1339 1
1340 1
1341 2
1342 1
1343 3
1344 2
1346 1
1348 1
1349 1
1350 1
1351 1
1352 1
1353 1
1355 2
1358 2
1363 1
1366 1
1367 2
1368 2
1374 3
1375 1
1377 1
1378 2
1379 1
1380 1
1383 2
1384 2
1385 1
1386 1
1390 2
1393 1
1396 1
1400 1
1403 1
1404 1
1405 1
1406 1
1407 1
1409 1
1410 1
1411 1
1412 1
1413 2
1414 1
1415 1
1416 2
1417 3
1418 3
1420 2
1421 1
1422 1
1423 1
1424 2
1425 2
1429 1
1430 3
1432 2
1433 1
1436 1
1437 1
1439 3
1440 1
1446 1
1447 1
1448 1
1449 2
1450 2
1452 1
1453 1
1454 1
1456 4
1457 1
1458 1
1459 4
1460 1
1462 1
1463 1
1464 2
1465 1
1466 4
1469 2
1470 1
1472 2
1473 1
1474 3
1475 2
1476 1
1478 1
1481 1
1483 1
1484 2
1485 4
1487 1
1489 3
1490 2
1491 2
1492 1
1494 1
1495 1
1496 4
1497 2
1498 2
1499 2
1501 2
1503 1
1506 2
1507 1
1508 1
1509 1
1510 1
1511 1
1513 1
1514 3
1516 1
1518 1
1521 1
1522 1
1523 3
1524 3
1525 1
1526 1
1527 1
1529 4
1530 3
1531 2
1534 1
1540 3
1542 1
1543 2
1544 1
1545 1
1546 2
1547 1
1558 1
1560 2
1561 1
1562 1
1563 1
1565 1
1566 1
1567 2
1568 4
1569 2
1571 2
1572 2
1576 1
1577 1
1580 1
1581 1
1582 2
1586 2
1588 3
1593 1
1595 2
1596 2
1599 1
1600 2
1608 1
1609 2
1611 1
1612 1
1613 1
1615 2
1617 1
1619 1
1623 1
1624 1
1625 1
1626 1
1628 1
1633 1
1634 2
1635 1
1645 1
1653 2
1655 1
1659 1
1675 1
1677 1
1684 1
1730 1
