N J h mean_R_sq err_mean_R_sq mean_R_gyr_sq err_mean_R_gyr_sq 
4900 1.45 0 34353.4 30986.2 4607.11 3492.41
398 1
433 1
455 1
456 1
459 1
469 1
474 1
476 2
477 1
480 2
481 1
482 3
485 1
486 1
489 2
491 2
492 3
494 1
495 1
498 1
499 1
502 1
503 2
504 1
506 1
508 2
510 1
511 1
512 1
513 4
514 1
515 1
516 4
517 3
519 1
520 1
521 1
524 1
525 3
526 2
528 3
529 3
531 1
532 1
534 2
535 1
536 2
537 2
538 2
539 3
540 1
541 2
542 1
543 1
544 2
545 2
546 1
547 3
548 1
550 3
551 1
552 2
554 1
555 2
558 2
559 1
560 2
561 2
562 3
563 3
564 4
566 3
567 1
568 2
570 3
571 2
572 4
573 1
575 1
576 2
582 5
583 1
586 2
588 1
589 2
590 1
591 1
594 1
595 1
597 2
598 1
599 1
600 2
603 2
605 3
606 3
607 1
608 1
609 2
610 4
611 2
612 1
613 4
614 2
615 2
616 4
617 1
618 3
620 2
623 1
625 2
626 2
627 6
628 2
629 3
630 2
631 2
632 1
635 1
636 1
637 1
638 2
639 3
640 1
641 2
642 5
643 2
646 4
647 2
648 4
649 1
650 3
651 3
652 1
653 3
654 3
655 6
656 4
657 1
658 1
659 1
660 3
661 1
662 4
663 6
664 2
665 1
666 3
667 3
668 2
669 1
671 3
673 1
674 4
675 5
676 1
677 2
678 2
679 1
680 2
682 3
683 1
684 2
685 5
686 1
687 2
688 1
689 1
690 2
691 4
692 7
693 3
694 1
695 2
696 2
697 3
698 1
699 1
700 1
701 2
702 2
703 5
704 1
705 2
706 1
707 3
708 1
709 3
710 3
711 1
712 5
713 3
714 3
715 2
716 2
717 1
718 4
719 1
720 3
721 5
722 4
724 2
725 3
726 4
727 3
728 5
729 2
730 2
731 1
732 3
733 2
734 3
735 1
736 2
738 3
739 2
740 3
741 2
742 2
743 1
744 3
745 3
747 3
748 2
749 1
750 1
751 3
752 2
753 4
754 1
755 2
757 2
758 1
759 1
760 1
761 2
762 3
763 2
765 2
766 2
767 1
768 3
769 4
770 1
771 4
772 2
773 6
774 1
775 4
776 2
777 8
778 2
779 1
780 3
781 1
782 7
783 1
784 4
785 4
786 2
787 3
788 2
789 5
790 5
791 1
792 1
793 1
794 3
795 3
796 1
797 1
798 3
799 4
801 1
802 1
803 1
804 3
805 1
806 2
807 1
808 2
809 4
810 4
811 3
812 4
813 2
814 4
815 2
816 3
817 1
818 1
819 1
820 2
821 2
822 1
823 2
824 2
825 1
826 1
827 3
828 1
829 3
831 4
833 1
834 4
835 6
836 3
837 2
838 4
839 6
840 3
841 2
842 3
843 1
844 3
845 3
846 3
847 2
848 2
849 1
850 1
851 2
852 2
853 1
855 1
856 1
857 2
858 8
860 2
861 3
862 1
864 4
865 1
866 1
867 2
868 1
870 2
871 4
872 2
873 3
874 3
875 2
876 3
877 3
878 7
880 2
881 5
882 2
883 2
885 3
886 2
887 2
888 1
889 5
890 3
891 2
892 1
893 2
895 1
896 6
897 6
898 1
899 1
900 2
901 2
902 4
903 1
906 3
907 1
908 5
909 1
910 1
911 4
912 2
913 2
914 1
916 1
917 1
918 3
919 2
921 3
922 3
923 2
924 2
925 3
926 1
927 1
928 3
930 2
932 1
933 3
934 1
936 2
937 2
938 3
939 3
940 5
941 3
942 1
943 1
945 2
946 3
947 3
948 2
949 3
950 2
951 3
952 2
953 5
954 2
955 3
956 2
958 1
959 1
960 2
962 1
963 2
964 1
966 2
967 2
968 4
969 3
970 2
971 4
972 2
973 2
974 2
975 1
976 2
977 1
978 1
980 4
981 5
982 1
983 4
984 2
985 1
986 1
987 3
988 2
989 3
990 4
991 4
992 4
993 3
994 2
995 2
996 1
997 1
998 3
999 1
1000 1
1001 4
1002 4
1004 4
1005 1
1006 2
1007 3
1008 2
1009 3
1010 3
1011 1
1012 5
1013 6
1014 2
1015 3
1016 3
1017 2
1018 2
1020 2
1021 1
1022 1
1025 4
1026 2
1028 4
1029 3
1030 3
1031 2
1032 4
1033 4
1034 3
1035 4
1036 3
1037 3
1038 4
1039 3
1040 1
1041 1
1042 1
1043 2
1044 4
1045 4
1047 1
1048 3
1049 2
1050 2
1053 3
1054 1
1056 3
1058 2
1060 1
1061 1
1062 1
1063 3
1064 1
1065 1
1067 6
1068 3
1069 2
1070 2
1071 1
1072 2
1073 1
1074 1
1075 2
1076 2
1077 3
1078 3
1079 1
1080 1
1081 2
1082 4
1083 1
1084 1
1085 3
1086 3
1087 5
1088 1
1089 1
1090 7
1091 2
1092 2
1093 2
1094 1
1095 2
1096 3
1098 1
1099 2
1100 1
1101 4
1102 3
1104 3
1105 4
1106 1
1107 3
1108 1
1109 3
1110 1
1111 3
1112 3
1113 3
1114 3
1115 2
1116 7
1117 3
1118 3
1119 2
1120 2
1121 1
1122 3
1123 1
1124 2
1126 3
1127 3
1128 2
1129 3
1132 2
1133 3
1134 2
1135 1
1136 2
1137 3
1139 3
1140 1
1141 2
1142 1
1143 1
1146 4
1148 2
1149 3
1150 3
1151 1
1152 3
1153 1
1154 2
1155 2
1157 1
1158 3
1159 1
1160 2
1161 2
1162 1
1163 3
1164 1
1165 4
1166 4
1167 3
1168 3
1169 2
1170 4
1171 1
1172 4
1173 1
1174 1
1175 2
1176 3
1177 2
1179 1
1180 1
1181 2
1182 2
1183 4
1184 3
1185 2
1186 2
1187 6
1188 3
1189 2
1190 1
1191 1
1193 1
1194 2
1195 2
1196 3
1197 2
1198 2
1199 1
1200 1
1202 3
1203 2
1204 3
1205 2
1206 2
1207 1
1208 4
1209 1
1210 4
1211 3
1212 2
1213 3
1214 2
1216 2
1217 3
1218 4
1219 4
1220 2
1221 1
1222 1
1223 8
1225 2
1226 1
1227 2
1228 4
1230 1
1231 2
1233 1
1234 3
1235 4
1236 5
1237 4
1238 3
1239 4
1240 3
1241 2
1242 3
1244 3
1245 1
1246 3
1247 2
1248 4
1249 4
1250 4
1251 6
1252 2
1253 3
1254 2
1255 3
1256 2
1257 2
1258 2
1259 3
1260 1
1261 3
1262 2
1263 2
1264 1
1265 1
1266 1
1268 4
1269 2
1271 1
1272 3
1273 3
1274 1
1275 4
1276 2
1277 1
1278 3
1280 3
1281 3
1283 1
1284 2
1285 1
1286 1
1288 4
1290 3
1291 2
1292 1
1293 3
1294 3
1295 2
1296 1
1297 2
1298 4
1300 1
1301 1
1302 2
1303 2
1304 3
1305 2
1306 1
1307 3
1308 4
1309 1
1310 1
1311 3
1312 2
1313 3
1314 2
1315 3
1316 5
1317 1
1318 3
1319 7
1320 2
1321 1
1322 4
1326 1
1327 1
1328 2
1329 3
1330 2
1331 1
1332 2
1333 1
1334 5
1335 3
1336 1
1337 4
1338 2
1339 3
1340 4
1341 4
1342 1
1343 2
1345 2
1346 4
1347 3
1348 1
1349 2
1350 1
1352 1
1355 1
1356 2
1357 6
1358 2
1359 2
1361 1
1362 2
1363 1
1364 2
1365 3
1366 3
1367 2
1368 2
1370 2
1371 1
1372 3
1373 2
1374 1
1375 4
1376 2
1377 2
1378 2
1379 2
1381 2
1384 1
1385 1
1386 3
1387 1
1388 2
1389 1
1391 3
1392 2
1393 2
1394 1
1395 3
1396 5
1398 1
1399 2
1401 2
1403 2
1404 4
1405 2
1407 2
1408 2
1409 3
1410 1
1411 2
1412 2
1413 2
1414 5
1415 1
1416 4
1417 1
1418 2
1420 1
1421 2
1424 3
1425 1
1426 2
1427 2
1428 3
1430 1
1431 2
1432 1
1433 2
1434 1
1435 1
1436 3
1438 1
1439 2
1440 1
1441 3
1442 1
1443 2
1445 1
1447 2
1448 2
1450 1
1452 4
1453 4
1454 2
1458 1
1459 1
1460 1
1464 1
1465 1
1467 1
1468 6
1471 1
1472 1
1473 1
1477 1
1479 1
1482 1
1484 2
1486 2
1488 1
1489 1
1490 1
1492 1
1493 3
1495 1
1499 1
1501 3
1502 1
1506 1
1509 3
1511 1
1514 2
1515 1
1521 1
1523 2
1535 3
1538 1
1539 1
1546 1
1547 1
1551 1
1558 1
1566 1
1575 1
1599 1
