N J h mean_R_sq err_mean_R_sq mean_R_gyr_sq err_mean_R_gyr_sq 
4900 1.45 0 65576.1 61855.1 8104.72 6984.62
1000 5
1001 4
1002 6
1003 5
1004 2
1005 4
1007 3
1008 3
1009 3
1010 3
1011 3
1013 4
1015 5
1016 5
1017 1
1018 1
1019 1
1020 3
1021 1
1022 2
1023 2
1024 1
1025 2
1026 1
1027 2
1028 1
1029 3
1030 3
1031 2
1032 4
1034 3
1035 2
1036 3
1037 3
1038 3
1039 1
1040 1
1041 3
1042 5
1043 3
1044 1
1045 2
1046 1
1047 2
1048 3
1049 3
1050 7
1051 1
1052 7
1053 2
1054 4
1055 4
1056 3
1057 3
1058 3
1059 5
1060 4
1061 5
1062 2
1063 3
1064 1
1065 2
1066 6
1067 4
1068 5
1069 4
1070 1
1071 2
1072 3
1073 2
1074 7
1075 6
1076 3
1077 6
1078 4
1079 3
1080 3
1081 1
1082 5
1083 5
1084 5
1085 5
1086 5
1087 2
1088 1
1089 3
1090 5
1091 4
1092 4
1093 5
1094 6
1095 2
1096 5
1097 5
1098 6
1099 2
1100 4
1101 6
1102 4
1103 3
1104 3
1105 2
1106 4
1107 4
1108 3
1109 5
1110 1
1111 3
1112 1
1113 5
1114 5
1115 2
1116 8
1117 4
1118 4
1119 5
1120 2
1121 2
1122 6
1123 6
1124 2
1125 4
1126 4
1127 5
1128 5
1129 2
1130 4
1131 5
1132 2
1133 3
1135 2
1136 5
1137 5
1138 7
1139 5
1140 3
1141 2
1142 3
1143 1
1144 4
1145 5
1146 6
1147 7
1148 5
1149 3
1150 5
1151 5
1152 5
1153 2
1155 2
1156 6
1157 5
1159 3
1160 3
1161 9
1162 4
1163 3
1164 1
1165 4
1166 4
1167 5
1168 2
1169 5
1170 5
1171 6
1172 5
1173 3
1174 4
1175 4
1176 3
1177 3
1178 3
1179 4
1180 5
1181 3
1182 5
1183 3
1184 4
1185 7
1186 5
1187 2
1188 7
1189 4
1190 3
1191 2
1192 6
1194 6
1195 4
1196 5
1197 4
1198 4
1199 3
1201 2
1202 1
1203 2
1204 1
1205 4
1206 4
1207 3
1208 2
1209 5
1210 1
1211 8
1212 6
1213 4
1214 2
1215 4
1216 2
1217 1
1218 1
1219 5
1220 3
1221 5
1222 9
1223 3
1224 4
1225 4
1226 7
1227 2
1228 6
1230 3
1231 3
1232 3
1233 7
1234 3
1235 2
1236 3
1237 2
1238 4
1239 5
1240 2
1241 1
1242 4
1243 4
1244 4
1245 2
1246 3
1247 3
1248 2
1249 1
1250 3
1251 4
1252 2
1253 5
1254 3
1255 1
1256 4
1257 1
1258 4
1259 4
1261 1
1262 2
1263 3
1264 3
1265 4
1266 1
1267 2
1269 4
1270 2
1271 5
1272 3
1273 2
1274 1
1275 2
1276 1
1278 1
1279 1
1281 3
1282 2
1284 2
1286 1
1288 1
1289 1
1290 3
1291 3
1292 2
1293 1
1294 1
1295 2
1296 3
1297 1
1298 2
1299 2
1300 3
1303 1
1304 1
1305 1
1306 1
1308 1
1309 1
1311 1
1312 1
1315 1
1317 3
1320 2
1322 2
1325 1
1326 1
1328 1
1329 1
1330 1
1332 1
1334 1
1335 1
1339 1
1340 1
1347 2
1348 1
1356 1
1363 1
1377 1
1380 1
1408 1
