N J h mean_R_sq err_mean_R_sq mean_R_gyr_sq err_mean_R_gyr_sq 
4900 1.51 0 25068 22525.2 3426.37 2443.61
500 1
505 1
506 1
508 1
509 1
510 2
511 2
513 3
514 2
515 2
516 5
517 7
518 5
519 3
520 6
521 5
522 9
523 7
524 11
525 5
526 13
527 12
528 13
529 13
530 12
531 17
532 15
533 20
534 23
535 27
536 32
537 26
538 19
539 28
540 22
541 27
542 27
543 29
544 25
545 23
546 31
547 25
548 23
549 26
550 20
551 26
552 24
553 34
554 22
555 15
556 14
557 18
558 17
559 14
560 13
561 15
562 13
563 16
564 9
565 17
566 11
567 7
568 9
569 11
570 8
571 8
572 4
573 7
574 3
575 3
576 5
577 1
578 3
579 2
580 3
581 1
582 1
584 3
586 2
592 1
643 1
666 1
712 1
733 1
779 1
801 1
803 1
821 1
831 3
846 1
