N J h mean_R_sq err_mean_R_sq mean_R_gyr_sq err_mean_R_gyr_sq 
1225 1.45 0 1046.27 33.6051 315.494 2.78393
579 1
583 1
586 1
592 2
593 1
595 1
596 1
598 3
599 1
600 1
601 4
602 3
604 2
605 2
606 1
607 1
608 3
609 4
610 1
611 3
612 1
613 6
614 7
615 4
616 4
617 4
618 2
619 1
620 2
621 1
622 3
623 3
624 3
625 6
626 6
627 5
628 5
629 4
630 4
631 6
632 8
633 6
634 6
635 11
636 4
637 9
638 2
639 7
640 6
641 3
642 7
643 3
644 12
645 13
646 12
647 7
648 7
649 6
650 7
651 7
652 8
653 9
654 11
655 11
656 12
657 8
658 8
659 13
660 11
661 8
662 6
663 6
664 11
665 11
666 7
667 7
668 7
669 10
670 12
671 10
672 11
673 8
674 11
675 14
676 8
677 13
678 3
679 10
680 13
681 6
682 8
683 11
684 5
685 12
686 9
687 16
688 6
689 5
690 12
691 7
692 13
693 7
694 15
695 6
696 9
697 11
698 5
699 9
700 6
701 6
702 6
703 11
704 5
705 8
706 6
707 8
708 6
709 5
710 7
711 6
712 9
713 7
714 5
715 5
716 7
717 10
718 7
719 6
720 5
721 4
722 4
723 5
724 8
725 5
726 7
727 7
728 3
729 2
730 5
731 6
732 3
733 7
734 7
735 3
736 5
737 6
738 4
740 1
741 4
742 5
743 3
744 2
745 1
746 2
748 4
750 2
751 2
752 2
753 1
754 1
755 1
758 1
760 1
761 1
762 1
764 3
766 2
768 1
769 1
770 2
772 1
774 1
775 1
777 3
778 1
779 1
781 1
787 1
788 1
796 2
798 2
804 1
821 1
