N J h mean_R_sq err_mean_R_sq mean_R_gyr_sq err_mean_R_gyr_sq 
2500 1.555 0 1401.81 142.922 501.077 15.5923
462 2
471 1
472 1
474 1
475 2
476 3
477 1
478 3
479 1
480 3
481 2
482 1
484 3
485 1
486 2
487 3
488 6
489 7
490 4
491 4
492 12
493 7
494 8
495 13
496 7
497 11
498 11
499 19
500 21
501 14
502 13
503 23
504 21
505 25
506 22
507 14
508 21
509 38
510 42
511 33
512 36
513 35
514 40
515 46
516 51
517 44
518 25
519 41
520 32
521 58
522 36
523 42
524 41
525 49
526 44
527 48
528 48
529 42
530 43
531 38
532 35
533 38
534 41
535 27
536 32
537 23
538 34
539 34
540 32
541 30
542 33
543 28
544 28
545 41
546 23
547 16
548 16
549 18
550 16
551 22
552 13
553 20
554 10
555 10
556 18
557 7
558 10
559 12
560 8
561 3
562 7
563 2
564 4
565 4
566 6
567 7
568 5
569 2
570 3
571 2
573 1
575 2
576 1
577 1
578 2
579 1
580 1
586 2
590 1
615 1
681 1
