N J h mean_R_sq err_mean_R_sq mean_R_gyr_sq err_mean_R_gyr_sq 
900 1.405 0 1537.45 35.933 330.78 4.28726
1 2
5 3
9 1
13 4
17 5
25 8
29 9
37 4
41 5
45 4
49 6
53 4
61 10
65 11
73 4
81 1
85 12
89 4
97 6
101 3
109 3
113 4
117 6
121 6
125 12
137 5
145 11
149 6
153 4
157 5
169 4
173 7
181 11
185 15
193 5
197 7
205 15
221 13
225 3
229 5
233 14
241 3
245 6
257 3
261 7
265 9
269 5
277 8
281 5
289 10
293 1
305 12
313 5
317 5
325 13
333 8
337 6
349 3
353 11
361 4
365 15
369 5
373 3
377 10
389 3
397 6
401 6
405 3
409 5
421 7
425 18
433 7
441 4
445 10
449 3
457 4
461 2
477 3
481 10
485 12
493 15
505 8
509 2
521 5
529 2
533 5
541 6
545 6
549 4
557 6
565 10
569 5
577 2
585 12
593 7
601 6
605 5
613 4
617 3
625 9
629 6
637 6
641 4
653 6
657 4
661 5
673 3
677 7
685 9
689 11
697 7
701 5
709 5
725 12
729 1
733 2
745 4
757 4
761 7
765 6
769 4
773 4
785 16
793 8
797 4
801 2
809 5
821 2
829 8
833 1
841 6
845 14
853 6
857 3
865 8
873 5
877 4
881 6
901 4
905 13
909 2
925 20
929 1
937 4
941 6
949 16
953 3
961 6
965 10
977 4
981 4
985 2
997 1
1009 4
1013 6
1017 2
1021 2
1025 12
1033 3
1037 4
1049 3
1061 6
1069 4
1073 3
1089 1
1093 4
1097 4
1105 6
1109 1
1117 6
1125 6
1129 2
1145 3
1153 3
1157 8
1165 7
1181 3
1189 5
1193 2
1201 4
1205 5
1213 1
1217 3
1225 7
1229 5
1233 1
1237 2
1241 6
1249 7
1261 9
1277 3
1285 4
1289 2
1297 2
1301 3
1305 5
1313 9
1321 6
1325 8
1341 3
1345 4
1361 3
1369 2
1373 4
1377 1
1381 3
1385 6
1405 4
1409 2
1413 4
1417 10
1421 3
1429 3
1433 2
1445 7
1453 2
1465 6
1469 6
1493 2
1513 4
1517 5
1521 8
1525 5
1537 6
1549 2
1553 2
1557 3
1565 6
1573 3
1585 8
1597 4
1601 2
1609 5
1613 4
1621 2
1625 6
1629 1
1637 3
1649 6
1657 3
1665 6
1669 6
1681 2
1685 5
1697 2
1709 1
1717 6
1721 1
1733 2
1737 3
1741 3
1745 5
1753 2
1765 11
1769 4
1773 4
1777 1
1781 5
1801 3
1805 3
1813 2
1825 3
1845 8
1849 1
1853 3
1861 4
1865 4
1873 1
1877 2
1885 3
1889 4
1901 3
1921 3
1933 6
1937 2
1945 6
1949 2
1961 5
1973 1
1985 3
1989 2
1997 1
2005 1
2009 1
2017 1
2025 2
2029 3
2041 4
2045 3
2053 1
2057 2
2069 2
2081 1
2089 1
2097 2
2105 4
2113 1
2117 3
2125 4
2129 1
2141 2
2153 2
2161 3
2165 3
2169 1
2173 1
2197 3
2205 2
2209 1
2213 1
2221 4
2225 5
2237 2
2245 3
2249 3
2257 3
2269 1
2273 1
2285 3
2293 2
2297 1
2305 2
2309 2
2329 1
2333 2
2349 1
2353 4
2357 2
2377 1
2385 4
2389 1
2393 2
2401 2
2405 7
2417 2
2425 3
2437 1
2441 2
2465 5
2473 1
2477 1
2493 2
2501 2
2509 2
2521 1
2525 1
2529 1
2533 3
2549 2
2557 1
2561 5
2581 3
2593 2
2601 2
2605 2
2609 1
2617 1
2633 1
2637 3
2665 6
2677 1
2689 2
2701 2
2705 2
2725 3
2729 1
2741 2
2745 4
2749 1
2753 1
2777 1
2785 1
2789 1
2797 2
2801 1
2817 2
2825 6
2833 2
2837 1
2845 3
2857 3
2861 2
2873 1
2885 3
2909 1
2917 3
2925 3
2941 4
2953 2
2957 1
2965 2
2969 3
2977 2
2989 1
2997 1
3005 4
3025 1
3029 2
3037 1
3041 1
3077 1
3085 2
3089 4
3109 1
3121 2
3125 1
3133 1
3141 1
3145 5
3161 1
3169 3
3177 2
3185 1
3205 1
3217 4
3229 3
3233 1
3249 1
3253 1
3265 1
3277 1
3281 2
3285 2
3293 1
3301 1
3305 2
3313 2
3341 1
3349 2
3357 1
3365 1
3385 2
3389 3
3393 4
3413 1
3425 3
3445 3
3461 3
3469 2
3485 7
3497 3
3501 1
3505 3
3517 1
3533 1
3545 2
3573 1
3577 3
3589 1
3593 3
3601 1
3609 1
3613 1
3617 1
3625 3
3649 1
3673 2
3681 1
3725 3
3737 1
3757 1
3761 2
3769 3
3785 2
3789 1
3793 1
3805 1
3833 1
3845 2
3853 1
3865 3
3869 1
3893 3
3917 1
3925 2
3929 1
3965 3
3985 1
4013 1
4033 1
4045 1
4093 1
4097 2
4121 2
4141 2
4145 1
4181 1
4225 1
4285 1
4289 1
4297 1
4321 1
4357 1
4381 1
4385 1
4397 1
4405 1
4453 2
4489 2
4505 3
4525 1
4545 1
4553 2
4589 3
4621 1
4625 2
4657 1
4673 1
4685 1
4693 1
4705 2
4745 2
4765 1
4777 3
4825 1
4905 1
5041 1
5057 1
5141 1
5185 2
5233 1
5249 1
5261 1
5321 1
5329 1
5333 1
5345 1
5365 2
5477 1
5597 2
5645 1
5669 1
5713 1
5765 1
5881 1
5965 1
5989 1
6005 1
6145 1
6201 1
6205 1
6277 1
6305 3
6409 2
6413 1
6425 1
6497 1
6625 1
6649 1
6761 2
6781 1
6793 1
6925 2
6953 1
7105 1
7225 1
7361 1
7369 1
7417 1
7497 1
7529 1
7605 1
7621 1
7709 1
7757 1
7825 1
7865 1
8021 1
8033 1
8513 1
8665 1
8685 1
8705 1
9025 1
9113 1
9221 1
9629 1
9673 1
9801 1
10485 1
11425 1
13249 1
