N J h mean_R_sq err_mean_R_sq mean_R_gyr_sq err_mean_R_gyr_sq 
4900 1.42 0 109412 104463 16248.6 14889.9
5 1
13 2
17 1
25 1
41 1
45 1
65 2
85 1
89 1
97 2
101 2
109 5
117 1
121 1
125 3
137 1
145 4
153 2
157 3
169 4
173 1
181 1
193 1
197 1
205 3
221 2
229 1
233 1
241 3
245 3
257 1
261 2
265 1
269 2
289 1
293 1
305 1
313 1
325 3
333 1
353 1
365 2
373 1
377 2
389 4
425 1
445 3
449 2
461 2
481 2
485 1
493 2
509 2
529 3
533 2
549 1
557 1
565 3
569 1
585 1
593 1
605 4
617 1
625 4
629 1
653 2
657 1
661 1
673 2
677 2
689 1
697 1
709 1
725 5
745 2
757 1
765 5
785 1
793 2
797 1
801 1
821 1
845 4
865 2
873 1
881 3
905 1
909 1
925 2
941 1
949 1
953 1
961 1
965 2
977 3
981 1
985 3
1021 1
1025 2
1037 3
1061 1
1073 3
1097 1
1105 3
1125 1
1129 4
1145 1
1157 1
1165 2
1189 2
1205 4
1225 2
1229 4
1237 2
1249 2
1261 2
1297 2
1305 1
1313 2
1321 1
1325 4
1341 1
1369 5
1373 1
1381 1
1385 2
1405 3
1413 2
1417 2
1421 2
1429 1
1465 2
1469 3
1493 1
1513 1
1517 2
1525 1
1585 4
1601 2
1609 1
1613 1
1625 9
1629 1
1649 1
1657 1
1665 2
1669 1
1685 2
1697 1
1709 1
1717 2
1721 1
1733 2
1741 2
1745 2
1753 1
1765 1
1769 1
1773 1
1777 2
1781 2
1789 2
1801 1
1845 1
1853 1
1861 1
1865 2
1885 4
1921 2
1933 2
1937 1
1945 1
1961 4
1973 1
1985 1
1989 1
1997 3
2009 2
2017 1
2041 2
2053 2
2069 2
2089 1
2113 2
2129 1
2165 1
2169 1
2205 1
2213 3
2221 1
2225 3
2237 1
2249 2
2257 3
2269 1
2285 4
2309 1
2313 1
2353 1
2377 2
2405 3
2417 1
2421 1
2425 3
2465 3
2477 2
2501 2
2509 2
2525 1
2545 1
2581 4
2601 1
2605 1
2617 1
2621 1
2637 2
2645 1
2665 1
2669 1
2701 2
2705 1
2725 3
2745 1
2777 1
2797 2
2809 1
2813 4
2825 4
2833 1
2837 2
2845 1
2873 2
2885 2
2897 3
2925 2
2929 1
2941 1
2957 1
2965 1
2969 1
2977 2
2989 3
3025 1
3029 1
3049 1
3061 1
3065 1
3077 1
3085 1
3109 1
3121 2
3125 2
3133 1
3137 1
3141 1
3161 1
3169 1
3185 2
3205 3
3221 3
3229 1
3233 1
3253 2
3257 1
3265 2
3277 2
3285 1
3293 1
3305 1
3313 1
3329 2
3341 1
3349 1
3361 1
3365 1
3389 2
3393 1
3413 2
3433 2
3445 2
3461 1
3485 1
3497 1
3505 1
3529 1
3533 1
3557 1
3577 1
3589 1
3601 3
3613 1
3625 1
3637 1
3653 1
3673 1
3697 1
3701 1
3709 2
3725 1
3805 1
3809 2
3825 3
3833 1
3845 3
3865 1
3917 1
3925 2
3961 1
3965 3
3973 1
4001 1
4005 2
4033 1
4041 1
4045 1
4069 1
4073 1
4097 1
4105 1
4141 3
4149 1
4181 2
4205 3
4289 1
4321 1
4325 1
4329 1
4349 1
4357 1
4373 1
4381 1
4385 1
4397 1
4405 2
4421 1
4437 2
4441 1
4457 1
4493 1
4505 2
4537 2
4545 1
4549 2
4553 2
4573 1
4581 2
4589 1
4597 1
4625 1
4633 1
4657 2
4685 1
4693 2
4705 2
4709 1
4717 1
4777 3
4797 1
4813 1
4825 2
4849 3
4861 1
4889 1
4901 1
4905 2
4973 1
4985 1
5013 1
5065 2
5069 2
5085 2
5113 1
5121 1
5141 1
5185 4
5213 1
5237 1
5249 1
5265 2
5305 1
5317 2
5321 1
5329 1
5341 1
5345 2
5365 2
5441 1
5449 1
5465 2
5473 1
5485 1
5525 2
5545 1
5569 1
5617 1
5625 1
5629 1
5641 1
5645 3
5729 1
5737 1
5785 2
5801 1
5825 2
5837 1
5905 1
5917 1
5933 2
5945 1
5953 1
5965 1
6005 2
6025 1
6057 1
6065 2
6085 1
6161 1
6205 2
6217 2
6253 2
6273 1
6305 4
6389 1
6425 3
6445 1
6553 1
6565 2
6605 1
6613 1
6617 1
6625 1
6641 2
6701 1
6713 1
6725 1
6733 1
6845 1
6865 1
6869 1
6921 1
6925 1
6953 1
6977 1
6997 1
7065 1
7081 1
7085 1
7105 1
7129 1
7141 2
7145 1
7177 1
7229 1
7241 1
7253 1
7321 1
7325 2
7345 1
7393 1
7405 1
7445 1
7529 1
7537 1
7549 2
7585 1
7605 1
7625 2
7633 1
7649 1
7669 1
7673 1
7685 2
7801 1
7825 1
7865 1
7893 1
7897 1
7913 1
7925 2
7993 1
8005 1
8021 1
8033 1
8125 2
8161 1
8181 2
8185 1
8245 2
8285 1
8297 1
8321 1
8333 2
8357 1
8377 1
8389 1
8405 2
8469 1
8489 1
8585 3
8593 1
8597 1
8609 1
8633 1
8653 1
8669 1
8681 1
8713 1
8725 1
8753 1
8765 1
8825 1
8829 2
8845 1
8865 1
8885 1
8905 1
9005 1
9133 1
9157 1
9189 1
9209 1
9217 1
9277 1
9297 1
9325 1
9337 1
9413 1
9425 1
9529 1
9577 1
9593 1
9605 1
9629 1
9657 1
9689 1
9725 1
9797 1
9873 1
9929 3
9973 1
10025 1
10045 1
10049 1
10085 1
10193 1
10217 1
10249 2
10489 1
10525 1
10645 1
10789 1
10829 2
10837 1
11125 1
11245 1
11285 1
11349 1
11393 1
11645 1
11809 1
11861 2
12017 1
12161 1
12325 2
12505 1
12545 1
12557 1
12757 1
13005 1
13009 1
13261 1
13369 1
13445 1
13925 1
14089 1
14165 1
14281 1
14473 1
14489 1
14569 1
14645 1
14689 1
14837 2
14885 1
14965 1
14989 1
15237 1
15601 1
15625 1
15877 1
16085 1
16133 1
16349 1
17433 1
19045 1
19373 1
19753 1
22185 1
22601 1
130337 1
255241 1
532981 1
540549 1
565729 1
575005 1
580725 1
581173 1
582669 1
586981 1
592805 1
604213 1
604777 1
608285 1
610025 1
612265 1
613125 1
614113 1
615497 1
621869 1
623753 1
625885 1
626465 1
627385 1
629873 1
630461 1
634141 1
634457 1
634841 1
636505 1
639565 1
640169 1
650077 1
651625 1
652985 1
653489 1
654125 1
659785 1
660637 1
661145 1
661745 1
661945 1
669125 1
671281 1
672569 1
676541 1
679417 1
680173 1
680693 1
684301 1
684677 1
688393 1
689165 1
692865 1
693313 1
694917 1
696037 1
702445 1
705685 1
709697 1
710417 1
713881 1
716525 1
727013 1
728505 1
729385 1
732793 1
737365 1
738977 1
743437 1
743733 1
754393 1
758761 1
767737 1
771445 1
776485 1
779257 1
802889 2
811733 1
861145 1
887497 1
1109329 1
1342489 1
1509625 1
1654281 1
1737481 1
1788001 1
1795601 1
1821133 1
1842605 1
1912525 1
1914453 1
1946281 1
1946957 1
2471809 1
2775677 1
2812653 1
3193405 1
3240841 1
3269225 1
3452189 1
3598753 1
