N J h mean_R_sq err_mean_R_sq mean_R_gyr_sq err_mean_R_gyr_sq 
1600 1.54 0 1358.7 446.538 393.818 72.2593
1 6
5 5
9 4
13 5
17 4
25 7
29 7
37 10
41 7
45 7
49 3
53 5
61 5
65 14
73 8
81 4
85 18
89 10
97 3
101 9
109 10
113 8
117 8
121 4
125 16
137 10
145 21
149 12
153 8
157 3
169 5
173 9
181 8
185 15
193 11
197 9
205 13
221 23
225 12
229 5
233 6
241 5
245 13
257 7
261 10
265 12
269 8
277 8
281 3
289 16
293 3
305 18
313 6
317 11
325 24
333 11
337 8
349 7
353 6
365 19
369 7
373 7
377 14
389 4
397 3
401 9
405 5
409 3
421 6
425 19
433 5
441 5
445 7
449 4
457 6
461 9
477 5
481 10
485 17
493 17
505 13
509 4
521 5
529 3
533 13
541 9
545 12
549 10
557 6
565 16
569 8
577 4
585 17
593 8
601 5
605 5
613 6
617 5
625 16
629 8
637 5
641 8
653 6
657 8
661 6
673 6
677 2
685 21
689 12
697 11
701 6
709 6
725 19
733 10
745 18
757 5
761 8
765 11
769 8
773 4
785 2
793 10
797 4
801 5
809 2
821 5
829 6
833 9
841 2
845 13
853 3
857 6
865 8
873 5
877 7
881 3
901 11
905 6
909 4
925 18
929 9
937 4
941 6
949 7
953 4
961 3
965 9
977 2
981 6
985 6
997 6
1009 4
1013 2
1017 2
1021 9
1025 13
1033 8
1037 5
1049 4
1053 6
1061 8
1069 6
1073 11
1089 1
1093 1
1097 4
1105 14
1109 6
1117 1
1125 8
1129 4
1145 7
1153 2
1157 13
1165 5
1181 6
1189 7
1193 7
1201 4
1205 4
1213 3
1217 4
1225 8
1229 4
1233 1
1241 10
1249 3
1261 9
1277 2
1285 7
1289 2
1297 2
1301 4
1305 7
1313 6
1321 8
1325 10
1341 4
1345 2
1361 2
1369 5
1373 4
1377 4
1381 1
1385 3
1405 2
1409 5
1413 2
1417 5
1421 2
1429 3
1433 5
1445 10
1453 4
1465 6
1469 8
1481 4
1489 3
1493 3
1513 3
1517 3
1521 2
1525 4
1537 7
1557 4
1565 2
1573 2
1585 6
1597 2
1601 1
1609 3
1613 3
1625 17
1637 1
1649 3
1657 5
1665 6
1681 4
1685 4
1693 2
1697 1
1709 5
1717 3
1721 1
1737 4
1741 4
1745 6
1753 5
1765 4
1769 5
1773 7
1777 2
1781 4
1789 4
1801 2
1813 3
1825 2
1845 4
1849 4
1853 2
1861 1
1865 1
1873 4
1877 3
1885 12
1901 3
1913 1
1921 4
1933 1
1937 3
1945 1
1949 1
1961 1
1973 3
1985 5
1989 3
1993 2
2005 3
2009 3
2017 2
2025 3
2029 1
2041 4
2045 3
2053 2
2069 2
2081 2
2089 1
2105 2
2117 2
2125 5
2129 1
2137 1
2153 1
2165 1
2169 1
2173 2
2205 1
2209 1
2213 3
2221 1
2225 2
2237 2
2245 2
2249 1
2257 2
2269 1
2273 2
2281 2
2297 1
2305 4
2313 2
2329 5
2333 1
2341 2
2357 2
2385 3
2389 3
2393 1
2401 1
2405 1
2425 2
2441 1
2465 3
2477 1
2501 3
2509 1
2525 4
2529 1
2533 1
2545 1
2561 1
2581 2
2601 1
2633 1
2657 1
2665 1
2669 2
2677 1
2701 2
2705 2
2725 1
2729 2
2741 2
2809 1
2813 1
2817 1
2857 1
2873 2
2885 1
2909 2
2925 1
2929 1
2953 1
2977 2
2993 1
3005 2
3029 2
3049 1
3077 1
3085 1
3125 1
3181 1
3185 1
3205 2
3217 1
3233 2
3257 1
3265 1
3277 1
3281 1
3313 1
3329 1
3445 2
3485 1
3509 1
3517 1
3557 1
3681 1
3721 1
3757 1
3893 1
3969 1
4033 1
4069 1
4765 1
9553 1
15725 1
17189 1
72505 1
75821 1
76745 1
81625 1
86173 1
88609 1
94445 1
119701 1
139273 1
