N J h mean_R_sq err_mean_R_sq mean_R_gyr_sq err_mean_R_gyr_sq 
4900 1.34 0 77602.1 43777.6 12348.3 6778.69
17 1
85 1
101 1
121 1
149 1
181 1
205 1
337 1
425 1
445 1
457 1
485 1
509 1
533 1
577 1
625 1
629 2
689 1
701 1
725 2
733 1
765 2
821 1
845 1
905 1
941 1
997 1
1093 1
1117 1
1125 1
1157 1
1229 1
1285 1
1369 1
1373 1
1385 1
1409 1
1609 1
1625 1
1649 1
1733 1
1813 1
1865 1
1937 1
1985 1
1989 2
2057 1
2081 1
2249 2
2333 1
2405 1
2509 1
2533 1
2557 1
2669 1
2741 1
2789 1
2797 1
2809 1
2817 1
2873 1
2885 1
2957 1
3029 1
3037 1
3121 1
3125 1
3205 1
3253 1
3277 1
3285 1
3293 1
3313 1
3341 1
3373 2
3389 1
3449 1
3485 1
3581 1
3593 1
3609 2
3613 1
3617 1
3625 1
3637 1
3673 1
3709 2
3761 1
3769 1
3805 1
3809 1
3825 2
3961 1
3973 2
3989 1
4005 1
4097 1
4145 2
4321 1
4325 1
4337 1
4381 1
4457 1
4469 1
4525 1
4625 2
4645 1
4693 2
4733 1
4745 1
4797 1
4825 2
4961 1
4981 1
4993 1
5021 1
5045 1
5077 1
5121 1
5309 1
5321 2
5365 1
5437 1
5517 1
5537 1
5557 1
5625 1
5645 1
5729 1
5769 1
5785 1
5905 1
5933 1
6005 2
6025 1
6073 1
6133 1
6145 1
6165 1
6205 1
6245 1
6353 1
6409 1
6449 1
6497 1
6521 3
6641 1
6649 1
6697 1
6705 1
6761 1
6813 1
6817 1
6869 1
6885 1
6953 3
6961 1
6977 1
7001 1
7081 1
7093 1
7105 1
7165 1
7309 1
7325 1
7417 1
7453 1
7549 1
7585 1
7677 1
7709 1
7713 1
7813 1
7901 1
7993 1
8021 1
8065 1
8117 1
8125 3
8185 1
8293 1
8329 1
8405 1
8485 1
8545 1
8585 2
8665 1
8685 1
8713 1
8749 1
8857 1
8989 1
9001 1
9077 1
9089 1
9153 2
9193 2
9333 1
9397 1
9437 1
9445 1
9505 1
9529 1
9605 1
9649 1
9657 1
9673 1
9685 1
9745 1
9925 1
9929 1
9981 1
10037 1
10125 1
10217 1
10225 1
10285 1
10305 1
10309 1
10513 1
10625 1
10685 1
10693 1
10737 1
10777 1
10817 1
10985 1
11041 1
11065 1
11117 1
11177 1
11321 1
11357 1
11365 1
11413 1
11521 1
11525 1
11681 1
11713 1
11789 1
11849 1
11885 1
11969 1
11981 1
12017 1
12025 1
12101 1
12109 1
12377 1
12577 1
12625 2
12725 1
12753 1
12809 1
12937 1
12973 1
13073 1
13077 1
13093 1
13169 1
13177 1
13185 1
13189 1
13221 1
13249 1
13477 1
13513 1
13537 1
13577 1
13621 1
13645 1
13681 1
13721 1
13765 1
13941 1
13949 1
14093 1
14209 1
14225 1
14293 1
14309 1
14357 1
14365 2
14461 2
14473 1
14481 1
14533 1
14569 1
14593 1
14661 1
14885 1
14977 1
15041 2
15049 1
15125 1
15161 1
15185 1
15305 1
15317 1
15453 1
15457 1
15473 1
15493 1
15545 1
15641 1
15797 1
15921 1
15949 1
16153 1
16165 2
16189 1
16209 1
16277 1
16325 1
16349 1
16385 1
16405 1
16409 1
16525 1
16589 1
16633 1
16649 1
16677 1
16897 1
16901 1
16909 1
16993 1
17065 1
17137 1
17225 1
17245 1
17257 1
17333 1
17377 1
17397 1
17449 1
17485 1
17557 1
17569 1
17629 1
17693 1
17741 1
17797 1
17849 1
18005 1
18121 1
18257 1
18281 2
18409 1
18421 1
18545 1
18737 1
18785 1
18793 1
18853 1
18925 1
19025 1
19133 1
19249 1
19265 1
19277 1
19345 1
19373 1
19409 1
19417 1
19501 1
19549 1
19553 1
19717 1
19721 1
19729 1
19813 1
19825 2
19845 1
19885 1
19897 2
19945 1
19973 1
20105 2
20245 1
20285 1
20353 1
20365 1
20441 1
20477 1
20525 1
20621 1
20705 1
20717 1
20761 1
20869 2
20981 1
21025 1
21061 1
21069 1
21125 2
21217 2
21397 1
21437 2
21445 1
21589 1
21605 1
21625 1
21689 1
21701 1
21937 1
21941 1
21953 1
22025 1
22109 2
22181 1
22213 1
22265 2
22345 1
22373 1
22525 1
22549 1
22745 1
22801 1
22805 1
22945 2
23057 1
23117 1
23185 1
23409 1
23497 1
23545 1
23665 1
23725 1
23729 1
23809 1
23909 1
23993 1
24025 1
24089 2
24245 1
24433 1
24457 1
24469 1
24505 1
24601 1
24653 1
24685 1
24709 1
24905 1
24973 1
25073 1
25105 1
25129 1
25169 1
25625 1
25677 1
25721 1
25789 2
25857 1
25877 1
25925 1
25937 1
25961 1
26065 1
26225 1
26233 1
26281 2
26309 1
26413 1
26513 1
26557 1
26645 1
26685 1
26713 1
26717 1
26793 2
26941 1
26965 1
26977 1
27261 1
27289 1
27365 1
27617 1
27637 1
27733 1
27889 1
27985 1
28069 1
28085 1
28121 1
28157 1
28213 1
28225 1
28249 1
28269 1
28349 1
28449 1
28537 1
28565 1
28625 1
28885 1
28933 1
29101 1
29129 1
29257 1
29341 1
29385 1
29405 1
29461 1
29529 1
29593 1
29597 1
29873 1
29945 1
30145 1
30329 1
30509 1
30517 2
30545 1
30725 1
30949 1
31005 1
31105 1
31337 1
31469 1
31685 1
31817 1
31869 1
31921 1
31945 1
31981 1
32065 1
32393 1
32425 1
32513 1
32653 1
32773 1
32777 1
32825 1
32877 1
33049 1
33361 1
33437 1
33525 1
33601 2
33613 1
33633 1
33641 1
34101 1
34153 2
34229 1
34313 1
34345 1
34385 2
34645 1
34649 1
34961 1
34969 1
34981 1
35177 1
35261 1
35269 1
35401 1
35425 3
35533 1
35597 1
35617 1
35645 1
35885 1
35993 1
36073 1
36205 1
36221 1
36269 1
36277 1
36361 1
36413 1
36621 1
36725 1
36901 1
36905 1
36945 1
37141 1
37189 1
37285 1
37361 1
37529 1
37577 1
37585 1
37717 1
37865 1
37889 1
37925 1
38061 1
38077 1
38113 1
38189 1
38197 1
38201 1
38309 1
38461 1
38497 1
38545 1
38725 1
38825 1
38845 1
39005 1
39101 1
39125 1
39265 1
39321 1
39401 1
39465 1
39485 1
39617 1
39889 1
40001 1
40105 1
40121 1
40153 1
40213 1
40725 1
40877 1
40969 1
41033 1
41089 1
41093 1
41221 1
41225 1
41301 1
41353 1
41625 1
41669 1
41729 1
41885 1
42025 1
42381 1
42577 1
42689 1
42705 1
42709 1
42965 1
43049 1
43181 1
43245 1
43425 1
43625 1
43661 1
43821 1
43965 1
44005 1
44145 1
44249 1
44437 1
44581 1
44749 1
44785 1
44861 1
44969 1
44993 1
45081 1
45181 1
45189 1
45305 1
45325 1
45461 1
45541 1
45673 1
46169 1
46325 2
46693 1
46777 1
46957 1
47165 1
47221 1
47241 1
47281 1
47317 1
47513 1
47617 2
47669 1
47825 1
47889 1
48053 1
48149 1
48285 1
48485 1
48497 1
48501 1
48529 1
48725 1
49009 1
49085 1
49185 1
49201 1
49261 1
49325 1
49429 1
50269 1
50461 1
50605 1
50625 1
51125 1
51185 2
51985 1
52001 1
52021 1
52025 1
52145 1
52249 1
52445 1
52685 1
52721 1
52849 1
52925 1
53065 1
53125 1
53201 1
53365 1
53425 1
53465 1
53505 1
53737 1
54045 1
54217 1
54301 1
54325 2
54353 1
54493 1
54545 1
54673 1
54765 1
55145 1
55297 1
55801 1
55885 1
56057 1
56257 1
56321 1
56381 1
56401 1
56909 1
57069 1
57241 1
57305 1
57329 1
57565 1
57573 1
57625 1
57825 1
57929 1
58221 1
58261 1
58777 1
58901 1
58969 1
59085 1
59165 1
59197 1
59585 1
59905 1
59933 1
59977 1
60025 1
60265 1
60517 1
60685 1
60689 1
60925 1
61245 1
61409 1
61585 1
61605 1
62145 1
62197 1
62485 1
63233 1
63377 1
63505 1
63529 1
63653 1
63709 1
63865 1
64289 1
64737 1
65585 1
65837 1
65845 1
65929 1
65981 1
66181 1
66389 1
66625 1
66685 1
66785 1
67077 1
67157 1
67537 1
67681 1
67769 1
68137 1
68237 1
68445 1
68725 1
69373 1
69381 1
69485 1
69589 1
69649 1
70013 1
70021 1
70669 1
71825 1
71945 1
71965 1
72085 1
72241 1
72337 1
72605 1
72693 1
73345 1
73357 1
73693 1
74237 1
74269 1
74761 1
75433 1
75773 1
75809 1
75937 1
76633 1
76925 1
77373 1
77909 1
78237 1
78977 1
79069 1
79425 1
80449 1
80525 1
80929 1
81745 1
82121 1
82125 1
82385 1
82417 1
82825 1
83305 1
83317 1
83417 1
83705 1
83845 1
84101 1
85297 1
85837 1
85945 1
86705 1
86725 1
87217 1
87625 1
88981 1
90513 1
92285 1
92569 1
92965 1
93761 1
94393 1
94621 1
95213 1
95965 1
96361 1
97029 1
98257 1
99193 1
100253 1
101725 1
104057 1
106093 1
107453 1
107509 1
107981 1
108725 1
110717 1
112073 1
113233 1
113789 1
114113 1
114941 1
115217 1
115505 1
119609 1
119705 1
121005 1
121741 1
122557 1
125701 1
126701 1
135029 1
139201 1
140165 1
149005 1
151037 1
164525 1
209789 1
226433 1
243725 1
248053 1
306037 1
336265 1
358713 1
372605 1
395845 1
404477 1
404753 1
414089 1
421137 1
444685 1
452025 1
457025 1
494609 1
511317 1
535833 1
540821 1
546669 1
555601 1
832225 1
856201 1
937105 1
976673 1
977369 1
987345 1
1015073 1
1028725 1
1067665 1
1151473 1
1394765 1
1457425 1
1716617 1
1769189 1
1783009 1
1935137 1
1955453 1
1976509 1
1979973 1
2027785 1
2088425 1
2660485 1
3311897 1
