N J h mean_R_sq err_mean_R_sq mean_R_gyr_sq err_mean_R_gyr_sq 
2916 1.411 0 6769.98 3261.34 1293.09 393.284
1 3
5 1
13 2
17 4
25 4
29 1
37 3
41 3
45 1
49 1
53 2
61 4
65 1
73 3
81 1
85 3
101 1
109 4
117 3
121 1
125 4
137 1
145 3
149 2
153 2
157 5
169 3
173 3
181 3
185 5
193 2
197 4
205 6
221 2
225 3
229 3
233 1
241 3
245 1
257 3
261 2
265 3
269 2
277 2
281 2
289 6
293 2
305 2
313 6
317 3
325 6
333 2
337 2
349 3
353 1
361 1
365 3
369 2
373 1
377 4
389 3
397 1
401 1
405 3
409 1
421 2
425 6
441 1
445 6
449 5
457 3
461 3
477 3
481 7
485 3
493 4
505 3
509 2
521 3
529 3
533 6
541 4
545 6
549 4
557 3
565 10
569 2
585 5
593 1
601 1
605 3
613 2
617 4
625 10
629 4
637 1
641 3
653 2
657 4
673 3
677 6
685 2
689 2
697 3
701 3
709 2
725 10
729 2
733 2
745 6
757 3
761 2
765 8
769 1
773 1
785 5
793 4
797 6
821 9
829 2
833 6
841 4
845 8
857 2
865 2
873 3
877 3
881 1
901 6
905 2
925 5
929 2
937 1
941 2
949 7
953 1
965 4
977 3
985 4
1009 3
1013 2
1017 2
1021 1
1025 4
1033 1
1037 4
1049 1
1073 4
1089 2
1093 4
1105 9
1109 1
1117 2
1125 1
1129 6
1145 6
1153 5
1157 2
1165 2
1181 1
1189 4
1193 1
1201 1
1205 9
1213 3
1217 1
1225 4
1229 4
1233 3
1237 3
1241 2
1249 3
1261 1
1277 1
1285 4
1289 5
1301 1
1305 7
1313 2
1321 3
1325 6
1341 2
1345 6
1361 1
1369 3
1373 3
1377 2
1381 1
1385 3
1405 4
1409 6
1413 2
1417 5
1421 2
1429 2
1433 3
1445 8
1453 3
1465 2
1469 3
1481 4
1489 3
1493 3
1513 4
1517 5
1521 4
1525 9
1537 7
1553 2
1557 4
1565 5
1573 1
1585 6
1597 2
1601 2
1609 3
1613 2
1621 1
1625 5
1629 1
1637 6
1649 4
1665 1
1669 3
1681 4
1685 6
1693 1
1697 2
1709 1
1717 5
1721 3
1737 3
1741 2
1745 6
1765 4
1769 2
1773 4
1777 2
1781 3
1801 1
1805 2
1813 1
1825 6
1845 1
1853 8
1861 2
1865 4
1873 4
1877 3
1885 6
1889 7
1913 3
1921 5
1933 4
1937 1
1945 5
1949 3
1961 4
1973 2
1985 5
1989 1
1993 2
1997 3
2005 2
2009 1
2017 3
2025 4
2029 1
2041 5
2053 5
2057 1
2081 3
2089 1
2097 3
2105 6
2117 2
2125 7
2129 3
2141 1
2153 5
2165 1
2169 1
2197 1
2205 2
2209 1
2213 3
2221 2
2225 6
2245 5
2249 2
2257 1
2273 1
2281 3
2285 4
2293 3
2297 4
2305 3
2313 1
2333 3
2353 6
2357 2
2377 1
2385 2
2389 5
2393 2
2401 1
2405 3
2421 1
2425 3
2441 3
2465 6
2473 2
2477 2
2501 5
2509 2
2521 3
2525 6
2529 2
2545 3
2549 2
2561 3
2581 7
2593 2
2597 2
2605 1
2609 1
2617 1
2621 1
2633 1
2637 3
2645 1
2657 1
2665 4
2669 2
2677 1
2689 1
2701 5
2705 2
2713 1
2725 3
2729 5
2741 2
2745 2
2749 2
2785 4
2789 2
2797 1
2801 1
2813 2
2817 3
2825 4
2833 3
2837 1
2853 3
2857 1
2861 2
2873 5
2885 1
2897 1
2909 3
2917 1
2925 3
2929 4
2941 2
2953 2
2965 3
2977 6
2989 3
2993 4
2997 5
3001 1
3005 4
3029 1
3033 2
3041 1
3049 1
3065 2
3077 5
3085 2
3089 1
3109 1
3121 2
3125 4
3133 2
3137 2
3141 1
3145 4
3161 2
3169 1
3177 1
3185 3
3209 1
3217 1
3229 2
3233 5
3253 2
3257 2
3265 6
3277 1
3293 1
3301 2
3305 1
3313 3
3321 1
3329 1
3341 3
3349 1
3361 3
3365 1
3373 2
3385 5
3389 3
3393 2
3413 2
3425 4
3433 4
3445 7
3457 2
3469 1
3497 5
3501 2
3505 3
3509 2
3517 1
3529 1
3545 2
3557 1
3577 2
3581 1
3589 1
3593 1
3601 3
3609 1
3613 3
3617 2
3625 3
3637 1
3649 1
3653 1
3677 1
3681 1
3701 1
3721 5
3725 2
3737 4
3757 3
3761 1
3785 3
3789 1
3793 2
3797 1
3805 3
3809 1
3821 1
3825 5
3833 3
3845 5
3853 2
3865 1
3869 3
3881 1
3893 1
3917 2
3925 4
3929 1
3961 2
3965 5
3969 1
3973 2
3977 2
3985 1
3989 1
4001 2
4005 2
4021 2
4033 1
4041 2
4049 1
4069 1
4073 1
4097 3
4105 2
4113 1
4121 2
4133 1
4141 1
4145 4
4149 1
4165 3
4177 1
4201 1
4217 1
4225 8
4253 3
4261 2
4265 3
4273 1
4285 1
4289 2
4321 1
4325 1
4329 1
4357 3
4369 3
4381 2
4385 3
4405 2
4409 2
4421 2
4437 2
4457 3
4469 2
4477 1
4481 2
4493 1
4505 4
4525 1
4537 5
4545 2
4549 1
4553 3
4561 1
4573 1
4581 1
4589 1
4597 1
4621 3
4625 2
4633 1
4637 1
4645 1
4649 1
4657 1
4693 1
4705 1
4717 2
4729 1
4745 3
4753 1
4765 2
4793 1
4797 1
4805 1
4817 1
4825 3
4849 1
4869 1
4877 2
4885 1
4901 2
4905 4
4909 1
4913 3
4941 1
4949 1
4957 3
4973 1
4981 2
4985 1
4993 1
5009 1
5017 2
5021 1
5041 1
5045 2
5065 3
5077 2
5085 3
5101 2
5105 3
5113 2
5121 2
5125 4
5185 5
5189 1
5193 2
5213 2
5237 1
5249 4
5265 1
5273 1
5309 1
5317 1
5321 3
5341 1
5345 2
5353 1
5365 2
5389 1
5437 1
5445 2
5449 1
5465 1
5473 1
5477 1
5485 2
5517 1
5525 4
5545 3
5553 2
5557 2
5569 1
5573 3
5597 1
5625 1
5661 1
5693 1
5701 1
5713 1
5717 1
5725 1
5729 2
5749 1
5765 1
5785 2
5801 1
5813 1
5857 2
5877 2
5881 1
5905 1
5913 1
5933 1
5945 2
5965 1
5989 2
6001 2
6005 2
6025 2
6053 1
6057 1
6065 1
6085 1
6121 2
6133 1
6137 1
6145 1
6161 3
6165 2
6173 1
6185 1
6201 1
6205 3
6217 1
6229 1
6253 2
6269 1
6273 2
6277 1
6329 1
6337 2
6341 2
6361 1
6373 1
6381 1
6409 2
6413 2
6425 2
6445 1
6485 2
6525 1
6529 1
6553 1
6565 1
6597 1
6617 1
6625 2
6653 1
6689 1
6725 2
6749 1
6757 3
6761 1
6773 2
6781 3
6805 1
6813 1
6817 2
6833 2
6841 2
6845 4
6849 1
6865 1
6869 1
6885 1
6893 2
6905 3
6917 1
6925 2
6929 1
6977 1
7025 2
7033 1
7045 2
7057 1
7065 1
7085 2
7105 1
7121 1
7137 3
7141 1
7145 1
7157 2
7165 1
7173 1
7225 3
7229 1
7241 2
7253 1
7265 1
7289 3
7321 1
7325 1
7345 2
7361 1
7405 1
7421 1
7445 2
7457 1
7461 1
7465 2
7497 1
7561 1
7565 2
7589 1
7605 3
7621 1
7625 2
7677 1
7685 1
7709 1
7717 1
7769 1
7785 1
7813 1
7817 1
7841 1
7865 1
7913 1
7929 1
7933 2
7949 1
8005 1
8017 1
8021 1
8033 1
8045 1
8069 1
8081 1
8125 1
8145 1
8161 1
8177 2
8285 1
8293 1
8317 1
8321 1
8333 1
8345 1
8361 1
8381 3
8405 1
8425 1
8429 1
8433 1
8485 1
8489 1
8513 2
8521 1
8581 1
8585 1
8593 1
8633 1
8665 2
8669 1
8685 1
8705 2
8749 1
8793 1
8829 1
8833 1
8845 3
8869 1
8905 1
8941 1
9061 4
9065 1
9089 1
9113 1
9117 1
9197 1
9225 1
9241 1
9425 1
9437 1
9473 1
9529 1
9553 1
9629 1
9685 1
9797 1
9805 2
9829 1
9833 1
9881 2
9949 1
9985 1
10049 1
10081 1
10125 1
10249 1
10313 1
10413 1
10457 1
10469 1
10501 1
10525 2
10537 1
10597 1
10601 1
10625 2
10629 2
10705 1
10737 1
10765 1
10789 1
10825 1
10845 1
10865 1
11009 1
11089 1
11097 1
11125 1
11173 1
11185 1
11245 1
11413 1
11465 1
11485 1
11677 1
11689 1
11717 1
11745 1
11933 1
11941 1
12049 2
12125 1
12337 2
12377 2
12553 1
12629 1
12645 1
12665 1
12785 1
12805 1
12821 1
12905 1
13213 1
13221 2
13345 1
13725 1
14029 1
14153 2
14165 1
14185 1
14221 1
14249 1
14365 1
14381 1
14485 1
14569 1
14761 1
14785 1
14837 1
15017 1
15165 1
15625 1
15725 1
15949 1
15977 1
16385 1
16405 1
16609 1
16921 1
17221 1
17561 1
18077 1
18517 1
18649 1
19521 1
19721 1
21305 1
22997 1
63553 1
64585 1
65705 1
82025 1
97425 1
104773 1
108809 1
113033 1
145241 1
162445 1
166133 1
171405 1
183501 1
202625 1
210053 1
213805 1
238585 1
239377 1
245281 1
295045 1
464017 1
489085 1
512125 1
547825 1
631277 1
657821 1
