N J h mean_R_sq err_mean_R_sq mean_R_gyr_sq err_mean_R_gyr_sq 
2500 1.579 0 3435.8 2168.89 828.898 351.424
1 4
5 3
9 1
13 4
17 4
25 9
29 9
37 5
41 6
45 6
49 5
53 4
61 5
65 11
73 5
81 5
85 10
89 4
97 6
101 7
109 9
113 7
117 6
121 7
125 9
137 7
145 5
149 5
153 8
157 1
169 8
173 6
181 7
185 14
193 5
197 6
205 17
221 10
225 7
229 5
233 9
245 3
257 2
261 4
265 8
269 9
277 3
281 4
289 8
293 4
305 12
313 8
317 7
325 17
333 6
337 6
349 13
353 6
361 3
365 9
369 7
373 4
377 10
389 4
397 7
401 9
405 2
409 11
421 4
425 11
433 5
441 2
445 6
449 7
457 5
461 4
477 7
481 10
485 4
493 14
505 9
509 3
521 3
529 4
533 10
541 3
545 12
549 4
557 7
565 12
569 6
577 7
585 4
593 7
601 5
605 3
613 5
617 5
625 13
629 14
637 5
641 3
653 4
657 8
661 12
673 6
677 7
685 14
689 9
697 8
701 5
709 4
725 16
729 3
733 4
745 5
757 3
761 3
765 10
769 6
773 7
785 11
793 12
797 5
801 4
809 3
821 3
829 6
833 5
841 4
845 15
853 3
857 6
865 10
873 5
877 4
881 7
901 11
905 5
909 3
925 17
929 5
937 12
941 4
949 6
965 6
977 5
981 4
985 7
997 4
1009 4
1013 5
1017 6
1021 2
1025 8
1033 8
1037 10
1049 5
1053 2
1061 3
1069 3
1073 12
1089 2
1093 8
1097 4
1105 20
1109 3
1117 2
1125 8
1129 2
1145 7
1153 2
1157 4
1165 7
1181 4
1189 4
1193 6
1201 2
1205 4
1213 4
1217 4
1225 2
1229 4
1233 1
1237 3
1241 6
1249 3
1261 4
1277 4
1285 2
1297 1
1301 2
1305 12
1313 11
1321 7
1325 10
1341 4
1345 5
1361 2
1369 7
1373 2
1377 1
1381 1
1385 11
1405 7
1409 4
1413 1
1417 5
1421 3
1433 2
1445 7
1465 3
1469 12
1481 7
1489 3
1493 2
1513 7
1517 6
1521 2
1525 12
1537 4
1549 2
1553 1
1557 2
1565 4
1585 3
1597 2
1601 1
1609 2
1613 2
1621 3
1625 17
1629 1
1637 2
1649 7
1657 3
1665 5
1669 2
1681 2
1685 4
1697 2
1709 2
1717 2
1721 2
1733 4
1737 2
1741 1
1745 4
1753 1
1765 6
1769 7
1773 4
1781 10
1789 4
1801 3
1805 3
1813 1
1825 4
1845 4
1849 1
1853 4
1861 6
1865 8
1873 3
1877 1
1885 6
1889 1
1901 4
1913 3
1933 6
1937 5
1945 5
1949 4
1961 4
1973 4
1985 4
1989 2
1993 2
1997 2
2005 7
2009 5
2017 1
2025 2
2029 2
2041 5
2045 7
2057 3
2069 1
2081 2
2089 1
2097 1
2105 4
2113 3
2117 2
2125 6
2129 2
2137 1
2141 1
2153 1
2161 1
2165 2
2169 3
2173 3
2197 6
2205 5
2213 3
2221 2
2225 7
2237 2
2245 3
2249 4
2273 3
2281 1
2285 1
2293 3
2297 1
2305 7
2309 2
2313 4
2329 2
2341 2
2353 2
2357 1
2385 3
2389 3
2393 1
2401 1
2405 7
2425 7
2437 2
2441 1
2465 3
2473 1
2477 3
2493 2
2501 4
2509 5
2521 1
2525 4
2529 1
2545 3
2549 5
2557 2
2561 1
2581 1
2593 1
2601 2
2605 4
2609 1
2617 2
2633 1
2645 4
2665 2
2669 2
2677 1
2689 1
2693 1
2705 6
2713 4
2725 3
2741 1
2745 1
2749 1
2777 2
2785 1
2789 1
2797 3
2809 4
2813 1
2817 1
2825 1
2833 1
2837 2
2845 2
2861 1
2873 1
2885 3
2909 1
2917 1
2925 3
2929 1
2957 2
2965 4
2977 1
2993 3
2997 3
3005 2
3025 2
3029 1
3033 1
3037 3
3077 1
3085 1
3109 1
3121 1
3125 4
3141 1
3145 8
3161 1
3185 1
3205 2
3257 1
3265 2
3281 4
3285 1
3293 6
3305 1
3321 1
3341 1
3349 3
3357 1
3361 1
3389 1
3393 4
3413 1
3433 2
3445 2
3461 1
3481 1
3485 1
3517 1
3533 1
3541 1
3557 2
3573 1
3577 1
3601 1
3609 1
3625 3
3649 1
3677 1
3681 1
3697 2
3701 1
3737 1
3785 1
3809 1
3833 1
3869 2
3893 3
3965 1
4033 1
4041 1
4073 1
4105 2
4121 1
4129 1
4141 1
4153 1
4157 1
4225 1
4253 1
4261 1
4285 1
4289 1
4293 1
4321 1
4357 1
4369 1
4385 2
4397 1
4405 2
4453 1
4477 1
4589 1
4625 2
4717 1
4849 1
4901 1
4961 1
5041 1
5189 1
5233 1
5265 2
5329 1
5345 2
5449 1
5585 1
6701 1
57649 1
60349 1
65537 1
71381 1
72901 1
74105 1
74825 1
77309 1
87169 1
96181 1
98645 1
99241 1
112185 1
117749 1
119701 1
127849 1
136385 1
235261 1
353461 1
394553 1
412165 1
419953 1
423029 1
433013 1
