N J h mean_R_sq err_mean_R_sq mean_R_gyr_sq err_mean_R_gyr_sq 
900 1.51 0 621.994 12.2144 199.159 0.850921
1 1
5 14
9 6
13 11
17 14
25 16
29 16
37 12
41 18
45 8
49 9
53 16
61 10
65 25
73 16
81 6
85 25
89 8
97 7
101 15
109 10
113 13
117 11
121 6
125 21
137 6
145 22
149 7
153 10
157 17
169 13
173 21
181 13
185 26
193 9
197 9
205 22
221 25
225 22
229 8
233 10
241 13
245 15
257 10
261 17
265 19
269 9
277 9
281 7
289 14
293 14
305 12
313 13
317 10
325 32
333 11
337 15
349 11
353 9
361 8
365 13
369 6
373 9
377 16
389 11
397 11
401 7
405 8
409 11
421 14
425 32
433 6
441 1
445 14
449 10
457 5
461 13
477 4
481 10
485 18
493 20
505 13
509 7
521 8
529 4
533 20
541 5
545 19
549 5
557 9
565 18
569 8
577 8
585 9
593 7
601 11
605 9
613 9
617 7
625 12
629 16
637 4
641 7
653 7
657 8
661 6
673 6
677 6
685 14
689 14
697 11
701 10
709 9
725 15
729 3
733 6
745 9
757 7
761 5
765 11
769 3
773 9
785 7
793 9
797 2
801 6
809 5
821 5
829 7
833 3
841 12
845 14
853 5
857 5
865 6
873 5
877 3
881 4
901 6
905 6
909 6
925 7
929 5
937 1
941 5
949 8
953 3
965 5
977 3
981 3
985 8
997 5
1009 3
1013 3
1017 3
1021 8
1025 14
1033 3
1037 4
1049 1
1053 3
1061 2
1069 5
1073 6
1089 3
1093 3
1097 8
1105 6
1109 7
1117 5
1125 9
1129 6
1145 3
1153 2
1157 6
1165 6
1181 2
1189 6
1193 3
1201 3
1205 6
1213 2
1217 2
1225 8
1229 3
1233 3
1237 2
1241 1
1249 2
1261 7
1277 2
1285 5
1289 3
1297 1
1301 5
1305 6
1313 5
1321 3
1325 4
1341 1
1345 3
1361 2
1369 3
1373 1
1377 2
1381 1
1385 4
1405 5
1409 1
1413 2
1417 5
1429 1
1433 2
1445 3
1465 5
1469 3
1481 1
1489 2
1493 3
1513 6
1517 5
1521 3
1525 6
1549 2
1553 1
1557 1
1565 4
1573 1
1585 3
1621 1
1625 1
1629 4
1649 1
1657 2
1665 7
1669 2
1681 1
1685 3
1693 2
1697 4
1709 2
1717 3
1737 4
1741 2
1745 2
1753 3
1765 1
1769 4
1773 1
1777 1
1781 3
1789 1
1801 4
1805 1
1813 3
1825 4
1845 1
1853 3
1861 1
1865 1
1885 2
1913 2
1921 1
1933 1
1937 1
1945 2
1961 5
1985 1
1993 1
2005 2
2009 1
2017 1
2041 1
2057 1
2061 1
2069 1
2125 2
2137 1
2141 1
2153 1
2173 1
2221 1
2273 1
2281 1
2305 1
2309 1
2329 1
2333 2
2349 1
2357 1
2421 2
2465 1
2597 1
2645 1
2665 1
2725 1
2809 1
2825 1
2845 1
2885 1
3145 1
3365 1
3425 1
3545 1
3649 1
3721 1
