N J h mean_R_sq err_mean_R_sq mean_R_gyr_sq err_mean_R_gyr_sq 
4900 1.59 0 1.99259e+06 183753 277042 15540.1
109 1
149 1
157 1
173 1
193 2
205 2
221 3
229 1
269 1
293 1
325 2
333 1
361 1
405 2
425 1
485 2
505 2
509 1
533 1
545 1
673 1
689 2
697 1
709 1
733 1
745 1
801 1
821 1
833 1
873 1
881 2
981 1
1009 1
1017 1
1025 1
1073 1
1093 1
1105 2
1125 1
1181 1
1201 1
1241 1
1261 1
1301 1
1313 1
1321 1
1325 1
1385 1
1405 1
1417 1
1493 1
1517 1
1521 1
1537 1
1585 1
1601 1
1609 1
1621 1
1625 2
1649 1
1657 1
1693 1
1721 1
1753 1
1765 2
1777 1
1801 1
1805 1
1885 4
1921 1
1937 1
1949 1
1961 1
2025 1
2089 1
2161 1
2197 1
2221 1
2225 1
2237 1
2245 1
2249 1
2285 1
2305 1
2329 2
2341 1
2349 2
2389 1
2465 1
2533 1
2557 1
2581 1
2597 1
2601 1
2621 1
2725 1
2825 1
2925 1
2929 1
3061 1
3125 1
3137 1
3141 1
3229 1
3433 1
3445 1
3485 1
3545 1
3557 1
3721 1
3725 1
3845 1
3865 1
4033 1
4105 1
4365 1
4405 1
4441 1
4457 1
4477 2
4589 1
4625 2
4637 1
4797 1
4825 1
4949 1
4973 1
5013 1
5017 1
5265 3
5365 1
5625 1
5689 1
5725 1
5933 1
5993 1
6093 1
6273 1
7045 1
7253 1
7921 1
94285 1
908353 1
1341085 1
1390057 1
1397349 1
1413725 1
1420945 1
1421089 1
1423733 1
1428061 1
1435213 1
1435229 1
1435429 1
1437605 1
1452221 1
1459345 1
1460225 1
1461825 1
1461877 2
1462005 1
1466537 1
1466557 1
1466621 1
1469233 1
1469569 1
1473965 1
1476229 1
1476261 1
1476325 1
1476421 1
1476481 1
1476549 1
1478665 1
1478777 1
1478945 1
1479017 1
1481105 1
1483573 1
1483645 1
1483749 1
1485373 1
1485977 2
1486285 2
1486637 1
1486745 1
1489025 1
1490877 1
1491037 1
1491097 1
1491325 1
1491741 1
1491997 1
1493365 1
1493405 1
1493509 1
1493725 1
1493909 1
1494125 1
1494653 1
1495745 1
1496213 1
1496405 1
1496513 1
1498201 1
1498297 1
1498465 1
1498705 1
1498905 1
1500629 1
1501109 1
1501409 1
1501525 1
1503077 1
1503301 1
1503437 1
1503805 1
1503917 1
1504037 1
1505533 3
1505565 1
1505853 2
1505929 1
1506205 2
1506825 1
1508105 2
1508345 1
1508609 1
1509353 1
1510445 1
1510541 2
1510637 1
1510841 1
1510925 1
1511017 1
1511597 1
1512901 1
1512981 2
1513021 2
1513069 1
1513189 2
1513861 1
1514125 1
1514269 1
1515365 1
1515425 1
1515461 1
1515505 1
1515937 1
1516037 1
1517825 1
1517833 1
1517849 1
1517873 1
1517905 1
1517945 2
1517993 1
1518185 2
1518265 2
1518353 1
1518553 2
1519673 1
1520353 1
1520389 1
1520433 1
1520485 1
1520965 1
1521073 1
1521189 2
1521733 1
1522805 1
1522925 2
1523045 1
1523117 2
1523285 1
1523381 1
1523717 1
1525325 2
1525421 2
1525901 1
1526009 2
1526381 1
1527161 1
1527697 2
1527705 1
1527721 1
1527745 2
1527865 1
1527985 3
1528225 1
1530169 1
1530173 3
1530185 1
1530313 1
1530425 2
1530569 2
1530845 1
1531465 1
1532653 1
1532669 3
1532693 1
1532725 2
1532765 2
1532813 1
1533085 1
1533373 1
1535125 1
1535137 1
1535157 2
1535185 2
1535221 1
1535265 2
1535317 1
1535445 1
1535521 1
1535697 1
1535797 1
1536277 1
1537609 1
1537625 1
1537681 2
1537769 1
1537825 3
1537961 1
1538129 1
1538225 1
1540081 1
1540085 1
1540097 1
1540145 2
1540181 1
1540277 2
1540405 2
1540757 1
1540865 2
1541525 1
1542573 1
1542589 1
1542613 1
1542685 1
1542733 1
1542789 1
1542925 1
1543005 1
1543093 1
1543189 1
1543293 1
1545053 2
1545065 1
1545085 1
1545113 1
1545149 1
1545193 1
1545245 1
1545449 1
1545725 1
1545949 1
1546073 1
1546493 1
1547537 2
1547561 2
1547585 1
1547617 3
1547657 1
1547761 1
1547897 2
1548065 1
1548377 2
1548497 1
1548761 1
1548905 1
1549561 1
1550029 1
1550041 2
1550061 1
1550089 2
1550125 1
1550221 1
1550281 2
1550349 1
1550425 1
1550509 1
1550809 1
1551049 1
1552517 2
1552525 2
1552541 1
1552565 1
1552637 1
1553045 1
1553245 1
1553357 1
1553605 1
1553741 1
1554037 1
1555013 3
1555025 1
1555073 1
1555153 1
1555265 2
1555333 1
1555409 2
1555493 1
1555793 1
1555909 1
1556165 1
1556453 1
1556945 1
1557505 4
1557513 2
1557529 2
1557553 2
1557585 1
1557673 1
1557793 1
1557945 1
1558033 1
1558233 1
1558873 1
1560017 1
1560037 1
1560065 1
1560101 1
1560145 1
1560197 2
1560257 3
1560485 3
1560785 2
1561025 1
1561297 1
1562501 1
1562525 2
1562581 1
1562725 2
1562789 1
1563461 1
1563589 1
1563725 2
1565005 3
1565017 1
1565037 1
1565101 1
1565145 1
1565197 1
1565325 1
1565401 1
1565677 1
1566025 1
1566157 1
1567513 3
1567553 2
1567585 4
1567673 1
1567729 1
1567793 1
1568033 2
1568129 2
1570013 2
1570025 1
1570109 1
1570205 1
1570493 1
1570685 1
1572525 3
1572565 1
1572741 1
1575025 3
1575089 1
1575125 2
1575221 1
1575281 2
1575349 2
1575509 2
1575601 3
1575701 1
1575809 2
1576181 1
1577537 2
1577545 1
1577561 1
1577585 2
1577657 2
1577761 3
1577825 3
1577977 2
1578065 1
1580053 1
1580065 2
1580085 1
1580113 3
1580373 1
1580533 1
1580833 2
1582565 1
1582589 3
1582645 1
1582685 1
1582789 3
1582925 1
1583525 1
1585085 1
1585097 3
1585117 1
1585145 2
1585181 1
1585225 1
1585277 2
1585337 1
1585405 2
1585757 1
1586237 1
1586377 1
1587601 2
1587681 3
1587769 1
1587825 1
1587889 2
1587961 2
1588129 2
1588329 1
1588441 1
1590121 1
1590125 2
1590137 1
1590157 1
1590185 1
1590221 1
1590265 1
1590317 2
1590605 3
1592645 3
1592653 1
1592693 1
1592725 2
1592765 1
1592869 1
1592933 2
1593085 1
1593373 1
1594013 1
1595169 1
1595173 1
1595205 1
1595233 1
1595269 2
1595313 4
1595365 1
1595425 1
1595569 2
1595653 2
1596325 1
1597697 2
1597705 2
1597745 1
1597777 2
1598057 2
1598225 1
1598537 1
1598657 1
1599065 1
1600241 1
1600289 1
1600369 4
1600549 2
1602757 2
1602765 2
1602805 2
1602837 1
1602877 1
1602925 1
1602981 1
1603117 2
1603197 1
1603597 1
1605325 1
1605353 1
1605389 1
1605433 1
1605545 1
1605613 1
1605689 2
1605965 1
1607873 1
1607945 1
1607993 2
1608049 1
1608113 1
1608265 1
1608353 1
1608553 2
1608913 1
1610425 1
1610461 1
1610557 1
1610617 1
1610845 1
1612909 2
1612949 2
1612981 1
1613069 2
1613125 1
1613741 1
1615441 1
1615445 1
1615457 1
1615477 1
1615541 3
1615585 2
1615697 1
1615925 1
1616341 1
1617205 1
1617985 1
1618033 1
1618065 1
1618105 1
1618153 1
1618209 1
1618513 3
1620529 1
1620565 1
1620673 1
1620725 2
1620853 2
1621105 1
1623077 1
1623101 2
1623245 2
1623605 1
1623701 2
1623805 1
1624165 1
1625625 1
1625641 2
1625661 1
1625821 2
1625881 2
1626201 2
1626525 1
1627389 1
1628185 2
1628465 1
1628617 1
1629545 1
1630201 1
1630733 1
1630873 1
1630925 2
1630985 1
1631053 1
1631213 1
1631305 1
1631513 1
1631753 2
1632173 3
1633309 2
1633333 3
1633453 1
1633645 1
1633725 2
1635841 1
1635845 1
1635941 1
1635985 2
1636037 1
1636165 2
1636325 3
1636417 1
1636517 1
1636865 1
1637137 1
1638401 1
1638409 1
1638425 1
1638449 1
1638569 1
1638689 1
1638841 1
1639129 1
1639489 1
1640965 3
1641637 1
1641861 3
1642257 1
1643525 1
1643549 1
1643605 1
1643749 1
1643813 2
1644253 2
1645733 1
1646089 2
1646093 1
1646189 1
1646665 1
1647385 1
1647533 1
1648665 1
1648737 2
1648881 2
1648945 1
1649097 1
1649497 2
1649617 1
1650025 1
1650505 1
1651261 1
1651325 1
1651369 1
1651421 1
1651625 1
1652125 1
1652521 2
1653821 1
1653845 2
1653917 1
1654021 1
1654085 1
1654157 1
1654421 1
1654525 3
1654637 1
1656433 2
1656469 2
1656513 1
1656565 2
1656693 1
1656769 2
1657045 3
1658953 1
1658969 1
1659065 1
1659385 1
1659673 1
1659785 1
1660033 1
1660313 1
1661537 1
1661557 1
1661621 1
1661717 2
1661777 1
1661845 1
1661921 1
1662005 1
1662197 2
1662421 1
1664101 2
1664125 2
1664221 1
1664269 1
1664325 2
1664389 2
1664629 1
1664725 1
1664829 1
1664941 1
1665061 1
1665189 2
1665781 1
1665949 1
1666745 1
1666781 1
1667081 1
1667357 1
1667465 1
1668281 1
1668617 1
1669265 1
1669385 1
1669553 1
1669889 1
1671849 3
1671853 2
1671885 1
1672045 1
1672173 1
1672249 1
1673005 1
1673145 1
1673785 1
1674517 1
1674557 1
1674661 1
1674797 1
1675661 1
1675805 1
1675957 1
1677061 1
1677349 1
1677425 1
1677601 1
1677701 1
1677809 1
1678181 1
1678469 1
1678789 1
1678961 1
1679617 1
1679625 1
1679665 1
1679737 2
1679905 1
1680457 1
1680577 1
1680705 2
1682209 1
1682213 1
1682225 1
1682273 1
1682353 1
1682609 1
1683365 1
1684829 4
1684853 1
1684973 2
1685029 1
1685093 1
1685245 1
1685533 1
1685645 1
1687405 1
1687417 2
1687437 2
1687501 1
1687545 3
1687597 1
1687657 2
1687801 1
1688185 1
1688557 1
1690025 4
1690081 3
1690121 2
1690361 1
1690441 1
1690625 1
1690841 1
1692605 2
1692637 1
1692701 2
1692745 1
1692925 2
1693177 1
1693385 2
1695205 1
1695213 1
1695229 2
1695253 2
1695285 2
1695325 1
1695429 1
1696429 1
1697813 1
1697845 1
1698065 1
1698209 1
1698293 1
1698833 1
1700417 2
1700425 1
1700537 1
1700585 1
1700641 1
1700857 1
1701145 1
1703089 1
1703349 1
1703425 1
1703601 2
1703809 1
1705637 1
1705661 1
1705685 1
1705717 1
1705861 1
1708249 1
1708253 1
1708285 2
1708313 1
1708349 1
1708393 1
1708573 1
1708649 1
1708733 1
1708925 1
1710889 2
1710913 2
1710945 1
1710985 1
1711089 1
1711489 2
1713481 2
1713485 1
1713517 1
1713545 1
1713625 1
1713805 1
1714057 1
1714157 1
1716149 1
1716181 2
1716389 1
1716941 1
1717061 1
1718725 2
1718757 1
1718821 1
1718865 2
1718977 2
1719045 1
1721345 2
1721353 1
1721393 1
1721513 1
1721785 2
1721969 1
1723985 1
1724005 2
1724069 2
1724369 1
1724453 1
1726597 1
1726605 1
1726621 1
1726645 2
1726677 1
1726765 1
1727821 1
1729229 1
1729241 2
1729261 2
1729325 2
1729369 1
1729549 2
1729709 1
1731857 3
1731865 1
1731905 1
1731937 1
1732145 1
1734505 1
1734633 1
1735273 1
1737125 1
1737133 2
1737173 1
1737245 2
1737349 1
1737413 2
1737565 1
1739765 1
1739777 1
1739797 3
1739957 1
1740085 1
1742401 1
1742409 3
1742521 2
1745045 2
1745105 1
1745237 2
1745297 2
1745941 1
1747693 4
1747709 2
1747733 2
1747765 2
1747909 1
1747973 1
1748045 1
1750329 1
1750333 1
1750345 6
1750393 1
1750473 3
1750525 2
1750585 1
1751113 1
1752977 4
1752985 1
1753001 2
1753025 1
1753057 1
1753097 1
1753265 1
1753505 1
1753601 1
1755629 1
1755641 2
1755661 1
1755725 1
1755769 1
1756109 1
1756201 1
1758285 2
1758301 1
1758565 3
1758717 1
1760929 1
1760965 2
1761029 1
1761073 1
1761125 1
1761185 1
1761413 1
1761605 1
1763705 1
1764209 1
1764313 1
1766245 2
1766257 2
1766277 1
1766305 1
1766437 1
1766497 1
1768949 2
1769021 2
1769069 1
1769261 1
1769629 1
1771565 1
1771625 1
1771817 1
1771885 1
1772345 1
1774225 1
1774233 1
1774249 1
1774393 3
1774585 1
1776889 1
1776953 1
1776989 2
1777213 1
1777289 1
1779565 2
1779581 1
1779605 1
1779637 1
1779677 1
1779725 1
1779781 1
1779845 1
1782289 1
1782325 1
1782369 3
1782421 1
1782481 2
1782801 1
1784977 1
1785185 1
1787573 1
1787585 1
1787633 1
1787713 1
1787765 2
1787825 1
1787893 1
1788053 1
1790245 2
1790253 2
1790293 1
1790325 2
1790413 1
1790533 1
1790605 1
1790685 1
1792921 1
1792937 2
1793021 2
1793117 2
1793497 1
1795601 3
1795625 2
1795769 2
1795825 1
1795889 1
1796041 1
1796129 1
1796225 1
1796441 1
1796561 1
1798285 1
1798297 1
1798317 1
1798477 3
1798605 1
1798681 1
1799065 1
1800973 1
1800989 1
1801013 2
1801045 1
1801133 1
1801189 2
1803649 1
1803665 3
1803685 1
1803793 1
1803905 1
1803973 2
1806345 1
1806417 1
1806457 1
1806505 1
1806561 1
1806697 1
1806777 2
1809025 2
1809029 1
1809041 1
1809061 1
1809281 1
1809509 1
1809601 1
1811717 1
1811941 2
1812245 1
1814413 1
1814509 1
1814553 1
1814605 2
1814733 2
1814809 1
1817105 2
1817113 2
1817185 1
1817225 1
1817393 1
1819805 1
1819865 1
1822509 2
1822549 1
1822581 1
1822725 1
1825217 1
1825265 1
1825301 2
1825345 1
1825397 1
1825525 1
1825777 1
1827905 1
1827985 2
1828025 1
1828073 2
1828129 1
1828265 1
1828345 1
1828529 1
1828745 1
1830645 1
1830865 1
1831009 2
1831185 1
1831765 1
1833365 4
1833397 2
1833437 1
1833541 1
1833677 1
1833757 1
1833941 1
1836029 1
1836041 1
1836089 1
1836125 1
1836169 1
1836349 1
1836425 1
1838761 1
1838785 1
1841453 1
1841465 1
1841485 1
1841513 1
1841593 1
1841645 1
1841849 1
1842605 1
1844213 1
1844285 2
1844453 1
1844789 1
1845005 1
1845125 1
1846897 1
1847025 1
1847365 2
1847557 1
1849609 1
1849625 2
1849769 3
1849825 1
1850441 1
1852321 1
1852325 1
1852337 2
1852421 1
1852517 1
1852645 1
1855069 1
1855093 2
1855213 1
1855333 2
1855485 2
1855573 1
1857785 2
1857805 1
1857833 2
1857869 3
1858025 1
1860505 1
1860521 3
1860545 2
1860577 1
1860665 1
1860721 1
1860785 1
1860857 1
1860937 1
1863225 1
1863241 1
1863261 2
1863289 1
1863369 1
1863625 1
1863709 1
1863901 2
1864249 1
1864521 1
1865957 2
1865965 1
1865981 1
1866005 1
1866037 1
1866077 1
1866125 1
1866181 1
1866397 2
1866581 1
1868693 4
1868705 1
1868789 1
1868885 1
1869173 1
1869265 1
1871425 1
1871449 2
1871649 1
1872049 1
1874165 1
1874197 1
1874261 1
1874305 1
1874417 1
1874485 1
1874561 1
1874645 1
1874737 1
1876901 1
1876909 1
1876925 1
1876949 1
1876981 1
1877069 2
1877125 1
1877261 1
1879677 1
1879705 1
1879837 1
1880041 1
1880125 2
1882393 1
1882409 2
1882505 1
1882673 1
1882745 1
1882825 1
1883225 1
1883345 1
1885133 1
1885193 1
1885229 1
1885325 3
1885453 1
1887877 2
1887901 1
1887925 3
1887997 1
1888101 1
1888317 2
1888501 1
1890629 1
1890641 1
1890661 1
1890689 1
1890949 1
1891201 1
1891301 1
1891409 1
1893385 1
1893425 2
1893601 1
1893905 1
1896325 3
1896453 1
1896705 1
1898909 1
1899053 2
1899109 1
1899613 1
1901645 1
1901677 1
1901705 1
1901741 1
1901965 1
1904401 1
1904481 2
1904569 1
1907357 1
1907561 1
1907945 1
1909973 1
1910005 2
1910093 2
1910285 1
1911013 1
1912753 1
1912885 1
1913365 2
1913985 1
1915457 1
1915465 1
1915577 1
1915625 1
1915681 1
1915817 2
1916297 2
1918241 1
1918261 1
1918289 1
1918325 1
1918549 1
1918709 1
1918901 2
1919009 1
1919125 1
1919249 1
1919989 1
1921005 1
1921117 1
1921221 1
1921621 1
1922085 1
1923785 1
1923833 1
1923965 1
1924093 1
1924553 2
1926593 3
1926769 2
1927273 2
1929321 1
1929325 2
1929357 1
1929465 1
1929517 2
1929577 1
1929997 1
1930617 2
1932101 2
1932181 1
1932389 3
1932725 1
1934885 2
1934897 1
1935137 1
1935205 2
1935457 1
1935665 1
1936037 1
1936177 1
1937689 1
1938753 2
1940549 1
1941233 2
1941893 1
1943285 1
1943677 1
1944605 1
1945261 1
1946125 1
1946169 3
1946425 2
1946509 1
1946601 1
1946925 1
1947049 1
1947469 1
1948937 1
1949041 1
1949105 1
1949177 1
1949441 1
1949657 1
1949905 1
1950337 1
1951673 1
1951753 1
1951933 1
1952285 1
1952765 1
1953373 1
1954485 1
1955133 1
1957205 1
1957301 1
1957525 1
1957685 1
1957877 1
1958101 1
1958225 1
1958645 1
1958801 1
1960049 1
1961089 1
1963201 1
1963377 1
1965629 1
1965685 1
1965773 1
1966133 1
1968425 1
1968445 1
1968665 1
1971297 1
1972177 1
1972585 2
1974125 2
1974809 2
1975181 1
1976837 1
1976957 1
1977061 1
1977125 2
1977277 1
1977565 1
1977677 1
1979973 1
1980325 1
1981765 1
1982545 1
1983193 1
1984313 1
1985381 1
1985537 1
1985605 1
1986065 2
1986181 1
1986305 1
1988181 1
1988461 2
1988541 1
1989061 1
1989189 2
1991021 1
1991065 1
1992217 1
1993913 1
1993969 1
1996605 1
1997053 1
1999397 1
1999477 2
1999517 2
1999621 1
1999757 2
2002709 1
2003009 1
2003125 1
2003249 1
2006145 1
2007889 1
2007989 1
2008465 1
2008913 1
2009653 1
2011453 1
2011813 1
2013961 1
2014237 1
2014461 1
2016521 1
2016689 1
2017025 1
2017625 1
2019257 1
2020141 1
2020537 1
2020685 1
2022309 1
2022709 1
2023045 1
2024945 1
2025185 1
2025505 1
2025829 1
2028137 1
2028737 1
2028865 1
2030661 1
2030881 1
2031301 1
2031649 1
2033597 1
2033837 2
2033917 1
2034101 2
2034437 1
2036345 1
2036365 1
2037485 1
2039473 2
2039545 2
2040025 1
2042365 1
2042441 1
2042717 1
2042941 2
2044901 1
2044925 1
2045125 1
2045189 3
2045261 1
2045429 1
2045741 1
2045989 1
2047797 1
2048661 1
2050793 1
2051585 1
2051849 1
2053633 1
2053889 1
2054645 2
2054933 1
2056525 1
2056581 2
2056981 1
2057085 1
2057197 1
2059225 1
2059261 2
2059549 1
2059709 1
2060009 1
2062145 1
2062217 1
2062321 2
2062825 1
2063465 1
2065545 1
2065645 1
2065869 1
2067845 1
2068013 1
2068205 1
2068285 1
2070757 1
2070821 2
2070917 1
2071297 1
2073721 1
2074225 1
2074441 1
2074561 1
2076497 1
2076545 1
2077057 1
2077505 1
2079485 1
2079533 1
2079653 1
2079725 1
2079893 2
2080453 1
2082253 1
2082313 2
2082349 1
2082649 1
2082733 1
2082925 1
2085257 2
2085305 2
2085361 2
2085497 2
2086097 1
2086657 1
2088089 1
2088221 1
2088425 2
2088809 1
2090917 1
2090925 1
2091037 1
2092285 1
2093845 1
2093873 1
2096785 1
2097145 2
2097233 1
2098073 1
2099797 2
2099857 1
2100385 1
2100757 1
2102509 1
2102581 1
2105465 1
2105597 1
2105725 1
2106077 1
2108305 1
2108313 1
2108529 1
2109265 1
2111353 1
2111693 1
2114197 1
2114341 1
2114477 1
2114557 1
2114645 1
2117061 1
2117221 1
2117281 2
2119937 2
2119945 1
2119961 1
2120377 1
2120561 1
2120665 1
2120777 1
2122853 1
2122865 1
2122885 1
2125885 1
2128685 1
2128697 1
2128745 1
2128877 1
2129081 1
2131721 3
2131825 1
2132825 1
2134621 2
2134665 2
2134717 1
2134777 1
2137469 2
2137525 2
2137733 1
2140405 1
2140769 1
2143297 1
2143321 1
2143345 1
2143417 2
2143521 1
2146241 3
2146289 1
2146325 1
2146549 1
2146625 1
2149157 2
2149381 2
2149997 1
2152093 1
2152153 1
2152345 1
2152873 1
2155049 2
2155313 1
2157961 2
2157965 1
2157997 2
2158217 1
2161125 1
2164037 1
2164241 1
2166793 3
2167625 1
2169733 3
2169765 1
2169925 1
2169985 1
2172677 1
2172797 1
2173037 2
2175629 1
2175725 1
2175949 1
2176109 1
2178625 1
2178657 1
2178745 1
2178801 2
2178865 1
2179305 1
2181533 1
2181593 2
2181629 1
2181673 2
2184509 1
2184605 1
2184653 1
2184773 1
2187585 2
2187637 2
2187697 1
2187765 1
2190409 1
2190449 1
2190521 1
2190689 1
2191025 2
2191129 1
2193377 1
2193761 1
2199293 1
2199305 1
2199353 1
2199389 1
2200585 1
2202305 1
2202337 1
2202377 2
2202425 1
2202617 1
2202985 1
2205225 1
2205261 1
2205369 2
2205421 1
2205549 1
2205709 1
2205801 1
2208197 1
2208205 1
2208221 1
2208317 1
2208365 2
2208557 1
2211185 1
2211365 2
2214145 1
2214265 2
2214369 2
2217121 1
2217185 1
2217221 1
2217265 1
2217605 1
2217905 1
2220149 1
2220181 2
2220221 1
2220269 1
2223117 2
2223405 1
2226089 1
2226233 1
2226289 1
2229049 1
2229065 2
2229149 2
2232037 1
2232045 1
2235025 1
2235041 2
2235061 1
2235125 1
2235169 1
2235425 1
2238017 3
2238041 1
2238065 1
2238137 1
2238745 1
2241013 2
2241073 1
2241153 1
2244005 2
2244053 1
2244085 3
2247037 1
2247257 1
2250001 1
2250049 1
2250081 1
2250121 2
2253001 1
2253017 1
2253101 3
2253145 2
2253785 1
2256005 3
2256053 1
2256085 1
2256229 1
2256293 1
2259013 1
2259073 1
2259109 1
2259153 1
2259585 1
2262065 1
2262137 1
2262185 2
2262377 1
2265025 1
2265041 1
2265169 1
2265349 1
2268157 1
2268325 2
2271049 2
2271053 1
2271085 2
2271113 1
2271193 1
2274089 1
2274113 1
2274233 1
2274289 1
2274425 1
2277085 1
2277097 1
2277117 1
2277405 1
2280125 1
2280149 2
2280181 1
2280221 2
2280829 1
2283221 1
2283377 1
2286145 1
2286153 1
2286313 1
2286585 1
2289169 1
2289313 2
2289365 1
2289425 2
2289493 1
2292205 2
2292245 1
2292277 1
2298257 1
2298265 1
2298281 1
2298377 1
2298617 1
2301325 1
2301433 1
2304333 3
2304349 1
2304493 1
2304685 2
2307377 3
2307617 1
2307937 1
2310449 1
2313445 1
2313457 1
2313505 1
2313637 1
2314017 1
2316533 1
2316605 1
2319529 2
2322577 1
2322657 1
2325661 2
2325725 1
2325769 1
2325881 1
2326025 1
2326109 1
2328677 1
2328725 1
2331745 1
2331793 2
2334785 2
2334793 1
2334953 1
2337877 1
2340901 2
2340925 1
2341261 1
2344105 1
2347025 1
2347033 1
2347049 2
2347145 1
2347249 1
2350093 1
2350125 1
2350345 1
2353165 1
2356241 1
2356369 1
2359657 1
2362373 1
2362385 1
2365445 1
2365469 1
2365493 1
2365565 1
2368525 1
2368621 1
2368665 1
2371721 1
2374681 1
2374697 1
2374745 1
2374825 1
2377885 1
2380849 1
2380885 1
2380913 1
2381173 1
2381425 1
2383937 2
2384017 1
2387061 1
2387169 1
2390165 1
2390197 2
2393209 2
2393213 1
2393245 1
2393353 1
2396313 2
2396385 1
2396745 1
2399465 1
2402549 2
2405617 1
2405857 2
2408729 3
2411825 1
2414917 1
2414965 1
2415037 1
2415085 1
2415141 1
2415277 1
2418041 1
2418061 1
2418221 1
2421145 1
2421161 1
2421217 1
2421361 3
2424253 1
2424285 3
2424649 1
2427365 1
2427445 1
2430517 3
2430545 1
2430581 1
2430625 1
2433601 1
2433721 1
2434041 1
2436721 1
2436737 1
2436757 1
2436821 2
2439869 1
2439893 1
2440069 1
2442973 1
2442985 2
2443033 1
2443225 1
2443293 1
2446097 1
2446145 1
2446265 1
2446625 1
2446825 1
2449421 1
2452717 1
2455553 1
2458673 2
2458745 1
2458793 1
2458849 2
2461797 1
2461825 2
2461861 1
2462085 2
2464909 2
2464949 2
2465189 1
2465341 1
2468045 1
2468141 1
2468185 1
2468441 1
2468617 1
2471265 1
2471353 1
2474333 1
2474345 1
2477477 1
2477501 1
2477557 2
2477765 2
2477837 1
2478205 1
2480661 1
2480725 1
2483785 1
2484001 1
2484305 1
2484617 1
2486929 1
2486965 1
2486993 1
2487329 1
2490085 1
2490133 1
2490205 1
2493245 2
2493341 1
2493385 1
2496425 1
2499565 1
2499625 1
2502805 1
2505953 1
2505989 1
2506033 1
2506085 2
2509225 1
2509417 1
2509585 2
2512229 1
2512241 1
2512289 1
2512369 1
2515397 1
2515477 2
2516021 1
2518969 1
2521745 1
2521769 1
2521865 1
2521969 1
2522105 1
2524937 2
2528109 1
2528149 1
2531285 1
2531537 1
2534633 1
2534825 1
2537649 1
2537665 1
2537685 1
2537793 1
2537845 1
2538049 1
2540845 1
2540885 1
2544029 1
2544041 1
2544061 2
2544221 1
2544425 1
2547225 1
2550473 1
2553613 1
2556801 1
2556805 1
2556901 1
2557201 1
2560081 1
2560121 1
2560289 1
2566413 1
2566485 1
2566525 1
2569609 2
2569625 2
2569673 2
2572865 1
2572897 1
2579237 1
2582705 1
2585689 1
2592101 1
2592109 1
2595321 1
2598569 1
2598713 1
2598833 1
2601773 1
2602253 1
2604997 1
2605077 1
2605117 1
2608325 2
2608369 1
2611465 1
2611505 1
2614693 1
2614705 1
2614753 1
2617973 2
2621177 1
2624481 2
2624569 1
2624625 1
2624689 1
2624761 1
2624841 1
2627641 1
2627705 1
2627837 1
2627897 1
2630885 1
2630893 1
2631325 2
2634129 1
2634133 1
2637601 3
2640661 1
2643885 1
2643925 1
2647129 1
2647165 1
2647273 1
2650385 1
2650433 1
2651113 1
2653705 2
2654125 1
2656901 1
2656981 1
2657125 1
2660161 1
2660165 1
2660197 1
2660225 1
2660261 1
2660357 2
2660417 1
2660485 1
2661457 1
2663433 2
2663473 1
2663505 1
2663545 1
2666705 2
2666725 3
2666753 2
2670037 1
2670077 1
2670181 1
2673261 1
2673289 1
2673481 1
2676545 1
2676617 1
2676857 1
2679773 1
2679869 1
2683053 1
2686337 1
2686517 1
2686577 1
2689649 3
2692881 1
2692885 2
2692897 1
2696165 3
2699453 1
2699485 2
2699549 1
2702737 1
2702745 1
2702761 1
2706041 1
2706061 1
2706169 1
2709341 1
2709365 1
2712613 1
2712625 2
2719301 1
2722509 3
2722581 1
2725837 1
2729113 1
2732509 1
2732605 1
2735717 2
2735725 1
2735765 1
2742337 2
2742345 1
2742361 1
2745713 1
2748973 1
2748989 1
2749013 1
2749253 2
2752285 1
2752297 1
2752381 1
2755681 1
2758937 1
2758985 1
2759065 1
2759177 1
2762365 1
2775581 2
2775605 1
2778893 1
2778989 1
2785597 1
2788909 1
2789429 1
2799029 1
2805629 2
2808985 1
2809057 1
2812393 1
2815693 1
2815765 1
2822425 1
2829149 1
2829173 1
2832489 1
2839549 1
2842597 1
2846069 1
2849513 1
2852757 1
2852917 1
2856181 2
2856221 1
2856389 1
2859485 1
2859625 1
2862889 1
2863033 1
2866253 1
2869685 1
2879825 1
2883205 1
2883253 1
2886617 1
2886637 1
2890025 1
2890361 1
2893437 1
2893597 1
2896973 1
2903617 1
2907061 1
2924109 1
2924125 1
2927525 1
2930945 1
2931025 1
2934433 1
2937845 1
2944657 1
2944681 1
2948105 1
2954965 1
2958401 2
2958569 1
2965365 1
2968873 1
2968985 1
2972225 1
2972297 1
2972401 1
2975641 1
2982533 1
2985985 1
2986033 1
2986209 1
2989505 1
2993069 1
2996365 1
2996397 1
2999945 1
3003485 1
3003773 1
3010289 1
3010325 1
3013697 1
3017173 1
3017233 1
3020813 1
3020933 1
3024317 2
3027609 1
3027649 1
3027681 1
3027961 1
3031081 1
3031097 1
3031145 1
3031181 1
3031277 1
3038053 1
3038193 1
3041657 1
3045089 1
3045221 1
3048597 1
3052009 1
3052153 1
3066005 1
3066325 1
3073013 1
3073109 1
3087049 1
3087065 1
3087085 1
3087245 1
3097601 2
3097649 1
3104765 1
3104869 1
3104933 1
3108169 1
3118757 1
3118925 1
3122293 1
3125833 1
3132909 1
3133125 1
3143673 1
3150689 1
3154177 1
3161293 1
3161509 1
3175525 1
3182657 1
3182777 1
3182945 1
3204269 1
3211345 1
3214949 2
3232805 1
3240009 1
3243665 1
3251005 1
3258029 1
3258125 1
3261645 1
3261717 1
3276149 1
3279865 1
3283393 1
3287225 1
3290597 1
3290677 1
3294225 1
3297937 1
3301525 1
3305133 1
3305205 1
3312425 1
3312569 1
3326977 1
3334277 1
3334301 1
3337933 1
3345245 1
3348949 1
3349021 1
3367481 1
3370905 1
3374825 1
3378469 1
3378685 1
3385889 1
3389537 1
3400337 1
3400625 1
3419057 2
3433805 1
3452389 1
3459721 1
3470805 1
3538177 1
