N J h mean_R_sq err_mean_R_sq mean_R_gyr_sq err_mean_R_gyr_sq 
2916 1.567 0 2052.99 624.267 631.955 74.3958
1 1
5 7
9 3
13 3
17 2
25 8
29 8
37 6
41 2
45 3
49 6
53 4
61 5
65 8
73 4
81 5
85 8
89 5
97 7
101 7
109 4
113 7
121 3
125 13
137 5
145 13
149 3
153 6
157 6
169 6
173 5
181 3
185 14
193 2
197 4
205 13
221 8
225 12
229 4
233 1
241 8
245 4
257 1
261 6
265 3
269 2
277 3
281 3
289 6
293 2
305 10
313 4
317 6
325 15
333 5
337 7
349 3
353 5
361 4
365 11
369 5
373 5
377 11
389 10
397 3
401 7
405 9
409 5
421 6
425 15
433 8
441 1
445 4
449 6
457 5
461 4
477 4
481 7
485 10
493 11
505 7
509 4
521 6
529 3
533 11
541 4
545 12
549 8
557 6
565 10
569 5
577 4
585 5
593 5
601 5
605 4
613 5
617 4
625 12
629 12
637 6
641 7
653 9
657 3
661 4
673 10
677 4
685 6
689 4
697 7
701 7
709 5
725 8
729 5
733 11
745 13
757 5
761 3
765 13
769 3
773 2
785 4
793 9
797 6
801 3
809 5
821 2
829 3
833 1
841 9
845 14
853 1
857 1
865 13
873 5
877 1
881 2
901 10
905 5
909 5
925 13
929 3
937 5
941 1
949 11
953 3
961 1
965 11
977 3
981 2
985 7
997 2
1009 1
1013 3
1017 3
1021 3
1025 5
1033 2
1037 15
1049 4
1053 2
1061 2
1069 4
1073 10
1089 2
1093 9
1097 1
1105 18
1109 8
1117 2
1125 10
1129 2
1145 8
1153 5
1157 11
1165 9
1181 4
1189 9
1193 4
1201 2
1205 5
1213 5
1217 4
1225 2
1229 5
1233 3
1237 3
1241 7
1249 2
1261 6
1277 3
1285 7
1297 5
1301 5
1305 5
1313 6
1321 1
1325 8
1341 3
1345 6
1361 4
1369 3
1373 3
1377 3
1381 2
1385 11
1405 6
1409 4
1413 3
1417 7
1421 2
1429 2
1433 4
1445 11
1453 3
1465 1
1469 2
1481 3
1489 1
1493 4
1513 3
1517 5
1521 1
1525 8
1537 5
1549 2
1553 2
1557 6
1565 7
1573 3
1585 8
1597 2
1601 3
1609 4
1613 4
1621 3
1625 8
1629 3
1637 3
1649 4
1657 1
1665 4
1669 1
1681 5
1685 2
1693 1
1709 1
1717 9
1733 2
1737 2
1741 4
1745 7
1753 3
1765 10
1769 8
1773 3
1777 2
1781 3
1789 1
1801 2
1805 1
1813 2
1825 7
1845 4
1849 1
1853 7
1861 3
1865 2
1873 5
1877 2
1885 15
1889 5
1901 4
1913 1
1921 5
1933 1
1937 6
1945 7
1949 1
1961 3
1973 3
1985 4
1989 5
1997 3
2005 3
2009 3
2017 2
2025 5
2029 3
2041 3
2045 9
2053 1
2057 2
2061 5
2069 3
2081 2
2089 4
2097 1
2105 3
2117 1
2125 9
2137 4
2141 2
2161 3
2165 7
2169 2
2197 5
2205 2
2213 2
2221 1
2225 5
2237 4
2245 4
2249 2
2257 3
2269 2
2273 3
2281 2
2285 2
2297 4
2305 2
2309 1
2313 1
2329 2
2333 3
2341 4
2349 2
2353 3
2357 1
2377 2
2385 3
2389 1
2393 1
2405 6
2417 2
2425 6
2437 1
2441 5
2465 8
2473 2
2477 2
2493 1
2501 2
2509 3
2525 2
2529 1
2533 3
2545 2
2549 2
2557 2
2561 3
2581 3
2593 1
2597 4
2601 2
2605 1
2609 3
2621 1
2633 2
2645 1
2665 5
2669 3
2689 2
2693 2
2701 3
2705 4
2713 1
2725 3
2729 1
2741 2
2745 2
2749 1
2777 1
2785 2
2789 1
2797 2
2801 4
2809 1
2813 2
2817 3
2825 2
2833 1
2845 1
2873 1
2885 3
2909 2
2925 5
2929 5
2941 2
2957 1
2965 2
2969 1
2977 2
2989 2
2993 1
2997 1
3001 1
3005 3
3029 2
3041 1
3065 2
3077 4
3109 2
3125 2
3133 4
3137 1
3145 2
3161 3
3169 1
3177 1
3181 3
3185 4
3205 2
3209 1
3217 1
3233 1
3253 1
3257 2
3265 1
3277 4
3281 2
3285 5
3293 2
3329 1
3361 2
3373 1
3385 2
3393 3
3413 1
3425 2
3445 2
3449 2
3461 1
3469 2
3485 6
3497 1
3501 2
3505 5
3509 2
3533 2
3545 1
3581 3
3589 1
3601 2
3617 2
3625 1
3649 2
3653 2
3665 3
3673 1
3677 1
3681 1
3701 2
3725 2
3733 2
3757 2
3769 1
3809 1
3825 2
3889 1
3897 1
3917 1
3961 2
3965 4
3973 2
3977 1
4013 2
4033 1
4097 2
4105 3
4113 1
4141 1
4153 1
4165 1
4205 3
4225 4
4229 1
4293 1
4325 1
4329 1
4369 2
4373 1
4381 1
4409 1
4469 2
4481 1
4493 1
4505 1
4513 2
4525 1
4545 1
4621 1
4633 1
4673 1
4693 1
4709 1
4721 1
4745 2
4761 1
4765 1
4789 1
4825 2
4849 2
4861 1
4885 1
4913 1
4925 1
4937 1
5057 1
5165 3
5185 1
5213 1
5273 1
5317 1
5329 1
5353 1
5429 1
5441 1
5473 1
5513 2
5525 1
5661 1
5785 1
5825 1
5877 1
6581 1
91565 1
191645 1
269425 1
651265 1
