N J h mean_R_sq err_mean_R_sq mean_R_gyr_sq err_mean_R_gyr_sq 
3600 1.35 0 39319 17300.4 5812.45 2370.74
5 1
37 1
173 1
325 1
365 2
493 1
601 1
689 2
701 1
821 1
845 1
877 1
937 1
1165 1
1193 1
1205 1
1249 1
1289 1
1301 1
1305 1
1321 1
1433 1
1585 1
1597 1
1621 1
1861 1
1973 1
1993 1
2029 2
2053 1
2105 2
2125 2
2197 2
2225 1
2245 1
2309 1
2405 1
2437 1
2465 1
2525 2
2561 1
2669 1
2701 1
2729 1
2785 1
2809 1
2833 1
2853 1
2873 1
2897 1
3077 1
3145 1
3161 2
3181 1
3285 1
3385 1
3393 1
3413 1
3485 2
3497 1
3505 1
3533 1
3573 1
3581 1
3625 1
3725 2
3757 2
3789 1
3805 1
3853 1
3965 1
4005 1
4013 2
4129 1
4133 1
4141 1
4265 1
4325 1
4329 1
4373 1
4437 1
4481 1
4637 1
4645 1
4797 1
4805 1
4813 1
4849 1
4901 2
4905 1
4925 1
4937 1
5105 1
5125 2
5185 1
5317 1
5333 1
5337 1
5429 1
5473 1
5513 1
5517 1
5525 1
5629 1
5653 1
5689 1
5713 1
5729 1
5765 2
5821 2
5857 1
5881 1
5905 1
5933 1
5941 1
5949 1
6025 1
6073 1
6101 1
6121 1
6245 1
6305 1
6381 1
6389 1
6409 1
6473 1
6565 1
6581 1
6673 1
6705 1
6737 1
6757 1
6805 2
6817 1
6833 1
6865 1
6893 1
6905 1
6929 1
6961 1
7025 2
7081 1
7085 1
7093 1
7105 1
7109 1
7137 1
7145 1
7241 1
7265 1
7289 1
7481 1
7537 1
7625 2
7669 1
7677 1
7685 1
7717 1
7753 1
7757 1
7769 1
7841 1
7893 1
7949 1
8089 1
8109 1
8125 1
8145 1
8185 1
8245 2
8285 1
8321 1
8425 1
8473 1
8489 1
8585 1
8593 1
8605 3
8621 1
8629 1
8689 1
8725 1
8737 1
8793 1
8857 1
8885 1
8905 1
9049 1
9061 1
9125 1
9189 1
9193 2
9245 1
9265 1
9281 1
9293 1
9325 1
9385 1
9397 1
9409 1
9425 1
9441 1
9445 1
9577 1
9605 1
9685 2
9689 1
9701 1
9769 1
9781 3
9805 1
9901 1
9929 1
9949 1
9953 1
10057 1
10201 1
10205 1
10225 1
10249 1
10265 1
10285 1
10357 1
10369 1
10421 1
10429 2
10445 1
10485 1
10489 1
10513 1
10553 1
10597 1
10705 1
10765 1
10865 1
10877 1
10985 3
11029 1
11041 1
11133 1
11141 1
11213 1
11245 1
11285 1
11357 1
11365 1
11461 1
11525 1
11593 1
11601 1
11629 2
11645 3
11665 1
11713 1
11765 1
11773 1
11817 1
11861 1
11881 1
11953 1
11965 1
12013 1
12025 1
12041 1
12069 1
12101 1
12109 1
12137 1
12149 1
12181 1
12233 1
12317 1
12337 1
12385 1
12409 2
12433 1
12461 2
12577 1
12629 1
12665 2
12701 1
12753 1
12757 1
12773 1
12785 1
12833 1
12841 1
12897 1
12941 1
12997 1
13085 1
13105 1
13189 1
13213 1
13221 1
13225 1
13273 1
13309 1
13325 1
13345 1
13357 1
13385 1
13397 1
13417 1
13477 2
13617 1
13625 1
13637 1
13681 1
13693 1
13725 1
13817 1
13837 2
13873 2
13921 1
13925 1
13933 1
13949 1
13957 1
13985 1
14029 1
14045 2
14065 1
14081 1
14165 1
14177 1
14225 1
14281 1
14389 1
14425 2
14449 1
14485 1
14625 1
14641 1
14661 2
14689 1
14701 1
14705 1
14713 1
14785 1
14825 1
14841 1
14845 1
14885 1
14965 2
15053 1
15109 1
15129 1
15273 1
15277 1
15325 1
15397 1
15545 1
15629 1
15633 1
15665 1
15685 1
15725 3
15777 1
15901 1
15905 1
15925 1
16069 1
16081 1
16085 1
16201 1
16253 1
16273 1
16277 2
16285 1
16385 1
16405 1
16409 1
16425 2
16465 1
16525 2
16573 1
16609 1
16661 1
16769 1
16781 1
16785 1
16829 1
16897 1
17009 1
17077 1
17101 1
17189 2
17221 2
17297 1
17397 1
17405 1
17417 1
17425 1
17485 1
17561 1
17665 1
17761 1
17785 1
17893 2
17921 1
18005 1
18089 1
18125 2
18245 3
18253 1
18301 1
18353 1
18369 2
18405 1
18409 1
18605 1
18625 1
18637 1
18685 1
18773 1
18785 2
18793 1
18901 1
18985 1
18989 1
19045 2
19069 1
19097 1
19161 1
19181 2
19193 1
19225 1
19249 1
19269 1
19333 1
19337 1
19345 2
19441 1
19457 2
19469 1
19501 1
19553 1
19633 1
19669 3
19717 1
19769 1
19773 1
19805 2
19825 2
19841 1
19913 1
19917 1
19925 1
19973 1
20005 1
20025 1
20029 1
20077 1
20113 1
20133 1
20137 1
20161 1
20189 1
20225 1
20245 1
20281 1
20285 1
20297 1
20313 2
20353 1
20357 1
20449 1
20457 1
20477 1
20593 1
20605 1
20621 1
20665 1
20745 1
20765 1
20813 1
20857 1
20893 1
20961 1
20997 1
21025 1
21101 1
21281 2
21289 1
21313 1
21361 1
21389 1
21397 1
21437 1
21481 2
21509 1
21541 1
21605 1
21677 1
21689 1
21789 1
21845 1
21865 1
21905 1
21969 1
21997 1
22021 1
22061 1
22093 1
22105 1
22285 1
22321 1
22381 1
22581 1
22633 2
22689 1
22761 1
22769 1
22829 1
22873 1
23017 1
23029 1
23053 1
23105 1
23113 1
23125 2
23129 1
23153 3
23165 1
23197 1
23225 1
23273 1
23293 1
23337 1
23393 1
23461 1
23465 1
23557 1
23633 1
23645 1
23729 1
23733 1
23773 1
23789 2
23837 1
23941 1
23957 1
23981 1
23985 1
23993 1
24121 1
24433 1
24505 2
24625 1
24649 1
24665 1
24677 1
24905 1
25045 1
25065 1
25117 1
25133 1
25153 1
25173 1
25229 1
25237 1
25281 1
25309 1
25325 1
25337 1
25381 1
25493 1
25541 1
25577 1
25625 1
25681 1
25805 1
25825 1
25877 1
25925 1
25937 1
25985 2
26161 1
26209 1
26237 1
26245 2
26261 1
26325 1
26377 1
26613 1
26685 1
26741 1
26765 2
26773 1
26861 1
26905 1
26937 1
26945 1
27045 1
27289 1
27425 1
27505 1
27625 1
27637 1
27725 1
27737 1
27869 1
27881 1
27905 1
27961 1
28013 1
28033 1
28085 1
28125 1
28145 1
28205 1
28249 1
28285 1
28593 1
28673 1
28741 1
28769 1
28781 1
28817 1
28901 1
28913 1
28921 1
28981 2
29065 1
29313 1
29341 1
29389 1
29501 1
29525 1
29529 1
29573 1
29665 1
29709 1
29725 1
29825 1
29857 1
29945 1
30025 1
30053 1
30069 1
30113 2
30125 1
30141 1
30277 1
30425 1
30509 1
30537 1
30625 1
30773 1
30825 1
30897 1
31025 1
31117 1
31145 1
31205 2
31265 1
31301 2
31365 1
31421 1
31501 1
31649 1
31681 1
31769 1
31781 1
31813 1
31905 1
32245 1
32365 1
32481 1
32485 1
32625 1
32741 1
32749 1
32797 1
32825 1
32905 1
32941 1
33025 1
33093 1
33245 1
33309 1
33361 1
33437 1
33445 1
33461 1
33485 1
33565 1
33581 1
33661 1
33949 1
34021 1
34085 2
34121 1
34145 1
34213 1
34281 1
34361 1
34389 1
34429 1
34549 1
34613 1
34717 1
34729 2
34745 1
34801 1
35009 2
35065 1
35113 1
35165 1
35261 1
35325 1
35377 1
35405 1
35437 1
35633 1
35641 1
35821 1
35825 1
35869 1
35921 1
35989 1
36181 1
36185 1
36221 1
36361 1
36653 1
36657 1
36781 1
36833 1
36889 1
36965 1
36985 1
37165 1
37681 1
37705 1
37845 1
38077 1
38089 1
38125 1
38233 1
38293 3
38509 1
38581 1
38597 1
38701 1
38713 1
38765 1
38925 1
39005 1
39385 1
39465 1
39485 2
39617 1
39769 1
39833 1
40265 1
40661 1
40829 1
41089 1
41093 1
41197 1
41213 1
41229 1
41245 1
41557 1
41809 1
42041 1
42365 1
42425 1
42605 1
42649 1
42685 1
42857 1
43513 1
43553 1
43573 1
43625 1
44005 1
44129 1
44433 1
44437 2
44585 1
44881 1
45029 1
45037 1
45301 1
45349 1
45513 2
45865 1
46049 1
46177 1
46337 1
46801 1
47273 1
47533 1
47545 1
47657 1
48365 1
48589 1
48605 1
48717 1
48745 1
48861 1
48865 1
48929 1
49205 1
49373 1
49421 1
49481 1
49625 1
49725 1
49925 1
50089 1
50641 1
50913 1
51005 1
51353 1
52205 1
52565 1
52585 1
52609 1
53597 1
53657 1
53689 1
53833 1
54013 1
54029 1
54225 1
54585 1
54685 1
54925 1
55201 1
55705 1
55861 1
56101 1
56129 1
57033 1
57457 1
57461 1
57469 1
57521 1
57545 1
57697 1
57965 1
58049 1
58525 1
59201 1
59597 1
59657 1
60505 1
60517 1
61601 1
62361 1
63029 1
63205 1
63505 1
63589 1
63653 1
64025 1
64493 1
64501 1
65773 1
65969 1
66761 1
67105 1
67993 1
68545 1
69653 1
71161 1
71857 1
72493 1
72845 1
73805 1
75701 1
76297 1
78385 1
81365 1
82277 1
83161 1
84789 1
88177 1
90253 1
90325 1
126425 1
183209 1
271753 1
272077 1
384533 1
409769 1
426665 1
441333 1
460225 1
471041 1
477821 1
482029 1
494173 1
499985 1
505753 1
507169 1
524961 1
543825 1
552245 1
586009 1
600745 1
606245 1
731809 1
801545 1
1159945 1
1352713 1
1370125 1
1390365 1
