N J h mean_R_sq err_mean_R_sq mean_R_gyr_sq err_mean_R_gyr_sq 
4900 1.43 0 46786.8 43155.5 7997.03 6795.73
5 1
13 2
17 2
25 1
29 1
37 1
41 2
45 3
49 2
53 5
61 3
65 2
85 5
89 3
97 1
101 1
109 4
113 1
117 4
121 2
125 7
137 2
145 3
149 2
153 4
157 1
169 2
173 4
181 1
185 3
197 2
205 9
221 7
225 1
229 3
241 3
245 3
257 2
261 4
265 4
269 3
277 3
281 2
289 5
293 3
305 6
313 4
325 5
333 3
349 3
353 2
361 1
365 4
369 2
373 3
377 2
389 1
397 3
401 2
405 3
409 2
421 2
425 7
433 6
441 2
445 3
449 1
457 2
461 1
477 4
481 2
485 5
493 3
505 1
509 1
521 4
529 1
533 3
541 5
545 5
549 2
569 3
577 2
585 5
601 4
605 3
613 3
617 1
625 8
629 2
637 4
641 3
653 6
661 4
677 2
685 6
689 6
697 9
701 2
709 1
725 7
729 1
745 3
757 1
761 1
765 8
769 1
773 3
785 3
793 2
797 4
801 4
809 2
829 1
841 4
845 7
853 3
865 4
873 1
877 3
901 2
905 7
909 3
925 4
941 4
949 7
953 3
961 1
965 4
977 1
985 4
997 3
1009 2
1013 2
1017 2
1021 3
1025 8
1033 1
1037 5
1049 2
1053 1
1073 6
1093 2
1097 2
1105 7
1109 2
1117 3
1125 1
1129 3
1145 2
1153 1
1157 3
1165 7
1181 4
1189 2
1193 1
1205 4
1213 1
1217 2
1225 5
1229 1
1233 3
1237 2
1241 10
1249 1
1261 3
1277 3
1285 2
1289 3
1297 3
1301 3
1305 6
1313 4
1321 1
1325 6
1341 2
1345 3
1361 4
1369 1
1373 1
1377 2
1381 2
1385 2
1405 6
1409 6
1413 1
1417 3
1421 3
1429 3
1445 4
1453 2
1465 4
1469 4
1481 2
1489 3
1493 1
1513 5
1517 5
1521 7
1525 8
1537 6
1549 1
1553 3
1557 2
1565 4
1573 5
1585 7
1597 1
1601 1
1609 6
1613 1
1621 4
1625 8
1629 2
1637 5
1649 1
1665 3
1669 2
1685 3
1697 2
1709 1
1717 3
1721 2
1737 2
1741 3
1745 5
1753 5
1765 1
1769 2
1773 4
1777 2
1781 4
1789 2
1805 2
1825 5
1845 3
1853 1
1865 2
1885 8
1901 4
1913 1
1921 5
1933 1
1937 4
1949 1
1961 7
1973 2
1985 7
1989 4
1993 2
1997 3
2005 1
2009 2
2017 1
2025 5
2041 3
2045 2
2053 2
2057 3
2061 1
2069 2
2081 1
2089 2
2105 5
2113 3
2117 8
2125 14
2129 1
2137 2
2153 3
2165 2
2169 1
2173 2
2197 2
2205 2
2213 1
2221 1
2225 4
2237 2
2245 4
2249 3
2257 5
2269 2
2273 1
2281 1
2285 2
2297 1
2305 1
2313 2
2329 5
2341 2
2349 3
2353 2
2357 3
2377 1
2385 1
2389 1
2393 1
2401 2
2405 6
2421 2
2425 2
2437 1
2465 8
2473 1
2501 6
2509 2
2521 2
2525 3
2529 1
2533 1
2545 4
2549 2
2557 1
2561 3
2581 3
2593 1
2601 2
2605 6
2609 1
2621 4
2633 2
2637 2
2645 1
2665 3
2669 1
2677 5
2689 3
2701 5
2705 2
2713 2
2725 3
2741 2
2745 5
2749 1
2753 4
2777 1
2785 5
2789 2
2797 6
2801 2
2809 2
2813 1
2817 1
2825 4
2833 1
2837 3
2845 1
2857 1
2873 5
2885 3
2909 1
2925 3
2929 3
2941 1
2965 2
2969 2
2977 3
2989 2
2997 1
3001 1
3005 3
3025 2
3029 2
3033 3
3041 2
3061 2
3065 1
3077 4
3085 1
3121 3
3125 4
3145 8
3161 3
3169 3
3177 3
3181 2
3185 3
3205 1
3209 2
3221 1
3229 2
3233 2
3253 1
3257 3
3265 3
3277 5
3281 1
3285 4
3293 2
3301 2
3305 2
3313 1
3321 3
3341 3
3349 1
3357 1
3361 2
3365 3
3385 4
3389 1
3413 3
3425 4
3433 1
3445 3
3449 1
3469 3
3481 1
3485 8
3497 3
3501 3
3505 1
3509 1
3517 1
3529 2
3533 2
3541 1
3545 1
3557 3
3573 1
3577 1
3589 3
3601 3
3617 1
3625 4
3637 1
3649 2
3653 1
3665 2
3673 3
3677 1
3681 1
3697 3
3701 1
3709 1
3721 2
3725 2
3733 1
3737 6
3757 3
3761 1
3785 2
3793 2
3797 4
3805 4
3809 5
3825 4
3833 1
3865 3
3869 2
3877 3
3889 2
3897 1
3917 1
3925 1
3961 3
3965 4
3973 2
3977 1
3985 1
4001 1
4005 3
4013 1
4021 1
4041 1
4045 2
4049 2
4057 2
4073 1
4093 3
4097 1
4105 3
4121 1
4145 1
4149 3
4165 4
4177 2
4181 3
4201 1
4205 2
4217 4
4225 7
4229 1
4265 2
4273 1
4285 1
4289 1
4293 1
4321 2
4325 2
4329 2
4349 1
4369 2
4381 1
4385 2
4397 1
4405 1
4409 1
4437 3
4453 1
4457 1
4469 1
4477 2
4481 1
4505 1
4513 2
4525 2
4537 3
4545 2
4549 2
4553 1
4573 1
4589 2
4625 1
4633 1
4645 1
4649 2
4657 1
4673 1
4685 2
4693 2
4705 1
4709 1
4721 2
4729 2
4733 2
4745 7
4753 1
4761 1
4777 1
4793 1
4797 3
4805 1
4813 1
4817 1
4825 2
4849 1
4861 1
4869 1
4877 1
4885 1
4901 1
4909 3
4913 5
4933 2
4937 1
4941 3
4957 1
4969 2
4973 1
4981 2
4985 4
4993 1
5013 1
5017 1
5045 1
5057 2
5065 1
5069 1
5077 2
5085 1
5101 2
5105 1
5121 1
5125 5
5141 1
5153 2
5161 1
5165 2
5185 1
5213 1
5233 1
5249 4
5265 3
5273 2
5305 3
5309 2
5317 2
5321 1
5329 2
5337 2
5345 1
5365 5
5381 1
5389 1
5393 1
5417 2
5437 2
5465 1
5485 3
5501 2
5513 2
5525 4
5537 1
5545 4
5553 1
5557 2
5597 1
5617 2
5625 3
5629 4
5645 2
5653 2
5669 1
5713 3
5729 2
5765 2
5769 2
5777 1
5785 2
5801 2
5813 1
5825 1
5837 1
5849 1
5857 1
5869 1
5877 3
5929 1
5941 1
5945 3
5981 1
5993 2
6001 1
6025 1
6065 2
6073 1
6085 1
6093 1
6101 1
6121 2
6125 2
6165 2
6185 2
6197 3
6205 3
6217 2
6245 3
6253 3
6273 2
6277 2
6301 2
6305 3
6317 1
6341 1
6353 2
6361 1
6381 1
6385 2
6401 2
6409 1
6425 1
6437 2
6445 1
6485 1
6497 2
6505 1
6525 1
6529 1
6565 2
6581 1
6597 1
6617 1
6625 2
6641 1
6649 1
6673 2
6701 1
6705 2
6713 2
6733 1
6737 1
6757 2
6829 1
6857 1
6885 1
6893 1
6905 2
6929 1
6949 1
6997 1
7001 1
7025 1
7033 1
7045 1
7057 1
7081 1
7085 1
7093 3
7109 1
7145 2
7165 2
7209 1
7213 1
7225 2
7237 1
7241 1
7289 1
7325 3
7345 3
7361 2
7373 1
7381 1
7397 1
7405 1
7421 1
7457 1
7461 1
7481 2
7537 1
7561 1
7569 1
7605 2
7625 1
7633 1
7669 1
7713 1
7717 1
7765 1
7785 1
7817 1
7857 1
7865 2
7873 1
7897 1
7921 1
7925 2
7949 2
7957 1
7993 1
8005 2
8033 2
8045 3
8069 1
8089 1
8105 1
8125 1
8181 1
8185 2
8221 1
8245 1
8249 1
8285 1
8325 2
8333 1
8381 2
8429 1
8465 1
8469 1
8485 1
8541 1
8577 2
8629 1
8705 1
8765 1
8801 1
8825 2
8833 1
8837 1
8845 1
8849 1
8857 2
8865 1
8905 1
8917 1
8973 1
9025 1
9041 1
9077 1
9081 1
9125 1
9197 1
9265 1
9325 1
9389 1
9409 1
9425 1
9457 1
9509 1
9521 1
9553 1
9577 1
9593 1
9657 1
9673 1
9685 1
9725 1
9797 1
9881 1
9901 1
10053 1
10121 1
10133 1
10201 1
10237 1
10249 1
10265 1
10361 1
10413 1
10453 2
10477 1
10485 1
10513 1
10613 1
10625 1
10685 1
10693 1
10765 1
10809 1
10877 1
10933 1
11225 1
11405 1
11417 1
11441 1
11453 1
11513 1
11549 1
11705 1
11713 1
11773 1
11905 1
11917 1
12025 1
12125 2
12269 1
12409 2
13025 1
13073 1
13625 1
13925 1
14449 1
14517 1
14653 1
14661 1
15145 1
15445 1
15581 1
16133 1
16937 1
17305 1
18433 1
24705 1
34945 1
131869 1
147773 1
158413 1
159601 1
166253 1
176345 1
181301 1
183545 1
184057 1
187585 1
191925 1
192737 1
195589 1
196001 1
196625 1
205785 1
207485 1
207637 1
210745 1
210877 1
214433 1
214469 1
215825 1
218105 1
218245 1
220873 1
223409 1
227225 1
227277 1
231685 1
233477 1
233613 1
235549 1
238145 1
240769 1
244085 1
244877 1
249065 1
249509 1
262265 1
265625 1
267217 1
277389 1
278129 1
289493 1
307253 1
323905 1
338045 1
401089 1
557941 1
589189 1
591685 1
601025 1
621065 1
630461 1
638465 1
638977 1
640169 1
643213 1
644305 1
646465 1
653225 1
658297 1
665905 1
666341 1
680821 1
682397 1
685753 1
690961 1
693265 1
693925 1
695461 1
696397 1
701485 1
702773 1
709321 1
713149 1
717925 1
725981 1
739889 1
946525 1
1223857 1
1270325 1
1270477 1
1280761 1
1289521 1
1290717 1
1294369 1
1297517 1
1309465 1
1337705 1
1345825 1
1353269 1
1362157 1
1374209 1
1374525 1
1375597 1
1377373 1
1392345 1
1402853 1
1404289 1
1419821 1
1429049 1
1431505 1
1444165 1
1459705 1
1477593 1
1615301 1
1615697 1
1630873 1
1648705 1
1656693 1
1904409 1
2958481 1
2959241 1
