N J h mean_R_sq err_mean_R_sq mean_R_gyr_sq err_mean_R_gyr_sq 
2916 1.459 0 16626.9 14639 2404.99 1745.61
1 1
5 2
9 4
13 4
17 4
25 1
29 1
37 2
41 3
45 3
49 2
53 1
61 5
65 13
73 5
81 2
85 11
89 5
97 7
101 2
109 6
113 1
117 2
125 6
137 6
145 9
149 1
153 3
157 2
169 6
173 5
181 4
185 11
193 1
197 6
205 5
221 7
225 5
229 4
233 8
241 6
245 3
257 2
261 2
265 11
269 4
277 4
281 5
289 6
293 2
305 9
313 5
317 3
325 12
333 3
337 3
349 4
353 3
361 1
365 4
369 4
373 2
377 6
389 6
397 3
401 3
409 8
425 17
433 5
441 3
445 6
449 6
457 4
461 4
477 2
481 6
485 9
493 5
505 8
509 2
521 3
529 1
533 11
541 2
545 8
549 2
557 3
565 12
569 6
577 4
585 8
593 5
601 3
605 2
613 3
617 2
625 2
629 7
637 6
641 5
653 3
657 2
661 6
673 3
677 4
685 3
689 5
697 6
701 1
709 2
725 15
729 1
733 5
745 4
757 5
761 3
765 6
769 8
773 8
785 2
793 9
797 5
801 4
809 3
821 2
829 4
841 6
845 5
853 3
857 3
865 10
873 1
877 2
881 2
901 8
905 4
909 8
925 7
929 1
937 2
941 6
949 5
953 4
961 2
965 5
977 5
981 4
985 7
997 2
1009 2
1013 4
1017 2
1021 2
1025 9
1033 2
1037 6
1049 3
1053 9
1061 4
1069 4
1073 6
1093 1
1097 6
1105 12
1109 5
1117 1
1125 8
1129 6
1145 5
1153 4
1157 5
1165 13
1181 3
1189 9
1193 5
1201 3
1205 5
1213 1
1217 1
1225 3
1229 2
1233 2
1237 1
1241 10
1249 1
1261 5
1277 2
1285 10
1289 1
1297 3
1301 3
1305 5
1313 8
1321 5
1325 9
1341 5
1345 8
1361 2
1369 7
1373 4
1377 1
1381 2
1385 7
1405 5
1409 1
1413 1
1417 8
1421 2
1429 3
1433 4
1445 10
1453 4
1465 3
1469 5
1481 2
1489 1
1493 6
1513 4
1517 7
1525 8
1537 4
1549 4
1553 2
1557 3
1565 7
1573 2
1585 6
1597 6
1601 4
1609 3
1613 2
1621 1
1625 8
1629 3
1637 5
1649 4
1657 2
1665 6
1669 1
1681 8
1685 4
1693 4
1697 4
1709 3
1717 2
1721 2
1733 1
1737 1
1741 3
1745 1
1753 1
1765 7
1769 3
1773 2
1777 2
1781 3
1789 3
1805 3
1813 2
1825 4
1845 3
1849 2
1853 3
1861 1
1865 4
1873 2
1877 3
1885 11
1889 4
1901 4
1913 1
1921 7
1933 3
1937 3
1945 5
1949 2
1961 6
1973 2
1985 4
1989 2
1993 1
1997 2
2005 4
2009 2
2017 3
2025 3
2029 3
2041 3
2045 1
2053 2
2061 2
2081 1
2089 2
2097 2
2105 4
2117 6
2125 10
2129 3
2137 4
2141 3
2161 3
2165 2
2169 3
2173 2
2197 6
2209 1
2213 1
2221 2
2225 4
2237 3
2245 4
2249 4
2257 1
2269 1
2273 3
2281 2
2285 6
2293 2
2297 4
2305 1
2313 1
2329 3
2333 2
2341 2
2349 4
2353 3
2357 1
2377 3
2381 2
2385 6
2389 1
2393 4
2405 7
2417 3
2425 8
2437 2
2441 2
2465 7
2473 3
2477 1
2493 2
2501 2
2509 2
2525 5
2529 1
2533 4
2545 6
2549 1
2557 2
2561 1
2581 4
2593 3
2597 1
2605 6
2609 1
2617 4
2621 1
2637 3
2645 1
2657 3
2665 11
2669 4
2689 1
2693 2
2701 5
2705 4
2725 5
2729 3
2741 2
2745 6
2749 2
2753 1
2777 4
2785 6
2797 1
2801 3
2809 2
2813 1
2825 3
2833 1
2837 1
2845 1
2853 1
2857 1
2861 2
2873 3
2885 3
2897 1
2909 1
2917 2
2925 2
2929 4
2941 1
2953 1
2965 3
2969 3
2977 1
2993 2
2997 2
3001 1
3005 2
3025 2
3029 3
3033 2
3037 1
3041 2
3061 1
3065 5
3077 2
3085 5
3109 3
3121 1
3125 3
3133 4
3145 5
3161 4
3177 3
3185 1
3205 5
3209 1
3217 1
3229 1
3233 5
3253 2
3265 2
3277 2
3281 1
3293 2
3301 1
3305 4
3313 2
3321 2
3329 1
3341 3
3357 2
3361 1
3365 3
3385 3
3393 5
3413 1
3425 3
3445 2
3449 1
3457 3
3485 4
3501 1
3505 1
3509 2
3533 2
3545 2
3577 1
3581 1
3589 1
3593 1
3601 4
3617 1
3625 7
3649 4
3653 2
3665 1
3673 2
3681 5
3697 1
3721 3
3725 3
3737 2
3757 3
3761 1
3785 1
3793 2
3797 1
3809 1
3825 2
3845 1
3865 1
3869 3
3881 3
3889 1
3893 1
3917 1
3925 5
3929 1
3965 3
3973 1
3977 1
3989 2
4001 2
4005 1
4021 1
4033 1
4045 3
4049 1
4069 1
4073 1
4097 2
4105 3
4113 2
4121 1
4133 4
4141 2
4145 3
4149 1
4153 1
4165 1
4177 1
4181 3
4217 1
4225 3
4253 1
4261 1
4285 1
4297 1
4329 3
4349 1
4357 1
4361 2
4369 2
4397 2
4405 2
4441 1
4469 3
4493 1
4517 1
4525 1
4537 2
4545 3
4581 3
4589 1
4597 1
4625 2
4637 2
4645 2
4657 1
4693 1
4709 1
4717 1
4765 1
4777 2
4817 1
4825 1
4849 2
4877 1
4889 1
4901 1
4925 2
4937 2
4941 1
4949 1
4961 1
4969 1
4973 1
4981 1
4985 2
5021 1
5045 1
5077 1
5081 1
5085 2
5125 1
5141 1
5153 2
5161 1
5185 1
5213 1
5233 2
5237 1
5245 1
5249 1
5297 1
5305 1
5329 1
5333 2
5337 2
5345 2
5381 1
5389 1
5417 1
5465 1
5501 2
5513 1
5521 1
5525 1
5557 1
5581 1
5729 1
5741 2
5749 1
5785 1
5813 1
5849 1
5917 2
5949 1
5965 3
5989 1
6001 1
6025 1
6065 1
6093 1
6101 1
6145 1
6201 2
6205 1
6229 1
6253 1
6257 1
6309 2
6389 1
6445 1
6565 2
6625 1
6641 1
6773 1
6817 1
6845 1
6857 1
6905 1
6917 1
7105 1
7261 1
7361 1
7417 1
7537 1
7585 1
7589 1
7605 1
7669 2
7801 1
7893 1
8105 1
9065 1
9701 1
11245 1
12805 1
59545 1
291649 1
352885 1
361345 1
385129 1
396125 1
400661 1
427085 1
490441 1
743485 1
745345 1
758705 1
759425 1
759797 1
762165 1
762193 1
763729 1
765881 1
769225 1
773797 1
774425 1
775241 1
776305 1
776357 1
779013 1
780473 1
780589 1
781817 1
785285 1
786517 1
790577 1
801125 1
801925 1
805285 1
808601 1
808685 1
812285 1
815733 1
824905 1
836021 1
968377 1
