N J h mean_R_sq err_mean_R_sq mean_R_gyr_sq err_mean_R_gyr_sq 
4900 1.32 0 162783 108005 23522.5 15282.8
85 1
325 1
529 1
925 1
1021 1
1717 1
1901 1
2057 1
2125 1
2305 1
2745 1
2797 1
2825 1
2925 1
3029 1
3217 1
3281 1
3349 1
3505 1
3509 1
3725 1
3925 1
4045 1
4549 1
4589 1
4685 1
4805 1
4877 1
4901 1
5545 1
5869 1
6001 1
6165 1
6229 1
6385 1
6397 1
6625 1
6829 1
6929 1
7025 1
7085 1
7105 1
7141 1
7145 1
7345 1
7373 1
7489 1
7501 1
7605 2
7633 1
7813 1
7837 1
7897 1
7933 1
7985 1
8053 1
8249 1
8285 1
8345 1
8405 1
8545 1
8593 1
8681 1
8749 1
8905 1
9061 1
9257 1
9305 1
9457 1
9529 1
9605 1
9661 1
9773 1
9941 1
10133 1
10161 1
10309 1
10313 1
10397 1
10405 1
10445 1
10877 1
10993 1
11149 1
11241 1
11521 1
12185 1
12349 1
12433 1
12601 1
13021 1
13169 1
13241 1
13385 1
13513 1
13613 1
13897 1
13949 1
13973 1
13997 2
14005 1
14033 1
14093 1
14225 1
14285 1
14365 1
14633 1
14677 1
14845 1
14929 1
15125 1
15205 1
15233 1
15273 1
15325 1
15341 1
15677 1
15929 1
15949 1
16001 1
16129 1
16241 1
16393 1
16465 1
16745 1
16781 1
16785 1
16805 1
16861 1
16865 1
17197 1
17357 1
17593 1
17689 1
17885 1
17953 1
17965 1
18029 1
18125 1
18181 1
18241 1
18325 1
18497 1
18713 1
18833 1
18973 1
19013 1
19045 1
19105 1
19213 1
19237 1
19345 1
19381 1
19637 1
19777 1
19825 1
19897 1
20017 1
20165 1
20557 1
20705 1
20893 1
20961 1
20969 1
21097 1
21125 1
21177 1
21217 1
21257 1
21617 1
21645 1
22181 1
22213 1
22321 1
22465 1
22469 1
22685 1
22789 2
22865 1
23245 1
23393 1
23533 1
23545 1
23557 1
23945 1
24193 1
24345 1
24433 1
24653 2
24797 1
24845 1
24977 1
24989 1
25177 1
25225 1
25281 1
25337 1
25373 1
25397 1
25493 1
25681 1
25721 1
25777 1
25789 1
25805 1
25857 1
26249 1
26305 1
26441 1
26525 2
26533 1
26585 1
26861 1
26937 1
26953 1
26977 1
27145 1
27353 1
27421 1
27425 1
27505 1
27521 1
27677 1
27757 1
27865 1
27985 1
28057 1
28213 1
28417 1
28421 1
28453 1
28769 1
28825 1
29185 2
29201 1
29385 1
29461 1
29501 1
29537 1
29637 1
29961 1
30069 1
30073 1
30181 1
30285 1
30413 1
30425 1
30465 1
30565 1
30901 1
30925 1
31001 1
31033 1
31041 1
31069 1
31285 1
31357 1
31509 1
31525 1
31581 1
31585 1
31681 1
31705 1
31909 1
31945 1
31985 1
32069 1
32405 1
32513 1
32553 1
32569 1
32605 1
32617 1
32693 1
32861 1
32869 1
33293 1
33409 1
33485 1
33521 1
33541 1
33613 1
33709 1
33721 2
33757 1
33813 1
33961 1
34001 1
34021 1
34245 1
34493 1
34549 1
34645 1
34961 2
35005 1
35033 1
35065 1
35153 1
35165 2
35225 1
35425 1
35545 1
35605 1
35633 1
35685 1
35917 1
35921 1
35965 1
36101 1
36145 1
36229 2
36265 1
36401 1
36569 1
36601 1
36721 1
36873 1
36945 1
37313 1
37481 1
37705 1
37717 1
37889 1
37993 1
38125 1
38233 1
38329 1
38425 2
38509 1
38617 1
38701 2
38705 1
38813 1
38873 1
38933 1
39073 1
39085 1
39145 1
39157 1
39377 1
39605 1
39625 1
39645 1
39841 1
40093 1
40505 1
40693 1
40725 1
40877 1
40905 1
41045 1
41157 1
41209 1
41245 2
41357 1
41405 1
41497 1
41597 1
41621 1
41717 1
41777 1
41809 1
41845 1
42025 1
42137 1
42325 1
42445 1
42453 1
42517 1
42841 1
42853 1
42905 1
42989 1
42993 1
43169 1
43181 1
43277 2
43765 1
43805 1
43829 1
43969 1
43973 1
44117 2
44197 1
44217 1
44281 1
44329 1
44705 1
44837 1
44845 2
45053 1
45145 1
45245 1
45305 1
45325 1
45389 1
45445 2
45589 1
45621 1
45677 1
45781 1
45841 1
45869 1
45901 1
46085 2
46157 1
46181 1
46237 1
46301 1
46449 1
46553 1
46681 1
46813 1
47185 1
47525 1
47573 1
47665 1
47917 1
47921 2
47989 1
48017 1
48049 1
48193 1
48285 1
48481 1
48501 1
48617 1
48649 2
48781 1
49177 1
49349 1
49433 1
49573 1
49589 1
49625 1
49705 1
49741 1
49757 1
49829 1
49865 1
49905 1
49921 1
50125 1
50185 1
50245 1
50305 1
50405 1
50453 1
50465 1
50473 1
50625 1
50661 1
50725 1
51757 1
51805 1
52013 2
52133 1
52205 1
52313 1
52429 1
52501 1
52565 1
52777 1
52865 1
52929 1
52945 1
53117 1
53293 1
53525 2
53593 1
53717 1
53761 2
53857 1
54325 2
54377 1
54385 1
54437 1
54585 1
54665 1
54673 1
54713 1
54785 1
54821 1
54877 1
54913 1
54917 1
55117 1
55193 1
55313 1
55393 1
55421 1
55445 1
55809 2
55949 1
56033 1
56153 1
56197 1
56225 1
56653 1
56745 1
56765 1
56857 1
56933 1
57025 1
57065 1
57161 1
57185 1
57325 1
57425 1
57485 1
57565 2
57609 1
57713 1
57797 1
57825 1
57965 1
58165 1
58201 1
58329 1
58393 1
58445 1
58545 1
58565 1
58885 1
59057 1
59121 1
59405 1
59513 1
59517 1
59621 1
59625 1
59789 2
60201 1
60205 1
60253 1
60281 1
60597 1
60617 1
60701 1
60889 1
60941 1
60985 1
61013 1
61133 1
61381 1
61385 1
61393 1
61549 1
61681 1
61685 2
62037 1
62101 1
62201 1
62289 1
62297 1
62345 1
62597 1
62929 1
63101 1
63125 2
63225 1
63317 1
63325 1
63401 1
63809 1
64109 1
64333 1
64441 1
64541 1
64637 1
64765 1
64861 1
64873 1
64985 2
65089 1
65245 1
65365 1
65425 2
65525 1
65585 1
65701 1
65885 1
65905 2
65909 1
65957 1
66265 1
66461 1
66469 1
66613 1
66625 1
66689 1
66797 1
66977 1
67081 1
67085 1
67253 1
67493 1
67513 1
67525 2
67729 1
67865 1
67981 1
68029 1
68137 1
68405 1
68525 1
69057 1
69121 1
69205 1
69281 1
69373 1
69589 1
69677 1
70493 1
70533 1
70613 1
70625 1
70657 1
70793 1
70925 1
71125 1
71217 1
71325 1
71405 1
72305 1
72365 1
72377 1
72433 1
72445 1
72605 1
72649 1
72693 1
72997 1
73061 1
74033 1
74065 1
74241 1
74269 1
74273 2
74321 1
74413 1
74489 1
74545 1
74645 1
74849 1
74897 1
74969 1
75125 1
75197 1
75205 1
75209 1
75245 1
75253 1
75301 1
75401 1
75701 1
75805 1
75925 1
76025 1
76457 1
76565 1
76585 1
76861 1
77009 1
77293 1
77465 1
77725 1
77897 1
77941 1
77977 1
78005 1
78125 1
78233 1
78325 1
78761 1
78937 1
78949 1
79037 1
79137 2
79469 1
79605 1
79609 1
79789 1
79885 1
80485 1
80537 1
80561 1
80665 1
80757 1
80825 1
81665 1
82073 1
82157 1
82433 1
82513 1
82769 1
82865 1
83005 1
83189 1
83221 1
83725 1
84033 1
84125 1
84317 1
84717 1
84825 1
85277 1
85625 1
85689 1
85825 1
85969 1
86125 1
86509 1
86701 1
86913 1
87001 1
87165 1
87625 1
88145 1
88345 1
88553 1
88705 1
89209 1
89725 1
89921 1
90065 1
90653 1
90989 1
91205 1
91565 1
91709 1
92681 1
92849 1
92965 1
93101 1
93109 1
93517 1
93565 1
93645 1
93789 1
93861 1
93925 1
94077 1
94313 1
94505 1
94625 1
95149 1
95405 1
95453 1
95485 1
95633 1
95713 1
96161 1
96237 1
96365 1
96725 1
96941 1
97469 1
97969 1
98101 1
98309 1
98541 1
98585 1
98621 1
98865 1
98885 1
98965 1
99125 2
99229 1
99865 1
100861 1
101261 1
101565 1
102133 1
102257 1
102449 1
102645 1
103685 1
103777 1
104033 1
104081 1
104285 1
104297 1
105313 1
105785 1
105845 1
106093 1
107509 1
107845 1
108457 1
108989 1
109381 1
109397 1
110125 1
110245 1
110249 1
112253 1
114773 1
114925 1
115645 1
116425 1
116693 1
117437 1
117793 1
118053 1
119065 1
119457 1
120845 1
121177 1
121249 1
121357 1
121637 1
122345 1
123265 1
123341 1
123921 1
124009 1
124265 1
124813 1
124937 1
126277 1
126505 1
126905 1
126997 1
127153 1
127577 1
128605 1
129925 1
130973 1
132017 1
132073 1
132241 1
132481 1
132617 1
132665 1
133825 1
134245 1
134485 1
134845 1
134861 1
135725 1
135805 1
136765 1
136877 1
137741 1
139165 1
139553 1
139577 1
140033 1
140489 1
140573 1
141125 1
142965 1
145837 1
148345 1
149537 1
150413 1
157405 1
158833 1
159053 1
161089 1
163157 1
164277 1
178769 1
188037 1
190321 1
369377 1
381361 1
381725 1
430049 1
500245 1
507761 1
583757 1
645053 1
655057 1
673133 1
696085 1
714825 1
719765 1
724853 1
750205 1
752257 1
771289 1
806765 1
817037 1
842081 1
851425 1
874705 1
875165 1
902889 1
936065 1
937793 1
939905 1
941629 1
953717 1
954685 1
965837 1
974425 1
977041 1
978965 1
979169 2
980109 1
981437 1
983005 1
984169 1
984589 1
986065 1
988789 1
997641 1
1003969 1
1008493 1
1009801 1
1010089 1
1012321 1
1015757 1
1016593 1
1017113 1
1017585 1
1019845 1
1020113 1
1032481 1
1045445 1
1063945 1
1064729 1
1067413 1
1067725 1
1071425 1
1074197 1
1077017 1
1081933 1
1082629 1
1100393 1
1103317 1
1113633 1
1119469 1
1129529 1
1144417 1
1151393 1
1171165 1
1180625 1
1181605 1
1182205 1
1191625 1
1195025 1
1204405 1
1215133 1
1252737 1
1253773 1
1432909 1
1667357 1
1687393 1
1736969 1
1887901 1
1893541 1
2226505 1
2277481 1
2322233 1
2370637 1
2520725 1
2869685 1
2982545 1
3058313 1
