N J h mean_R_sq err_mean_R_sq mean_R_gyr_sq err_mean_R_gyr_sq 
3600 1.46 0 59685.1 57090.4 8333.51 7489.19
1 1
5 3
9 1
13 3
17 2
25 3
29 2
37 1
41 7
45 2
49 1
53 1
65 5
73 3
85 7
89 4
97 5
101 2
109 2
113 3
117 3
121 1
125 6
137 4
145 8
149 6
153 4
157 4
169 5
173 3
181 2
185 5
193 3
205 5
221 6
225 5
229 1
233 3
241 2
245 3
257 2
261 3
265 5
269 7
277 3
281 1
289 6
293 1
305 5
313 3
317 3
325 16
333 3
349 4
353 6
361 2
365 5
369 4
373 3
377 7
389 3
397 2
401 4
405 2
409 4
421 3
425 22
433 2
441 1
445 7
449 2
457 4
461 5
477 4
481 6
485 4
493 2
505 6
509 3
521 2
533 6
541 1
545 3
549 2
557 6
565 11
569 3
577 2
585 6
593 1
601 2
605 4
613 2
617 1
625 9
629 8
637 3
641 2
653 6
657 1
661 2
677 2
685 4
689 7
697 4
701 5
709 2
725 6
729 2
745 3
757 5
761 4
765 3
769 3
773 5
785 4
793 6
797 6
801 3
809 2
821 4
829 1
833 2
841 8
845 9
853 1
857 5
865 5
873 6
877 2
901 9
905 7
909 1
925 8
929 6
937 2
941 2
949 9
953 3
961 2
965 1
977 3
981 6
985 8
997 6
1009 4
1013 1
1017 7
1021 5
1025 6
1033 1
1037 9
1049 3
1053 2
1061 3
1069 2
1073 4
1093 4
1097 2
1105 9
1109 3
1117 2
1125 4
1129 1
1145 6
1153 3
1157 7
1165 1
1189 6
1193 1
1205 6
1213 2
1217 1
1225 6
1229 3
1233 2
1237 2
1241 5
1249 4
1261 3
1277 4
1285 5
1289 1
1297 3
1301 2
1305 7
1325 7
1345 5
1369 10
1373 4
1377 4
1385 9
1405 4
1409 1
1413 3
1417 4
1421 2
1429 2
1433 1
1445 11
1453 2
1465 4
1469 3
1481 2
1489 3
1493 1
1513 6
1517 2
1521 6
1525 15
1537 4
1549 1
1553 1
1557 2
1565 2
1573 4
1585 6
1597 2
1601 2
1609 1
1613 2
1625 12
1629 4
1637 4
1649 4
1657 2
1665 5
1669 1
1681 5
1685 11
1693 2
1709 1
1717 4
1721 2
1733 1
1737 2
1741 4
1745 3
1753 5
1765 6
1769 4
1773 3
1777 1
1781 5
1789 2
1801 4
1805 5
1813 1
1825 9
1845 4
1849 1
1853 3
1861 2
1865 4
1873 1
1877 4
1885 6
1889 1
1913 3
1921 7
1933 3
1937 6
1945 2
1949 2
1961 2
1973 2
1985 5
1989 6
1993 4
1997 1
2005 4
2009 1
2017 1
2025 4
2029 1
2041 2
2045 2
2053 2
2057 3
2061 1
2069 1
2081 1
2089 2
2097 3
2105 4
2113 2
2117 3
2125 6
2137 1
2141 4
2153 3
2161 1
2165 2
2173 2
2197 4
2205 2
2209 2
2213 2
2221 2
2225 6
2237 1
2245 3
2249 5
2257 3
2269 2
2273 3
2281 7
2285 2
2293 3
2297 3
2305 5
2309 1
2313 1
2329 3
2333 3
2341 4
2349 2
2353 6
2381 1
2385 2
2389 2
2393 3
2401 2
2405 4
2417 2
2421 2
2425 4
2437 1
2465 9
2477 3
2493 2
2501 2
2509 5
2521 1
2525 3
2529 5
2533 2
2545 2
2549 2
2557 2
2561 4
2581 2
2593 1
2597 1
2601 4
2605 3
2609 1
2617 1
2621 1
2633 1
2637 2
2645 1
2657 1
2665 10
2669 2
2677 1
2689 1
2701 3
2705 1
2713 3
2725 1
2729 2
2741 1
2745 4
2753 1
2777 2
2785 1
2789 2
2797 1
2801 2
2809 1
2813 1
2817 1
2825 5
2833 2
2845 2
2853 2
2857 1
2861 1
2873 2
2885 3
2909 1
2917 1
2925 4
2929 2
2941 3
2953 3
2957 1
2965 3
2969 2
2977 2
2989 1
2993 1
2997 3
3001 1
3025 1
3029 1
3037 3
3049 1
3065 1
3085 6
3089 2
3109 1
3121 2
3125 6
3133 6
3137 1
3141 1
3145 4
3161 2
3169 1
3181 1
3185 2
3209 1
3217 1
3221 1
3229 2
3233 4
3249 1
3253 1
3257 1
3265 1
3277 1
3281 1
3285 3
3305 1
3321 1
3341 2
3349 4
3361 1
3365 2
3373 2
3385 4
3389 1
3393 3
3413 1
3425 2
3433 1
3445 3
3457 1
3461 3
3469 2
3485 2
3497 2
3505 3
3509 1
3529 2
3533 2
3541 2
3545 5
3557 2
3577 2
3589 3
3593 2
3613 1
3625 4
3645 1
3649 3
3653 3
3665 1
3677 2
3697 1
3701 2
3709 1
3721 1
3725 3
3733 1
3737 3
3757 3
3761 1
3785 1
3789 1
3793 1
3797 1
3805 2
3809 2
3821 1
3845 1
3853 1
3865 2
3869 2
3877 2
3881 1
3889 2
3893 1
3897 1
3917 1
3925 3
3929 1
3961 2
3965 1
3969 1
3973 1
3977 2
3985 1
3989 1
4005 1
4021 1
4033 1
4041 2
4049 2
4069 1
4073 1
4097 2
4105 2
4121 1
4129 3
4133 2
4141 1
4153 3
4165 1
4205 4
4217 1
4225 4
4229 2
4265 4
4321 1
4325 2
4329 1
4337 1
4349 1
4357 2
4365 2
4369 1
4381 1
4385 2
4397 2
4405 1
4409 2
4421 1
4437 2
4453 2
4457 2
4469 1
4477 1
4481 1
4505 2
4513 1
4517 2
4525 1
4545 2
4553 1
4573 1
4589 1
4597 1
4621 1
4625 1
4645 1
4657 2
4673 1
4705 1
4709 3
4717 1
4733 1
4745 2
4753 1
4761 1
4765 1
4777 1
4797 1
4805 1
4813 1
4817 2
4825 4
4877 1
4885 1
4909 1
4913 2
4925 1
4933 1
4937 1
4949 1
4969 1
4981 2
5009 1
5013 1
5017 2
5021 2
5045 1
5057 3
5065 1
5077 1
5085 1
5101 1
5105 1
5125 3
5141 1
5185 1
5209 1
5213 1
5237 1
5261 1
5265 1
5337 1
5341 2
5393 1
5441 1
5465 1
5473 2
5513 1
5521 1
5525 2
5537 1
5545 2
5553 1
5569 1
5573 2
5585 1
5617 1
5625 1
5653 1
5661 3
5693 1
5717 1
5749 1
5897 1
5905 2
5913 1
5945 1
5989 2
6029 1
6065 1
6073 1
6085 3
6145 2
6161 1
6173 1
6201 1
6205 1
6221 1
6253 1
6305 1
6361 2
6445 1
6497 1
6505 1
6521 2
6529 1
6565 1
6613 2
6617 1
6641 1
6649 2
6705 1
6733 1
6781 1
6817 1
6845 2
6893 1
6917 1
6921 1
6925 2
6977 1
6989 1
7065 1
7081 1
7085 1
7105 1
7137 1
7209 1
7225 1
7261 1
7405 1
7465 2
7477 1
7577 1
7585 1
7605 1
7669 1
7693 1
7741 1
7765 1
7801 1
7825 2
7837 1
7897 1
7925 1
7937 1
8021 1
8045 1
8077 2
8105 2
8177 1
8181 1
8221 1
8245 1
8629 1
8837 1
8905 1
9049 1
9077 1
9113 1
9133 1
9197 1
9665 1
9893 1
10057 1
10225 1
10345 1
10361 1
10441 1
10445 1
10525 1
10537 1
10625 1
10685 1
10753 1
10825 1
11169 1
11441 1
12357 1
12665 1
12721 1
13025 1
13285 1
13681 1
14085 1
14265 1
14305 1
15349 1
15385 1
16241 1
16249 1
16409 1
16565 1
17093 1
17101 1
17777 1
18065 1
18125 1
18385 1
18513 1
18685 1
18713 1
18913 1
19125 2
19825 1
20413 1
21125 1
21305 1
21509 1
22685 1
26965 1
65033 1
76705 1
92105 1
118561 1
124357 1
151325 1
181501 1
185189 1
189709 1
191893 1
199909 1
200873 1
202789 1
202861 1
209813 1
211649 1
215321 1
218117 1
221189 1
221525 1
223073 1
226409 1
233549 1
234545 1
234697 1
250361 1
267689 1
369233 1
400945 1
409649 1
437597 1
632809 1
764501 1
842733 1
844757 1
858005 1
878697 1
883601 1
889313 1
893125 1
893169 1
900665 1
902725 1
904465 1
904501 1
906745 1
912717 1
913937 1
914057 1
916633 1
917989 1
921769 1
925973 1
929377 1
931241 1
931801 1
932825 1
937249 1
939105 1
939285 1
939625 1
940949 1
943241 1
948677 1
950641 1
950821 1
952577 1
953417 1
955313 1
958477 1
958697 1
962377 1
963145 1
966325 1
970625 1
980221 1
1002197 1
1006013 1
1006265 1
1010281 1
1012085 1
1016145 1
1018145 2
1018565 1
1020389 1
1020541 1
1020629 1
1021061 1
1024673 1
1026569 1
1028637 1
1030481 1
1032257 1
1032281 1
1034485 1
1036405 1
1040521 1
1042765 1
1044941 1
1045213 1
1052725 1
1054045 1
1056173 1
1056905 1
1059325 1
1063285 1
1065553 1
1069445 1
1070381 1
1073521 1
1073921 1
1076153 1
1079557 1
1081825 1
1086053 1
1090377 1
1102861 1
1104617 1
1109385 1
1118693 1
1123825 1
1125725 1
1128573 1
1166521 1
1169137 1
1171349 1
1174185 1
1249925 1
1302665 1
1361893 1
1518049 1
1583189 1
