N J h mean_R_sq err_mean_R_sq mean_R_gyr_sq err_mean_R_gyr_sq 
4900 1.52 0 60756.1 57917.8 8100.45 7102.07
5 1
9 1
13 2
25 2
29 2
37 2
45 2
61 1
65 3
85 2
89 3
97 2
101 1
109 2
113 1
125 2
137 1
145 3
153 1
157 2
169 1
185 3
193 1
205 2
221 3
229 4
233 3
245 1
257 1
265 3
277 6
281 1
289 2
293 3
305 4
313 2
325 4
333 3
337 2
349 1
353 2
365 3
369 3
373 3
377 5
389 1
397 1
405 2
409 1
421 1
425 4
433 1
441 1
449 2
485 3
505 3
509 3
521 1
533 4
541 4
557 2
565 4
569 2
577 3
593 2
605 2
617 1
625 3
629 4
637 2
641 1
653 3
661 2
673 2
677 1
685 1
689 2
697 3
701 2
709 2
725 8
729 1
733 2
745 4
757 2
761 1
765 4
769 1
773 1
785 6
793 1
801 1
821 1
829 1
845 10
857 1
865 1
873 3
881 1
901 1
905 1
909 2
925 3
929 2
937 1
949 2
965 1
977 2
981 1
985 3
997 1
1009 1
1013 3
1017 3
1021 1
1025 2
1037 3
1053 1
1069 1
1073 2
1089 2
1093 2
1097 1
1105 8
1117 2
1125 5
1145 2
1153 1
1157 4
1165 1
1189 1
1201 2
1205 3
1213 2
1217 3
1225 2
1229 1
1237 1
1241 2
1261 3
1285 3
1289 3
1305 2
1313 1
1325 5
1341 1
1345 4
1369 1
1373 2
1377 2
1385 3
1413 1
1417 3
1421 1
1429 2
1433 1
1445 5
1465 4
1469 1
1481 3
1489 1
1513 3
1517 2
1521 3
1525 3
1537 3
1557 2
1573 3
1585 1
1601 2
1609 3
1613 1
1625 5
1637 1
1649 3
1657 1
1665 1
1685 4
1693 2
1697 3
1709 2
1717 2
1721 2
1737 1
1741 3
1745 2
1765 1
1769 2
1777 1
1781 1
1789 2
1801 1
1805 2
1825 4
1845 1
1849 3
1853 4
1865 2
1873 1
1885 3
1889 1
1901 1
1921 3
1933 1
1937 5
1945 1
1961 3
1985 1
1989 1
2005 2
2009 1
2017 2
2025 3
2029 1
2041 6
2045 1
2057 1
2069 2
2081 1
2089 2
2097 1
2105 4
2113 1
2117 1
2125 4
2137 1
2161 1
2165 2
2173 2
2197 3
2209 1
2221 1
2225 2
2245 1
2257 2
2269 1
2273 1
2281 1
2285 1
2293 1
2297 1
2305 4
2313 1
2329 8
2341 1
2357 2
2377 1
2381 1
2385 2
2393 1
2405 3
2417 1
2421 2
2425 4
2437 1
2441 1
2465 2
2473 1
2477 3
2493 1
2501 6
2509 1
2521 2
2525 2
2529 1
2533 4
2557 1
2561 1
2601 3
2605 2
2617 1
2665 6
2669 1
2677 1
2689 1
2693 1
2701 1
2705 2
2725 2
2741 1
2745 3
2749 1
2753 1
2785 2
2801 1
2809 2
2813 3
2825 2
2845 2
2853 1
2873 2
2897 3
2909 1
2917 2
2941 3
2965 2
2977 3
2993 1
3005 1
3029 4
3037 2
3049 1
3061 1
3065 3
3077 1
3089 1
3109 1
3133 1
3137 1
3161 1
3177 1
3185 1
3205 2
3209 1
3221 4
3229 1
3233 2
3249 2
3253 1
3257 1
3265 2
3277 1
3281 3
3293 1
3313 2
3329 2
3341 1
3357 2
3361 1
3365 1
3385 1
3389 1
3393 1
3413 1
3425 6
3433 3
3445 1
3449 1
3485 4
3497 2
3501 1
3505 4
3545 1
3557 2
3589 2
3625 2
3637 1
3649 1
3653 1
3677 1
3721 1
3725 1
3733 1
3737 2
3757 3
3793 1
3845 1
3877 2
3893 2
3897 1
3917 1
3925 2
3929 1
3961 1
3965 2
3985 2
3989 1
4001 1
4033 1
4041 1
4049 1
4057 1
4069 1
4105 1
4153 1
4157 1
4165 2
4201 1
4205 1
4217 1
4225 2
4229 1
4241 1
4265 1
4273 1
4293 1
4297 1
4321 2
4329 2
4349 2
4369 2
4397 1
4405 1
4409 1
4469 1
4477 1
4493 1
4505 1
4517 1
4525 1
4537 1
4553 1
4589 1
4657 1
4685 1
4745 1
4777 1
4817 1
4825 1
4869 1
4877 1
4901 1
4933 1
4949 1
4969 1
5021 1
5045 1
5065 1
5085 2
5165 1
5185 4
5197 1
5213 1
5237 1
5249 1
5265 1
5309 1
5329 1
5337 1
5393 1
5413 1
5429 1
5473 1
5477 1
5553 2
5557 2
5573 1
5629 1
5689 1
5713 2
5725 1
5737 1
5741 1
5769 2
5809 1
5813 1
5825 1
5837 3
5857 1
5869 1
5877 2
5897 1
5905 2
5929 1
5945 1
5953 1
5965 1
6037 1
6065 2
6085 1
6125 3
6165 1
6173 1
6205 1
6217 1
6245 1
6269 1
6273 1
6317 1
6373 1
6397 1
6409 1
6449 1
6481 1
6505 1
6525 1
6597 1
6641 1
6701 1
6705 1
6737 1
6805 1
6925 1
6949 1
7069 1
7093 1
7121 1
7157 1
7193 1
7345 1
7373 1
7397 1
7417 1
7457 1
7517 1
7537 1
7741 1
7753 1
7765 1
7769 1
7813 1
8249 1
8357 1
8489 1
8845 1
9365 1
9397 1
9621 1
10985 1
11485 1
40545 1
92885 1
93025 1
93573 1
96889 1
100745 1
101725 1
102105 1
105053 1
105821 1
107033 1
108677 1
109885 1
110273 1
110765 1
111313 1
111449 1
113945 1
114577 1
114929 1
116297 1
116605 1
117837 1
118813 1
118865 1
120469 1
120961 1
121725 1
121729 1
121945 1
122125 1
124193 1
127697 1
129649 1
133721 1
134905 1
135985 1
136153 1
137837 1
139285 1
140689 1
140837 1
146185 1
146365 1
149785 1
158453 1
162605 1
167689 1
168937 1
170077 1
170273 1
171405 1
173893 1
174725 1
175813 1
176481 1
181525 1
182205 1
209177 1
497125 1
497465 1
514337 1
518125 1
520997 1
527741 1
575965 1
1073921 1
1090057 1
1100545 1
1308961 1
1901785 1
1915481 1
1921077 1
1923833 1
1951613 1
1951673 1
1957237 1
1957301 1
1965605 1
1968425 1
2143345 1
2331765 1
2387041 1
2650505 1
2802637 1
2819185 1
2822425 1
2900609 1
