N J h mean_R_sq err_mean_R_sq mean_R_gyr_sq err_mean_R_gyr_sq 
1225 1.48 0 869.737 31.1119 277.293 1.72112
4 1
8 3
10 3
16 1
20 5
26 3
34 7
36 3
40 5
50 6
52 3
58 1
64 1
68 8
72 1
74 2
80 3
82 4
90 7
100 6
104 5
106 6
116 2
122 3
128 4
130 16
136 3
144 4
146 1
148 6
160 4
162 2
164 6
170 12
178 3
180 7
194 4
196 6
200 4
202 4
208 4
212 9
218 3
226 3
232 5
234 4
242 3
244 3
250 5
256 2
260 7
272 4
274 5
288 2
290 10
292 4
296 7
298 8
306 4
314 1
320 6
324 2
328 3
338 10
340 9
346 6
356 7
360 3
362 7
370 2
386 7
388 7
392 2
394 3
400 7
404 3
410 6
416 10
424 2
436 5
442 8
450 3
452 7
458 2
464 3
466 4
468 3
482 1
484 2
488 5
490 7
500 4
512 1
514 4
520 4
522 5
530 4
538 4
544 2
548 8
554 4
562 5
578 3
580 6
586 3
592 1
596 4
610 3
612 2
626 2
628 5
634 3
640 4
648 1
650 10
656 5
666 3
674 2
676 5
680 5
692 2
698 1
706 2
712 3
720 3
722 4
724 3
730 3
738 1
740 8
754 3
772 1
776 3
778 1
784 1
788 2
794 1
800 2
802 4
810 4
818 2
820 2
832 1
848 3
850 9
866 3
872 2
882 1
884 3
890 5
898 4
900 5
904 3
916 3
928 1
932 2
936 1
954 3
962 4
964 2
968 1
970 9
976 2
980 2
986 5
1000 3
1010 4
1018 3
1024 1
1028 4
1040 3
1042 5
1044 3
1058 2
1060 3
1066 4
1076 2
1082 1
1090 4
1096 2
1098 5
1108 2
1130 5
1138 2
1154 2
1156 3
1160 7
1168 2
1170 4
1172 1
1186 2
1192 5
1210 4
1220 2
1224 2
1226 3
1234 2
1250 4
1252 2
1258 3
1268 2
1274 2
1280 1
1282 2
1300 2
1306 2
1314 2
1322 1
1332 3
1346 1
1352 1
1354 1
1360 3
1370 4
1378 2
1384 2
1394 3
1418 1
1440 2
1444 2
1448 1
1450 4
1460 4
1466 5
1476 3
1480 3
1490 4
1492 4
1508 1
1514 2
1522 1
1530 3
1538 2
1544 1
1546 1
1552 1
1570 1
1576 1
1586 1
1588 2
1600 3
1602 2
1616 1
1618 2
1640 1
1666 1
1682 1
1684 1
1690 3
1700 6
1730 2
1754 2
1768 1
1796 3
1802 3
1808 3
1810 2
1828 2
1832 2
1850 3
1882 1
1898 3
1906 1
1922 1
1928 1
1930 1
1940 1
1954 1
1970 3
1972 1
2000 1
2018 1
2020 1
2026 2
2036 1
2042 1
2050 3
2074 2
2084 1
2088 1
2120 3
2132 2
2138 1
2146 1
2176 1
2180 1
2186 1
2194 1
2196 2
2210 2
2218 2
2228 1
2234 1
2250 2
2290 1
2312 2
2320 1
2340 1
2362 1
2368 1
2434 1
2482 1
2500 1
2512 1
2536 1
2570 2
2594 1
2600 1
2628 1
2690 1
2692 1
2708 1
2720 1
2722 1
2740 1
2866 1
2880 1
2890 2
2896 1
2906 1
2920 1
2930 1
2938 1
3026 1
3050 2
3076 1
3140 1
3188 1
3200 1
3284 1
3400 1
3442 1
3460 2
3490 1
3530 1
4000 1
4114 1
4160 1
4756 1
4768 1
5096 1
5266 1
5386 1
