N J h mean_R_sq err_mean_R_sq mean_R_gyr_sq err_mean_R_gyr_sq 
1600 1.405 0 2378.17 103.606 558.374 12.7642
1 1
5 5
9 2
13 4
17 10
25 5
29 3
37 7
41 4
45 6
49 1
53 4
61 6
65 9
73 8
81 3
85 13
89 4
97 5
101 5
109 5
113 2
117 1
121 3
125 11
137 2
145 14
149 8
153 5
157 9
169 6
173 5
181 6
185 10
193 9
197 7
205 9
221 12
225 10
229 4
233 7
241 8
245 7
257 2
261 5
265 17
269 6
277 4
281 6
289 9
293 5
305 10
313 6
317 3
325 16
333 4
337 5
349 7
353 7
361 2
365 15
369 6
373 4
377 12
389 8
397 6
401 4
405 3
409 3
421 3
425 18
433 9
441 2
445 11
449 5
457 5
461 1
477 4
481 10
485 11
493 13
505 7
509 4
521 4
529 2
533 10
541 9
545 14
549 5
557 5
565 9
569 7
577 5
585 8
593 7
601 4
605 2
613 6
617 4
625 12
629 13
637 3
641 6
653 3
657 5
661 5
673 1
677 9
685 15
689 12
697 13
701 5
709 1
725 13
729 2
733 7
745 18
757 6
761 4
765 10
769 3
773 6
785 10
793 13
797 2
801 2
809 4
821 3
829 5
833 7
841 12
845 11
853 2
857 2
865 9
873 3
877 6
881 3
901 14
905 9
909 4
925 15
929 4
937 7
941 5
949 9
953 8
961 4
965 8
977 4
981 6
985 10
997 5
1009 5
1013 5
1017 4
1021 7
1025 12
1033 7
1037 13
1049 1
1053 5
1061 1
1069 3
1073 10
1089 1
1093 2
1097 4
1105 10
1109 8
1117 1
1125 9
1129 5
1145 8
1153 4
1157 2
1165 5
1181 3
1189 7
1193 7
1201 2
1205 7
1213 2
1217 6
1225 6
1229 4
1233 4
1237 5
1241 6
1249 4
1261 10
1277 6
1285 8
1289 7
1297 5
1301 1
1305 7
1313 7
1321 7
1325 19
1341 4
1345 8
1361 2
1369 2
1377 5
1381 4
1385 3
1405 5
1409 2
1413 3
1417 10
1421 2
1429 3
1433 8
1445 11
1453 3
1465 8
1469 6
1481 5
1489 5
1493 1
1513 10
1517 13
1521 3
1525 11
1537 5
1549 3
1553 1
1557 2
1565 3
1573 1
1585 7
1597 4
1601 7
1609 5
1613 6
1621 4
1625 10
1629 3
1637 5
1649 9
1657 5
1665 8
1669 4
1681 3
1685 4
1693 2
1697 3
1709 2
1717 7
1721 1
1733 3
1741 2
1745 6
1753 5
1765 7
1769 7
1773 5
1777 7
1781 6
1789 3
1801 6
1805 2
1813 2
1825 13
1845 10
1849 1
1853 3
1861 3
1865 7
1873 2
1877 2
1885 17
1889 1
1901 1
1913 1
1921 6
1937 6
1945 8
1949 3
1961 4
1973 7
1985 5
1989 8
1993 2
1997 4
2005 9
2009 4
2017 1
2025 4
2029 1
2041 9
2045 3
2053 2
2057 2
2061 1
2069 3
2081 4
2089 7
2097 1
2105 10
2113 2
2117 7
2125 12
2129 3
2137 2
2141 1
2153 7
2161 1
2165 3
2169 4
2173 5
2197 3
2205 2
2221 6
2225 13
2237 1
2245 6
2249 4
2257 4
2269 3
2273 3
2281 1
2285 7
2293 2
2297 3
2305 6
2309 4
2313 2
2329 7
2333 2
2341 3
2349 1
2353 4
2357 3
2377 2
2381 3
2385 6
2389 1
2393 3
2405 12
2421 2
2425 10
2437 1
2441 1
2465 10
2473 2
2477 3
2493 2
2501 6
2509 2
2521 2
2525 2
2529 2
2533 6
2545 8
2549 3
2557 2
2561 3
2581 3
2593 3
2601 4
2605 1
2609 2
2617 1
2621 1
2633 3
2637 4
2645 3
2657 2
2665 9
2669 11
2677 3
2689 2
2693 2
2701 3
2705 6
2713 2
2725 8
2729 3
2741 4
2745 2
2749 3
2753 1
2777 3
2785 3
2797 2
2801 1
2809 3
2813 5
2817 3
2825 6
2833 3
2837 5
2845 5
2853 2
2857 2
2861 1
2873 6
2885 2
2897 2
2909 2
2917 3
2925 5
2929 2
2941 1
2953 4
2965 4
2977 7
2989 2
2993 6
2997 4
3001 1
3005 2
3025 4
3029 3
3033 1
3037 1
3041 2
3061 1
3065 3
3077 4
3085 3
3089 1
3109 1
3121 3
3125 6
3133 3
3137 3
3141 2
3145 8
3161 6
3169 3
3177 3
3181 2
3185 2
3205 3
3209 1
3217 1
3221 2
3229 3
3233 5
3253 1
3257 3
3265 2
3277 2
3281 3
3285 1
3293 5
3301 1
3305 6
3313 1
3321 2
3329 2
3341 3
3349 4
3357 2
3361 1
3365 3
3373 1
3385 1
3389 3
3393 1
3413 1
3425 1
3445 8
3449 2
3457 2
3461 5
3469 2
3485 9
3505 3
3509 2
3517 2
3529 1
3545 3
3557 1
3573 1
3577 1
3581 3
3589 4
3593 1
3601 3
3609 1
3613 3
3617 2
3625 4
3637 1
3645 2
3649 6
3653 1
3665 2
3673 1
3677 1
3681 1
3697 1
3709 1
3725 7
3733 3
3737 5
3757 5
3769 2
3785 3
3789 2
3797 1
3805 2
3809 3
3821 3
3825 2
3845 1
3853 1
3865 3
3869 3
3877 3
3881 1
3893 3
3897 1
3917 2
3925 9
3929 2
3961 2
3965 2
3973 3
3985 1
4001 1
4005 5
4013 1
4033 5
4041 3
4045 2
4049 1
4057 2
4069 4
4073 2
4093 2
4097 2
4105 5
4113 2
4121 2
4129 1
4133 1
4141 3
4145 1
4149 1
4153 1
4157 2
4165 1
4181 1
4201 1
4205 5
4225 3
4229 2
4241 1
4253 5
4261 1
4265 3
4273 1
4285 1
4289 2
4293 2
4321 3
4325 1
4329 1
4337 2
4361 1
4365 3
4369 1
4381 2
4385 1
4397 4
4405 3
4437 2
4441 1
4453 1
4457 1
4469 2
4477 1
4493 1
4505 4
4525 6
4545 1
4553 2
4561 1
4573 1
4589 1
4621 1
4625 3
4633 3
4657 2
4673 1
4689 2
4705 4
4709 3
4717 1
4733 2
4745 1
4765 2
4777 1
4789 1
4793 1
4797 3
4825 6
4849 2
4861 4
4869 1
4885 1
4889 1
4901 1
4905 1
4925 6
4933 1
4941 1
4969 1
4981 1
4993 2
5009 1
5041 1
5045 1
5057 1
5065 1
5069 3
5085 1
5101 1
5105 1
5125 1
5141 4
5161 5
5165 1
5185 4
5189 1
5209 1
5213 1
5233 1
5237 1
5245 1
5249 2
5265 1
5305 1
5309 1
5317 2
5321 1
5333 1
5341 1
5345 2
5353 2
5365 2
5381 1
5389 1
5393 2
5409 1
5413 2
5429 4
5437 2
5445 1
5465 1
5473 1
5477 2
5501 1
5513 1
5521 1
5525 4
5545 1
5553 1
5557 1
5569 2
5581 1
5585 2
5597 3
5617 2
5625 2
5629 2
5641 1
5645 2
5669 1
5693 1
5713 2
5717 1
5725 3
5733 1
5737 2
5741 3
5777 1
5785 2
5801 1
5821 1
5837 2
5897 2
5905 1
5917 2
5933 1
5941 1
5953 3
5965 1
6001 1
6005 2
6025 1
6029 1
6037 1
6053 1
6065 2
6073 1
6089 2
6093 1
6101 1
6109 1
6125 1
6133 1
6145 2
6197 1
6201 1
6205 1
6253 2
6269 1
6273 1
6277 2
6305 3
6329 3
6337 1
6361 1
6385 1
6389 1
6397 1
6401 1
6413 1
6481 1
6485 2
6497 1
6525 1
6565 1
6581 1
6617 1
6625 1
6641 1
6661 1
6673 1
6689 1
6697 1
6705 1
6713 1
6725 3
6749 1
6761 2
6773 1
6893 1
6917 1
6925 2
6929 3
6949 1
6957 2
6989 1
7001 1
7025 2
7065 1
7069 1
7085 1
7121 1
7157 1
7165 2
7173 1
7225 2
7281 1
7301 1
7325 1
7345 1
7369 1
7393 1
7421 1
7433 2
7477 1
7501 1
7549 1
7565 1
7569 1
7573 1
7673 1
7681 1
7685 1
7765 1
7785 2
7813 1
7825 1
7865 1
7913 1
8009 1
8017 1
8045 2
8053 1
8109 1
8117 1
8125 1
8145 1
8185 2
8249 1
8285 1
8321 1
8325 1
8357 1
8369 1
8377 1
8389 1
8425 3
8465 1
8469 1
8485 1
8497 1
8521 1
8677 2
8685 1
8725 1
8737 1
8741 1
8801 1
8857 1
9041 1
9061 1
9125 1
9257 1
9281 1
9433 1
9477 1
9505 1
9549 1
9553 1
9577 1
9629 1
9649 1
9817 1
9829 1
9841 1
9873 1
9941 1
9945 2
10025 1
10057 1
10081 2
10085 1
10125 1
10217 1
10225 1
10253 1
10273 1
10433 2
10501 1
10657 1
10825 1
10937 1
11097 1
11133 1
11241 1
11245 1
11317 1
11329 1
11461 1
11701 1
12325 1
12385 1
12545 1
12665 1
13505 1
13949 1
14281 1
14365 1
14381 1
14645 1
15025 1
16029 1
16105 1
17065 1
19989 1
35113 1
139133 1
