N J h mean_R_sq err_mean_R_sq mean_R_gyr_sq err_mean_R_gyr_sq 
1225 1.54 0 699.286 14.1606 250.477 0.716348
2 3
4 1
8 5
10 9
16 7
18 4
20 7
26 10
32 3
34 6
36 8
40 7
50 14
52 10
58 10
64 2
68 18
72 7
74 7
80 13
82 7
90 11
98 6
100 10
104 12
106 15
116 11
122 8
128 6
130 21
136 11
144 9
146 13
148 9
160 13
162 10
164 3
170 21
178 11
180 11
194 16
196 3
200 15
202 11
208 14
212 12
218 10
226 8
232 7
234 10
242 3
244 9
250 14
256 4
260 23
272 11
274 8
288 1
290 19
292 10
296 7
298 8
306 10
314 13
320 8
324 10
328 10
338 15
340 26
346 13
356 13
360 14
362 8
370 10
386 11
388 14
392 1
394 12
400 10
404 7
410 15
416 9
424 12
436 10
442 22
450 10
452 10
458 7
464 3
466 6
468 11
482 6
484 4
488 7
490 5
500 15
512 4
514 9
520 14
522 6
530 26
538 3
544 3
548 13
554 8
562 7
576 4
578 16
580 10
584 10
586 5
592 5
596 6
610 14
612 9
626 3
628 10
634 5
640 8
648 4
650 19
656 2
666 5
674 7
676 10
680 6
692 8
698 11
706 5
712 7
720 6
722 4
724 7
730 9
738 5
740 10
746 1
754 10
772 6
776 6
778 6
784 5
788 4
794 5
800 8
802 4
808 9
810 2
818 4
820 5
832 7
842 9
848 3
850 18
866 6
872 2
882 3
884 9
890 14
898 6
900 6
904 4
914 7
916 6
922 7
928 4
932 5
936 9
954 10
962 4
964 1
968 1
970 13
976 3
980 6
986 4
1000 14
1010 5
1018 2
1024 5
1028 3
1040 10
1042 3
1044 4
1058 2
1060 13
1066 7
1076 1
1082 1
1088 2
1090 7
1096 5
1098 3
1108 4
1114 1
1124 1
1130 9
1138 4
1152 3
1154 7
1156 8
1160 7
1168 2
1170 5
1172 3
1184 2
1186 5
1192 2
1202 1
1220 3
1224 2
1226 2
1234 4
1250 7
1252 3
1256 3
1258 2
1268 6
1274 6
1280 2
1282 2
1296 2
1300 14
1306 4
1312 1
1314 1
1322 3
1332 3
1346 2
1352 2
1360 2
1370 6
1384 4
1394 3
1396 3
1402 2
1412 3
1418 5
1424 1
1440 3
1448 2
1450 6
1458 1
1460 7
1466 1
1476 4
1480 2
1490 4
1492 3
1508 2
1530 2
1538 1
1544 1
1546 4
1552 1
1556 2
1568 1
1570 2
1576 1
1586 7
1588 2
1594 3
1600 4
1602 4
1604 3
1616 1
1620 2
1640 3
1642 3
1658 1
1664 2
1684 3
1690 3
1696 1
1700 2
1706 1
1714 3
1730 1
1744 1
1746 1
1754 1
1762 2
1764 1
1768 5
1780 2
1796 2
1800 2
1802 2
1808 1
1810 4
1818 1
1828 1
1832 2
1844 1
1850 3
1856 1
1864 1
1872 3
1874 1
1898 1
1922 1
1924 3
1930 3
1954 2
1960 1
1970 2
1994 1
2026 1
2034 1
2036 1
2056 1
2066 1
2088 1
2098 1
2106 1
2116 2
2120 1
2132 1
2146 1
2180 3
2186 1
2196 1
2210 3
2248 2
2250 2
2276 1
2306 2
2312 1
2314 1
2330 1
2336 1
2340 1
2362 1
2368 2
2378 1
2384 1
2386 1
2404 1
2410 1
2440 2
2450 1
2458 1
2466 1
2482 1
2516 1
2522 2
2548 1
2610 1
2628 1
2642 1
2650 1
2664 2
2690 1
2696 1
2720 2
2738 2
2754 3
2756 1
2792 1
2810 1
2848 1
2890 1
2920 1
3092 1
3172 1
3202 1
3280 1
3298 1
3706 1
4936 1
5050 1
