N J h mean_R_sq err_mean_R_sq mean_R_gyr_sq err_mean_R_gyr_sq 
1600 1.315 0 11961 590.979 1812.34 64.078
25 1
29 1
41 1
53 1
85 1
89 1
109 1
113 1
137 1
153 1
173 1
185 2
221 1
225 1
233 1
257 1
305 1
337 1
353 1
365 2
389 1
397 1
405 1
461 1
481 2
533 1
549 1
625 1
629 1
637 1
689 1
729 1
757 1
765 1
785 1
845 3
873 1
877 1
925 1
941 1
961 1
977 1
1021 1
1025 2
1049 1
1073 1
1093 1
1105 2
1125 1
1145 1
1157 1
1201 1
1217 1
1225 1
1249 1
1261 2
1277 1
1305 3
1325 1
1341 1
1369 1
1405 1
1445 2
1469 1
1513 1
1553 1
1585 1
1629 1
1665 1
1697 1
1717 1
1737 1
1745 1
1765 1
1769 3
1781 2
1801 1
1805 2
1825 1
1865 1
1921 1
1945 2
1961 1
1985 1
2025 1
2041 2
2057 1
2061 1
2113 1
2125 2
2173 3
2197 1
2225 2
2245 1
2269 1
2273 1
2293 2
2333 1
2385 1
2393 1
2405 1
2417 1
2425 1
2493 3
2525 2
2581 1
2609 1
2633 1
2637 1
2693 2
2701 1
2725 1
2785 1
2813 2
2825 2
2917 1
2969 1
2989 1
2993 1
3005 1
3025 1
3061 2
3077 1
3109 2
3133 1
3205 1
3209 1
3217 1
3229 1
3233 1
3257 1
3265 1
3281 1
3285 1
3341 1
3349 2
3413 1
3425 1
3445 1
3481 1
3485 1
3497 1
3501 1
3557 1
3589 1
3593 1
3609 1
3673 1
3701 1
3725 1
3757 1
3769 1
3825 1
3833 2
3897 1
3925 1
3929 1
3965 1
4013 1
4033 1
4057 1
4093 1
4105 1
4145 2
4157 1
4181 2
4205 1
4217 1
4225 3
4229 1
4261 1
4273 1
4297 1
4321 1
4329 1
4337 1
4365 1
4369 1
4381 2
4385 2
4397 1
4469 1
4517 1
4621 1
4673 1
4685 1
4705 1
4717 1
4721 1
4729 1
4745 1
4805 1
4849 1
4885 1
4901 1
4913 1
4925 1
4941 1
4961 1
4969 1
5009 2
5013 1
5045 1
5057 1
5065 1
5105 1
5113 1
5165 1
5185 1
5193 1
5197 1
5265 1
5297 1
5305 1
5309 1
5337 1
5345 1
5353 1
5365 1
5393 1
5409 1
5441 1
5445 1
5465 1
5485 1
5517 1
5537 1
5625 1
5657 1
5661 1
5725 1
5729 1
5733 1
5737 1
5749 1
5777 2
5785 1
5813 1
5825 1
5837 3
5857 1
5861 1
5877 1
5881 1
5913 1
5933 1
5941 1
5965 1
5989 2
6001 2
6005 1
6025 1
6029 1
6089 1
6101 1
6113 1
6133 1
6137 1
6161 1
6185 2
6201 2
6205 1
6253 1
6257 1
6305 1
6353 2
6361 1
6381 1
6409 3
6425 2
6437 1
6449 1
6481 1
6497 1
6505 2
6529 1
6553 1
6565 2
6569 1
6613 1
6617 2
6641 1
6649 2
6709 1
6713 1
6725 2
6757 3
6773 2
6781 2
6793 1
6813 1
6845 1
6849 1
6865 2
6885 1
6893 1
6925 1
6949 1
6961 1
6989 1
7033 1
7045 1
7085 2
7093 1
7105 1
7109 2
7141 1
7157 2
7193 2
7209 1
7213 1
7225 1
7229 1
7261 2
7265 2
7325 2
7345 1
7349 2
7389 1
7397 2
7457 1
7461 1
7465 1
7529 1
7541 1
7549 1
7565 2
7573 1
7605 1
7621 1
7625 1
7713 1
7757 1
7765 1
7769 1
7789 1
7793 1
7813 2
7837 2
7925 1
7969 1
7985 1
8005 3
8017 2
8045 1
8077 3
8093 1
8117 1
8125 1
8177 1
8209 1
8221 1
8245 1
8281 1
8329 1
8353 1
8381 1
8405 2
8425 1
8461 1
8465 2
8497 1
8521 1
8537 1
8593 2
8597 1
8633 1
8669 1
8685 1
8749 1
8801 1
8829 1
8845 1
8857 1
8869 1
8917 1
9025 1
9049 1
9061 1
9077 1
9109 1
9113 1
9117 1
9125 1
9153 1
9181 1
9189 1
9209 1
9221 2
9225 1
9265 1
9305 1
9333 2
9341 1
9349 1
9385 1
9389 2
9397 1
9425 1
9441 1
9469 2
9497 1
9521 1
9529 1
9577 3
9593 1
9605 2
9665 1
9685 1
9725 1
9745 1
9809 1
9829 1
9857 1
9865 1
9893 1
9901 1
9925 3
9945 1
10045 1
10069 1
10161 1
10169 1
10181 1
10205 1
10217 1
10225 1
10229 2
10249 1
10273 1
10285 1
10321 1
10361 1
10369 1
10397 1
10405 2
10441 1
10445 2
10489 1
10553 1
10565 1
10573 1
10589 1
10609 1
10625 1
10645 2
10685 1
10705 1
10709 1
10733 1
10737 1
10805 1
10841 2
10853 1
10861 2
10877 1
10897 2
10973 1
11057 1
11089 1
11101 1
11113 1
11125 3
11169 1
11177 1
11225 1
11349 1
11357 1
11413 1
11417 2
11425 1
11453 1
11521 1
11525 2
11549 1
11581 2
11617 1
11673 1
11681 1
11709 1
11745 1
11785 2
11821 2
11861 1
11885 1
11945 2
11981 1
12013 1
12041 1
12049 1
12053 1
12097 1
12125 4
12157 2
12277 1
12289 1
12321 1
12337 4
12357 1
12365 1
12385 2
12389 1
12429 2
12433 1
12469 1
12473 1
12517 1
12541 1
12545 1
12557 1
12577 1
12589 1
12601 1
12605 1
12637 1
12645 1
12713 2
12721 1
12757 1
12781 1
12809 1
12853 2
12893 1
12913 1
12937 1
13001 1
13073 3
13077 1
13169 1
13185 1
13189 2
13253 2
13261 1
13309 1
13325 2
13345 2
13385 2
13421 2
13457 1
13469 1
13481 1
13505 1
13513 1
13625 1
13637 1
13645 1
13669 1
13681 1
13705 1
13721 1
13725 3
13745 1
13753 2
13789 1
13793 1
13833 1
13837 1
13885 1
13897 1
13985 1
14045 2
14057 1
14085 2
14089 1
14209 1
14249 1
14285 1
14305 1
14309 1
14365 2
14373 1
14389 2
14425 1
14517 1
14589 1
14625 3
14645 1
14681 1
14689 1
14705 1
14733 1
14741 1
14801 1
14825 1
14837 1
14841 1
14897 1
14929 1
14957 1
14965 1
14977 1
15005 2
15041 1
15077 2
15125 1
15145 1
15165 1
15173 1
15205 1
15293 1
15385 2
15397 1
15425 1
15457 1
15641 1
15649 1
15689 1
15733 2
15821 1
15857 1
15929 1
15937 1
15949 1
16021 1
16025 1
16081 1
16085 1
16105 1
16109 1
16165 1
16209 1
16229 1
16277 1
16325 1
16333 1
16361 1
16393 1
16477 2
16605 2
16633 1
16649 1
16657 1
16673 1
16705 1
16729 1
16741 1
16781 1
16805 1
16857 1
16861 1
16865 1
16925 1
16965 1
17057 1
17069 1
17113 1
17125 1
17177 1
17245 2
17345 1
17433 1
17473 1
17505 2
17509 1
17533 1
17557 2
17609 1
17681 1
17713 1
17849 1
17893 1
17921 1
17973 1
18037 2
18041 1
18045 1
18153 1
18217 1
18241 2
18245 2
18281 1
18369 1
18461 1
18577 1
18625 1
18709 2
18785 1
18857 2
18925 1
18937 2
19009 1
19061 1
19073 1
19097 1
19109 1
19169 1
19213 1
19237 1
19385 1
19417 1
19433 2
19517 1
19549 1
19585 1
19633 1
19773 1
19777 1
19881 1
19925 1
20025 1
20101 1
20105 1
20313 1
20345 1
20381 1
20525 1
20617 2
20673 1
20789 1
21025 2
21097 1
21125 1
21149 2
21205 1
21257 1
21265 1
21305 1
21437 1
21509 1
21605 2
21645 1
21697 1
21745 2
21905 1
21953 1
21997 1
22157 1
22217 1
22321 1
22385 1
22393 1
22625 1
22721 1
22725 1
22765 1
22865 1
22877 1
22985 1
23105 1
23113 1
23269 1
23341 1
23445 1
23465 1
23629 1
23657 1
23725 2
24001 1
24061 1
24097 1
24125 1
24161 1
24293 1
24313 1
24401 1
24433 1
24525 1
24701 1
24941 1
25049 1
25117 1
25181 1
25317 1
25621 1
25625 1
25981 1
26129 1
26305 1
26513 1
26577 1
26765 1
26897 1
27065 1
27145 1
27293 1
27333 1
27689 1
27877 1
28013 1
28097 1
28109 1
28197 1
28225 1
28265 1
28309 1
28645 1
28933 1
29125 1
29277 1
29285 1
29525 1
29645 1
29961 1
30025 1
30241 1
30301 1
30581 1
31025 1
31033 1
31513 1
31525 1
31753 2
31805 1
31905 1
31937 1
32225 1
32485 1
32573 1
33025 1
33389 1
33505 1
33629 1
33949 1
34609 1
34901 1
34913 1
35089 1
35465 1
35897 1
35969 1
36185 1
36205 1
36305 1
38593 1
39341 1
39889 1
40001 1
40241 1
41165 1
41369 1
43353 1
43537 1
43721 1
44109 1
44345 1
44541 1
44749 1
45373 1
46021 1
49205 1
54225 1
55625 1
68545 1
105425 1
