N J h mean_R_sq err_mean_R_sq mean_R_gyr_sq err_mean_R_gyr_sq 
4900 1.33 0 87636.8 46543.8 13281.8 6477.75
0 4
1 4
2 3
3 6
4 4
5 3
6 4
7 5
8 3
9 4
10 5
12 5
13 2
14 4
15 5
16 7
17 6
18 3
19 2
20 4
21 5
22 1
23 3
24 6
25 6
26 5
27 5
28 5
29 9
30 1
31 6
32 3
33 2
34 3
35 5
36 7
37 5
38 7
39 3
40 5
41 3
42 4
43 4
44 4
45 2
46 2
47 2
48 5
49 2
50 5
51 1
53 6
54 3
55 8
56 4
57 4
58 4
59 2
60 1
61 2
62 5
63 2
64 8
65 2
66 2
67 7
69 2
70 5
71 4
72 3
73 7
74 3
75 7
76 5
77 5
78 8
79 3
80 6
81 3
82 3
83 3
84 3
85 1
86 4
87 3
88 3
89 3
90 5
91 4
92 4
93 3
94 4
95 2
96 4
97 2
98 3
99 3
100 4
101 4
102 1
103 4
104 2
105 5
106 2
107 4
108 3
109 5
110 6
111 6
112 3
113 4
114 3
115 6
116 3
117 1
118 5
119 5
120 2
121 5
122 6
123 2
124 1
125 8
126 7
127 8
128 3
129 4
130 4
131 2
132 4
133 3
135 3
136 5
137 6
138 4
139 2
140 3
141 3
142 4
143 2
144 5
145 2
146 2
147 3
148 6
149 4
150 3
151 3
152 3
153 2
154 8
155 1
156 4
157 5
158 3
159 8
160 4
161 2
162 6
163 5
164 6
165 4
166 4
167 4
168 4
169 5
170 4
171 2
172 1
173 2
174 4
175 4
176 4
177 6
178 4
179 6
180 5
181 2
182 1
183 2
184 4
185 4
186 2
187 1
188 4
189 7
190 3
191 3
192 2
193 1
194 8
195 2
196 1
197 2
198 3
199 2
200 3
201 4
202 3
203 3
204 3
205 6
207 3
209 1
210 3
211 1
212 3
213 3
215 2
216 3
217 3
218 2
219 2
220 3
221 2
222 1
223 3
225 1
226 3
228 3
229 3
230 4
231 4
232 1
233 1
234 1
235 3
238 3
239 2
240 1
241 1
242 1
243 2
244 2
245 2
246 1
247 2
248 2
249 2
250 1
251 3
252 1
253 1
254 1
255 3
256 1
257 2
259 2
261 1
262 1
265 1
266 1
267 2
270 5
273 1
274 2
276 1
277 1
278 1
279 1
284 1
285 1
287 1
290 1
291 1
293 1
294 1
295 1
296 1
298 2
299 1
304 1
314 1
316 1
318 1
321 1
334 1
339 1
341 1
361 1
368 1
395 1
423 1
431 1
434 2
436 1
438 1
447 1
448 1
455 1
459 1
460 1
461 1
462 1
466 1
469 1
474 1
477 1
482 1
483 2
484 1
488 1
499 1
503 1
510 1
511 1
514 1
520 1
530 1
533 1
539 1
543 3
547 1
549 1
550 1
551 1
552 1
558 1
574 1
575 1
603 1
607 1
630 1
699 1
708 1
711 1
740 1
760 1
762 2
783 2
796 1
815 1
819 1
861 1
865 1
866 1
871 1
882 1
895 1
908 1
919 1
929 1
931 1
949 1
951 1
961 1
973 1
984 1
996 1
1008 1
1009 1
1015 1
1020 1
1049 1
1072 1
1099 1
1101 1
1124 1
1140 1
1260 1
1544 1
