N J h mean_R_sq err_mean_R_sq mean_R_gyr_sq err_mean_R_gyr_sq 
4900 1.44 0 305991 154439 49368.8 24015.6
0 7
1 8
2 11
3 8
4 11
5 5
6 13
7 12
8 11
9 8
10 11
11 6
12 9
13 8
14 15
15 5
16 16
17 10
18 13
19 10
20 12
21 9
22 13
23 14
24 12
25 8
26 14
27 5
28 11
29 11
30 10
31 11
32 5
33 3
34 2
35 6
36 5
37 10
38 11
39 12
40 13
41 9
42 8
43 12
44 6
45 6
46 9
47 5
48 5
49 5
50 8
51 4
52 9
53 3
54 6
55 1
56 9
57 8
58 8
59 7
60 5
61 3
62 1
63 4
64 7
65 6
66 5
67 6
68 8
69 5
70 5
71 5
72 3
73 8
74 5
75 4
76 2
77 1
78 1
79 1
80 3
81 2
82 2
83 2
84 1
85 1
86 2
87 2
88 1
89 2
91 2
92 2
93 3
94 1
96 2
97 1
98 6
99 1
100 3
101 3
102 1
105 1
108 1
109 1
116 1
117 2
121 1
126 1
139 1
178 1
184 1
196 1
297 1
321 1
362 1
522 1
654 1
814 2
816 1
820 1
822 1
823 1
825 1
828 2
829 1
832 1
833 1
834 1
835 2
836 1
838 2
839 1
840 2
841 3
842 1
844 3
845 6
846 3
847 4
848 3
849 2
851 6
853 2
854 1
855 6
856 1
857 7
858 3
859 4
860 1
863 3
864 2
865 2
866 6
867 2
868 5
869 5
870 3
871 3
872 8
873 3
874 10
875 2
876 5
877 2
878 6
879 4
880 4
881 7
882 6
883 8
884 5
885 8
886 3
887 5
888 4
889 5
890 7
891 9
892 1
893 5
894 4
895 6
896 6
897 3
898 6
899 5
900 3
901 2
902 1
903 2
904 5
905 2
906 3
907 2
908 2
911 2
912 2
913 1
914 3
917 3
919 1
921 1
924 1
929 1
930 1
931 2
932 1
936 2
938 1
940 1
941 1
944 1
946 1
947 1
949 1
963 1
967 1
974 1
976 2
977 1
1058 1
1061 1
1062 1
1131 1
1236 1
1299 1
1352 1
1582 1
1597 1
1604 1
1637 1
1658 1
1662 1
1667 1
1675 1
1678 1
1681 1
1694 1
1706 1
1715 1
1766 1
