N J h mean_R_sq err_mean_R_sq mean_R_gyr_sq err_mean_R_gyr_sq 
3600 1.51 0 16407.5 14546.9 2372.1 1663.75
0 10
1 21
2 16
3 18
4 25
5 27
6 18
7 24
8 33
9 20
10 25
11 25
12 26
13 18
14 20
15 20
16 26
17 18
18 15
19 23
20 16
21 23
22 21
23 18
24 19
25 23
26 22
27 26
28 18
29 15
30 16
31 27
32 20
33 16
34 16
35 14
36 16
37 8
38 15
39 8
40 11
41 12
42 9
43 13
44 10
45 12
46 10
47 9
48 8
49 10
50 13
51 5
52 5
53 7
54 7
55 10
56 1
57 4
58 5
59 3
60 2
61 3
62 6
63 3
64 2
65 2
66 3
67 1
68 2
69 2
70 2
74 5
75 1
76 1
77 1
80 1
90 1
173 1
529 1
1066 1
1076 1
1087 1
1092 1
1096 1
1231 1
1232 1
1263 1
1264 1
1288 1
