N J h mean_R_sq err_mean_R_sq mean_R_gyr_sq err_mean_R_gyr_sq 
4900 1.56 0 17392.2 14910.7 2479.41 1570.57
0 4
1 17
2 20
3 16
4 27
5 23
6 24
7 23
8 16
9 24
10 24
11 38
12 25
13 17
14 11
15 23
16 28
17 21
18 20
19 24
20 11
21 13
22 24
23 16
24 22
25 13
26 14
27 18
28 14
29 10
30 11
31 24
32 18
33 7
34 15
35 14
36 14
37 12
38 12
39 13
40 19
41 16
42 14
43 12
44 7
45 8
46 16
47 14
48 11
49 7
50 16
51 5
52 12
53 8
54 2
55 7
56 10
57 4
58 2
59 5
60 6
61 9
62 7
63 2
64 5
65 3
66 3
67 1
68 10
69 4
70 3
71 7
72 3
74 1
77 1
78 1
79 2
80 1
81 1
84 1
85 1
89 1
195 1
406 1
766 1
819 1
830 1
841 1
1017 1
1372 1
1682 1
1709 1
1715 1
