N J h mean_R_sq err_mean_R_sq mean_R_gyr_sq err_mean_R_gyr_sq 
4900 1.41 0 215181 199786 30344.3 26482.3
0 1
1 7
2 11
3 18
4 11
5 13
6 11
7 15
8 19
9 12
10 13
11 15
12 15
13 16
14 16
15 9
16 14
17 17
18 12
19 13
20 12
21 11
22 11
23 14
24 7
25 6
26 6
27 6
28 13
29 15
30 17
31 9
32 7
33 7
34 8
35 7
36 9
37 10
38 8
39 8
40 13
41 6
42 8
43 10
44 5
45 9
46 11
47 6
48 3
49 5
50 8
51 11
52 14
53 5
54 7
55 7
56 7
57 10
58 8
59 3
60 3
61 6
62 4
63 6
64 6
65 5
66 9
67 5
68 7
69 4
70 8
71 1
72 2
73 1
74 3
75 2
76 4
77 4
78 4
79 3
80 4
81 4
82 2
83 1
84 4
85 5
86 3
87 4
88 1
89 3
90 2
91 4
92 2
93 1
94 1
95 1
96 1
97 2
98 2
99 1
100 2
102 1
103 2
104 2
105 1
106 1
108 3
109 2
110 3
111 3
112 4
113 4
115 2
116 2
117 1
118 1
119 1
121 1
122 3
123 2
125 1
126 3
127 1
128 2
129 1
130 2
132 2
135 1
136 2
137 1
139 1
141 1
142 1
144 2
145 1
146 5
149 1
150 1
151 2
154 1
156 1
158 2
160 1
162 1
163 1
164 1
166 2
169 2
170 2
171 1
173 2
176 1
177 1
180 2
181 1
185 3
187 1
191 3
203 1
206 1
227 1
241 1
245 1
248 1
279 1
321 1
335 1
430 1
452 1
456 1
459 1
463 1
468 1
470 1
485 1
506 1
508 1
525 1
527 1
529 1
531 1
543 1
550 1
553 1
557 2
561 1
562 3
567 1
569 1
570 1
573 2
574 1
576 2
577 1
578 1
579 1
580 1
589 1
592 2
593 1
597 1
600 1
615 2
616 1
622 1
628 1
631 1
632 1
640 1
642 1
649 1
655 1
656 1
658 1
678 1
690 1
694 1
699 1
706 1
707 1
708 1
709 1
752 2
769 1
773 1
774 1
775 1
790 1
795 1
834 1
856 1
943 1
975 1
1005 1
1181 1
1197 1
1206 1
1214 2
1220 1
1222 1
1225 2
1227 1
1229 1
1237 3
1240 1
1243 1
1244 1
1252 1
1260 1
1267 1
1268 1
1269 1
1273 1
1286 1
1310 1
1408 1
1473 1
1559 1
1563 1
1565 1
1568 1
1573 1
1583 1
1585 1
1588 1
1593 2
1595 1
1597 2
1599 1
1601 1
1612 1
1618 1
1621 1
1623 1
1624 2
1627 2
1628 1
1639 1
1641 1
1643 1
1649 1
1655 1
1656 1
1670 1
1679 1
1688 1
1692 1
1694 1
1696 1
1703 1
1704 1
1707 1
1713 1
1720 1
1725 1
1733 1
1735 1
1750 1
1754 1
1792 1
