N J h mean_R_sq err_mean_R_sq mean_R_gyr_sq err_mean_R_gyr_sq 
2500 1.423 0 5067.98 2911.04 1134.08 465.481
0 8
1 22
2 16
3 23
4 25
5 21
6 18
7 15
8 27
9 28
10 12
11 13
12 23
13 23
14 14
15 25
16 21
17 20
18 18
19 27
20 23
21 14
22 7
23 16
24 19
25 13
26 18
27 13
28 12
29 17
30 12
31 10
32 19
33 16
34 13
35 17
36 16
37 10
38 5
39 13
40 11
41 10
42 6
43 11
44 9
45 10
46 7
47 9
48 8
49 5
50 13
51 8
52 5
53 11
54 6
55 10
56 9
57 8
58 8
59 6
60 9
61 8
62 4
63 5
64 5
65 3
66 3
67 3
68 1
69 2
70 2
71 3
72 3
73 1
74 2
75 3
76 1
77 2
79 4
80 2
81 5
82 2
84 3
86 2
87 1
88 1
89 3
90 2
92 1
93 2
94 2
95 1
96 3
100 2
101 2
103 1
104 1
106 1
110 1
112 4
113 1
115 1
118 1
121 1
123 1
124 1
133 1
144 1
146 1
147 1
148 1
164 1
168 1
194 1
217 1
219 2
229 1
233 1
235 1
242 1
246 4
249 1
259 1
261 1
264 1
268 2
269 1
282 1
283 1
288 1
299 1
302 1
303 1
310 1
411 1
687 1
