N J h mean_R_sq err_mean_R_sq mean_R_gyr_sq err_mean_R_gyr_sq 
2916 1.314 0 32009.8 5278.31 4881.01 742.775
0 1
1 4
2 6
3 4
4 5
5 5
6 5
7 4
8 3
9 5
10 8
11 4
12 5
13 4
14 4
15 5
16 4
17 2
18 7
19 4
20 5
21 3
22 8
23 7
24 6
25 9
26 3
27 6
28 3
29 9
30 2
31 7
32 6
33 9
34 8
35 5
36 10
37 5
38 4
39 4
40 4
41 4
42 6
43 4
44 7
45 5
46 4
47 4
48 5
49 3
50 6
51 4
52 5
53 6
54 1
55 5
56 4
57 6
58 6
59 7
60 4
61 3
62 11
63 6
64 7
65 7
66 8
67 11
68 3
69 6
70 8
71 6
72 10
73 9
74 7
75 5
76 6
77 5
78 6
79 7
80 4
81 3
82 3
83 9
84 8
85 7
86 7
87 6
88 5
89 5
90 8
91 3
92 4
94 6
95 4
96 7
97 6
98 6
99 5
100 9
101 4
102 9
103 4
104 9
105 5
106 6
107 6
108 4
109 7
110 4
111 3
112 2
113 3
114 2
115 6
116 7
117 5
118 8
119 7
120 6
121 2
122 3
123 3
124 4
126 5
127 4
128 2
129 3
130 3
131 2
132 4
133 6
134 8
135 5
136 3
137 2
138 4
139 4
140 4
141 5
142 6
143 7
144 4
145 6
146 3
147 9
148 3
149 3
150 1
151 2
152 2
153 3
154 2
155 4
156 4
157 3
158 5
159 5
160 3
161 5
162 1
163 2
164 4
165 1
166 6
167 4
169 2
170 5
171 2
172 1
173 7
174 2
175 3
176 3
177 3
178 1
179 3
180 2
181 1
182 1
183 3
184 6
186 4
187 2
188 2
189 2
190 3
191 2
192 4
193 2
194 1
196 2
197 4
198 1
199 1
200 3
201 1
202 1
203 1
204 2
205 2
206 2
207 2
208 1
209 4
210 4
211 4
212 1
213 3
214 1
215 1
217 3
219 1
221 2
223 2
224 1
227 1
228 1
229 1
231 1
232 2
235 1
236 2
238 1
239 2
240 1
243 1
244 1
245 1
249 1
251 1
252 1
253 1
257 1
260 1
261 1
262 1
263 2
269 1
272 1
285 1
339 1
358 1
411 1
437 1
444 1
452 2
456 1
463 1
486 1
510 1
517 1
530 1
611 1
641 1
648 1
764 1
774 1
