N J h mean_R_sq err_mean_R_sq mean_R_gyr_sq err_mean_R_gyr_sq 
4900 1.3 0 145305 69884.7 21130.5 9925.54
1 4
2 8
3 6
4 1
5 2
6 3
7 3
8 4
9 6
10 6
11 4
12 3
13 3
14 2
15 2
16 2
17 5
18 4
19 8
20 1
21 1
22 4
23 2
24 2
25 2
26 2
27 3
28 4
29 2
30 5
31 5
32 1
33 3
34 3
35 4
36 2
37 3
38 4
39 7
40 3
41 1
42 2
43 1
44 2
45 6
46 1
47 3
48 3
49 3
50 3
51 5
52 4
53 6
54 5
55 3
56 3
57 2
58 6
59 3
60 2
61 1
62 1
63 4
64 3
65 1
66 2
67 3
68 3
69 6
70 3
72 4
73 4
74 2
75 3
76 2
77 2
78 3
79 3
80 3
81 4
82 3
83 6
84 2
85 2
86 3
87 7
88 3
89 7
90 2
91 1
92 5
93 4
94 8
95 2
96 2
97 1
98 3
99 5
100 6
101 3
102 2
103 3
104 3
105 2
106 6
108 2
109 4
110 4
111 4
112 5
113 2
114 5
115 4
116 6
117 2
118 2
119 2
120 6
121 3
122 4
123 2
124 4
125 6
126 3
127 1
128 1
129 2
130 4
131 3
132 4
133 2
134 5
135 5
136 4
137 4
138 4
139 3
140 6
141 2
142 3
143 4
144 4
146 2
147 4
148 4
149 2
150 3
152 4
153 7
154 3
155 8
156 1
157 6
158 6
159 3
160 9
161 4
162 5
163 1
164 6
165 3
166 4
167 1
168 6
169 7
170 7
171 3
172 4
173 3
174 4
176 4
177 2
178 5
179 4
180 5
181 4
182 2
184 3
185 2
186 2
187 2
188 2
189 3
190 6
191 3
192 5
193 4
194 5
195 1
196 4
197 2
198 3
199 3
200 2
201 2
202 1
203 3
204 3
205 2
206 7
207 4
208 4
209 1
210 3
211 2
212 2
213 3
214 3
215 5
216 4
217 1
218 2
220 5
221 5
222 3
223 5
224 1
225 1
226 4
227 2
228 1
229 1
230 1
231 4
232 2
233 5
234 1
235 3
236 2
237 2
238 2
239 1
240 6
243 3
244 3
245 1
247 4
248 2
249 1
250 3
251 4
253 4
254 1
255 5
256 4
257 1
259 2
260 2
261 2
262 2
264 3
265 3
266 1
267 1
268 3
269 2
271 2
272 1
273 1
274 4
275 1
276 3
277 2
278 1
281 1
282 5
283 3
284 1
286 4
287 2
288 4
289 1
290 1
293 2
294 1
296 3
297 2
299 1
300 2
301 1
303 2
304 3
306 2
307 2
308 1
310 3
312 1
314 2
316 1
317 1
322 2
323 1
324 1
325 2
326 2
327 1
328 2
331 2
332 1
333 3
335 2
337 1
340 2
342 2
343 1
345 1
348 1
360 1
367 1
370 1
374 1
376 1
377 1
383 1
394 1
402 1
406 1
632 1
841 1
929 1
1025 1
1037 1
1057 1
1072 1
1074 1
1076 1
1084 1
1085 2
1110 1
1112 1
1124 2
1126 1
1159 1
1160 1
1161 1
1168 1
1174 1
1190 1
1192 1
1198 1
1199 3
1200 1
1201 1
1215 1
1217 1
1225 1
1231 2
1262 1
1268 1
1270 1
1271 1
1296 1
1301 1
1310 1
1321 1
1329 1
1357 1
1365 1
1370 1
1371 1
1484 1
