N J h mean_R_sq err_mean_R_sq mean_R_gyr_sq err_mean_R_gyr_sq 
1600 1.375 0 4407.42 375.268 840.89 50.2045
0 6
1 14
2 15
3 8
4 12
5 12
6 16
7 20
8 13
9 17
10 15
11 10
12 11
13 16
14 15
15 13
16 20
17 13
18 13
19 14
20 16
21 14
22 8
23 10
24 17
25 9
26 15
27 19
28 16
29 7
30 18
31 13
32 12
33 19
34 13
35 19
36 18
37 13
38 15
39 6
40 12
41 12
42 17
43 15
44 13
45 18
46 17
47 18
48 6
49 6
50 8
51 13
52 16
53 9
54 9
55 8
56 10
57 9
58 4
59 13
60 11
61 10
62 10
63 4
64 10
65 6
66 5
67 2
68 5
69 9
70 7
71 4
72 2
73 1
74 2
75 8
77 8
78 4
79 6
80 2
81 5
82 2
83 4
84 6
85 4
86 7
87 3
88 3
89 3
90 2
91 2
92 4
93 1
94 4
95 2
96 3
97 4
98 2
99 2
100 2
102 4
103 1
104 2
105 1
109 2
110 2
111 1
113 2
115 3
117 1
118 2
119 1
122 1
124 1
129 2
131 2
132 1
138 1
139 1
141 1
146 1
219 1
317 1
