N J h mean_R_sq err_mean_R_sq mean_R_gyr_sq err_mean_R_gyr_sq 
3600 1.59 0 54560.3 47751 7536.78 5882.39
0 4
1 11
2 12
3 14
4 20
5 12
6 8
7 10
8 17
9 17
10 16
11 16
12 14
13 16
14 11
15 13
16 14
17 14
18 16
19 9
20 16
21 16
22 8
23 17
24 16
25 19
26 14
27 7
28 13
29 9
30 16
31 5
32 6
33 8
34 11
35 9
36 17
37 10
38 12
39 9
40 7
41 7
42 14
43 10
44 6
45 7
46 10
47 7
48 7
49 5
50 8
51 5
52 4
53 5
54 1
55 5
56 3
57 7
58 4
59 1
60 4
61 4
62 3
63 7
64 2
65 3
66 8
67 6
68 3
69 1
70 3
71 2
72 7
73 3
74 3
75 3
76 1
80 1
84 2
85 3
87 1
89 1
90 1
91 1
94 1
95 1
96 1
97 1
100 1
101 1
103 1
106 1
107 1
111 2
115 1
117 1
118 2
121 1
123 2
125 1
126 2
127 1
128 3
129 1
130 1
131 3
133 3
134 4
135 2
136 2
137 2
138 6
139 4
140 4
141 3
142 5
143 3
144 1
145 2
146 2
147 1
148 4
149 2
150 1
151 2
152 4
153 4
154 2
155 1
156 1
157 2
158 6
159 1
160 2
161 3
162 4
163 2
164 3
165 2
166 6
167 5
168 2
169 4
170 2
172 3
173 2
174 3
175 4
176 4
177 2
178 1
179 2
180 2
181 1
182 4
183 1
185 1
186 3
187 2
188 1
189 5
190 2
192 1
193 3
195 4
196 2
197 2
198 1
199 1
200 1
201 4
202 5
203 2
204 4
205 3
206 1
207 1
208 1
209 1
210 2
211 2
212 1
213 1
214 1
215 2
218 1
220 2
221 2
222 2
224 1
225 1
226 2
227 1
228 3
230 1
231 1
233 4
235 1
237 1
238 2
243 1
244 2
248 1
252 1
254 1
313 1
338 1
344 1
404 1
429 1
444 1
538 1
544 1
599 1
790 1
910 1
1053 1
1058 1
1062 1
1079 2
1081 1
1082 2
1083 1
1088 1
1094 2
1095 1
1098 1
1101 1
1102 1
1104 2
1108 1
1124 1
1131 1
1162 1
1169 1
1170 1
1184 1
1191 1
1196 1
1206 1
1207 1
1323 1
1351 1
