N J h mean_R_sq err_mean_R_sq mean_R_gyr_sq err_mean_R_gyr_sq 
2916 1.302 0 33971.5 4677.19 4990.92 569.926
0 3
1 3
2 7
3 5
4 4
5 1
6 4
7 3
8 1
9 3
10 1
11 4
12 1
13 1
14 3
15 6
16 7
17 4
18 9
19 4
20 6
21 3
22 6
23 3
24 8
25 7
26 5
27 9
28 1
29 4
30 3
31 2
32 5
33 6
34 4
35 1
36 5
37 3
38 3
39 1
40 4
41 7
42 3
43 4
44 4
45 5
46 7
47 9
48 7
49 7
50 5
51 3
52 3
53 4
54 8
55 2
56 7
57 4
58 3
59 1
60 5
61 5
62 10
63 3
64 2
65 5
66 9
67 5
68 6
69 2
70 8
71 4
72 4
73 4
74 8
75 5
76 2
77 2
78 8
79 8
80 6
81 2
82 10
83 6
84 7
85 5
86 9
87 2
88 9
89 4
90 7
91 6
92 7
93 5
94 4
95 3
96 5
97 6
98 2
99 8
100 5
101 2
102 5
103 2
104 3
105 1
106 6
107 5
108 5
109 3
110 3
111 8
112 5
114 5
115 5
116 4
117 5
118 8
119 7
120 5
121 9
122 2
123 4
124 2
125 8
126 7
127 8
128 6
129 1
130 6
131 11
132 3
133 8
134 4
135 5
136 10
137 9
138 5
139 9
140 7
141 2
142 4
143 6
144 4
145 1
146 8
147 4
148 8
149 4
150 3
151 5
152 1
153 3
154 3
155 3
156 2
157 7
158 2
159 6
160 4
161 3
162 3
163 9
165 1
166 2
167 3
168 1
169 3
171 4
172 6
173 1
174 2
175 2
176 1
177 5
178 2
179 5
180 4
181 5
182 1
183 6
184 2
185 2
186 3
187 4
188 1
191 4
192 4
193 2
194 6
196 5
197 4
199 4
200 1
201 3
202 7
203 2
205 1
206 3
207 2
208 1
209 4
210 1
211 1
212 3
214 2
215 2
217 2
218 1
219 4
220 2
221 3
222 4
223 2
224 2
226 2
227 1
228 2
230 1
235 1
237 1
238 2
239 1
240 1
241 1
242 2
243 2
244 2
245 1
247 3
249 1
250 2
251 1
256 1
259 1
260 2
265 1
266 1
267 1
269 1
272 1
274 1
275 3
277 2
279 1
280 2
281 1
282 1
283 1
288 1
294 2
303 1
308 1
324 1
330 1
335 1
338 1
341 1
343 1
389 1
574 1
726 1
767 1
847 1
881 1
904 1
