N J h mean_R_sq err_mean_R_sq mean_R_gyr_sq err_mean_R_gyr_sq 
2916 1.411 0 10156.5 6497.84 1698.35 784.152
0 7
1 16
2 17
3 15
4 22
5 13
6 14
7 16
8 21
9 17
10 14
11 21
12 17
13 19
14 19
15 23
16 23
17 15
18 7
19 12
20 14
21 21
22 18
23 22
24 17
25 14
26 16
27 18
28 21
29 18
30 12
31 10
32 13
33 15
34 14
35 12
36 15
37 13
38 9
39 16
40 10
41 12
42 20
43 9
44 10
45 6
46 5
47 11
48 8
49 13
50 15
51 17
52 8
53 6
54 1
55 8
56 10
57 9
58 10
59 6
60 5
61 10
62 7
63 4
64 10
65 5
66 10
67 2
68 6
69 7
70 2
71 5
72 7
73 2
74 1
75 3
76 2
78 4
79 4
80 3
81 2
82 2
83 4
84 2
85 5
87 1
88 2
89 1
90 1
91 3
92 2
93 3
95 2
101 1
102 2
103 1
104 1
105 1
106 1
107 1
108 1
109 1
111 2
120 1
123 1
251 1
252 1
253 1
283 1
312 1
322 1
328 1
332 1
380 1
402 1
407 1
414 1
426 1
449 1
458 1
462 1
488 1
489 1
495 1
543 1
681 1
699 1
715 1
740 1
794 1
811 1
