N J h mean_R_sq err_mean_R_sq mean_R_gyr_sq err_mean_R_gyr_sq 
3600 1.56 0 5537.68 3817.37 1083.49 392.202
0 16
1 34
2 20
3 20
4 37
5 24
6 32
7 21
8 23
9 24
10 31
11 27
12 29
13 27
14 15
15 20
16 21
17 27
18 22
19 28
20 23
21 27
22 16
23 17
24 19
25 15
26 17
27 21
28 18
29 14
30 19
31 10
32 18
33 14
34 12
35 18
36 16
37 14
38 8
39 12
40 12
41 9
42 10
43 9
44 5
45 13
46 11
47 7
48 6
49 6
50 6
51 4
52 5
53 6
54 7
55 5
56 9
57 4
58 3
59 5
60 2
61 6
62 1
63 5
65 1
66 1
67 3
70 1
71 3
73 1
80 1
82 1
85 1
289 1
713 1
1164 1
1319 1
