N J h mean_R_sq err_mean_R_sq mean_R_gyr_sq err_mean_R_gyr_sq 
1600 1.33 0 9799.71 568.613 1548.11 58.374
0 3
1 8
2 9
3 12
4 2
5 5
6 14
7 8
8 3
9 5
10 9
11 10
12 10
13 7
14 8
15 7
16 9
17 6
18 7
19 8
20 11
21 14
22 11
23 10
24 10
25 9
26 5
27 6
28 9
29 7
30 14
31 14
32 12
33 12
34 10
35 13
36 11
37 9
38 13
39 5
40 11
41 10
42 11
43 9
44 14
45 12
46 10
47 14
48 7
49 9
50 9
51 13
52 3
53 9
54 9
55 10
56 12
57 5
58 11
59 15
60 12
61 5
62 8
63 10
64 8
65 5
66 6
67 8
68 5
69 9
70 3
71 12
72 9
73 5
74 10
75 9
76 11
77 7
78 10
79 8
80 5
81 7
82 9
83 8
84 8
85 4
86 4
87 4
88 10
89 8
90 8
91 7
92 5
93 5
94 6
95 2
96 10
97 9
98 6
99 7
100 4
101 7
102 2
103 5
104 4
105 6
106 2
107 6
108 4
109 3
110 4
111 3
112 5
113 3
114 4
115 1
116 2
117 4
118 2
119 2
120 3
121 2
122 2
123 2
125 2
126 2
127 4
128 3
129 3
130 2
131 1
132 1
134 3
135 5
137 2
140 2
141 1
142 2
143 1
146 5
149 2
150 1
152 1
155 2
157 3
158 2
160 2
161 1
164 1
168 1
171 1
173 1
174 1
176 2
177 1
180 1
185 1
188 1
189 2
190 1
