N J h mean_R_sq err_mean_R_sq mean_R_gyr_sq err_mean_R_gyr_sq 
2916 1.362 0 16473.7 6450.19 2731.34 897.208
0 5
1 7
2 6
3 8
4 10
5 7
6 8
7 11
8 11
9 11
10 6
11 13
12 8
13 6
14 5
15 5
16 11
17 15
18 13
19 14
20 7
21 9
22 12
23 8
24 6
25 9
26 13
27 8
28 8
29 8
30 7
31 8
32 6
33 7
34 5
35 9
36 8
37 13
38 8
39 14
40 4
41 8
42 6
43 9
44 7
45 6
46 10
47 8
48 9
49 5
50 7
51 10
52 4
53 10
54 13
55 10
56 7
57 9
58 10
59 5
60 14
61 8
62 7
63 6
64 4
65 4
66 2
67 6
68 8
69 3
70 6
71 6
72 5
73 5
74 9
75 14
76 7
77 4
78 10
79 4
80 6
81 8
82 6
83 9
84 5
85 8
86 5
87 7
88 8
89 6
90 6
91 1
92 5
93 7
94 6
95 5
96 3
97 5
98 9
99 9
100 10
101 6
102 11
103 8
104 7
105 4
106 5
107 8
108 5
109 7
110 9
111 3
112 4
113 7
114 5
115 2
116 2
117 3
118 3
119 5
120 2
121 2
122 5
123 3
124 5
125 3
126 3
127 4
128 3
129 1
130 1
131 5
132 2
133 1
134 1
135 1
139 2
140 1
141 3
142 6
143 1
144 2
145 1
147 1
148 1
149 2
150 2
151 1
155 1
156 2
157 1
158 2
159 1
160 1
162 1
164 4
168 2
172 2
173 1
175 1
179 1
181 1
182 1
185 1
188 1
201 1
202 2
204 1
207 1
212 1
235 1
245 1
247 1
250 1
251 1
254 1
258 1
271 1
272 1
280 1
291 1
304 1
306 1
313 1
397 1
530 1
647 1
701 1
707 1
744 1
751 1
810 1
839 1
906 1
