N J h mean_R_sq err_mean_R_sq mean_R_gyr_sq err_mean_R_gyr_sq 
2500 1.471 0 5503.13 3979.87 1140.79 603.072
0 16
1 19
2 27
3 29
4 22
5 19
6 19
7 28
8 26
9 24
10 27
11 22
12 24
13 39
14 20
15 29
16 20
17 18
18 18
19 22
20 21
21 23
22 29
23 22
24 26
25 23
26 23
27 21
28 11
29 19
30 7
31 20
32 12
33 18
34 14
35 13
36 8
37 20
38 10
39 12
40 12
41 14
42 11
43 9
44 4
45 9
46 9
47 9
48 10
49 10
50 7
51 4
52 7
53 8
54 8
55 5
56 6
57 1
58 2
59 2
60 3
61 1
62 4
63 2
64 1
66 2
69 1
70 1
72 1
77 1
97 1
101 1
109 1
298 1
397 1
506 1
532 1
533 1
555 1
560 1
570 1
578 1
590 1
676 1
796 1
