N J h mean_R_sq err_mean_R_sq mean_R_gyr_sq err_mean_R_gyr_sq 
2916 1.471 0 7663.54 5767.65 1621.59 953.148
0 7
1 14
2 22
3 20
4 26
5 23
6 32
7 26
8 25
9 25
10 22
11 25
12 16
13 20
14 23
15 18
16 25
17 20
18 20
19 15
20 23
21 21
22 15
23 21
24 14
25 13
26 24
27 16
28 13
29 22
30 16
31 14
32 16
33 19
34 13
35 20
36 14
37 14
38 12
39 9
40 18
41 14
42 3
43 11
44 9
45 11
46 7
47 5
48 4
49 4
50 15
51 6
52 7
53 3
54 2
55 2
56 6
57 7
58 8
59 8
60 2
61 6
62 6
63 3
64 6
65 2
66 1
68 8
70 3
72 3
73 1
74 3
75 1
76 1
78 2
80 1
84 1
86 1
87 1
88 1
92 1
97 1
107 1
120 1
123 1
141 1
150 1
153 1
156 1
157 1
159 1
163 1
171 1
177 1
179 1
184 1
195 2
209 1
210 1
214 1
217 1
224 1
226 1
228 1
233 1
244 1
246 1
279 1
285 1
294 1
297 1
316 1
473 1
491 1
612 1
620 1
628 1
631 1
633 1
663 1
761 1
867 1
