N J h mean_R_sq err_mean_R_sq mean_R_gyr_sq err_mean_R_gyr_sq 
1600 1.435 0 1557.43 67.4899 438.593 12.5224
0 19
1 65
2 46
3 59
4 57
5 57
6 59
7 47
8 49
9 58
10 39
11 62
12 57
13 44
14 50
15 58
16 48
17 51
18 47
19 40
20 57
21 45
22 45
23 37
24 46
25 49
26 51
27 36
28 38
29 51
30 30
31 25
32 23
33 31
34 32
35 36
36 24
37 22
38 20
39 17
40 19
41 19
42 20
43 10
44 8
45 8
46 15
47 6
48 14
49 12
50 17
51 8
52 6
53 8
54 8
55 7
56 5
57 5
58 4
59 9
60 8
61 5
62 7
63 6
65 5
66 5
67 1
68 5
69 3
70 2
71 7
72 2
74 1
76 1
77 1
78 1
83 1
84 1
88 1
105 1
