N J h mean_R_sq err_mean_R_sq mean_R_gyr_sq err_mean_R_gyr_sq 
2916 1.35 0 22735.8 7886.7 3516.78 1001.81
0 6
1 9
2 3
3 10
4 5
5 7
6 8
7 6
8 7
9 6
10 8
11 8
12 8
13 11
14 2
15 13
16 9
17 3
18 4
19 6
20 10
21 5
22 6
23 9
24 4
25 11
26 12
27 4
28 12
29 7
30 9
31 16
32 9
33 7
34 3
35 7
36 10
37 6
38 5
39 7
40 13
41 7
42 8
43 4
44 12
45 8
46 4
47 4
48 9
49 13
50 5
51 6
52 12
53 7
54 8
55 12
56 6
57 6
58 5
59 8
60 5
61 8
62 8
63 6
64 6
65 7
66 7
67 14
68 7
69 8
70 9
71 9
72 6
73 8
74 9
75 5
76 7
77 1
78 11
79 7
80 9
81 6
82 6
83 7
84 8
85 5
86 6
87 8
88 9
89 2
90 11
91 5
92 12
93 3
94 5
95 4
96 7
97 5
98 3
99 12
100 5
101 7
102 2
103 5
104 6
105 5
106 5
107 3
108 8
109 4
110 6
111 4
112 2
113 7
114 6
115 4
116 3
117 2
118 5
119 5
120 1
121 1
122 3
123 6
124 1
125 3
126 5
127 4
128 4
129 4
130 5
131 6
132 6
133 1
134 4
135 4
136 8
137 3
138 2
139 3
140 1
141 7
142 2
143 3
144 3
146 3
147 1
148 2
149 3
151 2
152 5
153 4
154 1
155 1
156 4
157 2
158 3
159 2
160 2
162 3
165 1
166 4
167 2
168 5
171 2
174 1
175 1
178 1
181 1
183 2
184 1
185 2
188 2
189 1
190 1
194 1
195 2
197 1
199 1
200 1
203 1
208 1
210 2
217 1
220 1
242 1
249 1
