N J h mean_R_sq err_mean_R_sq mean_R_gyr_sq err_mean_R_gyr_sq 
2500 1.459 0 4944.86 3166.07 1063.47 487.791
0 13
1 52
2 49
3 57
4 50
5 43
6 54
7 49
8 43
9 45
10 43
11 55
12 47
13 45
14 48
15 49
16 53
17 52
18 42
19 34
20 26
21 47
22 36
23 26
24 37
25 46
26 38
27 48
28 29
29 33
30 37
31 42
32 33
33 28
34 38
35 32
36 25
37 30
38 27
39 30
40 17
41 24
42 20
43 21
44 24
45 19
46 22
47 19
48 16
49 8
50 23
51 16
52 6
53 16
54 13
55 5
56 10
57 6
58 7
59 7
60 10
61 8
62 6
63 7
64 5
65 7
66 5
67 7
68 2
69 2
70 4
71 1
72 3
73 4
74 1
75 1
76 3
77 1
79 1
80 3
81 1
82 2
83 1
92 1
94 1
98 1
111 1
