N J h mean_R_sq err_mean_R_sq mean_R_gyr_sq err_mean_R_gyr_sq 
3600 1.39 0 30309.6 22407.9 4554.25 2917.71
0 9
1 12
2 8
3 12
4 12
5 10
6 12
7 5
8 13
9 7
10 12
11 7
12 5
13 10
14 8
15 10
16 10
17 10
18 10
19 11
20 9
21 9
22 20
23 8
24 7
25 12
26 13
27 13
28 15
29 7
30 13
31 7
32 10
33 9
34 10
35 10
36 8
37 8
38 11
39 7
40 8
41 12
42 9
43 8
44 14
45 12
46 11
47 11
48 7
49 9
50 12
51 6
52 5
53 18
54 4
55 8
56 8
57 14
58 8
59 6
60 10
61 9
62 11
63 9
64 6
65 5
66 11
67 5
68 6
69 12
70 11
71 3
72 7
73 5
74 4
75 2
76 5
77 4
78 3
79 3
80 4
81 10
82 6
83 7
84 3
85 4
86 11
87 5
88 2
89 4
90 10
91 4
92 5
93 5
94 4
95 2
96 1
97 4
98 2
99 6
100 5
101 4
102 3
103 3
104 2
105 1
106 2
108 3
109 7
110 1
111 6
112 5
113 4
114 1
115 1
116 1
117 3
118 5
119 6
120 2
121 3
122 7
123 3
124 1
125 3
126 4
127 8
128 1
129 4
130 3
131 4
132 2
133 2
134 6
135 3
137 2
138 1
139 2
140 1
142 3
143 5
144 3
145 3
146 3
147 1
148 1
149 1
150 2
151 5
152 2
153 3
155 1
157 2
158 2
160 3
162 1
163 1
164 1
165 1
173 1
178 1
180 1
189 1
194 1
197 1
199 2
202 1
205 1
207 1
