N J h mean_R_sq err_mean_R_sq mean_R_gyr_sq err_mean_R_gyr_sq 
4900 1.48 0 95442.5 92106.7 10143.8 9069.59
0 17
1 23
2 25
3 24
4 24
5 30
6 17
7 31
8 23
9 17
10 13
11 29
12 22
13 13
14 25
15 23
16 16
17 15
18 13
19 21
20 19
21 15
22 17
23 21
24 18
25 11
26 19
27 16
28 23
29 18
30 10
31 13
32 14
33 11
34 9
35 14
36 18
37 10
38 11
39 14
40 15
41 13
42 20
43 15
44 11
45 6
46 9
47 9
48 14
49 10
50 13
51 10
52 10
53 8
54 6
55 6
56 10
57 4
58 8
59 5
60 4
61 7
62 7
63 8
64 4
65 6
66 4
67 8
68 2
69 3
70 2
71 2
72 4
74 2
77 2
79 1
80 1
81 1
82 1
85 1
86 1
87 1
88 1
90 1
97 1
