N J h mean_R_sq err_mean_R_sq mean_R_gyr_sq err_mean_R_gyr_sq 
1600 1.465 0 1477.21 292.708 412.258 38.5185
0 45
1 76
2 98
3 84
4 90
5 103
6 81
7 95
8 74
9 104
10 97
11 101
12 99
13 87
14 66
15 90
16 89
17 73
18 75
19 59
20 61
21 65
22 70
23 68
24 52
25 72
26 54
27 59
28 50
29 61
30 44
31 44
32 46
33 37
34 42
35 31
36 29
37 39
38 31
39 39
40 31
41 28
42 29
43 28
44 15
45 15
46 18
47 15
48 14
49 10
50 14
51 8
52 18
53 10
54 7
55 8
56 5
57 5
58 6
59 1
60 1
61 3
62 6
63 2
64 1
65 4
66 1
67 1
68 3
69 2
70 3
71 1
72 1
73 1
74 2
79 1
81 1
