N J h mean_R_sq err_mean_R_sq mean_R_gyr_sq err_mean_R_gyr_sq 
2916 1.519 0 6541.32 4982.28 1171.15 589.792
0 11
1 17
2 32
3 20
4 26
5 21
6 31
7 18
8 21
9 25
10 21
11 21
12 28
13 21
14 16
15 43
16 29
17 27
18 29
19 28
20 18
21 22
22 27
23 15
24 22
25 21
26 22
27 19
28 30
29 18
30 13
31 12
32 25
33 16
34 19
35 11
36 10
37 6
38 10
39 13
40 16
41 8
42 18
43 7
44 14
45 11
46 10
47 10
48 7
49 7
50 4
51 6
52 4
54 4
55 3
56 3
58 2
59 4
60 3
61 3
62 3
66 2
67 3
69 2
70 2
71 2
72 1
74 2
75 1
78 1
79 1
89 1
