N J h mean_R_sq err_mean_R_sq mean_R_gyr_sq err_mean_R_gyr_sq 
1600 1.39 0 3438.26 518.528 717.88 87.4795
0 13
1 19
2 22
3 15
4 22
5 16
6 27
7 12
8 29
9 19
10 23
11 16
12 17
13 26
14 22
15 11
16 15
17 24
18 27
19 20
20 19
21 18
22 20
23 15
24 22
25 29
26 23
27 19
28 14
29 12
30 10
31 10
32 18
33 14
34 17
35 15
36 9
37 15
38 9
39 16
40 8
41 14
42 9
43 12
44 7
45 10
46 7
47 7
48 12
49 10
50 14
51 10
52 8
53 6
54 6
55 4
56 4
57 4
58 7
59 5
60 7
61 5
62 7
63 7
64 5
65 4
66 6
67 4
68 4
69 2
70 3
71 3
72 2
73 1
74 5
75 5
76 1
77 2
78 1
79 4
80 3
82 1
83 1
84 5
85 2
86 1
87 5
88 2
89 2
90 1
92 1
93 4
94 3
95 1
97 1
99 1
102 2
103 1
127 1
