N J h mean_R_sq err_mean_R_sq mean_R_gyr_sq err_mean_R_gyr_sq 
3600 1.33 0 39888.2 12889.2 6170.48 1999.81
0 3
1 8
2 1
3 6
4 6
5 5
6 4
7 5
8 4
9 6
10 6
11 4
12 4
13 10
14 7
15 4
16 7
17 8
18 4
19 6
20 4
21 3
22 4
23 3
24 3
25 9
26 8
27 3
28 5
29 5
30 6
31 3
32 3
33 5
34 5
35 9
36 5
37 2
38 6
39 6
40 6
41 3
42 7
43 2
44 4
45 2
46 9
47 4
48 7
49 3
50 6
51 4
52 5
53 5
54 8
55 6
56 2
57 6
58 6
59 2
60 6
61 4
62 2
63 8
64 4
65 5
66 6
67 1
68 7
69 6
70 5
71 5
72 2
73 7
74 6
75 6
76 7
77 3
78 8
79 3
80 5
81 4
82 10
83 10
84 8
85 7
86 4
87 5
88 5
89 6
90 5
91 11
92 8
93 4
94 2
95 6
96 4
97 6
98 2
99 5
100 7
101 5
102 11
103 8
104 6
105 5
106 5
107 7
108 11
109 8
110 1
111 2
112 3
113 4
114 6
115 5
116 6
117 6
118 2
119 5
120 4
121 4
122 2
123 7
124 8
125 5
126 3
127 6
128 5
129 9
130 6
131 6
132 6
133 1
134 5
135 5
136 5
137 6
138 5
139 4
140 8
141 5
142 4
143 3
144 4
145 7
146 4
147 4
148 1
149 6
150 4
151 3
152 4
153 4
154 4
155 8
156 3
157 3
159 8
160 3
161 4
162 2
163 3
164 3
165 4
166 6
167 3
168 4
169 3
170 3
171 3
173 6
174 5
175 4
176 3
177 1
179 2
180 3
182 6
184 2
185 3
186 2
187 1
188 3
190 3
191 4
193 6
194 2
195 4
196 3
198 2
200 1
201 1
203 2
204 2
205 2
206 1
207 2
209 4
211 1
212 3
213 1
214 1
217 2
218 1
219 2
220 2
221 2
222 1
223 5
224 2
225 2
226 1
228 1
230 2
232 1
233 1
235 1
239 1
240 1
243 1
249 2
252 1
254 1
257 1
259 1
262 1
265 2
270 1
275 1
284 2
288 1
293 1
304 1
311 1
313 2
318 1
428 1
