N J h mean_R_sq err_mean_R_sq mean_R_gyr_sq err_mean_R_gyr_sq 
3600 1.51 0 16407.5 14546.9 2372.1 1663.75
0 14
1 18
2 21
3 23
4 19
5 26
6 19
7 25
8 18
9 30
10 23
11 16
12 21
13 25
14 26
15 29
16 30
17 28
18 20
19 9
20 17
21 25
22 19
23 17
24 20
25 21
26 21
27 22
28 19
29 21
30 23
31 22
32 13
33 18
34 18
35 13
36 25
37 19
38 15
39 7
40 12
41 9
42 10
43 17
44 6
45 14
46 12
47 5
48 9
49 8
50 12
51 6
52 7
53 5
55 9
56 5
57 4
58 4
59 4
60 1
61 3
62 4
64 3
65 3
67 2
68 2
70 2
72 1
74 2
75 1
76 1
88 1
