N J h mean_R_sq err_mean_R_sq mean_R_gyr_sq err_mean_R_gyr_sq 
2916 1.374 0 22213.7 13274.3 3736.99 2065.57
0 9
1 13
2 8
3 17
4 8
5 12
6 10
7 11
8 20
9 11
10 9
11 17
12 10
13 8
14 6
15 11
16 14
17 11
18 10
19 6
20 5
21 13
22 7
23 8
24 8
25 9
26 14
27 12
28 11
29 15
30 13
31 16
32 12
33 10
34 9
35 16
36 12
37 7
38 11
39 11
40 10
41 8
42 9
43 7
44 12
45 15
46 14
47 8
48 8
49 9
50 9
51 14
52 10
53 11
54 11
55 4
56 15
57 12
58 8
59 7
60 6
61 9
62 9
63 9
64 8
65 7
66 8
67 7
68 11
69 10
70 10
71 2
72 6
73 6
74 5
75 8
76 5
77 1
78 6
79 5
80 3
81 5
82 7
83 5
84 3
85 4
86 6
87 6
88 9
89 4
90 2
91 2
92 4
93 4
94 4
95 4
96 2
97 4
98 2
99 5
100 5
101 2
102 3
103 2
104 4
105 3
106 7
107 1
108 5
109 2
110 1
112 1
113 5
114 1
115 1
116 6
117 3
118 2
119 3
120 2
121 1
123 3
124 2
125 3
126 1
127 3
128 2
129 2
132 3
134 4
135 1
137 2
138 1
139 2
141 2
142 2
143 2
144 1
147 1
148 1
149 2
150 1
151 2
152 1
153 1
155 1
156 2
157 1
158 1
160 1
161 2
162 1
163 1
164 2
165 1
169 1
170 2
172 1
174 2
176 3
178 1
184 1
185 1
187 1
188 1
196 1
199 1
204 1
