N J h mean_R_sq err_mean_R_sq mean_R_gyr_sq err_mean_R_gyr_sq 
3600 1.315 0 3083.53 457.076 1034.08 186.725
480 1
484 1
485 1
487 2
488 1
491 1
492 1
495 1
497 2
498 4
500 3
503 1
504 2
505 3
506 2
507 4
508 4
509 3
510 2
511 5
512 4
513 2
514 7
515 9
516 5
517 6
518 9
519 11
520 7
521 13
522 8
523 9
524 16
525 10
526 13
527 14
528 16
529 23
530 20
531 30
532 26
533 20
534 25
535 33
536 25
537 22
538 27
539 35
540 23
541 33
542 43
543 37
544 48
545 51
546 39
547 39
548 43
549 63
550 41
551 62
552 58
553 70
554 47
555 64
556 73
557 73
558 84
559 74
560 75
561 91
562 81
563 95
564 83
565 110
566 89
567 86
568 96
569 93
570 95
571 116
572 123
573 101
574 120
575 135
576 109
577 107
578 112
579 114
580 135
581 139
582 136
583 121
584 138
585 143
586 128
587 149
588 140
589 149
590 148
591 163
592 150
593 146
594 154
595 146
596 164
597 160
598 172
599 146
600 150
601 160
602 165
603 187
604 176
605 177
606 163
607 171
608 160
609 160
610 193
611 193
612 167
613 164
614 171
615 172
616 153
617 167
618 178
619 155
620 149
621 193
622 174
623 159
624 183
625 161
626 155
627 133
628 173
629 181
630 133
631 138
632 159
633 151
634 152
635 163
636 163
637 159
638 161
639 134
640 164
641 128
642 133
643 167
644 142
645 148
646 127
647 142
648 138
649 135
650 133
651 128
652 129
653 116
654 110
655 99
656 150
657 124
658 114
659 93
660 99
661 106
662 88
663 113
664 78
665 114
666 83
667 83
668 96
669 81
670 92
671 93
672 91
673 81
674 91
675 60
676 78
677 78
678 64
679 87
680 55
681 66
682 74
683 62
684 63
685 67
686 62
687 43
688 45
689 57
690 72
691 43
692 46
693 55
694 59
695 33
696 44
697 37
698 42
699 38
700 39
701 34
702 37
703 24
704 39
705 30
706 33
707 25
708 31
709 28
710 27
711 30
712 30
713 32
714 24
715 21
716 21
717 17
718 19
719 19
720 20
721 15
722 25
723 15
724 17
725 14
726 14
727 18
728 14
729 17
730 12
731 14
732 8
733 15
734 6
735 16
736 9
737 9
738 10
739 10
740 5
741 13
742 15
743 4
744 4
745 16
746 9
747 6
748 9
749 8
750 5
751 5
752 5
753 9
754 4
755 7
756 7
757 6
758 4
759 4
760 6
761 2
762 4
763 6
764 5
765 6
766 2
767 4
768 4
770 3
772 2
773 2
774 4
775 3
776 1
777 1
778 1
779 5
780 3
781 2
782 3
783 2
784 4
785 1
789 1
792 2
793 2
795 1
796 1
797 1
801 1
805 3
806 1
808 1
810 1
830 1
832 2
834 1
843 1
848 1
880 1
1024 1
1094 1
1101 1
1195 1
1277 1
1320 1
1374 1
1380 1
