N J h mean_R_sq err_mean_R_sq mean_R_gyr_sq err_mean_R_gyr_sq 
1600 1.305 0 5914.01 89.3516 995.105 12.4964
546 1
549 1
550 1
553 1
557 1
559 1
560 1
561 1
562 1
563 3
564 1
565 1
566 3
569 2
570 1
571 1
573 2
574 1
577 2
578 3
580 1
581 2
582 3
583 2
584 5
585 3
586 2
587 3
588 5
589 4
590 5
591 3
592 6
593 4
594 5
595 6
596 4
597 7
598 2
599 9
600 2
601 5
602 4
603 6
604 5
605 9
606 6
607 6
608 9
609 6
610 9
611 10
612 12
613 10
614 7
615 13
616 11
617 16
618 12
619 12
620 14
621 14
622 20
623 18
624 13
625 13
626 25
627 12
628 17
629 19
630 16
631 22
632 21
633 19
634 25
635 17
636 22
637 28
638 23
639 26
640 22
641 20
642 24
643 27
644 23
645 22
646 28
647 33
648 26
649 22
650 37
651 32
652 28
653 31
654 32
655 38
656 42
657 37
658 45
659 41
660 42
661 38
662 47
663 63
664 46
665 39
666 39
667 42
668 56
669 48
670 41
671 66
672 52
673 55
674 65
675 49
676 54
677 44
678 49
679 57
680 59
681 81
682 55
683 67
684 58
685 74
686 64
687 61
688 67
689 58
690 72
691 75
692 55
693 85
694 69
695 84
696 65
697 72
698 82
699 88
700 73
701 91
702 61
703 78
704 84
705 86
706 106
707 83
708 98
709 82
710 96
711 87
712 105
713 88
714 84
715 96
716 105
717 90
718 108
719 110
720 95
721 102
722 97
723 97
724 102
725 132
726 114
727 116
728 113
729 98
730 135
731 118
732 120
733 134
734 117
735 105
736 112
737 121
738 125
739 127
740 129
741 114
742 150
743 115
744 108
745 116
746 147
747 143
748 130
749 122
750 126
751 120
752 120
753 151
754 144
755 121
756 135
757 135
758 136
759 141
760 140
761 138
762 146
763 135
764 163
765 158
766 157
767 158
768 129
769 151
770 135
771 150
772 149
773 165
774 161
775 147
776 149
777 169
778 172
779 144
780 160
781 145
782 157
783 134
784 171
785 152
786 179
787 135
788 149
789 144
790 155
791 164
792 153
793 170
794 173
795 164
796 175
797 151
798 170
799 137
800 154
801 188
802 167
803 147
804 191
805 166
806 160
807 161
808 156
809 160
810 164
811 146
812 158
813 170
814 164
815 180
816 171
817 158
818 160
819 175
820 161
821 166
822 163
823 172
824 162
825 170
826 200
827 147
828 186
829 166
830 181
831 157
832 171
833 175
834 172
835 175
836 159
837 181
838 178
839 201
840 168
841 185
842 170
843 179
844 163
845 178
846 193
847 176
848 185
849 186
850 179
851 168
852 174
853 178
854 190
855 182
856 162
857 167
858 184
859 187
860 202
861 180
862 203
863 174
864 165
865 171
866 171
867 198
868 197
869 194
870 162
871 192
872 178
873 191
874 190
875 168
876 196
877 197
878 188
879 178
880 191
881 193
882 206
883 162
884 187
885 193
886 171
887 177
888 189
889 192
890 213
891 174
892 214
893 188
894 189
895 183
896 194
897 199
898 189
899 207
900 222
901 202
902 218
903 199
904 217
905 208
906 228
907 209
908 211
909 189
910 209
911 189
912 201
913 209
914 229
915 232
916 210
917 204
918 213
919 188
920 207
921 190
922 218
923 186
924 225
925 205
926 204
927 188
928 209
929 206
930 211
931 211
932 223
933 192
934 213
935 215
936 181
937 204
938 199
939 216
940 203
941 247
942 192
943 184
944 193
945 205
946 178
947 203
948 190
949 215
950 204
951 184
952 184
953 212
954 182
955 198
956 201
957 203
958 197
959 205
960 174
961 197
962 191
963 201
964 194
965 189
966 179
967 180
968 189
969 193
970 174
971 177
972 198
973 199
974 176
975 162
976 156
977 179
978 176
979 178
980 170
981 203
982 179
983 167
984 174
985 148
986 189
987 162
988 158
989 165
990 155
991 146
992 146
993 141
994 152
995 148
996 136
997 151
998 148
999 150
1000 142
1001 124
1002 119
1003 142
1004 122
1005 122
1006 116
1007 90
1008 124
1009 109
1010 103
1011 127
1012 84
1013 118
1014 92
1015 92
1016 108
1017 121
1018 84
1019 83
1020 86
1021 114
1022 104
1023 87
1024 72
1025 78
1026 84
1027 63
1028 71
1029 85
1030 66
1031 57
1032 73
1033 74
1034 74
1035 67
1036 70
1037 43
1038 56
1039 60
1040 47
1041 57
1042 48
1043 41
1044 50
1045 36
1046 42
1047 46
1048 39
1049 56
1050 38
1051 43
1052 29
1053 26
1054 28
1055 32
1056 31
1057 19
1058 36
1059 29
1060 30
1061 19
1062 25
1063 14
1064 18
1065 22
1066 18
1067 23
1068 19
1069 15
1070 21
1071 13
1072 15
1073 13
1074 15
1075 16
1076 12
1077 12
1078 13
1079 10
1080 14
1081 5
1082 7
1083 6
1084 12
1085 5
1086 8
1087 6
1088 3
1089 6
1090 9
1091 3
1092 5
1093 7
1094 3
1095 4
1096 4
1099 3
1100 2
1101 1
1102 4
1104 2
1105 1
1106 4
1108 2
1111 1
1112 2
1113 4
1114 4
1117 1
1119 1
1120 1
1121 1
1123 2
1127 1
1129 1
1131 1
1134 1
1135 1
1139 1
1149 1
