N J h mean_R_sq err_mean_R_sq mean_R_gyr_sq err_mean_R_gyr_sq 
1600 1.295 0 10003.6 119.185 1545.54 14.8315
1000 2822
1001 2667
1002 2657
1003 2374
1004 2364
1005 2197
1006 2075
1007 2001
1008 1806
1009 1780
1010 1700
1011 1670
1012 1539
1013 1538
1014 1434
1015 1383
1016 1309
1017 1316
1018 1111
1019 1131
1020 1101
1021 1057
1022 933
1023 941
1024 911
1025 872
1026 828
1027 783
1028 753
1029 691
1030 724
1031 635
1032 603
1033 596
1034 600
1035 541
1036 530
1037 531
1038 515
1039 467
1040 429
1041 421
1042 413
1043 429
1044 358
1045 365
1046 354
1047 348
1048 317
1049 309
1050 315
1051 352
1052 247
1053 258
1054 247
1055 261
1056 236
1057 232
1058 250
1059 210
1060 212
1061 222
1062 205
1063 203
1064 197
1065 181
1066 198
1067 156
1068 171
1069 149
1070 158
1071 168
1072 125
1073 142
1074 131
1075 130
1076 115
1077 117
1078 122
1079 120
1080 118
1081 121
1082 107
1083 98
1084 106
1085 88
1086 98
1087 93
1088 92
1089 88
1090 79
1091 106
1092 92
1093 82
1094 75
1095 72
1096 84
1097 49
1098 67
1099 61
1100 66
1101 61
1102 65
1103 41
1104 52
1105 57
1106 65
1107 45
1108 55
1109 46
1110 38
1111 69
1112 55
1113 46
1114 50
1115 53
1116 47
1117 45
1118 41
1119 35
1120 33
1121 40
1122 42
1123 46
1124 40
1125 41
1126 32
1127 38
1128 35
1129 29
1130 35
1131 30
1132 35
1133 26
1134 29
1135 36
1136 36
1137 25
1138 30
1139 34
1140 30
1141 35
1142 24
1143 26
1144 28
1145 24
1146 21
1147 24
1148 31
1149 21
1150 25
1151 21
1152 19
1153 22
1154 23
1155 22
1156 18
1157 24
1158 21
1159 23
1160 22
1161 17
1162 17
1163 22
1164 14
1165 21
1166 24
1167 11
1168 23
1169 16
1170 25
1171 20
1172 17
1173 20
1174 11
1175 23
1176 15
1177 14
1178 18
1179 27
1180 12
1181 11
1182 11
1183 16
1184 9
1185 17
1186 7
1187 13
1188 21
1189 10
1190 13
1191 13
1192 11
1193 14
1194 2
1195 10
1196 11
1197 12
1198 10
1199 9
1200 12
1201 12
1202 10
1203 13
1204 13
1205 4
1206 7
1207 11
1208 7
1209 11
1210 5
1211 11
1212 6
1213 9
1214 8
1215 4
1216 8
1217 6
1218 11
1219 11
1220 6
1221 8
1222 10
1223 4
1224 6
1225 4
1226 4
1227 7
1228 5
1229 7
1230 6
1231 3
1232 2
1233 2
1234 5
1235 8
1236 5
1237 6
1238 5
1239 2
1240 4
1241 4
1242 3
1243 8
1244 4
1245 2
1246 9
1247 2
1248 2
1249 3
1250 3
1251 4
1252 3
1253 6
1254 4
1255 4
1256 5
1257 5
1258 3
1259 2
1260 3
1263 1
1264 1
1265 3
1266 6
1267 4
1268 1
1269 3
1270 1
1271 2
1272 3
1273 4
1274 9
1275 6
1276 1
1277 4
1278 5
1279 6
1280 1
1282 1
1283 3
1284 1
1285 1
1286 2
1287 3
1288 4
1289 3
1290 1
1291 1
1292 3
1293 1
1294 2
1295 3
1296 2
1297 2
1298 4
1299 1
1300 1
1301 3
1302 2
1305 3
1306 1
1307 1
1308 1
1309 2
1310 4
1312 1
1313 2
1315 1
1316 1
1317 1
1319 1
1320 2
1323 1
1324 1
1326 3
1327 1
1328 1
1329 4
1330 1
1331 3
1332 3
1333 1
1334 3
1336 1
1338 1
1340 1
1341 1
1344 1
1345 1
1350 2
1357 1
1363 1
1364 2
1366 1
1368 1
1369 1
1373 1
1377 1
1378 1
1381 1
1384 2
1385 1
1392 1
1394 1
1399 1
1403 1
1405 1
1407 1
1409 1
1427 1
1463 1
