N J h mean_R_sq err_mean_R_sq mean_R_gyr_sq err_mean_R_gyr_sq 
1600 1.275 0 14523.4 98.5749 2160.56 10.5548
724 1
727 1
740 1
755 1
767 1
776 1
779 1
785 1
791 1
793 2
798 2
799 1
801 2
802 1
805 1
806 1
810 1
811 1
814 1
815 2
816 1
817 1
818 1
819 1
821 3
824 1
826 1
827 1
828 2
830 4
831 2
832 1
833 1
834 3
836 1
837 1
838 2
839 2
840 1
841 2
842 1
843 2
844 1
845 2
846 2
847 1
848 5
849 1
850 3
852 5
853 3
854 5
855 3
856 3
857 5
858 1
859 3
860 2
861 6
862 3
863 3
864 8
865 3
866 4
867 4
868 6
869 5
870 2
871 7
872 5
873 3
874 7
875 3
876 2
877 5
878 5
879 5
880 9
881 9
882 8
883 6
884 8
885 9
886 13
887 11
888 5
889 11
890 9
891 10
892 13
893 14
894 11
895 17
896 7
897 12
898 9
899 16
900 18
901 14
902 13
903 8
904 16
905 13
906 16
907 19
908 35
909 18
910 30
911 12
912 17
913 23
914 20
915 23
916 26
917 23
918 23
919 24
920 32
921 26
922 36
923 19
924 26
925 33
926 31
927 33
928 30
929 40
930 40
931 36
932 37
933 60
934 41
935 54
936 51
937 46
938 62
939 56
940 39
941 67
942 68
943 78
944 76
945 67
946 76
947 75
948 74
949 97
950 109
951 104
952 104
953 97
954 92
955 101
956 106
957 121
958 102
959 113
960 119
961 117
962 139
963 138
964 129
965 129
966 155
967 159
968 143
969 150
970 157
971 182
972 191
973 191
974 184
975 196
976 188
977 239
978 204
979 190
980 217
981 239
982 232
983 280
984 237
985 214
986 256
987 258
988 290
989 284
990 289
991 257
992 289
993 312
994 284
995 337
996 328
997 346
998 349
999 345
1000 357
1001 382
1002 355
1003 388
1004 392
1005 372
1006 430
1007 412
1008 416
1009 428
1010 485
1011 460
1012 498
1013 483
1014 477
1015 531
1016 490
1017 491
1018 518
1019 476
1020 544
1021 552
1022 541
1023 532
1024 529
1025 593
1026 567
1027 585
1028 571
1029 638
1030 611
1031 596
1032 592
1033 563
1034 619
1035 606
1036 609
1037 584
1038 575
1039 627
1040 655
1041 638
1042 660
1043 663
1044 609
1045 625
1046 691
1047 671
1048 626
1049 646
1050 674
1051 594
1052 604
1053 637
1054 666
1055 583
1056 646
1057 627
1058 680
1059 672
1060 648
1061 626
1062 593
1063 595
1064 645
1065 606
1066 567
1067 632
1068 571
1069 609
1070 569
1071 590
1072 544
1073 562
1074 493
1075 577
1076 524
1077 528
1078 533
1079 488
1080 465
1081 487
1082 464
1083 463
1084 479
1085 425
1086 433
1087 391
1088 436
1089 397
1090 409
1091 406
1092 353
1093 354
1094 364
1095 320
1096 333
1097 338
1098 318
1099 291
1100 313
1101 299
1102 298
1103 269
1104 282
1105 256
1106 242
1107 236
1108 213
1109 203
1110 217
1111 214
1112 188
1113 185
1114 169
1115 198
1116 182
1117 174
1118 129
1119 153
1120 147
1121 132
1122 114
1123 109
1124 122
1125 112
1126 83
1127 90
1128 96
1129 90
1130 74
1131 95
1132 97
1133 70
1134 62
1135 61
1136 58
1137 63
1138 51
1139 41
1140 47
1141 32
1142 40
1143 45
1144 41
1145 29
1146 34
1147 31
1148 33
1149 16
1150 26
1151 21
1152 22
1153 12
1154 21
1155 21
1156 17
1157 15
1158 16
1159 12
1160 12
1161 7
1162 5
1163 7
1164 13
1165 5
1166 5
1167 10
1168 1
1169 2
1170 8
1171 3
1172 6
1173 3
1174 3
1175 5
1176 5
1177 1
1179 2
1180 3
1181 7
1183 2
1185 1
1188 2
1189 1
1191 2
1201 1
1240 1
1245 1
