N J h mean_R_sq err_mean_R_sq mean_R_gyr_sq err_mean_R_gyr_sq 
1225 1.305 0 5323.56 52.0403 871.351 6.50178
556 2
566 1
570 1
574 1
575 1
578 1
582 1
583 1
585 1
592 1
593 1
594 1
599 1
600 2
602 1
603 2
604 1
606 1
607 1
609 2
610 1
611 1
613 2
614 2
615 1
616 2
617 2
619 3
620 3
621 5
622 4
623 1
624 3
625 3
626 2
627 1
628 1
629 4
630 2
631 4
632 3
633 5
634 2
635 7
636 5
637 2
638 2
639 2
640 6
641 9
642 5
643 4
644 3
645 6
646 7
647 9
648 3
649 5
650 4
651 4
652 8
653 12
654 4
655 3
656 7
657 6
658 5
659 7
660 7
661 6
662 7
663 8
664 8
665 9
666 4
667 7
668 10
669 8
670 8
671 10
672 11
673 11
674 10
675 9
676 12
677 14
678 16
679 16
680 16
681 17
682 10
683 13
684 13
685 17
686 9
687 22
688 14
689 18
690 25
691 9
692 16
693 16
694 15
695 15
696 21
697 12
698 16
699 15
700 23
701 13
702 26
703 17
704 21
705 19
706 21
707 26
708 18
709 25
710 18
711 33
712 22
713 35
714 23
715 20
716 24
717 29
718 31
719 32
720 19
721 31
722 29
723 30
724 27
725 20
726 33
727 41
728 30
729 23
730 28
731 41
732 28
733 38
734 36
735 33
736 41
737 35
738 39
739 43
740 47
741 39
742 23
743 37
744 39
745 37
746 36
747 43
748 42
749 56
750 44
751 51
752 43
753 45
754 45
755 49
756 41
757 37
758 49
759 54
760 54
761 45
762 41
763 39
764 44
765 33
766 48
767 55
768 47
769 57
770 39
771 69
772 51
773 56
774 70
775 53
776 56
777 65
778 59
779 57
780 73
781 58
782 64
783 68
784 69
785 57
786 71
787 60
788 66
789 62
790 59
791 63
792 75
793 58
794 78
795 67
796 72
797 55
798 88
799 61
800 66
801 94
802 88
803 61
804 76
805 68
806 65
807 72
808 94
809 83
810 89
811 97
812 82
813 78
814 76
815 91
816 76
817 75
818 101
819 95
820 91
821 76
822 94
823 66
824 99
825 100
826 96
827 67
828 80
829 97
830 120
831 104
832 78
833 93
834 89
835 88
836 109
837 90
838 98
839 94
840 84
841 130
842 117
843 110
844 95
845 139
846 96
847 103
848 89
849 92
850 118
851 101
852 110
853 116
854 115
855 137
856 115
857 118
858 116
859 112
860 129
861 110
862 128
863 122
864 114
865 129
866 117
867 111
868 149
869 140
870 129
871 144
872 129
873 134
874 144
875 138
876 136
877 130
878 146
879 161
880 156
881 163
882 137
883 147
884 139
885 156
886 139
887 120
888 132
889 141
890 163
891 165
892 153
893 156
894 157
895 155
896 148
897 154
898 167
899 151
900 167
901 148
902 169
903 156
904 149
905 160
906 198
907 170
908 162
909 176
910 156
911 166
912 192
913 175
914 163
915 205
916 165
917 149
918 190
919 176
920 168
921 180
922 191
923 177
924 170
925 182
926 179
927 175
928 187
929 229
930 167
931 182
932 192
933 178
934 192
935 181
936 184
937 192
938 149
939 192
940 180
941 200
942 211
943 191
944 221
945 191
946 197
947 208
948 193
949 193
950 206
951 212
952 197
953 204
954 205
955 167
956 198
957 189
958 193
959 213
960 191
961 205
962 170
963 222
964 163
965 188
966 186
967 193
968 189
969 188
970 199
971 193
972 187
973 187
974 190
975 196
976 184
977 171
978 189
979 173
980 178
981 183
982 180
983 156
984 167
985 178
986 175
987 176
988 192
989 190
990 161
991 179
992 179
993 168
994 179
995 177
996 165
997 149
998 186
999 151
1000 176
1001 147
1002 138
1003 148
1004 146
1005 151
1006 151
1007 128
1008 132
1009 137
1010 134
1011 159
1012 145
1013 129
1014 137
1015 152
1016 113
1017 121
1018 139
1019 123
1020 109
1021 125
1022 127
1023 117
1024 121
1025 104
1026 98
1027 91
1028 108
1029 95
1030 122
1031 92
1032 91
1033 94
1034 105
1035 89
1036 79
1037 86
1038 92
1039 85
1040 86
1041 80
1042 76
1043 85
1044 63
1045 75
1046 73
1047 71
1048 57
1049 57
1050 60
1051 63
1052 58
1053 61
1054 74
1055 48
1056 44
1057 44
1058 57
1059 39
1060 57
1061 44
1062 44
1063 45
1064 49
1065 48
1066 39
1067 31
1068 37
1069 33
1070 34
1071 30
1072 42
1073 34
1074 23
1075 25
1076 28
1077 21
1078 29
1079 26
1080 18
1081 16
1082 15
1083 20
1084 24
1085 23
1086 18
1087 19
1088 10
1089 17
1090 16
1091 18
1092 15
1093 12
1094 14
1095 12
1096 11
1097 13
1098 13
1099 7
1100 8
1101 7
1102 11
1103 6
1104 5
1105 4
1106 8
1107 3
1108 5
1109 9
1110 8
1111 5
1112 6
1113 4
1114 5
1115 7
1116 1
1117 4
1118 2
1119 2
1120 1
1121 4
1122 2
1123 3
1124 3
1125 3
1126 3
1127 2
1128 3
1129 3
1130 2
1132 1
1135 2
1136 1
1137 1
1138 1
1139 1
1140 2
1142 1
1143 2
1148 1
1151 1
1159 1
