N J h mean_R_sq err_mean_R_sq mean_R_gyr_sq err_mean_R_gyr_sq 
1600 1.305 0 5914.01 89.3516 995.105 12.4964
318 2
334 1
338 1
341 1
352 1
355 1
356 2
358 1
363 2
371 1
372 1
374 1
376 1
381 1
384 1
385 1
386 2
387 1
389 2
390 1
391 1
392 2
393 1
394 2
400 1
401 3
402 1
403 1
404 1
405 2
407 2
412 5
413 1
414 1
415 1
416 2
417 1
418 3
420 1
421 1
422 2
424 1
426 2
427 2
428 2
430 2
431 1
432 2
433 2
434 1
435 2
437 4
438 3
440 1
441 2
442 5
443 1
444 2
445 2
447 3
448 1
449 3
450 3
451 4
452 2
453 1
454 3
455 3
456 6
457 1
458 2
459 1
461 2
462 3
463 3
464 1
465 2
467 4
468 2
469 4
470 2
471 4
472 2
473 3
474 5
475 1
476 3
477 2
478 4
479 3
480 3
481 4
482 7
483 2
484 2
485 6
486 6
487 5
488 6
489 8
490 5
491 3
492 4
493 2
494 9
495 3
496 3
497 5
498 6
499 1
500 5
501 4
502 6
503 4
504 1
505 3
506 6
507 5
508 6
509 4
510 8
511 3
512 4
513 6
514 6
515 8
516 4
517 9
518 3
519 4
520 6
521 6
522 8
523 8
524 10
525 11
526 10
527 7
528 4
529 11
530 4
531 5
532 11
533 9
534 12
535 1
536 7
537 8
538 3
539 5
540 7
541 4
542 11
543 7
544 7
545 14
546 9
547 7
548 4
549 8
550 6
551 10
552 7
553 8
554 5
555 14
556 6
557 7
558 13
559 12
560 6
561 6
562 6
563 9
564 10
565 7
566 9
567 14
568 9
569 6
570 7
571 8
572 10
573 14
574 10
575 13
576 15
577 5
578 9
579 10
580 16
581 13
582 11
583 10
584 11
585 12
586 11
587 9
588 20
589 15
590 13
591 11
592 18
593 11
594 13
595 11
596 15
597 12
598 11
599 16
600 12
601 13
602 9
603 15
604 13
605 16
606 17
607 11
608 17
609 13
610 13
611 16
612 17
613 21
614 24
615 13
616 20
617 7
618 14
619 18
620 15
621 11
622 18
623 10
624 21
625 15
626 20
627 10
628 7
629 15
630 16
631 17
632 15
633 17
634 15
635 19
636 17
637 9
638 20
639 17
640 16
641 16
642 22
643 12
644 21
645 23
646 15
647 19
648 21
649 23
650 18
651 11
652 19
653 15
654 24
655 20
656 17
657 22
658 19
659 21
660 17
661 23
662 18
663 19
664 23
665 34
666 29
667 22
668 25
669 24
670 19
671 23
672 21
673 36
674 26
675 22
676 20
677 21
678 24
679 26
680 22
681 25
682 29
683 29
684 20
685 26
686 25
687 25
688 24
689 30
690 28
691 29
692 33
693 26
694 9
695 27
696 23
697 23
698 40
699 29
700 31
701 18
702 29
703 28
704 31
705 32
706 25
707 30
708 29
709 34
710 30
711 34
712 34
713 34
714 34
715 39
716 29
717 27
718 32
719 23
720 49
721 34
722 36
723 25
724 28
725 45
726 36
727 39
728 53
729 38
730 41
731 48
732 42
733 34
734 35
735 40
736 31
737 47
738 34
739 30
740 34
741 34
742 31
743 38
744 39
745 42
746 48
747 33
748 32
749 42
750 36
751 35
752 29
753 40
754 41
755 51
756 45
757 63
758 42
759 40
760 46
761 50
762 55
763 47
764 55
765 47
766 42
767 35
768 57
769 48
770 46
771 47
772 45
773 45
774 41
775 54
776 48
777 53
778 63
779 50
780 65
781 47
782 46
783 49
784 65
785 54
786 42
787 44
788 55
789 59
790 46
791 63
792 54
793 51
794 67
795 47
796 57
797 52
798 48
799 45
800 67
801 56
802 64
803 56
804 64
805 70
806 48
807 67
808 48
809 63
810 86
811 60
812 67
813 59
814 66
815 64
816 61
817 71
818 82
819 73
820 62
821 62
822 76
823 72
824 76
825 72
826 63
827 74
828 90
829 70
830 67
831 63
832 78
833 82
834 75
835 69
836 65
837 73
838 93
839 66
840 70
841 75
842 75
843 91
844 78
845 77
846 69
847 87
848 82
849 63
850 82
851 98
852 86
853 74
854 71
855 88
856 83
857 83
858 93
859 106
860 95
861 96
862 97
863 106
864 88
865 95
866 99
867 99
868 97
869 108
870 102
871 115
872 111
873 116
874 105
875 93
876 95
877 120
878 102
879 101
880 91
881 130
882 85
883 115
884 104
885 97
886 98
887 105
888 112
889 122
890 114
891 115
892 122
893 118
894 109
895 101
896 127
897 85
898 127
899 112
900 110
901 129
902 126
903 107
904 107
905 116
906 103
907 117
908 119
909 139
910 127
911 98
912 113
913 141
914 115
915 119
916 111
917 108
918 126
919 131
920 126
921 118
922 112
923 132
924 137
925 119
926 131
927 121
928 135
929 123
930 142
931 113
932 121
933 130
934 140
935 143
936 131
937 133
938 145
939 118
940 112
941 129
942 150
943 123
944 145
945 141
946 133
947 146
948 128
949 150
950 114
951 152
952 133
953 114
954 140
955 134
956 132
957 122
958 128
959 158
960 144
961 152
962 132
963 127
964 129
965 147
966 148
967 126
968 132
969 140
970 141
971 149
972 146
973 146
974 145
975 155
976 145
977 140
978 150
979 130
980 148
981 152
982 150
983 151
984 134
985 138
986 151
987 129
988 143
989 150
990 143
991 142
992 146
993 147
994 152
995 147
996 153
997 139
998 161
999 176
1000 154
1001 126
1002 135
1003 151
1004 140
1005 165
1006 143
1007 141
1008 137
1009 159
1010 162
1011 157
1012 150
1013 135
1014 149
1015 154
1016 148
1017 155
1018 142
1019 143
1020 130
1021 160
1022 149
1023 119
1024 144
1025 136
1026 141
1027 147
1028 156
1029 129
1030 124
1031 118
1032 122
1033 147
1034 145
1035 134
1036 146
1037 138
1038 133
1039 131
1040 144
1041 126
1042 160
1043 147
1044 127
1045 149
1046 141
1047 144
1048 130
1049 122
1050 130
1051 142
1052 128
1053 138
1054 118
1055 126
1056 126
1057 131
1058 139
1059 138
1060 143
1061 154
1062 143
1063 158
1064 110
1065 126
1066 138
1067 144
1068 145
1069 129
1070 128
1071 128
1072 145
1073 120
1074 128
1075 109
1076 126
1077 120
1078 134
1079 122
1080 128
1081 121
1082 113
1083 128
1084 121
1085 116
1086 123
1087 114
1088 114
1089 119
1090 121
1091 132
1092 105
1093 112
1094 127
1095 122
1096 100
1097 122
1098 121
1099 113
1100 110
1101 109
1102 123
1103 96
1104 95
1105 111
1106 105
1107 114
1108 108
1109 120
1110 94
1111 95
1112 106
1113 105
1114 118
1115 108
1116 111
1117 118
1118 112
1119 104
1120 93
1121 115
1122 100
1123 97
1124 83
1125 88
1126 92
1127 95
1128 100
1129 86
1130 98
1131 82
1132 84
1133 90
1134 73
1135 98
1136 73
1137 84
1138 85
1139 84
1140 86
1141 82
1142 74
1143 83
1144 78
1145 89
1146 76
1147 87
1148 76
1149 81
1150 87
1151 82
1152 77
1153 92
1154 88
1155 93
1156 82
1157 80
1158 69
1159 74
1160 93
1161 92
1162 64
1163 94
1164 81
1165 80
1166 66
1167 67
1168 80
1169 70
1170 72
1171 87
1172 70
1173 72
1174 71
1175 75
1176 70
1177 70
1178 57
1179 80
1180 58
1181 59
1182 66
1183 52
1184 61
1185 58
1186 71
1187 67
1188 74
1189 55
1190 56
1191 53
1192 77
1193 66
1194 57
1195 46
1196 63
1197 55
1198 52
1199 67
1200 41
1201 52
1202 59
1203 55
1204 70
1205 49
1206 50
1207 55
1208 59
1209 51
1210 56
1211 42
1212 43
1213 69
1214 61
1215 63
1216 48
1217 47
1218 65
1219 55
1220 52
1221 51
1222 53
1223 40
1224 53
1225 50
1226 43
1227 51
1228 48
1229 51
1230 40
1231 51
1232 44
1233 53
1234 54
1235 46
1236 42
1237 52
1238 57
1239 46
1240 51
1241 48
1242 40
1243 41
1244 58
1245 40
1246 50
1247 36
1248 43
1249 47
1250 41
1251 46
1252 41
1253 37
1254 34
1255 30
1256 41
1257 38
1258 38
1259 46
1260 47
1261 38
1262 41
1263 35
1264 49
1265 40
1266 34
1267 32
1268 34
1269 38
1270 38
1271 33
1272 26
1273 28
1274 41
1275 33
1276 35
1277 41
1278 32
1279 28
1280 36
1281 29
1282 37
1283 27
1284 29
1285 43
1286 27
1287 31
1288 30
1289 25
1290 20
1291 25
1292 28
1293 34
1294 23
1295 33
1296 33
1297 28
1298 32
1299 35
1300 33
1301 20
1302 29
1303 33
1304 22
1305 24
1306 30
1307 27
1308 25
1309 25
1310 28
1311 32
1312 24
1313 27
1314 22
1315 27
1316 23
1317 25
1318 18
1319 30
1320 26
1321 23
1322 24
1323 33
1324 24
1325 19
1326 20
1327 23
1328 23
1329 24
1330 19
1331 26
1332 25
1333 30
1334 26
1335 14
1336 27
1337 23
1338 20
1339 22
1340 26
1341 20
1342 24
1343 20
1344 18
1345 19
1346 22
1347 23
1348 20
1349 35
1350 28
1351 19
1352 20
1353 22
1354 11
1355 22
1356 22
1357 10
1358 20
1359 22
1360 18
1361 14
1362 15
1363 16
1364 10
1365 16
1366 26
1367 12
1368 19
1369 12
1370 20
1371 11
1372 18
1373 12
1374 18
1375 14
1376 13
1377 15
1378 19
1379 13
1380 22
1381 18
1382 19
1383 15
1384 20
1385 16
1386 15
1387 16
1388 12
1389 12
1390 19
1391 9
1392 17
1393 17
1394 15
1395 19
1396 14
1397 12
1398 14
1399 4
1400 11
1401 15
1402 19
1403 13
1404 10
1405 14
1406 12
1407 8
1408 15
1409 8
1410 10
1411 11
1412 14
1413 13
1414 15
1415 11
1416 8
1417 11
1418 15
1419 12
1420 16
1421 8
1422 10
1423 6
1424 7
1425 8
1426 11
1427 14
1428 12
1429 13
1430 6
1431 13
1432 11
1433 15
1434 9
1435 10
1436 6
1437 10
1438 11
1439 6
1440 7
1441 16
1442 13
1443 14
1444 6
1445 7
1446 6
1447 15
1448 9
1449 10
1450 8
1451 7
1452 9
1453 5
1454 11
1455 7
1456 6
1457 9
1458 10
1459 6
1460 13
1461 5
1462 7
1463 7
1464 5
1465 6
1466 8
1467 6
1468 7
1469 4
1470 5
1471 7
1472 9
1473 8
1474 3
1475 6
1476 7
1477 6
1478 7
1479 5
1480 8
1481 10
1482 8
1483 8
1484 3
1485 1
1486 4
1487 10
1488 3
1489 7
1490 1
1491 3
1492 5
1493 3
1494 6
1495 5
1496 5
1497 5
1498 2
1499 3
1500 3
1501 4
1502 4
1503 4
1504 3
1505 1
1506 6
1507 5
1508 4
1509 1
1510 3
1511 6
1512 5
1513 3
1514 3
1515 2
1516 4
1517 3
1518 4
1519 3
1520 2
1521 3
1522 3
1523 4
1524 2
1525 5
1526 3
1527 5
1528 1
1529 4
1530 3
1531 3
1532 1
1533 2
1535 5
1536 2
1537 7
1538 2
1539 2
1540 5
1541 3
1542 1
1543 3
1544 1
1545 1
1546 2
1547 3
1548 1
1550 1
1551 4
1553 3
1554 2
1555 1
1558 2
1559 1
1560 1
1562 2
1563 3
1564 2
1566 2
1567 1
1568 1
1569 1
1570 2
1571 1
1572 1
1573 1
1574 4
1575 1
1576 4
1577 1
1578 1
1579 2
1581 1
1582 1
1585 1
1586 2
1587 1
1588 1
1589 1
1591 1
1592 4
1593 1
1594 1
1597 1
1598 1
1600 1
1604 2
1605 1
1607 1
1608 1
1610 3
1613 1
1615 1
1618 1
1621 1
1622 2
1626 1
1628 1
1629 1
1633 1
1636 1
1644 1
1651 1
1653 1
1672 1
1684 1
1693 1
