N J h mean_R_sq err_mean_R_sq mean_R_gyr_sq err_mean_R_gyr_sq 
1600 1.315 0 2964.67 98.4794 602.026 15.683
1000 388
1001 357
1002 384
1003 333
1004 359
1005 322
1006 351
1007 326
1008 350
1009 323
1010 337
1011 332
1012 310
1013 300
1014 346
1015 312
1016 291
1017 281
1018 324
1019 321
1020 278
1021 296
1022 288
1023 292
1024 273
1025 257
1026 291
1027 282
1028 291
1029 262
1030 234
1031 255
1032 244
1033 247
1034 263
1035 268
1036 255
1037 246
1038 265
1039 272
1040 242
1041 257
1042 236
1043 254
1044 239
1045 199
1046 250
1047 227
1048 233
1049 218
1050 207
1051 205
1052 211
1053 214
1054 241
1055 239
1056 220
1057 239
1058 223
1059 223
1060 188
1061 199
1062 221
1063 206
1064 204
1065 205
1066 186
1067 220
1068 192
1069 215
1070 208
1071 183
1072 197
1073 193
1074 202
1075 192
1076 201
1077 178
1078 179
1079 210
1080 170
1081 192
1082 189
1083 166
1084 180
1085 166
1086 189
1087 179
1088 183
1089 172
1090 156
1091 156
1092 159
1093 162
1094 165
1095 188
1096 194
1097 166
1098 162
1099 181
1100 172
1101 158
1102 169
1103 164
1104 174
1105 154
1106 147
1107 153
1108 136
1109 139
1110 139
1111 159
1112 152
1113 162
1114 166
1115 172
1116 142
1117 174
1118 160
1119 152
1120 169
1121 147
1122 163
1123 129
1124 145
1125 128
1126 147
1127 159
1128 161
1129 152
1130 121
1131 157
1132 159
1133 133
1134 141
1135 155
1136 157
1137 115
1138 172
1139 151
1140 136
1141 130
1142 129
1143 129
1144 116
1145 127
1146 134
1147 128
1148 143
1149 130
1150 137
1151 132
1152 137
1153 120
1154 128
1155 137
1156 127
1157 142
1158 108
1159 116
1160 115
1161 128
1162 130
1163 117
1164 143
1165 104
1166 111
1167 123
1168 119
1169 102
1170 117
1171 104
1172 136
1173 117
1174 114
1175 114
1176 117
1177 107
1178 114
1179 109
1180 131
1181 106
1182 119
1183 84
1184 114
1185 120
1186 120
1187 110
1188 112
1189 117
1190 92
1191 96
1192 99
1193 102
1194 103
1195 88
1196 92
1197 88
1198 110
1199 100
1200 96
1201 107
1202 111
1203 86
1204 101
1205 95
1206 91
1207 87
1208 96
1209 95
1210 88
1211 90
1212 104
1213 103
1214 105
1215 92
1216 91
1217 91
1218 96
1219 87
1220 77
1221 101
1222 85
1223 96
1224 94
1225 88
1226 96
1227 87
1228 104
1229 95
1230 99
1231 95
1232 73
1233 93
1234 94
1235 77
1236 97
1237 68
1238 75
1239 83
1240 76
1241 78
1242 65
1243 77
1244 67
1245 81
1246 71
1247 64
1248 76
1249 79
1250 61
1251 79
1252 62
1253 63
1254 77
1255 86
1256 70
1257 64
1258 65
1259 72
1260 54
1261 60
1262 62
1263 60
1264 64
1265 60
1266 70
1267 74
1268 54
1269 53
1270 70
1271 66
1272 63
1273 75
1274 68
1275 63
1276 70
1277 66
1278 47
1279 57
1280 64
1281 59
1282 54
1283 62
1284 55
1285 40
1286 67
1287 62
1288 60
1289 51
1290 50
1291 68
1292 51
1293 48
1294 51
1295 48
1296 52
1297 48
1298 59
1299 52
1300 48
1301 44
1302 43
1303 45
1304 49
1305 39
1306 51
1307 42
1308 59
1309 45
1310 44
1311 35
1312 43
1313 43
1314 44
1315 40
1316 45
1317 44
1318 48
1319 40
1320 39
1321 58
1322 44
1323 53
1324 44
1325 35
1326 29
1327 35
1328 41
1329 39
1330 41
1331 36
1332 37
1333 30
1334 26
1335 24
1336 42
1337 37
1338 39
1339 39
1340 43
1341 31
1342 28
1343 29
1344 26
1345 37
1346 22
1347 24
1348 33
1349 33
1350 27
1351 32
1352 33
1353 25
1354 30
1355 24
1356 32
1357 24
1358 26
1359 22
1360 16
1361 21
1362 14
1363 34
1364 16
1365 20
1366 26
1367 21
1368 24
1369 21
1370 18
1371 29
1372 20
1373 31
1374 20
1375 17
1376 21
1377 20
1378 18
1379 20
1380 15
1381 24
1382 15
1383 16
1384 10
1385 17
1386 19
1387 14
1388 15
1389 15
1390 15
1391 12
1392 13
1393 14
1394 24
1395 19
1396 16
1397 15
1398 13
1399 12
1400 10
1401 11
1402 15
1403 7
1404 19
1405 11
1406 11
1407 12
1408 12
1409 9
1410 14
1411 15
1412 12
1413 12
1414 16
1415 7
1416 11
1417 10
1418 6
1419 8
1420 15
1421 8
1422 12
1423 18
1424 8
1425 11
1426 13
1427 11
1428 6
1429 8
1430 8
1431 4
1432 9
1433 10
1434 7
1435 12
1436 5
1437 7
1438 9
1439 6
1440 14
1441 4
1442 2
1443 6
1444 4
1445 3
1446 3
1447 5
1448 2
1449 7
1450 6
1451 1
1452 9
1453 2
1454 4
1455 1
1456 3
1457 4
1458 7
1459 3
1460 8
1461 2
1462 6
1463 3
1464 7
1465 3
1466 1
1467 4
1468 4
1469 6
1470 1
1471 4
1472 5
1473 4
1474 4
1475 4
1476 2
1477 3
1478 6
1479 5
1481 2
1482 3
1483 2
1484 3
1485 4
1486 3
1487 2
1488 3
1489 1
1490 5
1491 2
1493 4
1496 2
1498 3
1499 3
1500 1
1501 3
1502 1
1503 1
1504 1
1507 1
1508 2
1510 1
1511 1
1512 2
1514 2
1515 1
1521 1
1524 1
1525 1
1527 2
1528 1
1530 1
1532 1
1535 1
1536 1
1543 1
1550 2
1558 1
1561 1
1563 1
1565 1
1577 1
1593 1
