N J h mean_R_sq err_mean_R_sq mean_R_gyr_sq err_mean_R_gyr_sq 
900 1.275 0 6430.22 42.0948 971.454 3.95159
678 1
701 1
709 1
729 1
743 1
748 1
760 1
761 1
762 1
764 1
769 1
774 3
775 1
776 1
778 1
786 1
787 1
788 1
789 1
791 1
792 2
793 1
796 2
798 1
801 1
802 1
805 1
806 1
808 3
810 4
811 2
812 3
813 1
814 1
817 5
819 1
821 5
822 3
823 5
825 3
826 3
827 4
829 2
830 2
831 2
832 3
833 5
834 3
835 2
836 3
837 6
838 3
839 6
840 3
841 5
842 2
843 2
844 4
845 2
846 4
847 4
848 7
849 5
850 4
851 9
852 8
853 2
854 10
855 6
856 8
857 8
858 3
859 4
860 2
861 5
862 6
863 3
864 5
865 6
866 3
867 9
868 7
869 9
870 4
871 7
872 9
873 11
874 16
875 9
876 12
877 10
878 5
879 11
880 11
881 15
882 11
883 16
884 14
885 15
886 17
887 15
888 8
889 12
890 16
891 21
892 16
893 11
894 11
895 20
896 22
897 25
898 22
899 18
900 16
901 33
902 18
903 26
904 25
905 32
906 29
907 29
908 28
909 35
910 35
911 29
912 25
913 36
914 41
915 39
916 31
917 37
918 36
919 33
920 33
921 31
922 49
923 41
924 50
925 52
926 48
927 50
928 43
929 61
930 68
931 47
932 53
933 56
934 50
935 58
936 46
937 59
938 72
939 72
940 83
941 67
942 63
943 83
944 75
945 83
946 68
947 82
948 92
949 107
950 83
951 76
952 98
953 118
954 87
955 97
956 121
957 100
958 105
959 103
960 117
961 126
962 128
963 113
964 124
965 111
966 109
967 140
968 126
969 153
970 118
971 133
972 143
973 144
974 151
975 121
976 159
977 171
978 166
979 162
980 167
981 180
982 175
983 159
984 179
985 175
986 190
987 199
988 219
989 215
990 236
991 232
992 230
993 220
994 269
995 219
996 214
997 225
998 234
999 225
1000 264
1001 276
1002 255
1003 283
1004 240
1005 270
1006 270
1007 301
1008 279
1009 272
1010 293
1011 304
1012 297
1013 259
1014 292
1015 318
1016 305
1017 302
1018 318
1019 307
1020 317
1021 317
1022 337
1023 322
1024 356
1025 347
1026 361
1027 380
1028 361
1029 385
1030 365
1031 377
1032 395
1033 362
1034 397
1035 340
1036 354
1037 382
1038 391
1039 364
1040 381
1041 350
1042 363
1043 395
1044 405
1045 405
1046 385
1047 392
1048 389
1049 367
1050 414
1051 398
1052 422
1053 370
1054 422
1055 410
1056 403
1057 404
1058 444
1059 382
1060 389
1061 381
1062 434
1063 408
1064 417
1065 396
1066 390
1067 397
1068 416
1069 366
1070 399
1071 404
1072 404
1073 363
1074 409
1075 372
1076 370
1077 372
1078 365
1079 356
1080 374
1081 345
1082 355
1083 324
1084 377
1085 383
1086 343
1087 321
1088 336
1089 318
1090 338
1091 335
1092 357
1093 309
1094 313
1095 300
1096 325
1097 307
1098 293
1099 271
1100 263
1101 282
1102 295
1103 260
1104 297
1105 250
1106 269
1107 265
1108 263
1109 259
1110 229
1111 230
1112 246
1113 221
1114 209
1115 227
1116 210
1117 211
1118 197
1119 202
1120 217
1121 196
1122 170
1123 194
1124 185
1125 162
1126 155
1127 173
1128 167
1129 154
1130 124
1131 167
1132 149
1133 140
1134 128
1135 135
1136 120
1137 127
1138 120
1139 88
1140 118
1141 90
1142 93
1143 75
1144 92
1145 102
1146 95
1147 80
1148 99
1149 80
1150 64
1151 79
1152 65
1153 69
1154 76
1155 57
1156 58
1157 60
1158 52
1159 51
1160 54
1161 47
1162 47
1163 52
1164 35
1165 36
1166 30
1167 37
1168 30
1169 26
1170 29
1171 34
1172 27
1173 31
1174 27
1175 34
1176 21
1177 25
1178 16
1179 15
1180 14
1181 14
1182 14
1183 18
1184 14
1185 16
1186 17
1187 11
1188 18
1189 12
1190 8
1191 8
1192 14
1193 8
1194 7
1195 6
1196 3
1197 4
1198 5
1199 3
1200 4
1202 4
1203 2
1204 6
1205 6
1206 2
1207 2
1208 4
1209 2
1210 3
1211 3
1212 4
1213 3
1214 3
1215 4
1216 5
1217 1
1219 3
1220 1
1221 1
1223 1
1224 2
1228 1
1230 1
1231 1
1234 1
1235 1
1237 1
1238 1
