N J h mean_R_sq err_mean_R_sq mean_R_gyr_sq err_mean_R_gyr_sq 
2500 1.325 0 3107.5 1113.33 820.747 214.468
254 1
265 1
273 1
276 1
291 1
292 1
293 1
296 1
299 1
301 2
305 1
306 1
307 1
308 1
310 1
312 2
313 1
315 1
316 1
319 1
320 3
324 1
325 2
326 1
327 1
329 1
330 1
333 3
336 2
338 2
339 3
341 4
342 3
343 1
345 7
346 1
347 2
348 1
349 1
350 2
351 1
352 2
353 2
354 3
355 2
356 3
357 3
358 3
359 4
360 5
361 3
362 1
363 2
364 5
365 4
366 4
367 1
368 6
369 6
370 4
371 1
372 1
373 3
374 2
375 2
376 5
377 3
378 4
379 5
380 7
381 1
382 8
383 2
384 8
385 3
386 9
387 3
388 3
389 5
390 6
391 4
392 2
393 6
394 5
395 3
396 5
397 5
398 6
399 3
400 7
401 5
402 5
403 4
404 4
405 3
406 4
407 4
408 9
409 5
410 3
411 4
412 10
413 4
414 8
415 10
416 8
417 5
418 4
419 6
420 8
421 5
422 11
423 9
424 12
425 7
426 7
427 6
428 9
429 4
430 8
431 8
432 7
433 10
434 5
435 7
436 12
437 8
438 8
439 8
440 7
441 16
442 8
443 8
444 8
445 9
446 11
447 16
448 12
449 17
450 9
451 12
452 11
453 16
454 10
455 8
456 13
457 9
458 12
459 13
460 10
461 11
462 10
463 7
464 13
465 15
466 9
467 12
468 7
469 10
470 17
471 13
472 11
473 13
474 2
475 17
476 15
477 14
478 11
479 13
480 7
481 10
482 13
483 14
484 8
485 18
486 17
487 11
488 15
489 4
490 13
491 15
492 13
493 17
494 10
495 19
496 14
497 18
498 13
499 11
500 16
501 12
502 16
503 15
504 15
505 10
506 12
507 12
508 15
509 17
510 14
511 18
512 13
513 15
514 17
515 19
516 14
517 19
518 20
519 19
520 11
521 12
522 12
523 16
524 15
525 7
526 21
527 20
528 16
529 14
530 21
531 14
532 13
533 14
534 19
535 26
536 12
537 17
538 20
539 15
540 19
541 16
542 17
543 13
544 19
545 16
546 19
547 17
548 16
549 15
550 8
551 16
552 20
553 12
554 17
555 11
556 15
557 9
558 16
559 28
560 19
561 15
562 18
563 22
564 17
565 22
566 17
567 20
568 16
569 18
570 18
571 10
572 12
573 16
574 21
575 17
576 23
577 17
578 12
579 13
580 17
581 22
582 17
583 14
584 23
585 19
586 30
587 17
588 15
589 25
590 27
591 23
592 15
593 22
594 18
595 22
596 19
597 20
598 20
599 23
600 17
601 13
602 17
603 24
604 12
605 15
606 23
607 18
608 9
609 24
610 18
611 16
612 18
613 9
614 24
615 25
616 23
617 14
618 15
619 22
620 21
621 16
622 15
623 25
624 16
625 13
626 23
627 7
628 15
629 26
630 17
631 13
632 18
633 20
634 16
635 23
636 18
637 26
638 13
639 18
640 19
641 15
642 23
643 23
644 25
645 17
646 16
647 24
648 24
649 25
650 17
651 19
652 15
653 25
654 14
655 15
656 21
657 18
658 11
659 21
660 19
661 17
662 22
663 23
664 21
665 19
666 15
667 19
668 20
669 17
670 22
671 15
672 15
673 27
674 23
675 16
676 13
677 31
678 15
679 11
680 15
681 12
682 20
683 22
684 17
685 22
686 28
687 17
688 26
689 17
690 18
691 19
692 17
693 23
694 27
695 15
696 29
697 22
698 23
699 21
700 16
701 24
702 21
703 21
704 23
705 16
706 18
707 23
708 27
709 17
710 21
711 15
712 17
713 14
714 10
715 16
716 17
717 15
718 24
719 22
720 21
721 23
722 19
723 21
724 19
725 21
726 23
727 19
728 14
729 16
730 13
731 25
732 18
733 22
734 17
735 27
736 16
737 17
738 22
739 16
740 20
741 16
742 21
743 17
744 16
745 24
746 26
747 20
748 22
749 21
750 19
751 13
752 11
753 19
754 20
755 15
756 10
757 19
758 30
759 15
760 17
761 22
762 23
763 19
764 30
765 8
766 14
767 20
768 12
769 16
770 14
771 22
772 19
773 18
774 24
775 19
776 16
777 20
778 16
779 22
780 17
781 9
782 14
783 20
784 20
785 18
786 19
787 11
788 17
789 18
790 19
791 15
792 18
793 23
794 18
795 20
796 13
797 20
798 14
799 15
800 19
801 21
802 8
803 16
804 19
805 23
806 18
807 22
808 16
809 14
810 18
811 18
812 13
813 20
814 15
815 18
816 21
817 14
818 18
819 25
820 17
821 17
822 27
823 18
824 20
825 20
826 24
827 14
828 19
829 14
830 24
831 21
832 13
833 18
834 17
835 18
836 11
837 28
838 21
839 23
840 19
841 24
842 20
843 12
844 23
845 18
846 19
847 17
848 19
849 19
850 19
851 17
852 18
853 18
854 15
855 23
856 17
857 15
858 13
859 19
860 19
861 20
862 15
863 19
864 19
865 17
866 20
867 18
868 17
869 22
870 17
871 30
872 17
873 29
874 21
875 18
876 24
877 23
878 18
879 18
880 22
881 19
882 16
883 18
884 22
885 8
886 19
887 11
888 24
889 19
890 24
891 25
892 21
893 16
894 21
895 19
896 22
897 22
898 21
899 21
900 15
901 20
902 13
903 13
904 17
905 17
906 13
907 27
908 23
909 16
910 10
911 20
912 24
913 18
914 16
915 23
916 13
917 22
918 22
919 13
920 16
921 21
922 23
923 27
924 18
925 23
926 18
927 23
928 16
929 21
930 26
931 14
932 21
933 19
934 19
935 15
936 14
937 20
938 18
939 18
940 16
941 16
942 16
943 19
944 28
945 19
946 7
947 17
948 13
949 26
950 21
951 19
952 21
953 19
954 18
955 23
956 12
957 20
958 21
959 12
960 15
961 27
962 10
963 22
964 20
965 20
966 22
967 16
968 22
969 23
970 22
971 14
972 22
973 24
974 24
975 24
976 23
977 17
978 23
979 15
980 17
981 10
982 22
983 10
984 16
985 16
986 19
987 22
988 18
989 10
990 19
991 18
992 17
993 19
994 24
995 30
996 21
997 10
998 13
999 23
1000 10
1001 20
1002 16
1003 17
1004 15
1005 21
1006 15
1007 32
1008 21
1009 18
1010 17
1011 14
1012 12
1013 19
1014 18
1015 28
1016 13
1017 24
1018 23
1019 22
1020 23
1021 19
1022 23
1023 27
1024 23
1025 20
1026 27
1027 20
1028 23
1029 20
1030 15
1031 29
1032 26
1033 16
1034 19
1035 13
1036 19
1037 15
1038 19
1039 19
1040 20
1041 17
1042 22
1043 19
1044 20
1045 23
1046 23
1047 22
1048 26
1049 22
1050 21
1051 22
1052 21
1053 29
1054 17
1055 11
1056 16
1057 22
1058 19
1059 17
1060 21
1061 21
1062 17
1063 27
1064 20
1065 25
1066 15
1067 23
1068 15
1069 22
1070 23
1071 17
1072 19
1073 24
1074 21
1075 17
1076 17
1077 14
1078 19
1079 19
1080 11
1081 23
1082 14
1083 17
1084 16
1085 13
1086 24
1087 20
1088 18
1089 15
1090 26
1091 26
1092 15
1093 25
1094 17
1095 19
1096 21
1097 18
1098 15
1099 20
1100 15
1101 18
1102 22
1103 17
1104 24
1105 21
1106 23
1107 24
1108 20
1109 20
1110 21
1111 14
1112 25
1113 14
1114 18
1115 21
1116 22
1117 22
1118 19
1119 29
1120 19
1121 13
1122 24
1123 10
1124 25
1125 17
1126 19
1127 11
1128 22
1129 23
1130 17
1131 20
1132 16
1133 17
1134 23
1135 19
1136 17
1137 15
1138 16
1139 16
1140 24
1141 25
1142 16
1143 23
1144 14
1145 27
1146 23
1147 18
1148 18
1149 15
1150 18
1151 22
1152 16
1153 24
1154 18
1155 22
1156 14
1157 20
1158 17
1159 16
1160 25
1161 16
1162 17
1163 22
1164 19
1165 21
1166 20
1167 17
1168 24
1169 18
1170 24
1171 26
1172 12
1173 13
1174 25
1175 15
1176 15
1177 23
1178 20
1179 16
1180 13
1181 22
1182 22
1183 27
1184 12
1185 14
1186 20
1187 18
1188 21
1189 26
1190 15
1191 23
1192 22
1193 21
1194 25
1195 14
1196 9
1197 22
1198 16
1199 23
1200 23
1201 13
1202 23
1203 25
1204 15
1205 18
1206 22
1207 21
1208 18
1209 26
1210 18
1211 26
1212 17
1213 24
1214 13
1215 27
1216 30
1217 20
1218 30
1219 23
1220 17
1221 21
1222 23
1223 18
1224 20
1225 31
1226 18
1227 27
1228 24
1229 15
1230 21
1231 18
1232 21
1233 7
1234 16
1235 25
1236 12
1237 18
1238 19
1239 27
1240 19
1241 18
1242 13
1243 19
1244 27
1245 16
1246 15
1247 27
1248 14
1249 16
1250 14
1251 19
1252 11
1253 14
1254 24
1255 26
1256 25
1257 20
1258 16
1259 31
1260 17
1261 20
1262 26
1263 21
1264 21
1265 19
1266 20
1267 21
1268 22
1269 15
1270 16
1271 20
1272 18
1273 16
1274 18
1275 18
1276 25
1277 20
1278 18
1279 16
1280 23
1281 17
1282 11
1283 17
1284 19
1285 17
1286 13
1287 18
1288 27
1289 19
1290 15
1291 20
1292 15
1293 18
1294 19
1295 20
1296 27
1297 21
1298 16
1299 15
1300 29
1301 22
1302 24
1303 15
1304 18
1305 30
1306 20
1307 20
1308 21
1309 29
1310 26
1311 13
1312 19
1313 14
1314 14
1315 15
1316 31
1317 20
1318 20
1319 18
1320 16
1321 18
1322 22
1323 19
1324 22
1325 27
1326 19
1327 18
1328 13
1329 19
1330 29
1331 16
1332 32
1333 18
1334 20
1335 15
1336 17
1337 13
1338 24
1339 19
1340 17
1341 13
1342 8
1343 21
1344 15
1345 14
1346 23
1347 29
1348 21
1349 21
1350 17
1351 33
1352 10
1353 21
1354 16
1355 19
1356 12
1357 28
1358 27
1359 20
1360 21
1361 22
1362 17
1363 16
1364 20
1365 11
1366 18
1367 24
1368 19
1369 24
1370 12
1371 19
1372 19
1373 19
1374 33
1375 16
1376 20
1377 20
1378 17
1379 14
1380 29
1381 27
1382 15
1383 19
1384 14
1385 14
1386 16
1387 18
1388 21
1389 16
1390 24
1391 18
1392 22
1393 12
1394 18
1395 26
1396 17
1397 24
1398 12
1399 25
1400 24
1401 13
1402 14
1403 15
1404 22
1405 16
1406 20
1407 18
1408 13
1409 13
1410 17
1411 16
1412 18
1413 15
1414 12
1415 19
1416 20
1417 16
1418 14
1419 24
1420 20
1421 13
1422 18
1423 13
1424 18
1425 14
1426 20
1427 27
1428 17
1429 17
1430 14
1431 14
1432 14
1433 24
1434 14
1435 14
1436 19
1437 17
1438 19
1439 15
1440 16
1441 15
1442 24
1443 18
1444 11
1445 16
1446 21
1447 13
1448 17
1449 12
1450 12
1451 21
1452 17
1453 18
1454 14
1455 20
1456 12
1457 14
1458 11
1459 22
1460 16
1461 17
1462 14
1463 14
1464 16
1465 18
1466 11
1467 18
1468 19
1469 21
1470 16
1471 20
1472 6
1473 21
1474 16
1475 17
1476 15
1477 12
1478 12
1479 19
1480 20
1481 14
1482 24
1483 14
1484 13
1485 14
1486 15
1487 10
1488 9
1489 15
1490 19
1491 19
1492 17
1493 10
1494 20
1495 12
1496 7
1497 10
1498 14
1499 13
1500 23
1501 12
1502 14
1503 18
1504 19
1505 16
1506 10
1507 9
1508 9
1509 10
1510 14
1511 14
1512 10
1513 14
1514 9
1515 11
1516 10
1517 19
1518 15
1519 11
1520 9
1521 7
1522 14
1523 10
1524 7
1525 11
1526 11
1527 9
1528 16
1529 12
1530 12
1531 17
1532 20
1533 12
1534 15
1535 12
1536 14
1537 10
1538 14
1539 10
1540 10
1541 11
1542 10
1543 13
1544 10
1545 9
1546 13
1547 17
1548 15
1549 8
1550 15
1551 8
1552 8
1553 11
1554 12
1555 14
1556 5
1557 9
1558 8
1559 7
1560 7
1561 12
1562 13
1563 11
1564 7
1565 9
1566 9
1567 4
1568 14
1569 8
1570 14
1571 7
1572 10
1573 7
1574 4
1575 8
1576 5
1577 3
1578 7
1579 11
1580 7
1581 9
1582 5
1583 9
1584 9
1585 9
1586 6
1587 8
1588 9
1589 7
1590 5
1591 7
1592 8
1593 5
1594 11
1595 7
1596 4
1597 2
1598 10
1599 11
1600 6
1601 5
1602 3
1603 5
1604 10
1605 5
1606 5
1607 5
1608 5
1609 5
1610 4
1611 5
1612 6
1613 2
1614 3
1615 6
1616 4
1617 6
1618 7
1619 2
1620 3
1621 2
1622 3
1623 5
1624 4
1625 6
1626 5
1627 3
1628 4
1629 4
1630 6
1631 4
1632 4
1633 2
1634 4
1635 7
1636 2
1637 3
1638 2
1639 3
1640 5
1641 2
1642 7
1643 2
1644 7
1645 3
1646 2
1647 5
1648 2
1649 5
1650 1
1652 3
1653 2
1654 1
1655 6
1656 2
1657 2
1661 2
1662 1
1663 3
1664 2
1665 4
1666 1
1667 1
1668 1
1670 2
1671 3
1672 1
1674 2
1675 1
1677 1
1678 2
1680 1
1681 1
1682 4
1684 1
1687 2
1689 1
1690 2
1691 1
1692 1
1694 1
1698 1
1700 1
1701 1
1705 1
1706 2
1716 1
