N J h mean_R_sq err_mean_R_sq mean_R_gyr_sq err_mean_R_gyr_sq 
900 1.305 0 4112.5 22.1131 665.55 2.49298
1000 1273
1001 1174
1002 1198
1003 1157
1004 1187
1005 1129
1006 1090
1007 1049
1008 979
1009 1047
1010 990
1011 962
1012 887
1013 932
1014 908
1015 858
1016 869
1017 830
1018 783
1019 767
1020 820
1021 740
1022 742
1023 740
1024 690
1025 646
1026 615
1027 600
1028 591
1029 617
1030 591
1031 556
1032 556
1033 581
1034 505
1035 532
1036 511
1037 487
1038 501
1039 468
1040 450
1041 500
1042 433
1043 439
1044 432
1045 445
1046 416
1047 410
1048 412
1049 384
1050 385
1051 340
1052 371
1053 352
1054 341
1055 314
1056 288
1057 281
1058 290
1059 270
1060 336
1061 290
1062 328
1063 280
1064 296
1065 253
1066 255
1067 234
1068 229
1069 236
1070 228
1071 254
1072 255
1073 199
1074 206
1075 208
1076 177
1077 212
1078 196
1079 197
1080 166
1081 171
1082 198
1083 185
1084 179
1085 174
1086 160
1087 164
1088 161
1089 179
1090 152
1091 169
1092 174
1093 153
1094 128
1095 142
1096 135
1097 122
1098 118
1099 104
1100 127
1101 112
1102 149
1103 124
1104 124
1105 110
1106 108
1107 101
1108 98
1109 102
1110 97
1111 108
1112 102
1113 105
1114 105
1115 112
1116 94
1117 93
1118 92
1119 91
1120 90
1121 78
1122 103
1123 88
1124 95
1125 85
1126 80
1127 71
1128 86
1129 67
1130 73
1131 62
1132 66
1133 65
1134 84
1135 66
1136 60
1137 63
1138 72
1139 58
1140 56
1141 69
1142 62
1143 69
1144 56
1145 47
1146 52
1147 45
1148 63
1149 42
1150 45
1151 52
1152 52
1153 46
1154 60
1155 54
1156 44
1157 52
1158 53
1159 41
1160 49
1161 49
1162 45
1163 44
1164 69
1165 33
1166 37
1167 41
1168 41
1169 44
1170 30
1171 28
1172 39
1173 27
1174 28
1175 31
1176 26
1177 34
1178 40
1179 36
1180 29
1181 27
1182 31
1183 32
1184 32
1185 27
1186 21
1187 25
1188 29
1189 21
1190 24
1191 22
1192 27
1193 30
1194 26
1195 18
1196 30
1197 23
1198 21
1199 21
1200 20
1201 30
1202 20
1203 25
1204 20
1205 18
1206 25
1207 17
1208 33
1209 23
1210 21
1211 23
1212 20
1213 15
1214 25
1215 18
1216 9
1217 21
1218 21
1219 16
1220 22
1221 12
1222 20
1223 14
1224 14
1225 18
1226 18
1227 19
1228 14
1229 10
1230 20
1231 12
1232 13
1233 17
1234 18
1235 15
1236 12
1237 17
1238 10
1239 14
1240 14
1241 13
1242 15
1243 17
1244 15
1245 15
1246 14
1247 12
1248 9
1249 11
1250 14
1251 9
1252 11
1253 14
1254 10
1255 7
1256 10
1257 13
1258 15
1259 10
1260 10
1261 10
1262 10
1263 8
1264 6
1265 10
1266 11
1267 8
1268 13
1269 9
1270 8
1271 7
1272 14
1273 8
1274 4
1275 5
1276 6
1277 9
1278 7
1279 8
1280 5
1281 7
1282 6
1283 7
1284 6
1285 3
1286 2
1287 6
1288 6
1289 4
1290 4
1291 9
1293 4
1294 1
1295 8
1296 5
1297 6
1298 4
1299 6
1300 6
1301 5
1302 8
1303 4
1304 8
1305 8
1306 4
1307 3
1308 6
1309 1
1310 6
1311 8
1312 1
1313 4
1314 7
1315 6
1316 6
1317 5
1318 3
1319 1
1320 2
1321 4
1322 4
1323 6
1324 3
1325 4
1326 5
1327 5
1328 5
1330 4
1331 3
1332 4
1333 5
1334 4
1335 3
1336 4
1337 1
1338 5
1339 2
1340 3
1341 4
1342 2
1343 4
1344 1
1345 1
1347 2
1348 2
1349 6
1350 3
1351 3
1352 1
1353 3
1354 2
1355 1
1356 5
1357 2
1358 3
1359 1
1360 1
1361 4
1362 1
1363 2
1364 2
1365 2
1366 1
1368 3
1369 2
1370 2
1371 1
1372 2
1373 2
1374 5
1375 1
1376 2
1377 3
1379 1
1384 1
1385 1
1387 4
1390 2
1391 3
1392 2
1398 2
1399 2
1402 1
1403 1
1406 2
1407 5
1408 1
1409 1
1411 1
1412 2
1416 3
1420 1
1421 1
1424 1
1425 1
1427 1
1428 1
1431 2
1432 1
1433 1
1436 1
1438 1
1440 2
1441 2
1442 2
1444 1
1452 1
1456 1
1467 1
1488 1
1492 1
1493 1
1503 2
1506 1
1541 1
