N J h mean_R_sq err_mean_R_sq mean_R_gyr_sq err_mean_R_gyr_sq 
2500 1.315 0 2960.93 668.288 752.426 115.657
273 1
294 2
298 1
302 1
303 1
304 1
305 1
308 1
310 1
317 1
319 1
321 1
323 2
324 1
325 2
329 1
330 1
331 1
332 1
335 2
336 2
337 1
338 3
339 3
340 1
341 1
342 1
343 2
344 3
345 3
346 1
350 3
351 1
352 4
353 3
354 1
356 1
357 1
358 2
359 2
360 1
361 1
362 3
363 3
364 2
365 4
366 2
367 2
368 2
369 2
370 1
371 3
372 2
373 4
374 3
376 4
377 6
378 1
379 5
380 3
381 8
382 3
383 4
384 3
385 3
386 1
387 2
388 3
389 4
390 2
391 3
392 5
393 5
394 2
396 3
397 4
398 7
399 5
400 3
401 3
402 3
403 6
404 9
405 5
407 6
408 4
409 4
410 5
411 7
412 10
413 5
414 6
415 3
416 7
417 4
418 8
419 4
420 11
421 4
422 7
423 2
424 6
425 5
426 8
427 1
428 6
429 5
430 4
431 10
432 5
433 3
434 9
435 10
436 11
437 7
438 8
439 11
440 8
441 7
442 7
443 3
444 4
445 10
446 5
447 3
448 7
449 7
450 10
451 13
452 7
453 5
454 8
455 3
456 7
457 11
458 7
459 11
460 9
461 8
462 4
463 9
464 9
465 8
466 14
467 11
468 15
469 10
470 9
471 9
472 5
473 10
474 3
475 10
476 10
477 11
478 8
479 8
480 9
481 9
482 11
483 17
484 13
485 9
486 13
487 12
488 7
489 11
490 8
491 13
492 9
493 15
494 10
495 11
496 16
497 14
498 10
499 18
500 8
501 10
502 12
503 17
504 11
505 9
506 13
507 11
508 17
509 15
510 9
511 15
512 9
513 11
514 13
515 14
516 14
517 8
518 11
519 19
520 6
521 16
522 20
523 16
524 16
525 17
526 15
527 11
528 14
529 11
530 10
531 16
532 14
533 16
534 15
535 15
536 11
537 22
538 21
539 12
540 15
541 20
542 22
543 22
544 20
545 11
546 13
547 18
548 16
549 7
550 21
551 15
552 22
553 10
554 11
555 22
556 14
557 12
558 22
559 8
560 16
561 17
562 17
563 12
564 19
565 14
566 9
567 27
568 16
569 18
570 17
571 17
572 17
573 13
574 18
575 13
576 13
577 17
578 7
579 12
580 14
581 23
582 15
583 18
584 9
585 17
586 14
587 23
588 14
589 13
590 18
591 15
592 21
593 11
594 23
595 18
596 14
597 22
598 19
599 13
600 19
601 17
602 12
603 24
604 15
605 16
606 20
607 23
608 24
609 15
610 19
611 21
612 22
613 19
614 27
615 9
616 24
617 15
618 15
619 12
620 17
621 25
622 25
623 17
624 26
625 24
626 25
627 21
628 14
629 21
630 25
631 13
632 19
633 22
634 20
635 22
636 17
637 19
638 10
639 18
640 26
641 18
642 26
643 21
644 19
645 20
646 21
647 21
648 23
649 21
650 17
651 22
652 22
653 19
654 23
655 17
656 17
657 19
658 17
659 12
660 21
661 19
662 15
663 19
664 19
665 15
666 18
667 23
668 32
669 21
670 23
671 20
672 26
673 14
674 25
675 23
676 15
677 26
678 30
679 26
680 20
681 19
682 15
683 15
684 18
685 18
686 33
687 21
688 15
689 18
690 21
691 28
692 32
693 13
694 25
695 19
696 21
697 22
698 22
699 24
700 17
701 23
702 20
703 23
704 13
705 19
706 24
707 29
708 24
709 16
710 16
711 23
712 12
713 18
714 25
715 33
716 18
717 24
718 24
719 13
720 16
721 21
722 19
723 21
724 26
725 18
726 29
727 24
728 22
729 22
730 27
731 23
732 20
733 19
734 15
735 30
736 19
737 24
738 22
739 31
740 26
741 13
742 19
743 23
744 21
745 22
746 25
747 19
748 27
749 21
750 24
751 26
752 22
753 24
754 28
755 24
756 27
757 25
758 22
759 24
760 19
761 29
762 22
763 18
764 28
765 24
766 23
767 23
768 24
769 25
770 29
771 27
772 24
773 15
774 24
775 28
776 19
777 31
778 24
779 26
780 14
781 26
782 17
783 22
784 23
785 19
786 23
787 25
788 12
789 22
790 18
791 19
792 25
793 17
794 21
795 21
796 26
797 28
798 24
799 22
800 32
801 20
802 16
803 18
804 27
805 25
806 23
807 22
808 16
809 26
810 13
811 22
812 27
813 19
814 24
815 28
816 27
817 20
818 22
819 26
820 17
821 17
822 26
823 31
824 18
825 19
826 23
827 32
828 22
829 29
830 28
831 18
832 23
833 28
834 27
835 19
836 21
837 25
838 26
839 17
840 36
841 23
842 30
843 21
844 23
845 18
846 18
847 27
848 15
849 24
850 23
851 22
852 22
853 28
854 24
855 19
856 23
857 24
858 23
859 27
860 20
861 23
862 27
863 37
864 34
865 19
866 26
867 20
868 28
869 30
870 20
871 27
872 23
873 23
874 26
875 24
876 31
877 20
878 22
879 15
880 19
881 22
882 21
883 28
884 16
885 27
886 20
887 28
888 26
889 23
890 30
891 20
892 16
893 20
894 19
895 19
896 25
897 23
898 24
899 35
900 21
901 26
902 18
903 29
904 18
905 22
906 27
907 22
908 22
909 26
910 23
911 27
912 31
913 20
914 21
915 29
916 23
917 26
918 23
919 28
920 22
921 19
922 15
923 28
924 24
925 19
926 22
927 17
928 27
929 22
930 25
931 19
932 23
933 26
934 27
935 25
936 29
937 26
938 25
939 17
940 21
941 17
942 24
943 27
944 24
945 20
946 32
947 17
948 19
949 27
950 27
951 32
952 27
953 20
954 16
955 27
956 18
957 22
958 20
959 29
960 36
961 39
962 20
963 19
964 18
965 17
966 21
967 33
968 23
969 28
970 23
971 19
972 31
973 32
974 20
975 19
976 16
977 20
978 21
979 23
980 28
981 29
982 28
983 23
984 30
985 24
986 19
987 25
988 19
989 12
990 33
991 25
992 21
993 28
994 13
995 20
996 18
997 33
998 25
999 21
1000 20
1001 19
1002 17
1003 28
1004 29
1005 20
1006 24
1007 25
1008 17
1009 28
1010 27
1011 18
1012 30
1013 20
1014 29
1015 27
1016 19
1017 17
1018 25
1019 16
1020 19
1021 25
1022 31
1023 24
1024 21
1025 24
1026 30
1027 24
1028 16
1029 22
1030 28
1031 25
1032 19
1033 21
1034 18
1035 19
1036 26
1037 24
1038 24
1039 20
1040 23
1041 24
1042 23
1043 25
1044 28
1045 32
1046 21
1047 25
1048 29
1049 18
1050 23
1051 22
1052 30
1053 24
1054 22
1055 17
1056 27
1057 28
1058 18
1059 22
1060 18
1061 25
1062 29
1063 23
1064 17
1065 32
1066 24
1067 29
1068 28
1069 24
1070 21
1071 24
1072 27
1073 28
1074 30
1075 24
1076 24
1077 15
1078 29
1079 24
1080 20
1081 21
1082 25
1083 29
1084 19
1085 21
1086 21
1087 23
1088 24
1089 29
1090 18
1091 24
1092 23
1093 24
1094 19
1095 24
1096 32
1097 28
1098 25
1099 25
1100 23
1101 17
1102 18
1103 30
1104 22
1105 22
1106 20
1107 17
1108 25
1109 24
1110 27
1111 18
1112 14
1113 21
1114 23
1115 21
1116 23
1117 21
1118 29
1119 30
1120 29
1121 24
1122 15
1123 22
1124 22
1125 29
1126 15
1127 19
1128 18
1129 22
1130 23
1131 25
1132 11
1133 20
1134 29
1135 27
1136 18
1137 18
1138 31
1139 17
1140 27
1141 17
1142 28
1143 15
1144 22
1145 18
1146 22
1147 19
1148 24
1149 19
1150 25
1151 19
1152 24
1153 20
1154 34
1155 27
1156 30
1157 23
1158 22
1159 21
1160 23
1161 22
1162 27
1163 25
1164 19
1165 23
1166 17
1167 29
1168 19
1169 22
1170 27
1171 25
1172 22
1173 20
1174 25
1175 21
1176 20
1177 19
1178 27
1179 17
1180 20
1181 25
1182 25
1183 22
1184 18
1185 18
1186 27
1187 22
1188 22
1189 24
1190 20
1191 30
1192 27
1193 28
1194 28
1195 17
1196 23
1197 33
1198 19
1199 21
1200 25
1201 22
1202 25
1203 26
1204 23
1205 16
1206 27
1207 15
1208 29
1209 22
1210 25
1211 21
1212 27
1213 28
1214 27
1215 23
1216 22
1217 23
1218 16
1219 17
1220 25
1221 19
1222 19
1223 23
1224 22
1225 16
1226 21
1227 17
1228 18
1229 24
1230 22
1231 29
1232 19
1233 13
1234 28
1235 19
1236 31
1237 12
1238 26
1239 17
1240 20
1241 17
1242 22
1243 23
1244 23
1245 19
1246 17
1247 20
1248 12
1249 21
1250 23
1251 22
1252 24
1253 22
1254 16
1255 19
1256 20
1257 18
1258 12
1259 22
1260 15
1261 21
1262 19
1263 19
1264 16
1265 20
1266 15
1267 20
1268 18
1269 27
1270 24
1271 15
1272 30
1273 21
1274 16
1275 20
1276 15
1277 17
1278 21
1279 27
1280 19
1281 17
1282 18
1283 26
1284 21
1285 25
1286 23
1287 21
1288 20
1289 25
1290 20
1291 15
1292 18
1293 16
1294 17
1295 12
1296 28
1297 26
1298 27
1299 19
1300 24
1301 22
1302 25
1303 24
1304 29
1305 21
1306 18
1307 20
1308 26
1309 23
1310 20
1311 21
1312 29
1313 17
1314 20
1315 21
1316 19
1317 22
1318 23
1319 23
1320 24
1321 20
1322 26
1323 21
1324 25
1325 13
1326 18
1327 17
1328 18
1329 25
1330 20
1331 13
1332 17
1333 16
1334 32
1335 21
1336 21
1337 20
1338 20
1339 18
1340 28
1341 18
1342 28
1343 26
1344 21
1345 19
1346 22
1347 28
1348 20
1349 21
1350 16
1351 19
1352 19
1353 12
1354 21
1355 17
1356 21
1357 18
1358 38
1359 16
1360 26
1361 20
1362 21
1363 18
1364 14
1365 15
1366 20
1367 23
1368 15
1369 20
1370 21
1371 34
1372 20
1373 23
1374 18
1375 17
1376 22
1377 14
1378 18
1379 19
1380 15
1381 16
1382 22
1383 22
1384 21
1385 14
1386 23
1387 18
1388 15
1389 21
1390 22
1391 19
1392 17
1393 19
1394 13
1395 15
1396 19
1397 24
1398 34
1399 20
1400 14
1401 26
1402 21
1403 11
1404 29
1405 16
1406 19
1407 21
1408 28
1409 13
1410 15
1411 18
1412 13
1413 18
1414 21
1415 13
1416 20
1417 9
1418 16
1419 9
1420 16
1421 16
1422 21
1423 24
1424 19
1425 17
1426 18
1427 12
1428 18
1429 15
1430 16
1431 17
1432 12
1433 21
1434 8
1435 16
1436 21
1437 21
1438 19
1439 12
1440 16
1441 27
1442 18
1443 6
1444 10
1445 16
1446 14
1447 21
1448 14
1449 17
1450 20
1451 15
1452 19
1453 13
1454 15
1455 11
1456 18
1457 18
1458 10
1459 12
1460 18
1461 18
1462 16
1463 13
1464 17
1465 19
1466 10
1467 11
1468 16
1469 17
1470 11
1471 9
1472 16
1473 11
1474 10
1475 13
1476 13
1477 10
1478 16
1479 8
1480 7
1481 6
1482 8
1483 10
1484 15
1485 13
1486 14
1487 10
1488 16
1489 7
1490 9
1491 16
1492 12
1493 14
1494 12
1495 8
1496 12
1497 13
1498 10
1499 14
1500 9
1501 6
1502 10
1503 19
1504 6
1505 8
1506 8
1507 11
1508 8
1509 8
1510 12
1511 14
1512 12
1513 12
1514 16
1515 14
1516 11
1517 17
1518 9
1519 8
1520 7
1521 9
1522 10
1523 9
1524 8
1525 8
1526 12
1527 8
1528 14
1529 13
1530 7
1531 17
1532 13
1533 16
1534 5
1535 7
1536 5
1537 10
1538 9
1539 7
1540 3
1541 12
1542 13
1543 6
1544 8
1545 8
1546 7
1547 9
1548 3
1549 7
1550 9
1551 5
1552 4
1553 6
1554 6
1555 8
1556 9
1557 6
1558 7
1559 11
1560 12
1561 7
1562 3
1563 8
1564 3
1565 4
1566 10
1567 5
1568 8
1569 10
1570 6
1571 5
1572 3
1573 6
1574 6
1575 2
1576 6
1577 2
1578 2
1579 8
1580 6
1581 7
1582 2
1583 4
1584 5
1585 4
1586 8
1587 9
1588 8
1589 2
1590 3
1591 6
1592 2
1593 3
1594 5
1595 9
1596 4
1597 1
1598 6
1599 5
1600 3
1601 4
1602 5
1603 3
1605 2
1606 5
1607 3
1609 7
1610 2
1611 2
1612 3
1613 2
1614 4
1615 3
1616 2
1617 1
1618 4
1619 2
1620 2
1621 2
1623 2
1624 3
1625 3
1626 2
1627 2
1628 2
1630 2
1631 4
1632 1
1633 2
1636 1
1639 1
1641 3
1645 3
1646 3
1650 3
1651 2
1652 1
1653 2
1654 1
1655 1
1656 3
1657 1
1663 1
1665 1
1666 1
1668 1
1669 1
1671 1
1672 1
1674 2
1675 1
1678 1
1679 1
1681 2
1682 1
1687 1
1688 1
1691 1
1698 1
1738 1
