N J h mean_R_sq err_mean_R_sq mean_R_gyr_sq err_mean_R_gyr_sq 
1600 1.315 0 2964.67 98.4794 602.026 15.683
286 1
294 1
298 1
299 1
301 2
304 1
307 1
311 1
312 1
314 1
319 1
321 1
322 1
328 1
330 1
336 1
338 1
340 2
341 1
343 1
344 1
347 1
348 1
351 2
352 1
355 1
356 1
357 1
358 2
359 1
361 1
362 2
363 3
364 2
365 1
366 1
368 2
369 1
370 1
371 2
372 4
373 2
374 1
375 1
376 1
377 3
379 4
381 7
382 1
383 1
384 2
385 3
386 3
387 3
388 3
389 4
390 7
391 3
392 2
393 4
394 2
395 4
396 1
397 3
398 2
399 3
400 5
401 4
402 1
403 3
404 2
405 9
406 6
407 5
408 1
409 5
410 3
411 5
412 7
413 5
414 4
415 2
416 7
417 11
418 3
419 6
420 5
421 6
422 5
423 3
424 7
425 9
426 4
427 6
428 8
429 4
430 11
431 10
432 4
433 3
434 5
435 9
436 8
437 6
438 5
439 5
440 10
441 3
442 6
443 8
444 5
445 4
446 3
447 3
448 13
449 8
450 6
451 7
452 7
453 3
454 8
455 6
456 12
457 7
458 9
459 5
460 10
461 6
462 10
463 8
464 5
465 12
466 10
467 10
468 8
469 7
470 12
471 13
472 13
473 13
474 10
475 8
476 12
477 12
478 9
479 8
480 10
481 14
482 14
483 13
484 11
485 7
486 6
487 10
488 13
489 10
490 13
491 14
492 13
493 15
494 7
495 17
496 16
497 14
498 16
499 9
500 8
501 12
502 18
503 14
504 4
505 13
506 10
507 12
508 15
509 10
510 12
511 15
512 19
513 19
514 15
515 16
516 12
517 13
518 19
519 11
520 17
521 23
522 25
523 21
524 13
525 23
526 20
527 13
528 14
529 17
530 22
531 22
532 10
533 21
534 20
535 21
536 15
537 20
538 27
539 18
540 16
541 14
542 20
543 21
544 23
545 22
546 22
547 18
548 20
549 18
550 17
551 18
552 19
553 21
554 24
555 24
556 23
557 20
558 17
559 27
560 15
561 21
562 16
563 24
564 22
565 18
566 17
567 17
568 33
569 29
570 23
571 31
572 30
573 14
574 25
575 28
576 16
577 21
578 22
579 16
580 30
581 27
582 34
583 21
584 20
585 26
586 20
587 22
588 22
589 29
590 31
591 30
592 28
593 19
594 23
595 34
596 25
597 27
598 25
599 26
600 23
601 37
602 24
603 18
604 23
605 25
606 26
607 46
608 31
609 18
610 22
611 29
612 19
613 29
614 28
615 28
616 32
617 29
618 31
619 27
620 23
621 33
622 36
623 40
624 27
625 24
626 27
627 33
628 26
629 24
630 24
631 29
632 37
633 35
634 23
635 34
636 34
637 27
638 40
639 32
640 30
641 33
642 27
643 32
644 35
645 43
646 26
647 40
648 30
649 29
650 37
651 27
652 33
653 33
654 40
655 25
656 31
657 35
658 25
659 27
660 32
661 48
662 35
663 23
664 32
665 37
666 29
667 29
668 34
669 41
670 36
671 37
672 36
673 38
674 35
675 42
676 39
677 40
678 42
679 49
680 33
681 44
682 41
683 32
684 34
685 29
686 48
687 36
688 35
689 39
690 37
691 40
692 34
693 31
694 44
695 37
696 32
697 27
698 32
699 37
700 33
701 43
702 43
703 47
704 40
705 57
706 37
707 43
708 36
709 35
710 39
711 43
712 41
713 36
714 43
715 46
716 54
717 34
718 45
719 50
720 36
721 43
722 40
723 55
724 54
725 44
726 43
727 39
728 46
729 51
730 49
731 53
732 42
733 43
734 36
735 35
736 37
737 42
738 36
739 47
740 48
741 44
742 48
743 59
744 45
745 38
746 38
747 45
748 34
749 43
750 48
751 49
752 55
753 41
754 49
755 44
756 61
757 38
758 46
759 49
760 48
761 50
762 49
763 51
764 43
765 80
766 54
767 65
768 50
769 47
770 53
771 55
772 43
773 44
774 38
775 64
776 42
777 52
778 49
779 56
780 51
781 44
782 36
783 57
784 57
785 62
786 49
787 58
788 44
789 52
790 54
791 37
792 45
793 45
794 42
795 72
796 50
797 43
798 55
799 51
800 55
801 49
802 48
803 67
804 51
805 53
806 46
807 64
808 49
809 44
810 54
811 62
812 53
813 55
814 52
815 61
816 65
817 47
818 57
819 50
820 59
821 57
822 61
823 64
824 55
825 58
826 75
827 63
828 45
829 45
830 58
831 67
832 65
833 46
834 70
835 51
836 75
837 61
838 63
839 48
840 54
841 58
842 68
843 49
844 47
845 72
846 64
847 51
848 53
849 58
850 74
851 57
852 60
853 71
854 61
855 69
856 67
857 73
858 60
859 57
860 80
861 50
862 59
863 54
864 61
865 57
866 47
867 51
868 71
869 58
870 56
871 52
872 65
873 71
874 64
875 58
876 60
877 75
878 66
879 71
880 74
881 69
882 66
883 65
884 57
885 61
886 69
887 68
888 60
889 63
890 66
891 52
892 80
893 59
894 68
895 72
896 72
897 81
898 53
899 61
900 62
901 72
902 81
903 72
904 78
905 57
906 70
907 63
908 70
909 65
910 75
911 64
912 58
913 71
914 77
915 68
916 80
917 73
918 71
919 75
920 75
921 73
922 63
923 61
924 91
925 74
926 70
927 71
928 70
929 60
930 83
931 70
932 58
933 66
934 77
935 57
936 61
937 66
938 78
939 68
940 74
941 64
942 69
943 70
944 66
945 62
946 73
947 83
948 72
949 78
950 74
951 86
952 85
953 59
954 70
955 55
956 74
957 79
958 63
959 61
960 71
961 75
962 76
963 69
964 77
965 70
966 77
967 59
968 86
969 76
970 59
971 59
972 77
973 72
974 74
975 85
976 68
977 53
978 77
979 64
980 79
981 74
982 77
983 68
984 75
985 84
986 58
987 79
988 90
989 79
990 64
991 82
992 70
993 64
994 79
995 85
996 79
997 81
998 72
999 75
1000 62
1001 66
1002 84
1003 78
1004 83
1005 77
1006 72
1007 81
1008 68
1009 86
1010 88
1011 89
1012 66
1013 53
1014 68
1015 86
1016 75
1017 66
1018 74
1019 71
1020 73
1021 76
1022 72
1023 84
1024 77
1025 70
1026 52
1027 73
1028 82
1029 65
1030 80
1031 80
1032 79
1033 69
1034 80
1035 77
1036 68
1037 67
1038 65
1039 87
1040 72
1041 66
1042 70
1043 79
1044 71
1045 79
1046 59
1047 71
1048 71
1049 73
1050 61
1051 69
1052 60
1053 77
1054 80
1055 78
1056 81
1057 74
1058 68
1059 65
1060 68
1061 66
1062 59
1063 77
1064 81
1065 54
1066 76
1067 70
1068 73
1069 80
1070 78
1071 79
1072 57
1073 58
1074 59
1075 68
1076 78
1077 68
1078 61
1079 60
1080 74
1081 65
1082 77
1083 69
1084 76
1085 64
1086 80
1087 58
1088 75
1089 64
1090 67
1091 63
1092 57
1093 68
1094 63
1095 70
1096 74
1097 67
1098 69
1099 67
1100 63
1101 67
1102 57
1103 74
1104 84
1105 74
1106 78
1107 76
1108 66
1109 70
1110 70
1111 61
1112 63
1113 57
1114 62
1115 73
1116 66
1117 62
1118 60
1119 69
1120 62
1121 58
1122 76
1123 81
1124 67
1125 62
1126 65
1127 66
1128 61
1129 66
1130 76
1131 64
1132 64
1133 45
1134 64
1135 69
1136 67
1137 74
1138 69
1139 57
1140 54
1141 58
1142 71
1143 55
1144 76
1145 60
1146 44
1147 57
1148 65
1149 59
1150 68
1151 68
1152 63
1153 52
1154 54
1155 53
1156 69
1157 60
1158 48
1159 70
1160 67
1161 55
1162 44
1163 49
1164 61
1165 60
1166 59
1167 74
1168 59
1169 40
1170 54
1171 70
1172 61
1173 53
1174 55
1175 50
1176 70
1177 40
1178 55
1179 61
1180 64
1181 58
1182 51
1183 58
1184 61
1185 59
1186 54
1187 64
1188 68
1189 57
1190 68
1191 56
1192 56
1193 64
1194 43
1195 54
1196 46
1197 80
1198 45
1199 55
1200 45
1201 50
1202 55
1203 40
1204 56
1205 61
1206 51
1207 49
1208 59
1209 48
1210 56
1211 54
1212 43
1213 46
1214 56
1215 45
1216 61
1217 50
1218 55
1219 52
1220 57
1221 47
1222 57
1223 56
1224 54
1225 56
1226 43
1227 44
1228 39
1229 52
1230 52
1231 61
1232 42
1233 48
1234 34
1235 42
1236 49
1237 42
1238 52
1239 49
1240 50
1241 59
1242 34
1243 48
1244 53
1245 46
1246 44
1247 42
1248 38
1249 48
1250 58
1251 50
1252 49
1253 49
1254 41
1255 30
1256 46
1257 51
1258 55
1259 59
1260 48
1261 30
1262 48
1263 32
1264 48
1265 46
1266 59
1267 35
1268 46
1269 47
1270 43
1271 51
1272 51
1273 47
1274 45
1275 37
1276 49
1277 37
1278 44
1279 39
1280 41
1281 45
1282 38
1283 53
1284 31
1285 38
1286 38
1287 35
1288 40
1289 47
1290 42
1291 29
1292 46
1293 43
1294 52
1295 43
1296 39
1297 34
1298 41
1299 39
1300 31
1301 47
1302 39
1303 53
1304 42
1305 31
1306 43
1307 43
1308 62
1309 32
1310 51
1311 43
1312 37
1313 30
1314 25
1315 43
1316 39
1317 38
1318 35
1319 31
1320 40
1321 31
1322 40
1323 37
1324 46
1325 31
1326 49
1327 29
1328 40
1329 27
1330 36
1331 25
1332 36
1333 39
1334 46
1335 25
1336 37
1337 38
1338 36
1339 44
1340 33
1341 39
1342 38
1343 39
1344 39
1345 31
1346 32
1347 32
1348 36
1349 38
1350 41
1351 28
1352 30
1353 36
1354 37
1355 28
1356 36
1357 34
1358 34
1359 33
1360 20
1361 29
1362 32
1363 31
1364 37
1365 35
1366 34
1367 28
1368 31
1369 28
1370 35
1371 29
1372 30
1373 19
1374 20
1375 33
1376 29
1377 26
1378 25
1379 29
1380 25
1381 33
1382 23
1383 28
1384 25
1385 33
1386 26
1387 44
1388 25
1389 20
1390 44
1391 27
1392 26
1393 26
1394 33
1395 23
1396 31
1397 36
1398 26
1399 30
1400 35
1401 20
1402 27
1403 21
1404 31
1405 31
1406 27
1407 26
1408 27
1409 18
1410 28
1411 18
1412 26
1413 26
1414 23
1415 24
1416 22
1417 29
1418 20
1419 24
1420 19
1421 21
1422 21
1423 22
1424 36
1425 24
1426 21
1427 26
1428 18
1429 27
1430 27
1431 23
1432 17
1433 23
1434 23
1435 19
1436 21
1437 17
1438 18
1439 15
1440 25
1441 29
1442 22
1443 26
1444 18
1445 21
1446 19
1447 19
1448 13
1449 25
1450 19
1451 24
1452 18
1453 13
1454 15
1455 22
1456 23
1457 15
1458 15
1459 14
1460 27
1461 13
1462 20
1463 18
1464 9
1465 27
1466 12
1467 20
1468 22
1469 16
1470 26
1471 11
1472 9
1473 16
1474 20
1475 18
1476 12
1477 17
1478 17
1479 19
1480 12
1481 19
1482 14
1483 14
1484 16
1485 12
1486 14
1487 19
1488 18
1489 13
1490 15
1491 12
1492 11
1493 16
1494 7
1495 18
1496 9
1497 12
1498 18
1499 6
1500 13
1501 13
1502 11
1503 17
1504 13
1505 21
1506 13
1507 7
1508 10
1509 17
1510 11
1511 9
1512 12
1513 12
1514 16
1515 8
1516 17
1517 14
1518 7
1519 14
1520 10
1521 11
1522 9
1523 5
1524 9
1525 15
1526 11
1527 9
1528 9
1529 8
1530 11
1531 6
1532 4
1533 11
1534 8
1535 8
1536 11
1537 9
1538 8
1539 14
1540 7
1541 5
1542 11
1543 10
1544 11
1545 4
1546 10
1547 6
1548 6
1549 5
1550 13
1551 14
1552 6
1553 8
1554 6
1555 8
1556 8
1557 7
1558 12
1559 7
1560 4
1561 10
1562 10
1563 6
1564 8
1565 8
1566 4
1567 7
1568 11
1569 10
1570 7
1571 5
1572 3
1573 8
1574 2
1575 4
1576 4
1577 4
1578 10
1579 8
1580 5
1581 4
1582 9
1583 5
1584 4
1585 8
1586 5
1587 2
1588 1
1589 4
1590 5
1591 4
1592 2
1593 4
1594 4
1595 1
1596 2
1597 6
1598 11
1599 3
1600 5
1601 4
1602 1
1603 3
1604 5
1605 3
1607 7
1608 2
1609 1
1610 1
1611 1
1612 3
1613 6
1614 2
1616 4
1617 5
1618 6
1619 1
1621 2
1623 1
1624 2
1625 3
1626 3
1627 3
1628 1
1629 2
1631 6
1632 1
1633 2
1634 2
1636 1
1637 1
1638 2
1639 1
1640 3
1641 1
1642 2
1643 3
1644 1
1647 3
1648 2
1649 3
1650 2
1651 2
1652 3
1654 1
1655 1
1657 2
1660 2
1661 1
1662 2
1664 2
1667 3
1669 4
1670 1
1677 2
1681 1
1691 2
1703 1
1718 1
1721 1
1729 1
1733 1
