N J h mean_R_sq err_mean_R_sq mean_R_gyr_sq err_mean_R_gyr_sq 
1600 1.295 0 10003.6 119.185 1545.54 14.8315
1 6
5 14
9 6
13 14
17 19
25 28
29 16
37 14
41 17
45 21
49 10
53 23
61 18
65 34
73 24
81 9
85 40
89 21
97 19
101 31
109 28
113 25
117 31
121 11
125 37
137 30
145 39
149 24
153 29
157 20
169 39
173 24
181 19
185 48
193 29
197 24
205 50
221 56
225 38
229 29
233 26
241 19
245 25
257 29
261 26
265 60
269 25
277 20
281 31
289 41
293 29
305 50
313 29
317 27
325 76
333 27
337 30
349 21
353 28
361 8
365 58
369 30
373 20
377 49
389 21
397 30
401 22
405 28
409 26
421 26
425 82
433 24
441 9
445 63
449 24
457 30
461 41
477 25
481 49
485 55
493 63
505 51
509 27
521 30
529 19
533 49
541 26
545 63
549 22
557 20
565 53
569 19
577 25
585 45
593 30
601 36
605 30
613 20
617 22
625 70
629 48
637 24
641 24
653 24
657 25
661 27
673 29
677 26
685 46
689 55
697 45
701 29
709 22
725 78
729 19
733 24
745 63
757 29
761 34
765 50
769 24
773 27
785 54
793 53
797 32
801 27
809 33
821 28
829 23
833 25
841 40
845 94
853 26
857 23
865 53
873 24
877 23
881 17
901 48
905 64
909 21
925 68
929 43
937 17
941 26
949 47
953 23
961 12
965 49
977 20
981 31
985 61
997 28
1009 29
1013 26
1017 19
1021 28
1025 93
1033 31
1037 56
1049 19
1053 28
1061 32
1069 21
1073 60
1089 16
1093 27
1097 20
1105 114
1109 26
1117 27
1125 58
1129 32
1145 56
1153 27
1157 64
1165 45
1181 20
1189 44
1193 32
1201 33
1205 55
1213 34
1217 26
1225 34
1229 38
1233 32
1237 21
1241 50
1249 21
1261 54
1277 27
1285 55
1289 32
1297 28
1301 28
1305 57
1313 51
1321 23
1325 75
1341 26
1345 61
1361 18
1369 41
1373 26
1377 36
1381 29
1385 47
1405 55
1409 27
1413 27
1417 49
1421 24
1429 27
1433 32
1445 82
1453 23
1465 52
1469 57
1481 25
1489 26
1493 32
1513 41
1517 46
1521 41
1525 89
1537 69
1549 22
1553 22
1557 32
1565 57
1573 23
1585 52
1597 32
1601 26
1609 23
1613 29
1621 37
1625 108
1629 28
1637 30
1649 45
1657 24
1665 49
1669 28
1681 38
1685 49
1693 21
1697 34
1709 24
1717 49
1721 17
1733 28
1737 25
1741 25
1745 49
1753 36
1765 48
1769 37
1773 21
1777 26
1781 53
1789 27
1801 24
1805 26
1813 25
1825 73
1845 52
1849 13
1853 46
1861 30
1865 47
1873 31
1877 36
1885 109
1889 27
1901 36
1913 19
1921 48
1933 27
1937 52
1945 50
1949 22
1961 57
1973 24
1985 44
1989 58
1993 37
1997 21
2005 59
2009 24
2017 30
2025 44
2029 20
2041 61
2045 35
2053 26
2057 30
2061 28
2069 34
2081 16
2089 21
2097 29
2105 49
2113 35
2117 61
2125 105
2129 33
2137 24
2141 25
2153 23
2161 17
2165 61
2169 24
2173 52
2197 48
2205 24
2209 18
2213 42
2221 30
2225 89
2237 20
2245 54
2249 51
2257 52
2269 20
2273 26
2281 32
2285 52
2293 28
2297 38
2305 48
2309 29
2313 37
2329 42
2333 18
2341 22
2349 32
2353 37
2357 22
2377 28
2381 18
2385 50
2389 24
2393 18
2401 6
2405 111
2417 32
2421 26
2425 82
2437 20
2441 22
2465 89
2473 27
2477 32
2493 22
2501 41
2509 45
2521 25
2525 66
2529 25
2533 37
2545 52
2549 23
2557 38
2561 38
2581 50
2593 17
2597 31
2601 29
2605 48
2609 29
2617 21
2621 18
2633 32
2637 26
2645 23
2657 30
2665 94
2669 54
2677 27
2689 31
2693 23
2701 46
2705 57
2713 18
2725 61
2729 33
2741 27
2745 69
2749 22
2753 20
2777 18
2785 52
2789 27
2797 19
2801 19
2809 35
2813 41
2817 26
2825 72
2833 23
2837 28
2845 42
2853 25
2857 16
2861 27
2873 82
2885 45
2897 25
2909 19
2917 26
2925 55
2929 44
2941 43
2953 29
2957 31
2965 51
2969 27
2977 51
2989 15
2993 41
2997 18
3001 24
3005 46
3025 43
3029 39
3033 21
3037 18
3041 31
3049 26
3061 23
3065 49
3077 46
3085 52
3089 15
3109 22
3121 21
3125 83
3133 39
3137 18
3141 29
3145 87
3161 50
3169 24
3177 21
3181 20
3185 33
3205 51
3209 23
3217 26
3221 22
3229 23
3233 42
3249 12
3253 22
3257 23
3265 52
3277 49
3281 46
3285 52
3293 36
3301 29
3305 46
3313 25
3321 27
3329 24
3341 35
3349 45
3357 18
3361 24
3365 52
3373 28
3385 43
3389 23
3393 39
3413 25
3425 62
3433 28
3445 107
3449 21
3457 22
3461 22
3469 24
3481 14
3485 88
3497 40
3501 25
3505 45
3509 21
3517 29
3529 32
3533 25
3541 23
3545 52
3557 13
3573 27
3577 21
3581 23
3589 47
3593 23
3601 47
3609 22
3613 26
3617 26
3625 114
3637 16
3645 18
3649 40
3653 48
3665 48
3673 20
3677 28
3681 18
3697 18
3701 21
3709 20
3721 26
3725 78
3733 24
3737 31
3757 58
3761 21
3769 22
3785 43
3789 25
3793 29
3797 25
3805 46
3809 44
3821 21
3825 70
3833 29
3845 51
3853 18
3865 42
3869 39
3877 19
3881 24
3889 22
3893 47
3897 19
3917 22
3925 60
3929 33
3961 62
3965 88
3969 10
3973 38
3977 50
3985 53
3989 22
4001 17
4005 49
4013 19
4021 23
4033 45
4041 22
4045 48
4049 18
4057 21
4069 45
4073 26
4093 20
4097 47
4105 48
4113 25
4121 44
4129 20
4133 16
4141 49
4145 37
4149 21
4153 21
4157 14
4165 38
4177 21
4181 46
4201 18
4205 67
4217 31
4225 95
4229 16
4241 20
4253 28
4261 21
4265 48
4273 23
4285 53
4289 25
4293 19
4297 23
4321 47
4325 50
4329 55
4337 22
4349 16
4357 22
4361 25
4365 37
4369 40
4373 26
4381 50
4385 38
4397 24
4405 39
4409 26
4421 26
4437 44
4441 20
4453 41
4457 17
4469 46
4477 25
4481 23
4489 11
4493 16
4505 93
4513 16
4517 23
4525 60
4537 34
4545 47
4549 23
4553 41
4561 24
4573 54
4581 25
4589 56
4597 27
4621 24
4625 87
4633 36
4637 25
4645 43
4649 22
4657 21
4673 22
4685 47
4689 28
4693 18
4705 34
4709 49
4717 41
4721 19
4729 21
4733 26
4745 79
4753 23
4761 14
4765 51
4777 43
4789 21
4793 20
4797 35
4801 19
4805 21
4813 13
4817 17
4825 53
4849 55
4861 21
4869 18
4877 29
4885 47
4889 18
4901 57
4905 36
4909 28
4913 44
4925 64
4933 22
4937 16
4941 24
4949 23
4957 22
4961 26
4969 20
4973 19
4981 34
4985 43
4993 18
5009 15
5013 22
5017 49
5021 17
5041 9
5045 43
5057 42
5065 35
5069 50
5077 21
5081 23
5085 26
5101 15
5105 38
5113 25
5121 27
5125 101
5141 45
5153 28
5161 44
5165 39
5185 83
5189 24
5193 31
5197 18
5209 36
5213 29
5233 19
5237 14
5245 32
5249 29
5261 22
5265 32
5273 19
5281 23
5297 21
5305 40
5309 16
5317 50
5321 35
5329 39
5333 23
5337 21
5341 17
5345 37
5353 39
5365 76
5381 20
5389 33
5393 24
5409 26
5413 23
5417 24
5429 41
5437 18
5441 13
5445 30
5449 18
5465 36
5473 46
5477 19
5485 44
5501 17
5513 41
5517 18
5521 18
5525 110
5537 19
5545 47
5553 17
5557 14
5569 26
5573 25
5581 19
5585 44
5597 39
5617 55
5625 42
5629 37
5641 22
5645 34
5653 26
5657 26
5661 41
5669 21
5689 13
5693 17
5701 25
5713 37
5717 14
5725 55
5729 40
5733 12
5737 17
5741 15
5749 22
5765 33
5769 22
5777 38
5785 83
5801 19
5809 41
5813 25
5821 21
5825 44
5837 40
5849 29
5857 22
5861 18
5869 19
5877 20
5881 19
5897 26
5905 41
5913 15
5917 37
5929 12
5933 28
5941 39
5945 74
5949 16
5953 16
5965 36
5981 20
5989 42
5993 40
6001 37
6005 47
6025 70
6029 17
6037 18
6053 13
6057 24
6065 25
6073 13
6085 45
6089 18
6093 22
6101 30
6109 33
6113 20
6121 13
6125 46
6133 16
6137 13
6145 32
6161 33
6165 34
6173 17
6185 35
6197 20
6201 31
6205 77
6217 19
6221 25
6229 17
6241 9
6245 37
6253 54
6257 18
6269 25
6273 35
6277 14
6301 19
6305 78
6309 20
6317 21
6329 30
6337 17
6341 35
6353 18
6361 14
6373 18
6381 19
6385 28
6389 23
6397 18
6401 33
6409 79
6413 13
6421 12
6425 63
6437 33
6445 26
6449 18
6469 24
6473 13
6481 17
6485 22
6497 31
6505 33
6521 15
6525 75
6529 17
6553 17
6561 8
6565 81
6569 23
6577 20
6581 16
6597 17
6605 28
6613 31
6617 43
6625 71
6637 14
6641 35
6649 43
6653 15
6661 16
6673 11
6689 10
6697 31
6701 12
6705 32
6709 22
6713 19
6725 50
6733 15
6737 22
6749 34
6757 37
6761 11
6773 34
6781 14
6793 13
6805 39
6813 21
6817 39
6829 21
6833 19
6841 19
6845 41
6849 13
6857 24
6865 56
6869 18
6877 13
6885 44
6889 8
6893 39
6905 30
6917 24
6921 15
6925 58
6929 71
6949 15
6953 32
6957 17
6961 27
6977 16
6989 33
6997 14
7001 18
7013 21
7025 56
7033 40
7045 38
7057 9
7065 38
7069 15
7081 39
7085 64
7093 36
7105 30
7109 11
7121 16
7129 20
7137 35
7141 38
7145 38
7157 37
7165 32
7173 16
7177 21
7193 15
7209 16
7213 14
7225 59
7229 19
7237 14
7241 33
7253 14
7261 31
7265 37
7281 15
7289 35
7297 14
7301 13
7309 17
7321 14
7325 51
7333 14
7345 64
7349 15
7361 31
7369 19
7373 24
7381 12
7389 21
7393 18
7397 37
7405 42
7417 14
7421 23
7433 22
7445 40
7453 32
7457 15
7461 13
7465 40
7477 21
7481 17
7489 21
7497 17
7501 27
7517 21
7529 17
7537 19
7541 17
7549 13
7561 20
7565 66
7569 31
7573 15
7577 16
7585 62
7589 14
7605 52
7621 23
7625 65
7633 24
7649 11
7669 19
7673 18
7677 18
7681 11
7685 65
7693 15
7709 32
7713 18
7717 9
7741 22
7745 30
7753 14
7757 12
7765 29
7769 30
7785 39
7789 11
7793 16
7801 28
7813 36
7817 20
7825 41
7829 18
7837 25
7841 26
7853 13
7857 17
7865 30
7873 17
7877 19
7893 15
7897 34
7901 14
7913 26
7921 32
7925 46
7929 21
7933 12
7937 18
7949 12
7957 35
7969 35
7985 41
7993 13
8005 32
8009 12
8017 10
8021 38
8033 27
8045 30
8053 17
8065 30
8069 10
8077 23
8081 13
8089 12
8093 15
8101 20
8105 29
8109 36
8117 20
8125 73
8145 28
8149 39
8161 18
8177 50
8181 13
8185 31
8209 12
8221 13
8233 17
8237 17
8245 69
8249 28
8269 20
8273 9
8281 20
8285 45
8293 17
8297 8
8317 12
8321 34
8325 44
8329 11
8333 40
8345 35
8353 15
8357 25
8361 13
8369 10
8377 18
8381 40
8389 17
8405 46
8425 46
8429 14
8433 7
8461 14
8465 31
8469 12
8473 26
8477 18
8485 42
8489 43
8497 26
8501 18
8513 14
8521 15
8537 11
8541 29
8545 28
8573 13
8577 16
8581 14
8585 63
8593 27
8597 17
8605 27
8609 19
8621 27
8629 9
8633 38
8641 21
8649 8
8653 21
8665 29
8669 15
8677 10
8681 15
8685 28
8689 17
8693 8
8705 24
8713 20
8725 39
8737 20
8741 13
8749 40
8753 14
8761 8
8765 28
8793 15
8801 29
8821 15
8825 44
8829 9
8833 15
8837 22
8845 64
8849 14
8857 23
8861 12
8865 22
8869 18
8885 28
8893 14
8905 53
8917 31
8929 17
8933 16
8941 17
8945 30
8957 47
8969 14
8973 20
8989 28
8993 13
9001 16
9005 15
9013 14
9025 30
9029 7
9041 14
9049 14
9061 58
9065 35
9077 27
9081 20
9089 27
9109 6
9113 24
9117 15
9125 69
9133 17
9137 12
9153 19
9157 8
9161 10
9169 22
9173 6
9181 15
9189 5
9193 29
9197 37
9209 15
9217 27
9221 18
9225 43
9241 8
9245 19
9257 15
9265 58
9277 15
9281 20
9293 12
9297 19
9305 25
9325 48
9333 30
9337 13
9341 11
9349 9
9365 34
9377 11
9385 29
9389 26
9397 20
9409 18
9413 12
9421 8
9425 73
9433 10
9437 9
9441 11
9445 41
9457 14
9461 12
9469 26
9473 9
9477 11
9497 12
9505 31
9509 33
9521 12
9529 28
9533 20
9549 9
9553 28
9565 26
9577 26
9593 33
9601 14
9605 68
9613 13
9621 12
9629 14
9649 12
9653 12
9657 31
9661 14
9665 20
9673 25
9677 16
9685 44
9689 20
9697 7
9701 25
9721 16
9725 34
9733 14
9745 31
9749 14
9769 11
9773 26
9781 15
9797 32
9801 8
9805 59
9809 30
9817 12
9829 12
9833 12
9837 16
9841 33
9857 12
9865 22
9873 15
9881 28
9893 28
9901 14
9925 46
9929 10
9941 16
9945 63
9949 15
9953 27
9965 37
9973 19
9981 11
9985 29
9997 24
10001 27
10009 11
10025 41
10037 11
10045 30
10049 30
10053 14
10057 24
10061 18
10069 10
10081 33
10085 27
10093 8
10121 22
10125 27
10133 19
10141 14
10145 28
10161 17
10169 10
10177 11
10181 11
10193 12
10201 19
10205 53
10217 28
10225 38
10229 20
10237 30
10249 18
10253 13
10265 21
10273 19
10285 25
10289 16
10301 8
10305 42
10309 31
10313 11
10321 14
10333 7
10337 10
10345 34
10357 8
10361 22
10369 7
10377 15
10397 20
10405 37
10413 31
10421 26
10429 14
10433 15
10441 27
10445 28
10453 11
10457 16
10469 12
10477 15
10485 24
10489 26
10501 14
10513 14
10517 27
10525 41
10529 12
10537 28
10553 30
10565 29
10573 32
10585 56
10589 13
10597 14
10601 15
10609 6
10613 10
10625 65
10629 16
10645 30
10657 18
10673 29
10685 24
10693 41
10701 20
10705 25
10709 8
10729 15
10733 9
10737 12
10753 12
10765 20
10769 10
10777 34
10781 17
10789 7
10805 27
10809 11
10817 23
10825 33
10829 26
10837 8
10841 17
10845 30
10853 10
10861 14
10865 44
10877 36
10889 11
10897 19
10909 14
10917 11
10933 24
10937 18
10949 10
10953 3
10957 18
10961 28
10973 23
10985 51
10993 12
11009 25
11025 14
11029 25
11041 20
11045 4
11057 13
11061 16
11065 20
11069 13
11089 26
11093 11
11097 10
11101 23
11105 26
11113 7
11117 10
11125 46
11133 11
11141 23
11149 13
11161 13
11169 24
11173 9
11177 11
11185 22
11197 15
11213 6
11221 8
11225 36
11237 22
11241 8
11245 45
11257 11
11261 15
11273 14
11281 27
11285 49
11317 12
11321 9
11329 10
11345 30
11349 27
11353 7
11357 32
11365 33
11369 11
11393 12
11401 13
11405 18
11413 16
11417 7
11425 37
11437 19
11441 25
11449 5
11453 28
11461 26
11465 11
11485 32
11489 14
11493 7
11497 12
11509 23
11513 23
11521 21
11525 38
11545 26
11549 14
11565 25
11581 24
11593 12
11597 14
11601 13
11617 11
11621 13
11629 25
11633 13
11645 51
11657 9
11665 29
11673 15
11677 14
11681 17
11689 9
11701 12
11705 30
11709 10
11713 60
11717 17
11729 20
11737 12
11745 21
11765 41
11773 21
11777 8
11785 15
11789 10
11801 13
11809 8
11813 14
11817 19
11821 11
11833 10
11849 32
11861 23
11881 10
11885 19
11889 10
11897 11
11905 18
11909 10
11917 24
11925 42
11933 11
11941 8
11945 26
11953 11
11965 28
11969 6
11981 16
12005 16
12013 29
12017 20
12025 68
12037 15
12041 16
12049 12
12053 25
12069 10
12073 8
12077 15
12085 18
12097 7
12101 11
12105 27
12109 13
12113 5
12125 48
12137 25
12149 13
12157 12
12161 14
12181 18
12185 24
12193 23
12197 18
12205 21
12209 19
12221 9
12233 21
12241 14
12249 2
12253 11
12269 11
12277 13
12281 9
12289 8
12301 14
12317 18
12321 16
12325 65
12329 13
12337 32
12349 17
12357 12
12365 24
12373 12
12377 13
12385 27
12389 17
12393 11
12401 15
12409 7
12413 8
12421 12
12429 4
12433 9
12437 10
12457 7
12461 33
12465 26
12469 21
12473 12
12493 11
12497 9
12505 53
12517 10
12541 14
12545 42
12553 9
12557 21
12569 10
12577 14
12589 10
12593 11
12601 7
12605 31
12613 14
12625 46
12629 24
12637 12
12641 11
12645 15
12653 13
12665 45
12681 13
12689 5
12697 13
12701 28
12713 7
12717 8
12721 11
12725 28
12745 16
12753 21
12757 11
12769 16
12773 17
12781 11
12785 15
12789 15
12805 35
12809 7
12821 13
12829 7
12833 15
12841 18
12853 10
12861 14
12869 18
12889 11
12893 9
12897 12
12905 39
12913 15
12917 23
12937 28
12941 8
12953 8
12961 20
12965 26
12973 9
12985 15
12997 15
13001 10
13005 30
13009 11
13021 19
13025 25
13033 17
13037 8
13045 24
13049 16
13061 28
13073 22
13077 14
13085 23
13093 14
13105 23
13109 7
13117 19
13121 8
13141 30
13165 18
13169 21
13177 10
13181 7
13185 24
13189 7
13213 19
13217 10
13221 19
13225 14
13229 10
13241 10
13249 14
13253 22
13261 19
13273 18
13285 15
13289 16
13297 13
13309 15
13313 3
13325 57
13329 14
13337 15
13345 41
13357 13
13369 28
13381 11
13385 14
13397 5
13401 8
13417 8
13421 7
13429 25
13437 8
13441 7
13445 17
13457 12
13465 19
13469 10
13477 11
13481 43
13505 47
13513 9
13525 33
13537 9
13549 20
13553 11
13565 22
13573 7
13577 12
13597 13
13613 10
13617 19
13621 20
13625 41
13633 16
13637 25
13645 17
13649 8
13653 13
13669 15
13673 10
13681 15
13689 13
13693 12
13697 10
13705 18
13709 12
13721 11
13725 32
13729 10
13745 17
13753 21
13757 13
13765 12
13769 7
13781 11
13789 9
13793 20
13801 23
13817 23
13829 18
13833 28
13837 28
13841 16
13873 15
13877 8
13885 27
13897 23
13901 11
13913 13
13921 10
13925 27
13933 15
13941 7
13945 18
13949 29
13957 14
13969 18
13973 19
13977 10
13985 10
13997 15
14005 13
14009 13
14013 13
14029 5
14033 7
14045 37
14057 14
14065 37
14081 12
14085 18
14089 21
14093 9
14125 38
14149 11
14153 7
14157 12
14161 19
14165 14
14173 9
14177 6
14185 19
14197 10
14209 21
14213 23
14221 10
14225 24
14249 16
14257 21
14261 17
14265 21
14281 12
14285 20
14293 10
14297 28
14305 19
14309 19
14321 14
14341 6
14357 4
14365 47
14369 11
14373 10
14381 20
14389 11
14393 16
14401 12
14409 12
14417 21
14425 40
14437 9
14449 9
14453 13
14461 8
14473 27
14481 9
14485 19
14489 15
14501 22
14517 15
14521 10
14533 11
14537 7
14545 23
14549 10
14557 6
14561 12
14569 18
14585 15
14589 10
14593 12
14621 11
14625 33
14629 8
14633 10
14641 3
14645 38
14653 6
14657 10
14661 11
14669 11
14677 17
14681 14
14689 14
14701 15
14705 40
14713 11
14717 13
14733 10
14737 10
14741 6
14753 6
14761 22
14765 20
14785 21
14797 7
14801 16
14813 16
14821 7
14825 29
14837 17
14841 16
14845 17
14869 12
14885 30
14893 14
14897 10
14909 18
14913 10
14929 5
14933 25
14945 16
14957 15
14965 27
14969 9
14977 23
14985 19
14989 18
15005 15
15013 9
15017 7
15021 11
15025 19
15041 32
15049 21
15053 10
15061 6
15073 7
15077 11
15101 8
15109 20
15121 15
15125 22
15129 8
15133 14
15137 11
15145 36
15149 10
15161 11
15165 21
15173 9
15185 25
15193 15
15205 14
15217 7
15229 13
15233 5
15237 8
15241 8
15245 14
15269 7
15273 11
15277 9
15289 11
15293 21
15305 18
15313 5
15317 24
15325 31
15329 8
15337 12
15341 5
15349 12
15353 19
15361 5
15373 10
15377 11
15381 6
15385 25
15397 20
15401 7
15413 13
15425 27
15445 15
15453 16
15457 45
15461 12
15473 6
15481 14
15489 8
15493 10
15497 8
15509 13
15529 15
15533 7
15541 8
15545 8
15569 10
15577 15
15581 12
15597 12
15601 8
15605 10
15613 18
15625 28
15629 5
15633 7
15641 11
15649 7
15661 8
15665 35
15669 10
15677 19
15685 22
15689 12
15705 15
15725 44
15733 8
15737 11
15749 15
15761 10
15769 15
15773 2
15777 7
15793 16
15797 7
15805 37
15809 6
15817 18
15821 19
15845 14
15857 18
15877 9
15881 6
15885 14
15889 9
15901 9
15905 14
15913 7
15921 8
15925 30
15929 13
15937 6
15949 9
15957 7
15973 7
15977 14
15993 10
15997 15
16001 5
16021 17
16025 29
16029 19
16033 6
16045 25
16057 5
16061 6
16069 9
16073 9
16081 16
16085 20
16097 5
16101 11
16105 18
16109 15
16133 33
16141 5
16145 19
16153 13
16165 32
16189 11
16193 8
16201 15
16209 13
16217 3
16229 10
16237 15
16241 18
16245 10
16249 10
16253 8
16265 17
16273 3
16277 20
16285 20
16301 3
16317 4
16325 25
16333 6
16337 9
16349 5
16361 8
16369 3
16381 8
16385 27
16393 14
16405 24
16409 12
16417 7
16421 2
16425 27
16433 8
16441 11
16453 5
16465 26
16477 2
16481 10
16493 11
16501 9
16505 13
16513 12
16525 30
16529 13
16553 8
16561 8
16565 12
16573 6
16577 4
16589 14
16601 9
16605 15
16609 19
16613 15
16633 9
16641 2
16645 17
16649 5
16657 3
16661 4
16673 4
16677 13
16693 7
16705 23
16717 14
16729 10
16733 14
16741 7
16745 21
16749 10
16757 23
16769 18
16781 18
16785 17
16801 8
16805 11
16825 25
16829 7
16837 19
16857 7
16861 16
16865 13
16889 11
16893 5
16897 12
16901 8
16909 18
16913 17
16921 8
16925 17
16937 5
16945 9
16949 12
16965 33
16981 7
16993 9
17001 8
17009 12
17021 8
17029 6
17033 5
17041 12
17053 8
17057 11
17065 16
17069 23
17077 8
17093 2
17101 9
17109 3
17113 13
17117 9
17125 33
17137 9
17141 15
17153 23
17161 4
17165 15
17173 20
17177 13
17189 11
17197 13
17209 5
17217 7
17221 20
17225 38
17245 18
17257 2
17261 14
17285 15
17289 13
17293 6
17297 10
17305 16
17317 7
17321 5
17333 7
17341 6
17345 12
17357 21
17377 5
17389 6
17393 5
17397 7
17401 7
17405 3
17417 5
17425 40
17429 13
17433 13
17449 5
17473 7
17477 4
17485 19
17489 6
17497 6
17505 10
17509 7
17525 23
17533 12
17541 9
17545 14
17557 16
17561 15
17569 3
17573 3
17581 8
17585 8
17593 10
17597 3
17609 3
17629 14
17645 15
17649 13
17657 3
17665 14
17669 4
17681 5
17689 1
17693 11
17705 20
17713 7
17725 20
17729 5
17737 9
17741 12
17749 5
17753 3
17757 5
17761 6
17777 10
17785 12
17789 6
17797 17
17833 20
17837 6
17849 13
17861 16
17865 16
17873 6
17881 6
17885 15
17893 26
17901 10
17905 13
17909 10
17921 5
17929 10
17937 8
17945 21
17953 23
17957 5
17965 11
17973 12
17977 3
17981 12
17989 9
18005 25
18013 9
18029 9
18037 13
18041 13
18045 23
18049 8
18061 6
18065 14
18077 9
18081 12
18085 10
18089 12
18097 4
18121 4
18125 38
18133 5
18149 8
18153 7
18169 4
18173 12
18181 3
18185 15
18217 7
18225 13
18229 10
18233 9
18241 27
18245 18
18253 6
18257 5
18261 4
18265 24
18269 9
18277 5
18281 15
18289 5
18301 5
18313 6
18317 17
18325 15
18329 4
18341 5
18353 9
18365 11
18369 20
18385 20
18397 5
18401 5
18405 16
18409 14
18413 3
18421 26
18433 7
18457 5
18461 4
18473 12
18477 7
18481 2
18485 17
18493 7
18497 17
18505 13
18513 13
18517 3
18521 3
18541 10
18545 8
18549 7
18553 6
18577 16
18581 12
18589 15
18593 6
18605 13
18617 7
18621 9
18625 26
18629 13
18637 4
18649 15
18661 4
18665 10
18685 20
18701 8
18709 12
18713 7
18721 9
18729 7
18737 14
18749 5
18757 10
18761 16
18769 13
18773 7
18785 35
18793 13
18797 5
18801 6
18805 8
18833 14
18845 10
18853 7
18857 14
18869 3
18873 5
18889 6
18901 7
18913 5
18917 2
18925 20
18937 9
18945 13
18965 10
18973 8
18985 15
18989 20
18997 16
19001 4
19009 6
19013 9
19017 7
19025 15
19037 1
19045 29
19053 8
19061 5
19069 3
19073 5
19081 10
19093 14
19097 13
19105 16
19109 10
19121 4
19125 27
19133 9
19141 5
19157 4
19161 3
19165 13
19169 5
19181 4
19193 10
19213 7
19225 11
19233 5
19237 4
19249 6
19253 12
19265 11
19269 8
19273 6
19277 14
19289 6
19301 7
19309 3
19321 3
19325 17
19333 4
19337 17
19345 23
19357 10
19373 6
19377 11
19381 2
19385 8
19405 9
19409 9
19417 5
19421 11
19429 6
19433 9
19441 3
19445 9
19449 11
19453 6
19457 4
19465 23
19469 4
19477 3
19485 14
19489 8
19493 10
19501 7
19517 15
19521 8
19541 5
19549 10
19553 8
19557 9
19573 7
19577 5
19585 9
19597 4
19601 13
19609 7
19625 16
19633 17
19637 10
19645 5
19649 9
19661 5
19669 23
19681 3
19697 3
19709 6
19717 5
19721 26
19729 11
19753 4
19769 10
19773 13
19777 9
19793 6
19801 4
19805 20
19813 5
19825 25
19841 6
19845 5
19853 6
19861 4
19865 20
19885 20
19889 5
19897 12
19913 12
19917 6
19925 12
19937 5
19945 15
19949 3
19961 5
19973 8
19981 26
19989 5
19993 11
19997 5
20005 13
20017 11
20021 8
20025 14
20029 5
20041 9
20065 7
20077 7
20089 11
20101 3
20105 12
20113 7
20117 7
20129 5
20133 5
20137 10
20149 5
20161 4
20165 23
20173 4
20177 3
20189 10
20201 5
20205 8
20213 20
20221 11
20225 11
20233 1
20241 10
20245 13
20249 6
20261 3
20269 4
20281 12
20285 5
20297 6
20313 10
20329 10
20341 6
20345 28
20353 5
20357 2
20365 9
20369 6
20381 12
20389 3
20393 4
20413 11
20417 6
20421 8
20449 9
20453 9
20457 3
20465 17
20477 3
20485 12
20509 4
20513 10
20521 4
20525 14
20529 6
20533 3
20549 6
20557 6
20561 10
20565 7
20593 10
20605 21
20609 10
20617 10
20621 12
20629 4
20637 5
20641 5
20645 12
20665 10
20673 5
20681 4
20689 11
20693 6
20705 26
20717 4
20725 13
20737 11
20745 6
20749 4
20753 6
20761 12
20765 10
20773 3
20781 11
20785 12
20789 3
20809 8
20813 13
20817 6
20825 13
20849 5
20857 6
20869 10
20873 9
20885 10
20893 18
20897 6
20905 16
20917 15
20921 5
20929 1
20933 5
20961 9
20969 10
20981 6
20997 6
21001 9
21005 8
21013 3
21017 11
21025 18
21029 7
21037 10
21041 11
21053 16
21061 1
21069 3
21073 5
21085 6
21089 5
21097 17
21101 8
21121 6
21125 20
21141 4
21145 8
21149 4
21157 3
21169 6
21177 10
21193 4
21205 9
21213 6
21217 3
21221 5
21233 8
21253 10
21257 6
21265 6
21269 4
21277 7
21281 13
21289 12
21305 12
21313 1
21317 6
21325 5
21341 3
21349 7
21361 8
21365 8
21377 4
21389 9
21397 7
21401 10
21425 17
21429 10
21433 3
21437 20
21445 10
21449 14
21465 8
21473 10
21481 4
21485 9
21493 2
21501 5
21509 15
21517 3
21521 5
21529 4
21533 9
21541 10
21557 2
21569 3
21577 3
21589 4
21601 4
21605 22
21609 2
21613 2
21617 3
21625 19
21645 28
21649 4
21661 2
21673 4
21677 10
21685 5
21689 4
21697 4
21701 6
21709 9
21713 5
21737 4
21745 11
21753 5
21757 3
21773 5
21785 9
21789 7
21805 7
21809 6
21817 2
21821 5
21825 16
21841 3
21845 16
21853 9
21865 12
21881 2
21893 5
21901 1
21905 9
21913 13
21925 13
21929 2
21933 5
21937 5
21941 8
21953 6
21961 5
21969 3
21977 7
21985 10
21997 6
22001 8
22009 9
22013 3
22021 4
22025 9
22037 3
22045 5
22049 9
22061 8
22069 9
22073 6
22093 4
22105 11
22109 5
22117 9
22129 3
22133 1
22153 2
22157 2
22181 11
22185 15
22189 4
22193 4
22201 5
22205 4
22213 9
22217 11
22229 3
22237 4
22257 1
22261 5
22265 17
22273 5
22277 8
22285 8
22293 5
22301 7
22313 8
22321 6
22345 17
22349 4
22369 8
22373 6
22381 6
22385 5
22393 2
22397 5
22405 8
22409 4
22417 3
22433 2
22437 2
22441 4
22445 4
22453 5
22457 10
22465 9
22469 2
22481 3
22501 5
22509 5
22525 28
22529 9
22541 2
22549 1
22565 8
22573 2
22581 7
22585 8
22589 7
22601 10
22613 5
22621 4
22625 24
22633 4
22637 4
22669 2
22681 8
22685 17
22689 6
22697 5
22709 3
22717 7
22721 2
22725 12
22741 6
22745 3
22753 8
22761 2
22765 11
22769 2
22777 3
22789 5
22797 8
22801 2
22805 7
22817 9
22829 10
22837 8
22849 5
22853 3
22861 5
22865 14
22873 9
22877 2
22901 2
22905 12
22921 3
22937 5
22941 6
22945 14
22949 8
22961 3
22973 4
22985 7
22993 2
22997 12
23013 2
23017 5
23021 1
23029 2
23041 2
23049 4
23053 2
23057 2
23081 2
23101 10
23105 12
23113 4
23117 2
23125 14
23129 11
23137 11
23141 5
23153 9
23165 12
23173 4
23185 5
23189 2
23197 5
23201 3
23209 1
23225 14
23229 10
23245 6
23257 9
23269 2
23273 12
23285 9
23293 3
23297 6
23321 3
23329 4
23333 2
23337 5
23341 9
23353 3
23357 2
23365 7
23369 4
23373 3
23377 7
23393 6
23409 4
23413 9
23417 2
23425 6
23445 10
23461 4
23465 5
23473 4
23477 8
23481 3
23497 4
23509 3
23525 8
23533 8
23537 6
23545 8
23549 3
23553 5
23557 4
23561 4
23569 5
23581 8
23585 14
23589 4
23593 6
23605 11
23609 4
23629 7
23633 3
23645 5
23657 9
23665 6
23669 4
23677 2
23689 1
23697 4
23701 5
23717 6
23725 25
23729 7
23733 4
23741 2
23753 6
23761 4
23765 5
23773 1
23789 1
23797 9
23801 4
23805 3
23809 10
23813 3
23825 7
23833 1
23837 4
23857 2
23869 2
23873 2
23885 13
23893 4
23909 4
23913 3
23917 5
23929 9
23941 5
23945 3
23953 5
23957 2
23965 8
23977 4
23981 2
23985 7
23993 3
24001 6
24005 5
24021 7
24025 7
24029 6
24041 5
24049 3
24061 3
24065 7
24077 4
24085 5
24089 14
24093 5
24097 5
24109 4
24113 3
24121 3
24125 17
24133 4
24137 4
24157 9
24161 10
24169 1
24181 6
24193 6
24197 4
24201 3
24217 8
24221 5
24229 3
24237 2
24245 14
24281 2
24293 9
24305 1
24309 11
24313 2
24317 2
24329 5
24337 4
24341 9
24345 10
24349 8
24361 7
24373 1
24385 5
24389 6
24401 5
24413 3
24417 1
24421 3
24425 10
24433 3
24445 5
24457 4
24461 6
24469 4
24481 2
24505 16
24509 5
24517 1
24525 8
24533 2
24545 7
24557 3
24561 5
24565 17
24593 1
24601 7
24625 8
24641 5
24649 6
24653 9
24665 10
24669 2
24677 5
24685 2
24697 3
24701 4
24705 5
24709 4
24713 7
24733 4
24737 5
24741 1
24745 5
24749 1
24777 4
24781 6
24785 7
24793 7
24797 12
24805 7
24809 2
24821 1
24841 2
24845 4
24853 7
24865 7
24869 4
24877 3
24889 2
24901 4
24905 10
24917 5
24925 2
24929 15
24941 2
24949 5
24953 3
24961 6
24965 5
24973 10
24977 3
24989 1
24993 3
25009 8
25013 4
25033 2
25037 2
25045 4
25049 7
25057 2
25065 9
25073 5
25085 13
25097 5
25101 6
25105 10
25117 3
25121 4
25129 7
25133 5
25169 5
25173 6
25177 6
25181 8
25189 1
25205 1
25209 3
25225 9
25229 4
25237 4
25253 4
25261 2
25281 4
25285 13
25297 2
25309 1
25313 8
25317 4
25321 6
25325 5
25337 9
25345 6
25349 2
25353 5
25357 4
25373 4
25381 2
25385 10
25397 4
25405 1
25409 3
25425 11
25433 5
25453 2
25469 1
25477 3
25493 22
25497 7
25505 3
25525 8
25529 1
25533 5
25537 1
25541 2
25549 5
25561 3
25565 4
25577 3
25589 3
25601 5
25605 4
25609 1
25621 2
25625 17
25649 3
25657 4
25677 6
25681 4
25693 2
25705 12
25713 6
25717 1
25721 12
25733 1
25741 2
25749 2
25765 6
25769 6
25777 4
25789 8
25793 2
25801 4
25805 14
25825 4
25841 5
25849 5
25857 6
25873 7
25877 5
25889 6
25913 5
25921 3
25925 21
25933 4
25937 6
25945 8
25961 1
25965 3
25969 1
25981 3
25985 6
25997 2
26017 1
26021 3
26029 2
26041 3
26045 5
26053 3
26065 7
26073 2
26077 4
26093 6
26113 1
26117 7
26129 14
26141 4
26161 3
26165 5
26177 5
26181 1
26185 4
26209 4
26221 5
26225 3
26233 3
26237 3
26245 10
26249 4
26261 2
26269 6
26281 10
26293 2
26305 11
26309 2
26317 2
26321 5
26325 8
26329 5
26333 9
26353 5
26357 4
26361 8
26365 5
26377 4
26393 3
26401 2
26405 3
26413 4
26417 4
26437 2
26441 6
26449 2
26469 8
26485 6
26489 2
26497 3
26501 2
26509 6
26513 2
26525 15
26533 13
26545 5
26557 2
26561 3
26569 1
26573 2
26577 3
26585 12
26597 4
26605 10
26613 1
26633 2
26641 1
26645 6
26665 7
26669 4
26681 3
26685 8
26689 4
26693 2
26701 4
26705 5
26713 1
26717 1
26721 1
26725 7
26729 2
26737 3
26741 5
26765 9
26773 6
26777 4
26793 10
26801 1
26813 2
26821 2
26825 11
26849 2
26861 2
26869 5
26881 4
26893 3
26897 3
26901 4
26905 5
26921 2
26937 7
26941 3
26945 6
26953 2
26965 5
26969 10
26973 1
26977 8
26981 1
26989 6
26993 4
27009 2
27045 2
27053 5
27061 3
27065 3
27073 1
27077 6
27085 4
27101 6
27109 2
27121 5
27145 10
27149 2
27157 5
27169 6
27173 3
27185 4
27197 3
27205 7
27217 3
27225 2
27229 1
27233 7
27241 2
27245 5
27253 1
27257 5
27261 4
27277 3
27281 4
27289 4
27297 1
27325 6
27329 1
27333 2
27337 2
27353 2
27361 1
27365 8
27369 2
27385 2
27389 4
27397 1
27409 2
27421 1
27425 6
27441 1
27449 1
27457 3
27469 5
27481 3
27505 2
27509 3
27521 11
27529 2
27541 1
27549 3
27557 3
27565 4
27581 1
27585 4
27593 5
27605 4
27613 4
27617 3
27625 21
27637 2
27673 1
27677 2
27685 5
27689 6
27693 2
27697 5
27701 2
27709 4
27725 3
27733 4
27737 3
27749 2
27757 7
27765 1
27773 3
27785 4
27793 7
27801 2
27809 4
27817 4
27829 3
27833 3
27845 5
27857 1
27865 4
27877 2
27889 1
27901 1
27905 4
27917 2
27925 7
27941 1
27953 1
27961 2
27977 3
27981 2
27985 13
27989 5
27997 4
28001 3
28009 4
28013 4
28033 5
28037 3
28057 3
28069 1
28081 2
28085 6
28089 1
28093 4
28097 4
28109 6
28121 6
28125 6
28145 5
28157 3
28169 3
28181 1
28197 3
28201 1
28205 3
28213 3
28225 6
28229 1
28233 1
28249 6
28265 3
28269 2
28273 2
28285 3
28289 3
28297 2
28305 9
28309 2
28333 3
28345 3
28349 2
28373 4
28381 6
28393 4
28397 3
28417 5
28421 1
28429 2
28433 5
28445 2
28449 3
28453 3
28465 5
28477 2
28493 3
28505 5
28513 3
28517 3
28521 1
28537 5
28549 1
28561 4
28565 8
28573 2
28577 5
28585 1
28593 3
28597 2
28601 7
28621 4
28625 5
28629 1
28645 8
28649 3
28657 1
28661 2
28665 2
28669 3
28673 5
28685 3
28705 5
28717 2
28741 2
28745 1
28753 1
28757 3
28769 1
28781 5
28789 1
28793 3
28813 1
28817 2
28825 9
28837 1
28845 6
28849 2
28873 3
28881 1
28885 5
28901 2
28909 1
28913 4
28921 1
28925 18
28933 4
28949 1
28953 2
28961 1
28981 6
28989 5
29005 2
29009 2
29017 2
29021 1
29033 1
29041 2
29045 7
29053 4
29057 2
29061 1
29065 2
29069 4
29077 3
29081 5
29097 2
29101 1
29105 2
29125 5
29137 3
29153 1
29161 1
29173 4
29185 8
29189 6
29201 4
29209 2
29221 1
29237 4
29241 2
29245 4
29257 3
29261 4
29273 2
29285 3
29297 2
29305 1
29321 4
29333 1
29341 4
29345 5
29353 4
29377 3
29385 3
29389 2
29401 1
29405 5
29429 2
29437 1
29449 2
29453 1
29461 2
29473 4
29485 2
29489 6
29493 1
29497 6
29521 6
29525 6
29529 7
29537 1
29549 4
29565 4
29569 2
29573 1
29581 2
29585 5
29593 4
29597 5
29629 1
29633 3
29637 2
29641 1
29645 1
29665 7
29669 3
29705 5
29717 1
29725 6
29741 1
29745 3
29753 2
29761 1
29765 2
29789 1
29809 2
29825 5
29837 2
29857 1
29861 4
29873 2
29881 3
29905 2
29917 1
29929 3
29933 4
29945 9
29957 2
29961 2
29965 9
29989 3
29993 2
30005 2
30013 3
30017 3
30025 8
30029 3
30037 1
30053 3
30069 3
30073 7
30089 1
30097 2
30113 1
30125 9
30137 3
30141 4
30145 4
30157 2
30161 3
30181 6
30185 4
30193 3
30197 1
30209 7
30233 3
30241 1
30253 2
30265 2
30269 3
30277 5
30285 4
30293 1
30301 1
30313 2
30325 7
30329 2
30341 2
30357 1
30361 3
30365 5
30377 3
30389 1
30397 4
30413 4
30421 2
30425 2
30433 3
30445 1
30465 2
30469 2
30493 1
30497 1
30501 1
30505 1
30509 2
30517 1
30529 3
30537 6
30545 7
30553 1
30557 4
30581 2
30589 9
30593 1
30605 7
30617 2
30625 5
30629 1
30637 1
30641 4
30649 3
30661 1
30665 2
30673 2
30677 3
30685 4
30689 4
30713 2
30717 2
30733 3
30749 5
30757 3
30769 1
30805 6
30817 1
30821 2
30825 1
30829 4
30841 1
30853 2
30865 2
30869 1
30881 2
30893 1
30901 4
30925 4
30929 1
30949 2
30985 2
31001 4
31005 5
31013 2
31025 6
31033 2
31037 4
31041 1
31049 3
31057 4
31061 3
31085 3
31097 1
31109 1
31117 4
31121 2
31145 2
31149 1
31153 1
31177 2
31193 1
31201 2
31205 1
31221 4
31225 6
31237 1
31249 2
31253 1
31265 5
31277 4
31285 3
31301 1
31313 1
31321 2
31329 1
31345 5
31357 1
31365 9
31373 5
31385 1
31393 1
31397 1
31417 6
31421 3
31429 3
31469 2
31473 1
31477 1
31481 1
31501 4
31505 5
31517 1
31525 10
31529 2
31541 5
31545 3
31561 4
31585 3
31601 1
31609 3
31613 6
31637 1
31645 1
31649 2
31653 1
31685 1
31693 3
31697 4
31705 4
31709 4
31721 2
31729 4
31733 4
31741 3
31753 3
31761 2
31765 1
31769 3
31781 3
31793 2
31797 2
31805 4
31813 3
31841 1
31849 2
31853 4
31865 2
31869 1
31905 2
31909 6
31921 3
31925 4
31937 4
31945 3
31957 2
31973 1
31985 2
31997 2
32005 6
32009 2
32029 2
32045 8
32069 2
32105 3
32113 1
32117 1
32125 3
32129 1
32149 2
32161 4
32185 5
32189 1
32193 1
32201 3
32213 2
32225 4
32229 1
32233 1
32237 5
32245 1
32257 2
32269 1
32301 3
32309 2
32317 3
32321 1
32341 1
32345 2
32365 2
32377 1
32389 3
32393 3
32401 1
32405 1
32409 2
32413 1
32425 7
32441 3
32481 2
32485 5
32489 4
32497 1
32513 6
32521 1
32525 4
32533 1
32537 1
32549 1
32561 2
32573 1
32597 2
32605 5
32617 3
32621 1
32625 4
32633 3
32645 2
32653 2
32657 2
32677 2
32689 7
32693 1
32701 3
32713 2
32717 2
32733 1
32741 2
32749 1
32761 2
32773 3
32777 3
32797 1
32825 8
32833 3
32841 1
32845 3
32869 2
32877 2
32885 2
32905 1
32909 1
32929 4
32941 2
32977 2
32985 5
33001 3
33013 2
33017 3
33025 5
33029 2
33053 2
33057 2
33065 5
33085 4
33109 5
33113 1
33125 4
33129 1
33133 1
33137 2
33149 2
33161 2
33173 1
33185 1
33197 2
33205 2
33241 2
33245 3
33265 5
33289 1
33293 1
33301 2
33309 5
33317 2
33329 1
33337 6
33349 2
33353 2
33361 2
33365 3
33381 2
33389 6
33409 3
33413 1
33437 1
33457 3
33469 2
33485 4
33489 3
33505 2
33517 2
33525 2
33529 1
33533 3
33541 1
33545 3
33553 5
33565 3
33569 1
33577 1
33581 1
33597 3
33617 5
33625 4
33633 1
33641 2
33653 1
33661 1
33665 1
33685 1
33709 3
33721 1
33745 3
33773 1
33785 1
33797 1
33813 4
33829 1
33849 1
33853 3
33865 1
33881 2
33889 2
33905 2
33917 1
33937 2
33941 1
33949 1
33961 1
33965 1
33973 1
33977 1
33997 1
34021 1
34025 4
34037 6
34065 3
34073 1
34081 2
34085 5
34121 2
34129 1
34137 1
34141 1
34145 2
34157 1
34165 2
34205 3
34225 10
34229 3
34241 2
34245 4
34249 2
34261 2
34273 1
34281 3
34289 1
34325 1
34337 1
34345 2
34349 1
34369 1
34373 4
34381 3
34385 6
34389 1
34421 1
34425 1
34465 4
34469 2
34481 3
34501 1
34525 2
34537 1
34541 2
34549 1
34553 1
34585 4
34605 1
34609 1
34613 1
34621 3
34625 5
34645 5
34669 1
34673 1
34677 1
34693 2
34697 2
34717 4
34721 2
34729 2
34757 1
34765 4
34785 1
34805 1
34817 3
34821 3
34829 1
34849 2
34877 1
34885 2
34893 1
34897 1
34901 4
34913 1
34929 4
34933 2
34945 2
34957 4
34969 3
34973 1
34981 1
34985 2
35001 1
35005 1
35009 1
35033 2
35037 1
35065 2
35069 1
35073 1
35113 3
35125 1
35137 5
35141 2
35165 5
35173 2
35177 1
35197 1
35201 1
35209 3
35221 1
35225 1
35253 1
35261 1
35269 1
35285 4
35293 5
35317 2
35325 3
35333 3
35377 1
35405 3
35425 5
35437 1
35461 2
35465 3
35477 3
35513 3
35525 1
35537 1
35569 1
35593 3
35597 1
35633 1
35641 3
35645 1
35653 2
35657 2
35669 2
35685 2
35729 2
35737 3
35757 2
35785 2
35793 1
35797 1
35801 1
35809 1
35821 1
35825 3
35837 1
35865 3
35869 3
35873 1
35881 1
35885 2
35901 1
35909 1
35921 1
35933 1
35953 1
35957 2
35965 1
35969 1
35977 2
35989 2
35993 1
36009 2
36017 1
36037 1
36045 1
36065 1
36101 1
36109 3
36117 2
36121 2
36125 6
36137 3
36145 1
36149 3
36161 2
36173 7
36181 1
36185 2
36193 1
36217 2
36221 2
36257 1
36269 2
36277 2
36297 5
36305 2
36325 2
36361 2
36369 1
36373 2
36401 2
36405 2
36413 3
36433 2
36445 3
36457 1
36461 1
36469 2
36485 1
36493 3
36505 1
36513 3
36517 2
36541 1
36545 3
36569 1
36581 2
36601 2
36605 1
36621 1
36625 3
36629 1
36677 1
36697 1
36709 1
36725 6
36745 1
36749 1
36761 1
36805 2
36829 2
36833 3
36853 2
36857 2
36865 1
36877 1
36881 1
36889 2
36905 1
36913 1
36941 3
36965 2
36985 3
36997 1
37013 1
37025 2
37049 1
37057 1
37061 1
37089 1
37093 1
37105 1
37157 1
37161 1
37165 4
37193 1
37225 3
37249 1
37265 4
37269 1
37277 2
37285 2
37289 1
37325 4
37337 1
37349 3
37357 1
37361 1
37381 2
37385 1
37393 1
37397 3
37405 1
37469 1
37481 1
37489 1
37493 2
37505 4
37517 1
37553 1
37561 2
37573 1
37585 1
37613 2
37629 1
37637 1
37649 3
37673 3
37681 1
37693 1
37705 1
37729 2
37733 1
37745 1
37757 1
37777 1
37813 1
37817 3
37825 2
37837 1
37865 2
37877 1
37885 1
37889 1
37897 3
37945 2
37957 1
37993 1
38021 1
38025 3
38029 1
38033 1
38041 4
38053 1
38069 1
38077 1
38081 2
38089 1
38105 2
38113 1
38125 4
38165 1
38169 1
38177 2
38189 2
38201 1
38221 1
38233 1
38261 1
38277 1
38309 1
38317 1
38329 1
38369 2
38377 1
38405 3
38417 2
38425 9
38441 1
38449 1
38457 1
38477 1
38497 1
38537 1
38545 1
38557 2
38561 1
38573 1
38581 1
38585 1
38593 2
38597 2
38629 2
38637 1
38641 2
38669 1
38713 1
38725 1
38765 3
38777 1
38785 2
38809 1
38813 2
38833 1
38845 3
38897 1
38909 2
38917 1
38925 4
38945 1
38965 1
39005 2
39013 3
39041 2
39073 3
39085 1
39089 1
39097 1
39101 2
39113 1
39125 1
39145 1
39185 2
39205 1
39209 1
39229 1
39241 2
39249 1
39253 3
39285 1
39293 1
39301 1
39313 1
39317 1
39349 1
39377 3
39385 1
39397 2
39409 2
39429 1
39465 2
39481 1
39485 2
39493 2
39509 1
39533 2
39553 1
39565 3
39569 2
39593 1
39617 3
39625 2
39637 2
39665 3
39685 2
39701 2
39733 1
39749 1
39785 1
39793 1
39817 1
39829 1
39833 2
39845 2
39901 1
39929 1
39933 1
39937 2
39953 1
39961 2
39965 1
40001 1
40045 3
40077 2
40081 2
40085 2
40105 1
40113 1
40121 2
40141 2
40165 4
40169 1
40177 1
40221 1
40225 2
40229 3
40265 3
40277 1
40309 2
40321 1
40325 2
40333 1
40345 1
40385 1
40405 2
40409 1
40441 1
40465 1
40501 1
40525 3
40529 2
40545 1
40573 2
40609 1
40621 1
40625 2
40673 2
40709 1
40725 2
40729 1
40757 3
40781 1
40817 1
40833 1
40841 1
40905 2
40993 1
41017 1
41053 1
41057 1
41077 1
41089 1
41093 1
41105 1
41113 1
41141 1
41165 1
41201 1
41225 4
41245 2
41257 1
41281 1
41297 2
41333 1
41341 2
41345 1
41353 2
41369 1
41413 1
41425 2
41429 1
41441 1
41449 1
41465 1
41497 1
41533 1
41605 4
41617 1
41665 2
41681 1
41697 2
41717 2
41761 1
41765 2
41785 2
41801 1
41805 1
41821 2
41841 2
41845 3
41885 2
41893 1
41905 1
41913 1
41941 2
41945 1
41957 1
41981 1
41993 1
42025 1
42061 1
42089 2
42101 2
42121 1
42125 1
42137 2
42157 1
42173 2
42193 1
42221 1
42257 1
42281 1
42305 2
42325 3
42353 1
42401 2
42409 2
42425 1
42445 3
42453 2
42461 1
42473 1
42485 4
42505 1
42517 3
42521 2
42565 2
42597 2
42601 2
42677 1
42701 1
42725 1
42761 1
42809 2
42841 1
42877 1
42913 1
42925 2
43009 1
43025 2
43045 1
43105 1
43137 1
43165 1
43169 1
43173 1
43209 1
43273 1
43289 1
43297 1
43333 2
43345 1
43425 2
43433 2
43513 2
43525 1
43537 2
43565 1
43577 1
43613 1
43641 1
43649 1
43669 1
43681 1
43697 1
43733 1
43745 1
43749 1
43753 1
43781 1
43793 1
43805 1
43829 1
43853 2
43877 1
43965 1
43969 1
43973 1
44005 2
44053 1
44089 1
44105 1
44109 1
44117 1
44125 1
44141 3
44145 1
44181 1
44197 1
44221 1
44225 2
44245 2
44285 2
44305 1
44325 1
44329 1
44345 1
44353 1
44425 1
44433 1
44437 2
44497 1
44501 1
44521 1
44525 2
44557 2
44573 1
44581 2
44585 1
44629 2
44633 2
44665 2
44701 2
44705 1
44713 1
44725 2
44785 1
44789 1
44829 1
44861 2
44881 2
44893 1
44909 1
44917 1
44969 1
44993 2
45005 2
45041 1
45097 1
45169 1
45205 1
45233 1
45305 2
45329 1
45337 2
45349 1
45373 2
45389 1
45405 1
45445 1
45469 1
45565 1
45621 1
45641 1
45685 1
45781 1
45817 1
45869 1
45889 1
45901 3
45905 1
45917 1
45949 1
45985 1
46001 3
46045 1
46085 1
46141 1
46169 1
46217 1
46241 1
46325 1
46485 1
46625 1
46637 1
46661 1
46665 2
46681 1
46709 1
46745 1
46773 2
46801 2
46885 1
46889 2
46901 1
46917 1
46925 2
47041 1
47045 2
47065 1
47125 2
47153 2
47209 3
47225 1
47237 2
47241 1
47281 2
47293 1
47305 1
47349 2
47437 3
47489 1
47545 1
47549 1
47605 1
47665 1
47749 1
47801 1
47821 2
47853 1
47873 1
47885 1
48025 2
48065 1
48069 1
48109 1
48113 2
48149 1
48177 1
48217 2
48265 1
48325 1
48341 1
48401 1
48421 1
48505 1
48533 1
48637 1
48665 1
48749 1
48809 1
48905 1
48913 1
49025 1
49037 1
49045 1
49145 1
49157 1
49205 1
49241 2
49249 1
49325 1
49349 1
49393 1
49441 1
49453 1
49489 2
49549 1
49625 2
49681 1
49765 1
49789 1
49825 1
49865 1
49873 1
49877 1
49909 1
49925 1
49985 1
49997 1
50101 1
50129 1
50221 1
50297 1
50333 1
50401 2
50405 1
50425 1
50513 1
50665 1
50789 1
50801 1
50861 1
50949 2
51001 1
51145 1
51173 1
51193 1
51241 1
51245 1
51257 1
51325 2
51417 1
51493 1
51545 1
51697 1
51713 1
52181 1
52205 1
52445 1
52477 1
52609 1
52685 2
52741 1
52853 1
52893 1
52901 1
53033 1
53173 1
53285 1
53401 1
53489 1
53505 1
53681 1
53849 1
53873 1
53937 1
54037 1
54145 1
54517 1
54557 1
55045 2
55477 1
55525 1
55661 1
55777 1
55793 1
55805 1
55809 1
55949 1
56125 1
56233 1
56277 1
56473 1
56569 1
56645 1
57005 1
57065 1
57137 1
57217 1
57905 1
57913 1
58169 1
58725 1
58789 1
59377 1
59585 1
59825 1
59837 1
60125 1
60345 1
60741 1
60901 1
61309 1
61661 1
62021 1
62081 1
62089 1
63325 1
63353 1
63461 1
63893 1
64985 1
67789 1
68265 1
68845 1
72901 1
78385 1
78409 1
86921 1
148205 1
214637 1
215869 1
296449 1
379249 1
383945 1
425129 1
