N J h mean_R_sq err_mean_R_sq mean_R_gyr_sq err_mean_R_gyr_sq 
1225 1.315 0 3416.95 50.8064 608.154 6.22129
2 10
4 16
8 16
10 45
16 24
18 16
20 45
26 46
32 24
34 50
36 23
40 44
50 75
52 40
58 52
64 17
68 45
72 30
74 42
80 63
82 50
90 68
98 35
100 90
104 54
106 55
116 61
122 59
128 28
130 104
136 54
144 21
146 53
148 55
160 56
162 26
164 56
170 102
178 49
180 60
194 41
196 28
200 82
202 67
208 50
212 71
218 55
226 62
232 45
234 55
242 28
244 54
250 111
256 35
260 111
272 66
274 63
288 25
290 125
292 66
296 51
298 60
306 59
314 57
320 59
324 29
328 58
338 97
340 103
346 48
356 50
360 60
362 57
370 118
386 65
388 60
392 27
394 68
400 90
404 75
410 118
416 51
424 50
436 48
442 97
450 78
452 51
458 60
464 50
466 52
468 60
482 53
484 23
488 65
490 65
500 113
512 14
514 57
520 117
522 59
530 117
538 55
544 64
548 70
554 47
562 48
576 28
578 76
580 111
584 72
586 40
592 57
596 46
610 108
612 50
626 55
628 49
634 59
640 42
648 25
650 164
656 61
666 52
674 43
676 82
680 115
692 63
698 53
706 48
712 42
720 51
722 25
724 57
730 119
738 59
740 103
746 54
754 121
772 46
776 48
778 47
784 25
788 59
794 56
800 68
802 53
808 58
810 63
818 48
820 99
832 62
842 55
848 49
850 144
866 57
872 47
882 32
884 93
890 84
898 55
900 62
904 37
914 51
916 49
922 41
928 42
932 48
936 54
954 52
962 90
964 56
968 18
970 86
976 53
980 56
986 88
1000 94
1010 87
1018 46
1024 33
1028 43
1040 104
1042 46
1044 48
1058 28
1060 101
1066 103
1076 47
1082 45
1088 49
1090 98
1096 50
1098 43
1108 36
1114 37
1124 43
1130 90
1138 36
1152 24
1154 44
1156 53
1160 84
1168 55
1170 92
1172 44
1184 46
1186 32
1192 41
1202 34
1210 41
1220 93
1224 49
1226 38
1234 43
1250 119
1252 49
1256 38
1258 95
1268 38
1274 46
1280 39
1282 51
1296 16
1300 121
1306 31
1312 55
1314 51
1322 45
1332 34
1346 41
1348 43
1352 73
1354 48
1360 83
1370 75
1378 79
1384 37
1394 68
1396 33
1402 41
1412 36
1418 41
1424 38
1440 44
1444 25
1448 35
1450 115
1458 26
1460 84
1466 30
1476 43
1480 71
1490 91
1492 40
1508 79
1514 42
1522 28
1530 77
1538 33
1544 37
1546 28
1552 27
1556 35
1568 17
1570 86
1576 43
1586 87
1588 34
1594 30
1600 46
1602 34
1604 28
1616 40
1618 31
1620 34
1636 43
1640 69
1642 42
1658 38
1664 38
1666 36
1682 47
1684 40
1690 100
1696 33
1700 117
1706 36
1714 27
1730 63
1732 36
1744 23
1746 28
1754 28
1762 27
1764 14
1768 77
1780 64
1796 32
1800 49
1802 74
1808 40
1810 57
1818 34
1828 28
1832 29
1844 39
1850 96
1856 43
1858 37
1864 29
1872 37
1874 28
1882 28
1898 58
1906 22
1908 28
1922 12
1924 58
1928 26
1930 61
1936 12
1940 66
1952 26
1954 38
1960 42
1962 28
1970 70
1972 48
1994 32
2000 52
2018 34
2020 65
2026 23
2034 26
2036 30
2042 29
2048 15
2050 95
2056 34
2066 34
2074 56
2080 60
2084 29
2088 29
2098 25
2106 32
2116 16
2120 60
2122 33
2132 58
2138 32
2146 52
2152 30
2164 41
2176 27
2178 10
2180 55
2186 35
2192 30
2194 21
2196 26
2210 97
2216 29
2218 22
2228 30
2234 25
2248 34
2250 60
2258 16
2260 49
2276 28
2290 68
2304 20
2306 23
2308 23
2312 40
2314 60
2320 54
2330 57
2336 33
2340 57
2344 20
2362 31
2368 32
2372 27
2378 55
2384 30
2386 25
2402 27
2404 29
2410 49
2420 22
2426 32
2434 37
2440 49
2448 37
2450 39
2452 24
2458 26
2466 21
2468 31
2474 25
2482 44
2498 25
2500 58
2504 22
2512 30
2516 46
2522 61
2536 19
2548 22
2554 23
2560 29
2564 26
2570 65
2578 34
2592 21
2594 23
2600 69
2602 15
2610 52
2612 27
2624 24
2626 30
2628 30
2642 27
2644 17
2650 73
2664 18
2682 25
2690 45
2692 22
2696 27
2704 32
2708 25
2720 44
2722 23
2738 27
2740 53
2746 25
2754 19
2756 49
2762 22
2768 21
2770 41
2788 45
2792 23
2804 22
2810 50
2818 25
2824 20
2826 19
2834 51
2836 16
2842 18
2848 27
2858 16
2866 26
2880 33
2888 10
2890 63
2896 23
2900 58
2906 20
2916 12
2920 37
2930 47
2932 21
2938 45
2952 14
2960 32
2962 24
2978 16
2980 46
2984 20
2986 19
3016 38
3026 42
3028 24
3034 31
3042 27
3044 13
3050 47
3060 44
3074 57
3076 25
3088 15
3092 18
3098 16
3104 19
3106 16
3112 21
3114 16
3130 33
3136 11
3140 31
3146 22
3152 21
3170 31
3172 43
3176 28
3188 16
3194 25
3200 31
3202 14
3204 17
3208 12
3218 20
3226 16
3232 16
3236 23
3240 17
3242 24
3250 82
3258 23
3272 26
3274 21
3280 53
3284 15
3298 45
3314 13
3316 22
3328 23
3330 32
3332 20
3338 15
3362 28
3364 21
3368 27
3370 34
3380 53
3386 25
3392 17
3394 21
3400 49
3412 17
3418 15
3428 11
3434 36
3442 24
3460 36
3464 18
3466 16
3474 17
3482 19
3488 16
3490 32
3492 25
3506 19
3508 9
3524 16
3528 10
3530 36
3536 36
3538 33
3546 21
3554 21
3560 39
3562 29
3578 34
3592 14
3600 29
3602 17
3604 32
3610 20
3616 18
3620 40
3626 12
3636 14
3650 48
3656 15
3664 11
3688 10
3690 36
3698 8
3700 49
3706 29
3712 13
3716 12
3722 24
3728 19
3730 34
3744 21
3746 17
3748 8
3754 20
3764 12
3770 71
3778 14
3796 36
3802 13
3812 25
3816 17
3826 26
3842 37
3844 6
3848 39
3856 18
3860 26
3866 9
3872 9
3874 36
3880 28
3890 32
3898 13
3904 20
3908 13
3920 14
3922 28
3924 18
3940 30
3944 26
3946 11
3970 29
3978 38
3986 23
3988 15
3994 17
4000 28
4010 30
4018 15
4034 14
4036 11
4040 28
4050 23
4052 10
4058 20
4068 12
4072 13
4082 40
4084 16
4090 36
4096 6
4100 50
4106 10
4112 23
4114 13
4122 13
4132 11
4138 18
4148 23
4160 21
4162 18
4168 19
4176 20
4178 16
4194 16
4196 16
4210 31
4212 15
4226 13
4232 10
4234 28
4240 26
4244 12
4250 46
4258 12
4264 25
4274 16
4276 8
4282 7
4292 22
4304 12
4306 14
4322 16
4328 11
4330 27
4338 18
4346 27
4352 17
4356 6
4360 24
4372 18
4384 12
4388 11
4392 15
4394 28
4410 15
4418 11
4420 53
4426 16
4432 19
4436 14
4442 13
4450 34
4456 12
4468 7
4474 9
4490 21
4496 18
4498 29
4500 20
4514 22
4516 7
4520 27
4538 12
4546 10
4552 11
4562 13
4570 15
4580 28
4586 6
4594 16
4608 5
4610 25
4612 14
4616 17
4618 10
4624 15
4626 7
4628 26
4640 19
4658 15
4660 31
4666 15
4672 18
4680 22
4682 11
4688 7
4698 19
4706 29
4714 10
4724 13
4736 6
4744 12
4754 14
4756 15
4762 8
4768 15
4770 28
4772 11
4778 10
4786 14
4802 6
4804 16
4808 10
4810 50
4820 18
4834 14
4840 12
4842 15
4850 40
4852 10
4868 10
4874 13
4880 19
4882 14
4896 6
4900 28
4904 12
4916 19
4930 33
4932 11
4936 13
4946 8
4948 4
4954 12
4964 18
4986 9
4996 19
5000 29
5002 26
5008 13
5018 24
5024 14
5032 17
5042 11
5044 23
5050 34
5058 7
5066 29
5072 6
5090 17
5096 9
5098 14
5108 11
5114 10
5120 5
5122 14
5128 5
5140 22
5156 11
5162 13
5184 7
5186 18
5188 14
5194 16
5200 25
5202 14
5204 11
5210 19
5218 10
5220 16
5224 10
5234 10
5242 9
5248 7
5252 22
5256 13
5266 8
5274 14
5284 9
5288 8
5290 2
5300 27
5314 2
5328 9
5330 37
5338 16
5354 9
5364 8
5378 5
5380 21
5384 10
5386 7
5392 9
5402 13
5408 25
5410 12
5416 11
5426 10
5440 16
5444 7
5450 36
5458 15
5476 15
5480 22
5482 12
5490 11
5492 6
5498 13
5506 5
5508 10
5512 17
5524 8
5536 11
5540 17
5554 14
5570 11
5576 14
5578 15
5584 7
5594 10
5602 15
5608 7
5618 12
5620 14
5626 21
5634 11
5636 10
5648 15
5650 19
5652 6
5666 7
5668 18
5672 13
5674 7
5684 7
5690 16
5696 11
5706 9
5714 6
5716 5
5722 9
5732 10
5746 19
5760 2
5770 16
5780 19
5792 6
5794 9
5800 14
5812 14
5818 9
5832 9
5834 8
5840 17
5850 33
5858 16
5860 13
5864 5
5876 23
5882 24
5904 9
5906 5
5914 5
5920 16
5924 5
5930 16
5938 2
5954 16
5956 10
5960 16
5968 9
5972 8
5978 7
5986 14
5994 9
6002 7
6010 15
6032 22
6050 12
6052 18
6056 11
6058 12
6066 10
6068 17
6074 14
6082 9
6084 7
6088 7
6098 3
6100 21
6120 17
6122 10
6130 7
6148 16
6152 6
6154 9
6170 15
6176 9
6178 5
6184 5
6196 8
6208 9
6212 6
6218 8
6224 7
6228 13
6242 4
6250 21
6260 14
6266 11
6272 5
6274 8
6280 18
6282 11
6290 28
6292 9
6304 10
6322 13
6338 8
6340 14
6344 18
6352 7
6354 10
6362 10
6370 13
6376 3
6388 9
6400 8
6404 9
6408 5
6410 13
6416 3
6418 9
6434 7
6436 8
6442 5
6452 10
6458 8
6464 8
6466 12
6472 8
6480 7
6484 3
6498 4
6500 19
6506 5
6514 6
6516 12
6530 12
6544 5
6548 5
6554 15
6560 20
6562 15
6568 5
6570 16
6586 23
6596 10
6602 6
6610 12
6626 6
6628 4
6632 6
6642 6
6656 5
6658 6
6660 8
6664 4
6676 5
6682 13
6698 11
6714 6
6722 7
6724 5
6728 9
6730 17
6736 11
6740 15
6746 4
6760 22
6770 15
6772 6
6778 8
6784 8
6786 11
6788 4
6800 22
6824 8
6826 9
6836 4
6850 17
6856 2
6866 6
6868 14
6884 12
6890 17
6898 4
6914 2
6920 7
6922 2
6928 6
6932 7
6938 6
6948 7
6962 2
6964 3
6970 18
6976 8
6980 9
6984 4
6994 12
7002 5
7010 12
7012 1
7016 7
7018 9
7034 5
7048 3
7056 8
7058 8
7060 7
7066 8
7072 17
7076 9
7082 9
7090 17
7092 4
7108 3
7114 9
7120 12
7124 15
7146 6
7154 2
7156 7
7162 4
7178 11
7184 3
7186 6
7200 14
7202 6
7204 7
7208 13
7218 9
7220 7
7226 3
7232 5
7234 6
7240 13
7250 26
7252 6
7272 4
7274 5
7290 5
7298 10
7300 13
7306 4
7312 8
7328 3
7330 13
7346 5
7354 4
7362 3
7376 4
7380 15
7394 1
7396 5
7400 16
7402 4
7412 13
7418 2
7424 4
7432 6
7442 10
7444 6
7450 16
7456 11
7460 16
7466 8
7474 10
7488 13
7492 3
7496 1
7508 4
7514 15
7522 3
7528 5
7538 5
7540 18
7556 5
7570 11
7578 9
7586 6
7592 8
7594 4
7604 5
7610 7
7618 10
7624 6
7632 4
7642 5
7650 10
7652 2
7666 6
7684 5
7688 1
7690 7
7696 8
7706 10
7712 3
7720 10
7730 13
7732 3
7738 10
7748 10
7754 2
7760 8
7762 3
7778 8
7780 10
7786 11
7794 4
7796 4
7808 6
7816 3
7834 3
7840 6
7844 5
7848 2
7850 18
7858 2
7880 13
7888 12
7892 5
7922 8
7930 11
7938 3
7940 11
7946 10
7954 6
7956 9
7970 7
7972 4
7976 4
7978 3
7988 11
8000 10
8002 6
8010 11
8020 7
8026 8
8036 8
8042 4
8066 13
8068 3
8072 7
8080 9
8082 5
8090 10
8098 2
8100 11
8104 4
8114 9
8116 7
8136 4
8138 11
8144 6
8146 4
8164 8
8168 5
8180 7
8186 9
8192 2
8194 9
8200 13
8210 12
8212 4
8224 4
8226 9
8228 5
8242 7
8244 3
8258 4
8264 4
8266 2
8276 4
8282 9
8290 10
8296 11
8298 4
8306 7
8314 4
8320 11
8324 3
8330 6
8336 1
8352 3
8354 3
8356 3
8362 11
8388 6
8392 3
8402 8
8410 15
8420 12
8424 1
8434 1
8450 16
8452 2
8458 4
8464 1
8468 6
8480 6
8482 8
8488 5
8500 20
8506 8
8516 6
8522 3
8528 6
8530 6
8546 7
8552 10
8564 5
8570 8
8578 6
8584 10
8586 3
8594 3
8608 2
8612 7
8642 12
8644 6
8650 15
8656 3
8658 7
8660 12
8674 3
8676 6
8692 8
8698 3
8704 3
8712 1
8714 8
8720 7
8722 3
8730 5
8738 5
8744 5
8746 6
8762 9
8768 4
8770 6
8776 6
8784 5
8788 8
8794 4
8810 8
8818 3
8820 3
8836 2
8840 10
8842 2
8852 1
8864 2
8872 3
8874 7
8882 5
8884 3
8900 9
8906 11
8912 5
8914 1
8936 4
8938 5
8948 3
8954 5
8962 7
8978 2
8980 5
8986 5
8992 6
8996 10
9000 6
9010 23
9026 1
9028 3
9032 2
9034 4
9040 2
9050 8
9074 6
9076 3
9090 4
9092 6
9098 3
9104 4
9106 10
9122 3
9124 3
9140 15
9146 5
9160 12
9162 1
9172 3
9178 9
9188 7
9194 5
9216 1
9220 6
9224 4
9232 4
9236 8
9248 8
9250 13
9252 4
9256 6
9266 5
9274 6
9280 9
9290 9
9298 5
9314 2
9316 9
9320 9
9332 8
9344 5
9346 1
9360 9
9364 4
9370 7
9376 2
9378 2
9386 3
9396 3
9410 8
9412 8
9418 4
9428 2
9434 7
9442 1
9448 1
9458 4
9472 4
9488 6
9490 10
9506 1
9508 1
9512 10
9522 2
9524 5
9530 8
9536 6
9540 10
9544 3
9554 5
9556 1
9572 1
9586 1
9594 3
9602 5
9604 2
9608 3
9610 3
9616 7
9620 9
9626 3
9634 4
9640 3
9650 6
9668 4
9680 2
9684 1
9698 2
9700 12
9704 8
9722 3
9736 6
9738 4
9748 1
9754 4
9760 6
9764 1
9770 4
9778 4
9792 3
9800 6
9802 10
9810 9
9818 4
9826 7
9832 1
9850 13
9860 14
9864 3
9866 3
9872 1
9874 2
9882 1
9892 1
9896 2
9908 5
9914 4
9922 5
9928 3
9938 1
9962 6
9970 3
9972 3
9986 1
9992 1
10000 11
10004 5
10016 1
10018 5
10026 4
10034 2
10036 3
10042 3
10048 3
10064 11
10082 1
10084 1
10088 8
10090 3
10100 8
10114 4
10116 3
10130 8
10132 9
10138 3
10144 3
10154 4
10162 1
10170 5
10180 2
10192 3
10196 4
10202 1
10210 8
10216 2
10226 1
10228 2
10240 2
10242 3
10244 4
10250 4
10256 3
10280 1
10282 5
10306 4
10312 2
10322 5
10324 8
10330 3
10368 1
10370 10
10372 4
10378 2
10386 2
10388 2
10394 1
10400 10
10404 6
10408 1
10418 2
10420 5
10426 8
10436 1
10440 5
10466 1
10468 2
10474 1
10484 4
10490 10
10496 3
10498 6
10504 3
10522 4
10530 5
10532 2
10546 2
10548 5
10568 4
10576 3
10580 1
10594 2
10600 10
10610 8
10618 1
10628 1
10634 3
10642 5
10656 4
10658 2
10660 11
10666 1
10674 1
10676 7
10682 1
10690 6
10706 4
10708 3
10728 1
10730 7
10756 4
10760 3
10762 3
10768 5
10772 3
10778 2
10784 2
10786 2
10804 4
10816 1
10818 1
10820 3
10832 4
10834 3
10852 3
10858 9
10874 1
10880 5
10882 4
10888 2
10890 1
10898 2
10900 7
10916 2
10930 6
10946 5
10952 4
10954 1
10960 4
10964 1
10970 4
10980 3
10984 2
10996 5
11002 4
11012 2
11016 1
11024 3
11026 4
11034 3
11042 1
11048 1
11050 12
11074 1
11080 3
11090 11
11106 2
11108 2
11114 4
11138 2
11140 4
11152 7
11156 3
11162 3
11168 1
11170 5
11188 2
11194 3
11204 2
11216 2
11234 4
11236 4
11240 4
11250 4
11252 1
11258 2
11268 1
11272 3
11282 1
11290 3
11300 2
11304 2
11306 2
11314 5
11322 1
11332 2
11336 4
11338 1
11368 5
11378 3
11380 5
11392 3
11402 6
11412 3
11426 3
11428 3
11432 4
11434 1
11444 1
11458 8
11464 5
11466 1
11482 4
11492 5
11498 5
11520 2
11530 6
11538 1
11540 5
11552 2
11554 4
11560 8
11570 10
11584 2
11588 4
11600 6
11602 1
11618 5
11624 4
11626 2
11636 2
11642 1
11650 8
11674 2
11680 1
11698 3
11700 7
11714 2
11716 3
11720 3
11722 2
11728 1
11738 1
11752 4
11754 1
11762 1
11764 7
11794 1
11808 1
11810 6
11826 3
11828 2
11834 2
11840 2
11848 1
11866 1
11876 5
11882 3
11890 13
11898 4
11906 2
11908 3
11920 4
11930 2
11944 2
11956 2
11962 4
11972 1
11978 4
11986 6
11988 2
12002 3
12004 3
12010 3
12020 5
12050 4
12058 5
12074 1
12100 6
12104 2
12112 1
12114 2
12116 4
12132 2
12136 7
12146 3
12148 4
12164 1
12168 1
12170 1
12176 4
12178 3
12186 1
12196 1
12200 7
12202 3
12218 3
12226 2
12240 4
12242 3
12244 1
12250 3
12260 5
12266 2
12274 4
12290 3
12296 5
12304 6
12308 6
12322 3
12330 1
12340 1
12346 2
12356 3
12368 2
12370 6
12392 2
12402 3
12410 7
12424 1
12434 1
12436 2
12442 2
12448 1
12458 3
12484 1
12490 2
12500 4
12506 3
12514 2
12520 3
12532 3
12538 1
12546 3
12548 2
12554 3
12560 1
12580 6
12584 1
12602 1
12608 4
12610 9
12618 1
12634 2
12644 2
12658 3
12674 5
12680 7
12682 5
12688 3
12704 2
12706 2
12724 4
12740 2
12762 3
12770 3
12778 3
12794 2
12800 3
12802 7
12808 1
12816 2
12818 4
12820 3
12832 1
12836 1
12850 4
12868 3
12874 3
12890 5
12904 1
12916 1
12928 2
12932 3
12938 1
12946 1
12970 3
13000 10
13010 2
13012 1
13028 4
13050 3
13058 2
13060 3
13088 5
13096 1
13106 5
13124 2
13130 5
13136 2
13140 2
13154 2
13162 1
13172 3
13194 6
13204 2
13210 4
13226 6
13250 6
13252 3
13264 2
13274 4
13282 2
13284 2
13298 4
13306 3
13316 1
13320 2
13322 2
13346 1
13364 5
13378 1
13394 3
13396 2
13402 3
13410 3
13418 2
13426 1
13428 1
13444 2
13448 4
13450 1
13456 1
13460 3
13466 1
13472 1
13474 3
13480 1
13492 2
13498 3
13514 2
13520 3
13522 2
13540 1
13544 1
13546 4
13556 2
13562 1
13568 2
13572 4
13576 1
13600 8
13610 1
13626 2
13634 1
13652 2
13658 1
13672 3
13682 1
13690 3
13700 3
13730 2
13732 2
13736 1
13738 2
13768 2
13770 4
13778 1
13780 2
13796 1
13810 4
13828 2
13834 1
13842 2
13844 1
13850 3
13856 1
13876 1
13896 1
13906 3
13914 3
13922 2
13940 5
13952 1
13954 1
13960 2
13968 2
13978 2
13988 1
13994 1
14002 2
14020 1
14024 1
14026 2
14032 1
14050 5
14066 2
14068 2
14090 1
14114 2
14116 1
14120 3
14132 1
14138 2
14144 1
14152 4
14162 1
14164 1
14170 6
14180 2
14186 2
14210 1
14216 2
14218 2
14228 1
14240 3
14242 2
14258 2
14274 3
14282 2
14290 3
14292 1
14308 3
14312 1
14314 2
14324 4
14330 1
14346 2
14354 2
14368 2
14372 2
14386 2
14404 3
14416 5
14418 1
14426 1
14436 1
14450 8
14452 1
14464 1
14474 1
14480 5
14482 3
14500 4
14504 1
14506 2
14522 2
14530 6
14544 1
14548 2
14578 1
14600 6
14612 1
14618 1
14624 2
14642 3
14650 2
14656 1
14660 2
14666 1
14690 6
14692 2
14698 2
14708 1
14722 3
14724 2
14746 1
14752 1
14760 4
14762 1
14778 1
14786 1
14788 1
14792 1
14794 3
14800 4
14810 1
14824 1
14842 1
14864 1
14884 3
14888 3
14890 4
14900 2
14906 5
14912 2
14914 4
14920 4
14930 1
14932 1
14948 1
14962 4
14978 2
14992 2
14994 3
15002 2
15016 1
15028 3
15034 3
15056 2
15058 2
15076 1
15080 4
15082 1
15098 1
15122 1
15130 4
15138 2
15154 1
15156 1
15170 3
15172 1
15178 3
15184 1
15210 3
15220 2
15236 2
15242 1
15250 3
15264 1
15266 2
15284 1
15300 2
15332 4
15346 1
15368 3
15370 3
15376 1
15380 2
15386 1
15392 2
15418 3
15424 2
15426 1
15434 1
15460 2
15464 2
15476 1
15488 1
15490 1
15496 1
15530 2
15538 3
15556 2
15560 2
15572 5
15586 1
15592 2
15602 2
15616 1
15650 4
15658 2
15688 2
15700 2
15714 1
15716 1
15730 2
15754 2
15760 4
15776 2
15784 2
15802 1
15826 3
15844 2
15850 4
15860 2
15874 1
15892 1
15912 3
15914 3
15938 2
15940 1
15986 2
16000 1
16010 2
16034 1
16040 2
16042 2
16066 2
16084 2
16090 5
16130 6
16132 3
16138 2
16144 1
16154 1
16160 3
16162 2
16164 2
16178 1
16180 1
16186 1
16196 1
16200 2
16208 2
16210 2
16218 2
16228 1
16234 1
16250 1
16276 2
16288 1
16290 5
16292 2
16298 2
16322 1
16354 1
16362 1
16384 1
16388 1
16400 2
16456 1
16466 1
16484 2
16488 2
16490 3
16516 2
16538 1
16546 1
16564 2
16570 3
16580 1
16586 2
16592 1
16594 1
16596 2
16612 1
16628 1
16640 1
16650 2
16658 3
16666 1
16672 1
16704 1
16712 1
16714 2
16722 1
16724 3
16738 1
16762 2
16784 2
16810 4
16820 1
16840 4
16848 1
16850 2
16900 2
16916 1
16922 1
16936 1
16960 1
16976 1
16978 1
16994 1
17000 3
17002 2
17012 1
17026 2
17044 1
17082 4
17096 1
17104 1
17140 1
17156 1
17162 1
17170 2
17186 1
17210 1
17216 1
17218 2
17266 1
17298 1
17300 2
17306 1
17320 2
17330 1
17354 1
17384 1
17396 1
17426 1
17450 1
17460 1
17482 1
17498 2
17530 1
17540 2
17568 1
17576 5
17586 1
17602 1
17640 2
17650 5
17658 2
17672 1
17680 1
17690 2
17714 1
17722 1
17730 2
17744 1
17748 2
17768 1
17786 1
17800 1
17810 1
17812 2
17834 1
17872 1
17896 1
17924 1
17938 1
17946 2
17960 3
17972 1
17984 1
17992 3
18000 1
18002 1
18020 2
18026 1
18056 1
18098 1
18100 1
18130 1
18154 1
18162 2
18212 1
18218 1
18226 2
18266 1
18314 1
18320 2
18338 1
18346 2
18378 1
18386 1
18394 1
18432 1
18442 1
18450 1
18464 1
18484 1
18496 1
18500 3
18504 1
18530 2
18560 2
18580 1
18596 1
18610 2
18632 1
18640 1
18650 2
18666 1
18720 1
18730 2
18740 2
18754 1
18770 2
18820 2
18826 1
18836 2
18842 1
18850 1
18866 1
18868 2
18884 1
18944 1
18954 2
18994 1
19010 1
19018 1
19024 2
19042 1
19044 1
19048 1
19058 3
19072 2
19106 2
19108 1
19144 1
19154 2
19172 2
19226 1
19258 1
19298 1
19346 1
19368 1
19396 1
19450 1
19476 1
19498 1
19538 2
19540 1
19556 2
19600 1
19616 1
19618 2
19634 2
19636 1
19652 1
19658 1
19664 1
19674 1
19682 1
19720 2
19730 2
19762 1
19786 3
19792 1
19816 1
19828 1
19858 1
19890 4
19892 1
19906 1
19930 1
19970 2
19972 1
20000 2
20002 1
20018 1
20074 2
20122 1
20128 1
20138 1
20162 2
20168 1
20170 1
20176 3
20242 1
20266 1
20276 2
20282 1
20338 1
20340 1
20354 1
20402 1
20410 2
20420 4
20432 1
20434 1
20450 3
20488 1
20500 1
20512 1
20530 1
20546 2
20564 1
20618 2
20642 2
20648 1
20674 1
20690 1
20740 1
20744 1
20800 2
20808 1
20810 1
20842 2
20852 1
20866 1
20880 2
20882 1
20906 1
20938 1
20978 1
20980 2
20992 1
20996 1
21026 1
21034 1
21060 1
21096 1
21170 1
21220 2
21236 1
21250 1
21312 1
21320 2
21352 1
21412 1
21416 1
21418 1
21460 1
21506 1
21562 1
21568 1
21578 1
21608 1
21634 1
21658 1
21668 1
21682 1
21690 1
21716 1
21730 1
21760 1
21860 2
22058 1
22100 1
22144 1
22180 1
22186 1
22210 1
22226 1
22250 2
22282 1
22468 1
22480 1
22514 1
22564 1
22600 5
22608 1
22612 1
22628 1
22634 1
22644 1
22688 1
22730 1
22760 1
22802 1
22826 1
22834 1
22856 2
22900 1
22916 1
22984 2
22994 1
23042 1
23060 1
23098 1
23120 2
23140 1
23162 1
23186 1
23194 1
23204 1
23236 1
23284 1
23290 1
23396 2
23400 1
23410 1
23474 1
23546 2
23618 1
23668 2
23732 1
23780 1
23796 1
23810 1
23816 1
23824 1
23840 1
23912 1
23930 1
23944 1
24020 2
24074 1
24106 1
24154 1
24208 1
24232 1
24250 1
24322 1
24328 1
24370 1
24418 1
24466 2
24498 1
24592 1
24644 2
24660 1
24680 1
24820 1
24868 1
25040 1
25082 1
25210 1
25216 1
25220 2
25226 1
25250 1
25362 1
25448 1
25480 1
25610 1
25700 1
25738 1
25748 1
25826 1
25832 1
26024 1
26090 1
26100 2
26212 1
26344 1
26442 1
26458 1
26500 1
26640 1
26650 1
26792 1
26890 1
26996 1
27010 2
27050 1
27130 1
27250 1
27378 1
27386 1
27460 1
27592 1
27634 1
27666 1
27794 1
27880 1
27898 1
28130 1
28178 1
28514 1
28660 1
28708 1
28898 2
28906 1
29042 1
29090 1
29200 1
29380 1
29650 1
29684 2
29770 1
30290 1
30600 1
30634 1
30760 1
30770 1
30962 1
31204 1
31986 1
32596 1
32770 1
32800 1
34234 1
34866 1
35258 1
35848 1
36658 1
37460 1
38842 1
43210 1
54100 1
