N J h mean_R_sq err_mean_R_sq mean_R_gyr_sq err_mean_R_gyr_sq 
2500 1.285 0 24878.7 600.633 3687.01 74.5013
5 2
9 1
13 4
17 1
25 4
29 4
37 1
41 2
45 2
53 1
61 2
65 6
73 3
81 2
85 4
89 2
97 2
101 3
113 2
117 2
125 5
137 2
145 4
149 2
153 1
157 1
169 3
173 3
181 4
185 5
193 3
197 5
205 3
221 6
225 5
229 1
233 3
241 3
245 2
257 1
261 5
265 8
269 4
277 3
281 2
289 6
293 3
305 10
313 1
317 2
325 12
333 3
337 3
349 4
353 3
361 1
365 7
369 2
373 4
377 8
389 3
397 4
401 3
405 5
409 2
421 2
425 9
433 4
441 1
445 7
449 2
457 4
461 2
477 1
481 3
485 8
493 12
505 7
509 2
521 3
529 1
533 4
545 11
549 2
557 5
565 4
569 4
585 7
593 4
601 1
605 5
613 3
617 2
625 5
629 7
637 4
641 7
653 6
657 5
661 5
673 5
677 6
685 3
689 6
697 7
701 6
709 1
725 7
729 3
733 3
745 11
757 2
761 4
765 4
769 5
773 4
785 8
793 7
797 4
801 1
809 4
821 8
829 5
833 3
841 4
845 10
853 2
857 3
865 4
873 1
877 2
881 4
901 5
905 8
909 3
925 6
929 5
937 6
941 3
949 6
953 4
965 1
977 1
981 5
985 5
997 5
1009 4
1013 3
1017 5
1021 1
1025 7
1033 6
1037 4
1049 4
1053 1
1061 3
1069 2
1073 2
1089 5
1093 2
1097 6
1105 22
1109 1
1117 7
1125 5
1129 3
1145 11
1153 3
1157 5
1165 5
1181 1
1189 8
1193 7
1201 3
1205 9
1213 2
1217 7
1225 4
1229 5
1233 5
1237 4
1241 12
1249 4
1261 4
1277 2
1285 3
1289 1
1297 3
1301 4
1305 7
1313 7
1321 3
1325 12
1341 3
1345 3
1361 5
1369 4
1373 2
1377 6
1381 2
1385 9
1405 12
1409 7
1413 2
1417 7
1421 7
1429 3
1433 4
1445 13
1453 6
1465 5
1469 7
1481 4
1489 8
1493 2
1513 13
1517 7
1521 5
1525 6
1537 8
1549 3
1553 4
1557 4
1565 9
1573 3
1585 8
1597 3
1601 4
1609 3
1613 4
1621 2
1625 8
1629 4
1637 4
1649 3
1657 8
1665 7
1669 4
1681 6
1685 11
1693 4
1697 10
1709 4
1717 11
1721 4
1733 3
1737 3
1741 8
1745 10
1753 4
1765 10
1769 6
1773 3
1777 6
1781 8
1789 3
1801 9
1805 9
1813 3
1825 6
1845 8
1849 2
1853 6
1861 2
1865 4
1873 7
1877 2
1885 14
1889 5
1901 5
1913 6
1921 11
1933 2
1937 13
1945 9
1949 3
1961 7
1973 5
1985 6
1989 5
1993 4
1997 7
2005 11
2009 5
2017 3
2025 4
2029 4
2041 9
2045 5
2053 4
2057 3
2061 4
2069 8
2081 1
2089 5
2097 6
2105 6
2113 5
2117 6
2125 18
2129 2
2137 4
2141 3
2153 4
2161 2
2165 8
2169 3
2173 9
2197 10
2205 3
2209 2
2213 3
2221 3
2225 7
2237 3
2245 11
2249 10
2257 6
2269 2
2273 5
2281 3
2285 4
2293 3
2297 2
2305 11
2309 4
2313 5
2329 8
2333 4
2341 2
2349 3
2353 13
2357 3
2377 3
2381 5
2385 10
2389 5
2393 5
2401 5
2405 13
2417 3
2421 4
2425 10
2437 3
2441 5
2465 17
2473 8
2477 3
2493 6
2501 5
2509 6
2521 3
2525 8
2529 2
2533 4
2545 12
2549 6
2557 2
2561 9
2581 5
2593 6
2597 1
2601 11
2605 12
2609 5
2617 4
2621 2
2633 2
2637 1
2645 2
2657 4
2665 15
2669 10
2677 1
2689 2
2693 4
2701 12
2705 4
2713 5
2725 14
2729 3
2741 5
2745 8
2749 6
2753 1
2777 3
2785 13
2789 5
2797 2
2801 1
2809 10
2813 6
2817 6
2825 10
2833 8
2837 3
2845 5
2853 3
2857 2
2861 1
2873 12
2885 6
2897 5
2909 3
2917 2
2925 14
2929 7
2941 17
2953 5
2957 2
2965 8
2969 3
2977 10
2989 3
2993 5
2997 5
3001 5
3005 10
3025 3
3029 6
3033 5
3041 6
3049 3
3061 6
3065 9
3077 7
3085 7
3089 2
3109 5
3121 5
3125 12
3133 8
3137 4
3141 4
3145 8
3161 4
3177 3
3181 3
3185 3
3205 5
3209 5
3217 4
3221 5
3229 2
3233 12
3249 4
3253 3
3257 6
3265 11
3277 9
3281 6
3285 11
3293 8
3301 2
3305 8
3313 1
3321 6
3329 5
3341 4
3349 9
3357 6
3361 5
3365 7
3373 4
3385 8
3389 3
3393 7
3413 5
3425 10
3433 2
3445 17
3449 9
3457 2
3461 7
3469 6
3481 1
3485 17
3497 7
3501 6
3505 6
3509 7
3517 3
3529 3
3533 5
3541 7
3545 8
3557 1
3573 2
3577 4
3581 3
3589 10
3593 2
3601 7
3609 4
3617 2
3625 17
3637 5
3645 4
3649 9
3653 7
3665 10
3673 5
3677 3
3681 5
3697 2
3701 3
3709 3
3721 7
3725 11
3733 6
3737 8
3757 11
3761 3
3769 6
3785 5
3789 3
3793 7
3797 6
3805 9
3809 10
3821 4
3825 13
3833 1
3845 8
3853 4
3865 8
3869 9
3877 4
3881 4
3889 3
3893 7
3897 5
3917 5
3925 10
3929 3
3961 10
3965 14
3969 1
3973 5
3977 11
3985 14
3989 5
4001 4
4005 5
4013 5
4021 2
4033 10
4041 3
4045 9
4049 2
4057 1
4069 11
4073 2
4093 2
4097 6
4105 7
4113 2
4121 11
4129 2
4133 2
4141 8
4145 7
4149 5
4153 4
4157 3
4165 6
4177 6
4181 8
4201 7
4205 14
4217 1
4225 14
4229 2
4241 2
4253 5
4261 6
4265 7
4273 3
4285 12
4289 4
4293 2
4297 4
4321 12
4325 13
4329 10
4337 7
4349 5
4357 4
4361 4
4365 11
4369 12
4373 7
4381 3
4385 10
4397 2
4405 9
4421 1
4437 11
4441 5
4453 10
4457 9
4469 6
4477 1
4481 2
4489 2
4493 5
4505 17
4513 3
4517 5
4525 8
4537 8
4545 4
4549 1
4553 6
4561 4
4573 5
4581 4
4589 8
4597 1
4621 1
4625 14
4633 6
4637 3
4645 10
4649 4
4657 4
4673 3
4685 10
4689 3
4693 5
4705 9
4709 6
4717 10
4721 2
4729 3
4733 4
4745 12
4753 8
4761 5
4765 8
4777 9
4789 3
4793 7
4797 10
4801 6
4805 5
4813 7
4817 7
4825 13
4849 5
4861 4
4869 3
4877 3
4885 11
4889 1
4901 11
4905 8
4909 7
4913 6
4925 10
4933 2
4937 2
4941 5
4949 2
4957 5
4961 3
4969 1
4973 3
4981 7
4985 6
4993 3
5009 8
5013 7
5017 10
5021 4
5041 4
5045 12
5057 6
5065 6
5069 9
5077 8
5081 3
5085 10
5101 1
5105 8
5113 6
5121 1
5125 15
5141 10
5153 9
5161 11
5165 5
5185 11
5189 9
5193 5
5197 3
5209 3
5213 5
5233 3
5237 2
5245 7
5249 10
5261 1
5265 12
5273 3
5281 11
5297 4
5305 15
5309 6
5317 11
5321 4
5329 2
5333 8
5337 1
5341 3
5345 10
5353 2
5365 8
5381 3
5389 6
5409 1
5413 5
5417 4
5429 9
5437 4
5441 8
5445 5
5449 3
5465 12
5473 9
5477 3
5485 11
5501 7
5513 10
5517 7
5521 6
5525 23
5537 5
5545 4
5553 1
5557 6
5569 3
5573 5
5581 1
5585 7
5597 7
5617 9
5625 5
5629 10
5641 5
5645 9
5653 4
5661 12
5669 8
5689 4
5693 2
5701 5
5713 9
5717 1
5725 24
5729 6
5733 8
5737 1
5741 5
5749 4
5765 4
5769 4
5777 8
5785 18
5801 8
5809 8
5813 3
5821 3
5825 12
5837 11
5849 2
5857 5
5861 2
5869 3
5877 5
5881 2
5897 2
5905 11
5913 6
5917 7
5929 5
5933 10
5941 7
5945 24
5949 2
5953 3
5965 11
5981 5
5989 5
5993 9
6001 9
6005 10
6025 12
6029 5
6037 4
6057 3
6065 9
6073 3
6085 4
6089 3
6093 2
6101 5
6109 8
6113 4
6121 3
6125 12
6133 7
6137 6
6145 5
6161 4
6165 9
6173 2
6185 7
6197 7
6201 10
6205 18
6217 4
6221 3
6229 3
6245 5
6253 15
6257 3
6269 3
6273 5
6277 5
6301 6
6305 18
6309 2
6317 6
6329 3
6337 4
6341 9
6353 3
6361 2
6373 7
6381 3
6385 8
6389 2
6397 7
6401 5
6409 19
6413 5
6421 4
6425 12
6437 11
6445 9
6449 4
6469 4
6473 5
6481 4
6485 9
6497 9
6505 7
6521 3
6525 13
6529 5
6553 6
6561 1
6565 16
6569 1
6577 4
6581 3
6605 10
6613 2
6617 4
6625 14
6637 7
6641 9
6649 10
6653 2
6661 1
6673 4
6689 3
6697 10
6701 6
6705 13
6709 5
6713 6
6725 20
6733 6
6737 4
6749 10
6757 6
6761 2
6773 9
6781 4
6793 4
6805 5
6813 2
6817 9
6829 4
6833 5
6841 6
6845 19
6849 5
6857 7
6865 6
6869 2
6877 3
6885 11
6889 1
6893 5
6905 14
6917 1
6921 3
6925 12
6929 8
6949 6
6953 13
6957 3
6961 7
6977 6
6989 7
6997 3
7001 7
7013 4
7025 14
7033 7
7045 7
7057 5
7065 7
7069 5
7081 8
7085 11
7093 13
7105 8
7109 1
7121 4
7129 2
7137 5
7141 9
7145 5
7157 8
7165 10
7173 4
7177 2
7193 6
7209 1
7213 7
7225 22
7229 1
7237 3
7241 11
7253 5
7261 11
7265 14
7281 3
7289 5
7297 3
7301 5
7309 6
7321 7
7325 14
7333 5
7345 18
7349 6
7361 4
7369 2
7373 6
7381 4
7389 1
7393 6
7397 9
7405 4
7417 6
7421 7
7433 7
7445 11
7453 7
7457 4
7461 6
7465 10
7477 3
7481 5
7489 3
7497 2
7501 16
7517 3
7529 3
7537 2
7541 6
7549 7
7561 5
7565 19
7569 9
7573 2
7577 5
7585 20
7589 4
7605 9
7621 2
7625 21
7633 6
7649 6
7673 7
7677 10
7681 2
7685 18
7693 1
7709 8
7713 6
7717 1
7741 3
7745 7
7753 3
7757 4
7765 8
7769 8
7785 12
7789 6
7793 1
7801 6
7813 11
7817 3
7825 13
7829 3
7837 8
7841 4
7853 3
7857 4
7865 5
7873 3
7877 6
7893 2
7897 17
7901 1
7913 6
7921 7
7925 11
7929 6
7933 2
7937 5
7949 4
7957 8
7969 7
7985 11
7993 6
8005 6
8009 4
8017 3
8021 9
8033 10
8045 7
8053 4
8065 8
8069 6
8077 7
8081 3
8089 4
8093 2
8101 7
8105 11
8109 8
8117 5
8125 26
8145 7
8149 12
8161 8
8177 13
8181 8
8185 7
8209 4
8221 4
8233 3
8237 3
8245 16
8249 9
8269 7
8273 5
8281 6
8285 7
8293 3
8297 1
8317 1
8321 12
8325 11
8329 9
8333 8
8345 8
8357 12
8361 4
8369 5
8377 6
8381 21
8389 3
8405 8
8425 16
8429 5
8433 5
8461 6
8465 10
8469 4
8473 10
8477 2
8485 4
8489 5
8497 6
8501 4
8513 3
8521 4
8537 7
8545 6
8573 2
8577 10
8581 2
8585 19
8593 11
8597 1
8605 8
8609 4
8621 9
8629 2
8633 5
8641 5
8649 4
8653 10
8665 6
8669 6
8677 3
8681 11
8685 7
8689 1
8693 4
8705 7
8713 2
8725 7
8737 3
8741 2
8749 7
8753 7
8761 1
8765 11
8793 5
8801 9
8821 2
8825 16
8829 1
8833 4
8837 5
8845 16
8849 2
8857 9
8861 4
8865 7
8869 3
8885 8
8893 1
8905 12
8917 6
8929 3
8933 4
8941 3
8945 12
8957 15
8969 6
8973 3
8989 6
8993 6
9001 5
9005 5
9013 4
9025 5
9029 6
9041 5
9049 5
9061 21
9065 6
9077 4
9081 5
9089 17
9109 4
9113 6
9117 7
9125 10
9133 5
9137 6
9153 3
9157 4
9161 4
9169 6
9173 6
9181 2
9189 5
9193 11
9197 3
9209 3
9217 7
9221 5
9225 11
9241 6
9245 2
9265 19
9277 3
9281 7
9293 3
9297 3
9305 6
9325 11
9333 8
9337 4
9341 6
9349 4
9365 13
9377 4
9385 4
9389 12
9397 4
9409 2
9413 5
9421 4
9425 26
9433 7
9437 2
9441 2
9445 10
9461 10
9469 10
9477 3
9497 4
9505 17
9509 11
9521 4
9529 4
9533 4
9549 4
9553 11
9565 10
9577 6
9593 12
9601 7
9605 17
9613 6
9621 2
9629 1
9649 1
9653 1
9657 9
9661 6
9665 8
9673 7
9677 1
9685 19
9689 7
9697 2
9701 8
9721 3
9725 10
9733 3
9745 4
9749 4
9769 3
9773 18
9781 4
9797 5
9801 2
9805 16
9809 8
9817 7
9829 4
9833 4
9837 8
9841 7
9857 2
9865 7
9873 3
9881 5
9893 10
9901 8
9925 10
9929 8
9941 1
9945 12
9949 4
9953 12
9965 1
9973 3
9981 6
9985 10
9997 10
10001 6
10009 4
10025 13
10037 7
10045 13
10049 9
10053 4
10057 9
10061 2
10069 2
10081 11
10085 8
10093 1
10121 8
10125 6
10133 5
10141 2
10145 10
10161 4
10169 6
10177 1
10181 1
10193 3
10201 5
10205 17
10217 6
10225 7
10229 6
10237 10
10249 7
10253 1
10265 6
10273 6
10285 7
10289 5
10301 7
10305 9
10309 12
10313 2
10321 2
10333 5
10337 1
10345 4
10357 1
10361 11
10369 8
10377 1
10397 8
10405 6
10413 2
10421 6
10429 6
10433 4
10441 11
10445 6
10453 5
10457 4
10469 5
10477 9
10485 9
10489 13
10501 5
10513 5
10517 9
10525 7
10529 3
10537 8
10553 11
10565 14
10573 9
10585 13
10589 4
10597 6
10601 2
10609 1
10613 3
10625 17
10629 3
10645 6
10657 6
10673 12
10685 9
10693 23
10701 5
10705 10
10709 3
10729 9
10733 2
10737 1
10753 2
10765 6
10769 7
10777 7
10781 7
10789 5
10805 13
10809 3
10817 9
10825 18
10829 4
10837 3
10841 11
10845 5
10853 3
10861 8
10865 17
10877 6
10889 3
10897 8
10909 2
10917 4
10933 10
10937 4
10949 3
10953 4
10957 7
10961 8
10973 7
10985 18
10993 6
11009 6
11025 8
11029 6
11041 10
11045 6
11057 4
11061 8
11065 13
11069 5
11089 7
11093 6
11097 5
11101 8
11105 8
11113 4
11117 1
11125 12
11133 8
11141 3
11149 3
11161 2
11169 10
11173 3
11177 3
11185 11
11197 6
11213 6
11221 3
11225 13
11237 9
11241 4
11245 12
11257 3
11261 5
11273 2
11281 6
11285 15
11317 2
11321 1
11329 2
11345 10
11349 13
11353 5
11357 5
11365 6
11369 3
11393 2
11401 10
11405 12
11413 8
11417 4
11425 18
11437 2
11441 18
11449 2
11453 5
11461 5
11465 6
11485 8
11489 4
11493 3
11497 2
11509 9
11513 6
11521 9
11525 14
11545 13
11549 2
11565 7
11581 7
11593 3
11597 2
11601 4
11617 6
11621 4
11629 2
11633 3
11645 16
11657 2
11665 6
11673 3
11677 4
11681 1
11689 4
11701 5
11705 7
11709 6
11713 15
11717 4
11729 7
11737 4
11745 7
11765 14
11773 8
11777 4
11785 13
11789 2
11801 2
11809 3
11813 6
11817 7
11821 2
11833 3
11849 11
11861 4
11881 4
11885 7
11889 5
11897 4
11905 9
11909 1
11917 10
11925 11
11933 4
11941 3
11945 16
11953 7
11965 12
11969 2
12005 8
12013 8
12017 8
12025 22
12037 5
12041 5
12049 4
12053 9
12069 1
12073 3
12077 14
12085 12
12097 4
12101 4
12105 11
12109 3
12113 3
12125 11
12137 6
12149 3
12157 5
12161 3
12181 11
12185 7
12193 10
12197 3
12205 13
12209 10
12221 2
12233 10
12241 3
12249 5
12253 6
12269 3
12277 2
12281 3
12289 3
12301 2
12317 5
12321 10
12325 28
12329 2
12337 8
12349 8
12357 6
12365 10
12373 4
12377 6
12385 14
12389 7
12393 4
12401 3
12409 2
12413 6
12429 4
12433 3
12437 3
12457 1
12461 8
12465 3
12469 6
12473 1
12497 2
12505 16
12517 5
12541 4
12545 15
12553 5
12557 5
12569 6
12577 8
12589 4
12593 4
12601 7
12605 5
12613 3
12625 17
12629 21
12637 3
12641 1
12645 5
12653 1
12665 13
12681 6
12689 5
12697 5
12701 12
12713 5
12717 3
12721 5
12725 7
12745 7
12753 5
12757 4
12769 3
12773 12
12781 2
12785 6
12789 2
12805 17
12821 3
12829 7
12833 3
12841 3
12853 4
12861 5
12869 11
12889 3
12893 3
12897 7
12905 16
12913 8
12917 2
12937 8
12941 4
12953 2
12961 4
12965 8
12973 3
12985 4
12997 6
13001 6
13005 13
13009 5
13021 6
13025 8
13033 2
13037 5
13045 5
13049 4
13061 4
13073 14
13077 1
13085 10
13093 4
13105 9
13109 7
13117 12
13121 1
13141 4
13165 7
13169 11
13177 3
13181 4
13185 8
13189 9
13213 11
13217 4
13221 10
13225 3
13229 4
13241 1
13249 1
13253 14
13261 8
13273 8
13285 6
13289 10
13297 2
13309 6
13313 3
13325 13
13329 8
13337 2
13345 14
13357 4
13369 5
13381 6
13385 3
13397 2
13401 2
13417 2
13421 7
13429 8
13437 7
13441 4
13445 5
13457 3
13465 11
13469 5
13481 21
13505 16
13525 6
13537 6
13549 7
13553 6
13565 7
13573 2
13577 6
13597 1
13613 8
13617 10
13621 9
13625 17
13633 2
13637 6
13645 8
13649 9
13653 7
13669 5
13673 3
13681 5
13689 7
13693 4
13697 5
13705 10
13709 5
13721 4
13725 14
13729 5
13745 4
13753 8
13757 2
13765 8
13769 8
13781 5
13789 3
13793 5
13801 9
13817 7
13829 5
13833 8
13837 7
13841 6
13873 1
13877 4
13885 11
13897 13
13901 2
13913 5
13921 5
13925 6
13933 6
13941 4
13945 10
13949 18
13957 10
13969 9
13973 16
13977 2
13985 7
13997 3
14005 7
14009 5
14013 6
14029 4
14033 7
14045 12
14057 6
14065 16
14081 3
14085 11
14089 9
14093 10
14125 10
14149 3
14153 6
14157 3
14161 4
14165 5
14173 2
14177 2
14185 9
14197 3
14209 8
14213 14
14221 3
14225 13
14249 5
14257 11
14261 3
14265 6
14281 4
14285 6
14293 3
14297 12
14305 9
14309 13
14321 2
14341 5
14357 6
14365 32
14369 2
14373 7
14381 10
14389 5
14393 11
14401 3
14409 6
14417 10
14425 13
14437 5
14449 4
14453 6
14461 3
14473 13
14481 6
14485 9
14489 2
14501 13
14517 4
14521 10
14533 4
14537 6
14545 5
14549 2
14557 1
14561 1
14569 6
14585 5
14589 3
14593 1
14621 6
14625 18
14629 3
14633 4
14641 2
14645 16
14653 2
14657 2
14661 4
14669 2
14677 11
14681 5
14689 6
14701 8
14705 26
14713 4
14717 2
14737 4
14741 7
14753 5
14761 7
14765 7
14785 7
14797 5
14801 5
14813 1
14821 2
14825 17
14837 6
14841 7
14845 6
14869 3
14885 12
14893 6
14897 9
14909 6
14913 5
14929 7
14933 8
14945 13
14957 2
14965 13
14969 5
14977 7
14985 6
14989 7
15005 10
15013 6
15017 2
15021 3
15025 8
15041 17
15049 15
15053 4
15061 3
15073 3
15077 3
15101 3
15109 9
15121 2
15125 5
15129 5
15133 8
15137 3
15145 13
15149 3
15161 4
15165 9
15173 1
15185 9
15193 8
15205 13
15217 4
15229 10
15237 1
15241 4
15245 5
15269 6
15273 3
15277 6
15289 2
15293 8
15305 10
15313 6
15317 11
15325 9
15329 1
15337 4
15341 2
15353 9
15361 1
15373 6
15377 1
15385 15
15397 9
15401 5
15413 6
15425 7
15445 7
15453 4
15457 14
15461 4
15473 4
15481 7
15489 4
15493 4
15497 6
15509 7
15529 8
15533 1
15541 2
15545 11
15569 6
15577 7
15581 5
15597 4
15601 2
15605 9
15613 7
15625 14
15629 5
15633 4
15641 5
15649 5
15661 4
15665 16
15669 4
15677 8
15685 7
15689 5
15705 4
15725 23
15733 6
15737 8
15749 4
15761 3
15769 5
15773 2
15777 4
15793 10
15797 9
15805 17
15809 5
15817 4
15821 12
15845 6
15857 7
15877 5
15881 6
15885 2
15889 3
15901 2
15905 10
15913 6
15921 7
15925 7
15929 6
15937 4
15949 9
15957 2
15973 1
15977 5
15993 3
15997 6
16001 3
16021 7
16025 14
16029 4
16033 5
16045 7
16057 5
16061 3
16069 3
16073 2
16081 9
16085 8
16097 2
16101 4
16105 10
16109 7
16129 2
16133 16
16141 6
16145 12
16153 2
16165 13
16189 5
16193 4
16201 8
16209 5
16217 5
16229 4
16237 10
16241 10
16245 5
16249 2
16253 2
16265 8
16273 2
16277 6
16285 7
16301 4
16317 4
16325 13
16333 3
16337 6
16349 1
16361 7
16369 3
16381 3
16385 16
16393 8
16405 15
16409 11
16417 4
16421 4
16425 11
16433 1
16441 7
16453 5
16465 16
16477 5
16481 1
16493 5
16501 6
16505 9
16513 7
16525 8
16529 5
16553 2
16561 4
16565 7
16573 1
16577 3
16589 10
16601 9
16605 7
16609 7
16613 6
16633 6
16641 2
16645 5
16649 2
16657 4
16673 1
16677 4
16693 3
16705 14
16717 8
16729 5
16733 7
16741 5
16745 18
16749 4
16757 12
16769 6
16781 10
16785 7
16801 9
16805 7
16825 7
16829 5
16837 8
16857 4
16861 6
16865 11
16889 5
16893 2
16897 9
16901 6
16909 4
16913 8
16921 6
16925 10
16937 3
16945 7
16949 7
16965 15
16981 5
16993 3
17001 2
17009 4
17021 3
17029 4
17033 3
17041 6
17053 2
17057 7
17065 5
17069 8
17077 1
17093 5
17101 2
17109 2
17113 8
17117 6
17125 10
17137 1
17141 9
17153 13
17161 1
17165 8
17173 9
17177 10
17189 3
17197 7
17209 1
17217 4
17221 7
17225 23
17245 9
17257 8
17261 7
17285 8
17289 10
17293 3
17297 1
17305 6
17321 5
17333 3
17341 2
17345 7
17357 10
17377 3
17389 5
17393 4
17397 2
17401 3
17405 4
17417 4
17425 26
17429 10
17433 5
17449 2
17473 9
17477 3
17485 16
17489 2
17497 2
17505 6
17509 1
17525 6
17533 7
17541 6
17545 10
17557 8
17561 7
17569 3
17573 6
17581 3
17585 5
17593 6
17597 9
17609 4
17629 15
17645 9
17649 6
17657 6
17665 8
17669 8
17681 3
17689 1
17693 2
17705 8
17713 3
17725 7
17729 4
17741 3
17749 3
17753 7
17761 2
17777 3
17785 12
17789 3
17797 10
17833 9
17837 5
17849 8
17861 3
17865 6
17873 7
17881 3
17885 5
17893 5
17901 5
17905 9
17909 1
17921 1
17929 8
17937 5
17945 16
17953 4
17957 3
17965 9
17973 5
17977 5
17981 2
17989 5
18005 14
18013 4
18029 5
18037 8
18041 1
18045 9
18049 3
18061 3
18065 11
18077 2
18081 4
18085 3
18097 5
18121 4
18125 13
18133 1
18149 2
18153 4
18169 2
18173 5
18181 2
18185 4
18217 3
18225 5
18229 4
18233 3
18241 12
18245 16
18253 3
18257 4
18261 3
18265 9
18269 3
18277 3
18281 6
18289 4
18301 9
18313 2
18317 7
18325 14
18329 4
18341 2
18353 4
18365 5
18369 7
18385 2
18401 6
18405 4
18409 10
18413 2
18421 11
18433 11
18457 3
18461 5
18473 4
18477 2
18481 3
18485 6
18493 2
18497 5
18505 9
18513 3
18517 5
18521 4
18541 6
18545 4
18549 4
18553 6
18577 3
18581 12
18589 9
18593 1
18605 11
18617 5
18621 3
18625 10
18629 9
18637 2
18649 5
18661 2
18665 9
18685 28
18701 11
18709 4
18713 1
18721 5
18729 1
18737 5
18749 6
18757 2
18761 8
18769 7
18773 2
18785 21
18793 5
18797 6
18801 4
18805 10
18833 12
18845 5
18853 7
18857 3
18869 4
18873 3
18889 8
18901 8
18913 2
18917 6
18925 7
18937 8
18945 5
18965 10
18973 4
18985 5
18989 7
18997 3
19001 2
19009 2
19013 3
19017 5
19025 8
19037 5
19045 10
19053 6
19061 9
19069 7
19073 3
19081 3
19093 9
19097 8
19105 7
19109 13
19121 5
19125 15
19133 2
19141 2
19157 3
19161 3
19165 5
19169 7
19181 4
19193 8
19213 2
19225 12
19233 3
19237 2
19249 4
19253 3
19265 9
19269 4
19273 4
19277 2
19289 2
19301 2
19309 4
19321 2
19325 5
19333 5
19337 4
19345 15
19357 13
19373 6
19377 4
19385 2
19405 6
19409 8
19417 2
19421 2
19429 4
19433 3
19441 1
19445 8
19449 10
19453 3
19457 6
19465 12
19469 4
19477 4
19485 6
19489 8
19493 7
19501 7
19517 4
19521 2
19541 3
19549 6
19553 3
19557 12
19573 2
19577 2
19585 4
19597 5
19601 7
19609 3
19625 10
19633 2
19637 9
19645 10
19649 5
19661 5
19669 17
19681 4
19697 4
19709 3
19717 2
19721 8
19729 5
19753 3
19769 6
19773 1
19777 1
19793 3
19801 3
19805 10
19813 4
19825 22
19841 6
19845 2
19853 3
19861 7
19865 13
19885 11
19889 5
19897 8
19913 3
19917 1
19925 12
19937 7
19945 10
19949 3
19961 9
19973 4
19981 14
19989 7
19993 4
19997 6
20005 10
20017 5
20021 2
20025 21
20029 7
20041 5
20065 10
20077 5
20101 2
20105 12
20113 5
20117 1
20129 3
20133 4
20137 6
20149 4
20161 8
20165 12
20173 4
20177 4
20189 9
20201 2
20205 8
20213 13
20221 8
20225 7
20233 5
20241 6
20245 5
20249 2
20261 1
20269 2
20281 3
20285 4
20297 1
20313 5
20329 5
20333 2
20341 2
20345 12
20353 3
20357 4
20365 7
20369 5
20381 8
20389 1
20393 3
20413 12
20417 11
20421 4
20441 1
20449 6
20453 6
20457 4
20465 5
20477 2
20485 14
20509 5
20513 6
20521 3
20525 6
20529 2
20533 1
20549 3
20557 5
20561 4
20565 3
20593 6
20605 18
20609 8
20617 7
20621 4
20629 6
20637 4
20641 4
20645 7
20665 5
20673 4
20681 2
20689 6
20693 2
20705 15
20717 4
20725 11
20737 5
20745 5
20749 4
20753 4
20761 7
20765 5
20773 3
20781 2
20785 5
20789 4
20809 4
20813 8
20817 5
20825 8
20849 1
20857 3
20869 7
20873 7
20885 9
20893 7
20905 12
20917 9
20921 2
20929 5
20933 1
20961 4
20969 11
20981 3
20997 3
21001 4
21005 6
21013 1
21017 4
21025 19
21029 7
21037 5
21041 9
21053 2
21061 2
21069 3
21073 8
21085 4
21089 5
21097 7
21101 2
21121 3
21125 20
21141 2
21145 5
21149 4
21157 5
21169 5
21177 5
21193 3
21205 10
21213 1
21217 3
21221 2
21233 6
21253 6
21257 2
21265 3
21277 6
21281 5
21289 7
21305 8
21313 4
21317 4
21325 12
21341 4
21349 11
21361 9
21365 9
21377 6
21389 5
21393 2
21397 3
21401 1
21425 2
21429 4
21433 1
21437 12
21445 9
21449 2
21465 7
21473 10
21481 5
21485 6
21493 1
21501 3
21509 10
21517 3
21521 1
21529 1
21533 9
21537 3
21541 6
21557 2
21577 2
21601 4
21605 16
21609 3
21613 3
21617 5
21625 14
21645 22
21649 1
21661 2
21673 4
21677 9
21685 6
21697 9
21701 1
21709 7
21713 1
21745 8
21753 2
21757 3
21785 9
21789 7
21805 6
21809 3
21817 3
21825 10
21841 7
21845 7
21853 14
21865 9
21881 2
21893 3
21901 2
21905 15
21913 7
21925 11
21929 2
21933 3
21937 1
21941 12
21953 4
21961 2
21969 4
21977 3
21985 4
21997 2
22001 4
22009 5
22013 2
22021 4
22025 8
22037 2
22045 2
22049 10
22061 6
22069 5
22073 4
22093 2
22105 8
22109 2
22117 8
22129 2
22133 3
22157 5
22181 5
22185 13
22189 6
22193 4
22201 6
22205 1
22213 5
22217 5
22229 3
22237 3
22257 7
22261 7
22265 16
22273 4
22277 3
22285 9
22293 1
22301 8
22313 4
22321 14
22345 12
22349 2
22369 5
22373 4
22381 6
22385 8
22393 3
22397 1
22405 7
22409 4
22417 6
22433 6
22437 3
22441 4
22445 3
22453 1
22457 5
22465 6
22469 8
22481 2
22501 1
22509 12
22525 17
22529 2
22541 3
22549 6
22565 8
22573 5
22581 9
22585 7
22589 7
22601 8
22613 4
22625 7
22633 3
22637 5
22669 3
22681 3
22685 13
22689 3
22697 4
22717 3
22721 1
22725 14
22741 4
22745 2
22753 7
22761 10
22765 16
22769 6
22777 1
22789 5
22797 10
22801 5
22805 5
22817 4
22829 7
22837 5
22849 2
22853 2
22861 3
22865 8
22873 8
22901 4
22905 5
22921 1
22937 5
22941 3
22945 7
22949 7
22961 3
22973 2
22985 6
22993 1
22997 12
23013 6
23017 1
23021 6
23029 4
23041 2
23049 3
23053 1
23057 2
23081 3
23101 4
23105 7
23113 10
23117 2
23125 14
23129 9
23137 3
23141 5
23153 9
23165 6
23173 4
23185 9
23189 3
23197 4
23209 4
23225 12
23229 3
23245 6
23257 3
23269 2
23273 7
23285 7
23293 2
23297 4
23321 6
23329 10
23333 4
23337 4
23341 10
23353 4
23357 2
23365 4
23369 4
23373 5
23377 3
23393 5
23409 6
23413 4
23417 4
23425 10
23445 8
23461 9
23465 3
23473 4
23477 8
23481 2
23497 2
23509 10
23525 12
23533 8
23537 2
23545 9
23549 3
23553 3
23557 7
23561 4
23569 6
23581 2
23585 15
23589 4
23605 10
23609 2
23629 1
23645 4
23657 6
23665 5
23669 2
23677 2
23689 1
23697 4
23701 7
23717 8
23725 25
23729 7
23733 3
23741 2
23753 3
23761 2
23765 8
23773 2
23789 2
23797 5
23801 4
23805 2
23809 9
23813 4
23825 10
23833 1
23857 1
23869 5
23873 3
23885 12
23893 1
23909 4
23913 3
23929 1
23941 9
23945 3
23953 3
23957 2
23965 4
23977 3
23985 14
23993 7
24001 3
24005 6
24021 5
24025 7
24029 3
24037 6
24041 2
24049 4
24061 2
24065 5
24077 3
24085 14
24089 7
24093 2
24097 1
24109 4
24113 2
24121 3
24125 13
24133 3
24137 4
24157 9
24161 5
24169 4
24181 4
24193 5
24197 3
24201 2
24217 9
24221 5
24229 4
24237 2
24245 12
24281 4
24293 8
24305 8
24309 6
24313 7
24317 6
24329 2
24341 5
24345 5
24349 4
24361 8
24373 8
24385 10
24389 4
24401 3
24413 4
24417 1
24421 4
24425 9
24433 6
24445 5
24457 7
24461 3
24469 2
24473 1
24481 4
24505 20
24509 1
24517 2
24525 6
24533 2
24545 6
24557 8
24561 6
24565 13
24593 6
24601 7
24625 12
24641 3
24649 2
24653 3
24665 4
24669 3
24685 10
24697 5
24701 5
24705 5
24709 3
24713 6
24733 4
24737 4
24741 1
24745 7
24749 1
24777 1
24781 2
24785 5
24793 2
24797 8
24805 5
24809 1
24821 5
24845 5
24853 3
24865 11
24869 4
24877 2
24889 3
24901 4
24905 16
24917 1
24925 8
24929 8
24941 6
24949 3
24953 1
24961 9
24965 8
24973 18
24977 3
24989 3
24993 4
25009 2
25013 4
25033 2
25037 4
25045 7
25049 6
25057 1
25065 10
25073 5
25085 10
25097 2
25101 5
25105 3
25117 2
25121 4
25129 5
25133 7
25153 2
25169 3
25173 5
25177 7
25181 8
25189 3
25205 2
25209 4
25225 6
25229 3
25237 4
25253 5
25261 3
25281 5
25285 11
25297 6
25301 3
25309 2
25313 8
25317 8
25321 1
25325 12
25337 12
25345 13
25349 2
25353 3
25357 1
25373 3
25381 7
25385 8
25397 11
25405 7
25409 4
25425 11
25433 8
25453 2
25457 1
25469 3
25477 9
25493 10
25505 9
25525 8
25529 2
25533 1
25537 3
25541 7
25549 7
25561 3
25565 4
25577 1
25601 7
25605 11
25609 2
25621 2
25625 8
25633 5
25649 2
25657 1
25673 3
25677 2
25681 8
25693 1
25705 9
25713 3
25717 1
25721 12
25733 3
25741 4
25749 3
25765 9
25769 6
25777 7
25789 14
25793 4
25801 1
25805 11
25825 8
25841 5
25849 2
25857 9
25873 3
25877 7
25889 5
25909 4
25913 5
25921 3
25925 22
25933 3
25937 7
25945 8
25957 5
25961 4
25965 4
25969 2
25981 4
25985 4
25997 6
26017 4
26041 3
26045 5
26053 2
26065 15
26073 3
26077 3
26093 5
26113 9
26117 8
26129 18
26141 1
26153 7
26161 2
26165 2
26177 5
26181 4
26185 6
26189 3
26209 5
26221 5
26225 12
26233 2
26237 5
26245 14
26249 1
26253 3
26269 5
26281 5
26293 5
26297 4
26305 11
26309 1
26321 3
26325 4
26329 6
26333 12
26353 2
26357 6
26361 4
26365 2
26377 7
26393 1
26401 5
26405 9
26413 5
26417 3
26437 4
26441 7
26449 7
26469 5
26485 5
26489 4
26497 2
26501 3
26509 4
26513 3
26525 7
26533 9
26545 6
26557 4
26561 3
26569 1
26573 1
26577 1
26585 11
26597 2
26605 11
26633 3
26641 1
26645 11
26665 6
26669 1
26681 4
26685 2
26689 4
26693 3
26701 1
26705 5
26713 3
26717 5
26721 1
26725 10
26729 2
26737 6
26741 7
26765 9
26773 6
26777 2
26793 7
26801 1
26821 5
26825 20
26833 2
26849 1
26861 1
26869 5
26881 3
26893 2
26897 7
26901 4
26905 5
26921 5
26937 3
26941 7
26945 8
26953 3
26965 2
26969 5
26973 1
26977 6
26981 4
26989 3
26993 3
27009 5
27017 1
27045 4
27053 2
27061 2
27065 5
27073 1
27077 1
27085 4
27101 5
27109 2
27121 3
27145 15
27149 5
27157 3
27161 8
27169 5
27173 5
27185 4
27197 1
27205 4
27217 1
27225 2
27229 4
27233 2
27241 1
27245 7
27253 3
27257 4
27261 5
27277 2
27281 6
27289 3
27293 3
27297 5
27325 9
27329 3
27333 3
27337 1
27353 6
27365 5
27369 6
27385 3
27389 7
27397 2
27409 3
27421 4
27425 4
27437 4
27441 8
27449 1
27469 6
27481 4
27505 10
27509 1
27521 9
27529 2
27549 3
27557 7
27565 15
27581 3
27585 9
27593 3
27605 3
27613 6
27617 2
27625 27
27637 7
27653 3
27673 5
27677 3
27685 10
27689 3
27693 6
27697 1
27701 1
27709 2
27725 5
27733 5
27737 3
27749 4
27757 5
27765 8
27773 1
27781 4
27785 8
27793 4
27801 3
27809 5
27817 3
27829 4
27833 5
27845 3
27857 8
27865 2
27869 2
27877 5
27881 5
27889 2
27893 1
27901 1
27905 7
27917 4
27925 8
27941 2
27953 3
27961 2
27977 9
27981 5
27985 10
27989 6
27997 3
28001 2
28009 5
28013 6
28033 9
28057 5
28081 4
28085 12
28089 1
28093 10
28097 4
28109 1
28121 4
28125 5
28145 6
28157 5
28169 5
28181 3
28193 4
28197 4
28201 6
28205 4
28213 4
28225 2
28229 1
28233 2
28249 10
28265 4
28269 2
28273 1
28285 2
28297 2
28305 9
28309 3
28333 5
28345 5
28349 6
28373 7
28381 8
28393 2
28397 6
28409 3
28417 9
28421 11
28433 2
28445 3
28449 5
28453 6
28465 5
28493 1
28505 5
28513 2
28517 1
28521 2
28537 3
28541 5
28549 4
28561 5
28565 11
28573 3
28577 3
28585 9
28593 1
28597 3
28601 8
28621 2
28625 9
28629 2
28645 9
28649 2
28657 1
28661 2
28665 2
28669 1
28673 5
28685 1
28697 3
28705 9
28717 1
28741 6
28745 5
28757 8
28769 3
28781 10
28789 5
28793 1
28813 6
28817 2
28825 10
28837 4
28845 6
28849 3
28873 8
28881 2
28885 15
28901 1
28909 4
28913 6
28921 2
28925 11
28949 2
28953 2
28961 3
28981 7
28989 1
29005 5
29009 4
29017 4
29021 4
29033 1
29041 3
29045 9
29053 5
29057 3
29061 2
29065 1
29069 12
29077 3
29081 4
29097 2
29101 2
29105 1
29125 8
29129 3
29137 5
29153 4
29173 5
29185 6
29189 11
29201 3
29209 2
29221 2
29237 7
29241 1
29245 6
29257 2
29261 3
29269 3
29273 8
29277 1
29285 5
29297 3
29305 4
29313 4
29321 6
29341 6
29345 6
29353 6
29377 5
29385 2
29389 4
29401 2
29405 4
29429 4
29437 7
29453 3
29461 4
29473 3
29485 6
29489 4
29493 4
29497 4
29501 3
29521 11
29525 12
29529 7
29537 3
29549 2
29565 2
29569 2
29573 3
29581 1
29585 9
29593 7
29597 2
29609 4
29629 2
29637 5
29641 4
29645 3
29653 11
29665 14
29669 5
29705 16
29709 4
29717 1
29725 14
29741 2
29745 3
29753 5
29761 1
29765 6
29801 4
29809 3
29817 1
29825 8
29833 2
29837 5
29857 6
29861 3
29873 1
29881 1
29905 7
29917 3
29921 5
29929 1
29933 6
29945 9
29957 7
29961 3
29965 8
29989 1
29993 6
30005 9
30013 2
30017 2
30025 8
30029 5
30037 3
30053 6
30069 9
30073 13
30089 1
30097 3
30109 2
30113 4
30125 10
30133 1
30137 3
30141 4
30145 1
30157 4
30161 4
30169 5
30181 2
30185 4
30193 4
30197 5
30209 5
30213 6
30233 4
30241 3
30249 2
30253 2
30265 6
30269 1
30277 9
30285 5
30293 4
30301 9
30313 2
30325 9
30329 6
30341 3
30357 1
30361 8
30365 8
30377 2
30389 1
30397 12
30413 4
30421 3
30425 5
30433 7
30445 4
30449 1
30465 2
30493 2
30497 8
30501 3
30505 5
30509 3
30517 1
30529 1
30537 3
30545 11
30553 3
30565 5
30577 1
30581 2
30589 8
30593 1
30605 5
30617 3
30625 6
30629 5
30637 5
30641 9
30649 4
30665 5
30673 5
30677 2
30685 6
30689 3
30697 2
30713 2
30717 2
30725 13
30733 1
30749 4
30757 2
30769 1
30773 1
30781 1
30805 8
30809 3
30817 2
30821 5
30825 8
30829 3
30841 4
30853 2
30865 4
30869 2
30881 3
30893 1
30897 1
30901 3
30925 6
30929 4
30937 3
30941 3
30949 2
30953 5
30977 3
30985 9
31001 4
31005 11
31013 4
31025 19
31033 6
31037 3
31041 2
31049 7
31057 3
31061 2
31069 1
31081 1
31085 1
31097 1
31105 5
31109 5
31117 8
31121 1
31145 10
31149 1
31153 3
31177 5
31181 2
31193 6
31201 5
31213 2
31221 3
31225 8
31237 4
31249 3
31253 3
31265 16
31277 3
31285 3
31301 7
31313 9
31321 4
31329 1
31333 2
31337 3
31345 7
31357 1
31365 5
31373 4
31385 2
31393 1
31397 2
31409 5
31417 6
31421 2
31429 3
31433 4
31469 1
31473 3
31477 3
31481 5
31489 2
31501 11
31505 5
31509 3
31513 1
31517 2
31525 12
31529 6
31541 1
31545 7
31561 4
31573 3
31581 1
31585 4
31601 2
31609 4
31613 4
31637 6
31645 9
31649 3
31657 1
31681 1
31685 7
31693 4
31697 7
31705 8
31709 5
31721 3
31729 2
31733 5
31741 2
31753 6
31761 3
31765 5
31769 7
31781 8
31793 5
31797 1
31805 4
31813 1
31817 2
31841 6
31849 1
31853 6
31865 4
31869 4
31873 6
31905 1
31909 3
31921 6
31925 12
31937 4
31945 5
31957 1
31973 4
31981 3
31985 5
31997 3
32005 10
32009 1
32017 8
32029 4
32041 2
32045 16
32057 2
32065 4
32077 2
32089 1
32105 6
32113 5
32117 3
32125 13
32141 1
32149 3
32157 1
32161 2
32173 1
32185 9
32189 1
32193 4
32201 8
32213 2
32225 4
32229 5
32233 5
32237 3
32245 8
32257 1
32261 2
32269 2
32297 1
32301 5
32309 4
32317 3
32321 2
32337 1
32341 3
32345 5
32353 4
32365 2
32369 3
32377 2
32381 1
32389 2
32393 6
32401 1
32405 4
32409 3
32413 1
32425 10
32429 4
32441 1
32449 5
32481 1
32485 15
32489 7
32497 4
32513 9
32517 2
32521 7
32525 11
32533 2
32537 4
32549 4
32553 4
32561 4
32569 2
32573 2
32597 2
32605 4
32609 1
32617 4
32621 4
32625 13
32633 2
32645 2
32653 3
32657 6
32677 3
32689 4
32701 3
32713 1
32717 2
32733 7
32741 3
32749 3
32761 6
32765 6
32773 5
32777 6
32797 4
32801 2
32805 1
32825 14
32833 2
32841 3
32845 6
32861 2
32869 4
32877 4
32885 7
32905 6
32909 2
32917 2
32929 12
32933 1
32941 3
32957 2
32969 3
32977 3
32985 4
32993 2
33001 3
33013 3
33017 6
33025 5
33029 1
33037 1
33049 1
33053 1
33057 3
33065 12
33073 2
33085 12
33093 2
33109 6
33113 2
33125 10
33129 4
33133 6
33137 6
33149 1
33161 1
33169 6
33173 3
33181 3
33185 3
33197 6
33205 6
33241 3
33245 13
33265 4
33273 4
33293 8
33301 1
33305 6
33309 2
33317 2
33329 2
33337 4
33349 1
33353 1
33361 3
33365 3
33377 1
33381 3
33389 5
33409 3
33413 4
33437 2
33445 3
33457 2
33469 2
33485 5
33489 5
33493 1
33505 7
33517 1
33521 4
33525 11
33529 1
33533 5
33541 2
33545 3
33553 3
33565 4
33569 1
33577 1
33581 4
33589 2
33597 1
33601 2
33613 3
33625 14
33629 3
33633 6
33637 1
33641 3
33653 5
33661 2
33665 3
33685 6
33709 5
33713 1
33721 2
33745 7
33749 1
33761 2
33769 1
33773 2
33785 12
33797 3
33805 9
33813 7
33829 2
33849 2
33853 5
33857 2
33865 6
33881 5
33889 1
33893 2
33905 6
33917 8
33937 4
33941 1
33949 4
33961 2
33965 4
33973 4
33977 6
33989 5
33997 1
34001 1
34021 2
34025 6
34033 2
34037 1
34057 2
34061 2
34065 4
34073 5
34081 9
34085 11
34101 1
34117 6
34121 5
34129 2
34137 1
34145 2
34153 1
34157 1
34165 3
34173 3
34205 4
34213 4
34217 4
34225 7
34229 5
34241 2
34245 4
34249 5
34253 1
34273 2
34281 5
34285 5
34289 4
34297 3
34301 3
34313 1
34325 8
34337 3
34345 2
34349 2
34361 1
34369 1
34373 3
34381 2
34385 2
34389 1
34425 7
34429 5
34445 2
34457 5
34465 10
34469 2
34481 7
34493 4
34501 3
34525 5
34537 2
34541 3
34553 4
34585 7
34589 3
34597 1
34605 4
34609 2
34613 4
34621 3
34625 10
34645 14
34649 1
34673 1
34677 1
34693 3
34697 11
34709 3
34717 3
34721 2
34729 1
34741 2
34745 4
34757 1
34765 7
34781 1
34785 5
34801 5
34805 3
34817 5
34821 1
34829 4
34841 2
34849 4
34877 3
34885 7
34893 3
34897 2
34901 8
34913 3
34929 2
34933 2
34945 4
34949 2
34957 6
34961 2
34973 4
34981 2
34985 3
35005 1
35009 2
35017 3
35033 3
35037 7
35053 3
35065 3
35069 4
35073 3
35081 3
35089 2
35113 3
35117 2
35125 7
35129 5
35137 1
35141 2
35149 4
35165 12
35173 3
35177 5
35197 1
35201 2
35209 1
35221 1
35225 12
35249 6
35257 2
35261 4
35269 6
35281 5
35285 2
35293 6
35317 1
35325 3
35333 2
35345 3
35353 1
35361 2
35369 6
35377 4
35381 1
35393 4
35401 4
35405 10
35425 13
35437 3
35453 2
35461 2
35465 10
35477 4
35509 2
35513 3
35521 1
35525 5
35533 3
35537 2
35545 9
35569 2
35573 6
35593 1
35597 1
35605 4
35617 3
35633 6
35641 7
35645 8
35649 3
35657 2
35669 4
35677 4
35685 11
35689 3
35705 11
35721 1
35725 9
35729 3
35737 5
35753 2
35757 3
35785 7
35789 11
35793 2
35801 1
35821 6
35825 3
35837 1
35865 7
35869 5
35873 4
35881 2
35885 4
35897 3
35901 4
35909 3
35917 2
35921 2
35933 2
35953 4
35957 6
35965 4
35969 1
35977 5
35989 8
35993 2
36009 1
36013 3
36017 2
36045 5
36061 3
36065 6
36073 3
36097 1
36101 4
36109 7
36117 1
36121 6
36125 13
36137 2
36145 5
36149 2
36161 2
36173 3
36181 4
36185 4
36193 4
36205 13
36217 1
36221 4
36229 2
36241 4
36257 3
36265 3
36269 2
36277 2
36297 2
36305 3
36313 4
36325 8
36329 1
36353 1
36361 2
36369 2
36373 6
36397 3
36401 2
36405 2
36413 6
36433 3
36445 5
36457 1
36461 2
36469 1
36473 4
36481 1
36485 1
36493 3
36505 4
36513 3
36517 4
36529 2
36541 1
36545 1
36569 8
36581 5
36601 3
36605 8
36621 2
36625 6
36653 1
36657 1
36661 7
36665 6
36697 3
36709 1
36713 5
36721 3
36725 13
36733 4
36737 4
36745 10
36749 1
36761 1
36781 2
36793 1
36805 5
36809 2
36821 4
36829 3
36833 1
36837 3
36845 5
36853 3
36857 1
36865 8
36873 3
36877 2
36881 5
36889 6
36901 1
36905 6
36913 3
36941 11
36945 6
36965 4
36973 2
36985 9
36997 1
37013 1
37021 3
37025 7
37033 4
37049 1
37057 3
37061 5
37085 6
37089 4
37097 2
37105 11
37117 1
37141 3
37153 4
37157 6
37161 3
37165 3
37181 2
37189 3
37193 5
37197 2
37201 2
37217 1
37225 6
37249 3
37253 4
37265 4
37269 3
37273 3
37277 3
37285 2
37289 2
37305 6
37309 3
37313 3
37325 5
37333 6
37337 2
37349 7
37357 2
37361 1
37369 2
37381 2
37385 5
37393 1
37397 1
37405 4
37409 2
37441 1
37445 3
37469 6
37481 6
37489 3
37493 2
37505 7
37529 2
37553 3
37561 3
37573 4
37577 2
37585 3
37589 2
37593 3
37613 7
37621 2
37629 3
37637 3
37649 1
37657 3
37661 4
37673 3
37681 1
37685 6
37693 5
37705 2
37717 1
37729 5
37733 2
37745 4
37757 1
37777 4
37781 3
37805 3
37809 4
37817 3
37825 13
37837 2
37845 2
37853 3
37861 1
37865 4
37873 1
37877 2
37885 2
37889 2
37921 7
37925 9
37945 3
37949 8
37953 2
37957 1
37993 1
37997 1
38021 2
38025 9
38033 4
38041 4
38053 1
38061 1
38077 4
38081 1
38089 4
38105 4
38113 3
38125 8
38149 2
38153 2
38165 3
38169 3
38177 1
38189 2
38197 1
38201 4
38221 4
38233 6
38237 1
38245 5
38261 1
38273 1
38277 2
38281 1
38293 4
38309 1
38317 2
38321 1
38329 3
38345 1
38349 1
38357 2
38369 6
38377 2
38385 3
38389 3
38405 2
38417 4
38425 13
38441 1
38449 1
38453 2
38457 1
38461 1
38465 1
38477 3
38497 7
38501 1
38509 1
38537 2
38545 5
38561 1
38565 3
38569 1
38573 6
38581 2
38585 2
38597 6
38601 5
38609 3
38629 6
38637 1
38641 6
38653 2
38669 4
38673 4
38677 2
38693 3
38701 11
38705 8
38713 3
38725 3
38729 1
38737 3
38749 1
38765 1
38777 5
38785 2
38809 4
38813 5
38821 1
38825 4
38845 10
38849 2
38857 6
38861 3
38873 1
38889 5
38897 3
38909 10
38917 1
38921 1
38925 4
38933 1
38945 2
38953 2
38961 7
38965 2
38977 1
38981 4
38993 3
39005 6
39013 1
39033 1
39041 1
39049 6
39053 1
39065 10
39073 4
39097 3
39101 7
39113 2
39125 5
39133 1
39141 2
39157 1
39161 4
39181 4
39185 5
39205 2
39209 1
39213 3
39217 3
39229 2
39241 1
39249 3
39253 3
39257 5
39265 3
39285 2
39289 3
39301 4
39313 2
39317 1
39321 3
39325 3
39341 2
39349 2
39357 2
39365 3
39373 3
39377 10
39385 7
39397 3
39401 2
39409 2
39429 2
39437 4
39461 2
39465 2
39469 4
39485 4
39493 5
39509 1
39521 4
39533 4
39541 1
39553 2
39565 4
39573 1
39581 3
39593 4
39605 1
39617 4
39625 5
39637 6
39645 3
39661 4
39665 3
39673 7
39681 3
39685 3
39701 6
39709 1
39733 3
39745 6
39761 6
39769 2
39785 5
39789 2
39793 3
39797 6
39817 4
39829 1
39833 3
39841 1
39845 9
39857 2
39869 1
39889 6
39901 2
39925 7
39929 1
39933 3
39961 6
39965 8
39969 2
39989 1
40001 7
40013 1
40025 1
40037 1
40045 2
40049 4
40057 3
40069 4
40077 4
40081 3
40093 2
40097 4
40105 7
40113 3
40121 4
40129 3
40141 4
40153 4
40157 3
40165 10
40177 1
40189 1
40193 3
40213 1
40221 3
40225 3
40229 2
40237 3
40241 4
40253 2
40265 5
40277 3
40289 2
40293 4
40309 2
40321 1
40325 5
40329 1
40333 5
40345 3
40349 3
40357 2
40361 2
40385 7
40401 1
40405 3
40409 5
40417 2
40429 1
40433 4
40437 1
40441 2
40445 6
40465 3
40477 2
40493 1
40501 2
40505 2
40525 6
40529 2
40545 7
40573 3
40577 1
40585 6
40597 1
40609 1
40613 1
40617 2
40621 2
40625 11
40637 2
40653 1
40657 4
40661 5
40673 3
40681 5
40693 4
40697 2
40709 1
40725 5
40729 3
40745 6
40757 4
40777 3
40781 2
40793 4
40805 1
40813 4
40817 1
40829 3
40837 3
40841 1
40849 3
40853 3
40861 6
40877 1
40885 9
40905 2
40925 6
40933 1
40941 1
40949 2
40961 1
40969 5
40973 4
40977 3
40993 1
41029 6
41045 3
41049 3
41053 4
41057 1
41077 6
41081 6
41089 6
41093 8
41105 2
41113 2
41117 2
41141 3
41157 1
41161 2
41165 3
41177 1
41185 2
41189 1
41197 4
41201 1
41209 3
41221 1
41225 11
41233 3
41245 2
41257 4
41273 1
41297 1
41301 3
41309 3
41329 2
41333 1
41341 4
41345 5
41353 4
41357 1
41365 1
41369 2
41381 3
41389 2
41405 5
41425 2
41429 4
41441 4
41449 3
41453 2
41465 3
41485 4
41497 4
41513 2
41521 3
41533 5
41537 1
41549 2
41557 3
41585 2
41589 2
41597 1
41605 6
41609 2
41617 2
41621 1
41625 8
41641 1
41645 3
41665 4
41681 2
41693 2
41697 4
41717 2
41725 3
41729 2
41737 2
41761 1
41765 4
41773 2
41785 6
41797 2
41801 2
41805 4
41809 5
41813 1
41821 2
41841 1
41845 2
41849 3
41861 2
41869 3
41873 2
41885 2
41893 2
41897 1
41905 6
41913 2
41941 1
41945 3
41953 2
41957 1
41969 2
41977 4
41981 4
41993 4
42001 6
42013 1
42017 2
42025 3
42029 6
42041 9
42057 2
42061 1
42073 2
42089 2
42101 2
42109 7
42121 5
42125 2
42137 4
42145 4
42149 4
42173 3
42193 3
42201 3
42209 1
42229 1
42233 3
42237 1
42241 1
42257 1
42281 4
42289 4
42293 2
42305 3
42325 11
42337 4
42341 5
42345 3
42349 4
42353 1
42365 4
42373 1
42381 2
42385 8
42397 3
42409 1
42425 5
42433 1
42437 1
42445 3
42453 4
42457 2
42461 2
42473 5
42485 5
42505 3
42509 2
42517 8
42521 2
42533 2
42557 1
42565 3
42569 2
42577 1
42597 2
42601 5
42605 5
42649 1
42653 12
42661 1
42677 2
42685 1
42689 1
42697 2
42701 1
42705 4
42709 1
42713 1
42725 6
42737 2
42761 3
42793 3
42809 2
42821 1
42841 4
42849 1
42853 2
42857 2
42865 2
42877 2
42885 2
42901 1
42905 4
42913 2
42925 5
42949 4
42961 1
42965 5
42973 3
42985 2
42989 2
42993 3
43009 4
43045 3
43061 10
43069 4
43105 5
43117 3
43133 1
43137 1
43145 4
43165 5
43169 2
43173 1
43177 2
43181 4
43201 2
43205 5
43209 6
43245 2
43249 2
43261 1
43265 6
43273 1
43277 2
43289 4
43297 2
43313 1
43317 2
43321 1
43325 4
43333 2
43345 2
43353 4
43385 2
43397 1
43405 4
43425 3
43429 2
43433 6
43441 1
43445 5
43457 3
43465 2
43489 5
43501 4
43513 2
43517 4
43525 6
43537 5
43553 2
43565 3
43577 2
43597 1
43609 1
43613 1
43621 3
43625 5
43633 2
43641 3
43649 3
43657 5
43661 1
43669 1
43681 1
43685 5
43693 3
43697 1
43705 2
43709 4
43733 8
43745 9
43749 1
43765 5
43777 2
43781 1
43789 1
43793 1
43801 3
43805 3
43825 6
43829 3
43849 3
43853 2
43873 4
43877 9
43889 1
43893 1
43933 1
43937 4
43957 3
43961 2
43965 1
43969 1
43973 2
43993 4
43997 1
44005 2
44017 3
44021 2
44053 2
44057 1
44081 2
44109 1
44117 1
44125 1
44129 2
44141 2
44149 5
44165 4
44181 1
44185 1
44189 1
44217 4
44221 2
44225 8
44245 3
44249 1
44257 3
44269 1
44273 2
44281 2
44285 7
44293 3
44305 2
44325 1
44329 3
44345 5
44353 2
44369 3
44389 2
44397 1
44417 1
44425 3
44433 2
44437 2
44461 4
44465 1
44469 2
44489 4
44497 1
44501 4
44525 5
44533 1
44541 2
44549 1
44557 2
44573 3
44581 3
44585 1
44613 1
44621 1
44629 4
44641 2
44645 3
44665 3
44701 1
44705 3
44713 1
44717 3
44721 3
44725 4
44729 1
44749 3
44761 1
44773 1
44777 2
44785 7
44789 1
44797 1
44809 2
44813 1
44845 3
44861 4
44865 1
44881 1
44893 3
44909 2
44917 3
44921 3
44937 1
44941 2
44945 3
44965 2
44977 4
44993 1
45005 3
45013 1
45025 9
45029 1
45037 2
45065 3
45077 1
45081 2
45113 5
45117 2
45125 4
45133 5
45137 1
45145 1
45153 3
45169 2
45181 1
45197 3
45205 3
45233 4
45245 3
45281 2
45289 1
45293 1
45301 4
45305 10
45313 3
45317 2
45325 3
45329 3
45341 1
45349 4
45361 1
45369 2
45373 3
45377 2
45385 3
45405 1
45413 2
45421 1
45433 1
45445 5
45461 4
45469 1
45473 4
45497 2
45509 2
45513 5
45521 2
45541 2
45545 4
45565 4
45569 3
45585 2
45589 2
45613 2
45617 6
45621 4
45625 5
45665 3
45673 1
45677 1
45685 1
45693 2
45697 2
45713 1
45721 3
45729 2
45737 2
45757 4
45765 3
45769 1
45785 1
45797 4
45805 6
45817 1
45821 1
45841 1
45845 6
45853 1
45865 4
45869 1
45877 3
45889 3
45893 2
45901 3
45909 1
45913 1
45917 4
45929 1
45945 1
45949 3
45965 2
45985 6
45989 2
46001 3
46017 1
46033 3
46045 3
46049 1
46061 1
46085 3
46089 1
46093 3
46105 4
46109 1
46121 2
46125 4
46141 3
46153 2
46157 4
46169 1
46177 2
46181 2
46205 2
46213 1
46217 1
46237 1
46241 4
46261 2
46269 7
46273 2
46285 2
46289 3
46309 3
46313 1
46325 6
46349 1
46369 4
46377 1
46385 1
46393 4
46405 4
46421 1
46429 3
46441 1
46449 2
46457 2
46465 3
46481 1
46485 4
46489 1
46501 2
46513 1
46517 5
46525 4
46549 3
46553 1
46561 1
46573 2
46589 1
46597 4
46601 1
46625 6
46637 3
46657 3
46661 4
46665 4
46685 1
46693 3
46701 1
46705 2
46709 4
46733 2
46745 3
46769 1
46777 1
46793 1
46801 4
46813 2
46817 3
46825 1
46829 1
46853 1
46861 1
46877 1
46881 2
46885 4
46889 1
46901 5
46909 2
46917 5
46925 1
46933 3
46945 5
46957 3
46969 2
46985 1
46997 2
47009 2
47017 3
47021 3
47041 1
47045 1
47081 3
47089 1
47093 1
47105 1
47125 17
47137 5
47153 3
47185 3
47197 3
47205 2
47209 4
47225 6
47233 3
47237 2
47241 1
47249 1
47273 3
47281 2
47285 3
47293 1
47297 1
47305 1
47309 3
47345 5
47353 1
47365 3
47381 2
47385 2
47389 1
47413 1
47417 2
47437 5
47441 2
47457 1
47473 1
47477 1
47485 1
47489 3
47497 1
47501 3
47521 1
47525 5
47529 2
47533 1
47545 1
47549 2
47569 1
47573 3
47581 3
47605 4
47609 2
47617 2
47645 5
47653 3
47657 3
47665 1
47669 1
47681 1
47693 4
47717 1
47737 1
47741 2
47745 1
47749 2
47753 6
47765 2
47777 4
47781 1
47797 3
47801 3
47809 1
47813 3
47821 3
47825 4
47837 1
47857 1
47873 1
47881 2
47885 5
47889 1
47921 3
47933 2
47961 3
47965 5
47969 2
47977 1
47989 2
47997 1
48005 6
48025 6
48029 2
48049 1
48061 3
48065 3
48073 1
48105 3
48109 1
48113 2
48137 3
48145 4
48149 1
48157 2
48161 3
48177 3
48197 1
48217 3
48221 1
48229 4
48245 1
48253 1
48265 2
48281 1
48285 6
48305 1
48313 1
48325 6
48337 1
48341 1
48353 2
48361 1
48365 8
48373 3
48385 1
48401 3
48409 1
48421 4
48425 10
48429 5
48445 2
48449 1
48481 2
48485 4
48497 3
48501 4
48505 4
48533 2
48537 2
48541 2
48569 1
48581 3
48589 3
48593 1
48605 1
48613 1
48617 2
48625 2
48637 3
48649 1
48661 2
48665 1
48677 2
48681 1
48689 1
48725 2
48749 2
48753 1
48757 1
48809 1
48817 1
48821 3
48841 1
48845 1
48853 1
48865 6
48877 1
48889 1
48893 2
48905 3
48913 5
48929 5
48933 1
48941 2
48953 1
48973 1
48985 5
48997 2
49005 1
49025 3
49033 1
49041 1
49045 5
49057 3
49081 1
49085 3
49097 2
49117 1
49129 3
49141 2
49145 2
49157 1
49165 1
49169 1
49185 1
49193 2
49205 6
49213 1
49237 4
49241 1
49249 4
49277 2
49285 3
49297 1
49309 5
49325 3
49333 1
49349 2
49361 2
49365 3
49369 3
49373 4
49393 1
49405 7
49409 1
49417 2
49421 2
49433 3
49441 1
49453 2
49457 1
49465 4
49477 2
49481 1
49489 1
49517 3
49529 2
49549 4
49561 2
49573 4
49589 1
49601 6
49613 2
49617 4
49625 3
49637 2
49645 6
49653 1
49661 1
49669 1
49681 1
49689 1
49697 2
49705 1
49725 9
49729 1
49733 4
49745 1
49757 1
49765 2
49769 2
49793 3
49801 1
49813 4
49825 6
49833 2
49853 1
49865 3
49873 3
49877 1
49897 2
49905 5
49921 1
49925 2
49957 1
49985 3
49993 1
49997 4
50005 1
50021 1
50029 3
50053 2
50069 1
50077 1
50093 2
50101 2
50125 4
50137 2
50153 2
50157 2
50185 2
50201 1
50213 2
50221 1
50225 2
50245 6
50249 2
50257 1
50265 5
50269 2
50273 2
50285 6
50297 4
50305 1
50329 1
50333 2
50341 1
50345 1
50357 5
50373 2
50389 1
50401 1
50405 4
50425 4
50441 3
50465 1
50473 3
50489 3
50497 1
50509 2
50513 1
50537 2
50549 1
50553 1
50557 1
50569 3
50605 4
50609 7
50625 6
50629 2
50641 2
50653 1
50661 1
50665 4
50689 1
50705 1
50717 4
50725 1
50737 1
50741 2
50777 2
50789 1
50801 2
50805 3
50813 3
50837 3
50845 1
50849 1
50861 1
50873 2
50877 1
50881 5
50909 1
50913 2
50921 1
50929 1
50933 1
50941 1
50949 3
50957 1
50965 5
50969 1
50989 1
51001 1
51005 4
51017 3
51021 1
51025 3
51061 1
51077 3
51085 4
51097 1
51101 1
51125 2
51133 3
51145 3
51157 2
51185 2
51201 1
51209 2
51229 2
51237 1
51241 1
51245 4
51265 4
51301 4
51309 1
51313 1
51325 5
51353 1
51361 2
51365 1
51401 2
51409 2
51413 2
51417 3
51421 2
51425 1
51437 1
51445 2
51449 1
51453 1
51473 1
51493 7
51505 4
51517 1
51521 3
51525 2
51545 6
51565 1
51581 1
51597 1
51605 4
51629 3
51641 3
51649 2
51665 4
51669 1
51673 1
51685 2
51697 6
51701 3
51721 2
51725 3
51741 1
51757 2
51769 2
51781 1
51785 3
51805 3
51817 1
51833 2
51845 1
51857 2
51869 3
51885 1
51913 2
51917 1
51921 1
51949 1
51973 1
51977 1
51985 4
51989 1
52001 1
52009 1
52013 1
52025 2
52037 3
52057 3
52065 5
52081 2
52093 2
52105 3
52121 2
52133 1
52145 3
52153 2
52165 4
52181 5
52189 1
52205 8
52209 2
52225 2
52237 1
52265 3
52277 2
52281 1
52285 1
52289 1
52309 2
52317 2
52321 2
52345 1
52361 2
52369 2
52381 1
52385 2
52393 2
52429 5
52433 1
52441 2
52445 4
52453 1
52457 1
52477 1
52505 1
52517 1
52529 1
52533 4
52541 1
52561 2
52565 2
52577 4
52585 3
52597 2
52609 1
52621 1
52625 4
52637 2
52645 1
52673 1
52685 3
52709 2
52713 2
52733 2
52741 2
52757 1
52765 3
52769 1
52777 1
52813 2
52817 1
52821 1
52825 3
52841 3
52849 4
52865 5
52873 2
52893 2
52897 2
52901 1
52909 2
52925 2
52945 1
52949 1
52973 3
52985 2
53005 2
53021 2
53033 1
53057 2
53065 1
53073 1
53077 3
53117 4
53125 4
53129 1
53145 2
53161 2
53173 1
53189 1
53197 1
53201 4
53209 1
53217 1
53225 2
53233 2
53253 1
53261 2
53269 2
53281 1
53293 5
53329 2
53341 3
53353 1
53365 5
53377 1
53397 2
53401 1
53429 3
53453 1
53461 2
53465 1
53469 1
53477 2
53489 3
53497 2
53505 2
53509 1
53525 2
53557 1
53573 1
53577 1
53593 1
53597 1
53609 1
53617 2
53621 1
53629 1
53633 1
53645 2
53653 2
53657 2
53677 2
53685 1
53689 2
53693 1
53717 2
53729 3
53737 3
53753 2
53761 1
53765 1
53825 2
53829 2
53833 7
53845 2
53857 1
53873 2
53881 1
53885 5
53897 1
53901 1
53905 1
53937 2
53945 2
53989 2
54009 3
54013 2
54025 3
54029 4
54041 4
54045 1
54077 1
54085 3
54113 3
54125 3
54145 2
54149 2
54161 1
54181 1
54185 1
54205 3
54217 1
54225 2
54233 1
54261 1
54265 4
54289 2
54293 2
54301 3
54305 1
54317 1
54325 4
54329 3
54333 1
54341 2
54353 4
54361 1
54377 1
54385 6
54409 2
54421 1
54433 1
54437 1
54469 1
54485 4
54517 1
54541 2
54545 2
54553 1
54557 5
54569 1
54577 1
54585 2
54601 1
54613 1
54617 2
54629 2
54641 1
54657 1
54665 5
54673 1
54685 2
54689 2
54709 1
54713 3
54733 2
54745 1
54749 1
54757 2
54765 3
54773 1
54781 1
54785 1
54793 3
54805 2
54821 1
54833 1
54841 2
54877 6
54881 4
54913 1
54917 1
54925 4
54949 1
54961 4
54965 3
54973 1
54977 2
54981 4
55001 1
55017 1
55021 2
55045 3
55049 2
55073 1
55089 1
55093 2
55109 2
55117 1
55125 1
55129 3
55133 1
55145 4
55189 2
55193 1
55205 2
55217 1
55225 2
55229 2
55241 1
55249 1
55289 2
55301 4
55305 1
55313 1
55321 2
55325 1
55333 1
55337 3
55345 3
55357 1
55369 1
55393 3
55421 3
55441 1
55449 1
55465 3
55469 2
55477 1
55481 2
55485 2
55501 2
55505 1
55525 4
55529 2
55549 4
55553 3
55557 1
55565 2
55577 1
55625 2
55633 1
55665 1
55681 1
55705 3
55709 2
55721 1
55733 1
55745 2
55757 4
55773 2
55777 1
55781 2
55793 1
55809 1
55837 2
55845 1
55849 1
55861 1
55865 1
55889 1
55897 2
55901 1
55925 4
55933 1
55949 1
55953 2
55969 3
55981 4
55985 2
55989 1
55997 1
56009 1
56033 2
56057 4
56061 2
56081 2
56105 2
56117 1
56125 2
56129 4
56137 1
56149 1
56153 3
56185 1
56205 6
56225 2
56233 2
56257 1
56293 1
56305 2
56321 1
56333 4
56365 3
56369 1
56377 2
56381 1
56405 4
56417 1
56421 1
56425 3
56429 2
56437 1
56457 3
56473 2
56493 2
56497 1
56501 1
56509 1
56521 2
56533 1
56537 1
56549 2
56569 1
56597 1
56605 1
56621 3
56629 2
56641 2
56645 2
56653 2
56657 1
56669 2
56681 1
56693 5
56709 3
56713 2
56745 2
56765 3
56773 1
56785 3
56789 2
56797 3
56809 1
56821 1
56825 1
56853 1
56869 4
56897 2
56909 1
56921 3
56929 2
56933 1
56941 1
56953 1
56957 1
56961 3
56965 1
56989 1
56993 2
57005 3
57025 1
57041 1
57049 2
57065 2
57069 4
57073 1
57077 1
57085 2
57125 3
57137 1
57157 1
57161 1
57177 1
57185 1
57205 1
57221 2
57241 1
57245 1
57249 4
57265 2
57305 3
57317 1
57325 1
57329 1
57341 1
57377 1
57397 1
57401 2
57425 5
57445 1
57461 2
57469 1
57473 2
57485 2
57501 1
57517 4
57521 2
57529 1
57545 4
57557 1
57565 5
57601 2
57605 6
57609 2
57625 3
57637 1
57641 1
57653 1
57661 1
57689 1
57697 2
57713 1
57717 2
57725 2
57737 1
57745 1
57769 1
57825 3
57853 1
57881 1
57889 3
57901 1
57905 3
57913 2
57933 2
57941 2
57961 3
57965 1
57973 2
57977 1
57985 1
58005 1
58013 1
58057 1
58061 1
58081 3
58097 2
58117 1
58133 1
58141 1
58153 2
58165 2
58169 1
58181 2
58189 2
58193 2
58217 1
58225 4
58253 1
58257 1
58261 1
58277 1
58285 1
58297 2
58301 1
58313 1
58325 1
58357 2
58361 1
58365 2
58385 3
58393 2
58405 2
58409 2
58441 2
58445 2
58453 2
58457 1
58473 2
58477 1
58493 2
58525 3
58545 2
58561 1
58565 2
58613 1
58621 2
58633 1
58645 3
58669 1
58685 3
58689 1
58721 1
58725 1
58777 4
58825 2
58829 1
58837 1
58841 1
58853 2
58865 5
58873 2
58909 1
58925 3
58937 1
58945 3
58977 1
58981 1
59005 2
59021 1
59045 2
59057 2
59065 1
59069 1
59089 1
59093 1
59105 1
59113 1
59121 2
59137 1
59141 1
59165 1
59177 1
59189 2
59193 3
59197 1
59201 1
59229 1
59237 1
59245 6
59273 2
59293 2
59305 1
59321 1
59333 1
59341 1
59357 1
59373 1
59377 2
59405 1
59417 1
59441 1
59445 1
59449 3
59473 1
59485 1
59517 4
59525 1
59533 1
59537 1
59545 3
59553 2
59573 1
59581 2
59585 2
59657 2
59665 5
59669 1
59681 1
59725 1
59761 1
59769 1
59789 1
59809 1
59825 2
59837 2
59841 1
59877 1
59881 1
59897 1
59905 1
60001 2
60017 1
60025 1
60029 1
60057 2
60061 1
60073 1
60077 2
60085 2
60101 1
60125 7
60133 3
60161 1
60185 1
60197 4
60201 1
60217 1
60221 2
60229 5
60253 3
60257 1
60265 5
60273 1
60317 1
60345 4
60349 3
60353 1
60365 1
60377 1
60385 2
60397 1
60413 1
60425 3
60449 1
60457 2
60493 1
60505 1
60509 1
60525 2
60541 3
60545 1
60581 2
60625 1
60649 2
60661 1
60685 3
60689 1
60701 1
60713 1
60721 1
60733 1
60741 1
60749 1
60757 2
60761 1
60805 2
60809 1
60813 1
60817 1
60821 1
60849 2
60869 1
60877 1
60901 1
60913 1
60925 2
60937 2
60965 5
61001 1
61009 1
61045 1
61049 2
61069 3
61081 2
61105 1
61109 3
61129 2
61133 1
61137 1
61153 2
61165 1
61181 1
61217 2
61245 2
61261 1
61265 1
61309 2
61321 1
61353 2
61357 1
61373 1
61385 1
61393 2
61421 1
61441 3
61445 1
61461 2
61489 1
61493 2
61549 1
61569 1
61585 4
61605 1
61609 1
61625 2
61645 1
61681 1
61685 2
61741 1
61745 5
61781 1
61789 2
61825 1
61829 2
61865 1
61885 1
61893 1
61913 1
61925 2
61937 1
61945 2
61973 2
62005 1
62021 1
62033 3
62037 1
62065 3
62089 1
62101 2
62105 3
62137 1
62141 1
62145 1
62177 1
62185 1
62189 2
62197 2
62233 1
62253 1
62269 1
62281 2
62289 1
62297 1
62305 2
62309 2
62317 1
62325 1
62329 2
62345 2
62361 2
62365 1
62389 1
62401 1
62413 1
62437 1
62441 1
62477 1
62485 2
62497 1
62509 1
62525 1
62541 1
62549 2
62561 1
62585 2
62597 2
62613 1
62617 1
62621 2
62641 1
62669 2
62677 4
62705 4
62725 5
62729 4
62765 1
62785 2
62801 1
62845 1
62849 1
62869 1
62873 2
62885 2
62893 1
62901 1
62929 1
62941 1
62957 2
62973 1
63017 1
63025 1
63053 1
63101 2
63113 1
63125 4
63145 4
63157 1
63185 2
63197 1
63229 1
63233 1
63257 3
63281 1
63297 1
63317 1
63325 2
63341 1
63353 1
63377 2
63389 1
63401 1
63409 1
63421 1
63445 2
63461 2
63485 1
63505 3
63521 1
63529 1
63557 1
63565 1
63585 2
63601 1
63625 2
63653 2
63673 2
63713 2
63725 1
63761 1
63765 3
63785 1
63837 1
63845 1
63853 2
63865 1
63869 2
63905 2
63913 2
63925 1
63929 2
63945 1
63949 1
63981 1
64013 1
64021 1
64025 5
64081 1
64089 1
64105 1
64109 2
64121 2
64129 1
64157 1
64165 3
64189 2
64205 3
64213 2
64217 1
64233 1
64237 1
64265 1
64269 3
64301 1
64305 4
64313 4
64345 1
64349 2
64373 2
64409 2
64417 1
64445 1
64481 2
64485 2
64489 1
64501 1
64517 1
64525 2
64529 2
64549 2
64565 2
64593 1
64597 2
64613 2
64621 2
64633 2
64661 1
64685 3
64705 2
64721 1
64729 1
64737 1
64741 2
64753 6
64765 2
64781 1
64805 3
64825 2
64849 1
64881 1
64909 1
64921 1
64925 1
64957 1
64985 1
65033 1
65045 1
65101 1
65105 3
65117 2
65165 1
65201 2
65209 1
65221 2
65225 1
65237 3
65245 2
65257 1
65269 1
65293 1
65349 2
65353 1
65385 1
65437 2
65453 2
65461 2
65465 1
65477 1
65501 1
65521 1
65537 3
65585 1
65601 1
65617 1
65633 1
65641 1
65657 2
65701 2
65709 1
65713 4
65741 1
65773 2
65781 1
65789 3
65809 1
65825 1
65845 4
65885 1
65889 1
65897 1
65905 1
65917 2
65921 1
65925 2
65945 3
65969 1
65977 1
65981 1
65997 1
66049 1
66053 1
66065 1
66085 1
66105 2
66113 1
66145 1
66149 1
66169 2
66193 2
66205 2
66249 1
66313 3
66357 1
66361 2
66365 3
66425 2
66445 1
66509 1
66537 1
66541 2
66545 1
66565 1
66573 1
66613 1
66625 3
66637 1
66673 1
66689 1
66697 1
66713 1
66725 1
66753 2
66757 1
66761 1
66785 3
66789 1
66793 1
66809 1
66821 1
66833 1
66845 3
66889 2
66901 2
66961 2
66985 1
67009 2
67049 1
67057 2
67061 1
67077 1
67081 1
67097 1
67105 1
67117 1
67149 1
67169 1
67205 2
67213 1
67217 1
67225 1
67253 1
67277 1
67293 2
67297 1
67325 4
67337 1
67345 1
67385 1
67401 2
67405 4
67457 1
67477 1
67509 3
67513 1
67525 3
67537 1
67541 2
67577 1
67589 1
67609 2
67625 2
67649 1
67653 3
67657 1
67669 2
67681 1
67745 2
67761 1
67769 2
67777 1
67789 1
67801 1
67813 1
67829 1
67853 1
67865 2
67869 2
67885 1
67889 2
67937 1
67961 1
67981 3
67985 1
68029 2
68053 1
68085 2
68093 1
68105 3
68125 2
68137 2
68161 1
68185 1
68225 1
68237 4
68245 1
68261 1
68269 1
68281 1
68301 1
68329 1
68401 1
68405 1
68429 2
68445 1
68525 1
68545 1
68561 1
68581 3
68589 2
68625 1
68633 1
68689 1
68693 1
68697 1
68713 1
68725 1
68729 2
68741 1
68753 1
68765 1
68773 1
68777 1
68785 2
68825 2
68845 1
68861 1
68905 1
68909 1
68933 1
68965 1
69021 1
69029 1
69049 1
69085 2
69109 1
69121 1
69165 2
69173 1
69185 2
69221 1
69257 1
69269 1
69277 2
69281 1
69337 1
69373 1
69381 1
69385 2
69401 2
69413 2
69425 2
69449 1
69457 1
69473 1
69485 3
69505 1
69557 1
69577 1
69589 1
69665 1
69673 1
69725 1
69733 1
69745 3
69833 1
69845 1
69865 2
69869 1
69921 1
69925 1
69941 2
69953 1
69985 2
70045 1
70101 1
70109 2
70145 1
70165 2
70193 2
70217 1
70241 1
70249 1
70289 1
70309 1
70325 1
70337 1
70381 1
70405 1
70425 1
70429 1
70465 4
70489 1
70493 1
70529 1
70533 1
70537 1
70561 1
70577 2
70625 2
70657 1
70669 1
70673 2
70745 1
70753 3
70757 1
70769 1
70785 2
70805 1
70825 2
70837 2
70885 1
70893 1
70981 1
70985 1
71045 1
71065 1
71073 1
71077 3
71117 1
71125 1
71129 2
71177 1
71245 2
71285 2
71305 1
71321 2
71377 1
71381 1
71389 1
71397 1
71405 1
71465 1
71485 1
71513 2
71521 1
71549 1
71613 2
71713 1
71721 2
71753 1
71785 2
71825 5
71833 1
71857 1
71873 2
71893 1
71905 2
71917 1
71945 1
72001 1
72041 1
72085 2
72109 2
72113 1
72125 3
72161 2
72185 2
72217 2
72245 1
72269 1
72297 1
72421 1
72425 2
72437 1
72445 2
72469 1
72493 1
72505 3
72529 2
72557 1
72593 1
72605 1
72613 1
72617 1
72641 1
72673 1
72685 1
72689 1
72725 1
72745 1
72805 1
72833 1
72845 1
72889 1
72893 1
72901 1
72977 2
72981 1
73037 1
73125 1
73145 2
73157 1
73177 1
73193 1
73225 1
73309 1
73349 1
73361 1
73385 2
73405 1
73421 1
73429 1
73445 3
73525 2
73693 2
73709 2
73805 3
73817 1
73825 1
73861 1
73889 1
73921 1
73925 1
73933 1
73949 1
73993 2
74005 2
74093 1
74161 1
74173 2
74177 1
74185 1
74205 1
74225 1
74237 1
74257 1
74269 3
74273 1
74321 2
74333 1
74353 1
74425 5
74477 1
74485 1
74533 2
74545 2
74573 1
74593 1
74629 2
74633 1
74665 1
74673 1
74677 1
74717 1
74725 1
74749 1
74821 1
74825 1
74929 1
74945 1
75013 1
75025 1
75041 1
75125 1
75177 1
75301 1
75409 1
75433 1
75497 1
75517 1
75557 1
75569 1
75617 1
75665 3
75673 1
75685 1
75701 1
75725 1
75737 1
75797 1
75825 1
75865 2
75917 1
75949 1
75973 1
76025 2
76141 1
76165 1
76177 1
76205 2
76213 1
76225 1
76289 1
76293 1
76457 1
76525 1
76553 1
76585 1
76621 1
76633 1
76649 1
76745 1
76805 1
76905 1
76921 1
76925 2
76957 1
76985 2
77017 1
77053 1
77065 1
77077 1
77101 1
77125 1
77141 1
77225 1
77261 1
77281 1
77285 1
77317 1
77337 1
77393 1
77405 2
77445 1
77453 1
77477 1
77485 1
77513 1
77545 1
77633 2
77645 2
77661 1
77669 1
77753 1
77849 1
77857 2
77885 2
77909 1
77929 1
77933 1
78049 1
78053 1
78065 1
78125 1
78129 1
78181 1
78205 1
78305 1
78317 1
78325 2
78329 3
78345 1
78377 1
78437 1
78493 1
78521 1
78541 1
78557 1
78593 1
78653 1
78665 1
78721 1
78741 1
78761 1
78821 1
78829 2
78841 2
78845 1
78849 1
78985 1
78989 1
79025 1
79049 1
79061 2
79069 1
79141 1
79285 2
79385 2
79393 1
79417 1
79433 1
79445 1
79505 1
79565 2
79605 1
79625 1
79669 1
79753 1
79821 1
79885 1
79965 1
79985 1
80005 2
80093 1
80125 1
80145 1
80225 1
80285 2
80369 1
80401 1
80441 1
80545 2
80609 1
80621 1
80665 3
80681 1
80701 1
80725 2
80737 1
80765 1
80825 2
80953 1
81009 1
81013 2
81017 1
81041 2
81049 1
81077 1
81185 1
81205 1
81241 1
81265 1
81281 1
81293 1
81317 1
81365 2
81553 1
81649 1
81665 1
81709 1
81713 1
81805 1
81925 1
82009 1
82017 2
82025 2
82045 2
82217 1
82237 1
82301 1
82337 1
82349 1
82405 1
82421 1
82589 2
82625 2
82629 1
82681 1
82737 1
82781 1
82853 1
82993 1
82997 1
83005 1
83089 1
83101 1
83153 1
83233 1
83285 1
83357 1
83385 1
83441 1
83525 1
83537 1
83585 1
83597 1
83621 1
83645 1
83665 1
83725 1
83729 1
83749 2
83753 1
83821 1
83845 1
83861 1
84025 1
84121 1
84257 1
84305 1
84317 2
84565 2
84625 2
84641 1
84817 1
84821 1
84853 1
84933 1
84969 1
85193 1
85277 1
85321 1
85501 1
85581 1
85625 1
85649 1
85685 1
85705 1
85885 1
85969 1
86069 1
86125 1
86153 1
86193 1
86213 1
86225 1
86525 1
86617 3
86717 1
86761 1
86841 1
86913 1
87061 1
87085 1
87209 1
87277 1
87289 1
87309 1
87365 1
87509 1
87601 2
87649 1
87785 1
87821 1
87841 1
87881 1
87893 1
87905 1
88309 1
88325 1
88349 2
88453 1
88465 1
88549 1
88565 1
88705 1
88733 1
88793 1
88801 1
88841 1
88861 1
88885 1
88961 1
88981 1
88985 2
89017 1
89069 1
89093 1
89101 1
89209 1
89261 1
89333 1
89465 1
89533 1
89549 1
89725 2
89833 1
89905 2
89945 1
89977 1
90049 1
90145 1
90217 1
90225 1
90425 1
90557 1
90593 1
90709 1
91013 1
91061 1
91165 1
91205 1
91565 1
91585 2
91593 1
91629 1
91669 1
91673 1
91781 1
91813 1
91909 1
91933 1
91957 1
92209 1
92269 1
92537 1
92581 1
92765 1
92777 1
92893 1
92905 1
92977 1
93025 1
93041 1
93213 1
93425 1
93629 1
93925 1
94117 1
94133 1
94445 1
94453 1
94509 1
94625 1
94637 1
94697 1
94769 1
94865 1
94993 1
95009 1
95489 1
95537 1
95677 1
95797 1
95813 1
96125 1
96561 1
96673 1
97029 1
97061 1
97105 2
97169 1
97201 1
97225 1
97465 1
97569 1
97889 1
97981 1
98125 1
98345 1
98449 1
98605 1
98621 1
98645 1
98649 1
99149 1
99221 1
99425 1
99569 1
99625 1
99945 1
100017 1
100021 1
100217 1
100249 1
100593 1
100645 1
100685 1
100945 1
100981 1
101025 1
101201 1
101345 1
101425 1
101485 1
101825 1
101861 1
101993 1
102213 1
102661 1
103213 1
103617 1
103681 1
104081 1
104221 1
104677 1
104905 1
105109 1
105425 1
106277 1
107609 1
107929 1
108197 1
108457 1
108477 1
108505 1
109705 1
109789 1
110261 1
110345 1
110357 1
110417 1
111725 1
112921 1
113093 1
113585 1
113605 1
113625 1
113941 1
114325 1
115141 1
115281 1
115477 1
117545 1
117725 1
118777 1
120325 1
120425 1
120893 1
121705 1
122209 1
122473 1
124513 1
126265 1
127177 1
131053 1
131165 1
132437 1
134685 1
142585 1
146725 1
200485 1
204845 1
263953 1
324145 1
350473 1
356425 1
383561 1
385045 1
390641 1
394685 1
404521 1
405509 1
424733 1
430525 1
433921 1
448645 1
470405 1
483185 1
485753 1
490441 1
514249 1
526613 1
530053 1
531197 1
531485 1
538037 1
540657 1
577825 1
623297 1
