N J h mean_R_sq err_mean_R_sq mean_R_gyr_sq err_mean_R_gyr_sq 
1225 1.275 0 10042.3 67.4604 1500.48 7.10798
2 1
4 4
8 3
10 3
16 5
18 7
20 6
26 4
32 8
34 8
36 2
40 10
50 14
52 5
58 3
64 4
68 10
72 4
74 8
80 11
82 2
90 11
98 4
100 19
104 7
106 5
116 13
122 8
128 8
130 23
136 10
144 6
146 13
148 12
160 9
162 9
164 11
170 18
178 17
180 9
194 12
196 5
200 14
202 12
208 10
212 13
218 9
226 11
232 9
234 6
242 7
244 8
250 26
256 4
260 26
272 12
274 12
288 4
290 26
292 12
296 9
298 9
306 5
314 11
320 11
324 4
328 8
338 18
340 29
346 13
356 6
360 8
362 12
370 22
386 10
388 13
392 3
394 22
400 21
404 10
410 27
416 11
424 9
436 12
442 24
450 20
452 16
458 14
464 19
466 11
468 9
482 13
484 8
488 12
490 14
500 19
512 8
514 15
520 22
522 15
530 21
538 10
544 13
548 10
554 11
562 8
576 3
578 14
580 21
584 12
586 15
592 13
596 14
610 23
612 11
626 14
628 19
634 11
640 8
648 7
650 42
656 11
666 12
674 9
676 14
680 25
692 12
698 13
706 11
712 15
720 12
722 8
724 12
730 23
738 9
740 20
746 8
754 18
772 17
776 10
778 16
784 8
788 16
794 14
800 14
802 7
808 12
810 12
818 16
820 30
832 15
842 12
848 11
850 48
866 9
872 12
882 6
884 28
890 26
898 9
900 18
904 13
914 15
916 13
922 16
928 21
932 11
936 19
954 15
962 32
964 16
968 3
970 17
976 18
980 13
986 26
1000 30
1010 33
1018 7
1024 7
1028 13
1040 22
1042 11
1044 16
1058 6
1060 28
1066 27
1076 13
1082 18
1088 13
1090 24
1096 7
1098 13
1108 17
1114 16
1124 12
1130 33
1138 14
1152 7
1154 16
1156 22
1160 30
1168 16
1170 23
1172 17
1184 13
1186 13
1192 13
1202 8
1210 15
1220 22
1224 10
1226 8
1234 21
1250 35
1252 16
1256 14
1258 27
1268 17
1274 24
1280 15
1282 12
1296 11
1300 46
1306 13
1312 15
1314 13
1322 10
1332 12
1346 13
1348 20
1352 12
1354 13
1360 32
1370 32
1378 24
1384 13
1394 28
1396 13
1402 10
1412 11
1418 11
1424 13
1440 15
1444 10
1448 17
1450 37
1458 15
1460 25
1466 13
1476 14
1480 31
1490 28
1492 22
1508 29
1514 13
1522 11
1530 24
1538 12
1544 15
1546 12
1552 10
1556 10
1568 9
1570 31
1576 16
1586 27
1588 15
1594 11
1600 26
1602 10
1604 12
1616 18
1618 14
1620 6
1636 7
1640 30
1642 13
1658 15
1664 18
1666 12
1682 17
1684 18
1690 36
1696 19
1700 40
1706 20
1714 16
1730 36
1732 18
1744 12
1746 23
1754 18
1762 10
1764 7
1768 32
1780 27
1796 14
1800 19
1802 33
1808 11
1810 24
1818 11
1828 12
1832 16
1844 20
1850 59
1856 12
1858 26
1864 17
1872 11
1874 20
1882 10
1898 23
1906 11
1908 13
1922 12
1924 25
1928 13
1930 32
1936 12
1940 20
1952 13
1954 14
1960 15
1962 13
1970 32
1972 26
1994 8
2000 26
2018 17
2020 37
2026 16
2034 12
2036 12
2042 8
2048 10
2050 38
2056 17
2066 24
2074 24
2080 27
2084 17
2088 8
2098 21
2106 19
2116 2
2120 25
2122 12
2132 23
2138 14
2146 25
2152 15
2164 12
2176 8
2178 14
2180 31
2186 19
2192 16
2194 10
2196 21
2210 53
2216 10
2218 6
2228 10
2234 15
2248 15
2250 34
2258 10
2260 25
2276 7
2290 26
2304 7
2306 19
2308 15
2312 21
2314 33
2320 26
2330 30
2336 14
2340 33
2344 17
2362 9
2368 14
2372 12
2378 33
2384 13
2386 14
2402 9
2404 19
2410 22
2420 12
2426 13
2434 16
2440 31
2448 12
2450 27
2452 14
2458 17
2466 13
2468 10
2474 11
2482 33
2498 8
2500 41
2504 10
2512 16
2516 25
2522 30
2536 16
2548 22
2554 14
2560 14
2564 15
2570 28
2578 15
2592 5
2594 14
2600 66
2602 16
2610 30
2612 12
2624 20
2626 26
2628 19
2642 12
2644 8
2650 33
2664 12
2682 16
2690 23
2692 14
2696 8
2704 17
2708 6
2720 38
2722 20
2738 18
2740 26
2746 21
2754 23
2756 29
2762 17
2768 13
2770 35
2788 30
2792 16
2804 17
2810 31
2818 12
2824 12
2826 14
2834 27
2836 20
2842 10
2848 17
2858 9
2866 18
2880 16
2888 7
2890 53
2896 14
2900 41
2906 15
2916 10
2920 24
2930 34
2932 12
2938 32
2952 13
2960 25
2962 10
2978 6
2980 30
2984 12
2986 10
3016 31
3026 36
3028 11
3034 43
3042 15
3044 9
3050 57
3060 32
3074 29
3076 20
3088 18
3092 10
3098 18
3104 16
3106 13
3112 12
3114 16
3130 35
3136 6
3140 32
3146 12
3152 12
3170 36
3172 25
3176 20
3188 10
3194 15
3200 19
3202 13
3204 16
3208 14
3218 11
3226 16
3232 21
3236 15
3240 17
3242 16
3250 75
3258 19
3272 14
3274 17
3280 30
3284 16
3298 29
3314 14
3316 20
3328 16
3330 24
3332 15
3338 10
3362 37
3364 19
3368 15
3370 28
3380 43
3386 15
3392 16
3394 11
3400 47
3412 8
3418 9
3428 13
3434 24
3442 22
3460 31
3464 14
3466 15
3474 19
3482 12
3488 19
3490 33
3492 8
3506 12
3508 13
3524 13
3528 3
3530 26
3536 38
3538 24
3546 18
3554 13
3560 28
3562 23
3578 17
3592 16
3600 25
3602 15
3604 19
3610 18
3616 20
3620 22
3626 15
3636 12
3650 36
3656 15
3664 16
3688 17
3690 33
3698 5
3700 50
3706 28
3712 14
3716 18
3722 12
3728 19
3730 27
3744 13
3746 25
3748 16
3754 15
3764 11
3770 80
3778 12
3796 32
3802 19
3812 14
3816 16
3826 12
3842 19
3844 6
3848 36
3856 9
3860 29
3866 15
3872 11
3874 31
3880 34
3890 33
3898 17
3904 18
3908 10
3920 15
3922 34
3924 8
3940 28
3944 27
3946 11
3970 39
3978 23
3986 15
3988 16
3994 12
4000 36
4010 30
4018 13
4034 8
4036 11
4040 24
4050 23
4052 10
4058 14
4068 17
4072 19
4082 28
4084 16
4090 34
4096 8
4100 44
4106 10
4112 15
4114 22
4122 21
4132 10
4138 12
4148 33
4160 33
4162 18
4168 17
4176 13
4178 22
4194 11
4196 8
4210 27
4212 13
4226 18
4232 8
4234 22
4240 30
4244 12
4250 54
4258 13
4264 23
4274 16
4276 25
4282 8
4292 29
4304 12
4306 11
4322 11
4328 9
4330 36
4338 17
4346 23
4352 21
4356 6
4360 33
4372 12
4384 14
4388 8
4392 15
4394 31
4410 14
4418 11
4420 49
4426 14
4432 15
4436 18
4442 10
4450 46
4456 13
4468 7
4474 19
4490 32
4496 20
4498 38
4500 26
4514 36
4516 23
4520 37
4538 9
4546 10
4552 15
4562 13
4570 26
4580 33
4586 14
4594 10
4608 12
4610 42
4612 18
4616 13
4618 22
4624 14
4626 14
4628 21
4640 30
4658 25
4660 35
4666 19
4672 11
4680 21
4682 17
4688 12
4698 16
4706 35
4714 16
4724 9
4736 22
4744 13
4754 17
4756 29
4762 10
4768 12
4770 22
4772 9
4778 13
4786 15
4802 8
4804 14
4808 8
4810 63
4820 27
4834 10
4840 16
4842 17
4850 48
4852 12
4868 14
4874 10
4880 33
4882 8
4896 13
4900 21
4904 8
4916 11
4930 58
4932 14
4936 20
4946 15
4948 14
4954 24
4964 33
4986 17
4996 19
5000 35
5002 34
5008 16
5018 21
5024 12
5032 28
5042 21
5044 29
5050 53
5058 14
5066 34
5072 19
5090 28
5096 18
5098 13
5108 14
5114 17
5120 19
5122 29
5128 14
5140 26
5156 14
5162 24
5184 9
5186 16
5188 23
5194 14
5200 38
5202 23
5204 12
5210 27
5218 9
5220 26
5224 10
5234 5
5242 15
5248 10
5252 40
5256 20
5266 14
5274 13
5284 14
5288 18
5290 11
5300 37
5314 18
5328 15
5330 61
5338 33
5354 18
5364 20
5378 19
5380 29
5384 16
5386 16
5392 6
5402 37
5408 15
5410 34
5416 20
5426 15
5440 28
5444 13
5450 38
5458 13
5476 23
5480 30
5482 15
5490 27
5492 15
5498 17
5506 17
5508 14
5512 24
5524 21
5536 18
5540 25
5554 9
5570 31
5576 37
5578 16
5584 11
5594 12
5602 15
5608 12
5618 27
5620 31
5626 27
5634 15
5636 11
5648 19
5650 37
5652 13
5666 20
5668 32
5672 18
5674 12
5684 12
5690 32
5696 13
5706 17
5714 16
5716 10
5722 17
5732 14
5746 45
5760 12
5770 27
5776 10
5780 39
5792 15
5794 11
5800 38
5812 13
5818 16
5832 6
5834 19
5840 35
5850 44
5858 29
5860 31
5864 17
5876 29
5882 28
5904 16
5906 26
5914 15
5920 30
5924 14
5930 25
5938 16
5954 28
5956 14
5960 27
5968 10
5972 16
5978 10
5986 22
5994 9
6002 16
6010 23
6032 23
6050 18
6052 20
6056 9
6058 31
6066 14
6068 32
6074 16
6082 15
6084 19
6088 12
6098 17
6100 45
6120 33
6122 21
6130 32
6148 27
6152 13
6154 37
6170 31
6176 13
6178 20
6184 15
6196 11
6208 14
6212 26
6218 7
6224 8
6228 10
6242 14
6250 36
6260 37
6266 27
6272 4
6274 9
6280 26
6282 10
6290 66
6292 12
6304 15
6322 29
6338 14
6340 26
6344 22
6352 16
6354 11
6362 16
6370 33
6376 14
6388 13
6400 19
6404 26
6408 9
6410 26
6416 9
6418 7
6434 16
6436 15
6442 19
6452 10
6458 20
6464 14
6466 22
6472 20
6480 10
6484 14
6498 7
6500 47
6506 17
6514 14
6516 7
6530 27
6544 5
6548 16
6554 18
6560 25
6562 28
6568 10
6570 38
6586 18
6596 26
6602 9
6610 27
6626 10
6628 11
6632 22
6642 17
6656 13
6658 12
6660 29
6664 11
6676 13
6682 23
6698 24
6714 18
6722 10
6724 32
6728 20
6730 24
6736 15
6740 18
6746 14
6760 39
6770 34
6772 15
6778 11
6784 15
6786 20
6788 10
6800 37
6824 15
6826 17
6836 8
6850 46
6856 15
6866 10
6868 36
6884 9
6890 54
6898 18
6914 10
6920 31
6922 13
6928 15
6932 11
6938 11
6948 13
6962 12
6964 8
6970 56
6976 14
6980 28
6984 14
6994 20
7002 5
7010 23
7012 11
7016 18
7018 14
7034 10
7048 13
7056 6
7058 15
7060 21
7066 10
7072 27
7076 20
7082 21
7090 22
7092 9
7108 12
7114 13
7120 28
7124 24
7146 10
7154 11
7156 16
7162 9
7178 35
7184 5
7186 12
7200 13
7202 28
7204 15
7208 21
7218 9
7220 11
7226 13
7232 10
7234 15
7240 26
7250 37
7252 14
7272 8
7274 13
7290 20
7298 24
7300 32
7306 33
7312 10
7328 6
7330 26
7346 12
7354 17
7362 12
7376 7
7380 27
7394 12
7396 5
7400 45
7402 15
7412 30
7418 9
7424 10
7432 16
7442 12
7444 11
7450 44
7456 15
7460 29
7466 14
7474 21
7488 14
7492 12
7496 18
7508 8
7514 32
7522 10
7528 11
7538 19
7540 45
7556 9
7570 29
7578 14
7586 14
7592 25
7594 12
7604 17
7610 20
7618 27
7624 19
7632 20
7642 10
7650 53
7652 16
7666 8
7684 17
7688 7
7690 26
7696 22
7706 19
7712 11
7720 26
7730 18
7732 14
7738 25
7744 6
7748 19
7754 10
7760 27
7762 12
7778 11
7780 24
7786 23
7794 16
7796 13
7808 9
7816 17
7834 14
7840 8
7844 29
7848 13
7850 35
7858 7
7880 23
7888 35
7892 14
7922 25
7930 47
7938 5
7940 29
7946 29
7954 24
7956 35
7970 18
7972 12
7976 12
7978 15
7988 15
8000 24
8002 9
8010 24
8020 11
8026 11
8036 15
8042 13
8066 16
8068 14
8072 10
8080 33
8082 19
8090 20
8098 12
8100 23
8104 11
8114 7
8116 12
8136 5
8138 21
8144 7
8146 16
8164 22
8168 17
8180 23
8186 15
8192 7
8194 24
8200 46
8210 35
8212 17
8224 7
8226 10
8228 15
8242 20
8244 9
8258 17
8264 13
8266 13
8276 12
8282 32
8290 26
8296 21
8298 16
8306 10
8314 14
8320 25
8324 9
8330 24
8336 9
8352 16
8354 8
8356 7
8362 24
8388 8
8392 13
8402 21
8410 44
8420 30
8424 16
8434 8
8450 59
8452 18
8458 10
8464 9
8468 26
8480 26
8482 10
8488 15
8500 36
8506 18
8516 9
8522 10
8528 24
8530 24
8546 12
8548 17
8552 12
8564 8
8570 22
8578 12
8584 23
8586 13
8594 16
8608 16
8612 21
8642 23
8644 16
8650 46
8656 16
8658 26
8660 25
8674 8
8676 13
8692 29
8698 14
8704 9
8712 3
8714 12
8720 28
8722 10
8730 26
8738 21
8744 12
8746 6
8762 23
8768 14
8770 23
8776 10
8784 9
8788 30
8794 10
8810 23
8818 6
8820 13
8836 7
8840 50
8842 16
8852 15
8864 10
8872 11
8874 31
8882 9
8884 7
8900 42
8906 23
8912 14
8914 18
8936 9
8938 24
8948 10
8954 12
8962 15
8978 3
8980 18
8986 4
8992 15
8996 19
9000 14
9010 50
9026 8
9028 21
9032 7
9034 8
9040 29
9050 44
9074 27
9076 17
9090 17
9092 5
9098 10
9104 10
9106 24
9122 10
9124 9
9140 29
9146 19
9160 16
9162 12
9172 12
9178 28
9188 17
9194 7
9216 8
9220 22
9224 12
9232 10
9236 7
9242 8
9248 17
9250 44
9252 15
9256 30
9266 22
9274 12
9280 19
9290 23
9298 17
9314 14
9316 23
9320 18
9332 7
9344 5
9346 10
9360 23
9364 8
9370 19
9376 10
9378 13
9386 11
9396 16
9410 18
9412 23
9418 18
9428 11
9434 32
9442 15
9448 17
9458 8
9466 16
9472 13
9488 11
9490 29
9506 13
9508 9
9512 29
9524 12
9530 25
9536 11
9540 22
9544 9
9554 21
9556 16
9572 10
9578 15
9586 10
9594 20
9602 11
9604 11
9608 11
9610 8
9616 10
9620 42
9626 11
9634 11
9640 13
9650 53
9668 12
9680 9
9684 10
9698 23
9700 40
9704 9
9722 12
9736 11
9738 3
9748 10
9754 7
9760 14
9764 13
9770 20
9778 8
9792 10
9800 13
9802 34
9808 15
9810 27
9818 11
9826 23
9832 9
9850 38
9860 46
9864 12
9866 11
9872 10
9874 7
9882 8
9892 15
9896 8
9898 16
9908 15
9914 10
9922 10
9928 16
9938 10
9946 10
9962 22
9970 24
9972 9
9986 10
9992 12
10000 25
10004 18
10016 12
10018 13
10026 10
10034 14
10036 25
10042 8
10048 9
10064 21
10082 4
10084 9
10088 24
10090 24
10100 35
10114 23
10116 19
10130 18
10132 19
10138 15
10144 9
10154 5
10162 9
10170 26
10180 26
10192 7
10196 14
10202 15
10210 16
10216 7
10226 15
10228 12
10240 13
10242 10
10244 18
10250 32
10256 10
10280 23
10282 22
10306 13
10312 11
10322 19
10324 16
10330 16
10368 1
10370 45
10372 12
10376 5
10378 8
10386 11
10388 12
10394 14
10400 37
10404 10
10408 19
10418 7
10420 26
10426 24
10436 10
10440 22
10448 4
10466 4
10468 10
10474 9
10484 5
10490 14
10496 11
10498 21
10504 13
10512 10
10522 8
10530 17
10532 12
10546 10
10548 17
10562 8
10568 11
10576 10
10580 23
10594 9
10600 24
10610 18
10618 9
10628 7
10634 20
10642 26
10656 15
10658 16
10660 37
10666 8
10674 12
10676 23
10682 10
10690 18
10706 23
10708 11
10728 12
10730 40
10756 8
10760 20
10762 13
10768 5
10772 8
10778 19
10784 12
10786 6
10804 13
10816 9
10818 7
10820 18
10826 9
10832 16
10834 6
10852 11
10858 22
10874 10
10880 21
10882 9
10888 6
10890 9
10898 8
10900 40
10916 10
10930 24
10946 12
10952 17
10954 18
10960 23
10964 7
10970 21
10980 23
10984 13
10996 8
11002 13
11012 6
11016 9
11024 19
11026 17
11034 11
11042 10
11048 12
11050 65
11072 11
11074 12
11080 20
11090 16
11106 6
11108 6
11114 13
11138 18
11140 20
11146 14
11152 18
11156 8
11162 9
11168 4
11170 17
11188 9
11194 19
11204 13
11216 8
11234 14
11236 22
11240 25
11250 23
11252 26
11258 18
11268 6
11272 12
11282 11
11290 16
11296 13
11300 27
11304 13
11306 11
11314 4
11322 23
11332 8
11336 19
11338 8
11344 8
11348 8
11368 7
11378 7
11380 22
11386 12
11392 3
11402 9
11412 10
11426 18
11428 9
11432 4
11434 9
11444 14
11450 38
11458 27
11464 6
11466 8
11474 9
11482 10
11492 34
11498 11
11520 8
11530 18
11538 9
11540 15
11552 4
11554 19
11560 26
11570 37
11584 8
11588 6
11600 23
11602 8
11618 13
11624 9
11626 5
11636 9
11642 11
11650 31
11664 9
11668 9
11674 21
11680 26
11698 11
11700 26
11714 8
11716 19
11720 11
11722 5
11728 11
11738 12
11752 26
11754 8
11762 10
11764 20
11794 8
11808 8
11810 20
11812 8
11826 4
11828 14
11834 17
11840 19
11848 10
11858 4
11860 17
11866 15
11876 6
11882 16
11890 38
11898 16
11906 5
11908 14
11912 6
11920 16
11930 20
11936 5
11944 10
11956 11
11962 4
11972 25
11978 21
11986 13
11988 13
12002 14
12004 9
12010 15
12020 23
12050 20
12058 8
12064 18
12074 7
12100 16
12104 16
12106 3
12112 8
12114 11
12116 15
12130 22
12132 5
12136 17
12146 10
12148 10
12164 11
12168 18
12170 22
12176 7
12178 16
12186 11
12196 15
12200 25
12202 10
12218 15
12226 9
12240 25
12242 6
12244 10
12250 10
12260 17
12266 7
12274 8
12290 21
12296 14
12304 9
12308 17
12322 18
12330 20
12340 12
12346 10
12352 13
12356 13
12368 4
12370 18
12392 7
12394 9
12402 16
12410 44
12416 5
12424 12
12434 5
12436 11
12442 6
12448 6
12456 10
12458 6
12482 5
12484 8
12490 11
12500 26
12506 30
12514 7
12520 27
12532 24
12538 6
12544 6
12546 13
12548 13
12554 8
12560 17
12564 11
12580 34
12584 8
12602 11
12608 5
12610 48
12618 4
12634 7
12644 15
12658 11
12674 9
12676 7
12680 16
12682 19
12688 17
12704 16
12706 10
12708 9
12722 6
12724 7
12740 19
12746 4
12752 13
12762 10
12770 23
12776 6
12778 8
12794 8
12800 19
12802 20
12808 9
12816 9
12818 32
12820 18
12826 7
12832 7
12836 8
12842 7
12850 25
12868 11
12872 9
12874 12
12884 9
12890 26
12898 3
12904 4
12916 6
12928 8
12932 17
12938 9
12944 10
12946 13
12960 8
12962 8
12968 7
12970 16
12994 16
12996 6
13000 38
13010 21
13012 6
13028 15
13032 5
13042 7
13050 22
13058 7
13060 12
13088 5
13096 9
13106 5
13108 14
13120 19
13122 5
13124 18
13130 27
13136 12
13138 9
13140 11
13154 9
13162 9
13172 13
13192 17
13194 5
13204 9
13210 13
13220 15
13226 10
13234 24
13250 37
13252 13
13256 7
13264 9
13274 8
13282 21
13284 10
13298 19
13306 10
13312 6
13316 11
13320 22
13322 7
13328 6
13346 11
13352 9
13364 17
13378 4
13394 17
13396 15
13402 12
13410 14
13418 16
13426 10
13428 7
13444 6
13448 10
13450 18
13456 15
13460 19
13466 14
13472 5
13474 5
13480 15
13492 6
13498 14
13514 23
13520 24
13522 9
13540 28
13544 7
13546 15
13556 4
13562 8
13568 6
13572 20
13576 7
13586 11
13600 18
13610 16
13626 12
13634 21
13648 8
13652 10
13658 4
13666 5
13672 7
13682 7
13690 22
13698 4
13700 29
13712 12
13714 12
13730 11
13732 8
13736 12
13738 8
13754 12
13768 8
13770 14
13778 3
13780 35
13786 16
13796 11
13810 12
13828 7
13834 7
13840 23
13842 6
13844 7
13850 37
13856 2
13858 24
13864 9
13876 6
13896 9
13898 6
13906 20
13914 10
13922 7
13924 8
13928 3
13940 24
13952 6
13954 8
13960 14
13968 6
13978 16
13988 11
13994 10
14002 6
14004 4
14020 7
14024 13
14026 6
14032 8
14036 4
14050 32
14066 16
14068 8
14090 14
14096 4
14112 4
14114 12
14116 6
14120 14
14130 17
14132 8
14138 7
14144 18
14152 12
14162 9
14164 10
14170 37
14180 12
14184 8
14186 14
14210 16
14216 8
14218 9
14228 10
14240 12
14242 7
14248 14
14258 9
14274 17
14282 19
14290 9
14292 6
14308 9
14312 4
14314 8
14324 7
14330 16
14346 10
14354 7
14356 13
14368 7
14372 7
14386 7
14400 13
14404 17
14408 5
14416 12
14418 8
14426 8
14436 2
14440 8
14450 29
14452 12
14458 7
14464 5
14468 3
14474 10
14480 13
14482 12
14500 28
14504 15
14506 6
14522 16
14530 15
14544 7
14548 7
14562 6
14578 16
14580 7
14594 5
14596 13
14600 20
14602 5
14612 15
14618 6
14624 6
14642 6
14650 13
14656 6
14660 22
14666 9
14690 26
14692 8
14698 9
14708 7
14722 14
14724 6
14738 4
14746 14
14752 7
14760 17
14762 8
14778 4
14786 5
14788 7
14792 4
14794 18
14800 21
14804 10
14810 15
14824 15
14834 3
14836 4
14842 16
14848 6
14864 10
14866 13
14884 12
14888 6
14890 15
14900 23
14906 12
14912 8
14914 7
14920 18
14922 9
14930 12
14932 6
14948 13
14954 6
14962 3
14976 5
14978 6
14984 5
14992 10
14994 10
15002 17
15016 9
15028 16
15034 5
15044 6
15056 5
15058 8
15074 3
15076 3
15080 28
15082 11
15098 5
15112 5
15122 6
15130 26
15138 6
15140 13
15146 9
15154 4
15156 6
15170 43
15172 9
15178 9
15184 13
15188 7
15208 5
15210 21
15220 15
15236 15
15242 6
15248 7
15250 19
15264 6
15266 13
15284 3
15298 8
15300 17
15304 4
15332 4
15338 7
15346 9
15354 2
15362 6
15368 12
15370 31
15376 6
15380 14
15386 9
15392 10
15412 8
15418 11
15424 6
15426 9
15434 6
15440 9
15460 8
15464 8
15476 10
15482 6
15488 3
15490 20
15496 13
15506 6
15508 6
15514 11
15520 14
15524 8
15530 22
15538 10
15556 6
15560 14
15570 17
15572 9
15578 5
15586 1
15588 10
15592 5
15602 14
15616 5
15626 19
15632 9
15634 6
15650 19
15658 6
15668 6
15674 15
15680 6
15682 4
15688 12
15696 12
15700 20
15706 4
15714 5
15716 7
15730 19
15746 8
15754 10
15760 6
15776 9
15784 6
15786 11
15794 18
15802 3
15826 13
15842 7
15844 14
15850 20
15858 6
15860 16
15866 5
15874 6
15876 2
15880 13
15892 11
15898 7
15908 16
15912 8
15914 11
15938 17
15940 14
15944 3
15952 5
15956 8
15970 7
15976 2
15986 5
16000 20
16004 8
16010 17
16018 4
16020 12
16034 5
16040 9
16042 12
16052 7
16066 13
16072 7
16084 4
16090 13
16106 2
16130 17
16132 16
16136 10
16138 7
16144 5
16154 13
16160 18
16162 6
16164 3
16178 7
16180 12
16186 6
16196 6
16200 9
16202 4
16208 8
16210 12
16218 10
16228 5
16232 4
16234 8
16250 16
16272 6
16276 6
16288 8
16290 12
16292 6
16298 14
16322 3
16328 21
16336 5
16354 27
16360 10
16362 5
16370 14
16372 6
16384 4
16388 7
16400 12
16418 6
16420 11
16424 7
16442 5
16448 2
16452 4
16456 4
16466 4
16474 5
16484 12
16488 12
16490 26
16498 13
16516 3
16528 3
16532 5
16538 10
16546 7
16552 5
16562 8
16564 15
16570 12
16580 14
16586 11
16592 12
16594 3
16596 7
16612 8
16628 7
16634 6
16640 7
16642 10
16648 8
16650 15
16658 2
16660 6
16666 13
16672 4
16690 12
16704 6
16706 4
16708 4
16712 6
16714 12
16722 4
16724 7
16738 10
16754 7
16762 16
16776 5
16778 4
16784 7
16804 5
16810 14
16820 18
16840 12
16848 6
16850 13
16858 2
16866 2
16868 3
16900 19
16904 1
16916 4
16922 5
16928 3
16930 8
16936 7
16938 2
16946 18
16954 7
16960 16
16964 7
16970 8
16976 2
16978 12
16994 13
17000 16
17002 3
17012 4
17026 6
17032 4
17042 5
17044 5
17056 8
17060 14
17074 5
17082 14
17090 5
17092 3
17096 6
17104 7
17128 6
17140 13
17146 8
17154 1
17156 3
17162 7
17168 7
17170 26
17172 8
17186 13
17188 5
17194 4
17210 7
17216 4
17218 7
17224 5
17242 12
17258 5
17266 11
17282 5
17284 8
17288 6
17298 4
17300 18
17306 4
17312 5
17316 11
17320 8
17330 14
17338 5
17348 2
17352 5
17354 8
17362 5
17370 14
17378 1
17384 8
17386 9
17396 8
17408 1
17410 14
17424 5
17426 4
17428 3
17440 8
17444 5
17450 11
17460 16
17474 9
17476 10
17482 6
17488 6
17492 5
17498 15
17506 2
17522 5
17524 12
17530 8
17536 6
17540 8
17552 10
17568 5
17576 10
17586 6
17588 5
17602 11
17620 14
17636 8
17640 4
17642 8
17650 16
17658 7
17666 4
17672 3
17674 4
17680 23
17684 6
17690 32
17698 3
17704 3
17714 13
17728 3
17730 13
17738 3
17744 5
17748 8
17764 5
17768 3
17770 14
17786 5
17800 15
17810 13
17812 14
17824 4
17828 6
17834 11
17858 8
17866 2
17872 7
17876 10
17882 6
17890 10
17896 5
17908 3
17914 11
17924 4
17938 2
17946 9
17956 1
17960 11
17972 4
17978 12
17984 6
17986 4
17992 11
18000 9
18002 4
18010 13
18020 20
18026 4
18050 4
18052 5
18056 13
18058 4
18064 10
18068 8
18080 10
18082 4
18098 7
18100 14
18122 17
18130 14
18148 11
18152 8
18154 7
18162 7
18178 13
18180 9
18184 7
18196 3
18208 3
18212 9
18218 2
18226 6
18234 11
18244 8
18248 1
18250 24
18266 3
18274 5
18280 11
18292 11
18306 9
18314 3
18320 10
18322 4
18324 3
18338 8
18344 6
18346 5
18356 11
18362 5
18378 6
18386 7
18388 11
18394 8
18418 3
18432 4
18434 10
18440 7
18442 3
18448 5
18450 18
18464 2
18472 3
18482 6
18484 6
18490 9
18496 11
18500 14
18504 5
18512 7
18514 4
18530 20
18532 7
18548 6
18554 2
18560 9
18562 4
18580 9
18586 5
18594 1
18596 3
18610 12
18628 5
18632 6
18640 8
18650 17
18664 6
18666 5
18674 5
18682 2
18688 6
18692 4
18698 6
18720 5
18728 4
18730 10
18740 6
18752 6
18754 5
18756 8
18770 9
18772 3
18778 5
18792 1
18794 5
18818 11
18820 4
18824 7
18826 4
18836 7
18842 3
18850 23
18856 3
18866 1
18868 12
18874 5
18882 2
18884 2
18890 12
18896 3
18914 4
18916 4
18922 5
18932 6
18938 6
18944 7
18946 5
18954 3
18976 3
18980 15
18994 5
19010 8
19012 3
19016 5
19018 10
19024 14
19042 3
19044 3
19048 4
19058 6
19060 7
19066 3
19072 7
19080 9
19088 3
19098 5
19106 10
19108 7
19112 3
19130 6
19144 7
19154 10
19156 7
19172 3
19186 3
19188 8
19202 3
19204 2
19208 2
19210 13
19216 4
19220 2
19226 5
19232 4
19240 24
19242 5
19252 11
19258 6
19280 6
19298 5
19300 20
19306 6
19314 11
19322 4
19330 10
19336 2
19346 6
19354 4
19360 3
19368 4
19370 14
19378 6
19394 1
19396 9
19400 10
19402 9
19408 3
19442 4
19444 9
19450 14
19466 5
19472 6
19476 4
19490 12
19496 1
19498 4
19508 7
19520 13
19528 3
19538 2
19540 12
19546 7
19556 3
19562 5
19584 5
19594 8
19600 6
19602 1
19604 12
19610 16
19616 5
19618 9
19620 8
19634 7
19636 5
19652 12
19658 3
19664 5
19666 6
19674 4
19682 13
19700 7
19714 2
19720 12
19728 4
19730 9
19732 6
19744 5
19746 3
19748 4
19762 10
19784 6
19786 7
19792 4
19796 1
19802 2
19816 5
19828 5
19844 6
19850 9
19856 9
19858 5
19876 6
19882 2
19890 14
19892 2
19898 5
19906 5
19924 6
19930 5
19940 16
19944 5
19946 3
19962 3
19970 6
19972 4
19984 4
19994 7
20000 14
20002 4
20008 5
20018 3
20032 4
20036 4
20050 13
20052 6
20068 14
20072 8
20074 1
20084 3
20090 7
20096 2
20098 9
20106 3
20114 7
20122 3
20128 9
20138 8
20162 7
20164 1
20168 4
20170 9
20176 4
20180 7
20186 2
20200 8
20228 4
20232 2
20242 11
20250 8
20260 5
20264 10
20266 5
20276 7
20282 4
20288 1
20290 7
20308 4
20322 2
20324 4
20338 5
20340 9
20354 4
20360 2
20362 6
20384 6
20386 4
20392 5
20402 8
20404 4
20410 22
20420 6
20432 1
20434 5
20450 18
20452 1
20456 8
20458 8
20474 7
20480 2
20484 1
20488 10
20498 7
20500 17
20506 8
20512 8
20530 3
20546 5
20560 4
20564 4
20570 5
20578 1
20602 3
20610 10
20612 3
20618 5
20624 1
20626 2
20642 3
20644 9
20648 3
20660 10
20666 6
20674 2
20690 8
20714 2
20722 7
20736 2
20740 11
20744 1
20752 4
20754 5
20756 3
20772 3
20776 2
20788 3
20794 4
20800 15
20808 8
20810 6
20816 5
20826 7
20836 5
20840 6
20842 6
20852 9
20858 5
20866 1
20872 4
20880 4
20882 8
20890 6
20896 2
20906 6
20914 3
20932 3
20936 4
20938 2
20948 2
20954 2
20968 4
20970 6
20978 6
20980 14
20992 3
20996 5
21002 3
21008 2
21024 3
21026 2
21034 4
21044 3
21050 17
21058 2
21060 3
21064 3
21074 4
21092 2
21096 2
21106 1
21124 5
21130 10
21136 3
21146 7
21152 4
21160 2
21170 15
21178 5
21188 5
21194 2
21200 9
21202 2
21218 3
21220 9
21226 5
21236 7
21250 16
21256 1
21258 4
21268 6
21284 8
21290 7
21312 4
21314 4
21316 2
21320 15
21332 5
21346 7
21348 4
21352 9
21364 3
21370 5
21380 4
21386 10
21402 9
21410 12
21412 6
21416 5
21418 6
21456 6
21458 4
21460 12
21466 5
21474 6
21506 4
21512 1
21520 9
21524 3
21530 7
21536 4
21538 3
21544 3
21554 3
21556 9
21562 6
21568 2
21572 4
21578 4
21608 5
21610 7
21618 3
21632 2
21634 3
21636 1
21640 13
21650 7
21652 2
21658 7
21664 4
21668 4
21674 5
21682 8
21690 6
21704 4
21706 3
21716 7
21722 3
21730 7
21754 5
21760 5
21764 5
21776 2
21778 1
21780 3
21794 4
21796 1
21800 8
21818 3
21832 6
21834 3
21860 9
21866 6
21874 4
21892 3
21904 10
21906 2
21908 7
21914 1
21920 3
21922 6
21928 2
21940 1
21946 3
21960 2
21968 3
21970 9
21986 4
21992 2
22004 2
22018 5
22024 4
22032 5
22048 6
22050 6
22052 9
22058 5
22068 4
22082 12
22084 2
22090 4
22096 3
22100 18
22114 8
22122 3
22130 2
22138 2
22144 5
22148 2
22160 3
22178 4
22180 3
22186 3
22194 2
22202 6
22210 7
22212 3
22216 3
22226 7
22228 1
22234 4
22250 6
22266 7
22276 3
22280 4
22282 9
22292 4
22298 3
22304 5
22312 4
22322 2
22324 2
22336 3
22338 2
22340 6
22346 3
22354 2
22370 3
22376 3
22388 7
22394 1
22408 3
22432 1
22442 4
22450 4
22468 2
22472 7
22474 5
22480 3
22490 8
22500 5
22504 4
22514 4
22516 8
22522 5
22536 2
22544 3
22546 1
22562 2
22564 1
22570 14
22580 5
22592 2
22600 10
22608 1
22628 3
22634 3
22642 7
22644 4
22658 2
22664 3
22672 4
22676 4
22688 3
22690 7
22696 4
22698 5
22706 4
22714 8
22730 1
22736 2
22738 2
22756 1
22760 4
22772 1
22784 3
22786 1
22802 5
22804 2
22810 3
22824 2
22826 7
22850 5
22852 3
22856 3
22864 2
22868 3
22874 1
22882 3
22888 2
22898 1
22900 12
22906 11
22916 5
22922 4
22928 3
22930 9
22932 4
22948 1
22964 6
22970 7
22978 2
22984 8
22986 1
22994 2
22996 2
23018 3
23026 2
23040 2
23042 7
23050 14
23060 3
23076 1
23080 5
23090 5
23098 4
23104 1
23108 6
23120 11
23130 8
23140 8
23162 9
23168 3
23176 3
23186 2
23200 5
23202 2
23204 2
23234 1
23236 10
23242 1
23248 3
23252 1
23258 2
23266 6
23272 4
23284 1
23290 7
23300 8
23314 2
23328 2
23330 3
23346 1
23348 5
23354 6
23360 5
23362 5
23378 1
23400 5
23402 1
23410 8
23418 1
23426 8
23432 7
23434 2
23440 2
23444 1
23456 5
23458 6
23474 2
23476 5
23490 2
23504 4
23508 4
23524 2
23528 6
23530 8
23546 1
23554 2
23570 6
23578 4
23588 3
23602 4
23616 3
23618 4
23620 6
23624 1
23626 2
23634 3
23642 1
23656 1
23666 1
23668 4
23680 6
23696 2
23698 7
23716 1
23720 4
23722 3
23732 3
23752 5
23762 3
23764 3
23770 4
23778 4
23780 10
23794 2
23796 3
23810 2
23812 4
23816 7
23818 6
23824 1
23834 2
23840 6
23850 7
23860 4
23866 1
23872 2
23882 3
23888 5
23890 2
23906 4
23912 4
23924 2
23930 3
23938 1
23944 3
23956 1
23962 4
23972 5
23976 3
24004 4
24008 2
24010 5
24020 3
24026 3
24034 7
24040 4
24050 17
24074 4
24082 5
24098 2
24100 7
24106 3
24116 3
24128 5
24138 2
24148 2
24154 6
24170 4
24194 2
24200 3
24202 4
24208 6
24210 4
24212 5
24218 1
24224 2
24226 1
24228 5
24232 3
24250 6
24260 1
24264 4
24272 6
24274 4
24292 3
24296 3
24298 1
24314 4
24322 2
24328 1
24336 2
24340 2
24352 3
24356 1
24362 2
24370 3
24372 2
24386 1
24392 4
24394 8
24400 6
24404 3
24410 4
24418 5
24436 5
24442 5
24452 2
24466 3
24480 2
24482 1
24484 4
24488 4
24498 1
24500 3
24506 3
24520 3
24532 2
24538 4
24548 2
24554 2
24562 2
24578 1
24580 2
24592 2
24602 1
24616 3
24634 10
24642 8
24644 2
24650 14
24658 1
24660 4
24674 12
24680 5
24692 3
24698 4
24704 2
24712 2
24714 4
24730 7
24736 2
24740 3
24746 2
24754 1
24770 5
24778 6
24784 1
24786 1
24788 1
24802 3
24804 2
24820 7
24826 1
24842 1
24848 3
24858 2
24866 2
24868 1
24872 2
24874 5
24884 5
24896 5
24914 5
24916 2
24922 5
24930 3
24938 3
24946 1
24964 3
24968 5
24980 3
24986 3
24994 3
25000 8
25010 8
25012 5
25028 1
25034 4
25040 3
25064 2
25076 1
25088 2
25090 11
25092 5
25106 4
25108 3
25114 4
25120 3
25138 1
25154 1
25160 9
25168 1
25186 1
25202 3
25204 4
25210 3
25216 1
25220 12
25236 5
25250 6
25258 1
25274 3
25282 2
25288 3
25290 3
25306 3
25330 5
25348 2
25352 2
25360 5
25362 1
25364 6
25376 6
25378 1
25394 1
25402 3
25412 4
25426 3
25434 2
25442 1
25444 4
25450 4
25480 3
25490 3
25504 6
25506 5
25514 2
25538 6
25540 1
25546 2
25552 3
25556 2
25562 2
25570 4
25578 1
25588 1
25600 2
25604 1
25610 8
25616 4
25618 1
25636 8
25640 2
25642 3
25652 2
25658 2
25664 1
25666 2
25672 2
25684 1
25700 5
25706 5
25722 1
25736 1
25738 1
25748 1
25768 1
25778 2
25780 3
25786 2
25794 5
25810 13
25826 3
25832 1
25834 4
25856 3
25864 4
25874 3
25876 3
25882 5
25888 1
25906 1
25920 3
25922 1
25924 1
25930 5
25936 4
25940 4
25946 1
25970 3
25988 2
25994 2
26000 5
26002 2
26010 3
26018 4
26020 2
26024 1
26042 5
26050 8
26056 2
26064 2
26066 2
26074 2
26084 1
26090 3
26098 1
26100 6
26116 2
26120 3
26122 3
26146 4
26154 4
26170 2
26176 1
26186 1
26192 2
26210 2
26212 2
26216 2
26218 1
26234 2
26240 8
26242 1
26244 1
26248 6
26260 9
26272 2
26276 2
26280 5
26282 2
26308 2
26324 2
26330 4
26338 4
26344 1
26362 2
26370 5
26378 1
26384 5
26388 1
26408 4
26420 3
26426 6
26440 1
26442 2
26450 1
26452 2
26458 1
26468 2
26482 4
26498 2
26500 6
26504 4
26506 4
26522 3
26528 1
26546 3
26548 3
26564 1
26568 3
26570 4
26578 3
26596 3
26612 2
26618 1
26624 2
26632 1
26640 8
26644 3
26650 9
26656 1
26658 3
26674 1
26690 10
26692 1
26714 2
26728 3
26738 4
26756 2
26762 2
26770 5
26788 1
26792 1
26794 4
26802 1
26804 1
26836 3
26842 2
26852 3
26856 3
26858 1
26890 1
26896 3
26900 3
26912 2
26914 1
26920 4
26930 1
26932 1
26944 2
26948 4
26960 1
26962 6
26984 1
26996 4
27010 5
27026 2
27028 1
27040 3
27050 6
27080 2
27088 1
27092 3
27098 2
27106 3
27112 2
27124 3
27130 2
27144 3
27146 1
27152 3
27154 1
27172 1
27200 4
27220 1
27226 2
27234 2
27242 4
27250 4
27252 1
27268 2
27274 4
27290 2
27296 3
27298 1
27304 2
27306 2
27316 1
27332 2
27338 3
27344 1
27362 3
27364 3
27378 2
27380 7
27394 1
27396 1
27400 2
27410 3
27418 3
27424 1
27428 2
27442 1
27450 1
27460 5
27464 2
27490 5
27506 2
27514 1
27530 1
27538 1
27540 1
27556 1
27560 5
27562 2
27578 1
27592 2
27602 1
27620 1
27634 3
27656 1
27658 3
27666 1
27674 4
27680 4
27682 1
27688 2
27700 3
27712 2
27716 2
27728 2
27752 2
27770 3
27794 5
27802 2
27812 3
27844 2
27848 1
27850 3
27856 2
27880 5
27882 1
27890 3
27898 3
27904 1
27908 1
27914 4
27920 2
27938 6
27946 6
27954 2
27956 4
27970 3
27988 1
28010 3
28018 4
28040 1
28048 4
28052 3
28058 1
28066 1
28072 1
28090 5
28100 3
28114 2
28130 5
28132 5
28136 1
28162 2
28170 3
28178 2
28180 2
28186 1
28192 2
28228 3
28240 3
28250 4
28260 2
28264 2
28276 2
28288 3
28306 1
28314 2
28322 1
28324 6
28330 1
28340 3
28346 4
28360 4
28368 1
28370 4
28372 2
28418 3
28420 2
28426 8
28432 2
28442 2
28450 5
28480 1
28484 1
28496 1
28514 5
28516 1
28522 2
28530 1
28548 2
28562 1
28564 3
28570 4
28580 3
28584 1
28594 1
28610 1
28618 2
28628 1
28648 1
28660 3
28682 5
28708 2
28712 2
28714 2
28730 13
28736 1
28738 2
28746 3
28762 4
28778 1
28786 2
28802 1
28808 2
28832 3
28834 2
28850 4
28852 2
28874 1
28900 4
28906 2
28916 1
28922 2
28946 1
28948 2
28960 5
28964 2
28970 2
28978 1
29000 5
29008 4
29012 1
29042 3
29044 5
29060 2
29066 1
29074 1
29090 3
29096 1
29114 1
29138 2
29156 3
29160 1
29178 1
29186 1
29192 1
29200 3
29204 4
29224 4
29236 1
29248 1
29250 4
29258 2
29282 1
29284 2
29290 4
29300 2
29306 2
29312 1
29320 1
29322 1
29338 2
29354 1
29362 5
29378 1
29380 3
29384 2
29410 6
29416 1
29426 2
29444 2
29448 2
29474 1
29476 2
29482 1
29492 2
29504 1
29506 1
29524 1
29530 4
29556 3
29570 2
29572 2
29584 1
29588 2
29594 4
29600 6
29602 1
29608 3
29620 4
29626 1
29648 3
29650 2
29668 2
29672 1
29674 5
29682 3
29684 1
29690 1
29696 1
29728 1
29732 1
29738 1
29770 1
29776 1
29780 4
29786 1
29794 3
29800 3
29812 2
29818 1
29824 1
29826 1
29828 1
29840 2
29860 1
29864 1
29890 1
29896 2
29914 1
29924 2
29954 2
29956 1
29970 2
29978 1
29984 1
29988 1
30010 1
30032 1
30034 1
30050 1
30056 3
30068 1
30082 6
30088 1
30098 1
30106 3
30112 1
30116 2
30122 3
30146 1
30152 1
30154 2
30164 1
30196 1
30202 1
30244 3
30250 5
30258 4
30260 3
30266 1
30274 1
30280 1
30290 2
30298 1
30308 2
30322 2
30330 3
30340 1
30344 1
30356 1
30368 2
30370 3
30376 1
30386 2
30410 1
30420 2
30440 3
30458 2
30466 2
30472 1
30474 1
30482 2
30484 1
30490 2
30496 2
30500 4
30532 1
30538 3
30554 1
30578 1
30586 1
30600 3
30608 1
30610 3
30634 2
30650 3
30658 1
30664 2
30682 1
30698 3
30706 1
30736 2
30740 3
30760 3
30762 1
30770 5
30772 1
30784 3
30794 1
30802 1
30824 1
30850 6
30852 1
30880 2
30890 1
30906 1
30914 1
30920 1
30922 1
30928 1
30946 1
30952 1
30962 4
30964 1
30980 2
30992 1
31018 2
31028 1
31040 1
31048 1
31058 1
31060 2
31066 1
31076 2
31082 1
31120 4
31140 2
31144 1
31154 2
31156 1
31162 1
31172 1
31176 1
31194 1
31202 1
31204 1
31210 2
31226 1
31250 1
31252 1
31258 2
31264 1
31268 2
31282 3
31298 1
31300 1
31316 1
31330 1
31338 2
31348 1
31354 1
31360 1
31370 1
31376 1
31392 1
31400 1
31410 1
31432 1
31450 2
31460 1
31466 1
31492 1
31508 2
31538 2
31568 1
31594 1
31604 1
31618 1
31634 1
31684 1
31714 4
31720 2
31732 2
31752 1
31770 1
31784 2
31796 1
31802 1
31816 2
31824 4
31826 2
31828 2
31842 1
31850 1
31858 1
31876 1
31888 1
31904 1
31940 2
31946 1
31952 1
31954 2
31994 1
32008 1
32040 2
32042 2
32050 1
32058 1
32066 2
32084 2
32132 1
32162 1
32168 1
32170 2
32202 1
32210 1
32260 4
32264 2
32266 5
32290 2
32308 4
32320 1
32328 1
32330 1
32360 1
32386 1
32416 1
32456 1
32458 1
32468 1
32474 2
32482 1
32500 2
32530 3
32544 1
32552 1
32554 2
32576 1
32580 1
32644 1
32650 1
32656 1
32672 1
32698 1
32708 2
32720 2
32722 1
32740 2
32762 2
32770 1
32800 1
32810 4
32840 1
32850 4
32932 2
32948 1
32962 2
32968 2
32986 1
32996 2
33002 1
33010 1
33026 1
33032 1
33050 2
33076 1
33122 1
33124 1
33128 2
33140 2
33146 2
33154 1
33160 2
33192 1
33224 1
33268 1
33280 2
33284 2
33298 2
33300 2
33314 1
33320 2
33322 3
33332 1
33346 3
33354 2
33412 1
33424 1
33434 1
33444 1
33458 1
33466 1
33482 1
33490 3
33508 2
33514 1
33524 1
33552 1
33556 1
33568 1
33570 2
33610 1
33620 1
33650 1
33674 1
33680 1
33696 2
33722 2
33778 1
33800 4
33802 2
33826 1
33844 1
33860 3
33872 1
33876 1
33890 1
33898 1
33920 1
33930 3
33952 2
33956 2
33986 1
33988 2
34000 2
34018 1
34024 1
34052 2
34082 1
34088 1
34112 2
34114 2
34130 3
34138 1
34148 1
34180 1
34186 1
34218 1
34226 2
34234 1
34250 1
34256 1
34274 1
34282 1
34292 3
34312 1
34322 1
34336 2
34340 1
34346 1
34354 1
34372 1
34388 1
34394 1
34420 3
34432 1
34442 1
34448 1
34450 4
34514 1
34522 1
34532 1
34568 2
34570 2
34578 2
34610 1
34612 1
34632 3
34634 1
34640 1
34660 2
34704 1
34714 1
34740 1
34768 1
34772 1
34778 1
34792 1
34820 1
34850 3
34856 1
34866 1
34880 1
34900 5
34946 1
34964 1
34976 1
34984 1
34996 1
35018 1
35044 1
35048 3
35050 3
35060 1
35066 1
35072 1
35080 1
35114 2
35136 1
35138 1
35152 3
35170 1
35240 1
35258 1
35290 1
35300 4
35330 1
35338 1
35348 1
35360 1
35362 1
35368 1
35380 2
35386 1
35396 1
35410 1
35428 1
35460 1
35498 1
35600 1
35624 2
35666 1
35668 1
35698 2
35722 1
35730 1
35746 1
35752 1
35770 2
35780 1
35818 1
35828 1
35876 1
35892 1
35914 1
35956 1
35962 1
35984 1
36020 1
36026 1
36040 1
36052 1
36082 1
36098 1
36104 2
36116 1
36130 1
36162 1
36170 2
36178 1
36244 1
36250 1
36260 1
36346 1
36370 1
36392 1
36452 1
36458 1
36490 2
36514 1
36530 4
36554 1
36562 2
36626 1
36628 1
36648 1
36650 1
36706 1
36724 1
36770 1
36772 1
36776 2
36788 1
36794 1
36802 1
36810 1
36826 1
36836 1
36868 1
36884 1
37000 2
37010 1
37064 2
37090 2
37098 1
37108 1
37220 1
37256 1
37258 1
37274 1
37280 1
37298 2
37300 1
37328 1
37330 2
37384 1
37418 1
37426 1
37460 1
37480 1
37504 1
37546 1
37570 2
37602 1
37640 1
37700 1
37714 2
37746 1
37778 2
37802 1
37826 1
37832 2
37890 1
37908 1
37946 1
38024 1
38034 1
38036 1
38116 1
38160 1
38176 1
38186 1
38260 1
38330 3
38376 1
38404 1
38408 2
38432 1
38506 1
38516 1
38536 1
38546 1
38600 1
38740 1
38800 2
38858 1
38900 1
38930 2
38970 1
38986 1
39002 1
39056 1
39112 1
39200 2
39240 1
39290 1
39332 1
39362 1
39364 1
39400 1
39456 1
39458 1
39460 1
39554 2
39572 1
39610 1
39700 1
39706 1
39712 1
39730 1
39752 1
39764 1
39794 1
39826 1
39850 1
39880 1
39890 1
39924 1
39978 1
40000 1
40034 1
40144 1
40154 1
40168 1
40196 1
40212 1
40256 1
40276 1
40340 1
40346 1
40354 1
40400 1
40456 1
40482 1
40520 1
40528 1
40570 1
40658 2
40690 1
40730 1
40768 1
40820 1
40826 1
40840 1
40900 1
40912 2
40930 1
41234 1
41252 1
41380 1
41450 2
41552 1
41570 1
41634 1
41680 1
41810 1
41872 1
41896 1
42010 1
42050 1
42116 1
42120 1
42194 1
42250 1
42272 1
42298 1
42338 1
42376 1
42400 1
42530 1
42632 1
42640 1
42650 1
42664 1
42692 1
42760 1
42778 1
42898 1
42920 1
42948 1
43018 1
43226 1
43236 2
43250 1
43322 1
43346 1
43508 1
43546 2
43618 1
43784 1
43906 1
43920 1
43954 1
44122 1
44306 1
44370 1
44420 1
44426 1
44456 1
44474 1
44500 1
44770 1
44810 1
44914 1
45578 1
45890 1
46216 1
46260 1
46490 1
46580 1
46800 1
47232 1
47700 2
48386 1
48452 1
48490 1
49250 1
49498 1
49508 1
49882 1
50020 1
50580 1
50626 1
50900 1
51050 1
51156 1
51962 1
52000 1
52034 1
52884 1
53640 1
54532 1
55012 1
56530 1
57044 1
