N J h mean_R_sq err_mean_R_sq mean_R_gyr_sq err_mean_R_gyr_sq 
2500 1.325 0 3107.5 1113.33 820.747 214.468
1 11
5 30
9 9
13 24
17 18
25 51
29 35
37 25
41 33
45 34
49 13
53 39
61 32
65 83
73 43
81 18
85 69
89 34
97 44
101 32
109 35
113 38
117 49
121 18
125 77
137 45
145 81
149 34
153 37
157 38
169 57
173 36
181 41
185 87
193 37
197 45
205 73
221 84
225 62
229 41
233 38
241 45
245 39
257 41
261 44
265 74
269 35
277 42
281 38
289 65
293 59
305 72
313 40
317 37
325 140
333 38
337 39
349 34
353 45
361 16
365 80
369 61
373 36
377 79
389 32
397 53
401 41
405 41
409 43
421 34
425 126
433 34
441 26
445 93
449 30
457 45
461 38
477 38
481 88
485 76
493 73
505 82
509 36
521 38
529 25
533 85
541 41
545 83
549 48
557 45
565 82
569 34
577 39
585 81
593 39
601 42
605 48
613 32
617 41
625 87
629 83
637 47
641 48
653 36
657 44
661 43
673 39
677 45
685 84
689 68
697 63
701 47
709 48
725 111
729 23
733 45
745 72
757 37
761 33
765 62
769 31
773 41
785 71
793 69
797 44
801 27
809 38
821 45
829 38
833 43
841 61
845 125
853 48
857 37
865 55
873 35
877 37
881 36
901 78
905 75
909 38
925 98
929 43
937 38
941 41
949 65
953 37
961 14
965 65
977 34
981 39
985 80
997 29
1009 51
1013 46
1017 33
1021 40
1025 107
1033 30
1037 62
1049 39
1053 41
1061 34
1069 38
1073 65
1089 9
1093 30
1097 38
1105 91
1109 43
1117 31
1125 62
1129 26
1145 69
1153 26
1157 67
1165 63
1181 32
1189 65
1193 33
1201 42
1205 60
1213 31
1217 22
1225 46
1229 32
1233 33
1237 31
1241 62
1249 25
1261 59
1277 32
1285 51
1289 25
1297 39
1301 29
1305 55
1313 54
1321 27
1325 88
1341 32
1345 60
1361 26
1369 51
1373 21
1377 30
1381 28
1385 55
1405 73
1409 27
1413 26
1417 57
1421 28
1429 27
1433 42
1445 92
1453 29
1465 50
1469 56
1481 34
1489 25
1493 29
1513 53
1517 57
1521 48
1525 87
1537 62
1549 24
1553 28
1557 31
1565 54
1573 22
1585 51
1597 29
1601 30
1609 35
1613 23
1621 24
1625 115
1629 27
1637 31
1649 60
1657 25
1665 31
1669 14
1681 39
1685 37
1693 26
1697 25
1709 22
1717 47
1721 27
1733 25
1737 31
1741 36
1745 56
1753 23
1765 51
1769 51
1773 32
1777 21
1781 49
1789 14
1801 26
1805 26
1813 26
1825 89
1845 46
1849 4
1853 50
1861 34
1865 58
1873 29
1877 21
1885 90
1889 18
1901 29
1913 24
1921 49
1933 27
1937 54
1945 59
1949 23
1961 47
1973 26
1985 47
1989 43
1993 20
1997 24
2005 42
2009 20
2017 23
2025 38
2029 27
2041 54
2045 38
2053 22
2057 22
2061 23
2069 18
2081 22
2089 24
2097 28
2105 56
2113 28
2117 47
2125 83
2129 22
2137 25
2141 27
2153 22
2161 22
2165 45
2169 20
2173 35
2197 37
2205 30
2209 7
2213 14
2221 19
2225 52
2237 10
2245 36
2249 43
2257 42
2269 20
2273 20
2281 20
2285 28
2293 20
2297 16
2305 50
2309 21
2313 15
2329 54
2333 18
2341 22
2349 20
2353 41
2357 33
2377 14
2381 15
2385 45
2389 17
2393 16
2401 11
2405 90
2417 16
2421 20
2425 53
2437 19
2441 14
2465 75
2473 20
2477 12
2493 15
2501 34
2509 33
2521 24
2525 43
2529 19
2533 29
2545 32
2549 18
2557 25
2561 31
2581 27
2593 18
2597 20
2601 17
2605 28
2609 11
2617 14
2621 23
2633 20
2637 24
2645 24
2657 12
2665 74
2669 32
2677 23
2689 21
2693 15
2701 32
2705 30
2713 12
2725 50
2729 17
2741 17
2745 25
2749 19
2753 22
2777 12
2785 32
2789 12
2797 17
2801 17
2809 23
2813 26
2817 17
2825 53
2833 13
2837 11
2845 27
2853 9
2857 17
2861 14
2873 43
2885 27
2897 11
2909 14
2917 18
2925 43
2929 26
2941 32
2953 14
2957 15
2965 21
2969 12
2977 29
2989 17
2993 15
2997 10
3001 9
3005 28
3025 24
3029 27
3033 15
3037 9
3041 15
3049 19
3061 14
3065 37
3077 22
3085 26
3089 17
3109 10
3121 12
3125 37
3133 19
3137 14
3141 19
3145 54
3161 24
3169 10
3177 12
3181 14
3185 24
3205 27
3209 15
3217 11
3221 7
3229 14
3233 22
3249 5
3253 9
3257 8
3265 23
3277 20
3281 29
3285 22
3293 18
3301 9
3305 23
3313 10
3321 12
3329 11
3341 25
3349 28
3357 13
3361 12
3365 22
3373 9
3385 12
3389 11
3393 24
3413 13
3425 31
3433 11
3445 47
3449 12
3457 15
3461 11
3469 12
3481 4
3485 49
3497 21
3501 13
3505 13
3509 7
3517 14
3529 14
3533 8
3541 11
3545 21
3557 14
3573 13
3577 7
3581 8
3589 21
3593 7
3601 17
3609 7
3613 17
3617 9
3625 33
3637 8
3645 11
3649 18
3653 23
3665 21
3673 9
3677 11
3681 7
3697 8
3701 5
3709 12
3721 10
3725 27
3733 8
3737 15
3757 23
3761 10
3769 18
3785 21
3789 7
3793 5
3797 5
3805 10
3809 13
3821 4
3825 29
3833 7
3845 17
3853 6
3865 14
3869 11
3877 9
3881 6
3889 6
3893 21
3897 11
3917 3
3925 20
3929 8
3961 14
3965 23
3969 3
3973 12
3977 13
3985 24
3989 8
4001 11
4005 24
4013 11
4021 13
4033 14
4041 3
4045 21
4049 4
4057 8
4069 15
4073 4
4093 4
4097 17
4105 15
4113 7
4121 20
4129 6
4133 8
4141 15
4145 18
4149 5
4153 6
4157 5
4165 16
4177 10
4181 12
4201 4
4205 26
4217 7
4225 23
4229 12
4241 4
4253 6
4261 7
4265 10
4273 4
4285 14
4289 4
4293 8
4297 4
4321 18
4325 16
4329 7
4337 5
4349 4
4357 1
4361 8
4365 13
4369 15
4373 7
4381 11
4385 9
4397 5
4405 8
4409 10
4421 7
4437 10
4441 5
4453 13
4457 4
4469 16
4477 3
4481 9
4489 1
4493 7
4505 15
4513 2
4517 5
4525 15
4537 12
4545 11
4549 5
4553 9
4561 8
4573 10
4581 5
4589 10
4597 5
4621 6
4625 18
4633 10
4637 6
4645 13
4649 8
4657 5
4673 8
4685 8
4689 5
4693 5
4705 12
4709 15
4717 5
4721 6
4729 4
4733 4
4745 21
4753 1
4761 3
4765 11
4777 10
4789 3
4793 8
4797 11
4801 7
4805 5
4813 7
4817 5
4825 12
4849 12
4861 2
4869 5
4877 4
4885 6
4889 3
4901 21
4905 9
4909 4
4913 12
4925 11
4933 4
4937 5
4941 5
4949 5
4957 5
4961 2
4969 7
4973 2
4981 9
4985 7
4993 4
5009 5
5013 6
5017 8
5021 4
5041 1
5045 8
5057 13
5065 6
5069 9
5077 4
5081 3
5085 5
5101 2
5105 6
5113 3
5121 2
5125 14
5141 9
5153 4
5161 9
5165 3
5185 10
5189 3
5193 5
5197 2
5209 6
5213 10
5233 6
5237 6
5245 7
5249 6
5261 4
5265 7
5273 1
5281 3
5305 4
5309 2
5317 7
5321 10
5329 7
5333 4
5337 1
5345 5
5353 10
5365 15
5381 4
5389 3
5393 6
5409 3
5413 4
5417 2
5429 3
5437 5
5441 6
5445 4
5449 5
5465 6
5473 6
5477 3
5485 5
5501 2
5513 9
5517 5
5521 3
5525 19
5537 4
5545 6
5553 4
5557 3
5569 3
5573 2
5581 1
5585 5
5597 5
5617 7
5625 8
5629 5
5641 2
5645 9
5657 4
5661 6
5689 2
5693 5
5701 1
5713 8
5717 4
5725 4
5729 3
5733 3
5741 2
5749 1
5765 3
5769 4
5777 8
5785 11
5801 3
5809 4
5813 4
5825 15
5837 6
5849 5
5857 3
5861 2
5869 1
5877 3
5881 3
5897 3
5905 6
5913 2
5917 2
5929 1
5933 5
5941 2
5945 10
5949 3
5953 2
5965 3
5981 2
5989 6
5993 3
6001 6
6005 3
6025 10
6029 1
6053 1
6057 1
6065 11
6073 2
6085 4
6093 2
6101 3
6109 1
6113 5
6121 6
6125 3
6133 2
6137 1
6145 4
6161 3
6165 5
6173 4
6185 1
6197 1
6201 1
6205 6
6217 4
6221 1
6229 1
6241 1
6245 7
6253 4
6257 3
6269 1
6273 3
6277 2
6305 8
6309 1
6317 1
6329 1
6337 2
6341 5
6353 2
6361 2
6373 3
6381 4
6385 3
6389 2
6397 2
6401 2
6409 7
6421 4
6425 5
6437 2
6445 1
6449 1
6473 1
6481 1
6485 3
6497 8
6505 1
6521 2
6525 6
6529 1
6561 1
6565 11
6569 1
6581 1
6597 2
6605 5
6625 5
6641 5
6649 6
6661 1
6689 1
6701 3
6705 1
6709 1
6713 2
6725 2
6733 2
6737 1
6749 5
6757 3
6761 3
6781 2
6793 1
6805 2
6817 1
6829 1
6845 2
6849 2
6857 3
6869 4
6877 3
6885 3
6889 1
6905 1
6917 3
6921 1
6925 5
6929 4
6949 2
6953 3
6957 1
6961 1
6977 3
6989 1
6997 2
7001 1
7013 1
7025 9
7033 3
7045 1
7065 1
7081 1
7085 6
7093 2
7105 2
7109 1
7137 2
7141 7
7145 1
7173 1
7177 1
7193 4
7209 1
7213 4
7225 2
7237 1
7241 1
7253 2
7261 4
7265 5
7289 7
7297 1
7309 1
7325 3
7345 3
7349 2
7361 1
7373 2
7381 3
7389 1
7393 1
7397 4
7405 1
7417 1
7445 1
7453 1
7457 1
7461 1
7481 2
7489 2
7501 5
7517 3
7529 2
7537 1
7549 1
7565 5
7569 3
7573 1
7577 1
7585 5
7625 3
7633 1
7669 1
7677 1
7681 2
7685 2
7693 2
7709 2
7717 1
7741 1
7745 1
7753 2
7769 1
7793 1
7817 2
7825 4
7829 1
7837 1
7853 1
7857 1
7873 2
7893 2
7897 1
7913 3
7921 2
7925 2
7929 1
7933 1
7937 2
7949 1
7957 5
7969 2
7985 1
7993 1
8009 1
8033 1
8045 2
8053 2
8065 1
8069 4
8081 1
8093 1
8101 1
8105 1
8109 1
8117 1
8125 3
8145 3
8149 1
8161 1
8177 3
8185 1
8209 1
8249 1
8269 1
8285 3
8325 3
8329 1
8353 1
8369 1
8377 2
8381 3
8389 1
8425 1
8429 1
8433 1
8469 1
8485 1
8489 1
8497 2
8501 1
8545 1
8581 1
8585 3
8597 1
8605 5
8621 2
8641 1
8649 1
8653 1
8669 1
8677 1
8681 1
8685 1
8713 2
8725 1
8749 1
8765 2
8801 1
8837 1
8845 2
8849 1
8857 2
8861 1
8865 1
8885 1
8893 1
8905 2
8917 1
8945 2
8957 1
9005 2
9025 1
9029 1
9049 1
9081 2
9113 1
9117 2
9133 1
9137 1
9153 1
9209 1
9217 2
9225 2
9265 2
9325 2
9333 2
9341 1
9365 1
9385 1
9397 1
9425 1
9437 1
9505 1
9509 2
9553 1
9593 1
9605 1
9657 3
9665 1
9685 2
9773 1
9809 1
9865 1
9873 1
9881 1
9893 1
9925 1
9953 1
9981 1
9997 1
10001 1
10057 1
10061 1
10085 1
10125 1
10141 1
10145 1
10169 1
10205 2
10225 1
10229 2
10249 2
10289 3
10413 1
10429 1
10489 1
10525 2
10585 1
10597 1
10625 1
10693 1
10709 1
10733 1
10753 1
10817 1
10985 1
11089 1
11093 2
11105 1
11161 1
11245 1
11257 1
11273 1
11281 1
11285 1
11365 1
11489 1
11717 1
11773 1
11849 1
11905 1
11909 1
11925 1
12233 1
12241 2
12269 1
12337 1
12409 1
12461 1
12493 1
12505 2
12725 1
12745 1
12805 1
12905 1
12965 1
13105 1
13177 1
13437 1
13613 1
13681 1
13841 1
13925 1
14125 1
14381 1
14425 1
14645 1
14797 1
15325 1
16421 1
16949 1
20025 1
25805 1
107945 1
117881 1
128201 1
131269 1
157905 1
354517 1
406553 1
408721 1
420925 1
635213 1
750632 1
804580 1
846568 1
963730 1
1060964 1
1081681 1
1443485 1
1467545 1
1469728 1
1473770 1
1498201 1
1519205 1
1520469 1
1537394 1
1540736 1
1553885 1
