N J h mean_R_sq err_mean_R_sq mean_R_gyr_sq err_mean_R_gyr_sq 
3600 1.315 0 3083.53 457.076 1034.08 186.725
1 6
5 16
9 6
13 20
17 21
25 39
29 22
37 22
41 26
45 17
49 15
53 19
61 28
65 40
73 26
81 16
85 53
89 26
97 34
101 32
109 29
113 23
117 22
121 14
125 56
137 25
145 44
149 21
153 19
157 23
169 39
173 28
181 27
185 53
193 24
197 35
205 45
221 52
225 34
229 30
233 24
241 31
245 38
257 31
261 31
265 72
269 32
277 27
281 24
289 37
293 37
305 53
313 25
317 26
325 89
333 24
337 36
349 29
353 24
361 10
365 47
369 34
373 27
377 58
389 30
397 24
401 30
405 37
409 23
421 36
425 80
433 35
441 14
445 47
449 29
457 22
461 23
477 26
481 54
485 53
493 50
505 52
509 30
521 28
529 11
533 54
541 24
545 56
549 24
557 31
565 50
569 25
577 29
585 36
593 33
601 31
605 34
613 25
617 32
625 62
629 58
637 25
641 32
653 32
657 27
661 42
673 36
677 27
685 39
689 53
697 54
701 41
709 20
725 71
729 15
733 29
745 55
757 28
761 25
765 51
769 36
773 28
785 57
793 50
797 26
801 30
809 19
821 27
829 24
833 30
841 28
845 86
853 34
857 21
865 51
873 29
877 26
881 33
901 46
905 62
909 29
925 81
929 26
937 29
941 33
949 42
953 25
961 11
965 53
977 24
981 18
985 43
997 31
1009 25
1013 21
1017 30
1021 32
1025 87
1033 28
1037 46
1049 21
1053 20
1061 19
1069 30
1073 58
1089 10
1093 21
1097 23
1105 106
1109 19
1117 27
1125 48
1129 16
1145 57
1153 32
1157 53
1165 49
1181 31
1189 51
1193 22
1201 20
1205 59
1213 21
1217 20
1225 40
1229 28
1233 16
1237 22
1241 45
1249 28
1261 54
1277 24
1285 40
1289 26
1297 18
1301 21
1305 52
1313 46
1321 23
1325 70
1341 18
1345 44
1361 31
1369 34
1373 27
1377 22
1381 28
1385 49
1405 51
1409 26
1413 31
1417 47
1421 24
1429 24
1433 33
1445 66
1453 20
1465 45
1469 48
1481 16
1489 25
1493 20
1513 53
1517 43
1521 37
1525 62
1537 39
1549 20
1553 21
1557 32
1565 33
1573 23
1585 45
1597 21
1601 17
1609 24
1613 23
1621 18
1625 93
1629 25
1637 20
1649 44
1657 18
1665 46
1669 30
1681 29
1685 40
1693 20
1697 20
1709 15
1717 48
1721 16
1733 26
1737 23
1741 24
1745 35
1753 18
1765 41
1769 42
1773 17
1777 20
1781 41
1789 21
1801 28
1805 14
1813 23
1825 64
1845 37
1849 5
1853 48
1861 22
1865 35
1873 16
1877 23
1885 88
1889 29
1901 24
1913 19
1921 34
1933 28
1937 29
1945 50
1949 13
1961 30
1973 22
1985 45
1989 40
1993 22
1997 14
2005 43
2009 23
2017 27
2025 27
2029 27
2041 43
2045 40
2053 16
2057 18
2061 17
2069 12
2081 18
2089 20
2097 35
2105 43
2113 29
2117 30
2125 66
2129 26
2137 24
2141 15
2153 19
2161 22
2165 31
2169 23
2173 37
2197 34
2205 16
2209 10
2213 17
2221 21
2225 52
2237 10
2245 23
2249 45
2257 34
2269 11
2273 20
2281 18
2285 34
2293 22
2297 25
2305 43
2309 6
2313 16
2329 34
2333 20
2341 15
2349 16
2353 37
2357 17
2377 22
2381 12
2385 37
2389 17
2393 15
2401 8
2405 71
2417 20
2421 16
2425 42
2437 14
2441 17
2465 67
2473 16
2477 10
2493 19
2501 33
2509 31
2521 11
2525 44
2529 14
2533 33
2545 25
2549 17
2557 20
2561 47
2581 35
2593 23
2597 9
2601 23
2605 33
2609 8
2617 17
2621 21
2633 9
2637 23
2645 17
2657 20
2665 56
2669 35
2677 12
2689 16
2693 9
2701 30
2705 32
2713 10
2725 45
2729 17
2741 14
2745 29
2749 25
2753 24
2777 19
2785 31
2789 22
2797 12
2801 16
2809 18
2813 22
2817 15
2825 50
2833 17
2837 12
2845 36
2853 9
2857 16
2861 8
2873 51
2885 29
2897 13
2909 18
2917 10
2925 41
2929 37
2941 34
2953 11
2957 13
2965 27
2969 18
2977 23
2989 16
2993 37
2997 9
3001 15
3005 24
3025 29
3029 31
3033 10
3037 20
3041 16
3049 15
3061 15
3065 33
3077 20
3085 29
3089 10
3109 8
3121 12
3125 45
3133 23
3137 12
3141 19
3145 57
3161 24
3169 14
3177 8
3181 14
3185 16
3205 18
3209 15
3217 14
3221 6
3229 14
3233 27
3249 8
3253 20
3257 9
3265 22
3277 16
3281 22
3285 28
3293 21
3301 18
3305 16
3313 9
3321 19
3329 18
3341 34
3349 19
3357 12
3361 11
3365 25
3373 8
3385 27
3389 17
3393 35
3413 10
3425 45
3433 12
3445 47
3449 15
3457 11
3461 11
3469 12
3481 5
3485 49
3497 23
3501 11
3505 14
3509 16
3517 19
3529 9
3533 12
3541 16
3545 24
3557 13
3573 13
3577 13
3581 11
3589 20
3593 12
3601 16
3609 13
3613 11
3617 12
3625 39
3637 13
3645 11
3649 26
3653 23
3665 16
3673 17
3677 11
3681 17
3697 10
3701 12
3709 13
3721 17
3725 34
3733 10
3737 16
3757 31
3761 12
3769 8
3785 12
3789 4
3793 9
3797 9
3805 18
3809 22
3821 11
3825 25
3833 6
3845 25
3853 8
3865 12
3869 31
3877 5
3881 16
3889 6
3893 25
3897 12
3917 17
3925 35
3929 17
3961 21
3965 48
3969 8
3973 14
3977 21
3985 24
3989 9
4001 11
4005 16
4013 12
4021 8
4033 15
4041 16
4045 21
4049 11
4057 14
4069 16
4073 9
4093 9
4097 20
4105 14
4113 5
4121 24
4129 12
4133 8
4141 18
4145 21
4149 6
4153 13
4157 9
4165 23
4177 9
4181 13
4201 7
4205 21
4217 6
4225 40
4229 10
4241 6
4253 7
4261 7
4265 15
4273 11
4285 21
4289 2
4293 13
4297 4
4321 9
4325 24
4329 15
4337 3
4349 17
4357 10
4361 16
4365 19
4369 19
4373 10
4381 21
4385 23
4397 11
4405 24
4409 12
4421 9
4437 15
4441 6
4453 11
4457 5
4469 15
4477 6
4481 4
4489 3
4493 12
4505 36
4513 12
4517 16
4525 26
4537 20
4545 10
4549 9
4553 15
4561 6
4573 20
4581 13
4589 12
4597 5
4621 6
4625 27
4633 12
4637 6
4645 13
4649 5
4657 9
4673 7
4685 14
4689 8
4693 8
4705 14
4709 21
4717 15
4721 10
4729 10
4733 6
4745 30
4753 9
4761 4
4765 19
4777 10
4789 12
4793 7
4797 17
4801 2
4805 3
4813 7
4817 5
4825 22
4849 22
4861 3
4869 3
4877 6
4885 17
4889 3
4901 10
4905 10
4909 7
4913 23
4925 23
4933 2
4937 6
4941 5
4949 10
4957 7
4961 7
4969 8
4973 8
4981 12
4985 18
4993 8
5009 4
5013 6
5017 11
5021 6
5041 4
5045 14
5057 6
5065 10
5069 12
5077 7
5081 6
5085 15
5101 5
5105 8
5113 7
5121 10
5125 27
5141 12
5153 3
5161 10
5165 10
5185 27
5189 7
5193 2
5197 6
5209 5
5213 13
5233 10
5237 5
5245 13
5249 8
5261 6
5265 11
5273 6
5281 3
5297 6
5305 17
5309 3
5317 11
5321 14
5329 9
5333 4
5337 2
5341 6
5345 14
5353 14
5365 19
5381 5
5389 12
5393 5
5409 4
5413 3
5417 1
5429 14
5437 8
5441 5
5445 5
5449 6
5465 11
5473 6
5477 4
5485 5
5501 2
5513 10
5517 8
5521 6
5525 32
5537 2
5545 9
5553 4
5557 3
5569 4
5573 2
5581 8
5585 10
5597 10
5617 9
5625 16
5629 8
5641 8
5645 9
5653 5
5657 1
5661 7
5669 7
5689 5
5693 5
5701 4
5713 7
5717 4
5725 11
5729 15
5733 5
5737 6
5741 8
5749 2
5765 8
5769 4
5777 10
5785 16
5801 2
5809 5
5813 2
5821 10
5825 15
5837 9
5849 4
5857 4
5861 7
5869 1
5877 1
5881 6
5897 10
5905 10
5913 4
5917 11
5929 1
5933 13
5941 11
5945 27
5949 2
5953 5
5965 8
5981 4
5989 9
5993 9
6001 10
6005 12
6025 16
6029 4
6037 5
6053 3
6057 4
6065 14
6073 3
6085 14
6089 5
6093 2
6101 4
6109 8
6113 2
6121 11
6125 10
6133 3
6137 5
6145 7
6161 4
6165 7
6173 3
6185 6
6197 6
6201 7
6205 18
6217 5
6221 3
6229 5
6241 4
6245 6
6253 7
6257 4
6269 5
6273 4
6277 1
6301 3
6305 16
6309 2
6317 3
6329 5
6337 5
6341 4
6353 3
6361 10
6373 2
6381 2
6385 6
6389 2
6397 5
6401 8
6409 13
6413 4
6421 1
6425 20
6437 3
6445 4
6449 3
6469 2
6473 6
6481 4
6485 4
6497 8
6505 10
6521 2
6525 13
6529 2
6553 8
6561 2
6565 19
6569 3
6577 3
6581 5
6605 8
6617 6
6625 13
6637 3
6641 5
6649 6
6653 4
6661 7
6673 2
6689 6
6697 8
6701 3
6705 5
6713 3
6725 6
6733 5
6737 3
6749 1
6757 4
6761 3
6773 2
6781 2
6793 4
6805 5
6813 4
6817 4
6829 3
6833 3
6841 3
6845 4
6849 3
6857 3
6865 8
6877 4
6885 8
6893 1
6905 6
6917 2
6921 3
6925 10
6929 10
6949 1
6953 4
6957 1
6961 2
6977 1
6989 6
6997 2
7001 2
7025 6
7033 5
7045 4
7057 5
7065 8
7069 2
7081 4
7085 10
7093 6
7105 8
7109 2
7121 5
7129 1
7137 8
7141 3
7145 5
7157 4
7165 9
7173 2
7177 2
7193 1
7209 5
7213 4
7225 12
7229 4
7237 1
7241 5
7253 1
7261 3
7265 1
7281 2
7289 4
7297 2
7301 2
7309 3
7321 5
7325 1
7333 3
7345 15
7361 6
7369 1
7373 4
7381 4
7389 1
7393 2
7397 6
7405 3
7417 2
7421 6
7433 4
7445 8
7453 5
7457 1
7461 2
7465 3
7477 4
7481 1
7489 5
7501 2
7517 2
7529 1
7537 3
7541 1
7549 2
7561 1
7565 6
7569 3
7573 2
7577 1
7585 10
7605 3
7625 7
7633 2
7649 2
7669 1
7677 2
7685 7
7693 4
7709 2
7713 3
7717 2
7741 1
7745 6
7753 2
7757 2
7765 1
7769 6
7785 4
7789 1
7801 4
7813 3
7817 2
7825 8
7829 2
7837 2
7841 2
7853 1
7857 2
7865 4
7877 2
7893 1
7897 5
7901 2
7913 3
7921 1
7925 6
7933 3
7957 1
7969 3
7985 2
7993 1
8005 3
8009 1
8017 3
8021 2
8033 4
8045 3
8065 3
8069 2
8077 2
8081 2
8117 2
8125 8
8145 2
8149 4
8161 1
8177 2
8181 1
8185 5
8221 2
8233 1
8237 3
8245 4
8249 5
8269 1
8273 1
8281 3
8285 8
8317 1
8321 2
8325 3
8329 1
8333 3
8345 1
8353 1
8357 2
8361 2
8369 3
8381 3
8389 2
8405 3
8425 2
8429 2
8433 1
8461 2
8465 3
8469 1
8473 2
8477 1
8485 3
8489 1
8497 4
8513 1
8521 1
8537 1
8541 3
8545 4
8573 3
8581 1
8585 1
8593 2
8597 2
8605 4
8609 1
8621 2
8629 2
8633 3
8649 1
8653 2
8665 1
8677 3
8685 2
8689 2
8693 2
8713 1
8725 4
8737 2
8749 3
8753 3
8765 3
8793 3
8801 5
8825 3
8829 1
8833 1
8837 1
8845 3
8849 1
8857 2
8865 1
8885 1
8905 8
8917 4
8929 1
8933 1
8941 1
8945 3
8957 1
8969 1
8989 1
8993 1
9005 1
9013 3
9025 1
9029 1
9041 3
9049 2
9061 6
9077 3
9081 1
9089 1
9113 1
9125 5
9133 1
9153 1
9169 3
9173 1
9181 1
9197 2
9217 3
9221 1
9225 4
9241 1
9265 2
9281 1
9293 1
9305 2
9325 4
9333 1
9337 1
9349 1
9365 4
9377 1
9385 1
9389 1
9397 1
9421 1
9425 2
9437 2
9441 1
9445 1
9457 2
9469 1
9477 1
9497 1
9505 1
9509 1
9521 3
9529 1
9533 1
9549 1
9553 5
9577 4
9593 2
9601 4
9605 2
9653 1
9657 1
9661 1
9665 1
9673 1
9677 1
9685 5
9725 2
9733 1
9745 1
9773 2
9781 1
9797 3
9805 3
9809 2
9817 1
9829 2
9833 1
9841 2
9865 1
9893 1
9901 3
9925 2
9929 1
9945 2
9973 1
9985 2
10001 1
10025 3
10037 1
10049 1
10053 3
10081 1
10085 3
10121 2
10125 2
10141 1
10145 1
10205 2
10217 1
10253 2
10265 1
10285 1
10309 1
10345 1
10369 1
10397 1
10429 1
10441 1
10453 1
10485 1
10489 1
10513 1
10525 2
10553 1
10565 2
10573 1
10589 1
10625 2
10673 1
10685 1
10709 1
10737 1
10753 1
10805 2
10817 1
10829 1
10845 2
10865 1
10877 1
10933 1
10957 1
11009 1
11025 2
11029 1
11041 2
11045 2
11065 1
11069 1
11093 1
11097 1
11101 1
11133 1
11149 1
11161 1
11177 1
11221 1
11245 2
11261 2
11273 1
11281 1
11285 2
11317 2
11369 1
11393 1
11401 1
11413 1
11425 1
11453 1
11465 1
11485 1
11489 1
11509 1
11513 1
11521 2
11525 2
11593 1
11645 1
11689 1
11729 1
11737 1
11765 4
11773 1
11789 1
11809 1
11821 1
11849 1
11905 1
11917 1
11925 2
11965 1
12017 1
12053 1
12077 1
12181 1
12197 2
12233 1
12249 1
12281 1
12301 1
12317 1
12321 1
12325 2
12429 1
12461 3
12465 1
12493 1
12505 1
12517 1
12545 1
12557 1
12613 1
12629 1
12665 1
12681 1
12697 1
12701 1
12713 1
12717 1
12781 1
12805 1
12809 1
12833 1
12853 1
12861 1
12897 1
12917 1
13001 1
13025 1
13061 1
13073 1
13085 1
13093 1
13185 1
13213 1
13221 1
13345 1
13369 1
13421 1
13477 1
13525 1
13673 1
13705 1
13765 1
13781 1
13897 2
13925 1
13973 1
14005 1
14089 1
14157 1
14173 1
14257 1
14285 1
14297 1
14485 1
14545 1
14641 1
14669 1
14825 2
14837 1
14989 1
15025 1
15041 1
15149 1
15425 1
15605 1
15793 1
15889 1
15925 1
16237 1
16421 1
16425 1
16529 1
16861 1
16893 1
17141 1
17357 1
17405 1
18037 1
18457 1
18589 1
18625 1
18873 1
18985 1
19337 1
19377 1
19597 1
19961 1
20105 1
20261 1
20933 1
21785 1
22205 1
22805 1
23041 1
23589 1
24049 1
26969 1
31421 1
49325 1
51449 1
55145 1
292937 1
605608 1
714836 1
900665 1
950905 1
1424210 1
1426932 1
2171957 1
