N J h mean_R_sq err_mean_R_sq mean_R_gyr_sq err_mean_R_gyr_sq 
900 1.285 0 5763.77 37.671 884.538 4.73228
1 8
5 19
9 11
13 15
17 29
25 34
29 20
37 20
41 37
45 19
49 14
53 19
61 32
65 66
73 24
81 12
85 53
89 39
97 22
101 20
109 24
113 27
117 20
121 8
125 62
137 15
145 57
149 24
153 33
157 27
169 43
173 32
181 32
185 63
193 30
197 21
205 61
221 52
225 44
229 26
233 42
241 24
245 36
257 32
261 35
265 51
269 30
277 32
281 25
289 52
293 37
305 61
313 31
317 39
325 98
333 46
337 33
349 39
353 42
361 11
365 58
369 29
373 28
377 60
389 28
397 36
401 35
405 36
409 29
421 23
425 112
433 30
441 18
445 50
449 28
457 29
461 24
477 42
481 66
485 50
493 51
505 73
509 33
521 31
529 9
533 54
541 25
545 61
549 24
557 46
565 67
569 27
577 39
585 58
593 29
601 24
605 28
613 30
617 27
625 105
629 64
637 32
641 30
653 41
657 36
661 27
673 38
677 36
685 65
689 63
697 61
701 32
709 35
725 94
729 17
733 39
745 62
757 43
761 40
765 65
769 45
773 32
785 48
793 63
797 29
801 54
809 26
821 27
829 42
833 31
841 53
845 109
853 22
857 26
865 69
873 27
877 38
881 32
901 70
905 68
909 32
925 86
929 30
937 30
941 27
949 64
953 27
961 12
965 71
977 24
981 41
985 67
997 35
1009 30
1013 37
1017 40
1021 29
1025 97
1033 41
1037 61
1049 34
1053 51
1061 34
1069 37
1073 81
1089 27
1093 31
1097 43
1105 148
1109 21
1117 37
1125 69
1129 25
1145 59
1153 35
1157 58
1165 62
1181 20
1189 63
1193 35
1201 47
1205 68
1213 27
1217 36
1225 58
1229 36
1233 40
1237 33
1241 63
1249 33
1261 95
1277 31
1285 81
1289 22
1297 34
1301 38
1305 76
1313 59
1321 28
1325 99
1341 44
1345 73
1361 42
1369 41
1373 35
1377 41
1381 31
1385 75
1405 65
1409 28
1413 29
1417 69
1421 29
1429 34
1433 38
1445 107
1453 26
1465 70
1469 70
1481 23
1489 40
1493 32
1513 68
1517 66
1521 44
1525 105
1537 54
1549 36
1553 25
1557 37
1565 75
1573 28
1585 54
1597 22
1601 18
1609 27
1613 48
1621 39
1625 126
1629 23
1637 32
1649 68
1657 29
1665 74
1669 38
1681 57
1685 65
1693 25
1697 26
1709 29
1717 70
1721 32
1733 32
1737 19
1741 33
1745 77
1753 39
1765 53
1769 70
1773 39
1777 31
1781 68
1789 24
1801 31
1805 31
1813 30
1825 93
1845 70
1849 19
1853 60
1861 32
1865 64
1873 28
1877 40
1885 147
1889 23
1901 46
1913 36
1921 78
1933 29
1937 76
1945 76
1949 24
1961 57
1973 30
1985 68
1989 61
1993 35
1997 31
2005 64
2009 29
2017 33
2025 55
2029 30
2041 67
2045 64
2053 35
2057 31
2061 35
2069 28
2081 29
2089 27
2097 37
2105 59
2113 34
2117 74
2125 112
2129 32
2137 26
2141 24
2153 45
2161 21
2165 64
2169 30
2173 54
2197 66
2205 35
2209 18
2213 39
2221 37
2225 82
2237 34
2245 60
2249 52
2257 70
2269 30
2273 32
2281 33
2285 69
2293 31
2297 31
2305 73
2309 39
2313 36
2329 65
2333 27
2341 19
2349 29
2353 71
2357 31
2377 44
2381 35
2385 56
2389 32
2393 42
2401 19
2405 131
2417 27
2421 31
2425 103
2437 34
2441 31
2465 121
2473 29
2477 29
2493 33
2501 69
2509 54
2521 33
2525 83
2529 39
2533 67
2545 63
2549 29
2557 32
2561 48
2581 51
2593 28
2597 25
2601 45
2605 58
2609 30
2617 22
2621 24
2633 36
2637 37
2645 33
2657 22
2665 124
2669 51
2677 37
2689 37
2693 23
2701 76
2705 44
2713 35
2725 104
2729 30
2741 28
2745 85
2749 33
2753 33
2777 34
2785 62
2789 29
2797 27
2801 28
2809 48
2813 65
2817 23
2825 82
2833 28
2837 34
2845 54
2853 32
2857 23
2861 25
2873 101
2885 53
2897 30
2909 19
2917 28
2925 113
2929 52
2941 60
2953 25
2957 38
2965 72
2969 28
2977 60
2989 33
2993 63
2997 31
3001 31
3005 50
3025 36
3029 36
3033 40
3037 29
3041 22
3049 30
3061 30
3065 72
3077 65
3085 66
3089 31
3109 30
3121 40
3125 90
3133 52
3137 39
3141 25
3145 129
3161 49
3169 31
3177 30
3181 27
3185 60
3205 63
3209 34
3217 18
3221 18
3229 31
3233 63
3249 20
3253 21
3257 31
3265 57
3277 55
3281 66
3285 71
3293 69
3301 25
3305 59
3313 29
3321 29
3329 30
3341 55
3349 44
3357 34
3361 27
3365 59
3373 35
3385 72
3389 23
3393 56
3413 20
3425 88
3433 24
3445 103
3449 29
3457 18
3461 28
3469 31
3481 12
3485 106
3497 64
3501 28
3505 55
3509 28
3517 29
3529 28
3533 24
3541 43
3545 67
3557 24
3573 29
3577 40
3581 25
3589 67
3593 29
3601 54
3609 22
3613 17
3617 26
3625 125
3637 28
3645 39
3649 52
3653 57
3665 60
3673 27
3677 28
3681 25
3697 26
3701 32
3709 28
3721 46
3725 76
3733 23
3737 48
3757 73
3761 28
3769 27
3785 52
3789 23
3793 23
3797 23
3805 57
3809 57
3821 28
3825 93
3833 18
3845 63
3853 33
3865 60
3869 78
3877 37
3881 28
3889 22
3893 53
3897 37
3917 22
3925 96
3929 29
3961 57
3965 104
3969 11
3973 54
3977 41
3985 54
3989 30
4001 34
4005 58
4013 28
4021 39
4033 60
4041 28
4045 53
4049 24
4057 32
4069 59
4073 30
4093 25
4097 64
4105 51
4113 24
4121 60
4129 21
4133 26
4141 57
4145 44
4149 27
4153 26
4157 32
4165 68
4177 15
4181 48
4201 31
4205 81
4217 34
4225 109
4229 32
4241 23
4253 30
4261 20
4265 50
4273 33
4285 59
4289 33
4293 25
4297 25
4321 45
4325 86
4329 65
4337 21
4349 27
4357 30
4361 25
4365 49
4369 49
4373 25
4381 48
4385 47
4397 30
4405 44
4409 34
4421 31
4437 44
4441 22
4453 42
4457 25
4469 42
4477 30
4481 28
4489 11
4493 23
4505 107
4513 22
4517 19
4525 61
4537 48
4545 57
4549 25
4553 55
4561 21
4573 58
4581 26
4589 58
4597 32
4621 13
4625 101
4633 51
4637 28
4645 53
4649 17
4657 24
4673 29
4685 62
4689 30
4693 24
4705 56
4709 49
4717 44
4721 25
4729 27
4733 15
4745 100
4753 27
4761 16
4765 59
4777 64
4789 30
4793 26
4797 54
4801 24
4805 18
4813 28
4817 22
4825 69
4849 45
4861 20
4869 21
4877 21
4885 50
4889 31
4901 61
4905 50
4909 29
4913 43
4925 69
4933 37
4937 31
4941 28
4949 33
4957 30
4961 20
4969 28
4973 28
4981 46
4985 36
4993 29
5009 29
5013 33
5017 51
5021 22
5041 7
5045 43
5057 51
5065 43
5069 45
5077 31
5081 23
5085 46
5101 21
5105 44
5113 28
5121 29
5125 83
5141 52
5153 27
5161 42
5165 46
5185 95
5189 20
5193 21
5197 31
5209 27
5213 39
5233 23
5237 20
5245 42
5249 54
5261 31
5265 35
5273 30
5281 19
5297 35
5305 46
5309 17
5317 55
5321 49
5329 24
5333 27
5337 24
5341 22
5345 61
5353 40
5365 97
5381 25
5389 45
5393 22
5409 24
5413 16
5417 20
5429 59
5437 34
5441 21
5445 31
5449 19
5465 35
5473 59
5477 15
5485 47
5501 17
5513 49
5517 26
5521 22
5525 143
5537 29
5545 56
5553 20
5557 24
5569 16
5573 27
5581 28
5585 52
5597 49
5617 41
5625 59
5629 52
5641 23
5645 50
5653 28
5657 20
5661 58
5669 23
5689 23
5693 16
5701 21
5713 43
5717 24
5725 68
5729 45
5733 13
5737 17
5741 19
5749 18
5765 60
5769 28
5777 42
5785 87
5801 23
5809 57
5813 24
5821 23
5825 58
5837 51
5849 24
5857 22
5861 19
5869 16
5877 15
5881 30
5897 22
5905 50
5913 23
5917 47
5929 13
5933 45
5941 45
5945 85
5949 29
5953 20
5965 46
5981 16
5989 38
5993 27
6001 43
6005 55
6025 67
6029 17
6037 18
6053 19
6057 15
6065 50
6073 26
6085 48
6089 16
6093 16
6101 17
6109 34
6113 18
6121 25
6125 38
6133 24
6137 24
6145 45
6161 29
6165 42
6173 19
6185 41
6197 16
6201 42
6205 94
6217 26
6221 16
6229 16
6241 9
6245 33
6253 63
6257 8
6269 25
6273 32
6277 19
6301 13
6305 88
6309 23
6317 18
6329 12
6337 20
6341 30
6353 15
6361 20
6373 21
6381 18
6385 45
6389 18
6397 13
6401 37
6409 81
6413 20
6421 17
6425 56
6437 39
6445 46
6449 18
6469 21
6473 18
6481 18
6485 40
6497 32
6505 36
6521 12
6525 69
6529 23
6553 17
6561 7
6565 79
6569 27
6577 21
6581 19
6597 16
6605 34
6613 47
6617 44
6625 89
6637 22
6641 41
6649 46
6653 20
6661 17
6673 17
6689 13
6697 42
6701 18
6705 28
6709 24
6713 18
6725 52
6733 27
6737 22
6749 40
6757 46
6761 23
6773 43
6781 17
6793 18
6805 39
6813 22
6817 22
6829 21
6833 20
6841 18
6845 72
6849 28
6857 15
6865 34
6869 17
6877 19
6885 41
6889 7
6893 42
6905 40
6917 19
6921 18
6925 57
6929 59
6949 18
6953 34
6957 28
6961 24
6977 15
6989 37
6997 24
7001 22
7013 17
7025 54
7033 35
7045 31
7057 11
7065 30
7069 21
7081 29
7085 75
7093 37
7105 50
7109 15
7121 18
7129 19
7137 24
7141 39
7145 34
7157 38
7165 43
7173 10
7177 16
7193 24
7209 20
7213 13
7225 85
7229 16
7237 18
7241 38
7253 17
7261 44
7265 26
7281 15
7289 26
7297 15
7301 13
7309 13
7321 17
7325 58
7333 20
7345 69
7349 22
7361 32
7369 13
7373 37
7381 14
7389 15
7393 15
7397 46
7405 26
7417 18
7421 31
7433 14
7445 36
7453 28
7457 13
7461 21
7465 36
7477 10
7481 20
7489 15
7497 17
7501 37
7517 17
7529 14
7537 23
7541 30
7549 15
7561 10
7565 65
7569 26
7573 18
7577 15
7585 71
7589 20
7605 56
7621 15
7625 72
7633 44
7649 17
7669 15
7673 14
7677 20
7681 13
7685 66
7693 13
7709 35
7713 15
7717 10
7741 14
7745 32
7753 14
7757 14
7765 30
7769 36
7785 26
7789 17
7793 13
7801 34
7813 24
7817 18
7825 49
7829 13
7837 37
7841 17
7853 15
7857 27
7865 25
7873 11
7877 18
7893 14
7897 32
7901 14
7913 39
7921 31
7925 58
7929 12
7933 19
7937 17
7949 12
7957 34
7969 32
7985 34
7993 15
8005 29
8009 10
8017 12
8021 34
8033 29
8045 27
8053 13
8065 23
8069 13
8077 35
8081 11
8089 12
8093 16
8101 15
8105 26
8109 31
8117 16
8125 80
8145 39
8149 28
8161 10
8177 61
8181 17
8185 28
8209 15
8221 16
8233 18
8237 16
8245 53
8249 28
8269 16
8273 10
8281 22
8285 32
8293 17
8297 10
8317 16
8321 28
8325 41
8329 10
8333 31
8345 29
8353 19
8357 31
8361 25
8369 15
8377 17
8381 37
8389 15
8405 32
8425 32
8429 8
8433 13
8461 16
8465 31
8469 9
8473 30
8477 16
8485 42
8489 27
8497 29
8501 15
8513 10
8521 16
8537 12
8541 37
8545 36
8573 11
8577 17
8581 15
8585 47
8593 34
8597 15
8605 37
8609 22
8621 24
8629 15
8633 22
8641 13
8649 9
8653 26
8665 30
8669 12
8677 10
8681 12
8685 34
8689 14
8693 19
8705 21
8713 17
8725 38
8737 7
8741 12
8749 20
8753 3
8761 9
8765 31
8793 11
8801 30
8821 14
8825 41
8829 13
8833 17
8837 15
8845 43
8849 13
8857 25
8861 18
8865 21
8869 18
8885 30
8893 15
8905 56
8917 30
8929 14
8933 19
8941 16
8945 23
8957 43
8969 9
8973 13
8989 25
8993 15
9001 13
9005 35
9013 21
9025 21
9029 11
9041 12
9049 10
9061 59
9065 19
9077 32
9081 10
9089 21
9109 10
9113 15
9117 14
9125 52
9133 9
9137 11
9153 15
9157 12
9161 19
9169 24
9173 9
9181 22
9189 16
9193 30
9197 22
9209 7
9217 24
9221 15
9225 33
9241 6
9245 18
9257 19
9265 51
9277 11
9281 10
9293 15
9297 18
9305 18
9325 43
9333 29
9337 13
9341 12
9349 13
9365 16
9377 12
9385 28
9389 35
9397 12
9409 16
9413 14
9421 12
9425 71
9433 13
9437 10
9441 8
9445 22
9457 10
9461 8
9469 17
9473 12
9477 12
9497 11
9505 22
9509 30
9521 15
9529 21
9533 5
9549 6
9553 12
9565 23
9577 19
9593 28
9601 13
9605 32
9613 14
9621 13
9629 14
9649 16
9653 11
9657 17
9661 16
9665 31
9673 19
9677 5
9685 38
9689 12
9697 16
9701 20
9721 8
9725 34
9733 9
9745 18
9749 6
9769 6
9773 24
9781 18
9797 23
9801 2
9805 48
9809 24
9817 7
9829 10
9833 10
9837 13
9841 19
9857 11
9865 20
9873 11
9881 18
9893 18
9901 13
9925 21
9929 15
9941 14
9945 46
9949 15
9953 24
9965 20
9973 8
9981 8
9985 31
9997 18
10001 19
10009 10
10025 35
10037 9
10045 27
10049 13
10053 12
10057 32
10061 10
10069 15
10081 21
10085 21
10093 8
10121 20
10125 22
10133 5
10141 7
10145 20
10161 11
10169 10
10177 9
10181 10
10193 15
10201 18
10205 53
10217 14
10225 23
10229 20
10237 28
10249 25
10253 16
10265 21
10273 17
10285 17
10289 12
10301 12
10305 23
10309 31
10313 10
10321 5
10333 8
10337 6
10345 14
10357 13
10361 22
10369 8
10377 9
10397 22
10405 17
10413 17
10421 23
10429 11
10433 6
10441 17
10445 14
10453 15
10457 7
10469 3
10477 14
10485 19
10489 26
10501 14
10513 11
10517 16
10525 23
10529 13
10537 19
10553 15
10565 24
10573 20
10585 36
10589 6
10597 10
10601 5
10609 3
10613 11
10625 41
10629 12
10645 19
10657 7
10673 17
10685 16
10693 33
10701 18
10705 20
10709 12
10729 10
10733 6
10737 6
10753 7
10765 17
10769 8
10777 17
10781 3
10789 13
10805 22
10809 9
10817 20
10825 28
10829 16
10837 7
10841 16
10845 24
10853 8
10861 11
10865 31
10877 24
10889 12
10897 15
10909 14
10917 7
10933 29
10937 9
10949 8
10953 12
10957 13
10961 20
10973 4
10985 37
10993 7
11009 15
11025 15
11029 26
11041 15
11045 7
11057 11
11061 7
11065 17
11069 14
11089 20
11093 8
11097 9
11101 21
11105 19
11113 7
11117 7
11125 33
11133 12
11141 10
11149 7
11161 12
11169 11
11173 8
11177 5
11185 16
11197 7
11213 4
11221 11
11225 29
11237 13
11241 12
11245 19
11257 13
11261 9
11273 10
11281 17
11285 41
11317 7
11321 9
11329 6
11345 19
11349 14
11353 8
11357 26
11365 13
11369 11
11393 4
11401 17
11405 24
11413 26
11417 10
11425 26
11437 11
11441 18
11449 6
11453 13
11461 15
11465 23
11485 17
11489 7
11493 8
11497 8
11509 14
11513 17
11521 13
11525 29
11545 12
11549 8
11565 15
11581 12
11593 12
11597 6
11601 6
11617 8
11621 6
11629 13
11633 9
11645 31
11657 6
11665 13
11673 5
11677 2
11681 7
11689 8
11701 9
11705 12
11709 10
11713 30
11717 7
11729 15
11737 8
11745 14
11765 30
11773 19
11777 7
11785 14
11789 2
11801 9
11809 8
11813 5
11817 16
11821 14
11833 12
11849 28
11861 15
11881 17
11885 15
11889 6
11897 4
11905 15
11909 10
11917 18
11925 18
11933 4
11941 6
11945 16
11953 7
11965 9
11969 3
11981 6
12005 8
12013 15
12017 18
12025 36
12037 9
12041 8
12049 7
12053 18
12069 4
12073 7
12077 20
12085 24
12097 7
12101 7
12105 11
12109 4
12113 4
12125 30
12137 12
12149 5
12157 5
12161 7
12181 13
12185 15
12193 15
12197 6
12205 10
12209 17
12221 7
12233 10
12241 10
12249 5
12253 7
12269 5
12277 11
12281 1
12289 8
12301 7
12317 18
12321 9
12325 44
12329 8
12337 29
12349 11
12357 6
12365 16
12373 1
12377 11
12385 15
12389 14
12393 6
12401 8
12409 10
12413 9
12421 6
12429 4
12433 8
12437 9
12457 3
12461 16
12465 12
12469 18
12473 6
12493 8
12497 5
12505 31
12517 5
12541 8
12545 22
12553 5
12557 8
12569 7
12577 9
12589 10
12593 8
12601 7
12605 18
12613 4
12625 27
12629 18
12637 3
12641 5
12645 11
12653 10
12665 32
12681 7
12689 4
12697 6
12701 14
12713 1
12717 7
12721 4
12725 14
12745 6
12753 20
12757 8
12769 8
12773 11
12781 6
12785 10
12789 8
12805 24
12809 6
12821 5
12829 8
12833 7
12841 7
12853 7
12861 11
12869 16
12889 3
12893 6
12897 8
12905 23
12913 11
12917 7
12937 14
12941 3
12953 7
12961 11
12965 7
12973 11
12985 15
12997 13
13001 4
13005 13
13009 3
13021 7
13025 16
13033 9
13037 9
13045 9
13049 8
13061 15
13073 10
13077 3
13085 13
13093 7
13105 11
13109 7
13117 7
13121 8
13141 16
13165 7
13169 10
13177 2
13181 4
13185 4
13189 6
13213 8
13217 5
13221 8
13225 8
13229 6
13241 3
13249 8
13253 11
13261 16
13273 12
13285 13
13289 16
13297 8
13309 7
13313 8
13325 32
13329 4
13337 4
13345 26
13357 8
13369 17
13381 10
13385 6
13397 1
13401 11
13417 3
13421 7
13429 10
13437 5
13441 4
13445 15
13457 8
13465 12
13469 5
13477 10
13481 23
13505 22
13513 7
13525 11
13537 4
13549 13
13553 4
13565 8
13573 6
13577 4
13597 3
13613 7
13617 11
13621 8
13625 21
13633 4
13637 6
13645 14
13649 3
13653 11
13669 1
13673 3
13681 6
13689 9
13693 6
13697 6
13705 9
13709 2
13721 5
13725 11
13729 6
13745 11
13753 6
13757 4
13765 4
13769 5
13781 8
13789 7
13793 10
13801 9
13817 7
13829 4
13833 9
13837 13
13841 3
13873 2
13877 2
13885 13
13897 7
13901 5
13913 2
13921 6
13925 13
13933 6
13941 9
13945 16
13949 19
13957 10
13969 8
13973 11
13977 2
13985 14
13997 4
14005 8
14009 3
14013 9
14029 6
14033 3
14045 15
14057 4
14065 18
14081 4
14085 6
14089 10
14093 10
14125 13
14149 5
14153 4
14157 5
14161 5
14165 10
14173 5
14177 10
14185 14
14197 3
14209 10
14213 8
14221 5
14225 11
14249 3
14257 6
14261 11
14265 7
14281 3
14285 7
14293 3
14297 13
14305 9
14309 7
14321 2
14341 3
14357 2
14365 30
14369 4
14373 8
14381 8
14389 4
14393 8
14401 5
14409 1
14417 10
14425 11
14437 4
14449 5
14453 3
14461 1
14473 12
14481 5
14485 10
14489 1
14501 9
14517 2
14521 6
14533 5
14537 8
14545 11
14549 6
14557 2
14561 6
14569 9
14585 3
14589 4
14593 6
14621 5
14625 16
14629 2
14633 5
14641 2
14645 16
14653 3
14657 3
14661 5
14669 2
14677 4
14681 10
14689 8
14701 7
14705 11
14713 3
14717 3
14733 1
14737 4
14741 3
14753 1
14761 8
14765 7
14785 7
14797 1
14801 2
14813 4
14821 3
14825 7
14837 8
14841 11
14845 3
14869 2
14885 21
14893 7
14897 2
14909 9
14913 5
14929 4
14933 8
14945 13
14957 7
14965 11
14969 2
14977 10
14985 7
14989 6
15005 6
15013 3
15017 3
15021 1
15025 11
15041 9
15049 10
15053 7
15061 7
15073 4
15077 1
15101 7
15109 5
15121 4
15125 5
15129 1
15133 10
15137 3
15145 9
15149 7
15161 5
15165 12
15173 4
15185 7
15193 6
15205 10
15217 4
15229 4
15233 1
15237 4
15241 6
15245 11
15269 2
15273 5
15277 1
15289 2
15293 5
15305 12
15313 4
15317 13
15325 15
15329 3
15341 3
15349 2
15353 9
15361 4
15373 4
15377 4
15381 2
15385 15
15397 6
15401 3
15413 5
15425 12
15445 7
15453 9
15457 13
15461 7
15473 2
15481 3
15489 2
15493 3
15497 4
15509 5
15529 7
15533 2
15541 5
15545 3
15569 4
15577 8
15581 3
15597 2
15601 4
15605 3
15613 5
15625 10
15629 2
15633 4
15641 1
15649 4
15661 5
15665 10
15669 1
15677 8
15685 6
15689 3
15705 5
15725 13
15733 3
15737 3
15761 3
15769 3
15777 2
15793 2
15797 2
15805 8
15809 2
15817 2
15821 6
15845 6
15857 12
15877 5
15881 2
15885 8
15889 6
15901 1
15905 9
15913 4
15921 8
15925 11
15929 4
15937 1
15949 2
15957 4
15973 1
15977 7
15993 3
15997 5
16001 4
16021 8
16025 10
16029 4
16033 3
16045 11
16057 2
16061 1
16073 1
16081 1
16085 4
16097 3
16101 3
16105 4
16109 2
16129 2
16133 10
16141 3
16145 7
16153 4
16165 9
16189 6
16193 5
16201 5
16209 1
16217 3
16229 2
16237 4
16241 6
16245 2
16249 1
16253 1
16265 5
16273 4
16277 5
16285 4
16301 3
16317 2
16325 6
16333 2
16337 3
16349 2
16361 3
16369 2
16381 1
16385 13
16393 7
16405 8
16409 5
16417 1
16421 2
16425 4
16433 1
16441 3
16465 6
16477 2
16493 6
16501 4
16505 8
16513 2
16525 3
16529 4
16553 3
16561 2
16565 6
16573 2
16577 6
16601 9
16605 2
16609 5
16613 3
16633 1
16645 7
16649 3
16657 1
16661 3
16677 4
16693 1
16705 9
16717 8
16733 7
16741 1
16745 6
16749 1
16757 4
16769 5
16781 4
16785 5
16805 7
16825 4
16829 2
16837 5
16857 1
16861 9
16865 7
16889 2
16893 3
16897 2
16901 4
16909 3
16913 4
16925 7
16937 2
16945 1
16949 4
16965 6
16981 1
16993 1
17001 1
17009 3
17021 2
17029 3
17033 2
17041 2
17053 1
17057 2
17065 3
17069 5
17077 4
17093 4
17101 1
17109 3
17113 4
17117 1
17125 3
17137 3
17141 4
17153 2
17161 4
17165 3
17173 2
17177 3
17197 2
17209 2
17221 2
17225 11
17245 6
17257 3
17261 4
17285 3
17289 4
17293 2
17297 2
17305 4
17317 2
17321 1
17341 3
17345 4
17357 8
17377 1
17389 2
17393 2
17397 2
17401 1
17405 4
17417 2
17425 13
17429 4
17433 6
17449 1
17473 4
17477 1
17485 9
17489 1
17505 2
17509 3
17525 5
17533 4
17541 2
17545 7
17557 5
17561 4
17569 1
17573 2
17581 2
17585 6
17593 1
17597 2
17609 3
17629 6
17645 2
17649 4
17665 2
17669 3
17681 3
17689 4
17705 5
17713 1
17725 7
17737 4
17741 5
17749 3
17753 5
17757 2
17761 1
17777 2
17785 3
17789 2
17797 5
17833 1
17837 3
17849 5
17861 3
17865 4
17873 4
17881 1
17885 5
17893 5
17901 3
17905 2
17909 2
17921 1
17929 3
17937 3
17945 6
17953 1
17965 3
17973 1
17977 4
17981 1
18005 4
18013 3
18029 1
18037 3
18045 4
18049 1
18061 2
18065 4
18077 3
18081 3
18085 2
18089 1
18097 1
18121 5
18125 10
18133 3
18149 4
18153 1
18169 2
18173 5
18185 1
18217 1
18225 4
18229 1
18241 7
18245 11
18253 2
18257 4
18265 10
18269 2
18277 5
18281 4
18313 1
18317 5
18325 7
18341 1
18353 2
18365 4
18369 4
18385 2
18405 1
18409 1
18421 5
18433 1
18461 1
18473 5
18477 1
18481 1
18485 2
18493 1
18497 3
18505 3
18513 1
18517 5
18521 2
18541 3
18545 2
18549 1
18553 1
18577 3
18581 6
18589 2
18593 2
18605 5
18617 1
18621 1
18625 6
18629 3
18637 3
18649 1
18661 1
18665 2
18685 5
18701 1
18709 4
18713 3
18721 1
18729 1
18737 4
18749 3
18757 2
18761 2
18769 1
18773 2
18785 8
18793 1
18805 3
18833 1
18845 1
18853 5
18857 2
18873 3
18889 3
18901 4
18913 1
18917 1
18925 5
18937 1
18945 2
18965 2
18985 2
18989 4
18997 2
19001 2
19013 1
19017 1
19025 4
19037 3
19045 3
19053 7
19061 2
19069 2
19073 2
19081 2
19093 5
19097 3
19105 2
19109 1
19121 1
19125 9
19133 1
19141 1
19157 2
19161 1
19165 2
19169 1
19193 1
19225 1
19233 1
19237 3
19249 3
19253 1
19265 3
19269 4
19273 2
19277 3
19289 2
19309 1
19325 1
19333 1
19337 4
19345 4
19357 3
19373 1
19377 3
19381 1
19385 2
19405 3
19409 2
19421 2
19433 1
19441 1
19445 4
19449 3
19453 1
19457 1
19465 4
19469 1
19477 2
19485 2
19489 1
19493 2
19501 1
19517 3
19521 1
19541 1
19553 1
19557 2
19585 1
19597 1
19601 2
19609 1
19625 2
19633 1
19645 1
19669 6
19697 1
19717 1
19721 9
19769 1
19773 3
19793 2
19805 5
19813 1
19825 4
19841 2
19865 3
19885 5
19897 4
19925 2
19937 3
19945 4
19961 1
19973 1
19981 7
19989 1
19997 2
20005 1
20017 1
20021 1
20025 3
20041 1
20065 2
20077 2
20089 3
20105 5
20113 1
20117 2
20137 4
20149 2
20165 3
20177 1
20189 1
20205 1
20213 2
20221 3
20225 1
20241 1
20245 1
20249 1
20261 1
20285 2
20297 1
20329 4
20333 2
20341 1
20345 4
20353 3
20369 1
20381 1
20389 1
20393 3
20413 2
20417 2
20421 2
20449 1
20453 2
20457 1
20465 4
20477 1
20509 1
20513 1
20525 2
20529 1
20549 1
20557 1
20561 1
20565 3
20605 4
20609 2
20637 1
20641 1
20645 1
20665 1
20673 1
20681 1
20689 3
20705 6
20717 1
20725 2
20737 3
20745 2
20749 1
20761 1
20765 1
20773 3
20781 1
20789 1
20809 1
20813 1
20849 2
20857 1
20885 2
20897 1
20905 6
20969 3
20981 1
21001 1
21005 3
21025 2
21029 3
21037 1
21053 2
21069 1
21073 2
21085 1
21097 2
21101 1
21121 1
21145 1
21157 2
21169 1
21177 1
21205 3
21221 1
21233 2
21253 1
21257 3
21265 2
21277 1
21289 3
21317 3
21325 2
21361 1
21365 1
21389 3
21425 4
21437 4
21449 1
21465 4
21473 1
21485 1
21493 2
21509 1
21517 1
21521 1
21529 1
21537 2
21569 1
21601 2
21605 1
21617 1
21645 2
21649 1
21661 1
21677 1
21685 2
21689 1
21697 2
21713 1
21737 1
21745 1
21753 2
21757 1
21785 1
21809 2
21845 4
21853 2
21865 1
21893 1
21905 3
21925 2
21941 1
21953 1
21985 2
22025 1
22045 1
22049 1
22061 2
22069 2
22093 1
22105 3
22109 1
22117 1
22153 1
22181 1
22185 2
22189 1
22201 1
22217 4
22229 1
22237 1
22277 1
22293 1
22301 2
22321 2
22345 4
22381 1
22405 1
22409 3
22417 2
22441 1
22453 1
22457 2
22465 1
22481 2
22525 4
22529 1
22585 1
22601 1
22621 1
22625 2
22633 1
22669 1
22689 1
22717 1
22721 3
22725 4
22741 1
22753 1
22765 1
22789 1
22797 2
22817 1
22837 1
22861 1
22865 5
22877 1
22905 1
22921 1
22941 1
22945 5
22949 3
22985 1
22997 5
23029 1
23049 2
23057 1
23113 2
23125 3
23129 1
23137 4
23141 1
23165 2
23173 1
23185 1
23189 1
23201 1
23225 1
23257 2
23269 1
23273 1
23333 1
23341 1
23357 1
23365 1
23377 2
23425 1
23445 1
23465 2
23525 1
23545 4
23553 1
23581 1
23585 1
23605 2
23633 1
23645 2
23657 1
23677 1
23701 1
23717 4
23725 3
23729 1
23733 1
23761 1
23813 1
23825 3
23833 1
23837 1
23885 2
23917 2
23945 1
23953 1
23985 1
23993 1
24001 1
24005 2
24037 3
24041 1
24049 3
24061 1
24065 1
24077 1
24085 2
24089 2
24109 2
24125 1
24137 1
24157 1
24181 1
24193 1
24201 1
24217 2
24237 1
24245 1
24305 1
24309 1
24349 2
24385 1
24389 1
24421 1
24425 1
24433 1
24505 1
24545 1
24557 2
24565 1
24625 1
24641 2
24649 1
24677 1
24701 1
24705 1
24745 1
24797 2
24841 1
24853 2
24905 1
24917 1
24929 1
24965 1
24973 4
25045 1
25049 1
25057 1
25085 2
25105 1
25129 2
25181 2
25205 1
25237 1
25285 2
25297 2
25325 2
25345 1
25357 1
25381 1
25405 1
25425 2
25433 1
25457 1
25469 1
25477 1
25549 2
25561 1
25565 1
25605 1
25649 1
25693 1
25705 3
25721 2
25769 1
25777 1
25805 2
25825 1
25841 1
25925 1
25965 1
26077 1
26113 1
26129 1
26165 1
26185 1
26225 3
26233 1
26245 1
26261 2
26269 1
26293 1
26297 1
26361 1
26401 1
26413 3
26469 2
26485 1
26509 1
26585 1
26605 1
26645 1
26725 1
26765 1
26897 1
26937 1
26965 1
26969 1
27061 1
27185 1
27217 1
27233 1
27245 1
27257 2
27297 1
27389 1
27529 1
27541 1
27581 1
27625 1
27677 1
27693 1
27765 1
27785 1
27865 1
27981 1
28009 1
28085 1
28145 1
28169 1
28345 1
28409 1
28445 1
28465 1
28505 1
28565 1
28573 1
28685 1
28705 1
28745 1
28837 1
28845 1
28849 1
28885 1
28933 1
29009 1
29045 1
29053 1
29077 1
29129 1
29161 1
29313 1
29497 2
29629 1
29753 1
29801 1
29861 1
30029 1
30265 1
30277 1
30365 1
30545 1
30685 1
30897 1
31049 1
31149 1
31253 2
31681 1
31693 1
31925 1
32005 1
32009 1
32045 1
32513 1
32533 1
32645 1
32717 1
32741 1
32877 1
33245 1
33709 1
34081 1
34241 1
34369 1
34425 1
34497 1
34849 1
35269 1
35689 1
36413 1
41273 1
42341 1
