N J h mean_R_sq err_mean_R_sq mean_R_gyr_sq err_mean_R_gyr_sq 
200 0 0 604.424 28.4916 632.577 14.801
1707 1
1746 1
1777 1
1794 1
1816 1
1833 1
1854 1
1855 1
1862 1
1864 1
1866 1
1871 1
1873 2
1875 1
1877 2
1879 1
1882 1
1887 1
1891 2
1893 1
1895 1
1896 1
1897 1
1899 2
1902 1
1903 2
1905 1
1906 1
1908 1
1909 2
1910 2
1911 1
1913 1
1922 1
1924 1
1926 1
1928 2
1929 1
1931 1
1932 2
1933 1
1935 2
1936 1
1937 1
1938 2
1939 1
1940 2
1941 2
1942 2
1943 2
1945 2
1946 1
1947 3
1948 1
1949 1
1950 1
1953 1
1954 1
1955 1
1956 1
1957 1
1958 1
1959 1
1960 2
1961 1
1962 1
1963 3
1964 1
1965 2
1966 1
1967 4
1968 2
1969 3
1970 3
1971 1
1972 4
1974 4
1977 2
1978 1
1979 2
1980 4
1981 2
1982 2
1984 2
1985 1
1987 2
1988 2
1989 4
1990 2
1991 3
1992 2
1993 1
1994 3
1995 3
1996 4
1997 1
1999 5
2000 1
2001 4
2002 2
2003 1
2004 1
2005 1
2006 2
2007 4
2008 2
2009 1
2010 3
2011 2
2014 2
2015 2
2016 2
2017 1
2018 2
2020 1
2024 3
2025 2
2026 1
2027 2
2028 1
2030 3
2031 2
2033 2
2034 1
2035 1
2037 3
2041 2
2042 3
2043 1
2044 1
2045 1
2046 2
2047 3
2048 1
2049 1
2051 1
2053 2
2054 1
2055 1
2056 1
2058 1
2060 2
2061 1
2062 2
2063 2
2064 1
2066 3
2068 2
2070 1
2071 1
2072 2
2073 2
2075 2
2076 1
2078 1
2079 2
2080 1
2084 1
2085 1
2086 1
2087 1
2089 1
2090 1
2092 1
2096 1
2106 2
2109 2
2114 1
2115 1
2116 1
2117 1
2118 1
2119 1
2120 1
2121 2
2123 2
2132 1
2136 1
2147 1
2148 1
2149 1
2151 2
2159 1
2160 1
2167 1
2189 1
2198 1
