N J h mean_R_sq err_mean_R_sq mean_R_gyr_sq err_mean_R_gyr_sq 
300 0.9 0 531.333 12.0936 1464.89 7.5285
576 1
738 1
787 1
806 1
843 1
866 1
872 1
876 1
882 1
884 1
889 1
890 1
936 2
937 1
949 1
950 1
964 1
972 1
976 1
979 1
993 1
997 1
1001 1
1013 1
1016 1
1017 1
1019 1
1020 2
1021 1
1022 2
1024 1
1026 1
1030 1
1032 1
1034 1
1042 1
1045 1
1047 1
1049 1
1051 1
1052 1
1069 1
1072 1
1073 1
1074 1
1076 1
1079 2
1080 1
1081 1
1086 1
1089 2
1090 3
1093 1
1094 2
1096 1
1098 1
1100 1
1101 3
1105 1
1106 1
1110 1
1111 1
1113 1
1115 1
1116 2
1117 2
1118 1
1119 1
1120 1
1121 1
1122 1
1123 1
1124 1
1125 1
1131 3
1134 1
1135 1
1137 1
1138 1
1139 3
1140 2
1143 4
1144 1
1145 1
1146 1
1147 1
1149 3
1150 4
1151 3
1154 2
1155 1
1156 3
1157 1
1158 3
1159 1
1161 2
1162 3
1163 2
1164 4
1165 1
1166 1
1167 2
1168 1
1169 1
1170 1
1171 1
1172 1
1173 1
1174 1
1175 1
1176 3
1177 2
1179 3
1180 3
1182 3
1183 2
1184 1
1185 1
1186 1
1187 2
1189 1
1191 2
1192 1
1194 3
1195 2
1196 4
1197 4
1198 2
1199 3
1200 1
1201 2
1202 4
1203 1
1204 1
1205 3
1206 4
1207 1
1208 3
1209 1
1210 3
1211 5
1212 1
1213 3
1214 3
1215 4
1216 3
1217 3
1218 2
1219 2
1220 1
1221 5
1222 5
1223 2
1224 4
1225 2
1226 3
1227 2
1228 1
1229 1
1230 3
1231 5
1232 9
1233 3
1235 6
1236 4
1237 4
1238 2
1239 3
1240 7
1241 1
1242 3
1243 6
1244 4
1245 1
1246 2
1247 5
1248 5
1249 2
1250 2
1251 1
1252 2
1253 6
1254 4
1255 5
1256 4
1257 3
1258 4
1259 2
1260 9
1261 5
1262 3
1263 2
1264 7
1265 4
1266 5
1267 6
1268 3
1269 5
1270 10
1271 6
1272 4
1273 5
1274 4
1275 9
1276 3
1277 5
1278 8
1279 9
1280 6
1281 4
1282 3
1283 5
1284 4
1285 6
1286 10
1287 6
1288 6
1289 4
1290 8
1291 4
1292 4
1293 2
1294 6
1295 5
1296 4
1297 3
1298 11
1299 8
1300 8
1301 12
1302 6
1303 10
1304 8
1305 12
1306 9
1307 6
1308 5
1309 5
1310 8
1311 5
1312 5
1313 10
1314 6
1315 6
1316 8
1317 6
1318 4
1319 5
1320 3
1321 12
1322 10
1323 6
1324 7
1325 9
1326 11
1327 9
1328 8
1329 10
1330 5
1331 6
1332 3
1333 1
1334 3
1335 7
1336 3
1337 6
1338 8
1339 7
1340 10
1341 3
1342 6
1343 8
1344 5
1345 7
1346 7
1347 10
1348 3
1349 12
1350 6
1351 4
1352 10
1353 9
1354 4
1355 3
1356 10
1357 7
1358 4
1359 5
1360 4
1361 7
1362 8
1363 3
1364 4
1365 8
1366 10
1367 10
1368 7
1369 8
1370 5
1371 12
1372 8
1373 6
1374 6
1375 11
1376 3
1377 3
1378 8
1379 5
1380 10
1381 5
1382 6
1383 4
1384 6
1385 6
1386 5
1387 7
1388 7
1389 7
1390 3
1391 7
1392 5
1393 6
1394 6
1395 9
1396 9
1397 6
1398 4
1399 4
1400 6
1401 4
1402 7
1403 3
1404 6
1405 5
1406 5
1407 4
1408 10
1409 2
1410 2
1411 10
1412 5
1413 3
1414 7
1415 7
1416 9
1417 3
1418 3
1419 8
1420 5
1421 4
1422 3
1423 7
1424 2
1425 3
1426 6
1427 3
1428 2
1429 2
1430 4
1431 7
1432 2
1433 3
1434 6
1435 5
1436 5
1437 2
1438 3
1439 3
1440 4
1441 3
1442 2
1443 3
1445 5
1446 3
1447 2
1448 4
1449 1
1450 4
1451 4
1452 3
1453 3
1455 5
1456 2
1457 3
1458 4
1459 6
1460 3
1461 1
1463 3
1464 3
1465 3
1466 3
1468 3
1469 2
1470 2
1471 1
1472 2
1473 2
1474 1
1476 1
1477 1
1478 3
1479 1
1480 1
1481 4
1483 3
1485 2
1486 2
1487 1
1489 2
1490 1
1491 1
1492 1
1493 1
1495 1
1496 2
1498 2
1500 2
1501 1
1502 1
1504 2
1506 1
1507 3
1508 1
1512 1
1513 1
1517 1
1524 1
1526 2
1534 1
1537 1
1542 2
1546 1
1551 1
1555 1
1567 1
1582 1
