N J h mean_R_sq err_mean_R_sq mean_R_gyr_sq err_mean_R_gyr_sq 
100 1.2 0 32.3681 1.75994 129.602 1.41614
1008 1
1028 1
1033 1
1056 1
1065 1
1078 1
1097 1
1137 1
1139 1
1142 1
1148 2
1158 1
1163 1
1164 1
1169 1
1170 1
1181 1
1190 1
1193 1
1196 1
1200 2
1214 1
1217 1
1226 1
1228 1
1235 1
1238 1
1245 1
1249 1
1252 1
1253 1
1259 1
1260 1
1264 1
1267 1
1270 1
1271 3
1272 1
1273 1
1275 1
1276 1
1277 1
1280 1
1281 1
1284 1
1285 1
1295 1
1296 2
1301 1
1306 1
1309 2
1316 2
1317 1
1321 1
1323 1
1327 1
1329 1
1336 1
1341 1
1346 1
1351 1
1359 1
1360 3
1361 1
1364 2
1368 1
1369 2
1371 1
1373 1
1375 1
1379 2
1382 1
1383 1
1384 2
1385 1
1386 1
1389 1
1391 3
1392 1
1396 1
1397 1
1403 1
1404 1
1405 2
1407 1
1413 1
1416 1
1417 1
1419 1
1420 1
1422 1
1423 1
1424 1
1426 1
1427 1
1428 1
1429 1
1430 1
1431 1
1433 1
1434 1
1435 1
1436 2
1439 1
1440 1
1441 1
1444 1
1445 1
1447 1
1453 1
1454 1
1455 2
1460 1
1461 3
1463 1
1464 1
1470 1
1471 2
1472 1
1473 3
1474 1
1476 1
1479 1
1480 1
1481 1
1486 1
1487 1
1488 1
1490 3
1492 1
1494 1
1496 2
1497 1
1498 1
1499 1
1501 1
1502 1
1503 1
1504 1
1508 1
1509 1
1511 1
1513 1
1515 1
1517 1
1519 2
1522 1
1523 1
1525 2
1526 1
1532 1
1534 1
1535 1
1538 3
1539 1
1541 2
1542 1
1543 1
1545 2
1548 2
1550 2
1551 1
1554 2
1555 1
1556 1
1557 1
1558 1
1560 1
1561 1
1562 2
1564 2
1570 2
1571 2
1572 1
1573 1
1574 2
1577 2
1578 1
1579 3
1581 2
1582 1
1583 2
1585 1
1586 1
1589 1
1590 1
1592 1
1594 1
1595 2
1596 1
1598 2
1600 2
1602 1
1604 1
1605 1
1606 2
1607 1
1611 1
1612 1
1615 1
1616 1
1617 2
1622 1
1624 2
1625 1
1627 1
1628 1
1635 1
1636 1
1638 1
1639 3
1640 1
1647 1
1648 1
1651 1
1653 1
1656 1
1657 1
1664 1
1667 1
1670 2
1671 1
1680 1
1683 1
1684 1
1685 2
1691 1
1692 1
1703 2
1707 1
1708 1
1711 1
1712 2
1714 1
1715 1
1720 1
1721 1
1724 1
1741 1
1747 1
1753 1
1776 1
