N J h mean_R_sq err_mean_R_sq mean_R_gyr_sq err_mean_R_gyr_sq 
50 0.45 0 103.302 3.64245 38.3692 1.26519
1000 10
1001 11
1002 12
1003 7
1004 10
1005 11
1006 8
1007 10
1008 11
1009 6
1010 7
1011 6
1012 8
1013 3
1014 11
1015 8
1016 7
1017 6
1018 9
1019 6
1020 3
1021 7
1022 2
1023 3
1024 6
1025 6
1026 5
1027 6
1028 10
1029 5
1030 6
1031 4
1032 4
1033 8
1035 1
1036 4
1037 1
1039 2
1040 7
1041 3
1042 4
1043 2
1044 6
1045 5
1046 4
1047 5
1048 3
1049 2
1050 4
1051 4
1053 3
1054 1
1055 5
1056 4
1057 3
1058 5
1059 5
1061 2
1062 2
1064 2
1065 2
1066 1
1067 2
1068 2
1069 2
1070 1
1071 1
1072 1
1073 1
1074 1
1076 2
1077 1
1079 3
1080 2
1081 2
1082 1
1083 3
1086 1
1089 3
1090 1
1091 2
1093 1
1094 1
1095 1
1096 1
1098 2
1099 3
1101 1
1102 2
1109 1
1111 2
1112 2
1113 1
1118 1
1119 1
1124 1
1126 1
1130 2
1132 2
1136 1
1141 1
1146 1
1151 1
1163 1
1167 1
1191 1
