N J h mean_R_sq err_mean_R_sq mean_R_gyr_sq err_mean_R_gyr_sq 
200 0.9 0 386.528 20.6069 636.128 8.75369
560 1
570 1
640 1
669 1
708 1
710 1
728 1
738 2
742 1
744 1
750 1
763 1
778 1
784 1
790 2
792 1
795 1
797 1
798 1
799 1
804 1
806 2
807 1
808 1
809 1
811 2
816 1
819 1
821 1
826 1
829 1
834 2
837 1
838 1
841 1
842 1
844 1
845 1
848 1
853 1
858 1
859 1
860 2
862 2
863 1
864 1
865 1
871 1
872 1
874 1
877 2
878 1
881 2
884 1
886 1
887 2
888 1
889 1
890 1
891 1
892 3
893 1
896 1
897 1
899 1
900 2
902 1
903 2
904 1
907 2
909 1
910 2
911 1
914 1
915 1
916 1
920 1
921 1
923 1
928 1
930 3
931 1
932 1
933 1
934 1
937 2
938 1
941 1
944 1
945 1
946 1
950 2
951 1
953 1
955 1
956 1
958 1
959 3
960 1
964 1
968 1
969 3
971 1
973 1
974 3
978 3
979 2
981 1
982 1
984 4
985 1
988 1
990 2
991 2
993 2
994 1
995 1
996 2
997 1
998 2
999 1
1001 1
1002 2
1003 1
1004 1
1005 2
1007 3
1014 1
1015 4
1017 2
1018 2
1020 1
1023 1
1025 1
1030 1
1031 1
1035 1
1038 1
1040 1
1042 2
1044 1
1046 1
1049 2
1050 2
1052 3
1053 1
1055 2
1056 1
1058 1
1059 1
1061 2
1062 1
1063 3
1064 3
1065 3
1068 1
1070 3
1071 1
1072 1
1074 1
1075 2
1076 3
1077 2
1078 1
1080 1
1084 1
1085 2
1087 2
1090 1
1091 2
1092 1
1096 1
1097 2
1102 1
1106 1
1107 1
1108 1
1110 1
1115 1
1120 1
1121 1
1126 1
1127 1
1128 1
1129 1
1130 1
1132 1
1133 1
1135 2
1136 1
1138 1
1139 1
1145 1
1148 1
1150 1
1157 1
1158 1
1166 1
1167 1
1168 2
1171 1
1175 1
1180 1
1182 2
1187 1
1191 1
1194 1
1196 1
1199 1
1200 1
1201 1
1214 1
1219 1
1220 1
1227 1
1230 1
1236 1
1238 1
1240 1
1249 1
1251 1
1287 1
1304 1
1322 1
1339 1
1344 1
1378 1
