N J h mean_R_sq err_mean_R_sq mean_R_gyr_sq err_mean_R_gyr_sq 
50 0.45 0 105.589 2.93599 37.9424 0.767027
599 1
646 1
673 1
674 1
675 1
676 1
678 1
683 1
688 2
689 1
693 1
696 1
708 1
711 1
712 2
713 1
715 1
724 2
726 1
729 1
736 2
741 1
745 1
746 1
749 2
756 1
758 3
763 1
764 1
769 1
772 1
775 2
778 2
779 1
784 1
785 2
786 2
787 2
791 1
792 1
794 1
796 1
797 2
798 1
801 1
803 2
804 2
805 2
807 4
809 1
810 1
811 1
812 1
813 1
814 1
815 1
816 1
817 1
819 2
820 1
821 1
822 1
823 1
825 1
827 1
833 2
834 2
835 1
836 1
837 2
838 1
839 1
840 3
841 1
842 3
844 1
847 3
848 2
849 1
850 1
851 3
852 2
853 1
855 3
856 1
857 1
860 1
864 1
865 2
868 1
873 2
874 2
875 2
876 3
877 1
878 4
879 1
880 5
881 2
884 6
885 5
887 1
888 3
889 1
890 1
891 3
892 3
893 1
894 2
895 3
896 1
897 2
898 2
899 1
901 2
902 3
904 1
905 2
906 1
907 1
908 4
909 2
910 3
911 2
912 5
913 6
915 3
916 3
917 2
918 2
919 5
922 6
924 5
925 5
926 1
927 4
928 2
929 1
931 2
932 2
933 1
934 5
935 1
936 1
937 2
939 5
940 2
941 2
942 1
946 2
947 1
948 2
950 4
951 3
952 1
953 2
954 5
955 3
956 6
957 1
958 5
960 3
963 1
964 5
965 3
966 2
967 2
968 3
969 2
970 3
971 2
972 3
973 5
974 5
975 2
976 3
977 3
978 1
979 1
980 4
981 1
983 2
984 2
986 5
987 6
988 2
991 5
992 5
993 2
996 6
997 4
998 4
999 2
1000 2
1001 2
1002 2
1003 2
1005 3
1006 5
1007 3
1008 3
1009 1
1010 2
1011 1
1012 4
1014 6
1015 1
1016 2
1017 2
1018 3
1019 8
1020 3
1022 1
1023 2
1024 3
1025 2
1029 4
1030 2
1031 6
1032 2
1033 2
1034 3
1035 2
1036 2
1037 5
1039 4
1041 1
1042 3
1043 2
1044 3
1045 5
1046 1
1047 1
1048 1
1049 5
1050 2
1051 1
1052 3
1055 1
1056 1
1057 4
1058 3
1059 3
1060 1
1062 4
1063 1
1064 2
1065 2
1066 1
1067 1
1068 3
1069 4
1070 2
1071 1
1072 2
1073 3
1074 2
1075 1
1076 5
1078 2
1079 1
1080 1
1082 2
1083 3
1084 2
1087 1
1088 3
1090 1
1091 5
1092 1
1093 3
1094 1
1095 2
1096 1
1097 3
1098 5
1099 1
1100 2
1101 2
1102 1
1104 3
1105 3
1106 3
1107 2
1109 1
1110 1
1111 2
1112 3
1114 2
1115 1
1116 1
1118 2
1119 2
1121 3
1122 1
1123 1
1124 2
1125 1
1126 1
1128 3
1129 1
1130 1
1132 3
1133 1
1134 1
1136 5
1137 1
1139 2
1140 2
1141 1
1142 2
1143 1
1144 1
1145 2
1146 2
1147 1
1150 1
1151 1
1154 2
1155 3
1156 2
1159 4
1160 1
1163 1
1164 2
1165 1
1166 1
1169 3
1170 1
1171 1
1172 2
1175 1
1176 2
1178 2
1179 1
1180 1
1181 1
1186 2
1187 1
1188 1
1190 2
1191 1
1192 1
1193 1
1194 2
1195 1
1197 2
1199 2
1201 2
1202 1
1204 1
1205 1
1206 2
1207 2
1208 2
1209 1
1212 2
1214 2
1215 1
1217 2
1218 1
1220 1
1223 2
1225 1
1226 1
1227 2
1230 1
1231 2
1234 1
1239 4
1245 2
1253 1
1266 1
1270 1
1273 1
1275 1
1277 1
1284 2
1285 1
1286 1
1287 1
1289 2
1291 1
1297 1
1300 1
1304 1
1322 1
1329 1
1334 1
1351 1
1419 1
