N J h mean_R_sq err_mean_R_sq mean_R_gyr_sq err_mean_R_gyr_sq 
100 1.95 0 15.8156 0.528982 115.966 1.44804
51 1
59 1
63 1
73 2
80 2
83 1
85 4
87 1
89 1
91 1
92 1
93 3
94 1
96 1
98 2
99 1
102 1
104 1
105 2
109 1
110 2
117 2
120 1
121 1
122 1
124 1
125 1
126 1
127 1
129 1
130 1
131 1
132 1
133 2
134 2
135 2
136 1
137 1
138 1
142 1
144 1
145 1
148 1
149 2
150 1
151 2
153 1
154 2
155 1
156 1
161 1
165 2
166 1
168 1
169 1
170 3
171 1
172 1
174 1
175 1
179 1
180 1
183 1
184 1
187 1
188 1
192 1
193 1
195 1
197 2
199 1
200 1
201 1
202 2
203 1
204 1
206 1
207 2
209 2
210 1
213 1
214 1
216 1
219 1
221 1
223 1
226 1
229 1
230 1
234 1
235 1
237 1
240 1
242 1
245 1
247 1
251 1
252 1
254 1
255 2
257 1
260 1
261 1
262 1
263 3
265 1
267 1
271 1
274 1
276 1
279 2
281 1
285 1
287 1
291 1
297 1
301 1
302 1
307 1
308 1
309 2
310 1
311 1
313 3
315 2
319 1
320 1
323 2
324 1
336 2
337 1
338 2
341 1
344 1
348 1
349 1
352 1
354 1
363 2
366 2
368 1
371 1
372 1
373 1
375 1
378 1
385 1
386 1
387 1
389 1
390 1
394 2
411 1
413 1
414 1
415 1
416 3
418 1
422 1
424 1
427 1
429 1
439 1
442 1
445 1
449 2
450 1
456 1
457 1
461 1
471 1
477 2
481 1
482 1
484 1
492 1
493 1
501 2
503 1
504 1
505 1
510 1
512 1
514 1
515 1
517 1
519 1
521 1
525 2
534 1
545 2
546 1
548 1
559 1
565 1
567 1
568 1
586 1
587 1
590 2
593 1
594 1
596 1
598 1
599 1
600 2
602 1
608 1
611 1
616 3
617 1
618 1
622 1
630 1
637 1
639 1
654 1
656 1
657 1
664 1
666 2
670 1
673 1
676 2
682 1
683 1
693 1
704 1
705 1
706 2
709 1
722 1
729 1
731 1
741 1
743 1
746 1
748 2
751 2
752 1
760 1
768 1
774 1
778 1
782 1
784 1
785 1
792 1
805 1
821 1
824 1
827 1
836 1
843 1
852 1
853 1
854 1
860 1
861 1
866 1
867 1
868 1
873 1
874 1
875 1
881 1
882 2
888 1
897 1
899 1
901 3
908 1
909 1
910 1
914 2
917 1
920 1
922 1
924 1
928 1
934 1
950 2
951 1
953 1
956 1
958 1
959 1
961 1
963 1
966 1
971 2
972 1
974 1
983 2
986 1
987 1
1004 2
1011 1
1018 2
1021 1
1024 1
1026 1
1035 1
1039 1
1040 1
1045 1
1048 1
1063 2
1072 1
1077 1
1078 1
1099 1
1102 1
1105 1
1112 1
1113 1
1115 1
1120 1
1125 1
1126 1
1132 1
1138 1
1140 1
1150 1
1153 1
1161 2
1167 1
1168 1
1169 1
1188 1
1190 1
1194 1
1195 1
1196 1
1197 1
1199 1
1200 1
1205 1
1206 1
1207 1
1210 1
1212 1
1215 1
1216 1
1219 1
1225 1
1226 2
1228 1
1229 1
1234 1
1237 3
1238 1
1240 2
1241 1
1242 1
1250 1
1252 1
1255 1
1257 1
1258 1
1276 1
1280 1
1289 1
1291 1
1301 2
1302 1
1304 1
1307 1
1308 1
1312 1
1322 1
1323 1
1337 1
1346 1
1349 2
1351 2
1352 1
1361 1
1367 2
1372 1
1382 2
1386 2
1393 1
1398 1
1403 1
1408 1
1409 1
1420 1
1424 1
1434 1
1438 1
1444 2
1448 1
1449 1
1451 1
1452 1
1458 1
1462 1
1476 2
1482 1
1484 2
1493 1
1499 1
1507 1
1508 1
1510 1
1512 2
1516 1
1521 1
1525 1
1532 1
1545 3
1550 1
1560 1
1564 1
1565 1
1569 1
1579 1
1584 1
1587 2
1588 1
1590 1
1593 1
1594 1
1598 1
1599 1
1601 1
1605 1
1606 1
1609 1
1612 2
1613 2
1617 1
1620 2
1624 1
1625 1
1626 1
1628 2
1632 1
1637 1
1638 1
1647 1
1654 1
1657 1
1658 2
1660 3
1665 1
1667 1
1681 1
1682 1
1684 1
1685 2
1687 1
1688 1
1690 1
1698 1
1699 1
1700 2
1702 1
1703 1
1709 1
1710 1
1712 1
1713 1
1714 1
1716 1
1722 1
1724 1
1728 1
1730 1
1734 1
1736 3
1739 1
1740 2
1741 1
1743 1
1746 1
1747 3
1751 2
1753 2
1758 1
1759 1
1761 1
1764 1
1765 2
1767 1
1768 1
1771 1
1773 2
1774 1
1779 1
1780 1
1781 3
1782 2
1785 1
1787 1
1788 1
1789 2
1791 1
1792 1
1798 1
1802 1
1803 1
1807 1
1809 1
1810 1
1812 1
1813 1
1816 1
1818 2
1820 1
1822 1
1826 2
1828 3
1830 2
1833 1
1834 1
1835 1
1837 1
1838 1
1839 1
1841 1
1842 1
1845 1
1847 3
1848 1
1849 1
1850 1
1852 1
1854 1
1856 1
1857 1
1859 2
1860 1
1862 1
1863 1
1866 1
1867 1
1869 1
1870 2
1871 2
1873 3
1874 1
1875 1
1877 1
1878 5
1879 1
1881 2
1882 2
1884 2
1885 1
1886 2
1887 1
1888 1
1890 2
1894 1
1896 1
1898 1
1900 1
1901 2
1904 1
1907 1
1911 1
1915 1
1918 2
1923 1
1924 1
1926 1
1927 1
1929 1
1939 1
1945 1
