N J h mean_R_sq err_mean_R_sq mean_R_gyr_sq err_mean_R_gyr_sq 
100 1.5 0 20.1927 0.737629 121.847 1.45033
109 1
114 1
120 2
125 1
129 1
130 1
131 1
132 1
138 1
141 1
143 1
144 2
146 1
148 2
151 1
152 2
157 2
158 1
160 1
165 1
166 1
168 1
172 2
174 1
175 1
179 1
190 1
205 1
211 1
221 2
222 1
224 1
226 1
230 1
237 1
238 1
241 1
242 1
243 2
246 1
248 2
249 1
252 2
260 1
262 1
265 1
267 1
270 2
271 1
273 2
276 1
277 1
279 1
287 1
292 1
298 3
299 2
303 2
308 2
311 1
312 1
329 1
330 1
335 1
340 1
341 1
344 1
346 1
347 1
349 1
358 1
362 2
365 1
366 1
370 1
371 1
373 2
377 1
381 1
382 1
383 1
390 1
392 1
402 1
404 1
405 1
406 1
410 1
426 1
432 1
445 1
448 1
453 1
457 1
461 1
462 1
470 1
480 1
500 2
503 1
512 1
519 1
520 1
530 2
534 1
536 1
537 1
539 1
549 1
565 1
566 1
572 1
573 1
578 1
589 1
602 1
607 1
612 2
627 1
628 1
635 1
637 2
640 1
649 1
650 1
656 1
662 1
664 1
677 1
680 2
688 1
703 1
706 2
709 1
710 1
711 1
719 1
722 1
723 1
725 1
736 1
739 1
744 1
752 1
755 1
761 1
791 1
796 1
798 1
799 1
800 1
801 1
802 1
807 1
811 1
819 1
826 1
837 1
839 1
846 1
854 1
860 1
884 1
887 1
893 1
896 1
904 1
907 1
918 1
919 1
933 1
935 1
944 1
947 1
948 1
949 1
953 2
956 2
959 1
969 1
970 1
985 1
986 1
993 1
1000 1
1002 1
1011 1
1015 1
1016 1
1024 1
1027 1
1035 1
1038 1
1040 1
1045 1
1048 1
1058 1
1062 1
1068 1
1071 1
1090 1
1093 1
1098 1
1111 1
1112 1
1120 1
1126 1
1172 1
1173 1
1174 1
1185 2
1195 1
1196 1
1199 1
1203 1
1204 1
1217 1
1228 1
1230 1
1240 1
1251 1
1254 2
1258 1
1260 1
1263 1
1267 1
1275 2
1284 1
1285 1
1295 1
1296 1
1298 1
1303 1
1323 1
1344 1
1355 1
1357 1
1362 1
1375 2
1381 1
1383 1
1385 1
1411 1
1421 2
1424 1
1427 1
1438 2
1442 1
1451 1
1461 1
1468 1
1469 1
1485 1
1486 1
1487 1
1489 1
1490 1
1495 1
1504 1
1512 2
1516 1
1519 1
1521 1
1523 1
1529 2
1530 1
1536 1
1537 1
1538 1
1552 1
1553 1
1559 1
1564 1
1567 2
1574 1
1578 1
1579 1
1583 1
1586 1
1587 1
1588 1
1592 1
1593 1
1594 2
1601 1
1602 1
1605 1
1613 1
1618 1
1623 1
1627 1
1634 1
1641 1
1642 1
1648 1
1667 1
1672 1
1673 1
1674 2
1676 1
1679 1
1684 1
1688 2
1693 1
1694 2
1695 1
1707 1
1713 1
1715 1
1726 1
1729 1
1735 1
1739 2
1743 1
1746 1
1752 1
1761 1
1763 1
1766 2
1768 1
1771 1
1776 1
1777 1
1780 1
1782 1
1788 1
1794 1
1797 1
1799 2
1801 1
1803 1
1804 1
1814 1
1815 1
1817 2
1820 1
1823 2
1825 1
1826 1
1827 1
1828 1
1835 1
1836 1
1837 2
1844 1
1853 1
1861 1
1866 1
1869 1
1870 1
1874 1
1893 1
1895 1
