N J h mean_R_sq err_mean_R_sq mean_R_gyr_sq err_mean_R_gyr_sq 
50 0.6 0 100.932 2.65402 37.8947 1.0864
1000 24
1001 22
1002 14
1003 17
1004 12
1005 15
1006 8
1007 10
1008 13
1009 13
1010 15
1011 15
1012 13
1013 13
1014 10
1015 11
1016 12
1017 2
1018 9
1019 9
1020 11
1021 12
1022 12
1023 10
1024 10
1025 18
1026 10
1027 7
1028 15
1029 10
1030 8
1031 14
1032 9
1033 9
1034 8
1035 6
1036 8
1037 9
1038 9
1039 5
1040 10
1041 6
1042 8
1043 7
1044 7
1045 3
1046 7
1047 4
1048 2
1049 6
1050 5
1051 5
1052 7
1053 5
1054 1
1055 7
1056 6
1057 6
1058 4
1059 3
1060 4
1061 2
1062 2
1063 4
1064 5
1065 5
1066 4
1067 4
1068 3
1069 8
1070 5
1071 6
1072 2
1073 4
1074 6
1075 3
1076 4
1077 2
1078 4
1079 3
1080 3
1081 7
1082 2
1083 2
1084 4
1085 4
1086 4
1087 1
1088 1
1089 4
1090 5
1091 6
1092 4
1094 3
1095 1
1096 4
1097 2
1098 2
1099 1
1100 2
1101 1
1103 1
1104 4
1105 4
1106 1
1107 4
1109 2
1110 3
1111 4
1113 1
1115 1
1116 2
1117 2
1118 2
1119 1
1122 2
1123 2
1124 3
1126 1
1127 2
1128 1
1129 1
1134 1
1135 1
1136 3
1137 2
1138 1
1139 1
1140 1
1141 1
1144 1
1148 1
1149 1
1152 1
1153 1
1157 2
1158 1
1164 1
1165 2
1166 1
1168 1
1170 2
1173 1
1176 1
1177 3
1180 1
1182 1
1193 2
1197 1
1200 1
1203 1
1210 1
1212 1
1224 1
1238 1
1257 1
1259 1
1310 1
1338 1
