N J h mean_R_sq err_mean_R_sq mean_R_gyr_sq err_mean_R_gyr_sq 
200 1.5 0 27.2588 0.358545 462.278 0.970244
-145 1
-141 1
-138 2
-135 1
-122 1
-121 1
-119 2
-115 1
-111 1
-105 1
-104 1
-103 1
-102 1
-101 1
-99 3
-97 1
-96 2
-95 2
-94 2
-91 2
-90 1
-87 4
-86 1
-85 1
-83 3
-82 2
-81 2
-79 1
-77 1
-76 1
-75 3
-74 3
-72 1
-71 1
-70 2
-69 2
-68 4
-67 2
-66 1
-65 1
-64 2
-63 6
-62 3
-61 5
-60 4
-59 2
-57 5
-56 3
-55 3
-54 3
-53 5
-52 5
-51 4
-50 1
-49 4
-47 4
-46 3
-45 4
-44 5
-43 2
-42 7
-41 4
-40 7
-39 3
-38 6
-37 1
-36 1
-35 5
-34 3
-33 7
-32 5
-31 5
-30 6
-29 6
-28 2
-27 5
-26 5
-25 8
-24 7
-23 6
-22 2
-21 7
-20 7
-19 3
-18 8
-17 6
-16 15
-15 5
-14 10
-13 11
-12 11
-11 10
-10 8
-9 5
-8 9
-7 7
-6 6
-5 7
-4 10
-3 12
-2 8
-1 10
0 18
1 10
2 10
3 13
4 10
5 14
6 14
7 17
8 9
9 7
10 12
11 11
12 8
13 6
14 19
15 8
16 8
17 8
18 11
19 16
20 12
21 18
22 15
23 14
24 14
25 15
26 16
27 14
28 13
29 9
30 8
31 10
32 13
33 21
34 16
35 17
36 12
37 14
38 17
39 8
40 14
41 9
42 15
43 21
44 29
45 16
46 19
47 15
48 15
49 16
50 20
51 16
52 22
53 15
54 11
55 13
56 24
57 21
58 22
59 16
60 11
61 15
62 26
63 22
64 16
65 18
66 15
67 7
68 16
69 19
70 33
71 17
72 18
73 24
74 16
75 18
76 21
77 18
78 14
79 16
80 16
81 18
82 14
83 18
84 24
85 14
86 16
87 19
88 16
89 14
90 20
91 18
92 18
93 18
94 17
95 19
96 15
97 14
98 14
99 4
100 20
101 21
102 19
103 14
104 23
105 16
106 20
107 14
108 18
109 14
110 16
111 18
112 27
113 17
114 17
115 14
116 19
117 12
118 14
119 11
120 11
121 15
122 22
123 9
124 18
125 10
126 14
127 11
128 11
129 13
130 13
131 11
132 9
133 14
134 16
135 21
136 16
137 14
138 19
139 16
140 11
141 11
142 16
143 12
144 14
145 13
146 18
147 22
148 15
149 13
150 11
151 13
152 13
153 19
154 11
155 13
156 10
157 10
158 9
159 10
160 9
161 17
162 13
163 14
164 11
165 15
166 6
167 11
168 6
169 14
170 14
171 13
172 10
173 11
174 15
175 12
176 11
177 10
178 15
179 12
180 9
181 6
182 13
183 7
184 9
185 10
186 5
187 14
188 6
189 15
190 7
191 11
192 12
193 9
194 8
195 2
196 12
197 7
198 10
199 10
200 13
201 14
202 10
203 8
204 11
205 8
206 14
207 6
208 7
209 12
210 7
211 11
212 6
213 9
214 7
215 7
216 9
217 8
218 11
219 12
220 7
221 8
222 7
223 6
224 10
225 5
226 5
227 9
228 7
229 5
230 5
231 13
232 1
233 5
234 1
235 4
236 5
237 6
238 10
239 5
240 7
241 6
242 11
243 7
244 6
245 10
246 13
247 7
248 4
249 4
250 5
251 1
252 3
253 2
254 2
255 4
257 4
258 1
259 8
260 3
261 6
262 4
263 7
264 1
265 3
266 5
267 5
268 4
269 3
270 4
271 6
272 7
273 3
274 6
275 2
276 6
277 3
278 4
280 7
281 3
282 5
283 2
284 4
285 3
286 6
287 2
288 1
289 3
290 2
291 1
292 3
293 6
294 4
295 2
296 7
297 3
298 2
299 1
300 3
301 1
302 1
303 5
304 6
305 3
306 3
307 2
308 2
309 5
310 3
311 2
312 7
313 3
314 2
315 4
316 3
317 2
318 8
319 2
320 2
321 2
323 2
324 2
325 2
326 2
327 2
328 5
329 2
330 3
331 2
334 2
335 4
336 1
337 1
338 2
339 4
340 1
341 1
344 3
345 1
346 1
347 5
348 4
349 1
350 3
352 2
354 1
355 2
356 2
358 1
359 2
360 2
361 3
362 3
363 1
364 2
365 2
366 2
367 1
368 2
369 2
370 4
371 2
372 1
373 2
374 2
375 2
378 2
379 1
380 1
381 1
382 2
383 1
385 2
386 2
388 2
389 1
390 1
392 3
393 2
394 2
395 1
397 1
398 2
399 2
401 5
403 3
404 2
405 2
406 2
407 1
409 3
410 1
411 1
413 1
414 1
417 1
420 1
422 3
423 1
424 1
425 2
426 1
428 2
429 1
430 2
434 1
436 1
437 1
438 1
442 1
443 1
444 1
445 2
446 1
447 1
450 1
452 2
453 3
454 1
456 1
458 1
462 3
463 1
467 1
470 1
473 1
474 2
475 4
477 1
479 1
480 1
483 1
484 2
485 1
487 2
488 1
490 2
491 1
493 1
495 1
500 1
502 2
503 2
505 2
506 1
507 1
508 1
510 2
511 1
512 1
517 1
518 1
520 1
527 1
530 1
531 1
533 1
534 1
538 2
539 1
544 2
548 1
549 1
550 1
552 1
554 1
558 1
559 1
560 1
567 1
571 1
572 1
573 1
574 2
577 1
580 1
581 1
612 1
615 1
618 2
626 1
627 1
632 1
637 1
639 1
653 1
656 1
678 1
696 1
699 1
715 1
722 1
727 1
736 1
753 1
759 1
766 2
768 1
769 1
780 1
785 1
797 1
813 1
823 1
847 1
857 1
933 1
941 1
987 1
1032 1
1074 1
1144 1
