N J h mean_R_sq err_mean_R_sq mean_R_gyr_sq err_mean_R_gyr_sq 
200 1.2 0 38.5371 0.56484 486.013 1.0221
113 1
127 1
133 1
135 2
138 1
139 2
143 1
146 1
150 1
151 1
153 2
154 1
156 1
157 2
158 1
159 1
162 1
163 3
164 1
165 1
166 2
167 1
168 1
169 2
170 1
171 1
172 3
173 1
174 1
175 2
176 2
177 1
178 1
179 4
180 3
181 1
183 1
184 1
185 2
186 1
187 1
188 2
189 2
190 2
191 2
193 6
194 4
195 4
196 4
197 2
198 1
199 4
201 1
202 3
203 2
204 3
205 4
206 2
207 2
208 3
209 1
210 6
211 3
212 2
213 4
214 4
215 1
216 1
217 7
218 4
220 2
221 2
222 4
223 1
224 2
225 3
226 5
227 1
228 3
229 4
230 5
231 2
232 2
233 10
234 2
235 2
236 4
237 3
238 7
239 5
240 4
241 5
242 2
243 7
244 3
245 2
246 6
247 5
248 9
249 3
250 3
251 1
252 2
253 7
254 3
255 3
256 3
257 5
258 5
259 10
260 7
261 5
262 3
263 5
264 3
265 2
266 7
267 5
268 11
269 4
270 3
271 2
272 5
273 4
274 5
275 1
276 2
277 3
278 6
280 5
281 3
282 4
283 6
284 6
285 3
286 10
287 3
288 3
289 5
290 3
291 2
292 5
293 2
294 7
295 2
296 1
297 6
298 1
299 4
300 5
301 2
302 4
303 2
304 5
305 5
306 5
307 2
308 1
309 1
310 5
311 5
312 3
313 2
314 3
315 6
316 5
317 3
318 3
319 7
320 2
321 6
322 5
323 4
324 5
325 3
326 4
327 3
328 4
329 5
330 3
331 3
332 4
334 2
335 2
336 2
337 2
338 5
339 3
340 2
341 4
342 4
343 5
344 3
345 3
346 3
347 3
348 5
349 2
350 5
351 3
352 4
353 5
354 1
355 6
356 3
357 4
358 5
359 1
360 4
361 5
362 3
363 3
364 1
365 2
366 3
367 3
368 5
370 7
371 3
372 1
373 2
374 5
375 6
376 3
377 6
378 4
379 1
380 5
381 1
382 3
383 4
384 6
385 2
386 3
387 2
388 2
389 5
391 6
392 8
393 2
394 1
396 4
397 4
398 4
399 1
400 2
401 3
402 2
403 7
404 3
405 1
406 2
407 1
409 4
410 4
411 3
412 2
413 3
414 3
415 3
416 3
417 2
418 4
419 6
421 2
422 2
424 4
425 2
426 4
427 4
428 4
430 2
431 2
434 1
435 2
437 3
438 1
439 1
441 3
442 4
443 4
444 5
446 1
447 1
448 6
449 6
450 1
451 2
452 1
453 3
454 2
455 3
456 4
457 2
459 5
460 4
462 2
463 4
464 5
465 4
466 3
467 4
470 6
472 1
473 1
474 1
475 2
476 1
477 2
478 4
479 4
480 1
481 4
482 4
483 2
484 1
485 4
486 1
487 5
488 1
489 4
490 4
491 6
492 3
493 2
494 2
495 1
496 4
497 2
498 4
499 1
500 2
503 3
504 1
505 4
506 3
507 2
508 3
509 2
510 2
511 2
512 2
513 1
514 5
515 3
516 2
517 1
518 2
519 1
520 2
521 1
522 3
523 4
524 1
525 1
526 1
527 3
528 1
529 2
530 2
531 4
532 6
533 4
534 4
535 1
536 2
537 2
538 1
540 1
541 7
542 2
543 3
544 3
545 2
546 6
547 2
548 3
549 1
550 4
552 2
553 2
554 6
555 5
556 2
557 1
558 1
561 1
562 3
563 1
564 1
565 3
566 3
567 3
568 6
569 3
570 1
571 2
572 1
573 2
574 2
575 5
576 2
577 4
578 3
579 3
580 2
581 1
582 1
583 2
584 2
585 2
586 2
587 2
589 1
590 4
591 1
592 3
593 3
594 2
595 2
596 3
597 2
598 2
599 1
601 2
602 3
604 2
605 1
606 1
607 5
608 5
609 1
610 4
611 2
612 2
613 2
614 2
615 3
616 1
617 2
618 2
619 4
620 1
621 2
622 1
623 2
624 3
625 1
626 1
627 1
628 2
629 1
630 1
631 5
632 3
633 3
634 2
635 2
637 1
638 3
639 3
640 2
641 1
642 3
643 1
644 3
645 2
646 2
647 2
648 2
649 4
650 2
651 1
652 2
653 1
654 1
656 6
657 1
658 6
659 3
660 2
661 1
662 4
663 3
665 3
666 1
667 1
668 3
669 1
671 3
672 4
673 5
674 1
675 1
676 2
677 2
678 1
679 1
680 1
681 3
683 3
684 3
685 2
686 2
687 1
688 2
690 3
692 3
693 3
694 4
695 1
696 4
697 2
698 2
700 3
701 2
702 1
703 3
704 2
705 1
706 1
707 2
708 1
709 1
710 1
711 2
712 1
713 1
715 2
716 1
717 3
718 2
720 4
721 2
722 1
724 2
725 2
726 5
727 4
728 1
729 1
730 2
731 3
732 2
733 4
734 2
735 1
736 4
737 2
738 1
739 1
740 3
741 2
742 2
743 3
744 1
745 2
746 2
747 3
748 3
749 2
750 2
751 3
752 2
753 4
754 5
755 3
756 2
758 2
759 1
760 2
762 1
763 1
764 1
765 2
766 1
768 1
769 1
772 3
773 2
774 1
775 1
776 1
778 1
780 1
781 1
783 1
784 1
786 3
787 2
788 1
789 1
790 1
792 5
793 2
794 4
795 3
796 2
797 1
798 1
799 2
800 4
802 1
804 1
805 1
806 5
807 2
808 1
809 1
810 2
811 3
812 4
814 1
815 1
816 1
817 1
818 2
819 3
820 6
821 4
823 5
825 1
826 1
827 2
828 2
829 3
830 3
831 2
832 1
833 4
834 2
835 1
836 2
837 1
838 3
839 2
841 3
843 5
845 2
846 3
848 1
849 5
851 2
852 1
853 3
854 2
855 1
856 4
857 3
858 2
859 2
860 1
861 1
862 4
863 1
864 2
865 1
866 2
868 2
869 1
870 2
872 2
873 3
874 2
875 1
876 2
877 2
879 4
880 2
881 2
882 1
883 3
884 3
886 2
887 4
888 3
889 3
890 1
891 6
892 4
893 1
894 3
895 1
898 1
899 1
900 5
901 2
902 1
903 4
904 3
905 4
907 2
908 3
909 1
910 1
911 1
912 2
913 3
915 2
916 3
917 2
918 1
919 3
920 2
921 1
923 1
924 2
925 1
927 2
928 2
929 3
933 2
934 4
936 2
937 1
938 2
939 1
940 1
942 5
943 4
945 1
946 3
947 1
948 3
949 2
950 3
951 1
952 2
953 2
954 3
955 1
956 3
957 2
958 3
959 1
960 1
961 2
963 1
964 1
965 4
966 2
967 2
968 1
969 1
972 1
973 2
974 3
975 1
976 1
977 1
978 1
979 2
980 2
981 4
982 2
984 5
985 1
986 2
987 2
988 2
989 2
990 1
991 1
992 2
993 3
994 3
995 1
997 3
998 4
999 1
1000 1
1001 4
1004 3
1006 1
1008 2
1009 4
1010 3
1011 1
1012 5
1013 1
1015 5
1016 1
1018 6
1019 2
1020 3
1021 1
1025 3
1027 1
1028 2
1029 1
1030 2
1031 2
1032 1
1033 1
1034 3
1035 2
1036 5
1037 2
1038 5
1039 1
1041 4
1042 7
1043 2
1044 1
1045 2
1046 2
1047 2
1048 2
1049 1
1050 3
1051 4
1052 2
1053 3
1054 1
1055 1
1056 4
1057 1
1058 2
1059 2
1060 2
1061 1
1063 1
1064 1
1065 3
1067 1
1068 2
1069 2
1070 1
1072 2
1073 2
1075 3
1076 2
1078 3
1079 5
1080 1
1081 1
1082 1
1083 1
1084 2
1085 1
1087 2
1088 3
1090 2
1091 4
1092 1
1093 2
1094 3
1095 3
1096 4
1098 2
1100 1
1101 2
1102 4
1103 4
1104 4
1105 1
1106 5
1109 4
1110 2
1111 1
1113 5
1114 3
1115 2
1116 1
1117 3
1119 4
1121 2
1122 3
1123 1
1124 2
1125 3
1126 2
1128 2
1129 2
1131 1
1132 2
1133 3
1134 2
1135 3
1136 4
1137 2
1138 2
1139 1
1140 1
1142 1
1144 1
1145 3
1146 2
1147 1
1148 1
1149 1
1150 2
1151 1
1153 3
1154 2
1156 8
1158 2
1159 4
1160 5
1161 2
1162 2
1163 1
1164 5
1165 4
1166 2
1167 3
1168 3
1171 1
1172 6
1174 1
1175 1
1176 2
1177 2
1178 2
1179 1
1180 1
1181 1
1182 1
1183 1
1184 3
1185 4
1187 1
1192 1
1193 3
1194 2
1195 2
1197 3
1198 2
1199 2
1200 3
1201 1
1202 3
1203 1
1204 1
1205 2
1206 1
1207 1
1209 1
1210 3
1212 4
1213 4
1214 2
1215 2
1217 1
1218 4
1219 2
1220 2
1221 6
1222 5
1223 3
1224 3
1225 3
1226 1
1227 6
1228 4
1229 2
1230 6
1231 2
1232 1
1233 1
1234 1
1236 3
1237 1
1238 4
1239 2
1241 1
1242 3
1243 4
1244 4
1245 3
1246 1
1247 3
1248 5
1250 2
1251 1
1252 6
1253 1
1255 3
1256 1
1257 1
1258 3
1259 3
1263 3
1264 1
1265 5
1266 1
1267 2
1269 1
1270 2
1271 3
1272 3
1273 2
1275 3
1276 2
1277 2
1278 2
1279 4
1280 2
1281 1
1283 3
1285 2
1286 2
1287 3
1289 5
1291 2
1292 1
1293 1
1294 2
1296 2
1297 2
1299 2
1300 1
1301 2
1302 4
1303 3
1304 7
1305 1
1306 2
1307 1
1308 4
1309 2
1310 4
1311 3
1312 3
1313 1
1314 4
1315 1
1316 2
1317 3
1318 3
1319 3
1320 1
1321 2
1322 3
1323 1
1324 4
1325 7
1326 3
1327 2
1328 2
1329 4
1330 1
1331 4
1333 1
1334 2
1335 2
1336 1
1337 2
1338 2
1339 1
1340 2
1342 2
1343 2
1344 1
1346 4
1347 1
1348 1
1350 3
1351 1
1352 1
1353 3
1354 2
1355 4
1356 2
1357 2
1358 1
1359 1
1361 2
1362 1
1363 2
1365 2
1366 2
1367 1
1368 1
1369 3
1370 4
1371 2
1372 2
1373 1
1375 5
1376 1
1377 2
1378 1
1379 1
1380 3
1381 5
1382 1
1383 2
1384 1
1385 4
1386 1
1388 1
1389 3
1390 1
1391 1
1393 3
1394 1
1395 1
1398 1
1399 2
1402 2
1403 4
1404 2
1405 2
1406 2
1407 1
1408 2
1409 2
1410 4
1412 2
1413 2
1414 1
1415 4
1416 4
1417 6
1418 1
1419 3
1422 2
1423 2
1424 4
1425 3
1426 2
1427 3
1428 1
1429 3
1430 1
1431 2
1432 3
1433 3
1434 2
1436 2
1437 4
1438 3
1439 1
1440 4
1442 1
1443 3
1445 3
1449 4
1451 7
1452 4
1453 3
1454 2
1455 2
1457 4
1458 2
1459 3
1460 1
1461 2
1462 3
1463 2
1464 2
1465 2
1466 2
1467 2
1468 5
1469 2
1470 1
1471 2
1472 1
1473 1
1474 1
1475 1
1476 4
1477 3
1478 2
1479 1
1480 1
1481 1
1482 6
1483 4
1485 2
1486 1
1487 3
1488 3
1489 3
1490 5
1491 2
1492 3
1493 7
1494 1
1495 2
1496 2
1497 1
1498 3
1499 2
1500 2
1501 2
1502 3
1503 1
1506 3
1507 6
1508 3
1509 3
1510 2
1512 3
1513 3
1515 2
1516 3
1517 2
1518 5
1519 3
1520 1
1521 1
1522 2
1523 5
1524 2
1525 4
1526 3
1527 4
1528 3
1529 2
1530 2
1531 3
1532 3
1533 2
1535 3
1536 1
1537 1
1538 2
1539 3
1540 3
1541 3
1542 2
1543 4
1544 3
1545 4
1546 2
1547 1
1548 7
1549 2
1550 2
1551 4
1552 3
1553 2
1554 2
1555 2
1556 1
1557 3
1558 2
1559 2
1560 1
1561 5
1562 1
1563 2
1564 2
1565 2
1567 2
1568 1
1569 5
1570 2
1571 4
1572 4
1573 5
1574 3
1576 3
1578 2
1579 2
1580 2
1581 4
1582 3
1584 5
1585 3
1586 3
1587 3
1589 4
1590 4
1591 5
1592 3
1593 4
1594 2
1595 3
1596 3
1597 1
1599 2
1600 2
1601 3
1602 2
1603 4
1604 6
1605 4
1606 2
1607 3
1609 4
1610 4
1611 3
1612 2
1613 6
1614 2
1615 1
1616 5
1617 2
1618 5
1619 2
1620 3
1621 5
1622 3
1623 3
1625 4
1626 5
1627 3
1628 2
1629 7
1630 4
1631 3
1632 4
1633 3
1634 5
1635 3
1636 4
1637 1
1638 4
1639 4
1640 2
1641 3
1642 4
1643 4
1644 5
1645 4
1646 3
1647 3
1648 4
1649 6
1650 9
1651 5
1652 5
1653 10
1654 2
1655 3
1656 4
1657 1
1658 3
1659 6
1660 2
1661 2
1662 3
1663 1
1664 2
1665 1
1666 1
1667 3
1668 2
1669 5
1670 4
1671 4
1672 6
1673 3
1674 1
1675 3
1676 2
1677 5
1678 5
1679 5
1681 3
1682 4
1683 3
1684 5
1685 3
1686 2
1687 7
1688 8
1689 3
1690 5
1691 2
1692 8
1693 4
1694 2
1695 9
1696 3
1697 3
1698 3
1699 5
1700 2
1701 5
1702 4
1703 4
1704 1
1705 4
1706 7
1707 10
1708 7
1709 3
1710 3
1711 2
1712 1
1713 5
1714 2
1715 7
1716 5
1717 2
1718 4
1719 5
1720 3
1721 7
1722 8
1723 3
1724 5
1725 4
1726 4
1727 1
1728 4
1729 6
1730 2
1731 2
1732 4
1733 4
1734 3
1735 6
1736 4
1737 5
1738 4
1739 6
1740 4
1741 5
1742 5
1743 3
1744 5
1745 2
1746 4
1747 6
1748 5
1749 8
1750 4
1751 2
1752 6
1753 1
1754 4
1755 4
1756 4
1757 2
1758 4
1759 6
1760 3
1761 2
1762 3
1763 3
1764 2
1765 3
1766 3
1767 6
1768 5
1769 5
1770 3
1771 3
1772 5
1773 4
1774 1
1775 3
1776 4
1777 1
1778 4
1779 2
1780 1
1781 4
1782 5
1783 4
1784 4
1785 4
1786 1
1787 4
1788 3
1789 2
1790 3
1791 1
1793 4
1794 2
1795 4
1797 2
1798 3
1799 3
1800 5
1801 3
1802 2
1803 5
1804 4
1805 1
1806 3
1807 1
1808 2
1809 6
1810 5
1811 2
1812 4
1813 1
1814 3
1816 4
1817 1
1818 1
1819 1
1820 2
1821 1
1822 2
1823 3
1824 3
1825 1
1826 1
1827 3
1829 3
1830 2
1831 1
1835 1
1836 2
1837 3
1838 2
1839 1
1840 1
1843 1
1844 2
1845 1
1846 1
1848 1
1850 2
1853 1
1855 1
1856 1
1859 1
1864 2
1867 1
1868 1
1880 1
