N J h mean_R_sq err_mean_R_sq mean_R_gyr_sq err_mean_R_gyr_sq 
300 1.35 0 37.8305 0.809482 1030.47 3.39152
1035 1
1090 1
1097 1
1125 1
1159 1
1164 1
1167 1
1174 1
1188 1
1220 2
1235 1
1248 1
1269 1
1280 1
1281 1
1282 1
1284 1
1298 1
1299 1
1303 1
1311 1
1317 1
1324 1
1330 1
1333 1
1339 1
1342 1
1343 1
1344 1
1352 1
1360 1
1366 1
1367 1
1371 1
1372 1
1382 1
1385 1
1386 1
1389 2
1394 1
1395 1
1398 1
1400 1
1401 1
1404 1
1408 1
1410 2
1420 1
1422 2
1423 1
1424 1
1425 1
1428 1
1429 1
1430 2
1431 2
1433 2
1434 2
1440 1
1441 1
1447 1
1448 2
1449 2
1450 1
1454 1
1455 1
1461 1
1468 1
1470 1
1472 1
1476 1
1477 1
1480 2
1481 2
1482 1
1485 1
1490 1
1492 2
1495 1
1496 3
1498 2
1499 1
1502 2
1504 3
1505 1
1510 1
1512 3
1513 2
1514 1
1517 2
1518 2
1519 1
1520 2
1522 1
1523 1
1525 2
1526 3
1527 3
1529 1
1530 3
1531 2
1533 1
1534 3
1535 1
1536 2
1537 1
1538 1
1539 1
1540 2
1541 1
1543 2
1544 1
1545 2
1546 1
1547 1
1548 2
1549 3
1550 1
1551 3
1552 2
1553 1
1554 4
1555 2
1556 2
1558 4
1559 3
1560 3
1561 3
1562 3
1564 4
1566 2
1567 5
1568 4
1569 3
1570 3
1571 1
1573 3
1574 2
1575 3
1576 1
1577 4
1578 1
1579 3
1580 3
1581 3
1582 2
1583 2
1584 1
1585 2
1586 3
1587 2
1588 1
1590 1
1591 2
1592 3
1593 3
1594 3
1595 1
1596 3
1597 2
1598 1
1600 2
1601 6
1602 5
1603 1
1604 2
1605 4
1606 2
1607 2
1608 2
1609 2
1610 2
1611 3
1612 4
1613 2
1614 4
1615 1
1616 3
1617 7
1618 3
1619 8
1620 5
1621 4
1622 1
1623 5
1624 5
1625 7
1626 3
1627 2
1628 5
1629 4
1630 6
1631 1
1632 3
1633 7
1634 6
1635 4
1636 9
1637 7
1638 6
1639 5
1640 3
1641 3
1642 1
1643 8
1644 5
1645 4
1646 10
1647 5
1648 6
1649 8
1650 5
1651 4
1652 4
1653 3
1654 8
1655 4
1656 7
1657 4
1658 9
1659 6
1660 4
1661 10
1662 8
1663 7
1664 3
1665 4
1666 5
1667 9
1668 5
1669 7
1670 5
1671 7
1672 8
1673 4
1674 11
1675 13
1676 5
1677 10
1678 7
1679 6
1680 2
1681 7
1682 7
1683 11
1684 9
1685 2
1686 8
1687 7
1688 7
1689 6
1690 8
1691 11
1692 8
1693 6
1694 5
1695 6
1696 4
1697 4
1698 11
1699 5
1700 11
1701 8
1702 12
1703 6
1704 11
1705 7
1706 6
1707 8
1708 12
1709 8
1710 11
1711 8
1712 8
1713 6
1714 11
1715 8
1716 7
1717 4
1718 12
1719 13
1720 14
1721 10
1722 11
1723 8
1724 11
1725 10
1726 9
1727 14
1728 7
1729 14
1730 6
1731 7
1732 8
1733 7
1734 13
1735 3
1736 5
1737 7
1738 5
1739 8
1740 9
1741 11
1742 9
1743 10
1744 7
1745 6
1746 12
1747 10
1748 11
1749 10
1750 22
1751 14
1752 10
1753 14
1754 4
1755 11
1756 10
1757 8
1758 7
1759 7
1760 3
1761 4
1762 9
1763 13
1764 5
1765 8
1766 9
1767 10
1768 12
1769 11
1770 9
1771 9
1772 9
1773 10
1774 6
1775 4
1776 4
1777 2
1778 6
1779 5
1780 4
1781 7
1782 7
1783 9
1784 3
1785 9
1786 11
1787 7
1788 8
1789 3
1790 5
1791 1
1792 9
1793 4
1794 5
1795 4
1796 8
1797 3
1798 4
1799 2
1800 5
1801 5
1802 1
1803 5
1804 5
1805 4
1806 3
1807 1
1808 3
1809 3
1811 4
1812 1
1813 4
1814 2
1815 3
1816 1
1817 2
1818 2
1819 2
1820 2
1821 2
1822 1
1823 2
1825 1
1828 2
1829 1
1838 1
1839 1
1841 1
1846 2
1855 1
1857 1
1861 1
1869 1
