N J h mean_R_sq err_mean_R_sq mean_R_gyr_sq err_mean_R_gyr_sq 
300 0.3 0 965.47 16.6786 1460.98 10.1339
1 1
13 1
17 1
19 1
27 1
29 4
35 1
37 1
43 2
45 1
49 2
53 5
57 1
59 4
61 3
65 3
69 3
75 1
77 1
81 5
83 3
85 1
89 6
91 2
93 1
97 1
101 1
105 2
107 1
109 1
113 6
115 1
117 4
123 2
125 4
129 5
131 1
133 3
137 3
139 2
141 1
145 2
147 1
149 9
153 3
155 3
157 4
161 3
163 3
165 5
169 2
171 5
173 3
181 2
185 3
187 1
189 2
193 1
195 2
197 9
201 4
203 2
205 3
209 10
211 2
213 5
217 4
219 6
221 7
225 2
227 5
229 7
233 4
235 2
237 2
241 6
243 1
245 10
249 6
251 1
253 2
257 5
261 6
265 1
267 3
269 8
273 4
275 7
277 2
281 5
283 3
285 8
291 2
293 6
297 7
299 1
301 3
305 5
309 4
313 3
315 5
317 3
321 4
323 2
325 7
329 7
333 2
337 5
339 4
341 3
345 4
347 2
349 4
353 5
355 2
357 1
363 4
365 5
369 8
371 4
373 2
377 7
379 2
381 12
385 4
387 2
389 9
393 4
395 9
397 3
401 7
403 2
405 5
409 5
411 3
413 3
417 4
419 5
421 3
425 14
427 1
429 3
433 1
437 4
441 10
443 4
445 3
449 4
451 7
453 5
457 2
459 3
461 13
465 3
467 5
469 4
473 5
475 6
477 4
481 5
483 5
485 6
489 4
491 6
493 5
497 9
499 2
501 4
505 1
507 1
509 10
513 8
515 3
517 4
521 9
523 1
525 2
529 6
531 6
533 5
537 5
539 4
541 2
545 8
547 1
549 8
553 2
555 3
557 3
561 4
563 5
565 1
569 5
571 4
573 8
577 2
579 6
581 6
585 5
587 5
593 7
595 2
597 1
601 5
605 4
609 5
611 6
613 3
617 1
621 10
625 2
627 1
629 9
633 4
635 2
637 2
641 6
643 1
645 2
649 7
651 5
653 4
657 3
659 5
661 7
665 8
669 6
673 3
675 3
677 13
681 3
683 1
689 7
691 5
693 9
699 4
701 5
705 5
707 2
709 4
713 7
715 2
717 2
723 1
725 6
729 8
731 3
733 1
737 5
739 6
741 3
745 6
747 5
749 9
753 3
755 1
757 1
761 8
765 2
769 6
771 3
773 8
777 4
779 6
781 5
785 2
789 2
793 2
795 3
797 3
801 8
803 4
805 2
809 7
811 1
813 1
817 3
819 4
821 4
825 3
827 3
829 1
833 2
835 1
837 1
843 1
845 4
849 6
851 1
853 2
857 6
859 2
861 3
865 2
867 2
869 5
873 1
875 2
877 1
881 8
883 1
885 4
889 2
891 5
893 7
897 3
899 5
901 4
905 4
907 2
909 4
913 2
915 2
917 7
921 4
923 1
925 3
929 6
931 2
933 4
937 3
939 1
941 8
945 3
947 1
949 3
953 2
957 2
961 2
963 3
965 18
969 2
971 2
973 2
977 1
979 2
981 5
985 9
987 2
989 5
993 7
995 2
997 3
1001 6
1005 1
1009 7
1011 3
1013 2
1017 1
1019 2
1021 1
1025 4
1027 2
1029 4
1033 1
1035 5
1037 3
1041 3
1043 3
1045 3
1049 5
1053 6
1057 1
1059 2
1061 1
1065 1
1067 3
1069 2
1073 3
1077 1
1081 1
1085 5
1089 9
1091 5
1093 1
1097 2
1099 2
1101 6
1105 2
1107 1
1109 6
1113 2
1115 1
1117 1
1121 6
1123 1
1125 3
1129 1
1131 3
1133 1
1137 1
1139 4
1141 1
1145 2
1147 1
1149 1
1153 1
1155 3
1157 3
1161 5
1165 2
1169 4
1171 3
1173 2
1177 2
1179 4
1181 6
1185 2
1187 2
1189 2
1193 3
1195 5
1197 2
1201 1
1203 2
1205 3
1209 7
1211 2
1213 2
1217 4
1219 1
1221 2
1225 1
1227 2
1229 3
1233 2
1235 1
1237 3
1241 1
1245 4
1249 3
1251 5
1253 1
1257 1
1259 3
1265 4
1267 1
1269 3
1273 2
1275 4
1277 4
1281 3
1283 3
1285 1
1289 3
1291 1
1297 1
1301 3
1305 1
1307 3
1309 1
1313 4
1317 4
1321 1
1323 6
1325 1
1329 4
1331 2
1333 2
1337 2
1339 2
1341 4
1345 1
1347 4
1349 5
1353 1
1357 1
1361 4
1363 1
1365 1
1369 1
1371 2
1377 1
1379 2
1381 1
1385 3
1387 2
1389 2
1395 2
1397 4
1401 1
1403 4
1405 1
1409 5
1413 5
1417 3
1419 1
1421 6
1427 5
1429 1
1433 4
1437 5
1443 3
1445 5
1449 3
1451 1
1457 1
1465 1
1469 5
1475 2
1477 1
1481 4
1483 2
1485 4
1489 2
1491 2
1497 1
1499 2
1505 4
1509 2
1515 3
1517 2
1521 3
1525 1
1529 5
1531 1
1533 1
1537 1
1539 1
1541 1
1545 1
1549 1
1553 2
1561 3
1565 1
1569 2
1577 5
1581 1
1589 3
1593 1
1595 1
1597 3
1601 4
1603 1
1605 2
1609 2
1611 1
1613 1
1617 2
1625 5
1629 1
1635 2
1637 5
1641 3
1643 1
1649 3
1657 1
1659 1
1661 2
1665 1
1667 1
1673 1
1677 1
1681 4
1685 2
1689 2
1691 4
1693 1
1697 1
1699 3
1701 2
1707 2
1709 1
1721 1
1725 2
1729 1
1733 4
1737 1
1739 2
1741 1
1745 2
1753 1
1755 1
1757 2
1761 2
1763 1
1765 4
1769 2
1773 1
1779 1
1781 2
1785 3
1787 1
1789 1
1793 2
1795 2
1801 1
1803 1
1805 1
1809 3
1817 1
1819 2
1821 1
1827 2
1829 3
1835 1
1843 1
1849 2
1851 2
1853 3
1857 1
1859 2
1865 2
1869 2
1873 3
1875 3
1881 1
1883 1
1889 1
1891 2
1893 1
1899 1
1909 3
1917 1
1921 3
1923 1
1925 1
1931 1
1937 3
1941 2
1949 2
1961 1
1963 1
1965 1
1971 2
1979 3
1981 1
1989 1
1997 3
2003 1
2009 3
2011 1
2013 1
2017 1
2021 3
2025 2
2033 1
2041 2
2045 5
2051 2
2053 1
2057 3
2061 1
2065 1
2067 1
2077 1
2081 1
2083 1
2091 1
2101 2
2117 2
2125 2
2129 3
2133 1
2137 1
2145 1
2149 1
2155 1
2163 2
2165 2
2169 1
2177 2
2181 2
2185 1
2195 2
2201 3
2211 2
2217 1
2221 2
2225 1
2229 4
2237 2
2245 1
2249 2
2251 1
2253 1
2259 1
2261 1
2265 1
2273 2
2277 1
2291 1
2297 2
2301 2
2317 1
2325 1
2329 1
2345 1
2349 1
2357 1
2381 1
2401 1
2417 1
2421 1
2425 1
2427 1
2459 2
2467 1
2469 1
2475 1
2477 2
2489 1
2493 2
2501 1
2509 1
2517 1
2533 1
2537 1
2541 1
2549 1
2553 1
2557 1
2563 1
2565 1
2603 1
2627 1
2645 1
2675 1
2681 1
2691 1
2701 1
2717 1
2721 1
2725 1
2757 1
2763 1
2765 1
2789 1
2833 1
2845 1
2859 1
2891 1
2909 1
2923 1
2939 1
2971 1
2981 1
2989 1
3005 1
3009 1
3029 2
3069 1
3101 1
3113 1
3123 1
3129 1
3169 1
3227 1
3245 1
3253 1
3259 1
3265 1
3281 1
3297 1
3341 1
3369 1
3373 1
3409 1
3435 1
3489 1
3493 1
3501 1
3509 2
3569 1
3573 1
3595 2
3773 1
3915 1
4001 1
4149 1
4257 1
4465 1
4661 1
4685 1
4945 1
