N J h mean_R_sq err_mean_R_sq mean_R_gyr_sq err_mean_R_gyr_sq 
50 0.6 0 95.9688 3.4643 38.6128 1.35269
1 2
5 3
9 4
11 5
13 4
17 10
19 4
21 10
25 7
27 3
29 8
33 4
35 9
37 4
41 8
43 2
45 8
49 11
51 8
53 14
57 8
59 5
61 6
65 9
67 3
69 13
73 4
75 4
77 4
81 13
83 5
85 7
89 14
91 1
93 4
97 3
99 3
101 7
105 6
107 3
109 4
113 6
115 3
117 6
121 3
123 4
125 10
129 7
131 6
133 2
137 3
139 3
141 4
145 5
147 4
149 6
153 5
155 3
157 3
161 7
163 1
165 5
169 1
171 2
173 2
177 1
179 2
181 3
185 2
189 4
195 1
197 2
203 2
209 2
211 2
217 1
225 1
227 1
229 2
233 1
235 1
237 2
241 1
251 1
257 1
273 1
275 1
283 1
291 1
293 2
299 1
315 1
329 2
389 1
