N J h mean_R_sq err_mean_R_sq mean_R_gyr_sq err_mean_R_gyr_sq 
100 0.15 0 263.231 6.99038 149.172 2.81604
3 1
5 1
9 1
11 2
13 2
17 4
19 3
21 2
27 3
29 3
33 3
35 2
37 1
41 8
43 2
49 4
51 3
53 2
57 1
59 5
61 3
65 3
67 4
69 5
73 2
75 3
77 9
81 7
83 4
85 4
89 8
91 3
93 4
97 1
99 2
101 11
105 4
107 4
109 4
113 6
115 4
117 7
121 7
125 6
129 3
131 5
133 1
137 8
139 5
141 5
145 6
147 3
149 9
153 3
155 3
157 4
161 7
163 1
165 6
169 1
171 3
173 12
177 2
179 4
181 4
185 5
187 5
189 14
193 4
195 4
197 7
201 9
203 6
205 6
209 8
211 5
213 3
217 3
219 1
221 8
225 5
227 5
229 2
233 6
235 1
237 6
241 4
243 1
245 3
249 4
251 7
253 1
257 7
259 3
261 7
265 3
267 2
269 2
273 4
277 2
281 5
285 8
289 3
293 8
297 5
299 5
301 2
305 1
307 2
309 8
313 3
315 4
317 3
321 8
323 1
325 1
329 6
331 2
337 4
339 5
341 2
347 2
349 4
353 1
355 3
357 2
361 2
363 2
365 4
369 9
371 4
373 2
377 3
381 7
385 1
387 3
389 3
393 2
395 5
401 2
405 1
409 1
411 4
413 2
417 1
419 1
425 4
429 4
433 2
435 1
437 8
441 2
445 1
451 1
453 1
461 6
465 3
469 1
473 1
475 1
477 2
481 3
483 1
485 3
489 2
491 3
493 5
497 1
499 1
501 2
513 2
515 1
517 2
521 1
531 1
533 1
537 1
539 3
545 3
549 1
557 1
565 2
569 1
579 1
585 2
593 1
597 1
603 1
611 1
619 1
621 1
627 2
629 1
633 1
637 1
645 1
651 1
653 1
665 1
689 1
697 1
699 1
705 1
707 1
725 3
737 1
739 2
745 1
849 1
891 1
893 1
961 1
979 1
1123 1
1139 1
