N J h mean_R_sq err_mean_R_sq mean_R_gyr_sq err_mean_R_gyr_sq 
100 1.2 0 33.8948 0.369858 130.868 0.308134
1 121
3 164
5 436
9 459
11 371
13 306
17 518
19 274
21 456
25 226
27 216
29 461
33 246
35 224
37 106
41 318
43 76
45 229
49 118
51 95
53 144
57 65
59 109
61 93
65 98
67 26
69 112
73 40
75 42
77 49
81 56
83 32
85 20
89 65
91 19
93 13
97 12
99 15
101 32
105 25
107 12
109 14
113 8
115 9
117 12
121 13
123 6
125 10
129 17
131 9
133 5
137 7
139 7
141 8
145 4
149 5
153 2
155 7
161 7
163 1
165 2
169 3
173 3
177 3
179 3
181 2
185 5
189 1
195 2
197 2
201 2
203 1
209 2
213 1
217 1
221 3
225 1
229 2
241 1
245 3
253 1
259 1
261 1
269 1
273 1
387 1
