N J h mean_R_sq err_mean_R_sq mean_R_gyr_sq err_mean_R_gyr_sq 
300 0 0 1050.12 63.4893 1450.14 30.2747
40 1
50 1
52 1
53 1
60 1
62 2
63 1
64 1
66 1
68 4
70 1
71 1
73 1
76 2
77 2
78 3
79 1
80 2
81 1
82 3
83 2
86 3
87 2
88 3
89 4
90 5
91 1
92 1
93 1
94 1
95 4
96 1
97 4
98 4
99 2
101 3
102 4
103 4
104 3
105 1
106 4
107 1
108 3
109 3
110 6
111 3
112 4
113 3
114 4
115 2
116 5
117 7
118 4
119 5
120 4
121 5
122 5
123 1
124 4
125 4
126 1
127 1
128 1
129 2
130 2
132 2
133 1
134 1
135 4
136 1
137 3
138 1
141 1
142 4
143 1
144 3
146 1
149 1
150 1
153 1
155 1
158 2
159 1
169 1
