N J h mean_R_sq err_mean_R_sq mean_R_gyr_sq err_mean_R_gyr_sq 
300 0.3 0 965.47 16.6786 1460.98 10.1339
13 1
23 1
27 1
30 1
32 1
33 2
34 1
36 1
37 2
38 1
39 2
43 2
45 3
46 1
47 2
48 2
49 4
50 6
51 4
52 2
53 3
54 2
55 4
56 1
57 5
58 1
59 7
60 7
61 3
62 5
63 6
64 9
65 5
66 11
67 10
68 14
69 8
70 16
71 17
72 15
73 15
74 12
75 14
76 14
77 17
78 14
79 22
80 15
81 17
82 14
83 22
84 26
85 19
86 18
87 26
88 19
89 29
90 33
91 23
92 22
93 28
94 22
95 38
96 22
97 24
98 33
99 28
100 26
101 44
102 27
103 32
104 35
105 47
106 40
107 21
108 35
109 33
110 33
111 45
112 37
113 31
114 39
115 34
116 40
117 22
118 35
119 24
120 43
121 34
122 31
123 26
124 30
125 26
126 44
127 40
128 32
129 26
130 21
131 26
132 28
133 25
134 28
135 24
136 21
137 15
138 12
139 20
140 10
141 18
142 17
143 15
144 8
145 19
146 10
147 9
148 11
149 7
150 10
151 6
152 9
153 3
154 6
155 2
156 5
157 3
158 3
159 3
160 2
161 2
162 5
164 3
165 2
166 2
167 1
170 1
