N J h mean_R_sq err_mean_R_sq mean_R_gyr_sq err_mean_R_gyr_sq 
300 0.6 0 882.249 21.2917 1493.61 10.4791
38 1
44 1
46 3
48 1
50 1
51 1
54 1
55 1
56 2
57 1
58 1
59 4
60 3
61 2
62 2
63 1
64 2
65 5
66 8
67 8
68 4
69 6
70 10
71 8
72 9
73 4
74 7
75 9
76 7
77 12
78 14
79 16
80 7
81 15
82 15
83 8
84 15
85 17
86 27
87 15
88 15
89 26
90 16
91 23
92 25
93 23
94 22
95 26
96 26
97 16
98 30
99 16
100 31
101 31
102 19
103 17
104 24
105 32
106 31
107 20
108 25
109 26
110 32
111 20
112 34
113 27
114 23
115 38
116 25
117 31
118 37
119 19
120 28
121 30
122 31
123 21
124 21
125 27
126 15
127 18
128 21
129 15
130 10
131 19
132 18
133 23
134 12
135 14
136 14
137 13
138 9
139 14
140 14
141 14
142 14
143 13
144 7
145 6
146 5
147 13
148 6
149 9
150 5
151 4
152 7
153 4
154 2
155 5
156 2
157 6
159 2
160 1
161 1
162 1
164 1
165 2
166 1
178 1
