N J h mean_R_sq err_mean_R_sq mean_R_gyr_sq err_mean_R_gyr_sq 
200 1.05 0 64.7128 0.287762 240.338 0.224777
0 5
1 12
2 17
3 23
4 22
5 14
6 33
7 36
8 42
9 53
10 64
11 111
12 127
13 148
14 191
15 270
16 301
17 427
18 579
19 845
20 1101
21 1421
22 1964
23 2531
24 3511
25 4510
26 5748
27 7021
28 8702
29 10561
30 12341
31 14312
32 15865
33 17049
34 18362
35 18552
36 18311
37 17464
38 16216
39 14386
40 12470
41 10177
42 8184
43 6213
44 4540
45 3158
46 2102
47 1332
48 852
49 481
50 252
51 138
52 82
53 30
54 18
55 6
56 8
58 2
59 1
60 1
75 1
80 1
82 1
118 1
