N J h mean_R_sq err_mean_R_sq mean_R_gyr_sq err_mean_R_gyr_sq 
200 0.15 0 593.862 5.91325 625.621 3.6017
0 3
1 2
2 6
3 4
4 2
5 5
6 9
7 8
8 14
9 14
10 12
11 15
12 16
13 24
14 37
15 22
16 33
17 32
18 45
19 47
20 67
21 61
22 90
23 78
24 91
25 103
26 92
27 120
28 114
29 147
30 148
31 146
32 148
33 148
34 135
35 136
36 154
37 154
38 185
39 162
40 151
41 148
42 157
43 127
44 128
45 120
46 145
47 118
48 87
49 98
50 94
51 77
52 87
53 66
54 69
55 53
56 48
57 35
58 46
59 34
60 43
61 37
62 30
63 30
64 20
65 21
66 14
67 8
68 12
69 11
70 3
71 5
72 6
73 5
74 4
75 6
76 6
77 4
78 4
79 2
80 1
83 2
84 2
85 1
87 1
90 1
92 1
93 1
97 1
