N J h mean_R_sq err_mean_R_sq mean_R_gyr_sq err_mean_R_gyr_sq 
200 0 0 598.254 5.63636 621.477 3.61833
0 4
1 4
2 4
3 4
4 6
5 5
6 7
7 17
8 10
9 12
10 11
11 11
12 21
13 36
14 32
15 37
16 46
17 47
18 56
19 83
20 62
21 94
22 94
23 103
24 105
25 144
26 128
27 155
28 149
29 145
30 168
31 171
32 166
33 193
34 194
35 199
36 194
37 192
38 172
39 166
40 184
41 168
42 181
43 163
44 125
45 154
46 124
47 134
48 110
49 95
50 93
51 88
52 84
53 70
54 62
55 55
56 57
57 53
58 40
59 29
60 35
61 32
62 17
63 36
64 22
65 15
66 13
67 11
68 18
69 11
70 11
71 10
72 8
73 5
74 6
75 7
76 3
77 2
78 2
80 5
81 4
82 1
84 1
85 2
87 2
88 2
94 1
97 1
