N J h mean_R_sq err_mean_R_sq mean_R_gyr_sq err_mean_R_gyr_sq 
300 1.05 0 64.9666 0.564906 605.24 0.582657
3 1
6 1
9 1
10 1
14 1
15 1
17 1
19 2
23 1
24 1
25 3
26 2
27 4
28 6
29 9
30 3
31 4
32 18
33 21
34 46
35 63
36 107
37 132
38 195
39 241
40 377
41 497
42 710
43 984
44 1331
45 1746
46 2239
47 2842
48 3604
49 4344
50 5229
51 6350
52 6917
53 8072
54 8703
55 9387
56 9728
57 10132
58 10118
59 9545
60 9030
61 8203
62 7318
63 6309
64 5353
65 4337
66 3344
67 2628
68 2033
69 1367
70 861
71 596
72 424
73 257
74 167
75 117
76 59
77 34
78 27
79 8
80 2
81 4
82 1
