N J h mean_R_sq err_mean_R_sq mean_R_gyr_sq err_mean_R_gyr_sq 
4900 1.421 0 13978.4 9788.26 2767.94 1486.72
1000 25
1001 34
1002 26
1003 36
1004 29
1005 26
1006 29
1007 32
1008 21
1009 32
1010 23
1011 26
1012 31
1013 27
1014 25
1015 29
1016 38
1017 25
1018 22
1019 26
1020 17
1021 26
1022 29
1023 31
1024 27
1025 41
1026 25
1027 27
1028 18
1029 25
1030 31
1031 21
1032 18
1033 24
1034 29
1035 24
1036 37
1037 32
1038 21
1039 26
1040 23
1041 24
1042 22
1043 36
1044 22
1045 21
1046 26
1047 21
1048 15
1049 34
1050 23
1051 27
1052 19
1053 29
1054 26
1055 20
1056 22
1057 22
1058 23
1059 19
1060 18
1061 22
1062 20
1063 18
1064 18
1065 18
1066 23
1067 21
1068 21
1069 13
1070 22
1071 28
1072 20
1073 17
1074 14
1075 29
1076 22
1077 18
1078 18
1079 20
1080 9
1081 27
1082 21
1083 18
1084 15
1085 16
1086 17
1087 16
1088 15
1089 16
1090 22
1091 16
1092 20
1093 16
1094 13
1095 25
1096 14
1097 31
1098 16
1099 20
1100 19
1101 19
1102 16
1103 16
1104 13
1105 14
1106 14
1107 13
1108 14
1109 16
1110 24
1111 9
1112 21
1113 9
1114 13
1115 13
1116 16
1117 18
1118 17
1119 19
1120 16
1121 13
1122 9
1123 20
1124 14
1125 14
1126 15
1127 10
1128 11
1129 14
1130 16
1131 16
1132 15
1133 13
1134 13
1135 13
1136 10
1137 13
1138 11
1139 9
1140 10
1141 13
1142 10
1143 5
1144 7
1145 14
1146 8
1147 6
1148 8
1149 14
1150 11
1151 14
1152 12
1153 5
1154 9
1155 11
1156 7
1157 10
1158 10
1159 5
1160 7
1161 6
1162 10
1163 11
1164 17
1165 6
1166 9
1167 8
1168 8
1169 12
1170 2
1171 5
1172 9
1173 7
1174 5
1175 10
1176 2
1177 9
1178 4
1179 3
1180 8
1181 4
1182 3
1183 6
1184 7
1185 4
1186 1
1187 7
1188 3
1189 6
1190 6
1191 7
1192 5
1193 7
1194 3
1195 2
1196 5
1197 3
1198 1
1199 4
1200 4
1201 1
1202 7
1203 2
1204 7
1205 3
1206 4
1207 2
1208 5
1209 4
1210 2
1211 4
1212 1
1213 2
1214 2
1215 5
1216 2
1217 1
1218 4
1219 3
1220 1
1221 4
1222 5
1223 5
1225 7
1226 2
1227 2
1228 3
1229 5
1230 2
1231 2
1232 4
1233 2
1234 1
1236 2
1237 1
1238 2
1240 1
1241 3
1243 1
1244 1
1245 2
1247 1
1248 1
1250 3
1251 3
1252 2
1253 5
1254 2
1255 1
1256 2
1258 2
1260 1
1264 1
1268 2
1270 1
1272 1
1273 1
1274 1
1276 1
1280 1
1283 1
1286 1
1292 1
1298 1
1302 1
1304 1
1346 1
