N J h mean_R_sq err_mean_R_sq mean_R_gyr_sq err_mean_R_gyr_sq 
2916 1.417 0 4095.32 1131.82 996.486 164.095
470 1
490 1
491 1
493 1
495 1
506 1
510 1
511 2
516 1
519 1
521 2
523 1
529 1
544 2
547 1
550 3
551 1
553 1
554 1
555 1
556 2
557 1
558 1
559 1
564 1
565 2
567 1
568 1
569 2
570 1
571 1
574 1
575 1
579 1
581 1
582 3
583 1
585 2
587 2
588 1
591 1
592 1
593 1
594 2
596 2
599 1
600 1
601 3
602 3
603 1
604 1
605 1
607 3
609 3
611 2
612 2
613 1
614 5
615 2
616 2
617 1
619 1
620 4
622 2
623 3
625 1
626 3
627 2
629 1
630 1
631 1
632 2
633 1
635 1
636 1
637 2
642 2
643 1
644 1
647 2
649 5
650 4
651 1
652 2
653 2
656 4
657 3
660 1
661 3
662 7
663 2
664 2
665 1
667 3
669 2
670 3
671 1
672 1
673 3
674 2
675 2
676 1
677 3
678 1
679 5
680 5
681 1
683 3
684 3
686 1
687 1
688 2
689 2
690 2
692 4
693 1
695 2
697 4
698 3
699 4
700 2
701 2
702 3
703 1
704 1
705 5
706 1
707 5
708 2
709 1
711 3
712 1
713 3
714 2
715 1
716 2
717 1
718 1
719 4
722 1
723 4
724 2
725 4
726 4
728 3
729 3
730 1
731 5
732 2
733 4
734 1
735 3
736 1
737 2
738 2
739 4
740 2
741 4
742 3
743 4
744 6
745 3
746 3
747 6
748 2
749 6
750 2
751 3
752 4
753 4
754 4
756 4
757 5
758 2
759 3
760 3
761 4
762 4
763 1
764 5
765 5
766 4
767 6
768 4
769 2
770 5
771 1
772 5
773 1
774 6
775 9
776 2
777 2
778 6
779 7
780 3
781 3
782 6
783 4
784 3
785 6
786 2
787 7
788 4
789 1
790 3
791 2
793 6
794 4
795 3
796 5
797 5
798 4
800 3
801 4
802 4
803 2
804 6
805 4
806 4
807 1
808 3
809 5
810 4
811 3
812 7
813 4
814 5
815 5
816 4
817 5
818 4
819 3
820 3
821 8
822 7
823 3
824 3
825 3
826 5
827 11
828 2
829 6
830 5
831 1
832 7
833 3
834 7
835 5
836 4
837 1
838 2
839 4
840 8
841 4
842 4
843 3
844 2
845 5
846 5
847 2
848 6
849 2
850 8
851 3
852 2
853 2
854 4
855 4
856 1
857 4
858 5
859 7
860 1
861 3
862 3
863 5
864 4
865 2
866 1
867 5
868 6
869 5
870 6
871 1
872 6
873 3
874 4
875 3
876 5
877 3
878 3
879 3
880 5
881 6
882 5
883 3
884 2
885 5
886 6
887 5
888 2
889 4
890 2
891 6
892 6
893 6
894 7
896 3
897 3
898 10
899 1
900 5
901 5
902 4
903 3
904 4
905 7
906 2
907 1
908 6
909 6
910 6
911 4
912 1
913 7
914 3
915 2
916 6
917 2
918 5
919 7
920 3
921 6
922 1
923 6
924 7
925 1
926 2
927 8
928 5
929 5
930 4
931 9
932 4
933 6
934 6
935 1
936 5
937 5
938 2
939 7
940 4
941 8
942 5
943 5
944 5
945 7
946 6
947 6
948 4
949 10
950 7
951 2
952 5
953 2
954 2
955 7
956 3
957 7
958 1
959 4
960 5
961 3
962 8
963 5
964 4
965 4
966 3
967 2
968 4
969 4
970 8
971 2
972 6
973 4
974 3
975 4
976 2
977 3
978 5
979 4
980 8
981 4
982 5
983 5
984 4
985 4
986 6
987 4
988 5
989 6
990 8
991 7
992 6
993 5
994 8
995 5
996 5
997 5
998 5
999 6
1000 6
1001 7
1002 6
1003 6
1004 5
1005 4
1006 4
1007 9
1008 6
1009 4
1010 8
1011 2
1012 3
1013 5
1014 6
1015 3
1016 11
1017 2
1018 6
1019 4
1020 7
1021 8
1022 5
1023 3
1024 4
1025 6
1026 8
1027 3
1028 5
1029 6
1030 2
1031 4
1032 5
1033 1
1034 5
1035 4
1036 5
1037 5
1038 7
1039 6
1040 5
1041 8
1042 2
1043 3
1044 4
1045 1
1046 3
1047 7
1048 2
1049 1
1050 6
1051 5
1052 7
1053 4
1054 6
1055 9
1056 3
1057 7
1058 1
1059 6
1060 4
1061 5
1062 8
1063 4
1064 6
1065 4
1066 8
1067 5
1068 4
1069 3
1070 5
1071 4
1072 4
1073 3
1074 7
1075 7
1076 4
1077 4
1078 2
1079 2
1080 5
1081 3
1082 1
1083 8
1084 4
1085 1
1086 7
1087 4
1088 3
1089 2
1090 7
1091 4
1092 6
1093 2
1094 3
1095 5
1096 5
1097 4
1098 5
1099 5
1100 9
1101 2
1102 6
1103 4
1104 5
1105 3
1106 5
1107 2
1108 6
1109 4
1110 5
1111 2
1112 4
1113 2
1114 1
1115 4
1116 2
1117 6
1118 7
1119 1
1120 4
1121 3
1122 4
1123 6
1124 2
1125 2
1126 3
1127 3
1128 4
1129 5
1130 3
1131 4
1132 7
1133 2
1134 5
1135 7
1136 1
1137 2
1138 4
1139 4
1140 1
1141 4
1142 8
1143 5
1144 7
1145 3
1146 4
1147 5
1148 2
1149 2
1150 4
1151 9
1152 4
1153 5
1154 2
1155 7
1156 5
1157 3
1158 1
1159 4
1160 8
1161 4
1162 8
1163 3
1164 4
1165 3
1167 7
1168 5
1169 4
1170 4
1171 4
1172 4
1173 3
1174 4
1175 2
1176 7
1177 2
1178 3
1179 5
1180 1
1181 5
1182 4
1183 3
1184 4
1185 2
1186 2
1187 4
1188 8
1189 4
1190 2
1191 2
1192 2
1193 5
1194 1
1195 8
1196 3
1197 4
1198 5
1199 4
1200 2
1201 5
1202 4
1203 8
1204 2
1205 3
1206 3
1207 4
1208 3
1209 2
1211 2
1212 1
1213 2
1214 5
1215 5
1216 6
1217 5
1218 3
1219 5
1220 4
1221 4
1222 2
1223 3
1224 2
1225 2
1226 4
1227 4
1228 4
1229 3
1230 4
1231 5
1232 1
1234 2
1235 3
1236 4
1237 2
1238 4
1239 5
1240 3
1241 2
1242 3
1243 4
1244 6
1245 4
1246 3
1247 4
1248 5
1249 6
1250 3
1251 4
1252 1
1253 5
1254 2
1255 1
1256 3
1257 4
1258 7
1259 3
1260 2
1261 1
1262 1
1263 1
1264 1
1265 2
1266 2
1267 4
1268 4
1269 3
1270 3
1272 2
1273 2
1274 2
1275 2
1276 3
1277 3
1279 3
1280 2
1282 3
1283 3
1284 3
1285 2
1287 2
1288 3
1289 2
1290 3
1291 3
1292 1
1293 1
1295 1
1296 4
1297 1
1298 3
1299 2
1300 5
1302 3
1303 3
1304 3
1305 2
1306 2
1307 6
1308 3
1309 1
1310 6
1311 2
1312 4
1313 3
1315 4
1316 4
1318 3
1319 3
1320 1
1322 2
1323 5
1324 5
1326 1
1327 1
1328 3
1329 3
1330 1
1331 1
1333 2
1334 1
1335 1
1336 4
1337 4
1338 1
1339 2
1341 3
1343 2
1344 1
1345 3
1346 2
1347 1
1348 3
1350 3
1351 1
1353 1
1354 2
1356 2
1357 3
1358 2
1360 1
1361 2
1362 2
1363 3
1364 2
1365 1
1366 1
1367 2
1368 1
1369 1
1370 1
1371 1
1372 3
1374 1
1375 1
1376 1
1377 2
1378 2
1379 2
1381 3
1384 1
1386 2
1387 1
1389 2
1390 2
1392 3
1393 1
1394 1
1395 2
1396 2
1397 2
1398 1
1399 1
1400 2
1401 4
1403 1
1404 1
1405 1
1406 2
1407 1
1408 2
1412 1
1418 1
1421 1
1422 1
1423 1
1424 1
1425 1
1426 1
1432 1
1433 1
1434 1
1435 1
1439 1
1441 1
1442 1
1444 1
1456 1
1458 1
1459 1
1469 1
1470 2
1474 1
1475 2
1477 1
1483 1
1495 1
1496 1
1499 1
1500 1
1510 1
1545 1
1549 1
