N J h mean_R_sq err_mean_R_sq mean_R_gyr_sq err_mean_R_gyr_sq 
3600 1.445 0 7485.47 4526.01 1867.91 920.241
452 1
471 1
485 1
487 1
495 2
496 1
497 1
502 1
503 1
509 2
512 1
517 1
524 1
527 1
530 1
535 1
536 1
545 2
552 1
556 1
559 1
560 1
572 1
585 1
593 1
597 1
598 1
602 2
603 1
604 1
606 1
607 3
615 1
616 2
620 1
624 1
626 1
627 1
632 1
634 1
643 2
645 1
648 1
652 1
656 1
664 2
665 1
666 1
671 1
672 1
677 1
680 3
683 1
686 1
687 1
688 2
693 1
698 1
700 2
701 2
702 1
703 1
704 1
706 1
714 1
716 1
720 1
721 1
723 1
730 1
732 1
736 1
739 2
740 1
744 1
746 1
749 1
750 1
757 1
768 1
773 1
776 1
777 1
788 1
791 1
792 1
796 1
805 2
809 1
811 2
814 1
815 1
820 1
822 1
827 1
830 1
834 1
838 1
839 1
850 1
852 1
853 1
856 1
858 1
859 4
867 1
871 1
873 1
875 1
876 1
878 1
879 1
882 1
888 2
900 2
904 1
905 1
906 1
907 1
910 1
911 1
914 1
915 1
916 1
917 1
921 1
926 2
928 1
931 1
932 1
934 1
936 1
939 1
942 1
946 1
949 1
955 1
956 1
962 2
963 1
964 1
967 1
969 2
971 2
972 1
973 1
974 1
975 1
976 2
977 1
980 1
985 2
991 1
993 1
994 1
995 1
996 1
997 1
998 1
1000 2
1003 1
1008 2
1009 2
1010 1
1012 1
1015 3
1018 1
1019 2
1023 2
1026 1
1028 1
1033 1
1034 1
1044 2
1047 1
1048 1
1050 1
1051 1
1052 1
1053 1
1057 1
1058 1
1059 1
1061 1
1066 2
1068 1
1077 1
1078 1
1083 1
1084 3
1085 1
1090 1
1092 1
1093 1
1096 2
1097 2
1098 1
1099 1
1100 1
1101 1
1104 4
1105 1
1106 1
1107 2
1109 2
1110 1
1113 1
1117 1
1119 1
1121 1
1126 2
1129 1
1130 1
1134 1
1137 4
1141 1
1144 1
1146 1
1147 1
1153 1
1154 2
1156 1
1157 1
1164 1
1165 1
1166 1
1168 1
1169 1
1171 1
1172 1
1174 1
1175 1
1176 1
1178 1
1179 1
1182 1
1183 1
1184 2
1185 1
1187 1
1188 1
1191 2
1192 1
1193 1
1195 2
1196 1
1198 2
1201 2
1202 1
1204 1
1207 3
1210 1
1214 2
1215 1
1216 2
1220 1
1223 1
1225 1
1230 1
1231 1
1233 1
1240 1
1244 1
1245 1
1246 1
1248 2
1249 1
1252 1
1253 1
1255 3
1257 1
1263 1
1270 1
1272 2
1277 1
1279 1
1284 1
1285 1
1288 1
1289 2
1294 1
1297 1
1299 1
1301 1
1306 1
1310 1
1313 1
1316 1
1317 3
1326 1
1329 1
1330 2
1332 1
1334 1
1337 1
1338 1
1339 1
1342 1
1343 1
1345 1
1347 1
1361 1
1363 1
1367 1
1373 1
1374 2
1375 1
1386 1
1389 1
1394 1
1397 1
1416 1
1425 1
1427 1
1429 1
1438 1
1456 1
1471 2
1474 1
1481 1
1483 1
1486 1
1490 1
1502 1
1506 1
1523 1
1537 1
1538 1
1565 1
