N J h mean_R_sq err_mean_R_sq mean_R_gyr_sq err_mean_R_gyr_sq 
2916 1.32 0 25568 245.584 3894.17 28.4479
734 1
735 1
757 1
764 1
768 1
774 1
776 2
783 1
785 1
787 1
795 2
799 3
800 1
802 3
803 1
804 3
806 1
808 2
809 3
810 4
811 3
813 2
814 3
815 1
816 6
817 3
818 5
819 3
820 3
821 3
822 2
823 1
824 2
825 2
826 3
827 3
828 6
829 3
831 7
832 4
833 10
834 8
835 6
836 3
837 6
838 3
839 8
840 2
841 6
842 5
843 5
844 8
845 4
846 6
847 6
848 11
849 11
850 8
851 8
852 7
853 11
854 11
855 12
856 11
857 10
858 12
859 14
860 13
861 14
862 10
863 10
864 9
865 10
866 5
867 19
868 9
869 20
870 13
871 8
872 14
873 21
874 18
875 18
876 8
877 17
878 13
879 15
880 19
881 21
882 25
883 15
884 28
885 20
886 17
887 24
888 24
889 24
890 21
891 30
892 30
893 43
894 25
895 28
896 44
897 47
898 35
899 38
900 23
901 29
902 41
903 23
904 41
905 37
906 41
907 33
908 46
909 46
910 43
911 38
912 48
913 35
914 46
915 45
916 40
917 42
918 50
919 42
920 57
921 59
922 49
923 58
924 53
925 50
926 47
927 56
928 60
929 68
930 49
931 45
932 65
933 48
934 63
935 64
936 70
937 66
938 74
939 78
940 73
941 73
942 72
943 61
944 73
945 73
946 83
947 77
948 83
949 80
950 86
951 71
952 108
953 76
954 97
955 81
956 76
957 85
958 85
959 110
960 88
961 88
962 102
963 83
964 116
965 63
966 84
967 88
968 83
969 85
970 79
971 86
972 97
973 99
974 100
975 99
976 102
977 90
978 105
979 96
980 84
981 121
982 119
983 118
984 106
985 94
986 106
987 88
988 92
989 103
990 103
991 118
992 84
993 103
994 99
995 111
996 88
997 99
998 108
999 111
1000 81
1001 105
1002 103
1003 122
1004 108
1005 114
1006 111
1007 100
1008 87
1009 104
1010 99
1011 105
1012 103
1013 81
1014 118
1015 104
1016 86
1017 100
1018 113
1019 111
1020 93
1021 104
1022 105
1023 89
1024 94
1025 108
1026 92
1027 81
1028 92
1029 100
1030 95
1031 98
1032 76
1033 75
1034 93
1035 96
1036 88
1037 107
1038 89
1039 73
1040 90
1041 97
1042 82
1043 75
1044 96
1045 81
1046 84
1047 84
1048 87
1049 86
1050 72
1051 61
1052 93
1053 59
1054 61
1055 86
1056 68
1057 75
1058 74
1059 67
1060 77
1061 74
1062 46
1063 69
1064 65
1065 59
1066 44
1067 60
1068 59
1069 62
1070 64
1071 58
1072 53
1073 59
1074 60
1075 57
1076 57
1077 53
1078 48
1079 55
1080 46
1081 49
1082 45
1083 42
1084 52
1085 34
1086 56
1087 44
1088 36
1089 25
1090 37
1091 42
1092 42
1093 52
1094 35
1095 34
1096 41
1097 32
1098 33
1099 42
1100 40
1101 40
1102 22
1103 28
1104 30
1105 28
1106 27
1107 35
1108 20
1109 35
1110 19
1111 24
1112 16
1113 26
1114 23
1115 25
1116 17
1117 34
1118 22
1119 16
1120 16
1121 31
1122 27
1123 19
1124 10
1125 19
1126 19
1127 14
1128 12
1129 17
1130 14
1131 12
1132 6
1133 11
1134 10
1135 16
1136 15
1137 11
1138 10
1139 11
1140 9
1141 14
1142 12
1143 9
1144 11
1145 8
1146 16
1147 10
1148 5
1149 4
1150 9
1151 5
1152 8
1153 5
1154 7
1155 9
1156 4
1157 8
1158 8
1159 5
1160 5
1161 5
1162 7
1163 3
1164 2
1165 1
1166 2
1168 3
1169 3
1170 6
1171 5
1172 5
1173 4
1174 3
1175 4
1176 3
1177 2
1178 1
1179 5
1180 1
1181 2
1183 1
1184 1
1185 3
1186 1
1187 3
1188 3
1189 2
1190 2
1191 1
1192 1
1194 1
1195 1
1196 1
1197 2
1198 3
1200 2
1204 1
1205 3
1207 2
1211 1
1219 2
1222 1
1223 1
1233 1
1243 1
1254 1
1284 1
