N J h mean_R_sq err_mean_R_sq mean_R_gyr_sq err_mean_R_gyr_sq 
2500 1.33 0 18332.6 181.469 2840.05 19.2754
2928 1
2941 1
2942 1
2946 1
2947 1
2948 2
2950 2
2951 1
2954 1
2955 1
2958 2
2959 2
2960 3
2961 2
2962 3
2963 2
2964 3
2965 5
2966 3
2967 3
2968 6
2969 12
2970 5
2971 6
2972 9
2973 14
2974 9
2975 12
2976 7
2977 12
2978 13
2979 13
2980 17
2981 21
2982 28
2983 28
2984 18
2985 22
2986 27
2987 31
2988 29
2989 38
2990 34
2991 35
2992 45
2993 46
2994 51
2995 43
2996 51
2997 47
2998 55
2999 57
3000 59
3001 72
3002 69
3003 53
3004 69
3005 75
3006 79
3007 92
3008 88
3009 89
3010 114
3011 109
3012 105
3013 116
3014 111
3015 110
3016 103
3017 117
3018 139
3019 120
3020 143
3021 142
3022 119
3023 126
3024 169
3025 162
3026 164
3027 153
3028 166
3029 166
3030 172
3031 175
3032 189
3033 213
3034 208
3035 175
3036 183
3037 182
3038 178
3039 183
3040 214
3041 203
3042 213
3043 202
3044 204
3045 195
3046 197
3047 191
3048 196
3049 169
3050 195
3051 192
3052 191
3053 191
3054 172
3055 177
3056 159
3057 168
3058 179
3059 177
3060 156
3061 168
3062 165
3063 130
3064 168
3065 140
3066 134
3067 151
3068 136
3069 140
3070 130
3071 168
3072 147
3073 129
3074 111
3075 149
3076 110
3077 99
3078 99
3079 111
3080 92
3081 97
3082 92
3083 107
3084 90
3085 105
3086 84
3087 70
3088 68
3089 82
3090 63
3091 56
3092 55
3093 68
3094 83
3095 72
3096 46
3097 38
3098 38
3099 46
3100 39
3101 30
3102 38
3103 28
3104 44
3105 27
3106 30
3107 35
3108 29
3109 22
3110 27
3111 18
3112 27
3113 26
3114 15
3115 28
3116 18
3117 9
3118 12
3119 15
3120 17
3121 12
3122 6
3123 10
3124 8
3125 8
3126 9
3127 8
3128 9
3129 5
3130 5
3131 6
3132 8
3133 5
3134 4
3135 6
3136 2
3137 1
3138 6
3139 4
3140 2
3141 4
3142 2
3143 1
3144 1
3145 4
3146 2
3147 1
3148 1
3149 1
3150 2
3155 1
3160 1
3163 1
3164 1
3165 1
3173 1
