N J h mean_R_sq err_mean_R_sq mean_R_gyr_sq err_mean_R_gyr_sq 
2500 1.41 0 2871.2 57.6122 765.314 7.55838
3076 1
3141 1
3143 1
3151 1
3155 1
3157 1
3162 1
3163 3
3164 1
3165 1
3166 1
3167 1
3169 1
3170 2
3171 5
3172 3
3173 4
3174 2
3175 5
3176 3
3177 1
3178 1
3180 2
3181 3
3182 3
3183 4
3184 6
3185 6
3186 3
3187 5
3188 8
3189 6
3190 6
3191 8
3192 12
3193 5
3194 11
3195 4
3196 8
3197 11
3198 17
3199 11
3200 11
3201 16
3202 15
3203 23
3204 14
3205 13
3206 24
3207 29
3208 32
3209 22
3210 22
3211 16
3212 27
3213 25
3214 28
3215 26
3216 42
3217 35
3218 34
3219 32
3220 44
3221 48
3222 37
3223 49
3224 64
3225 34
3226 48
3227 64
3228 58
3229 67
3230 66
3231 67
3232 71
3233 79
3234 71
3235 73
3236 86
3237 82
3238 70
3239 88
3240 109
3241 84
3242 108
3243 118
3244 112
3245 120
3246 102
3247 112
3248 117
3249 139
3250 124
3251 128
3252 102
3253 117
3254 111
3255 139
3256 142
3257 131
3258 154
3259 145
3260 144
3261 155
3262 151
3263 157
3264 167
3265 143
3266 157
3267 151
3268 144
3269 189
3270 166
3271 168
3272 158
3273 158
3274 159
3275 155
3276 173
3277 168
3278 142
3279 183
3280 143
3281 135
3282 171
3283 161
3284 156
3285 138
3286 154
3287 139
3288 130
3289 147
3290 148
3291 141
3292 124
3293 117
3294 138
3295 145
3296 138
3297 140
3298 110
3299 98
3300 101
3301 110
3302 85
3303 96
3304 87
3305 91
3306 117
3307 77
3308 81
3309 85
3310 86
3311 74
3312 74
3313 75
3314 65
3315 69
3316 68
3317 55
3318 71
3319 51
3320 34
3321 58
3322 37
3323 44
3324 47
3325 38
3326 32
3327 45
3328 23
3329 29
3330 33
3331 24
3332 17
3333 26
3334 23
3335 23
3336 25
3337 22
3338 16
3339 22
3340 11
3341 14
3342 16
3343 15
3344 5
3345 11
3346 15
3347 4
3348 5
3349 5
3350 6
3351 5
3352 11
3353 3
3354 1
3355 4
3356 2
3357 2
3358 1
3359 3
3360 2
3361 3
3362 1
3363 2
3364 1
3365 2
3367 1
3369 1
3377 1
3379 2
3381 1
