N J h mean_R_sq err_mean_R_sq mean_R_gyr_sq err_mean_R_gyr_sq 
2916 1.368 0 9821.74 230.209 1796.02 34.4379
3014 1
3034 1
3036 1
3045 2
3048 2
3049 2
3050 1
3053 3
3054 1
3055 1
3056 1
3057 1
3058 2
3059 3
3060 4
3061 1
3062 3
3063 4
3064 3
3065 6
3066 4
3067 4
3068 1
3069 6
3070 4
3071 8
3072 6
3073 13
3074 6
3075 7
3076 11
3077 4
3078 6
3079 8
3080 8
3081 13
3082 8
3083 10
3084 15
3085 14
3086 22
3087 17
3088 20
3089 22
3090 20
3091 31
3092 23
3093 27
3094 25
3095 30
3096 26
3097 14
3098 23
3099 46
3100 25
3101 51
3102 41
3103 51
3104 38
3105 39
3106 45
3107 42
3108 47
3109 63
3110 53
3111 51
3112 55
3113 59
3114 78
3115 73
3116 63
3117 65
3118 76
3119 88
3120 72
3121 95
3122 75
3123 86
3124 80
3125 106
3126 84
3127 106
3128 101
3129 108
3130 89
3131 91
3132 114
3133 112
3134 97
3135 112
3136 115
3137 130
3138 131
3139 116
3140 107
3141 108
3142 133
3143 133
3144 114
3145 117
3146 128
3147 114
3148 123
3149 126
3150 149
3151 136
3152 113
3153 136
3154 136
3155 112
3156 115
3157 120
3158 135
3159 150
3160 117
3161 111
3162 141
3163 123
3164 109
3165 117
3166 113
3167 126
3168 114
3169 110
3170 133
3171 116
3172 96
3173 118
3174 107
3175 121
3176 98
3177 99
3178 101
3179 94
3180 80
3181 89
3182 88
3183 103
3184 64
3185 73
3186 69
3187 64
3188 72
3189 73
3190 59
3191 72
3192 47
3193 58
3194 46
3195 49
3196 67
3197 42
3198 54
3199 51
3200 41
3201 37
3202 44
3203 43
3204 33
3205 42
3206 42
3207 31
3208 32
3209 30
3210 35
3211 32
3212 26
3213 35
3214 25
3215 20
3216 26
3217 17
3218 18
3219 7
3220 22
3221 12
3222 12
3223 13
3224 5
3225 20
3226 13
3227 9
3228 10
3229 7
3230 5
3231 7
3232 8
3233 8
3234 4
3235 4
3236 1
3237 4
3238 4
3239 8
3240 2
3241 2
3242 5
3243 5
3244 3
3245 3
3247 3
3248 2
3249 3
3250 2
3251 1
3252 1
3254 3
3255 2
3256 2
3257 3
3259 1
3264 2
3267 1
3268 1
3269 1
3270 1
3288 1
