N J h mean_R_sq err_mean_R_sq mean_R_gyr_sq err_mean_R_gyr_sq 
2916 1.421 0 3871.3 1145.68 947.897 152.894
3136 1
3141 1
3142 1
3150 1
3152 1
3156 1
3159 1
3164 1
3165 1
3166 1
3168 2
3169 2
3174 1
3175 1
3176 2
3178 2
3180 1
3181 1
3186 1
3191 1
3196 2
3197 1
3198 1
3200 1
3202 2
3212 2
3213 3
3214 1
3216 1
3217 2
3220 1
3221 4
3229 1
3230 2
3231 1
3232 1
3233 2
3234 2
3235 4
3236 2
3237 4
3238 7
3239 4
3240 3
3241 9
3242 4
3243 3
3244 6
3245 5
3246 3
3247 13
3248 6
3249 3
3250 5
3251 5
3252 6
3253 7
3254 10
3255 5
3256 4
3257 10
3258 10
3259 10
3260 14
3261 12
3262 10
3263 12
3264 12
3265 20
3266 20
3267 11
3268 12
3269 16
3270 10
3271 24
3272 15
3273 20
3274 16
3275 18
3276 12
3277 22
3278 24
3279 18
3280 24
3281 22
3282 25
3283 20
3284 21
3285 20
3286 35
3287 29
3288 20
3289 29
3290 36
3291 44
3292 33
3293 40
3294 33
3295 40
3296 31
3297 37
3298 36
3299 32
3300 26
3301 37
3302 28
3303 34
3304 39
3305 30
3306 25
3307 41
3308 33
3309 33
3310 31
3311 37
3312 33
3313 42
3314 39
3315 34
3316 41
3317 29
3318 40
3319 25
3320 32
3321 26
3322 25
3323 30
3324 29
3325 34
3326 22
3327 29
3328 18
3329 28
3330 15
3331 19
3332 28
3333 20
3334 14
3335 16
3336 24
3337 7
3338 21
3339 18
3340 12
3341 16
3342 16
3343 16
3344 12
3345 10
3346 12
3347 16
3348 11
3349 8
3350 14
3351 8
3352 6
3353 4
3354 5
3355 12
3356 8
3357 5
3358 4
3359 4
3360 5
3361 1
3362 4
3363 4
3364 1
3365 2
3366 1
3367 1
3368 4
3369 4
3370 3
3371 2
3372 1
3373 2
3374 1
3376 2
3379 1
3385 1
3391 1
