N J h mean_R_sq err_mean_R_sq mean_R_gyr_sq err_mean_R_gyr_sq 
2500 1.417 0 2829.52 126.341 744.479 13.5099
3183 1
3194 1
3195 1
3198 1
3201 2
3203 2
3208 2
3210 2
3212 2
3213 1
3214 1
3215 2
3216 1
3217 3
3219 1
3220 2
3221 4
3222 3
3223 5
3226 2
3227 6
3228 2
3229 2
3230 3
3232 3
3233 5
3234 7
3235 6
3236 4
3237 4
3238 3
3239 4
3240 7
3241 5
3242 8
3243 9
3244 6
3245 8
3246 8
3247 10
3248 4
3249 7
3250 4
3251 8
3252 6
3253 7
3254 9
3255 13
3256 10
3257 7
3258 7
3259 9
3260 7
3261 15
3262 8
3263 15
3264 16
3265 8
3266 10
3267 12
3268 18
3269 6
3270 11
3271 14
3272 14
3273 12
3274 10
3275 17
3276 12
3277 12
3278 15
3279 11
3280 14
3281 17
3282 17
3283 13
3284 10
3285 21
3286 10
3287 18
3288 17
3289 14
3290 14
3291 14
3292 21
3293 14
3294 15
3295 12
3296 14
3297 11
3298 13
3299 19
3300 10
3301 11
3302 25
3303 9
3304 16
3305 12
3306 9
3307 16
3308 14
3309 18
3310 10
3311 17
3312 16
3313 6
3314 15
3315 14
3316 8
3317 10
3318 9
3319 8
3320 10
3321 6
3322 2
3323 9
3324 9
3325 4
3326 8
3327 11
3328 6
3329 8
3330 6
3331 6
3332 8
3333 4
3334 3
3335 3
3336 3
3337 1
3338 5
3339 1
3340 6
3341 6
3342 2
3343 1
3344 4
3345 2
3346 3
3347 3
3348 2
3349 1
3350 1
3351 1
3352 3
3354 2
3355 1
3356 1
3357 1
3358 2
3359 2
3360 1
3363 1
3364 1
3366 1
3370 1
3375 1
3380 1
3383 1
