N J h mean_R_sq err_mean_R_sq mean_R_gyr_sq err_mean_R_gyr_sq 
1225 1.325 0 7317.9 119.471 1143.07 8.22716
2905 1
2906 1
2910 1
2913 1
2916 1
2917 1
2920 1
2921 1
2922 1
2923 1
2925 3
2926 3
2927 1
2928 2
2930 2
2931 2
2933 1
2934 3
2935 2
2936 3
2937 4
2938 3
2939 5
2940 2
2941 5
2942 3
2943 3
2944 5
2945 4
2946 7
2947 7
2948 5
2949 4
2950 8
2951 7
2952 8
2953 8
2954 9
2955 8
2956 10
2957 7
2958 7
2959 10
2960 7
2961 15
2962 13
2963 10
2964 7
2965 15
2966 13
2967 19
2968 11
2969 10
2970 15
2971 24
2972 10
2973 15
2974 18
2975 22
2976 22
2977 25
2978 21
2979 24
2980 20
2981 22
2982 21
2983 28
2984 27
2985 41
2986 29
2987 31
2988 25
2989 35
2990 30
2991 33
2992 19
2993 29
2994 32
2995 31
2996 23
2997 31
2998 31
2999 32
3000 38
3001 48
3002 25
3003 35
3004 33
3005 34
3006 41
3007 47
3008 46
3009 38
3010 36
3011 34
3012 39
3013 40
3014 40
3015 42
3016 30
3017 47
3018 31
3019 47
3020 38
3021 42
3022 43
3023 49
3024 48
3025 36
3026 46
3027 47
3028 39
3029 38
3030 48
3031 45
3032 45
3033 56
3034 29
3035 46
3036 36
3037 34
3038 46
3039 42
3040 37
3041 48
3042 32
3043 39
3044 45
3045 37
3046 45
3047 36
3048 44
3049 40
3050 48
3051 39
3052 32
3053 29
3054 40
3055 34
3056 24
3057 37
3058 22
3059 42
3060 24
3061 33
3062 22
3063 26
3064 35
3065 29
3066 38
3067 25
3068 31
3069 21
3070 24
3071 36
3072 17
3073 26
3074 23
3075 41
3076 18
3077 22
3078 21
3079 20
3080 23
3081 15
3082 19
3083 16
3084 14
3085 27
3086 17
3087 14
3088 13
3089 17
3090 11
3091 14
3092 16
3093 17
3094 16
3095 13
3096 10
3097 16
3098 8
3099 7
3100 11
3101 10
3102 9
3103 7
3104 9
3105 6
3106 11
3107 5
3108 8
3109 10
3110 9
3111 6
3112 4
3113 11
3114 8
3115 9
3116 3
3117 4
3118 1
3119 5
3120 9
3121 4
3122 4
3123 3
3124 3
3126 2
3127 2
3128 8
3129 4
3130 4
3131 1
3132 3
3133 2
3134 2
3135 7
3136 1
3137 1
3139 3
3141 2
3142 1
3143 2
3144 1
3146 3
3149 1
3151 1
3152 1
3153 1
3155 4
3159 1
3160 2
3167 1
3169 1
3180 1
3184 1
