N J h mean_R_sq err_mean_R_sq mean_R_gyr_sq err_mean_R_gyr_sq 
900 1.385 0 2106.39 26.6305 409.167 2.33803
424 1
484 1
486 1
487 1
490 1
495 1
497 1
512 1
520 1
522 1
523 1
526 2
528 1
532 1
533 1
534 2
535 2
537 1
539 1
541 1
545 1
549 2
551 2
553 1
554 1
556 1
558 3
559 1
560 2
561 1
562 2
563 2
564 1
565 1
566 2
567 1
568 1
569 1
572 1
574 1
576 1
578 2
579 3
580 4
584 1
585 1
587 1
588 2
590 1
591 1
592 3
593 1
594 1
595 1
596 1
597 3
598 2
600 4
601 2
602 1
604 3
605 2
606 4
607 2
608 1
609 1
610 1
611 4
612 2
613 2
614 3
615 3
617 1
618 4
619 1
620 2
621 3
622 3
623 4
625 2
626 2
627 1
628 7
629 2
632 3
633 2
634 4
635 1
636 3
637 3
638 4
641 4
642 2
643 4
644 3
645 4
646 2
647 4
648 3
649 3
650 3
651 4
652 3
653 2
655 1
657 4
658 1
659 2
661 3
662 2
663 2
664 1
665 4
666 4
667 4
668 1
669 2
670 4
671 2
672 5
673 1
674 6
675 3
676 5
677 5
678 2
679 5
680 4
681 3
682 3
683 2
684 8
685 6
686 3
687 3
688 2
689 6
690 3
691 4
692 7
693 4
694 1
695 4
696 3
697 6
698 4
699 3
700 5
701 5
702 7
703 1
704 5
705 6
706 4
707 3
708 4
709 3
710 6
711 5
712 6
713 2
714 6
715 3
716 5
717 5
718 7
719 9
720 2
721 5
722 4
723 8
724 8
725 3
726 8
727 2
728 6
729 10
730 4
731 4
732 7
733 7
734 6
735 9
736 5
737 6
738 9
739 6
741 6
742 7
743 7
744 5
745 5
746 6
747 7
748 7
749 6
750 4
751 6
752 7
753 5
754 3
755 9
756 6
757 7
758 8
759 4
760 8
761 11
762 13
763 11
764 10
765 10
766 6
767 9
768 8
769 5
770 7
771 6
772 6
773 11
774 5
775 10
776 12
777 7
778 13
779 2
780 9
781 4
782 5
783 6
784 8
785 11
786 9
787 9
788 8
789 7
790 5
791 12
792 11
793 10
794 8
795 12
796 7
797 10
798 2
799 13
800 6
801 10
802 8
803 8
804 4
805 8
806 14
807 5
808 10
809 7
810 9
811 8
812 5
813 9
814 7
815 12
816 9
817 9
818 9
819 8
820 4
821 8
822 9
823 12
824 6
825 9
826 6
827 13
828 11
829 12
830 11
831 7
832 8
833 14
834 7
835 14
836 10
837 12
838 8
839 9
840 20
841 12
842 8
843 9
844 10
845 10
846 8
847 6
848 9
849 10
850 8
851 14
852 9
853 9
854 7
855 10
856 8
857 12
858 16
859 13
860 5
861 7
862 12
863 8
864 12
865 18
866 11
867 9
868 14
869 14
870 11
871 12
872 8
873 17
874 18
875 13
876 10
877 9
878 11
879 17
880 13
881 19
882 8
883 19
884 19
885 11
886 13
887 14
888 6
889 16
890 12
891 8
892 10
893 9
894 13
895 12
896 10
897 12
898 16
899 11
900 6
901 9
902 9
903 6
904 18
905 13
906 14
907 15
908 15
909 12
910 13
911 16
912 17
913 15
914 19
915 11
916 15
917 6
918 8
919 7
920 7
921 11
922 18
923 12
924 13
925 12
926 17
927 13
928 17
929 16
930 12
931 5
932 12
933 17
934 13
935 14
936 12
937 11
938 15
939 19
940 11
941 20
942 13
943 15
944 9
945 15
946 13
947 6
948 9
949 14
950 13
951 13
952 15
953 19
954 13
955 10
956 11
957 14
958 17
959 21
960 11
961 13
962 17
963 14
964 17
965 14
966 8
967 12
968 13
969 14
970 9
971 14
972 21
973 14
974 14
975 16
976 7
977 14
978 15
979 13
980 16
981 9
982 13
983 20
984 13
985 10
986 16
987 8
988 13
989 16
990 18
991 10
992 12
993 13
994 14
995 11
996 22
997 11
998 14
999 14
1000 12
1001 11
1002 20
1003 15
1004 16
1005 27
1006 18
1007 9
1008 13
1009 15
1010 10
1011 17
1012 13
1013 20
1014 17
1015 15
1016 14
1017 19
1018 11
1019 13
1020 14
1021 15
1022 20
1023 9
1024 16
1025 17
1026 8
1027 13
1028 16
1029 15
1030 13
1031 17
1032 18
1033 17
1034 17
1035 10
1036 8
1037 8
1038 10
1039 13
1040 17
1041 12
1042 9
1043 7
1044 11
1045 15
1046 22
1047 14
1048 15
1049 10
1050 9
1051 16
1052 17
1053 17
1054 21
1055 14
1056 11
1057 10
1058 12
1059 17
1060 10
1061 13
1062 15
1063 11
1064 18
1065 10
1066 9
1067 15
1068 18
1069 8
1070 8
1071 14
1072 12
1073 14
1074 23
1075 8
1076 11
1077 11
1078 11
1079 10
1080 12
1081 9
1082 9
1083 9
1084 15
1085 7
1086 23
1087 11
1088 18
1089 13
1090 11
1091 15
1092 13
1093 15
1094 9
1095 18
1096 14
1097 9
1098 14
1099 8
1100 15
1101 14
1102 11
1103 15
1104 20
1105 8
1106 15
1107 19
1108 10
1109 15
1110 8
1111 12
1112 11
1113 14
1114 9
1115 14
1116 15
1117 11
1118 7
1119 12
1120 14
1121 10
1122 10
1123 10
1124 12
1125 10
1126 13
1127 9
1128 11
1129 9
1130 13
1131 8
1132 7
1133 15
1134 13
1135 13
1136 10
1137 6
1138 14
1139 11
1140 12
1141 8
1142 10
1143 13
1144 5
1145 11
1146 18
1147 8
1148 7
1149 12
1150 9
1151 10
1152 9
1153 12
1154 9
1155 9
1156 7
1157 2
1158 13
1159 7
1160 8
1161 7
1162 8
1163 15
1164 7
1165 6
1166 8
1167 11
1168 9
1169 5
1170 9
1171 9
1172 8
1173 11
1174 7
1175 8
1176 4
1177 10
1178 15
1179 13
1180 8
1181 9
1182 8
1183 8
1184 11
1185 9
1186 8
1187 16
1188 15
1189 18
1190 5
1191 9
1192 6
1193 8
1194 7
1195 13
1196 8
1197 8
1198 9
1199 10
1200 6
1201 10
1202 6
1203 8
1204 9
1205 7
1206 10
1207 5
1208 9
1209 10
1210 9
1211 7
1212 6
1213 8
1214 12
1215 11
1216 4
1217 9
1218 6
1219 1
1220 3
1221 6
1222 6
1223 12
1224 4
1225 7
1226 2
1227 7
1228 12
1229 9
1230 7
1231 4
1232 6
1233 7
1234 4
1235 6
1236 8
1237 3
1238 5
1239 4
1240 2
1241 9
1242 4
1243 8
1244 3
1245 13
1246 7
1247 5
1248 6
1249 7
1250 3
1251 8
1252 9
1253 4
1254 14
1255 5
1256 8
1257 5
1258 5
1259 7
1260 5
1261 8
1262 8
1263 6
1264 7
1265 4
1266 6
1267 9
1268 7
1269 6
1270 3
1271 2
1272 10
1273 5
1274 7
1275 2
1276 11
1277 4
1278 6
1279 8
1280 3
1281 11
1282 8
1283 6
1284 5
1285 10
1286 7
1287 5
1288 6
1289 2
1290 5
1291 7
1292 4
1293 7
1294 1
1295 10
1296 7
1297 3
1298 7
1299 2
1300 4
1301 1
1302 4
1303 3
1304 2
1305 3
1306 5
1307 4
1308 4
1309 4
1310 5
1311 3
1312 5
1313 4
1314 3
1315 8
1316 2
1317 2
1318 6
1319 1
1320 3
1321 6
1322 2
1323 7
1324 4
1325 1
1326 6
1327 7
1328 2
1329 3
1330 3
1332 2
1333 5
1334 1
1335 2
1336 3
1337 2
1338 1
1339 3
1340 5
1341 4
1342 4
1344 5
1345 4
1346 2
1347 1
1348 2
1349 4
1350 3
1351 2
1353 3
1354 3
1355 4
1356 4
1357 4
1358 3
1359 1
1360 4
1361 3
1362 4
1363 3
1365 5
1366 2
1367 2
1368 2
1369 1
1370 2
1371 2
1372 3
1373 2
1374 5
1375 6
1376 2
1377 3
1379 1
1380 1
1381 2
1382 1
1384 3
1385 3
1387 2
1388 2
1390 1
1391 1
1392 1
1393 3
1394 1
1397 3
1398 2
1399 2
1400 1
1401 1
1402 2
1403 2
1405 3
1406 1
1407 1
1408 1
1409 1
1410 1
1411 3
1412 1
1413 2
1415 2
1416 2
1417 1
1418 2
1419 1
1420 1
1421 1
1424 2
1426 2
1427 1
1428 1
1429 1
1430 1
1433 1
1434 2
1436 1
1437 1
1438 1
1443 1
1444 1
1446 2
1448 2
1449 5
1450 1
1451 1
1453 1
1461 1
1463 1
1465 1
1467 1
1475 1
1476 1
1477 1
1478 1
1479 1
1484 1
1485 2
1489 1
1490 2
1492 2
1497 1
1500 1
1509 1
1516 1
1519 1
1520 1
1527 1
1540 1
1542 2
1545 1
1550 1
1568 1
1585 1
1590 1
