N J h mean_R_sq err_mean_R_sq mean_R_gyr_sq err_mean_R_gyr_sq 
2916 1.344 0 17276.4 289.927 2794.87 31.7072
2968 1
2969 1
2978 1
2983 1
2984 1
2986 1
2992 1
2995 1
2997 2
2998 1
2999 1
3000 6
3002 5
3004 2
3005 7
3006 5
3007 3
3008 1
3009 2
3010 5
3011 9
3012 5
3013 7
3014 5
3015 7
3016 10
3017 10
3018 10
3019 8
3020 14
3021 16
3022 14
3023 13
3024 12
3025 13
3026 10
3027 17
3028 19
3029 20
3030 16
3031 27
3032 24
3033 29
3034 34
3035 35
3036 21
3037 40
3038 36
3039 35
3040 28
3041 31
3042 30
3043 33
3044 45
3045 47
3046 45
3047 55
3048 53
3049 51
3050 44
3051 63
3052 56
3053 73
3054 62
3055 63
3056 66
3057 75
3058 72
3059 90
3060 65
3061 78
3062 94
3063 78
3064 77
3065 80
3066 96
3067 87
3068 93
3069 98
3070 89
3071 100
3072 98
3073 109
3074 105
3075 102
3076 110
3077 93
3078 97
3079 97
3080 100
3081 105
3082 95
3083 101
3084 92
3085 101
3086 102
3087 104
3088 85
3089 101
3090 89
3091 83
3092 89
3093 90
3094 88
3095 93
3096 83
3097 99
3098 102
3099 84
3100 103
3101 91
3102 81
3103 83
3104 85
3105 83
3106 75
3107 64
3108 60
3109 64
3110 61
3111 70
3112 75
3113 65
3114 53
3115 53
3116 47
3117 50
3118 46
3119 47
3120 40
3121 34
3122 48
3123 43
3124 42
3125 37
3126 26
3127 30
3128 26
3129 35
3130 21
3131 32
3132 28
3133 27
3134 30
3135 33
3136 9
3137 23
3138 17
3139 16
3140 21
3141 21
3142 15
3143 17
3144 15
3145 16
3146 18
3147 8
3148 13
3149 10
3150 9
3151 7
3152 6
3153 9
3154 7
3155 10
3156 2
3157 7
3158 3
3159 7
3160 3
3161 3
3163 4
3165 4
3166 5
3167 2
3168 2
3169 2
3170 3
3171 2
3172 3
3173 1
3174 1
3176 1
3178 1
3181 1
3184 1
3185 1
3187 2
3188 1
3190 2
3191 2
