N J h mean_R_sq err_mean_R_sq mean_R_gyr_sq err_mean_R_gyr_sq 
1225 1.46 0 1017.71 17.5882 296.589 1.32636
307 1
330 1
341 2
352 1
361 1
363 1
380 3
383 1
392 1
393 1
397 2
398 1
399 1
401 1
403 3
404 1
407 1
408 1
409 1
412 2
414 2
419 1
422 1
423 1
424 1
426 1
427 1
429 1
430 1
431 1
432 1
433 1
435 1
436 4
438 3
439 1
440 1
441 2
442 1
443 5
445 1
446 5
447 2
448 1
449 3
450 1
451 4
452 6
453 3
454 1
455 1
456 2
457 2
459 3
460 2
461 1
462 2
463 1
464 1
466 1
467 1
470 2
471 2
472 2
473 1
474 1
475 2
476 1
477 4
478 1
479 4
480 2
481 2
482 1
483 3
484 3
485 4
486 1
487 1
488 2
489 1
490 6
491 3
492 1
493 2
494 1
495 4
496 2
497 2
498 2
499 2
500 3
501 1
502 2
503 4
504 7
505 3
506 4
507 1
508 1
509 3
510 8
511 3
512 2
513 2
514 3
515 7
516 3
517 1
518 1
519 4
520 2
521 3
522 1
523 3
524 5
525 4
526 2
527 3
528 4
529 6
531 6
532 3
533 5
534 3
535 3
536 1
537 1
538 2
539 2
540 6
541 2
542 1
543 3
544 3
545 4
546 2
547 4
548 2
551 1
552 5
553 3
554 5
555 3
556 2
557 2
558 4
559 5
560 4
561 6
563 9
564 5
565 2
566 5
567 3
568 6
569 4
570 3
571 4
572 3
573 1
574 1
575 1
576 5
578 3
579 3
580 5
581 3
583 2
584 1
585 2
586 9
587 3
588 4
589 1
590 2
591 4
592 5
593 2
594 6
595 2
596 1
597 3
598 3
601 3
602 9
603 4
604 3
605 6
606 6
607 2
608 7
609 3
610 2
611 4
612 6
613 4
614 4
615 3
616 3
617 2
618 2
619 5
620 4
621 1
623 6
624 5
625 2
626 3
627 3
629 4
630 8
631 3
632 2
633 1
634 1
635 3
636 5
637 6
638 2
639 3
640 4
641 2
642 5
643 3
644 4
645 6
646 2
647 3
648 5
649 1
650 4
651 3
652 2
653 1
654 5
655 4
656 5
657 4
658 4
659 6
660 4
661 6
662 1
663 3
664 2
665 7
666 4
667 3
668 1
670 4
671 3
672 1
673 8
674 1
675 3
676 4
677 5
678 5
679 6
680 5
681 1
682 2
683 4
684 5
685 5
686 4
687 4
688 5
689 5
690 5
691 5
692 1
693 2
694 4
695 5
696 5
697 4
698 4
699 7
700 2
701 3
702 3
703 3
705 2
706 5
707 2
708 4
709 6
710 4
711 1
712 7
713 1
714 5
715 6
716 5
717 2
718 6
719 2
720 3
721 4
722 2
723 4
724 5
725 1
726 5
727 11
728 3
729 5
730 4
731 5
732 4
733 4
734 3
735 5
736 7
737 3
738 6
739 4
740 6
741 4
742 3
743 6
744 6
745 4
746 5
747 3
748 3
749 1
750 2
751 4
752 3
753 1
754 5
755 4
756 3
757 3
758 4
759 5
760 2
761 4
762 3
763 4
764 1
765 3
766 5
767 2
768 1
769 6
770 2
771 4
772 3
773 5
774 1
775 7
776 4
777 3
778 2
779 2
780 6
781 6
782 4
783 3
784 4
785 6
786 4
787 3
788 8
789 2
790 2
791 4
792 4
793 2
794 5
795 2
796 7
797 4
798 1
799 6
800 3
801 2
802 8
803 6
804 2
805 3
806 5
807 3
808 5
809 6
810 3
811 2
812 8
813 5
814 4
815 5
816 4
817 3
818 4
819 2
820 2
821 3
822 5
823 1
824 4
825 4
826 2
827 4
828 6
829 3
830 5
831 4
832 4
833 4
834 5
835 8
836 3
837 2
838 4
839 2
840 2
841 6
842 8
843 3
844 1
845 4
846 2
847 2
848 3
849 6
850 3
851 2
852 2
853 2
854 3
855 3
856 4
857 4
858 3
859 5
860 9
861 6
862 6
863 2
864 5
866 2
867 1
868 4
869 7
870 3
871 1
872 2
874 2
875 6
876 5
877 2
878 3
879 4
880 5
881 4
882 1
883 3
884 5
885 4
886 3
887 6
888 5
889 4
890 2
891 2
892 6
893 3
894 9
895 4
896 3
897 3
898 2
899 4
900 2
901 5
902 6
903 1
904 5
905 6
906 3
907 6
908 3
909 10
910 2
911 3
912 3
913 6
914 1
915 4
916 3
917 5
918 4
919 1
920 4
921 8
922 4
923 2
924 2
925 6
926 5
927 6
929 1
930 3
931 1
932 3
933 1
934 5
935 2
936 5
937 4
938 2
939 3
940 7
941 5
942 4
943 3
944 4
945 3
946 1
947 6
948 3
949 1
950 4
951 2
952 5
953 4
955 4
956 2
957 6
958 6
959 3
960 4
961 5
962 4
963 3
965 2
966 4
967 5
968 7
969 5
970 4
971 3
972 1
973 2
974 2
975 4
976 3
977 4
978 2
979 3
980 3
981 2
982 6
983 2
984 3
985 5
986 4
987 3
988 3
989 4
990 7
991 2
992 2
993 3
994 5
995 4
996 4
997 6
998 1
999 5
1000 5
1001 4
1002 3
1003 2
1004 3
1005 3
1006 6
1007 3
1008 4
1009 1
1010 5
1011 3
1012 3
1013 6
1014 1
1015 2
1016 8
1017 3
1018 5
1019 6
1020 6
1021 4
1022 4
1023 7
1024 1
1025 3
1026 1
1027 4
1028 7
1029 2
1031 2
1032 3
1033 6
1035 2
1036 5
1037 1
1038 2
1039 3
1040 5
1041 3
1042 1
1043 5
1044 6
1045 2
1046 2
1047 7
1048 3
1049 1
1050 2
1051 3
1052 6
1053 5
1054 5
1055 7
1056 4
1057 3
1058 4
1059 3
1060 3
1061 4
1062 2
1063 3
1064 2
1065 1
1066 3
1067 2
1068 1
1069 4
1070 6
1071 4
1072 4
1073 3
1074 5
1075 5
1076 2
1077 3
1078 2
1079 3
1080 9
1081 2
1082 3
1083 2
1084 1
1085 4
1086 1
1087 4
1089 1
1090 3
1091 1
1092 1
1093 3
1094 2
1095 4
1096 4
1097 5
1098 2
1099 4
1100 2
1101 5
1102 6
1103 2
1104 2
1105 2
1106 4
1107 6
1108 5
1109 2
1110 3
1111 4
1112 5
1113 6
1114 6
1115 2
1116 3
1117 4
1118 2
1119 4
1120 5
1121 5
1122 4
1123 7
1124 3
1125 3
1126 3
1127 3
1128 1
1129 6
1130 5
1131 7
1132 8
1133 3
1134 1
1135 2
1136 7
1137 3
1138 6
1139 3
1140 5
1141 4
1142 3
1143 1
1145 3
1146 1
1147 1
1148 4
1149 2
1150 6
1151 1
1152 4
1153 6
1154 2
1155 1
1156 5
1157 8
1158 6
1159 4
1160 4
1161 3
1162 2
1163 3
1164 3
1165 3
1166 5
1167 6
1168 6
1169 6
1170 3
1171 5
1172 4
1173 1
1174 3
1175 3
1176 5
1177 2
1178 3
1179 1
1180 3
1181 2
1182 9
1183 3
1184 4
1185 2
1186 2
1187 3
1189 2
1190 7
1191 4
1192 2
1193 3
1194 5
1195 3
1196 3
1197 7
1198 3
1199 7
1200 4
1201 1
1202 4
1203 4
1204 1
1205 6
1206 6
1207 4
1208 2
1210 1
1211 4
1212 1
1213 4
1214 3
1215 3
1216 4
1217 2
1218 2
1219 6
1220 4
1221 7
1222 2
1223 6
1224 3
1225 6
1226 4
1227 2
1228 5
1229 5
1230 5
1232 5
1233 5
1234 9
1235 1
1236 2
1237 2
1238 3
1239 3
1240 5
1241 5
1242 6
1243 2
1244 3
1245 2
1246 3
1247 4
1248 5
1249 4
1250 6
1251 4
1252 9
1253 5
1254 4
1255 7
1256 3
1257 3
1258 3
1259 6
1260 5
1261 3
1262 8
1263 4
1264 1
1265 3
1266 5
1267 7
1268 4
1269 3
1270 3
1271 3
1272 4
1273 5
1274 2
1275 2
1277 4
1278 10
1279 2
1280 11
1281 5
1282 6
1283 2
1284 7
1285 2
1286 2
1287 7
1288 3
1289 6
1290 7
1291 5
1292 2
1293 4
1294 5
1295 6
1296 4
1297 3
1298 5
1299 2
1300 4
1301 3
1302 7
1303 2
1304 5
1305 7
1306 8
1307 2
1308 5
1309 2
1310 4
1311 7
1312 4
1313 5
1314 6
1315 4
1316 1
1317 3
1318 2
1319 4
1320 6
1321 2
1322 4
1323 6
1324 5
1325 2
1326 1
1327 4
1328 3
1329 3
1330 2
1331 1
1332 3
1333 2
1334 7
1335 4
1336 3
1337 3
1338 2
1339 6
1340 6
1341 3
1342 2
1343 4
1344 4
1345 6
1346 5
1347 4
1348 4
1349 2
1350 3
1351 5
1352 4
1353 2
1354 6
1355 5
1356 2
1357 3
1358 4
1359 4
1360 2
1361 2
1362 6
1363 4
1364 4
1365 4
1366 5
1367 3
1368 2
1369 7
1370 2
1371 7
1372 3
1373 5
1374 2
1375 4
1377 5
1378 9
1379 3
1380 2
1381 1
1382 6
1383 3
1384 1
1385 6
1386 4
1387 1
1388 3
1389 6
1390 4
1391 3
1392 2
1393 6
1394 4
1395 4
1396 2
1397 4
1398 3
1399 6
1400 5
1401 1
1402 3
1403 3
1404 1
1405 2
1406 3
1407 2
1408 2
1409 6
1411 2
1412 3
1413 3
1414 5
1415 1
1416 4
1417 4
1418 4
1419 8
1420 2
1421 2
1422 1
1423 5
1424 4
1425 6
1426 7
1427 8
1428 4
1429 6
1430 1
1431 4
1432 3
1433 2
1434 3
1435 8
1436 2
1437 1
1438 2
1439 3
1440 1
1441 4
1442 3
1443 7
1444 1
1445 4
1446 3
1447 2
1448 1
1449 2
1450 1
1451 5
1452 3
1454 2
1455 2
1456 2
1457 1
1458 3
1459 4
1460 2
1461 2
1462 1
1463 2
1464 2
1465 4
1466 4
1467 4
1468 1
1470 3
1471 5
1473 2
1474 1
1475 2
1476 4
1477 4
1478 2
1480 3
1481 2
1482 1
1483 3
1484 2
1485 3
1486 3
1487 2
1488 2
1489 1
1490 4
1492 2
1493 1
1494 2
1495 3
1496 2
1497 1
1499 2
1500 5
1501 1
1503 4
1504 1
1505 1
1506 5
1507 1
1508 2
1509 4
1510 2
1511 4
1512 5
1513 2
1514 2
1515 2
1516 4
1519 1
1520 2
1521 2
1524 1
1525 3
1526 3
1528 1
1529 2
1530 2
1532 2
1533 2
1534 5
1535 3
1536 2
1537 1
1538 3
1539 1
1540 2
1541 5
1543 5
1544 2
1545 2
1547 5
1548 2
1549 7
1550 2
1551 2
1554 2
1558 1
1559 1
1560 1
1562 3
1564 2
1566 1
1567 2
1568 1
1570 2
1571 1
1572 1
1573 2
1575 2
1578 1
1581 1
1585 2
1586 2
1587 1
1588 1
1589 2
1592 1
1596 1
1597 2
1598 2
1599 2
1600 1
1601 1
1604 1
1605 2
1606 2
1607 2
1609 2
1610 1
1611 2
1612 1
1613 3
1616 1
1621 1
1622 1
1623 1
1625 1
1626 1
1632 1
1647 1
1649 1
1657 1
1658 1
1676 1
1678 1
1687 1
