N J h mean_R_sq err_mean_R_sq mean_R_gyr_sq err_mean_R_gyr_sq 
2916 1.433 0 3108.32 887.538 842.729 140.373
1000 1
1002 1
1003 2
1004 1
1005 2
1006 3
1010 1
1011 1
1012 1
1013 1
1014 1
1017 1
1018 2
1019 2
1020 2
1021 1
1022 1
1023 3
1024 1
1025 1
1026 1
1027 2
1028 2
1029 2
1030 3
1031 2
1032 2
1033 3
1034 3
1035 2
1036 1
1037 1
1038 2
1039 3
1040 1
1041 3
1042 1
1043 1
1044 2
1045 2
1047 1
1048 1
1049 2
1050 1
1051 3
1052 2
1053 1
1054 3
1055 1
1057 4
1058 3
1059 1
1061 2
1062 3
1063 2
1064 2
1065 2
1066 3
1067 2
1069 1
1070 1
1071 3
1072 1
1073 2
1074 1
1075 2
1076 2
1077 4
1078 1
1079 1
1084 3
1085 3
1086 1
1087 3
1089 1
1090 4
1091 1
1092 2
1094 3
1095 1
1096 2
1097 1
1098 2
1101 2
1102 2
1103 2
1104 2
1106 2
1107 4
1108 2
1109 1
1110 4
1111 4
1112 2
1113 1
1114 1
1115 1
1116 1
1117 4
1119 1
1121 1
1122 1
1123 3
1124 1
1125 3
1126 3
1128 2
1129 1
1132 6
1133 1
1134 3
1135 3
1136 4
1137 2
1138 1
1139 1
1142 3
1144 2
1145 3
1148 2
1149 2
1150 3
1151 2
1152 5
1155 3
1156 4
1157 1
1159 1
1160 3
1161 2
1162 2
1163 2
1164 2
1165 2
1166 1
1168 3
1169 1
1170 2
1171 2
1172 2
1173 1
1174 2
1176 1
1177 3
1178 2
1179 1
1180 1
1181 2
1183 3
1184 4
1185 2
1186 2
1189 2
1190 1
1191 3
1192 2
1193 1
1194 2
1195 3
1196 3
1197 1
1198 2
1200 2
1201 1
1202 1
1203 1
1204 2
1207 2
1208 1
1209 2
1212 2
1216 2
1217 1
1220 3
1223 1
1225 2
1226 2
1228 2
1229 1
1230 1
1231 2
1236 2
1237 1
1238 1
1239 1
1240 1
1241 1
1244 1
1248 2
1249 1
1250 1
1251 1
1253 1
1255 2
1257 1
1259 1
1260 1
1261 1
1262 1
1267 1
1271 2
1273 4
1275 1
1278 1
1279 1
1284 2
1287 1
1306 1
1312 1
1315 1
1316 1
1317 1
1325 1
1331 1
1334 1
1350 1
1361 1
