N J h mean_R_sq err_mean_R_sq mean_R_gyr_sq err_mean_R_gyr_sq 
2500 1.421 0 2995.85 626.969 774.847 83.5137
1000 9
1001 5
1002 3
1003 10
1004 5
1005 10
1006 6
1007 8
1008 7
1009 5
1010 11
1011 9
1012 8
1013 8
1014 11
1015 5
1016 10
1017 10
1018 11
1019 9
1020 7
1021 4
1022 5
1023 8
1024 6
1025 10
1026 11
1027 12
1028 10
1029 7
1030 9
1031 8
1032 6
1033 9
1034 8
1035 5
1036 5
1037 5
1038 6
1039 8
1040 8
1041 4
1042 6
1043 8
1044 10
1045 4
1046 6
1047 11
1048 6
1049 6
1050 8
1051 6
1052 7
1053 13
1054 9
1055 3
1056 6
1057 5
1058 8
1059 5
1060 9
1061 4
1062 10
1063 8
1064 6
1065 5
1066 10
1067 4
1068 7
1069 8
1070 9
1071 10
1072 7
1073 3
1074 4
1075 7
1076 3
1077 9
1078 8
1079 4
1080 9
1081 7
1082 4
1083 5
1084 9
1085 3
1086 4
1087 2
1088 4
1089 4
1090 7
1091 6
1092 10
1093 9
1094 6
1095 9
1096 6
1097 6
1098 7
1099 6
1100 5
1101 5
1102 7
1103 3
1104 2
1105 6
1106 7
1107 5
1108 5
1109 6
1110 8
1111 4
1112 7
1113 3
1114 8
1115 7
1116 4
1117 6
1118 4
1119 4
1120 6
1121 3
1122 5
1123 1
1124 4
1125 4
1126 4
1127 3
1128 3
1129 6
1130 4
1131 2
1132 2
1133 6
1134 2
1135 7
1136 5
1137 4
1138 3
1139 4
1140 8
1141 9
1142 5
1143 7
1144 4
1145 5
1146 1
1147 1
1148 1
1149 1
1150 2
1151 5
1152 4
1153 3
1154 5
1155 2
1156 2
1157 2
1158 4
1159 5
1160 4
1161 4
1162 2
1163 1
1164 6
1165 4
1166 1
1167 7
1168 3
1170 3
1171 3
1172 1
1173 1
1174 1
1175 3
1176 7
1177 7
1178 1
1180 4
1181 1
1182 1
1183 6
1184 1
1185 6
1186 1
1187 3
1188 2
1190 2
1191 3
1192 1
1194 5
1195 2
1196 5
1197 1
1198 2
1199 3
1201 2
1202 1
1203 3
1204 1
1205 4
1206 1
1207 3
1208 2
1210 3
1211 2
1212 1
1213 5
1214 1
1215 3
1218 2
1219 2
1220 4
1221 2
1222 3
1223 1
1224 1
1225 3
1226 2
1228 3
1229 3
1230 1
1232 1
1233 1
1234 1
1238 3
1239 2
1240 1
1242 2
1243 1
1244 1
1246 2
1247 1
1251 1
1252 4
1253 1
1255 3
1256 1
1257 2
1260 2
1263 1
1264 1
1265 2
1266 3
1267 1
1271 3
1273 2
1278 1
1281 1
1282 1
1283 1
1286 2
1287 2
1295 1
1298 1
1300 2
1302 2
1304 1
1305 2
1306 1
1314 1
1325 1
1327 1
1348 1
1359 1
