N J h mean_R_sq err_mean_R_sq mean_R_gyr_sq err_mean_R_gyr_sq 
2500 1.32 0 20948.1 196.998 3204.29 20.3921
1000 1506
1001 1245
1002 1098
1003 1086
1004 933
1005 851
1006 847
1007 680
1008 592
1009 598
1010 500
1011 472
1012 438
1013 405
1014 342
1015 340
1016 290
1017 273
1018 245
1019 209
1020 181
1021 195
1022 170
1023 134
1024 149
1025 117
1026 110
1027 108
1028 86
1029 73
1030 58
1031 77
1032 52
1033 50
1034 35
1035 48
1036 34
1037 36
1038 30
1039 41
1040 30
1041 30
1042 18
1043 16
1044 18
1045 15
1046 19
1047 8
1048 19
1049 3
1050 8
1051 8
1052 8
1053 8
1054 7
1055 8
1056 2
1057 3
1058 1
1059 5
1060 2
1061 3
1062 5
1063 3
1065 3
1066 1
1067 2
1069 1
1071 2
1072 1
1073 1
1074 3
1075 1
1087 1
1099 1
1105 1
