N J h mean_R_sq err_mean_R_sq mean_R_gyr_sq err_mean_R_gyr_sq 
2916 1.34 0 18905.2 331.683 3039.2 37.6672
649 1
672 1
697 1
734 2
736 1
744 1
746 1
748 1
749 1
757 2
762 1
763 2
764 1
766 1
768 1
771 1
772 2
774 3
777 1
779 1
781 1
783 1
784 1
785 1
787 2
788 1
789 1
790 2
791 1
792 3
793 2
794 2
795 2
796 4
797 2
798 3
799 5
801 4
802 3
803 2
804 3
805 4
806 3
807 5
809 4
810 6
811 8
812 3
813 4
814 2
815 3
817 5
818 2
819 2
820 7
821 3
822 4
823 9
824 2
825 7
826 3
827 10
828 9
829 3
830 5
831 10
832 8
833 8
834 9
835 5
836 13
837 8
838 6
839 11
840 6
841 9
842 7
843 8
844 5
845 9
846 7
847 10
848 4
849 16
850 12
851 9
852 12
853 5
854 13
855 9
856 8
857 10
858 7
859 19
860 14
861 14
862 15
863 13
864 20
865 4
866 17
867 24
868 11
869 14
870 14
871 20
872 14
873 17
874 21
875 18
876 20
877 16
878 19
879 23
880 17
881 27
882 24
883 25
884 21
885 24
886 26
887 22
888 15
889 24
890 29
891 25
892 34
893 32
894 31
895 30
896 26
897 30
898 41
899 32
900 22
901 38
902 30
903 32
904 23
905 33
906 34
907 29
908 34
909 35
910 34
911 37
912 39
913 42
914 51
915 46
916 27
917 31
918 47
919 48
920 40
921 42
922 27
923 39
924 48
925 46
926 40
927 45
928 39
929 36
930 55
931 56
932 58
933 49
934 46
935 45
936 54
937 49
938 63
939 51
940 53
941 48
942 58
943 56
944 55
945 53
946 53
947 47
948 50
949 69
950 50
951 58
952 55
953 71
954 67
955 62
956 56
957 57
958 54
959 53
960 76
961 64
962 60
963 55
964 68
965 62
966 80
967 67
968 60
969 46
970 68
971 75
972 56
973 78
974 61
975 60
976 54
977 58
978 78
979 69
980 73
981 64
982 61
983 72
984 65
985 66
986 66
987 67
988 74
989 62
990 72
991 66
992 61
993 76
994 88
995 83
996 74
997 62
998 62
999 82
1000 86
1001 84
1002 72
1003 59
1004 86
1005 74
1006 73
1007 65
1008 60
1009 81
1010 86
1011 66
1012 63
1013 56
1014 85
1015 72
1016 64
1017 71
1018 73
1019 64
1020 63
1021 61
1022 75
1023 56
1024 67
1025 71
1026 69
1027 59
1028 78
1029 73
1030 69
1031 57
1032 72
1033 72
1034 49
1035 72
1036 61
1037 61
1038 70
1039 58
1040 59
1041 63
1042 60
1043 59
1044 57
1045 77
1046 56
1047 62
1048 64
1049 47
1050 56
1051 73
1052 58
1053 72
1054 44
1055 55
1056 55
1057 63
1058 54
1059 60
1060 65
1061 53
1062 56
1063 53
1064 56
1065 47
1066 48
1067 58
1068 37
1069 53
1070 35
1071 40
1072 50
1073 43
1074 44
1075 49
1076 44
1077 52
1078 34
1079 41
1080 45
1081 40
1082 36
1083 26
1084 41
1085 41
1086 37
1087 33
1088 43
1089 37
1090 37
1091 32
1092 32
1093 33
1094 45
1095 27
1096 43
1097 33
1098 32
1099 35
1100 29
1101 21
1102 33
1103 34
1104 22
1105 18
1106 29
1107 24
1108 28
1109 29
1110 26
1111 26
1112 28
1113 30
1114 17
1115 31
1116 21
1117 27
1118 22
1119 21
1120 22
1121 18
1122 25
1123 17
1124 21
1125 21
1126 25
1127 25
1128 13
1129 17
1130 23
1131 11
1132 16
1133 12
1134 20
1135 8
1136 15
1137 14
1138 21
1139 8
1140 18
1141 11
1142 16
1143 6
1144 8
1145 12
1146 11
1147 10
1148 12
1149 8
1150 10
1151 10
1152 6
1153 7
1154 7
1155 16
1156 9
1157 11
1158 9
1159 8
1160 9
1161 8
1162 7
1163 11
1164 3
1165 6
1166 3
1167 9
1168 11
1169 5
1170 9
1171 2
1172 3
1173 7
1174 9
1175 3
1176 3
1177 4
1178 7
1179 1
1180 4
1181 3
1182 1
1183 2
1184 3
1185 2
1186 4
1187 1
1188 4
1189 3
1190 2
1191 3
1192 4
1193 2
1194 3
1196 4
1197 2
1198 1
1199 6
1202 1
1203 2
1204 3
1205 3
1206 1
1209 1
1210 1
1211 2
1212 2
1213 3
1214 1
1217 1
1218 1
1219 2
1220 3
1222 1
1224 2
1227 1
1228 1
1229 1
1230 3
1232 1
1236 1
1237 1
1238 1
1240 1
1241 1
1242 1
1244 1
1258 1
1259 1
1262 1
1272 1
1273 2
1282 1
1300 1
