N J h mean_R_sq err_mean_R_sq mean_R_gyr_sq err_mean_R_gyr_sq 
2916 1.372 0 8896.09 279.69 1674.68 29.3478
625 1
626 1
635 1
637 1
648 1
655 1
663 1
666 1
676 1
685 1
690 2
691 1
696 1
702 1
707 1
709 2
710 1
711 1
713 2
714 1
715 1
716 1
721 1
723 1
729 1
732 1
734 1
735 1
736 1
738 1
742 2
743 7
744 1
745 2
746 1
747 1
748 3
749 1
750 1
751 2
752 1
753 3
754 1
757 2
758 2
759 4
761 4
762 1
763 4
764 2
765 3
766 1
767 1
768 2
769 6
770 2
771 3
772 4
773 6
774 4
775 1
777 2
778 4
779 1
780 3
781 6
782 5
783 1
784 2
785 2
786 5
787 1
788 4
790 3
791 4
792 3
793 3
794 3
795 4
796 3
797 5
798 1
799 3
800 4
801 4
802 5
803 10
804 4
805 3
806 5
807 8
808 5
809 2
810 7
811 6
812 4
813 4
814 3
815 5
816 9
817 4
818 1
819 6
820 5
821 3
822 5
823 3
824 5
825 3
826 8
827 9
828 6
829 6
830 4
831 5
832 4
833 4
834 7
835 7
836 9
837 7
838 7
839 8
840 8
841 8
842 8
843 6
844 11
845 9
846 13
847 10
848 6
849 4
850 10
851 7
852 7
853 10
854 6
855 8
856 11
857 7
858 9
859 12
860 7
861 13
862 10
863 6
864 10
865 11
866 9
867 8
868 12
869 13
870 14
871 6
872 8
873 6
874 11
875 5
876 11
877 8
878 8
879 17
880 11
881 17
882 14
883 8
884 10
885 19
886 11
887 12
888 13
889 12
890 15
891 7
892 12
893 16
894 11
895 12
896 10
897 12
898 11
899 13
900 9
901 14
902 15
903 10
904 9
905 19
906 16
907 22
908 12
909 17
910 13
911 19
912 20
913 16
914 21
915 14
916 7
917 17
918 17
919 10
920 24
921 13
922 16
923 22
924 9
925 12
926 22
927 17
928 17
929 13
930 15
931 16
932 11
933 16
934 16
935 15
936 15
937 20
938 13
939 14
940 18
941 20
942 22
943 27
944 18
945 14
946 16
947 9
948 22
949 8
950 19
951 14
952 19
953 13
954 14
955 21
956 17
957 23
958 11
959 20
960 23
961 10
962 18
963 19
964 29
965 27
966 17
967 20
968 16
969 17
970 21
971 14
972 22
973 21
974 24
975 23
976 25
977 23
978 23
979 22
980 16
981 18
982 14
983 23
984 17
985 21
986 20
987 32
988 17
989 19
990 25
991 18
992 15
993 27
994 17
995 19
996 24
997 22
998 15
999 20
1000 27
1001 26
1002 23
1003 26
1004 26
1005 25
1006 15
1007 21
1008 24
1009 23
1010 19
1011 9
1012 17
1013 18
1014 12
1015 14
1016 16
1017 15
1018 29
1019 22
1020 18
1021 15
1022 17
1023 16
1024 18
1025 23
1026 21
1027 18
1028 21
1029 28
1030 22
1031 18
1032 18
1033 21
1034 23
1035 20
1036 14
1037 21
1038 11
1039 14
1040 15
1041 18
1042 11
1043 11
1044 19
1045 15
1046 13
1047 21
1048 11
1049 18
1050 17
1051 16
1052 35
1053 22
1054 14
1055 18
1056 17
1057 15
1058 20
1059 13
1060 10
1061 21
1062 18
1063 20
1064 14
1065 24
1066 13
1067 16
1068 18
1069 28
1070 11
1071 15
1072 18
1073 16
1074 16
1075 23
1076 13
1077 19
1078 16
1079 14
1080 24
1081 16
1082 16
1083 11
1084 10
1085 13
1086 12
1087 16
1088 12
1089 17
1090 20
1091 18
1092 13
1093 10
1094 17
1095 21
1096 18
1097 14
1098 17
1099 16
1100 12
1101 13
1102 14
1103 20
1104 14
1105 12
1106 9
1107 15
1108 17
1109 13
1110 14
1111 13
1112 7
1113 14
1114 9
1115 15
1116 13
1117 14
1118 14
1119 11
1120 9
1121 13
1122 16
1123 10
1124 11
1125 9
1126 9
1127 9
1128 9
1129 11
1130 11
1131 10
1132 6
1133 9
1134 8
1135 8
1136 10
1137 11
1138 14
1139 15
1140 18
1141 7
1142 7
1143 9
1144 4
1145 10
1146 6
1147 9
1148 5
1149 10
1150 5
1151 4
1152 8
1153 5
1154 6
1155 2
1156 9
1157 12
1158 14
1159 6
1160 8
1161 6
1162 4
1163 8
1164 6
1165 4
1166 8
1167 11
1168 5
1169 2
1170 6
1171 5
1172 4
1173 8
1174 4
1175 7
1176 9
1177 5
1178 9
1179 5
1180 5
1181 9
1182 3
1183 6
1184 9
1185 6
1186 11
1187 4
1188 3
1189 4
1190 7
1191 6
1192 6
1193 6
1194 3
1195 2
1196 6
1197 3
1198 6
1199 3
1200 11
1201 6
1202 2
1203 4
1204 6
1205 3
1206 3
1207 1
1209 2
1210 5
1211 2
1212 2
1213 5
1214 3
1215 5
1216 3
1217 4
1218 1
1219 7
1220 3
1221 1
1222 1
1223 3
1224 3
1225 2
1226 3
1227 2
1228 4
1229 3
1230 2
1231 2
1232 3
1233 1
1234 2
1235 1
1236 3
1237 1
1238 2
1239 3
1240 2
1241 1
1242 1
1243 2
1244 1
1246 1
1247 3
1248 4
1249 2
1250 1
1252 2
1253 1
1254 2
1255 1
1256 3
1258 2
1263 1
1264 2
1267 1
1268 1
1270 1
1273 2
1275 1
1279 2
1283 2
1286 2
1287 3
1288 1
1289 1
1291 1
1292 1
1294 2
1298 2
1302 1
1303 1
1310 2
1312 1
1316 1
1322 1
1324 1
1326 1
1328 1
1332 1
1343 1
1359 1
1365 1
1374 1
