N J h mean_R_sq err_mean_R_sq mean_R_gyr_sq err_mean_R_gyr_sq 
1225 1.409 0 1827.65 32.635 419.019 3.02303
3069 1
3086 1
3090 1
3091 1
3097 1
3103 2
3114 1
3115 1
3116 1
3117 1
3118 1
3119 1
3121 1
3122 3
3123 3
3124 1
3125 3
3127 4
3128 1
3130 1
3131 3
3132 2
3133 4
3134 2
3135 3
3136 1
3137 2
3138 4
3139 3
3140 3
3141 3
3142 6
3143 1
3144 5
3145 1
3146 3
3147 8
3148 3
3149 4
3150 6
3151 5
3152 7
3153 5
3154 6
3155 5
3156 15
3157 1
3158 6
3159 9
3160 8
3161 4
3162 4
3163 8
3164 13
3165 8
3166 6
3167 10
3168 10
3169 13
3170 10
3171 11
3172 4
3173 12
3174 12
3175 8
3176 12
3177 22
3178 12
3179 9
3180 15
3181 18
3182 17
3183 20
3184 11
3185 10
3186 19
3187 18
3188 15
3189 18
3190 18
3191 20
3192 12
3193 21
3194 18
3195 15
3196 28
3197 19
3198 26
3199 27
3200 14
3201 20
3202 22
3203 20
3204 31
3205 31
3206 24
3207 21
3208 37
3209 26
3210 24
3211 34
3212 23
3213 25
3214 17
3215 28
3216 27
3217 32
3218 28
3219 36
3220 25
3221 32
3222 28
3223 34
3224 32
3225 28
3226 30
3227 22
3228 37
3229 37
3230 28
3231 33
3232 30
3233 27
3234 30
3235 40
3236 37
3237 30
3238 31
3239 36
3240 37
3241 41
3242 31
3243 29
3244 34
3245 33
3246 33
3247 20
3248 37
3249 29
3250 34
3251 23
3252 28
3253 31
3254 28
3255 40
3256 30
3257 33
3258 23
3259 29
3260 16
3261 26
3262 28
3263 23
3264 21
3265 39
3266 37
3267 17
3268 28
3269 34
3270 31
3271 27
3272 22
3273 25
3274 29
3275 22
3276 31
3277 30
3278 15
3279 28
3280 20
3281 22
3282 25
3283 24
3284 27
3285 21
3286 25
3287 20
3288 22
3289 16
3290 19
3291 23
3292 20
3293 12
3294 13
3295 12
3296 16
3297 15
3298 20
3299 16
3300 15
3301 14
3302 16
3303 9
3304 19
3305 9
3306 9
3307 20
3308 10
3309 7
3310 17
3311 6
3312 4
3313 6
3314 9
3315 9
3316 9
3317 3
3318 3
3319 3
3320 7
3321 4
3322 3
3323 5
3324 4
3325 5
3326 3
3327 5
3328 2
3329 5
3330 4
3331 1
3332 1
3333 1
3334 3
3335 3
3336 4
3337 2
3338 2
3339 1
3341 1
3342 4
3343 3
3344 1
3345 2
3346 3
3347 1
3348 1
3349 2
3350 1
3351 1
3352 1
3353 1
3355 1
3360 1
3362 2
3363 1
3364 1
3365 1
3367 2
3373 1
3375 1
