N J h mean_R_sq err_mean_R_sq mean_R_gyr_sq err_mean_R_gyr_sq 
4900 1.372 0 15475.8 1270.03 2920.21 154.491
1000 718
1001 696
1002 635
1003 572
1004 577
1005 520
1006 498
1007 418
1008 389
1009 390
1010 404
1011 372
1012 344
1013 337
1014 290
1015 291
1016 272
1017 224
1018 256
1019 236
1020 238
1021 196
1022 175
1023 182
1024 170
1025 169
1026 155
1027 129
1028 116
1029 131
1030 116
1031 102
1032 104
1033 96
1034 74
1035 94
1036 84
1037 81
1038 93
1039 70
1040 50
1041 61
1042 49
1043 48
1044 48
1045 41
1046 51
1047 44
1048 29
1049 45
1050 38
1051 31
1052 26
1053 27
1054 33
1055 20
1056 19
1057 19
1058 22
1059 18
1060 17
1061 9
1062 20
1063 14
1064 17
1065 14
1066 8
1067 9
1068 11
1069 12
1070 6
1071 4
1072 3
1073 7
1074 10
1075 10
1076 4
1077 4
1078 3
1079 6
1080 8
1081 6
1082 3
1083 6
1084 6
1085 2
1086 2
1087 1
1088 2
1089 2
1090 3
1091 3
1092 1
1094 1
1095 2
1096 1
1097 2
1098 4
1100 2
1101 1
1102 2
1104 2
1109 1
1110 1
1111 4
1112 1
1117 2
1118 1
1119 1
1137 2
1145 1
1147 1
1150 1
