N J h mean_R_sq err_mean_R_sq mean_R_gyr_sq err_mean_R_gyr_sq 
900 1.445 0 932.57 15.6856 244.618 1.10297
3136 1
3138 1
3141 1
3147 1
3148 1
3153 1
3155 1
3159 1
3162 1
3167 1
3170 2
3171 1
3175 1
3177 1
3178 5
3179 1
3180 3
3181 1
3182 1
3183 1
3184 2
3185 1
3186 1
3187 3
3188 2
3189 2
3190 2
3191 3
3192 6
3193 1
3194 2
3195 4
3196 3
3197 5
3198 5
3199 1
3200 2
3201 5
3202 1
3203 4
3204 4
3205 6
3206 5
3207 4
3208 3
3209 6
3210 3
3211 2
3212 4
3213 12
3214 6
3215 6
3216 6
3217 6
3218 11
3219 8
3220 7
3221 5
3222 10
3223 10
3224 5
3225 11
3226 14
3227 12
3228 14
3229 11
3230 12
3231 16
3232 9
3233 9
3234 9
3235 11
3236 15
3237 17
3238 17
3239 7
3240 13
3241 14
3242 12
3243 13
3244 15
3245 22
3246 16
3247 14
3248 20
3249 16
3250 13
3251 24
3252 21
3253 13
3254 23
3255 21
3256 40
3257 23
3258 25
3259 26
3260 19
3261 17
3262 25
3263 17
3264 28
3265 24
3266 21
3267 23
3268 30
3269 28
3270 23
3271 23
3272 35
3273 26
3274 34
3275 20
3276 32
3277 38
3278 26
3279 32
3280 42
3281 29
3282 45
3283 30
3284 35
3285 33
3286 38
3287 25
3288 29
3289 42
3290 28
3291 24
3292 35
3293 33
3294 34
3295 30
3296 36
3297 42
3298 37
3299 30
3300 27
3301 29
3302 29
3303 39
3304 30
3305 51
3306 32
3307 34
3308 35
3309 34
3310 34
3311 23
3312 31
3313 41
3314 29
3315 28
3316 24
3317 32
3318 41
3319 25
3320 29
3321 33
3322 28
3323 23
3324 34
3325 22
3326 23
3327 26
3328 27
3329 29
3330 26
3331 22
3332 28
3333 24
3334 21
3335 26
3336 16
3337 27
3338 30
3339 21
3340 22
3341 27
3342 14
3343 20
3344 22
3345 18
3346 11
3347 20
3348 16
3349 15
3350 19
3351 15
3352 22
3353 10
3354 14
3355 12
3356 14
3357 11
3358 13
3359 10
3360 10
3361 12
3362 11
3363 11
3364 9
3365 11
3366 6
3367 7
3368 8
3369 7
3370 6
3371 9
3372 5
3373 7
3374 5
3375 11
3376 4
3377 9
3378 8
3379 4
3380 8
3381 3
3382 3
3383 4
3384 3
3385 3
3386 9
3387 1
3388 2
3389 5
3390 4
3392 6
3393 4
3394 1
3396 1
3397 1
3398 3
3399 3
3402 2
3405 1
3407 2
3408 1
3410 1
3416 1
3419 1
3431 1
