N J h mean_R_sq err_mean_R_sq mean_R_gyr_sq err_mean_R_gyr_sq 
900 1.409 0 1396.46 21.7189 318.21 2.14234
1000 25
1001 26
1002 28
1003 35
1004 31
1005 26
1006 28
1007 23
1008 30
1009 30
1010 25
1011 23
1012 26
1013 25
1014 25
1015 23
1016 22
1017 32
1018 23
1019 17
1020 34
1021 26
1022 20
1023 19
1024 23
1025 20
1026 21
1027 23
1028 18
1029 22
1030 25
1031 20
1032 23
1033 30
1034 19
1035 28
1036 28
1037 16
1038 16
1039 21
1040 16
1041 30
1042 24
1043 21
1044 26
1045 22
1046 29
1047 17
1048 17
1049 18
1050 22
1051 29
1052 19
1053 13
1054 18
1055 23
1056 25
1057 16
1058 26
1059 20
1060 22
1061 14
1062 20
1063 19
1064 14
1065 22
1066 27
1067 19
1068 21
1069 18
1070 17
1071 17
1072 12
1073 19
1074 13
1075 17
1076 25
1077 16
1078 12
1079 10
1080 23
1081 17
1082 15
1083 15
1084 14
1085 16
1086 19
1087 14
1088 13
1089 16
1090 11
1091 18
1092 12
1093 16
1094 13
1095 14
1096 14
1097 24
1098 15
1099 14
1100 18
1101 17
1102 20
1103 15
1104 25
1105 20
1106 20
1107 17
1108 7
1109 11
1110 12
1111 6
1112 21
1113 16
1114 15
1115 11
1116 23
1117 13
1118 17
1119 10
1120 9
1121 11
1122 13
1123 21
1124 13
1125 8
1126 16
1127 10
1128 17
1129 13
1130 13
1131 11
1132 21
1133 13
1134 9
1135 9
1136 11
1137 19
1138 14
1139 12
1140 13
1141 15
1142 9
1143 6
1144 15
1145 9
1146 13
1147 13
1148 10
1149 13
1150 8
1151 7
1152 7
1153 11
1154 16
1155 7
1156 6
1157 9
1158 11
1159 10
1160 8
1161 6
1162 12
1163 11
1164 8
1165 15
1166 11
1167 11
1168 8
1169 8
1170 10
1171 11
1172 8
1173 5
1174 8
1175 10
1176 9
1177 13
1178 7
1179 6
1180 7
1181 5
1182 9
1183 12
1184 11
1185 7
1186 10
1187 5
1188 6
1189 7
1190 6
1191 9
1192 7
1193 4
1194 5
1195 4
1196 8
1197 8
1198 6
1199 6
1200 6
1201 5
1202 4
1203 3
1204 13
1205 14
1206 13
1207 7
1208 9
1209 7
1210 4
1211 4
1212 4
1213 6
1214 11
1215 7
1216 4
1217 6
1218 5
1219 6
1220 4
1221 7
1222 6
1223 5
1224 4
1225 4
1226 7
1227 3
1228 3
1229 4
1230 11
1231 3
1232 7
1233 4
1234 4
1235 8
1236 5
1237 1
1238 5
1239 3
1240 6
1241 2
1242 4
1243 5
1244 2
1245 4
1246 2
1247 4
1248 4
1249 5
1250 4
1251 4
1253 2
1254 5
1255 5
1256 5
1257 2
1258 3
1259 3
1260 9
1261 2
1262 5
1263 4
1264 2
1265 6
1266 1
1267 2
1268 4
1269 4
1270 3
1271 1
1272 2
1273 4
1274 5
1275 5
1276 1
1277 2
1278 5
1279 4
1280 3
1281 2
1282 3
1283 2
1284 5
1285 1
1286 6
1287 1
1288 3
1289 4
1290 3
1291 2
1292 3
1293 1
1294 2
1295 4
1298 2
1300 1
1302 2
1303 4
1304 4
1306 2
1307 5
1308 1
1309 1
1312 1
1313 1
1314 1
1315 1
1316 3
1317 1
1318 3
1320 1
1321 2
1322 1
1323 1
1325 1
1328 3
1330 2
1331 1
1332 1
1333 1
1335 2
1337 1
1338 3
1339 1
1342 1
1344 3
1349 1
1350 3
1353 1
1355 1
1356 1
1358 1
1359 2
1362 1
1364 1
1368 2
1370 1
1371 1
1373 1
1375 1
1378 1
1379 1
1382 2
1386 1
1387 1
1402 1
1405 1
1410 1
1416 1
1417 1
1421 1
1427 1
1447 1
1533 1
