N J h mean_R_sq err_mean_R_sq mean_R_gyr_sq err_mean_R_gyr_sq 
2500 1.45 0 1791.36 17.1782 584.991 1.60704
357 1
362 1
365 1
373 1
381 1
382 1
383 1
384 1
385 1
386 2
387 1
390 1
391 1
392 1
394 1
396 1
402 1
405 1
407 1
408 1
409 1
410 1
414 2
415 1
419 1
420 1
421 2
422 1
423 2
425 4
426 4
427 2
428 2
429 2
430 3
431 2
434 1
435 2
436 3
437 2
438 5
439 4
440 1
441 2
442 6
443 3
444 6
445 4
446 2
447 5
448 1
450 5
451 3
452 4
453 7
454 2
455 6
456 8
457 1
458 5
459 2
460 3
461 6
463 5
464 3
465 5
466 4
467 3
468 3
469 3
470 3
471 7
472 6
473 2
474 8
475 1
476 2
477 1
478 3
479 1
480 3
481 7
482 4
483 6
484 5
485 6
486 5
487 10
488 4
489 6
490 10
491 4
492 8
493 5
494 3
495 2
496 5
497 4
498 5
499 7
500 6
501 5
502 3
503 4
504 4
505 6
506 5
507 5
508 8
509 5
510 4
511 8
512 7
513 3
514 7
515 7
516 7
517 5
518 9
519 6
520 10
521 6
522 6
523 10
524 8
525 6
526 10
527 6
528 10
529 11
530 9
531 6
532 8
533 10
535 13
536 12
537 11
538 12
539 12
540 11
541 11
542 5
543 14
544 7
545 6
546 6
547 6
548 18
549 8
550 8
551 13
552 5
553 4
554 14
555 9
556 6
557 16
558 7
559 10
560 6
561 6
562 8
563 10
564 12
565 11
566 11
567 8
568 10
569 10
570 14
571 6
572 5
573 3
574 12
575 9
576 8
577 11
578 8
579 14
580 9
581 11
582 9
583 15
584 10
585 8
586 13
587 12
588 10
589 12
590 7
591 11
592 12
593 12
594 16
595 6
596 13
597 13
598 15
599 11
600 8
601 13
602 9
603 14
604 10
605 8
606 9
607 12
608 9
609 15
610 9
611 7
612 10
613 13
614 13
615 11
616 14
617 15
618 12
619 12
620 13
621 17
622 13
623 13
624 15
625 11
626 17
627 16
628 5
629 10
630 12
631 10
632 8
633 10
634 15
635 8
636 13
637 13
638 15
639 8
640 13
641 20
642 14
643 13
644 11
645 12
646 14
647 22
648 13
649 17
650 12
651 12
652 15
653 7
654 14
655 14
656 12
657 13
658 5
659 11
660 17
661 12
662 16
663 12
664 17
665 14
666 11
667 13
668 10
669 10
670 13
671 15
672 17
673 13
674 23
675 13
676 13
677 9
678 15
679 13
680 8
681 14
682 15
683 14
684 14
685 10
686 19
687 12
688 11
689 10
690 9
691 19
692 11
693 8
694 19
695 18
696 12
697 14
698 14
699 10
700 12
701 19
702 14
703 14
704 14
705 17
706 9
707 14
708 22
709 15
710 14
711 15
712 19
713 13
714 15
715 11
716 13
717 11
718 14
719 17
720 13
721 13
722 12
723 11
724 14
725 19
726 15
727 13
728 16
729 13
730 18
731 18
732 15
733 11
734 9
735 12
736 13
737 12
738 10
739 15
740 9
741 13
742 15
743 17
744 11
745 13
746 13
747 8
748 17
749 10
750 6
751 14
752 10
753 20
754 14
755 13
756 14
757 9
758 20
759 18
760 11
761 18
762 13
763 11
764 14
765 19
766 20
767 11
768 14
769 15
770 8
771 10
772 13
773 14
774 13
775 13
776 13
777 9
778 17
779 9
780 18
781 19
782 10
783 13
784 12
785 17
786 14
787 15
788 15
789 20
790 20
791 14
792 13
793 13
794 11
795 23
796 24
797 7
798 14
799 17
800 14
801 15
802 10
803 12
804 12
805 14
806 11
807 17
808 15
809 14
810 11
811 8
812 18
813 19
814 13
815 17
816 11
817 14
818 15
819 15
820 19
821 16
822 18
823 12
824 15
825 15
826 12
827 14
828 12
829 25
830 13
831 13
832 13
833 14
834 16
835 18
836 16
837 17
838 14
839 16
840 22
841 12
842 21
843 15
844 14
845 15
846 14
847 15
848 17
849 7
850 15
851 22
852 18
853 13
854 18
855 10
856 15
857 12
858 19
859 10
860 11
861 15
862 18
863 16
864 11
865 16
866 23
867 14
868 8
869 12
870 21
871 12
872 10
873 15
874 18
875 23
876 12
877 9
878 14
879 14
880 20
881 17
882 7
883 5
884 14
885 18
886 13
887 9
888 21
889 14
890 9
891 15
892 14
893 17
894 16
895 13
896 9
897 24
898 13
899 12
900 11
901 15
902 12
903 14
904 14
905 14
906 16
907 14
908 18
909 19
910 14
911 14
912 16
913 16
914 13
915 11
916 11
917 8
918 14
919 7
920 15
921 15
922 10
923 13
924 9
925 13
926 9
927 17
928 5
929 11
930 15
931 16
932 18
933 9
934 12
935 12
936 15
937 12
938 16
939 14
940 15
941 15
942 12
943 9
944 10
945 15
946 10
947 12
948 14
949 13
950 18
951 17
952 14
953 16
954 11
955 8
956 22
957 16
958 16
959 13
960 15
961 17
962 11
963 17
964 6
965 14
966 13
967 17
968 12
969 15
970 7
971 18
972 14
973 14
974 15
975 18
976 15
977 11
978 13
979 13
980 11
981 15
982 13
983 16
984 13
985 9
986 19
987 14
988 18
989 19
990 5
991 13
992 14
993 8
994 5
995 13
996 9
997 14
998 15
999 15
1000 7
1001 8
1002 10
1003 15
1004 14
1005 11
1006 11
1007 14
1008 16
1009 8
1010 14
1011 15
1012 21
1013 15
1014 15
1015 15
1016 16
1017 14
1018 8
1019 16
1020 12
1021 12
1022 7
1023 18
1024 21
1025 12
1026 10
1027 12
1028 20
1029 12
1030 13
1031 16
1032 15
1033 14
1034 18
1035 10
1036 17
1037 17
1038 16
1039 12
1040 19
1041 15
1042 15
1043 12
1044 10
1045 10
1046 17
1047 19
1048 15
1049 11
1050 12
1051 14
1052 12
1053 14
1054 17
1055 12
1056 8
1057 11
1058 19
1059 21
1060 13
1061 12
1062 13
1063 15
1064 18
1065 13
1066 12
1067 10
1068 14
1069 11
1070 13
1071 11
1072 14
1073 15
1074 20
1075 11
1076 18
1077 12
1078 11
1079 14
1080 17
1081 17
1082 17
1083 7
1084 13
1085 20
1086 8
1087 12
1088 15
1089 9
1090 16
1091 18
1092 10
1093 16
1094 13
1095 11
1096 11
1097 15
1098 21
1099 15
1100 11
1101 15
1102 12
1103 15
1104 11
1105 9
1106 7
1107 8
1108 16
1109 15
1110 14
1111 11
1112 14
1113 18
1114 20
1115 17
1116 11
1117 5
1118 22
1119 9
1120 16
1121 16
1122 21
1123 12
1124 5
1125 19
1126 10
1127 19
1128 9
1129 14
1130 15
1131 19
1132 12
1133 11
1134 17
1135 14
1136 20
1137 15
1138 11
1139 13
1140 22
1141 22
1142 9
1143 14
1144 9
1145 12
1146 17
1147 15
1148 14
1149 10
1150 10
1151 13
1152 8
1153 16
1154 17
1155 12
1156 10
1157 21
1158 23
1159 20
1160 17
1161 10
1162 9
1163 10
1164 18
1165 10
1166 10
1167 15
1168 14
1169 12
1170 14
1171 14
1172 13
1173 12
1174 15
1175 16
1176 16
1177 16
1178 12
1179 7
1180 10
1181 15
1182 14
1183 7
1184 13
1185 14
1186 10
1187 13
1188 13
1189 17
1190 16
1191 8
1192 19
1193 11
1194 15
1195 13
1196 10
1197 24
1198 16
1199 22
1200 21
1201 7
1202 15
1203 14
1204 14
1205 14
1206 14
1207 15
1208 16
1209 21
1210 14
1211 15
1212 17
1213 11
1214 14
1215 12
1216 10
1217 17
1218 16
1219 18
1220 16
1221 9
1222 12
1223 12
1224 21
1225 14
1226 17
1227 14
1228 15
1229 15
1230 16
1231 13
1232 10
1233 12
1234 15
1235 10
1236 16
1237 24
1238 12
1239 16
1240 10
1241 15
1242 12
1243 10
1244 13
1245 11
1246 22
1247 10
1248 12
1249 15
1250 21
1251 13
1252 12
1253 13
1254 19
1255 10
1256 6
1257 19
1258 13
1259 13
1260 14
1261 16
1262 17
1263 19
1264 15
1265 14
1266 14
1267 15
1268 13
1269 4
1270 10
1271 15
1272 10
1273 8
1274 9
1275 9
1276 18
1277 11
1278 14
1279 14
1280 17
1281 11
1282 19
1283 14
1284 14
1285 8
1286 11
1287 20
1288 11
1289 11
1290 13
1291 10
1292 14
1293 20
1294 17
1295 8
1296 8
1297 17
1298 17
1299 9
1300 10
1301 17
1302 14
1303 15
1304 18
1305 7
1306 13
1307 7
1308 8
1309 12
1310 15
1311 18
1312 14
1313 12
1314 13
1315 9
1316 5
1317 18
1318 15
1319 16
1320 12
1321 14
1322 12
1323 14
1324 10
1325 9
1326 12
1327 13
1328 18
1329 13
1330 12
1331 10
1332 10
1333 20
1334 8
1335 6
1336 10
1337 17
1338 4
1339 9
1340 13
1341 11
1342 9
1343 12
1344 10
1345 13
1346 6
1347 16
1348 8
1349 12
1350 13
1351 9
1352 9
1353 15
1354 11
1355 13
1356 11
1357 7
1358 11
1359 13
1360 9
1361 11
1362 6
1363 7
1364 16
1365 10
1366 12
1367 21
1368 15
1369 9
1370 9
1371 10
1372 7
1373 7
1374 10
1375 11
1376 5
1377 8
1378 11
1379 16
1380 12
1381 9
1382 6
1383 11
1384 19
1385 15
1386 12
1387 8
1388 10
1389 10
1390 12
1391 9
1392 12
1393 11
1394 14
1395 8
1396 6
1397 13
1398 8
1399 18
1400 16
1401 10
1402 9
1403 13
1404 17
1405 7
1406 6
1407 10
1408 17
1409 11
1410 13
1411 12
1412 14
1413 11
1414 21
1415 6
1416 7
1417 14
1418 18
1419 11
1420 7
1421 11
1422 11
1423 9
1424 5
1425 11
1426 9
1427 5
1428 10
1429 8
1430 15
1431 13
1432 13
1433 9
1434 11
1435 11
1436 9
1437 11
1438 10
1439 11
1440 7
1441 8
1442 2
1443 7
1444 12
1445 12
1446 10
1447 9
1448 4
1449 8
1450 10
1451 9
1452 8
1453 10
1454 9
1455 11
1456 9
1457 8
1458 9
1459 8
1460 9
1461 9
1462 6
1463 13
1464 7
1465 7
1466 7
1467 5
1468 9
1469 9
1470 8
1471 5
1472 5
1473 13
1474 10
1475 8
1476 10
1477 9
1478 4
1479 5
1480 4
1481 6
1482 7
1483 8
1484 8
1485 4
1486 6
1487 5
1488 6
1489 4
1490 7
1491 11
1492 13
1493 4
1494 5
1495 7
1496 8
1497 6
1498 4
1499 7
1500 7
1501 4
1502 10
1503 4
1504 9
1505 4
1506 9
1507 8
1508 4
1509 8
1510 1
1511 6
1512 5
1513 5
1514 9
1515 8
1516 4
1517 2
1518 6
1519 7
1520 5
1521 7
1522 4
1523 3
1524 2
1525 2
1526 7
1527 5
1528 5
1529 4
1530 3
1531 1
1532 2
1533 9
1534 3
1535 4
1536 1
1537 2
1538 4
1539 2
1540 7
1541 2
1542 2
1543 2
1544 1
1545 4
1546 5
1547 1
1548 1
1550 4
1551 6
1552 2
1553 5
1554 3
1555 1
1556 1
1557 2
1558 1
1559 2
1560 3
1561 3
1562 2
1564 4
1565 2
1566 2
1567 3
1568 2
1569 2
1570 1
1571 2
1572 3
1573 2
1574 2
1578 4
1579 1
1580 3
1581 1
1582 2
1583 1
1584 2
1585 1
1586 2
1587 2
1589 2
1590 2
1591 3
1592 3
1593 2
1594 3
1595 3
1596 1
1597 2
1600 2
1601 2
1604 2
1605 1
1606 2
1607 1
1608 1
1609 1
1610 1
1611 1
1612 1
1614 1
1617 2
1618 1
1619 1
1620 1
1625 1
1634 1
1638 1
1644 2
1646 1
