N J h mean_R_sq err_mean_R_sq mean_R_gyr_sq err_mean_R_gyr_sq 
900 1.352 0 3435.15 65.037 584.955 6.29468
2896 1
2906 1
2911 1
2914 1
2925 1
2926 1
2928 1
2937 1
2944 1
2946 1
2947 1
2948 1
2949 2
2952 1
2954 2
2955 4
2956 1
2957 1
2958 2
2959 1
2960 1
2961 1
2962 1
2963 5
2964 2
2965 1
2966 3
2967 2
2968 4
2969 5
2971 3
2972 4
2973 2
2974 2
2975 4
2976 5
2977 3
2978 1
2979 2
2980 7
2981 4
2982 5
2983 5
2984 2
2985 4
2986 2
2987 8
2988 6
2989 6
2990 9
2991 6
2992 6
2993 11
2994 2
2995 6
2996 5
2997 8
2998 7
2999 10
3000 5
3001 6
3002 15
3003 14
3004 11
3005 9
3006 9
3007 13
3008 7
3009 8
3010 11
3011 10
3012 9
3013 14
3014 14
3015 23
3016 13
3017 13
3018 9
3019 9
3020 9
3021 16
3022 16
3023 20
3024 18
3025 17
3026 23
3027 21
3028 20
3029 16
3030 16
3031 20
3032 20
3033 31
3034 25
3035 16
3036 30
3037 25
3038 22
3039 22
3040 22
3041 27
3042 24
3043 19
3044 28
3045 31
3046 15
3047 23
3048 23
3049 28
3050 25
3051 24
3052 32
3053 30
3054 33
3055 32
3056 27
3057 26
3058 30
3059 24
3060 28
3061 26
3062 36
3063 31
3064 34
3065 18
3066 29
3067 27
3068 27
3069 34
3070 30
3071 27
3072 32
3073 38
3074 32
3075 31
3076 39
3077 29
3078 42
3079 34
3080 37
3081 34
3082 35
3083 32
3084 35
3085 37
3086 36
3087 27
3088 32
3089 40
3090 32
3091 24
3092 36
3093 28
3094 34
3095 39
3096 28
3097 38
3098 36
3099 34
3100 24
3101 30
3102 34
3103 22
3104 37
3105 36
3106 34
3107 18
3108 29
3109 25
3110 38
3111 29
3112 39
3113 39
3114 33
3115 20
3116 22
3117 27
3118 27
3119 26
3120 25
3121 23
3122 19
3123 19
3124 26
3125 15
3126 25
3127 28
3128 21
3129 18
3130 15
3131 24
3132 29
3133 22
3134 21
3135 34
3136 22
3137 23
3138 21
3139 18
3140 28
3141 19
3142 21
3143 12
3144 11
3145 14
3146 11
3147 23
3148 15
3149 10
3150 21
3151 15
3152 12
3153 9
3154 15
3155 13
3156 8
3157 18
3158 18
3159 14
3160 11
3161 10
3162 12
3163 7
3164 9
3165 8
3166 6
3167 18
3168 1
3169 7
3170 12
3171 14
3172 4
3173 10
3174 10
3175 6
3176 5
3177 8
3178 7
3179 2
3180 1
3181 8
3182 6
3183 8
3184 4
3185 3
3186 4
3187 3
3188 3
3189 4
3190 7
3191 3
3192 9
3193 8
3194 4
3195 7
3196 5
3197 1
3198 2
3199 2
3200 3
3201 2
3202 2
3203 3
3204 1
3205 1
3206 1
3207 3
3208 4
3209 2
3210 1
3212 1
3213 1
3214 1
3215 2
3216 2
3218 1
3219 1
3220 1
3221 1
3222 2
3224 2
3225 1
3226 1
3229 1
3231 1
3233 1
3234 1
3235 1
3242 1
3247 1
3250 2
3264 1
3270 1
3276 1
3279 1
3289 1
