N J h mean_R_sq err_mean_R_sq mean_R_gyr_sq err_mean_R_gyr_sq 
900 1.37 0 2693.14 40.0411 486.192 3.65781
2936 1
2943 1
2967 2
2970 1
2972 1
2973 1
2974 1
2976 2
2978 1
2980 1
2982 4
2983 1
2984 2
2986 2
2987 1
2988 1
2989 2
2990 1
2991 2
2992 2
2994 1
2995 3
2996 1
2997 2
3000 1
3001 3
3002 2
3003 3
3006 3
3007 2
3008 1
3009 1
3010 6
3012 4
3013 4
3014 3
3015 3
3016 5
3017 4
3018 4
3019 3
3020 3
3021 3
3022 7
3023 5
3024 6
3025 7
3026 11
3027 9
3028 3
3029 4
3030 13
3031 7
3032 4
3033 6
3034 7
3035 8
3036 3
3037 7
3038 8
3039 9
3040 9
3041 13
3042 9
3043 15
3044 17
3045 12
3046 7
3047 6
3048 10
3049 11
3050 11
3051 5
3052 10
3053 7
3054 9
3055 12
3056 13
3057 14
3058 11
3059 4
3060 13
3061 13
3062 19
3063 13
3064 17
3065 15
3066 14
3067 9
3068 19
3069 20
3070 21
3071 19
3072 27
3073 26
3074 22
3075 27
3076 17
3077 27
3078 22
3079 14
3080 25
3081 20
3082 23
3083 26
3084 27
3085 22
3086 19
3087 16
3088 39
3089 18
3090 20
3091 28
3092 23
3093 17
3094 37
3095 22
3096 24
3097 29
3098 25
3099 33
3100 27
3101 28
3102 32
3103 28
3104 33
3105 28
3106 32
3107 40
3108 23
3109 30
3110 28
3111 32
3112 21
3113 24
3114 22
3115 32
3116 28
3117 36
3118 37
3119 34
3120 38
3121 36
3122 24
3123 34
3124 27
3125 34
3126 24
3127 23
3128 39
3129 41
3130 46
3131 33
3132 22
3133 29
3134 34
3135 38
3136 32
3137 31
3138 27
3139 37
3140 27
3141 34
3142 27
3143 28
3144 34
3145 20
3146 24
3147 18
3148 33
3149 29
3150 22
3151 21
3152 31
3153 23
3154 29
3155 27
3156 18
3157 24
3158 30
3159 26
3160 29
3161 27
3162 23
3163 23
3164 26
3165 33
3166 28
3167 27
3168 26
3169 21
3170 27
3171 19
3172 14
3173 20
3174 12
3175 13
3176 21
3177 27
3178 19
3179 16
3180 20
3181 23
3182 21
3183 19
3184 12
3185 18
3186 23
3187 18
3188 11
3189 17
3190 17
3191 16
3192 17
3193 16
3194 16
3195 17
3196 11
3197 15
3198 11
3199 5
3200 16
3201 12
3202 15
3203 10
3204 11
3205 9
3206 8
3207 7
3208 8
3209 10
3210 11
3211 9
3212 12
3213 7
3214 7
3215 10
3216 3
3217 10
3218 11
3219 7
3220 8
3221 5
3222 2
3223 6
3224 10
3225 3
3226 9
3227 6
3228 5
3229 4
3230 4
3231 6
3232 4
3233 4
3234 6
3235 4
3236 4
3237 6
3238 2
3239 3
3240 4
3241 4
3242 2
3243 4
3244 2
3245 1
3246 4
3247 2
3248 3
3249 4
3250 3
3251 1
3252 2
3253 2
3255 1
3256 1
3257 1
3258 1
3259 1
3260 4
3261 3
3263 1
3264 2
3266 2
3267 1
3271 1
3272 2
3273 2
3276 1
3278 1
3281 1
3282 1
3284 1
3289 1
3293 1
3296 1
3304 1
3313 1
