N J h mean_R_sq err_mean_R_sq mean_R_gyr_sq err_mean_R_gyr_sq 
4900 1.352 0 32960.8 3599.64 5398.91 594.372
2974 1
2991 1
3007 1
3014 1
3018 1
3020 1
3022 1
3024 1
3026 1
3027 1
3028 2
3030 1
3031 1
3032 2
3033 1
3035 2
3036 1
3037 3
3038 3
3039 2
3040 3
3041 5
3042 3
3043 4
3044 6
3045 5
3046 8
3047 8
3048 7
3049 15
3050 9
3051 8
3052 19
3053 17
3054 22
3055 17
3056 21
3057 20
3058 17
3059 20
3060 28
3061 23
3062 39
3063 29
3064 38
3065 42
3066 42
3067 55
3068 37
3069 44
3070 56
3071 56
3072 61
3073 69
3074 69
3075 73
3076 81
3077 75
3078 81
3079 91
3080 109
3081 97
3082 97
3083 101
3084 99
3085 124
3086 126
3087 140
3088 149
3089 129
3090 142
3091 141
3092 143
3093 131
3094 151
3095 140
3096 165
3097 161
3098 155
3099 193
3100 177
3101 168
3102 177
3103 191
3104 194
3105 185
3106 174
3107 199
3108 164
3109 192
3110 159
3111 178
3112 178
3113 176
3114 192
3115 168
3116 169
3117 179
3118 172
3119 160
3120 139
3121 170
3122 147
3123 155
3124 136
3125 130
3126 150
3127 139
3128 141
3129 135
3130 133
3131 124
3132 120
3133 138
3134 106
3135 116
3136 89
3137 100
3138 97
3139 90
3140 88
3141 77
3142 67
3143 76
3144 44
3145 72
3146 55
3147 51
3148 59
3149 48
3150 45
3151 49
3152 42
3153 35
3154 35
3155 39
3156 29
3157 28
3158 34
3159 23
3160 28
3161 24
3162 20
3163 17
3164 23
3165 11
3166 17
3167 9
3168 7
3169 6
3170 8
3171 7
3172 7
3173 6
3174 6
3175 5
3176 6
3177 5
3178 2
3179 5
3180 3
3181 2
3182 3
3183 5
3184 3
3185 3
3186 1
3187 2
3188 2
3189 2
3190 2
3192 1
3193 2
3196 1
3200 1
