N J h mean_R_sq err_mean_R_sq mean_R_gyr_sq err_mean_R_gyr_sq 
2916 1.445 0 2155.08 70.8278 695.35 9.68745
3113 1
3178 1
3186 1
3260 1
3262 1
3263 1
3266 2
3269 2
3270 1
3271 1
3272 2
3273 3
3274 4
3275 1
3276 3
3277 2
3278 5
3279 6
3280 1
3281 2
3282 7
3283 4
3284 4
3285 7
3286 7
3287 11
3288 8
3289 7
3290 13
3291 12
3292 16
3293 13
3294 16
3295 13
3296 8
3297 18
3298 19
3299 14
3300 25
3301 21
3302 22
3303 28
3304 25
3305 31
3306 37
3307 29
3308 36
3309 32
3310 37
3311 42
3312 44
3313 40
3314 54
3315 48
3316 57
3317 60
3318 71
3319 69
3320 69
3321 92
3322 72
3323 86
3324 90
3325 86
3326 92
3327 102
3328 98
3329 96
3330 105
3331 114
3332 122
3333 132
3334 133
3335 121
3336 126
3337 145
3338 170
3339 151
3340 132
3341 162
3342 163
3343 148
3344 144
3345 162
3346 154
3347 162
3348 168
3349 199
3350 165
3351 173
3352 181
3353 190
3354 193
3355 166
3356 149
3357 170
3358 194
3359 165
3360 174
3361 193
3362 162
3363 169
3364 173
3365 162
3366 159
3367 145
3368 129
3369 128
3370 127
3371 122
3372 120
3373 122
3374 146
3375 135
3376 119
3377 123
3378 94
3379 104
3380 101
3381 107
3382 112
3383 92
3384 74
3385 75
3386 87
3387 80
3388 66
3389 59
3390 51
3391 53
3392 37
3393 49
3394 44
3395 29
3396 26
3397 28
3398 40
3399 28
3400 28
3401 20
3402 25
3403 25
3404 15
3405 17
3406 15
3407 14
3408 6
3409 11
3410 9
3411 13
3412 12
3413 5
3414 8
3415 7
3416 5
3417 3
3418 3
3419 6
3420 2
3422 3
3423 2
3425 2
3426 2
3429 2
3431 1
3435 1
3438 1
3439 1
3441 1
3443 1
3452 1
