N J h mean_R_sq err_mean_R_sq mean_R_gyr_sq err_mean_R_gyr_sq 
2916 1.356 0 13900.9 356.783 2335.58 45.5909
3021 1
3022 2
3023 3
3024 1
3025 2
3028 1
3029 1
3030 2
3031 1
3032 3
3033 7
3034 1
3035 3
3036 5
3037 1
3038 2
3039 2
3040 2
3041 8
3042 6
3043 9
3044 4
3045 9
3046 9
3047 8
3048 7
3049 12
3050 10
3051 8
3052 15
3053 21
3054 12
3055 19
3056 18
3057 11
3058 14
3059 21
3060 18
3061 36
3062 22
3063 13
3064 20
3065 24
3066 28
3067 24
3068 26
3069 32
3070 41
3071 38
3072 32
3073 38
3074 38
3075 38
3076 44
3077 34
3078 44
3079 51
3080 53
3081 50
3082 66
3083 46
3084 61
3085 51
3086 52
3087 61
3088 54
3089 74
3090 73
3091 65
3092 63
3093 62
3094 67
3095 81
3096 78
3097 68
3098 70
3099 88
3100 87
3101 61
3102 84
3103 81
3104 86
3105 103
3106 61
3107 98
3108 84
3109 83
3110 80
3111 100
3112 105
3113 97
3114 92
3115 86
3116 82
3117 101
3118 91
3119 97
3120 69
3121 91
3122 91
3123 75
3124 81
3125 68
3126 71
3127 73
3128 99
3129 74
3130 72
3131 82
3132 69
3133 76
3134 83
3135 63
3136 68
3137 87
3138 72
3139 78
3140 70
3141 57
3142 49
3143 49
3144 58
3145 54
3146 66
3147 50
3148 54
3149 48
3150 55
3151 34
3152 44
3153 73
3154 51
3155 29
3156 31
3157 39
3158 55
3159 29
3160 33
3161 39
3162 35
3163 24
3164 23
3165 30
3166 28
3167 17
3168 23
3169 20
3170 24
3171 24
3172 20
3173 22
3174 19
3175 21
3176 15
3177 17
3178 13
3179 11
3180 4
3181 7
3182 7
3183 12
3184 10
3185 7
3186 13
3187 7
3188 7
3189 7
3190 6
3191 8
3192 3
3193 5
3194 4
3195 4
3196 6
3197 1
3198 4
3199 2
3200 3
3201 2
3202 1
3203 3
3204 3
3205 3
3206 1
3208 3
3209 1
3210 3
3211 2
3212 1
3213 1
3215 2
3216 1
3218 1
3221 1
3222 1
3227 1
3229 1
3231 1
