N J h mean_R_sq err_mean_R_sq mean_R_gyr_sq err_mean_R_gyr_sq 
4900 1.429 0 17328.8 13767.4 2975.85 1797.53
527 1
552 1
581 1
599 1
604 1
628 1
648 1
662 1
671 1
674 1
675 1
687 1
689 1
692 1
697 1
698 1
705 1
710 1
720 1
724 1
725 1
726 1
730 1
743 1
744 1
746 1
747 1
752 1
759 2
769 1
771 1
773 1
784 1
787 1
790 1
792 1
794 1
799 1
805 1
809 1
812 1
813 1
814 1
820 2
821 1
826 1
827 1
830 1
833 2
838 2
839 1
840 1
845 1
847 1
854 1
855 2
868 1
869 1
872 1
873 3
874 1
875 1
877 2
884 1
890 1
902 1
912 1
921 2
925 1
927 2
928 1
929 1
932 1
938 1
946 2
948 1
949 1
950 1
956 1
964 1
967 2
968 1
970 1
973 1
981 1
983 1
988 1
990 1
999 2
1002 1
1003 1
1008 1
1012 1
1015 1
1017 1
1018 1
1030 2
1034 1
1036 1
1038 1
1048 1
1056 1
1057 1
1061 1
1067 2
1069 1
1070 1
1073 1
1079 2
1084 1
1085 1
1086 1
1088 1
1089 1
1091 1
1094 3
1098 1
1101 1
1105 1
1112 1
1113 1
1120 1
1125 1
1128 1
1131 1
1132 1
1133 1
1139 1
1149 1
1151 2
1160 1
1175 1
1181 1
1184 2
1185 1
1188 1
1197 2
1199 1
1211 1
1212 1
1222 1
1224 2
1226 1
1228 1
1232 1
1233 1
1235 1
1237 1
1238 1
1240 2
1241 2
1242 1
1254 1
1260 1
1261 1
1263 1
1277 1
1282 2
1285 1
1287 1
1297 1
1298 1
1312 1
1316 1
1322 1
1352 1
1366 1
1367 1
1380 1
1428 1
1435 1
1438 1
1441 1
1483 1
