N J h mean_R_sq err_mean_R_sq mean_R_gyr_sq err_mean_R_gyr_sq 
1600 1.413 0 2082.15 71.7138 513.884 6.87722
3102 1
3125 1
3129 1
3131 1
3138 1
3140 1
3142 1
3145 1
3148 1
3151 1
3155 1
3157 3
3158 1
3161 1
3163 1
3164 1
3167 2
3170 1
3171 1
3172 1
3174 1
3176 4
3177 3
3178 2
3179 3
3180 5
3181 3
3182 5
3183 4
3184 3
3185 3
3186 1
3187 2
3189 2
3190 3
3191 6
3192 4
3193 4
3194 3
3195 6
3197 3
3198 2
3199 5
3200 6
3201 5
3202 4
3203 7
3204 4
3205 4
3206 4
3207 3
3208 8
3209 6
3210 3
3211 5
3212 6
3213 4
3214 8
3215 7
3216 1
3217 10
3218 7
3219 2
3220 5
3221 6
3222 4
3223 9
3224 5
3225 9
3226 8
3227 12
3228 5
3229 12
3230 11
3231 6
3232 7
3233 7
3234 12
3235 9
3236 13
3237 13
3238 14
3239 6
3240 8
3241 11
3242 11
3243 16
3244 13
3245 17
3246 13
3247 10
3248 9
3249 11
3250 22
3251 14
3252 14
3253 19
3254 10
3255 16
3256 15
3257 17
3258 14
3259 19
3260 7
3261 16
3262 8
3263 13
3264 10
3265 16
3266 10
3267 18
3268 10
3269 14
3270 7
3271 8
3272 8
3273 16
3274 8
3275 14
3276 11
3277 9
3278 19
3279 11
3280 9
3281 12
3282 9
3283 7
3284 20
3285 9
3286 15
3287 12
3288 10
3289 10
3290 8
3291 8
3292 11
3293 13
3294 23
3295 17
3296 11
3297 10
3298 8
3299 10
3300 6
3301 8
3302 3
3303 8
3304 5
3305 7
3306 6
3307 5
3308 4
3309 4
3310 2
3311 4
3312 8
3313 6
3314 3
3315 3
3316 5
3317 2
3318 10
3319 5
3320 7
3321 1
3322 4
3323 4
3324 1
3325 4
3326 6
3327 1
3328 4
3329 5
3330 5
3331 3
3333 1
3334 2
3335 1
3336 4
3337 3
3338 7
3340 1
3342 2
3343 1
3344 1
3347 1
3352 1
3355 1
3358 1
3368 1
3375 1
