N J h mean_R_sq err_mean_R_sq mean_R_gyr_sq err_mean_R_gyr_sq 
3600 1.352 0 20174.6 636.489 3284.45 87.4078
3013 1
3016 2
3017 1
3020 2
3022 2
3023 3
3024 3
3025 1
3028 5
3029 5
3030 2
3031 2
3032 1
3033 4
3034 6
3035 3
3036 11
3037 7
3038 6
3039 10
3040 6
3041 12
3042 10
3043 9
3044 9
3045 5
3046 11
3047 17
3048 14
3049 20
3050 21
3051 16
3052 17
3053 19
3054 16
3055 25
3056 25
3057 36
3058 22
3059 26
3060 43
3061 40
3062 34
3063 35
3064 43
3065 49
3066 50
3067 43
3068 52
3069 77
3070 57
3071 65
3072 61
3073 73
3074 74
3075 69
3076 69
3077 71
3078 73
3079 79
3080 72
3081 93
3082 86
3083 102
3084 87
3085 116
3086 97
3087 110
3088 106
3089 129
3090 117
3091 103
3092 92
3093 112
3094 112
3095 132
3096 107
3097 106
3098 132
3099 132
3100 141
3101 123
3102 123
3103 149
3104 127
3105 109
3106 120
3107 128
3108 121
3109 122
3110 127
3111 114
3112 137
3113 105
3114 125
3115 115
3116 100
3117 116
3118 121
3119 110
3120 112
3121 111
3122 122
3123 103
3124 97
3125 118
3126 107
3127 85
3128 83
3129 94
3130 108
3131 84
3132 77
3133 89
3134 82
3135 72
3136 67
3137 74
3138 76
3139 63
3140 62
3141 60
3142 43
3143 52
3144 44
3145 54
3146 51
3147 47
3148 50
3149 41
3150 36
3151 30
3152 33
3153 36
3154 31
3155 27
3156 26
3157 23
3158 16
3159 24
3160 27
3161 20
3162 13
3163 18
3164 22
3165 17
3166 21
3167 20
3168 26
3169 10
3170 12
3171 19
3172 13
3173 10
3174 9
3175 6
3176 6
3177 4
3178 11
3179 5
3180 3
3181 5
3182 4
3183 5
3184 5
3185 1
3186 2
3187 3
3188 1
3189 1
3190 4
3191 1
3192 4
3193 4
3194 1
3195 3
3196 2
3197 1
3199 1
3203 1
3207 1
3209 1
