N J h mean_R_sq err_mean_R_sq mean_R_gyr_sq err_mean_R_gyr_sq 
2500 1.344 0 14477 248.052 2321.96 21.3943
1000 746
1001 728
1002 655
1003 584
1004 611
1005 509
1006 518
1007 491
1008 475
1009 422
1010 380
1011 376
1012 325
1013 340
1014 323
1015 261
1016 258
1017 262
1018 206
1019 209
1020 202
1021 188
1022 158
1023 181
1024 182
1025 124
1026 135
1027 123
1028 119
1029 93
1030 93
1031 93
1032 89
1033 78
1034 65
1035 61
1036 63
1037 61
1038 73
1039 62
1040 52
1041 43
1042 48
1043 52
1044 35
1045 38
1046 47
1047 40
1048 24
1049 25
1050 29
1051 22
1052 23
1053 14
1054 16
1055 23
1056 7
1057 12
1058 19
1059 16
1060 9
1061 11
1062 11
1063 13
1064 6
1065 8
1066 12
1067 5
1068 7
1069 6
1070 7
1071 9
1072 6
1073 5
1074 4
1075 1
1076 4
1077 3
1078 8
1079 2
1080 4
1081 1
1082 1
1083 4
1084 5
1085 2
1086 3
1087 1
1088 1
1089 3
1090 2
1091 3
1092 2
1094 2
1095 1
1096 1
1097 2
1098 1
1099 1
1100 3
1101 1
1104 1
1109 1
1110 1
1113 1
1121 1
1124 1
1125 1
1130 1
1135 1
1150 1
1175 1
