N J h mean_R_sq err_mean_R_sq mean_R_gyr_sq err_mean_R_gyr_sq 
3600 1.364 0 13806.4 602.883 2459.08 67.9132
658 1
675 1
687 1
700 1
706 1
708 1
714 1
715 1
719 3
721 1
722 1
725 1
726 2
727 2
730 1
732 3
733 1
734 1
737 2
738 2
739 3
740 2
741 1
742 2
743 1
744 3
745 1
747 2
748 4
749 2
751 1
752 1
753 1
754 3
755 4
756 1
757 2
760 4
761 2
762 2
764 2
765 4
766 2
767 3
768 3
769 1
770 4
771 3
772 5
773 1
774 2
775 2
776 3
777 2
778 4
779 3
780 3
781 3
782 9
783 3
784 7
785 4
786 4
787 8
788 8
789 2
790 5
791 4
792 2
793 7
794 10
795 6
796 3
797 4
798 6
799 7
800 10
801 6
802 5
803 5
804 4
805 7
806 6
807 7
808 8
809 9
810 9
811 11
812 9
813 8
814 5
815 7
816 9
817 8
818 11
819 8
820 14
821 12
822 13
823 7
824 11
825 18
826 10
827 17
828 9
829 9
830 12
831 12
832 14
833 21
834 13
835 17
836 18
837 10
838 11
839 7
840 10
841 13
842 7
843 15
844 23
845 5
846 12
847 15
848 12
849 19
850 17
851 11
852 13
853 20
854 24
855 14
856 18
857 28
858 28
859 22
860 23
861 20
862 19
863 33
864 23
865 17
866 26
867 27
868 25
869 36
870 24
871 19
872 26
873 16
874 25
875 27
876 37
877 28
878 21
879 19
880 37
881 30
882 40
883 32
884 26
885 31
886 35
887 27
888 25
889 22
890 25
891 35
892 34
893 39
894 33
895 29
896 30
897 35
898 31
899 29
900 36
901 37
902 35
903 40
904 42
905 41
906 39
907 35
908 40
909 27
910 42
911 32
912 33
913 38
914 53
915 40
916 53
917 28
918 39
919 38
920 37
921 33
922 45
923 42
924 51
925 39
926 44
927 54
928 55
929 52
930 49
931 54
932 48
933 51
934 46
935 47
936 49
937 51
938 53
939 47
940 42
941 66
942 33
943 50
944 48
945 57
946 51
947 66
948 55
949 62
950 54
951 61
952 62
953 67
954 58
955 56
956 54
957 54
958 62
959 59
960 56
961 54
962 70
963 52
964 58
965 55
966 59
967 56
968 56
969 66
970 64
971 63
972 63
973 67
974 57
975 53
976 72
977 59
978 56
979 64
980 66
981 59
982 61
983 58
984 56
985 66
986 69
987 67
988 59
989 68
990 73
991 56
992 72
993 63
994 59
995 71
996 67
997 81
998 66
999 75
1000 52
1001 61
1002 60
1003 70
1004 56
1005 72
1006 62
1007 74
1008 61
1009 68
1010 63
1011 78
1012 64
1013 52
1014 44
1015 69
1016 55
1017 59
1018 60
1019 71
1020 74
1021 56
1022 61
1023 54
1024 59
1025 77
1026 60
1027 69
1028 58
1029 59
1030 66
1031 66
1032 59
1033 67
1034 53
1035 64
1036 48
1037 55
1038 47
1039 61
1040 55
1041 63
1042 62
1043 58
1044 54
1045 63
1046 47
1047 60
1048 58
1049 57
1050 55
1051 50
1052 67
1053 50
1054 60
1055 55
1056 65
1057 64
1058 57
1059 56
1060 69
1061 49
1062 61
1063 46
1064 43
1065 54
1066 54
1067 42
1068 40
1069 49
1070 50
1071 41
1072 57
1073 39
1074 65
1075 58
1076 48
1077 45
1078 30
1079 54
1080 40
1081 33
1082 37
1083 44
1084 53
1085 39
1086 39
1087 41
1088 45
1089 46
1090 33
1091 38
1092 31
1093 49
1094 43
1095 45
1096 34
1097 40
1098 38
1099 33
1100 49
1101 37
1102 26
1103 37
1104 43
1105 36
1106 48
1107 39
1108 30
1109 43
1110 28
1111 25
1112 27
1113 48
1114 27
1115 35
1116 44
1117 40
1118 27
1119 17
1120 27
1121 27
1122 31
1123 33
1124 22
1125 24
1126 19
1127 25
1128 27
1129 19
1130 27
1131 31
1132 26
1133 22
1134 17
1135 16
1136 23
1137 23
1138 15
1139 22
1140 26
1141 22
1142 18
1143 22
1144 13
1145 17
1146 17
1147 17
1148 21
1149 21
1150 16
1151 19
1152 19
1153 12
1154 18
1155 15
1156 13
1157 7
1158 15
1159 22
1160 10
1161 15
1162 13
1163 12
1164 12
1165 10
1166 12
1167 13
1168 10
1169 15
1170 12
1171 11
1172 17
1173 7
1174 15
1175 12
1176 13
1177 13
1178 11
1179 13
1180 12
1181 7
1182 10
1183 8
1184 7
1185 8
1186 10
1187 10
1188 7
1189 6
1190 10
1191 11
1192 4
1193 8
1194 11
1195 6
1196 5
1197 8
1198 6
1199 6
1200 7
1201 6
1202 8
1203 4
1204 8
1205 4
1206 2
1207 4
1208 6
1209 6
1210 10
1211 3
1212 5
1213 2
1214 5
1215 5
1216 2
1217 3
1218 3
1219 2
1220 3
1221 5
1222 4
1223 3
1224 5
1225 3
1226 6
1227 2
1228 4
1229 4
1230 2
1231 3
1232 1
1233 3
1234 3
1235 3
1236 6
1237 4
1238 2
1239 4
1240 2
1241 3
1242 4
1243 2
1244 4
1245 1
1246 1
1247 2
1248 2
1249 2
1250 3
1251 1
1252 6
1256 1
1257 2
1258 2
1260 3
1261 1
1263 1
1264 1
1265 1
1266 1
1269 4
1270 1
1271 2
1272 1
1273 1
1277 1
1278 1
1283 1
1286 1
1292 3
1310 1
1311 2
1342 1
1349 1
1355 1
1375 1
