N J h mean_R_sq err_mean_R_sq mean_R_gyr_sq err_mean_R_gyr_sq 
1600 1.425 0 1753.61 32.3003 465.684 3.64477
364 1
418 1
419 1
429 1
437 1
442 1
449 1
452 1
457 1
466 1
471 1
473 1
477 1
481 1
485 1
493 2
494 1
495 1
499 1
502 2
506 3
507 1
509 2
510 1
516 1
517 1
518 1
519 1
520 1
522 2
524 1
525 1
528 2
530 3
531 3
532 1
535 1
537 2
540 1
541 1
542 2
544 1
545 1
546 2
547 1
548 1
550 1
552 1
553 2
554 2
556 1
560 3
561 2
562 1
563 1
565 2
566 1
568 2
569 1
572 1
573 2
575 1
576 1
577 2
578 1
579 1
580 1
581 3
582 3
583 2
584 3
587 2
588 3
589 2
590 1
591 1
592 2
593 3
594 4
595 1
596 3
597 2
598 3
599 1
600 4
601 1
602 1
603 1
604 2
605 3
606 2
607 2
608 4
609 5
610 2
611 1
612 4
613 2
615 2
616 1
617 1
619 2
620 4
621 2
622 2
624 3
625 2
627 1
628 3
629 2
630 3
632 3
633 2
634 1
635 1
636 5
638 3
639 4
641 4
642 1
643 2
644 2
645 2
646 3
649 3
650 3
651 1
652 3
653 4
654 2
655 4
656 2
657 5
658 4
659 4
660 3
661 1
662 2
663 5
664 2
666 3
667 5
668 5
669 4
670 4
671 5
672 4
673 2
674 1
675 1
676 3
677 2
678 4
679 3
680 4
681 2
682 3
683 2
684 3
685 3
686 2
687 3
688 1
689 3
690 3
691 3
692 1
693 1
694 2
695 2
696 4
698 3
699 1
700 3
701 4
702 3
703 2
704 2
705 4
706 1
707 1
708 5
709 1
710 4
712 2
713 1
714 2
715 2
716 2
717 6
718 5
719 2
720 1
721 6
722 4
723 5
724 2
725 4
726 2
727 1
728 5
729 5
730 5
731 3
732 4
733 2
734 2
735 5
736 3
737 4
738 3
739 1
740 3
741 3
742 1
743 1
744 1
745 2
746 3
747 3
748 6
749 3
750 4
751 4
752 3
753 2
754 3
755 6
756 6
757 2
758 1
759 2
760 7
761 2
762 1
763 2
764 2
765 3
766 3
767 1
768 3
769 3
770 2
771 7
772 4
773 1
774 1
775 1
776 3
777 3
778 3
779 2
780 4
781 9
782 2
783 5
784 1
785 8
786 4
787 2
788 2
789 3
790 8
791 2
792 4
793 2
794 4
795 4
796 4
798 3
799 3
800 4
801 5
802 2
803 6
804 1
805 2
806 1
807 5
808 3
809 4
810 7
811 5
812 6
813 3
814 5
815 3
816 8
817 3
818 2
819 3
820 4
821 2
822 3
823 2
824 11
825 4
826 3
827 5
828 3
829 2
830 5
831 3
832 5
833 3
834 3
835 3
836 13
837 4
838 4
839 7
840 4
841 2
842 3
843 5
844 4
845 5
846 4
847 3
848 3
849 3
850 2
851 3
852 2
853 2
855 8
856 4
857 7
858 6
860 5
861 2
862 3
863 2
864 5
866 4
867 3
868 5
869 6
870 2
871 3
872 4
873 7
874 3
875 5
876 5
877 5
878 3
879 4
880 4
881 1
882 4
883 6
884 7
885 5
886 2
887 4
888 2
889 2
890 5
891 4
892 2
893 4
894 5
895 8
896 3
897 5
898 6
899 4
900 3
901 5
902 5
903 4
904 2
905 3
906 8
907 5
908 5
909 5
910 5
912 6
913 2
914 5
915 6
916 4
917 5
918 5
919 3
920 3
921 4
922 4
923 6
924 4
925 7
926 7
927 4
928 8
929 8
930 6
931 5
932 4
933 2
934 2
935 2
936 8
937 6
938 3
939 7
940 3
941 2
942 2
944 7
945 4
946 2
947 4
948 5
949 3
950 5
951 4
952 6
953 3
954 6
955 4
956 2
957 4
958 3
959 5
960 4
961 4
962 3
963 5
964 5
965 3
966 6
967 3
968 5
970 5
971 6
972 4
973 7
974 6
975 2
976 3
977 3
978 4
979 4
980 5
981 2
982 7
983 1
984 4
985 3
986 4
987 6
988 5
989 2
990 7
991 5
992 5
993 3
994 6
995 5
996 5
997 5
998 5
999 1
1000 7
1001 4
1002 5
1003 5
1004 5
1005 3
1006 2
1007 3
1008 5
1009 5
1010 6
1011 2
1012 7
1013 4
1014 5
1015 6
1016 7
1017 1
1018 2
1019 4
1020 4
1021 3
1022 5
1023 6
1024 5
1025 3
1026 7
1027 3
1028 6
1029 5
1030 3
1031 7
1032 10
1033 3
1034 2
1035 1
1036 2
1037 5
1038 3
1039 3
1040 3
1041 4
1042 3
1043 2
1044 1
1045 3
1046 3
1047 5
1048 2
1049 3
1050 6
1051 3
1052 7
1053 3
1054 7
1055 5
1056 5
1057 3
1058 5
1059 1
1060 7
1061 4
1062 2
1063 4
1064 3
1065 5
1066 3
1067 3
1068 3
1069 2
1070 4
1071 6
1072 4
1073 5
1074 10
1075 6
1076 5
1077 3
1078 3
1079 4
1080 5
1081 5
1082 2
1083 3
1084 4
1085 3
1086 5
1087 3
1088 3
1089 4
1090 6
1091 6
1092 6
1093 5
1094 3
1095 4
1096 4
1097 8
1098 5
1099 5
1100 2
1101 4
1102 4
1103 3
1104 4
1105 1
1106 4
1107 2
1108 6
1109 2
1110 6
1111 6
1112 5
1113 5
1114 7
1115 5
1116 4
1117 5
1118 5
1119 2
1120 3
1121 8
1122 2
1123 4
1124 4
1125 2
1126 2
1127 3
1128 3
1129 3
1130 5
1131 4
1132 1
1133 1
1135 6
1136 3
1137 8
1138 5
1139 4
1140 4
1141 5
1142 5
1143 4
1144 3
1145 9
1146 3
1147 6
1148 3
1149 2
1150 1
1151 5
1152 4
1153 8
1154 8
1155 2
1156 2
1157 4
1158 3
1159 3
1160 4
1161 3
1162 2
1163 5
1164 4
1165 5
1166 2
1167 2
1168 5
1169 3
1170 3
1171 3
1172 5
1173 5
1174 4
1175 5
1176 3
1177 4
1178 2
1179 6
1180 4
1181 4
1182 2
1183 6
1184 2
1185 1
1186 4
1187 4
1188 1
1189 3
1190 6
1191 7
1192 5
1193 4
1194 6
1195 6
1196 6
1197 5
1198 4
1199 3
1200 3
1201 2
1202 2
1203 3
1204 2
1205 3
1206 5
1207 5
1208 4
1209 3
1210 4
1211 7
1212 2
1213 6
1214 4
1215 6
1216 5
1217 6
1218 3
1219 2
1220 3
1221 3
1222 3
1223 4
1224 6
1225 3
1226 2
1227 3
1228 3
1229 3
1230 3
1231 1
1232 3
1233 3
1234 3
1235 2
1236 2
1237 3
1238 2
1239 3
1240 3
1241 1
1242 9
1243 2
1244 5
1245 3
1246 3
1248 2
1249 3
1250 3
1251 4
1252 6
1253 3
1254 2
1255 3
1256 1
1257 2
1258 4
1259 3
1260 3
1261 6
1262 4
1263 4
1264 4
1265 5
1266 5
1267 6
1268 7
1269 2
1270 1
1271 3
1272 2
1273 6
1274 4
1275 6
1276 2
1277 3
1278 6
1280 7
1281 2
1282 2
1283 3
1284 2
1285 4
1286 3
1287 2
1288 6
1289 1
1290 2
1291 3
1292 2
1293 2
1294 2
1295 5
1296 1
1297 3
1298 4
1299 3
1300 2
1301 6
1302 1
1303 1
1304 5
1305 5
1306 4
1307 5
1308 2
1309 5
1310 1
1311 3
1312 1
1313 1
1314 2
1315 5
1316 3
1317 3
1318 4
1319 2
1320 6
1322 5
1323 2
1325 1
1326 3
1327 3
1328 4
1329 2
1331 1
1332 3
1333 4
1334 2
1335 2
1336 3
1337 1
1338 4
1339 2
1340 3
1341 1
1342 6
1343 5
1344 2
1345 2
1346 1
1347 4
1348 3
1349 2
1350 1
1351 1
1352 2
1353 1
1354 1
1355 3
1356 1
1357 4
1358 2
1359 3
1360 2
1362 2
1363 1
1364 1
1365 2
1366 2
1367 4
1368 6
1369 1
1370 2
1371 1
1372 2
1373 4
1374 1
1375 4
1376 3
1377 2
1378 2
1379 2
1380 2
1383 3
1384 2
1385 1
1386 1
1388 1
1389 2
1390 1
1392 1
1393 1
1395 3
1396 3
1397 1
1400 2
1403 2
1404 1
1405 1
1406 2
1408 4
1409 2
1410 1
1412 1
1414 1
1415 1
1416 3
1418 1
1419 2
1420 3
1421 1
1422 3
1423 2
1424 2
1425 2
1427 2
1428 2
1429 1
1430 1
1431 2
1434 2
1436 2
1437 1
1438 1
1441 3
1446 2
1447 2
1449 2
1451 1
1455 2
1456 1
1458 1
1459 1
1460 2
1461 2
1462 1
1464 2
1465 1
1466 1
1470 2
1472 1
1473 3
1474 1
1477 1
1479 1
1480 1
1484 1
1485 1
1486 1
1488 1
1490 2
1492 1
1494 2
1497 1
1498 1
1499 1
1500 2
1502 2
1503 1
1508 1
1509 2
1510 2
1515 2
1519 1
1520 1
1522 1
1526 1
1528 3
1531 1
1532 1
1534 2
1537 1
1547 1
1548 1
1551 1
1557 2
1559 1
1579 1
1595 1
