N J h mean_R_sq err_mean_R_sq mean_R_gyr_sq err_mean_R_gyr_sq 
2500 1.47 0 1600.46 22.9075 547.244 1.7873
343 1
345 1
348 1
352 1
354 1
355 1
361 1
365 1
367 1
368 1
369 1
370 1
372 1
373 1
377 3
379 1
382 1
386 1
387 1
389 1
391 1
392 1
393 1
394 1
396 4
398 1
399 1
400 2
403 1
404 4
405 2
406 3
409 3
410 3
411 1
412 2
413 3
414 2
415 1
416 3
417 3
418 1
419 3
420 1
421 1
423 4
424 3
425 1
426 2
427 3
428 1
429 1
430 2
431 2
432 1
433 2
434 3
435 4
436 2
438 1
439 4
440 3
441 2
442 2
444 3
445 3
446 2
447 2
448 4
449 4
450 3
451 4
453 1
454 3
455 5
456 5
457 4
458 3
459 2
460 5
461 1
462 4
463 2
464 3
465 2
466 4
467 3
468 1
469 3
470 1
471 2
472 1
473 2
474 6
475 1
476 3
477 6
478 3
479 4
480 2
481 2
482 5
483 4
484 4
485 7
486 6
487 4
488 4
489 5
490 4
491 4
492 3
493 2
494 4
495 4
496 2
497 4
498 8
499 4
500 4
501 5
502 8
503 7
504 5
505 3
506 4
507 8
508 6
509 2
510 4
511 4
512 6
513 4
514 6
515 1
516 7
517 2
518 6
519 6
520 4
521 7
522 5
523 3
524 6
525 5
526 3
527 6
528 8
529 5
530 5
531 6
532 7
533 9
534 5
535 9
536 7
537 5
538 3
539 4
540 9
541 4
542 3
543 7
544 8
545 2
546 5
547 7
548 8
549 5
550 5
551 6
552 6
553 6
554 4
555 5
556 3
557 5
558 3
559 8
560 3
561 5
562 3
563 6
564 8
565 9
566 10
567 7
568 6
569 4
570 6
571 9
572 5
573 7
574 6
575 9
576 6
577 9
578 6
579 4
580 7
581 10
582 11
583 5
584 11
585 6
586 6
587 3
588 11
589 7
590 7
591 7
592 7
593 9
594 6
595 7
596 9
597 9
598 5
599 4
600 4
601 4
602 5
603 5
604 5
605 5
606 3
607 4
608 3
609 9
610 4
611 8
612 6
613 7
614 6
615 5
616 6
617 7
618 5
619 5
620 6
621 8
622 6
623 7
624 9
625 8
626 8
627 6
628 13
629 3
630 7
631 9
632 10
633 4
634 5
635 4
636 7
637 12
638 5
639 6
640 9
641 1
642 7
643 8
644 7
645 6
646 7
647 11
648 6
649 7
650 10
651 3
652 5
653 7
654 3
655 5
656 10
657 3
658 8
659 7
660 7
661 4
662 5
663 5
664 6
665 11
666 4
667 2
668 8
669 5
670 6
671 6
672 10
673 8
674 13
675 8
676 2
677 11
678 10
679 10
680 3
681 9
682 3
683 4
684 7
685 6
686 3
687 6
688 6
689 3
690 5
691 6
692 6
693 5
694 6
695 6
696 10
697 8
698 2
699 5
700 4
701 2
702 9
703 4
704 9
705 6
706 5
707 3
708 6
709 6
710 5
711 7
712 5
713 8
714 2
715 8
716 7
717 3
718 4
719 6
720 7
721 5
722 14
723 7
724 7
725 8
726 4
727 6
728 7
729 5
730 8
731 6
732 5
733 8
734 8
735 8
736 5
737 8
738 4
739 6
740 4
741 9
742 4
743 4
744 8
745 7
746 10
747 8
748 7
749 5
750 8
751 11
752 10
753 9
754 4
755 8
756 3
757 5
758 5
759 7
760 5
761 8
762 7
763 6
764 4
765 9
766 10
767 5
768 8
769 2
770 1
771 14
772 2
773 10
774 5
775 7
776 5
777 7
778 6
779 8
780 7
781 8
782 8
783 10
784 10
785 6
786 3
787 10
788 5
789 7
790 7
791 9
792 5
793 5
794 4
795 11
796 2
797 5
798 11
799 6
800 5
801 6
802 6
803 3
804 3
805 7
806 6
807 8
808 4
809 10
810 2
811 4
812 6
813 5
814 7
815 7
816 8
817 3
818 1
819 4
820 6
821 5
822 7
823 8
824 2
825 11
826 3
827 9
828 9
829 9
830 2
831 7
832 7
833 4
834 6
835 6
836 2
837 7
838 7
839 7
840 6
841 8
842 4
843 7
844 3
845 6
846 3
847 3
848 4
849 3
850 2
851 6
852 5
853 7
854 3
855 2
856 6
857 3
858 3
859 12
860 5
861 5
862 6
863 7
864 5
865 5
866 4
867 5
868 2
869 4
870 10
871 4
872 5
873 3
874 2
875 3
876 3
877 9
878 2
879 6
880 6
881 7
882 8
883 4
884 7
885 8
886 7
887 3
888 6
889 7
890 2
891 3
892 9
893 8
894 6
895 8
896 2
897 11
898 5
899 6
900 4
901 8
902 3
903 7
904 3
905 3
906 7
907 7
908 8
909 3
910 7
911 4
912 7
913 5
914 7
915 5
916 4
917 4
918 8
919 5
920 4
921 7
922 5
923 8
924 10
925 5
926 8
927 3
928 7
929 9
930 4
931 4
932 4
933 5
934 11
935 10
936 4
937 2
938 7
939 7
940 5
941 3
942 5
943 6
944 4
945 1
946 5
947 3
948 9
949 4
950 5
951 8
952 3
953 5
954 6
955 7
956 5
957 5
958 7
959 4
960 2
961 5
962 8
963 2
964 8
965 4
966 3
967 10
968 8
969 5
970 5
971 5
972 8
973 3
974 2
975 9
976 9
977 1
978 5
979 10
980 10
981 1
982 3
983 5
984 6
985 6
986 6
987 7
988 4
989 2
990 3
991 5
992 8
993 4
994 6
995 8
996 1
997 6
998 6
999 2
1000 6
1001 4
1002 6
1003 2
1004 8
1005 11
1006 2
1007 5
1008 3
1009 4
1010 6
1011 1
1012 11
1013 6
1014 10
1015 6
1016 4
1017 6
1018 4
1019 2
1020 7
1021 6
1022 12
1023 7
1024 8
1025 3
1026 5
1027 5
1028 4
1029 8
1030 8
1031 2
1032 11
1033 3
1034 5
1035 5
1036 2
1037 4
1038 7
1039 2
1040 4
1041 2
1042 5
1043 7
1044 3
1045 11
1046 5
1047 8
1048 4
1049 3
1050 5
1051 8
1052 9
1053 2
1054 5
1055 4
1056 7
1057 5
1058 6
1059 9
1060 7
1061 4
1062 2
1063 10
1064 3
1065 8
1066 8
1067 5
1068 3
1069 12
1070 3
1071 6
1072 4
1073 6
1074 6
1075 4
1076 6
1077 6
1078 3
1079 8
1080 13
1081 7
1082 6
1083 7
1084 3
1085 4
1086 7
1087 5
1088 7
1089 8
1090 8
1091 6
1092 6
1093 2
1094 2
1095 3
1096 6
1097 4
1098 5
1099 5
1100 12
1101 4
1102 2
1103 7
1104 5
1106 3
1107 7
1108 2
1109 5
1110 3
1111 5
1112 7
1113 8
1114 10
1115 5
1116 5
1117 5
1118 9
1119 5
1120 3
1121 7
1122 2
1123 6
1124 6
1125 4
1126 10
1127 6
1128 6
1129 6
1130 14
1131 5
1132 8
1133 9
1134 2
1135 3
1136 9
1137 6
1138 5
1139 9
1140 7
1141 9
1142 5
1143 7
1144 4
1145 6
1146 4
1147 7
1148 8
1149 4
1150 4
1151 3
1152 8
1153 4
1154 5
1155 7
1156 6
1157 1
1158 6
1159 5
1160 10
1161 8
1162 6
1163 4
1164 8
1165 7
1166 9
1167 2
1168 3
1169 7
1170 7
1171 3
1172 8
1173 3
1174 5
1175 8
1176 8
1177 5
1178 6
1179 8
1180 10
1181 4
1182 5
1183 8
1184 3
1185 5
1186 5
1187 4
1188 9
1189 4
1190 5
1191 5
1192 7
1193 7
1194 4
1195 5
1196 8
1197 6
1198 8
1199 4
1200 8
1201 6
1202 4
1203 11
1204 5
1205 6
1206 7
1207 6
1208 4
1209 6
1210 11
1211 12
1212 7
1213 4
1214 10
1215 9
1216 5
1217 11
1218 7
1219 7
1220 7
1221 7
1222 6
1223 7
1224 6
1225 5
1226 9
1227 5
1228 9
1229 6
1230 7
1231 5
1232 6
1233 4
1234 6
1235 11
1236 3
1237 8
1238 5
1239 4
1240 5
1241 3
1242 6
1243 6
1244 10
1245 8
1246 10
1247 3
1248 4
1249 4
1250 5
1251 11
1252 5
1253 5
1254 6
1255 10
1256 9
1257 6
1258 10
1259 3
1260 8
1261 4
1262 4
1263 3
1264 4
1265 9
1266 6
1267 10
1268 6
1269 4
1270 7
1271 7
1272 8
1273 3
1274 5
1275 10
1276 2
1277 5
1278 9
1279 10
1280 8
1281 11
1282 6
1283 7
1284 5
1285 8
1286 3
1287 5
1288 7
1289 6
1290 2
1291 3
1292 8
1293 10
1294 6
1295 2
1296 7
1297 4
1298 2
1299 5
1300 2
1301 8
1302 9
1303 4
1304 3
1305 7
1306 9
1307 10
1308 13
1309 11
1310 6
1311 5
1312 5
1313 9
1314 9
1315 6
1316 4
1317 7
1318 7
1319 8
1320 8
1321 6
1322 4
1323 8
1324 7
1325 4
1326 5
1327 6
1328 6
1329 7
1330 3
1331 4
1332 6
1333 6
1334 9
1335 8
1336 7
1337 6
1338 8
1339 3
1340 10
1341 16
1342 5
1343 7
1344 4
1345 5
1346 4
1347 6
1348 5
1349 3
1350 10
1351 11
1352 8
1353 3
1354 9
1355 10
1356 5
1357 5
1358 2
1359 14
1360 9
1361 4
1362 6
1363 6
1364 14
1365 10
1366 12
1367 4
1368 9
1369 8
1370 6
1371 4
1372 6
1373 9
1374 10
1375 12
1376 14
1377 5
1378 5
1379 14
1380 8
1381 9
1382 5
1383 5
1384 5
1385 5
1386 7
1387 6
1388 3
1389 3
1390 5
1391 5
1392 5
1393 7
1394 9
1395 7
1396 7
1397 5
1398 7
1399 8
1400 7
1401 9
1402 6
1403 8
1404 9
1405 7
1406 5
1407 4
1408 4
1409 8
1410 3
1411 6
1412 7
1413 11
1414 7
1415 6
1416 11
1417 4
1418 1
1419 8
1420 13
1421 3
1422 14
1423 5
1424 4
1425 6
1426 8
1427 7
1428 9
1429 4
1430 5
1431 4
1432 7
1433 4
1434 6
1435 13
1436 8
1437 10
1438 11
1439 8
1440 9
1441 12
1442 4
1443 6
1444 7
1445 10
1446 6
1447 7
1448 3
1449 10
1450 3
1451 7
1452 8
1453 8
1454 7
1455 8
1456 7
1457 5
1458 3
1459 2
1460 8
1461 2
1462 6
1463 7
1464 8
1465 5
1466 4
1467 8
1468 4
1469 10
1470 5
1471 7
1472 6
1473 2
1474 8
1475 9
1476 9
1477 5
1478 2
1479 5
1480 2
1481 3
1482 5
1483 7
1485 3
1486 6
1487 3
1488 5
1489 10
1490 10
1491 2
1492 8
1493 4
1494 4
1495 5
1496 1
1497 6
1498 5
1499 3
1500 4
1501 4
1502 5
1503 5
1504 7
1505 2
1506 3
1507 3
1508 4
1509 3
1510 7
1511 8
1512 7
1513 5
1514 6
1515 2
1516 3
1517 4
1518 5
1519 4
1520 3
1521 5
1522 6
1523 2
1524 3
1525 7
1526 1
1527 5
1528 5
1529 5
1530 2
1531 4
1532 1
1533 5
1534 1
1535 7
1536 4
1537 5
1538 2
1539 6
1540 4
1541 2
1542 3
1543 5
1544 4
1545 4
1546 5
1547 1
1548 1
1549 3
1550 6
1551 2
1552 2
1553 5
1554 1
1555 1
1556 4
1557 4
1558 8
1560 2
1562 3
1563 1
1564 1
1565 3
1566 1
1568 3
1569 1
1570 1
1571 1
1572 3
1573 2
1574 2
1575 2
1576 1
1577 3
1578 3
1579 2
1580 1
1581 2
1582 1
1583 5
1584 1
1585 2
1586 3
1587 2
1588 3
1589 2
1592 1
1593 2
1594 2
1595 6
1597 3
1598 2
1600 1
1601 1
1602 1
1604 1
1606 1
1609 2
1610 1
1614 1
1617 1
1620 1
1622 1
1624 1
1627 2
1630 1
1631 1
1632 1
1635 1
1637 1
1638 1
1641 1
1647 1
1656 1
1669 1
1675 1
1712 1
