N J h mean_R_sq err_mean_R_sq mean_R_gyr_sq err_mean_R_gyr_sq 
4900 1.425 0 4681.6 942.24 1344.27 128.544
450 1
478 1
480 1
490 1
492 2
499 1
501 1
513 1
514 2
516 1
518 1
519 1
521 1
522 3
523 1
524 1
525 1
526 2
528 2
529 5
530 2
532 2
533 3
534 3
535 1
536 1
538 3
539 1
540 1
541 1
542 3
543 2
544 1
545 1
546 2
547 1
548 2
549 1
550 3
552 4
553 3
554 1
556 4
557 3
558 3
559 3
560 3
561 2
562 5
563 5
564 1
565 5
566 4
568 3
569 3
570 4
571 5
572 3
573 2
574 4
575 4
576 2
577 1
578 1
579 4
580 3
581 7
582 1
583 2
584 4
585 3
586 6
587 4
588 2
589 2
590 3
591 4
592 4
593 4
594 6
595 6
596 4
597 2
598 4
599 8
600 3
601 4
602 3
603 2
604 6
605 8
606 2
608 6
609 5
610 1
611 4
612 5
613 6
614 9
615 5
616 2
617 5
618 6
619 7
620 5
621 7
622 4
623 5
624 9
625 8
626 3
627 8
628 9
629 6
630 12
631 10
632 9
633 11
634 6
635 3
636 9
637 7
638 8
639 9
640 3
641 5
642 11
643 5
644 13
645 7
646 8
647 6
648 10
649 1
650 3
651 11
652 6
653 7
654 4
655 5
656 6
657 10
658 7
659 6
660 9
661 9
662 9
663 11
664 12
665 4
666 7
667 13
668 9
669 5
670 9
671 10
672 10
673 5
674 7
675 12
676 6
677 10
678 3
679 4
680 14
681 5
682 11
683 12
684 8
685 16
686 6
687 7
688 4
689 6
690 10
691 12
692 6
693 10
694 9
695 14
696 6
697 7
698 8
699 12
700 11
701 8
702 10
703 12
704 6
705 11
706 10
707 15
708 8
709 8
710 6
711 11
712 11
713 13
714 3
715 13
716 15
717 10
718 15
719 10
720 9
721 10
722 8
723 6
724 10
725 10
726 6
727 8
728 9
729 13
730 9
731 7
732 8
733 17
734 8
735 13
736 9
737 13
738 8
739 16
740 14
741 8
742 17
743 18
744 10
745 11
746 16
747 18
748 8
749 12
750 11
751 13
752 8
753 14
754 16
755 10
756 7
757 13
758 13
759 20
760 8
761 17
762 20
763 14
764 10
765 7
766 15
767 7
768 8
769 10
770 13
771 16
772 15
773 15
774 12
775 21
776 12
777 23
778 14
779 17
780 16
781 17
782 18
783 13
784 16
785 8
786 10
787 14
788 14
789 16
790 21
791 16
792 16
793 15
794 7
795 11
796 13
797 11
798 18
799 17
800 18
801 14
802 15
803 15
804 16
805 20
806 12
807 13
808 15
809 13
810 22
811 18
812 13
813 11
814 16
815 19
816 17
817 19
818 16
819 15
820 16
821 13
822 14
823 19
824 16
825 21
826 14
827 14
828 10
829 14
830 10
831 16
832 19
833 20
834 12
835 12
836 13
837 12
838 17
839 14
840 23
841 16
842 13
843 18
844 18
845 11
846 13
847 19
848 12
849 21
850 27
851 15
852 12
853 12
854 9
855 14
856 13
857 6
858 17
859 20
860 14
861 17
862 17
863 17
864 17
865 15
866 10
867 12
868 17
869 25
870 15
871 11
872 15
873 28
874 22
875 22
876 15
877 18
878 19
879 20
880 15
881 17
882 15
883 14
884 22
885 16
886 15
887 23
888 22
889 15
890 16
891 17
892 14
893 21
894 10
895 18
896 19
897 17
898 15
899 16
900 12
901 14
902 12
903 23
904 23
905 13
906 23
907 14
908 17
909 22
910 22
911 13
912 13
913 19
914 13
915 19
916 10
917 17
918 16
919 20
920 22
921 14
922 15
923 6
924 15
925 23
926 21
927 13
928 17
929 14
930 21
931 25
932 14
933 15
934 22
935 15
936 17
937 19
938 21
939 19
940 15
941 21
942 18
943 17
944 21
945 17
946 16
947 15
948 17
949 16
950 14
951 17
952 16
953 16
954 11
955 19
956 21
957 14
958 23
959 18
960 9
961 16
962 19
963 15
964 15
965 14
966 22
967 12
968 18
969 16
970 13
971 22
972 27
973 16
974 16
975 19
976 18
977 14
978 14
979 21
980 24
981 15
982 15
983 24
984 25
985 19
986 14
987 23
988 16
989 12
990 24
991 21
992 9
993 18
994 16
995 18
996 19
997 13
998 16
999 13
1000 20
1001 15
1002 22
1003 20
1004 18
1005 16
1006 11
1007 17
1008 20
1009 20
1010 29
1011 20
1012 11
1013 22
1014 14
1015 19
1016 23
1017 19
1018 17
1019 17
1020 20
1021 13
1022 17
1023 16
1024 18
1025 19
1026 14
1027 16
1028 17
1029 18
1030 14
1031 30
1032 22
1033 29
1034 7
1035 14
1036 20
1037 18
1038 23
1039 20
1040 16
1041 27
1042 23
1043 15
1044 14
1045 18
1046 17
1047 20
1048 20
1049 14
1050 14
1051 21
1052 21
1053 18
1054 21
1055 22
1056 17
1057 8
1058 16
1059 20
1060 16
1061 23
1062 21
1063 19
1064 13
1065 18
1066 17
1067 22
1068 17
1069 28
1070 18
1071 12
1072 14
1073 14
1074 15
1075 17
1076 18
1077 16
1078 10
1079 20
1080 15
1081 14
1082 22
1083 12
1084 11
1085 20
1086 14
1087 12
1088 15
1089 24
1090 22
1091 10
1092 24
1093 15
1094 8
1095 14
1096 11
1097 16
1098 16
1099 13
1100 20
1101 19
1102 12
1103 20
1104 28
1105 15
1106 19
1107 15
1108 11
1109 13
1110 13
1111 19
1112 16
1113 17
1114 18
1115 14
1116 15
1117 18
1118 26
1119 18
1120 17
1121 19
1122 15
1123 17
1124 18
1125 15
1126 21
1127 19
1128 14
1129 26
1130 20
1131 15
1132 12
1133 23
1134 13
1135 16
1136 23
1137 18
1138 13
1139 11
1140 16
1141 14
1142 21
1143 18
1144 10
1145 11
1146 15
1147 18
1148 17
1149 20
1150 19
1151 10
1152 16
1153 14
1154 17
1155 8
1156 12
1157 20
1158 14
1159 14
1160 15
1161 11
1162 16
1163 20
1164 14
1165 18
1166 18
1167 15
1168 18
1169 15
1170 22
1171 13
1172 12
1173 8
1174 16
1175 8
1176 22
1177 20
1178 19
1179 17
1180 19
1181 16
1182 9
1183 16
1184 10
1185 21
1186 16
1187 13
1188 12
1189 18
1190 12
1191 11
1192 11
1193 17
1194 11
1195 9
1196 16
1197 15
1198 15
1199 20
1200 14
1201 9
1202 11
1203 14
1204 18
1205 11
1206 16
1207 12
1208 21
1209 15
1210 8
1211 10
1212 13
1213 13
1214 9
1215 9
1216 10
1217 19
1218 20
1219 16
1220 15
1221 11
1222 13
1223 11
1224 13
1225 20
1226 9
1227 10
1228 6
1229 12
1230 11
1231 11
1232 11
1233 12
1234 12
1235 14
1236 19
1237 19
1238 10
1239 14
1240 15
1241 15
1242 13
1243 12
1244 12
1245 11
1246 12
1247 12
1248 15
1249 18
1250 11
1251 15
1252 7
1253 10
1254 6
1255 13
1256 17
1257 9
1258 9
1259 14
1260 14
1261 9
1262 10
1263 9
1264 7
1265 21
1266 8
1267 11
1268 13
1269 5
1270 9
1271 12
1272 5
1273 19
1274 13
1275 9
1276 14
1277 10
1278 11
1279 10
1280 12
1281 6
1282 12
1283 14
1284 12
1285 14
1286 12
1287 12
1288 7
1289 9
1290 4
1291 20
1292 4
1293 11
1294 8
1295 12
1296 10
1297 9
1298 9
1299 6
1300 8
1301 12
1302 14
1303 11
1304 6
1305 12
1306 12
1307 8
1308 8
1309 8
1310 14
1311 7
1312 9
1313 18
1314 9
1315 11
1316 4
1317 10
1318 20
1319 12
1320 10
1321 9
1322 9
1323 11
1324 4
1325 8
1326 5
1327 8
1328 10
1329 4
1330 6
1331 10
1332 12
1333 9
1334 12
1335 11
1336 8
1337 5
1338 9
1339 6
1340 5
1341 10
1342 7
1343 5
1344 3
1345 10
1346 7
1347 3
1348 4
1349 9
1350 10
1351 6
1352 8
1353 8
1354 6
1355 7
1356 8
1357 7
1358 7
1359 7
1360 5
1361 6
1362 6
1363 8
1364 9
1365 6
1366 6
1367 2
1368 7
1369 4
1370 4
1371 6
1372 6
1373 4
1374 5
1375 3
1376 6
1377 9
1378 5
1379 7
1380 4
1381 9
1382 4
1383 8
1384 3
1385 5
1386 6
1387 5
1388 7
1389 7
1390 4
1391 7
1392 7
1393 3
1394 1
1395 3
1396 4
1397 8
1398 5
1400 9
1401 3
1402 4
1403 10
1404 3
1405 1
1406 5
1407 3
1408 1
1409 2
1410 2
1411 6
1412 4
1413 5
1414 5
1415 2
1416 4
1417 7
1418 2
1419 4
1420 1
1421 6
1422 3
1423 3
1424 5
1425 2
1426 2
1427 4
1428 1
1430 3
1431 6
1432 4
1433 3
1434 3
1435 3
1436 4
1437 3
1438 1
1439 1
1440 4
1441 4
1442 2
1443 1
1444 3
1445 2
1446 1
1447 3
1448 3
1449 2
1450 4
1451 4
1454 2
1455 1
1456 1
1459 1
1460 1
1462 1
1463 1
1464 2
1465 1
1466 4
1467 2
1468 2
1471 3
1472 2
1473 1
1474 1
1475 1
1476 4
1477 1
1478 1
1479 1
1480 3
1481 2
1485 2
1486 2
1488 1
1489 2
1492 1
1493 1
1495 1
1496 3
1497 2
1501 1
1503 1
1505 1
1508 1
1509 1
1512 1
1513 1
1514 1
1518 1
1522 1
1527 1
1529 1
1531 1
1533 2
1537 1
1550 1
