N J h mean_R_sq err_mean_R_sq mean_R_gyr_sq err_mean_R_gyr_sq 
2500 1.364 0 9418.26 316.026 1672.08 32.7856
629 1
660 1
689 1
692 1
696 1
700 1
707 1
714 1
716 1
721 1
728 1
731 1
732 1
734 1
735 1
736 1
740 1
743 2
745 1
747 2
748 1
749 1
750 2
751 1
752 1
753 1
755 1
756 1
757 2
759 2
760 1
761 1
764 1
765 1
766 1
768 1
769 2
772 2
773 1
774 3
775 1
777 1
778 2
779 2
781 2
783 1
784 1
785 3
786 1
787 1
788 1
789 4
791 2
796 2
797 2
798 4
799 4
801 1
802 5
803 1
804 1
805 2
806 2
807 1
809 2
810 2
811 1
812 5
813 1
814 2
815 4
816 2
817 3
818 1
819 5
820 2
821 4
822 3
823 2
824 3
825 2
826 1
827 1
828 4
829 4
830 1
831 5
832 4
833 3
835 3
836 1
837 5
838 6
839 1
840 4
841 7
842 5
843 3
844 6
845 3
847 4
848 2
849 5
850 6
851 8
852 8
853 4
854 4
855 3
856 3
858 1
859 4
860 3
861 1
862 5
863 5
864 4
865 5
866 6
867 7
868 6
869 5
870 8
871 4
872 3
873 4
874 3
875 3
876 6
877 9
878 6
879 3
880 5
881 8
882 4
883 6
884 9
885 4
886 10
887 6
888 8
889 11
890 8
891 6
892 8
893 8
894 9
895 5
896 4
897 8
898 5
899 12
900 6
901 5
902 9
903 10
904 10
905 3
906 6
907 12
908 9
909 8
910 8
911 8
912 10
913 9
914 12
915 6
916 10
917 12
918 4
919 13
920 22
921 7
922 5
923 9
924 9
925 12
926 4
927 11
928 11
929 10
930 13
931 7
932 9
933 5
934 11
935 10
936 7
937 11
938 14
939 9
940 11
941 10
942 16
943 10
944 11
945 4
946 8
947 12
948 9
949 12
950 12
951 12
952 7
953 5
954 8
955 7
956 9
957 10
958 13
959 16
960 14
961 15
962 11
963 11
964 10
965 8
966 12
967 11
968 11
969 12
970 11
971 12
972 8
973 15
974 8
975 17
976 11
977 14
978 7
979 13
980 14
981 11
982 15
983 10
984 12
985 14
986 8
987 11
988 8
989 11
990 9
991 13
992 12
993 13
994 10
995 9
996 7
997 12
998 9
999 7
1000 6
1001 11
1002 12
1003 11
1004 18
1005 9
1006 12
1007 15
1008 16
1009 8
1010 7
1011 8
1012 11
1013 11
1014 11
1015 8
1016 12
1017 14
1018 7
1019 14
1020 9
1021 11
1022 11
1023 17
1024 11
1025 10
1026 11
1027 19
1028 14
1029 9
1030 6
1031 6
1032 8
1033 7
1034 9
1035 15
1036 12
1037 8
1038 8
1039 12
1040 15
1041 7
1042 8
1043 6
1044 9
1045 8
1046 8
1047 16
1048 4
1049 9
1050 15
1051 6
1052 11
1053 13
1054 9
1055 9
1056 12
1057 9
1058 14
1059 3
1060 5
1061 9
1062 8
1063 6
1064 9
1065 7
1066 8
1067 8
1068 8
1069 8
1070 6
1071 11
1072 10
1073 12
1074 7
1075 8
1076 9
1077 9
1078 13
1079 10
1080 3
1081 9
1082 9
1083 9
1084 5
1085 16
1086 8
1087 14
1088 11
1089 7
1090 4
1091 5
1092 4
1093 9
1094 10
1095 9
1096 8
1097 6
1098 9
1099 6
1100 4
1101 10
1102 6
1103 5
1104 5
1105 5
1106 9
1107 6
1108 9
1109 15
1110 5
1111 4
1112 9
1113 8
1114 4
1115 4
1116 7
1117 7
1118 7
1119 8
1120 7
1121 9
1122 6
1123 5
1124 5
1125 7
1126 9
1127 3
1128 6
1129 7
1130 2
1131 4
1132 6
1133 6
1134 6
1135 2
1136 4
1137 8
1138 4
1139 2
1140 6
1141 2
1142 11
1143 5
1144 5
1145 2
1146 5
1147 8
1148 5
1149 2
1150 5
1151 4
1152 4
1153 6
1154 3
1155 6
1156 3
1157 2
1158 6
1159 3
1160 5
1161 4
1162 6
1163 6
1164 1
1165 6
1166 3
1167 1
1168 7
1169 3
1170 2
1172 4
1173 3
1174 2
1175 3
1176 3
1177 3
1178 4
1179 3
1180 4
1181 5
1182 2
1183 1
1185 2
1186 2
1187 3
1188 2
1189 1
1190 1
1191 1
1193 3
1194 4
1195 4
1196 1
1197 2
1198 2
1199 1
1200 2
1201 1
1202 5
1203 4
1204 1
1206 3
1207 2
1209 3
1211 2
1212 2
1213 1
1216 2
1217 2
1218 1
1219 1
1220 2
1221 1
1222 2
1223 1
1224 1
1225 1
1226 1
1227 2
1228 2
1230 1
1232 1
1233 1
1235 1
1237 2
1238 1
1239 1
1243 2
1244 1
1246 2
1247 1
1250 1
1251 2
1252 1
1253 1
1261 1
1263 1
1264 1
1270 1
1272 1
1283 1
1290 1
1296 1
1300 1
1301 1
1303 2
1312 1
1316 1
1318 1
1326 1
1328 1
