N J h mean_R_sq err_mean_R_sq mean_R_gyr_sq err_mean_R_gyr_sq 
3600 1.36 0 17894.4 1982.71 3082.68 303.962
2975 1
3013 2
3024 1
3027 1
3030 1
3032 1
3035 1
3037 1
3040 1
3043 1
3044 1
3045 2
3048 3
3049 2
3051 2
3052 1
3053 1
3054 2
3055 1
3056 2
3057 4
3058 3
3059 3
3060 3
3061 4
3063 4
3064 3
3065 3
3066 1
3067 4
3068 6
3069 6
3070 14
3071 5
3072 7
3073 19
3074 10
3075 10
3076 10
3077 11
3078 12
3079 13
3080 16
3081 7
3082 19
3083 19
3084 20
3085 15
3086 31
3087 21
3088 19
3089 28
3090 29
3091 29
3092 36
3093 35
3094 23
3095 34
3096 23
3097 41
3098 36
3099 38
3100 53
3101 42
3102 36
3103 42
3104 56
3105 53
3106 47
3107 52
3108 48
3109 61
3110 57
3111 60
3112 51
3113 62
3114 68
3115 46
3116 70
3117 51
3118 50
3119 59
3120 60
3121 72
3122 65
3123 72
3124 60
3125 74
3126 73
3127 58
3128 75
3129 63
3130 67
3131 61
3132 54
3133 65
3134 50
3135 70
3136 64
3137 67
3138 70
3139 74
3140 67
3141 57
3142 50
3143 57
3144 67
3145 50
3146 46
3147 61
3148 47
3149 52
3150 46
3151 47
3152 49
3153 45
3154 51
3155 52
3156 41
3157 37
3158 44
3159 42
3160 39
3161 23
3162 35
3163 22
3164 29
3165 33
3166 29
3167 28
3168 25
3169 17
3170 26
3171 20
3172 25
3173 22
3174 13
3175 13
3176 23
3177 8
3178 25
3179 17
3180 14
3181 13
3182 17
3183 11
3184 9
3185 15
3186 13
3187 5
3188 13
3189 10
3190 8
3191 6
3192 9
3193 8
3194 4
3195 8
3196 1
3197 9
3198 5
3199 5
3200 1
3201 7
3202 3
3203 4
3204 3
3205 3
3206 4
3207 3
3208 4
3210 1
3211 1
3212 3
3213 2
3214 2
3215 2
3216 1
3217 2
3218 2
3220 2
3221 1
3222 1
3223 1
3224 1
3227 1
3235 1
