N J h mean_R_sq err_mean_R_sq mean_R_gyr_sq err_mean_R_gyr_sq 
2500 1.46 0 1877.34 183.36 592.061 26.2147
352 1
359 1
370 1
374 1
377 1
384 1
386 2
390 1
396 1
400 2
402 1
405 1
407 1
408 1
409 1
413 1
415 1
418 1
419 1
421 2
422 1
423 1
424 1
425 1
426 1
429 1
432 2
434 1
435 1
436 2
437 1
438 1
439 1
440 1
441 2
442 2
443 3
444 1
445 1
446 2
448 3
449 2
450 3
451 1
452 1
453 1
454 2
457 3
458 1
460 2
461 1
462 1
463 4
464 2
465 1
469 5
470 1
471 2
472 2
473 2
474 3
475 4
476 1
477 1
478 4
479 2
481 1
482 1
483 3
484 2
485 1
486 1
487 2
488 1
489 2
490 2
491 2
492 3
493 2
494 3
495 2
496 5
497 1
498 5
499 2
500 6
502 2
503 2
504 1
505 2
506 2
507 1
508 2
509 1
510 2
511 7
512 4
513 3
514 4
515 1
516 3
517 2
518 2
520 2
521 2
522 6
524 4
525 5
526 3
527 3
528 1
529 3
530 3
531 9
532 4
533 5
534 1
535 2
536 3
537 3
538 3
539 8
540 2
541 3
542 11
543 6
544 3
545 2
546 4
547 3
548 5
549 3
551 2
552 1
553 5
555 4
556 1
557 1
558 4
559 2
560 2
561 2
562 2
563 3
564 3
565 5
566 6
568 4
569 4
570 2
571 5
572 5
573 4
574 1
575 6
576 5
577 2
578 7
579 4
580 3
581 4
582 4
583 2
584 5
585 3
586 5
587 3
588 7
589 5
590 5
591 2
592 8
593 5
594 3
595 2
596 6
597 6
598 2
599 4
600 3
601 3
602 6
603 6
604 6
605 6
606 5
607 3
608 5
609 6
610 3
611 3
612 5
613 6
614 3
615 4
616 2
617 2
618 4
619 7
620 5
621 2
622 3
623 2
624 2
625 5
626 4
627 1
628 5
629 4
630 6
631 3
632 4
633 2
634 2
635 3
636 2
637 4
638 4
639 7
640 7
641 7
642 7
643 4
644 5
645 2
646 5
647 5
648 6
649 6
650 4
651 5
652 4
653 7
654 5
655 4
656 6
657 6
659 5
660 5
661 6
662 2
663 1
664 3
665 5
666 6
667 2
668 5
669 6
670 6
671 3
672 3
673 1
674 7
675 4
676 2
677 3
678 6
679 3
680 5
681 1
682 8
683 5
684 3
685 3
687 1
688 4
689 6
690 2
691 5
692 6
693 3
694 7
695 4
696 5
697 4
698 3
699 6
700 3
701 5
702 3
703 1
704 2
705 1
706 4
707 4
708 2
709 4
710 6
711 3
712 3
713 3
714 8
715 1
716 5
717 6
718 7
719 2
720 4
721 6
722 5
723 2
724 3
725 5
726 4
727 6
728 3
729 2
731 4
732 4
733 4
734 5
735 6
736 3
737 9
738 7
739 6
740 4
741 3
742 3
743 3
744 4
745 3
746 6
747 1
748 4
749 3
750 3
751 1
752 3
753 3
754 2
755 4
756 2
757 5
758 4
759 5
760 2
761 3
762 6
763 4
764 1
765 3
766 3
767 5
768 2
769 5
770 7
771 1
772 4
773 3
774 2
775 2
776 6
777 5
778 3
779 5
780 3
781 8
782 4
783 6
784 4
785 6
786 4
787 2
788 2
789 1
790 2
791 6
793 4
794 4
795 2
796 6
797 1
798 3
799 5
800 3
801 9
802 3
803 2
804 5
805 2
806 5
807 6
808 3
809 4
810 3
811 1
812 4
813 6
814 3
815 6
816 3
817 3
818 1
819 9
820 5
821 5
822 4
823 4
824 7
825 2
826 10
827 2
828 5
829 4
830 3
831 3
833 8
834 1
835 3
836 4
837 2
838 4
839 3
840 3
841 3
842 4
843 5
844 2
845 6
846 1
847 4
848 2
849 6
850 2
851 2
852 4
853 2
854 1
855 5
856 2
857 3
858 2
859 2
860 6
861 4
862 5
863 6
864 7
865 4
866 1
867 2
868 4
869 5
871 4
872 3
873 5
874 2
875 1
876 1
877 5
878 1
879 3
881 6
882 4
883 4
884 2
885 4
886 9
887 6
888 3
889 4
890 8
891 3
892 3
893 2
894 2
895 4
896 3
897 4
898 5
899 4
900 5
901 8
902 4
903 3
904 5
905 2
906 3
907 7
908 4
909 3
910 2
911 4
912 1
913 1
914 5
915 7
916 2
917 2
918 8
919 2
920 4
921 5
922 5
923 7
924 5
925 3
926 2
927 4
928 2
929 4
930 2
931 4
932 1
933 2
934 4
935 4
936 3
937 3
938 6
939 5
940 4
941 2
942 4
943 3
944 4
945 3
946 4
947 4
948 1
949 7
950 1
951 1
953 2
954 2
955 4
956 5
957 3
958 3
959 1
960 6
961 1
962 1
963 5
964 2
965 2
966 5
967 1
968 8
969 2
970 6
971 5
972 5
973 4
974 4
975 6
976 4
977 3
978 3
979 2
980 2
981 2
982 3
983 7
984 3
985 6
986 3
987 4
988 1
989 2
990 4
991 4
992 4
993 5
994 1
995 2
996 3
997 4
998 4
999 2
1000 5
1001 6
1002 5
1003 4
1004 2
1005 3
1006 7
1007 4
1008 1
1009 4
1010 7
1011 2
1012 1
1013 3
1014 4
1015 5
1016 5
1017 3
1018 4
1019 4
1020 1
1021 4
1022 2
1023 3
1024 4
1025 2
1026 3
1027 4
1028 3
1029 3
1030 4
1031 10
1032 3
1033 6
1034 2
1035 3
1036 7
1037 2
1038 5
1039 4
1040 7
1041 2
1042 4
1043 3
1044 9
1045 6
1046 5
1047 3
1048 2
1049 3
1050 4
1051 4
1052 2
1053 4
1054 6
1055 3
1056 5
1057 2
1058 6
1059 4
1060 3
1061 4
1062 2
1063 4
1064 1
1065 1
1066 5
1067 5
1068 7
1069 4
1070 2
1071 4
1072 4
1073 5
1074 5
1075 3
1076 4
1077 5
1078 2
1079 3
1080 4
1081 2
1082 2
1083 5
1084 5
1085 2
1086 4
1087 2
1088 5
1089 5
1090 1
1091 2
1092 2
1093 4
1094 3
1095 5
1096 5
1097 4
1098 3
1099 3
1100 6
1101 3
1102 6
1103 6
1104 3
1105 3
1106 4
1107 7
1108 2
1109 1
1110 2
1111 5
1112 6
1113 4
1114 3
1115 1
1116 7
1117 5
1118 5
1119 2
1120 4
1121 3
1122 5
1123 2
1124 3
1125 2
1126 3
1127 3
1128 4
1129 4
1130 4
1131 4
1132 4
1133 9
1134 4
1135 3
1136 2
1137 4
1138 4
1139 3
1140 5
1141 5
1142 5
1143 3
1144 2
1145 4
1146 4
1147 5
1148 3
1149 7
1150 5
1151 5
1152 3
1153 5
1154 1
1155 5
1156 4
1157 5
1158 4
1159 4
1160 2
1161 2
1162 3
1163 3
1164 2
1165 2
1166 6
1167 4
1168 7
1169 2
1170 4
1171 5
1172 4
1173 4
1174 3
1175 6
1176 7
1177 1
1178 9
1179 3
1180 6
1181 7
1182 6
1183 3
1184 3
1185 4
1186 1
1187 6
1188 3
1189 5
1190 3
1191 5
1192 2
1193 4
1194 6
1195 3
1196 3
1197 5
1198 3
1199 5
1200 4
1201 5
1202 2
1203 4
1204 5
1205 3
1206 4
1207 3
1208 4
1209 6
1210 10
1211 6
1212 4
1213 5
1214 5
1215 2
1216 4
1217 2
1218 6
1219 3
1220 5
1221 4
1222 5
1223 3
1224 3
1225 2
1226 6
1227 2
1228 9
1229 1
1230 4
1231 4
1232 5
1233 6
1234 2
1235 8
1236 8
1237 3
1238 4
1239 2
1240 3
1241 3
1242 5
1243 2
1244 3
1245 2
1246 4
1247 2
1248 3
1249 7
1250 2
1251 2
1252 4
1253 5
1254 5
1255 3
1256 3
1257 7
1258 4
1259 5
1260 2
1261 4
1262 5
1263 7
1264 6
1265 4
1266 5
1267 4
1268 4
1269 12
1270 3
1271 1
1272 5
1273 7
1274 5
1275 4
1276 1
1277 4
1278 2
1279 5
1280 6
1281 3
1282 2
1283 3
1284 2
1285 3
1286 6
1287 5
1289 3
1290 5
1291 4
1292 6
1293 2
1294 2
1295 10
1296 5
1297 4
1298 1
1299 4
1300 2
1301 4
1302 7
1303 2
1304 6
1305 5
1306 4
1307 6
1308 3
1309 3
1310 3
1311 2
1312 3
1313 3
1314 2
1315 5
1316 7
1317 5
1318 3
1319 2
1320 5
1321 4
1322 5
1323 6
1324 6
1325 8
1326 2
1327 4
1328 8
1329 3
1330 3
1331 4
1332 2
1333 5
1334 7
1335 4
1336 3
1337 6
1338 2
1339 2
1340 4
1341 4
1342 3
1343 3
1344 5
1345 2
1346 3
1347 6
1348 4
1349 3
1350 1
1351 5
1352 10
1353 5
1354 4
1355 1
1356 3
1357 3
1358 3
1359 5
1360 3
1361 7
1362 4
1363 4
1364 2
1365 3
1366 1
1367 6
1368 6
1369 2
1370 4
1371 7
1372 6
1373 4
1374 6
1375 3
1376 6
1377 7
1379 5
1380 7
1381 5
1382 4
1383 2
1384 4
1385 4
1386 2
1387 5
1388 4
1389 3
1390 2
1391 3
1392 5
1393 8
1394 7
1395 4
1396 2
1397 3
1398 2
1400 4
1401 6
1402 6
1403 3
1404 2
1405 2
1406 5
1407 1
1408 7
1409 5
1410 4
1411 6
1412 5
1413 3
1414 4
1415 2
1416 4
1417 4
1418 7
1419 2
1420 3
1421 7
1422 6
1423 7
1424 3
1425 2
1426 4
1427 1
1428 3
1429 5
1430 5
1431 4
1432 2
1434 6
1435 6
1436 9
1437 7
1438 4
1439 2
1440 2
1441 4
1442 3
1443 1
1444 8
1445 4
1446 2
1447 5
1448 4
1450 2
1451 1
1452 5
1453 4
1454 2
1455 2
1456 4
1457 2
1458 4
1459 3
1461 4
1462 2
1464 6
1465 1
1466 5
1467 7
1468 2
1469 4
1470 2
1471 2
1472 2
1473 6
1474 2
1475 3
1476 1
1477 3
1478 8
1480 1
1481 5
1482 3
1483 5
1485 3
1486 2
1487 5
1488 2
1489 3
1490 4
1491 3
1492 4
1493 1
1494 5
1495 4
1496 2
1497 2
1498 3
1499 6
1500 1
1501 4
1502 2
1503 2
1504 2
1505 3
1507 2
1509 1
1510 5
1511 4
1512 2
1513 3
1514 2
1515 1
1516 1
1517 2
1518 2
1521 2
1522 2
1523 3
1524 3
1526 3
1527 2
1528 2
1529 1
1530 3
1531 1
1534 1
1535 1
1536 5
1537 3
1538 1
1539 2
1540 1
1541 1
1542 2
1543 1
1546 3
1547 1
1549 3
1550 1
1551 2
1554 2
1555 4
1556 1
1558 1
1559 1
1560 3
1561 2
1562 1
1563 1
1564 2
1565 3
1566 1
1567 2
1569 1
1570 3
1571 1
1572 1
1573 2
1577 1
1578 1
1579 2
1582 1
1584 1
1586 1
1587 1
1588 1
1589 2
1590 2
1592 2
1594 2
1595 1
1596 1
1597 1
1600 2
1603 2
1604 1
1606 1
1616 2
1620 2
1628 1
1629 1
1633 1
1638 1
