N J h mean_R_sq err_mean_R_sq mean_R_gyr_sq err_mean_R_gyr_sq 
3600 1.368 0 12283.7 352.729 2270.59 42.3178
1000 710
1001 696
1002 646
1003 563
1004 562
1005 578
1006 541
1007 524
1008 451
1009 418
1010 389
1011 396
1012 371
1013 338
1014 303
1015 274
1016 270
1017 294
1018 259
1019 263
1020 262
1021 226
1022 209
1023 191
1024 199
1025 178
1026 168
1027 165
1028 171
1029 155
1030 147
1031 133
1032 134
1033 112
1034 113
1035 110
1036 97
1037 68
1038 98
1039 89
1040 76
1041 72
1042 67
1043 64
1044 71
1045 60
1046 59
1047 52
1048 43
1049 46
1050 41
1051 36
1052 35
1053 36
1054 35
1055 32
1056 37
1057 35
1058 27
1059 28
1060 19
1061 19
1062 14
1063 32
1064 16
1065 16
1066 17
1067 22
1068 24
1069 17
1070 20
1071 18
1072 9
1073 20
1074 12
1075 16
1076 14
1077 8
1078 3
1079 7
1080 9
1081 9
1082 5
1083 5
1084 9
1085 5
1086 12
1087 6
1088 5
1089 1
1090 4
1091 4
1092 2
1093 3
1094 7
1095 3
1096 4
1097 2
1098 4
1099 5
1100 1
1101 5
1102 3
1104 2
1105 2
1106 2
1107 4
1108 3
1110 2
1111 1
1112 3
1113 1
1114 2
1115 1
1116 1
1117 1
1120 1
1122 1
1123 1
1127 2
1128 2
1131 1
1136 2
1138 1
1139 1
1143 1
1167 2
