N J h mean_R_sq err_mean_R_sq mean_R_gyr_sq err_mean_R_gyr_sq 
2500 1.364 0 9387.67 268.968 1671.42 30.2076
3019 1
3020 1
3022 2
3027 1
3029 1
3030 1
3031 1
3032 1
3033 1
3037 2
3041 1
3042 1
3043 1
3044 1
3045 1
3049 1
3050 1
3051 2
3052 2
3053 4
3054 4
3055 1
3056 3
3057 1
3058 1
3059 2
3060 1
3061 6
3062 8
3063 3
3064 4
3065 6
3066 1
3067 5
3068 7
3069 5
3070 6
3071 5
3072 7
3073 7
3074 9
3075 6
3076 5
3077 4
3078 10
3079 11
3080 8
3081 6
3082 8
3083 8
3084 19
3085 13
3086 16
3087 10
3088 15
3089 15
3090 14
3091 10
3092 20
3093 17
3094 21
3095 26
3096 21
3097 19
3098 33
3099 17
3100 16
3101 31
3102 23
3103 25
3104 20
3105 29
3106 29
3107 32
3108 30
3109 28
3110 24
3111 31
3112 30
3113 27
3114 24
3115 36
3116 26
3117 42
3118 43
3119 31
3120 31
3121 42
3122 37
3123 45
3124 32
3125 37
3126 49
3127 42
3128 41
3129 59
3130 45
3131 30
3132 35
3133 33
3134 36
3135 37
3136 46
3137 39
3138 53
3139 28
3140 38
3141 42
3142 40
3143 39
3144 38
3145 42
3146 47
3147 38
3148 42
3149 29
3150 43
3151 30
3152 34
3153 33
3154 31
3155 23
3156 27
3157 32
3158 30
3159 46
3160 25
3161 34
3162 25
3163 29
3164 30
3165 34
3166 23
3167 32
3168 17
3169 27
3170 26
3171 22
3172 19
3173 23
3174 13
3175 19
3176 19
3177 27
3178 20
3179 12
3180 18
3181 19
3182 20
3183 8
3184 14
3185 13
3186 11
3187 11
3188 12
3189 12
3190 15
3191 16
3192 12
3193 13
3194 10
3195 8
3196 7
3197 12
3198 8
3199 8
3200 8
3201 3
3202 9
3203 2
3204 5
3205 7
3206 2
3207 3
3208 2
3209 6
3210 5
3211 3
3212 3
3213 2
3214 3
3216 5
3217 3
3219 7
3220 1
3221 5
3222 2
3223 1
3224 2
3226 1
3227 1
3228 1
3230 1
3231 2
3233 2
3235 1
3236 3
3238 1
3239 3
3251 2
