N J h mean_R_sq err_mean_R_sq mean_R_gyr_sq err_mean_R_gyr_sq 
1600 1.36 0 6031.15 82.3404 1056.37 7.87384
1000 255
1001 221
1002 208
1003 178
1004 171
1005 215
1006 178
1007 166
1008 158
1009 156
1010 141
1011 142
1012 153
1013 166
1014 146
1015 113
1016 100
1017 145
1018 123
1019 122
1020 125
1021 113
1022 123
1023 89
1024 86
1025 89
1026 96
1027 113
1028 100
1029 87
1030 75
1031 79
1032 76
1033 70
1034 68
1035 67
1036 74
1037 66
1038 47
1039 67
1040 51
1041 58
1042 45
1043 59
1044 58
1045 64
1046 49
1047 41
1048 37
1049 41
1050 42
1051 37
1052 34
1053 33
1054 37
1055 31
1056 48
1057 28
1058 28
1059 44
1060 34
1061 35
1062 21
1063 27
1064 22
1065 25
1066 19
1067 20
1068 17
1069 19
1070 20
1071 20
1072 22
1073 20
1074 23
1075 19
1076 22
1077 13
1078 20
1079 17
1080 16
1081 9
1082 6
1083 19
1084 15
1085 9
1086 7
1087 8
1088 12
1089 11
1090 16
1091 7
1092 12
1093 17
1094 8
1095 13
1096 13
1097 8
1098 7
1099 7
1100 8
1101 3
1102 8
1103 4
1104 5
1105 9
1106 4
1107 10
1108 4
1109 5
1110 6
1111 7
1112 3
1113 5
1114 2
1115 8
1116 1
1117 3
1118 4
1119 4
1120 5
1121 3
1122 2
1123 4
1124 4
1125 3
1126 4
1127 5
1128 5
1129 3
1130 3
1131 3
1132 2
1133 2
1134 3
1135 2
1136 1
1137 1
1138 2
1140 4
1142 2
1143 1
1144 1
1145 1
1146 1
1147 1
1148 2
1149 4
1153 1
1155 1
1156 1
1158 5
1162 2
1163 1
1166 2
1170 2
1172 1
1174 2
1178 3
1179 1
1181 1
1182 1
1183 2
1184 1
1185 1
1186 1
1192 1
1206 1
1209 1
1225 1
1251 1
1257 1
