N J h mean_R_sq err_mean_R_sq mean_R_gyr_sq err_mean_R_gyr_sq 
4900 1.344 0 34845.9 928.565 5537.39 110.301
750 1
756 1
777 1
778 3
779 1
781 1
782 2
783 1
788 3
789 1
790 3
796 1
798 1
799 1
800 1
801 2
802 1
804 2
806 1
807 1
808 1
809 3
810 4
811 3
812 1
813 2
815 1
816 3
817 3
818 2
819 1
820 4
821 5
822 3
823 3
824 4
825 4
826 4
827 4
828 3
829 2
830 6
831 7
832 6
833 7
834 4
835 1
836 7
837 4
838 5
839 5
840 8
841 3
842 4
843 6
844 12
845 15
847 9
848 8
849 11
850 12
851 8
852 10
853 12
854 12
855 12
856 17
857 14
858 7
859 14
860 21
861 11
862 13
863 14
864 15
865 15
866 13
867 20
868 14
869 12
870 15
871 18
872 24
873 25
874 20
875 20
876 18
877 22
878 36
879 25
880 31
881 27
882 29
883 29
884 22
885 24
886 18
887 28
888 29
889 32
890 37
891 33
892 40
893 32
894 37
895 39
896 33
897 41
898 44
899 43
900 43
901 39
902 36
903 39
904 54
905 59
906 49
907 54
908 50
909 59
910 64
911 63
912 72
913 69
914 52
915 58
916 62
917 66
918 65
919 64
920 79
921 67
922 91
923 62
924 62
925 85
926 71
927 73
928 82
929 81
930 77
931 96
932 91
933 76
934 95
935 111
936 95
937 97
938 103
939 108
940 108
941 103
942 112
943 109
944 96
945 130
946 114
947 103
948 100
949 90
950 105
951 116
952 124
953 107
954 96
955 126
956 131
957 129
958 123
959 134
960 97
961 117
962 137
963 97
964 132
965 127
966 153
967 151
968 147
969 126
970 153
971 140
972 144
973 147
974 160
975 136
976 164
977 161
978 126
979 147
980 169
981 161
982 147
983 141
984 155
985 157
986 147
987 130
988 180
989 181
990 178
991 159
992 164
993 158
994 166
995 189
996 181
997 175
998 166
999 156
1000 157
1001 152
1002 145
1003 143
1004 184
1005 170
1006 150
1007 196
1008 144
1009 147
1010 161
1011 151
1012 163
1013 147
1014 168
1015 165
1016 144
1017 154
1018 165
1019 159
1020 162
1021 159
1022 150
1023 117
1024 149
1025 141
1026 137
1027 142
1028 139
1029 135
1030 142
1031 128
1032 147
1033 145
1034 150
1035 149
1036 137
1037 131
1038 125
1039 132
1040 147
1041 145
1042 122
1043 129
1044 128
1045 126
1046 146
1047 114
1048 114
1049 114
1050 124
1051 113
1052 116
1053 109
1054 99
1055 100
1056 100
1057 105
1058 110
1059 100
1060 92
1061 90
1062 94
1063 75
1064 102
1065 87
1066 98
1067 100
1068 90
1069 85
1070 74
1071 95
1072 79
1073 77
1074 66
1075 85
1076 65
1077 69
1078 69
1079 58
1080 64
1081 74
1082 55
1083 57
1084 62
1085 68
1086 65
1087 60
1088 59
1089 52
1090 56
1091 53
1092 50
1093 59
1094 50
1095 35
1096 54
1097 63
1098 43
1099 48
1100 36
1101 37
1102 48
1103 39
1104 36
1105 33
1106 32
1107 28
1108 34
1109 35
1110 37
1111 35
1112 31
1113 26
1114 29
1115 37
1116 30
1117 26
1118 28
1119 25
1120 20
1121 23
1122 32
1123 17
1124 22
1125 22
1126 21
1127 20
1128 20
1129 19
1130 11
1131 23
1132 21
1133 15
1134 15
1135 15
1136 17
1137 17
1138 15
1139 9
1140 15
1141 10
1142 12
1143 9
1144 6
1145 13
1146 9
1147 13
1148 5
1149 14
1150 6
1151 13
1152 11
1153 6
1154 9
1155 4
1156 5
1157 10
1158 3
1159 7
1160 9
1161 1
1162 11
1163 7
1164 3
1165 1
1166 6
1167 4
1168 6
1169 4
1170 2
1171 4
1172 1
1173 2
1174 2
1175 1
1176 2
1177 7
1178 3
1179 2
1180 2
1182 3
1183 3
1184 1
1186 3
1187 2
1189 2
1190 1
1191 1
1192 1
1194 2
1197 1
1199 1
1202 1
1208 2
1210 1
1213 1
1216 1
1221 1
1229 1
1235 1
1271 1
1289 1
