N J h mean_R_sq err_mean_R_sq mean_R_gyr_sq err_mean_R_gyr_sq 
1225 1.417 0 1601.91 28.7964 387.652 2.36793
3099 1
3103 1
3121 1
3123 1
3127 3
3129 1
3131 1
3132 3
3133 1
3135 2
3137 1
3138 4
3140 1
3141 2
3142 2
3143 3
3144 1
3145 1
3146 5
3147 4
3148 3
3149 1
3150 2
3151 2
3152 3
3154 5
3156 5
3157 1
3158 2
3159 3
3160 4
3161 2
3162 7
3163 2
3164 11
3165 5
3166 4
3167 2
3168 6
3169 4
3170 5
3171 7
3172 4
3173 8
3174 7
3175 8
3176 9
3177 5
3178 3
3179 9
3180 8
3181 8
3182 10
3183 18
3184 12
3185 7
3186 13
3187 11
3188 13
3189 14
3190 15
3191 19
3192 13
3193 15
3194 13
3195 8
3196 17
3197 12
3198 19
3199 19
3200 17
3201 17
3202 17
3203 18
3204 19
3205 22
3206 18
3207 18
3208 13
3209 28
3210 25
3211 17
3212 17
3213 21
3214 18
3215 26
3216 24
3217 30
3218 26
3219 32
3220 31
3221 33
3222 33
3223 26
3224 30
3225 33
3226 32
3227 29
3228 30
3229 32
3230 34
3231 37
3232 53
3233 45
3234 30
3235 35
3236 34
3237 44
3238 38
3239 34
3240 35
3241 42
3242 35
3243 40
3244 48
3245 37
3246 40
3247 32
3248 53
3249 38
3250 48
3251 48
3252 41
3253 47
3254 35
3255 33
3256 37
3257 39
3258 35
3259 42
3260 43
3261 39
3262 30
3263 43
3264 41
3265 38
3266 36
3267 41
3268 46
3269 37
3270 44
3271 43
3272 38
3273 34
3274 34
3275 41
3276 36
3277 34
3278 39
3279 33
3280 40
3281 32
3282 29
3283 31
3284 36
3285 26
3286 38
3287 38
3288 26
3289 35
3290 29
3291 32
3292 42
3293 28
3294 25
3295 30
3296 28
3297 34
3298 23
3299 37
3300 27
3301 33
3302 29
3303 25
3304 31
3305 27
3306 19
3307 22
3308 17
3309 21
3310 24
3311 17
3312 14
3313 15
3314 19
3315 15
3316 22
3317 19
3318 8
3319 15
3320 11
3321 14
3322 10
3323 11
3324 12
3325 13
3326 7
3327 13
3328 17
3329 7
3330 7
3331 12
3332 6
3333 6
3334 7
3335 9
3336 13
3337 7
3338 5
3339 8
3340 8
3341 6
3342 3
3343 7
3344 7
3345 4
3346 5
3347 2
3348 5
3349 5
3350 4
3351 6
3352 4
3353 6
3354 4
3355 2
3356 3
3357 3
3360 1
3361 2
3363 3
3366 1
3367 2
3369 1
3370 1
3371 1
3373 1
3374 1
3375 3
3376 3
3377 1
3381 1
3382 1
3383 1
3384 1
3388 1
3391 2
3393 1
