N J h mean_R_sq err_mean_R_sq mean_R_gyr_sq err_mean_R_gyr_sq 
1600 1.368 0 5059.65 85.0184 930.405 9.72765
2968 1
3013 1
3014 1
3015 1
3017 1
3021 1
3022 2
3023 2
3024 2
3026 1
3027 3
3030 1
3031 1
3032 3
3033 2
3034 1
3036 1
3037 1
3038 2
3039 2
3040 3
3041 1
3042 1
3043 1
3045 4
3046 3
3047 3
3048 3
3049 3
3050 3
3051 2
3052 3
3053 6
3054 4
3055 4
3056 5
3057 1
3058 3
3059 9
3060 6
3061 6
3062 8
3063 10
3064 8
3065 8
3066 8
3067 5
3068 6
3069 10
3070 13
3071 7
3072 13
3073 13
3074 12
3075 5
3076 9
3077 11
3078 16
3079 13
3080 11
3081 18
3082 9
3083 14
3084 10
3085 8
3086 16
3087 12
3088 29
3089 23
3090 20
3091 13
3092 22
3093 28
3094 28
3095 20
3096 20
3097 17
3098 22
3099 20
3100 24
3101 28
3102 19
3103 28
3104 31
3105 31
3106 30
3107 36
3108 29
3109 29
3110 35
3111 33
3112 32
3113 31
3114 32
3115 32
3116 35
3117 34
3118 39
3119 32
3120 35
3121 35
3122 47
3123 45
3124 39
3125 29
3126 31
3127 42
3128 31
3129 39
3130 39
3131 37
3132 40
3133 27
3134 44
3135 33
3136 31
3137 39
3138 28
3139 39
3140 35
3141 35
3142 32
3143 41
3144 26
3145 32
3146 41
3147 33
3148 29
3149 36
3150 34
3151 32
3152 47
3153 34
3154 30
3155 29
3156 27
3157 32
3158 34
3159 40
3160 30
3161 29
3162 25
3163 24
3164 27
3165 26
3166 23
3167 31
3168 23
3169 28
3170 32
3171 26
3172 26
3173 26
3174 22
3175 25
3176 28
3177 16
3178 19
3179 22
3180 24
3181 17
3182 19
3183 16
3184 24
3185 24
3186 16
3187 18
3188 23
3189 15
3190 13
3191 14
3192 20
3193 17
3194 15
3195 18
3196 14
3197 16
3198 19
3199 19
3200 10
3201 12
3202 12
3203 8
3204 9
3205 7
3206 4
3207 10
3208 15
3209 6
3210 7
3211 7
3212 4
3213 8
3214 9
3215 8
3216 9
3217 5
3218 8
3219 5
3220 5
3221 6
3222 6
3223 6
3224 4
3225 3
3226 6
3227 4
3228 5
3229 2
3230 2
3231 2
3232 5
3233 4
3234 3
3235 1
3237 3
3238 2
3240 2
3241 1
3242 1
3243 1
3244 2
3245 1
3246 2
3248 1
3249 1
3250 1
3251 4
3252 2
3258 2
3259 1
3260 1
3262 2
3264 1
3265 1
3268 1
3269 1
3278 1
