N J h mean_R_sq err_mean_R_sq mean_R_gyr_sq err_mean_R_gyr_sq 
900 1.344 0 3834.05 43.0811 642.457 3.67485
2901 1
2911 1
2916 2
2919 1
2920 1
2922 1
2923 1
2924 2
2925 1
2926 2
2928 2
2929 2
2931 1
2932 1
2933 1
2934 1
2936 2
2937 2
2938 4
2939 4
2940 2
2941 5
2943 2
2944 5
2945 1
2946 4
2947 2
2948 5
2949 4
2950 3
2951 4
2952 3
2953 1
2954 10
2955 3
2956 3
2957 5
2958 5
2959 9
2960 9
2961 6
2962 7
2963 6
2964 8
2965 8
2966 6
2967 8
2968 10
2969 16
2970 13
2971 14
2972 12
2973 12
2974 14
2975 8
2976 12
2977 18
2978 14
2979 16
2980 5
2981 15
2982 7
2983 16
2984 22
2985 14
2986 15
2987 9
2988 23
2989 26
2990 17
2991 29
2992 20
2993 22
2994 22
2995 24
2996 25
2997 25
2998 23
2999 25
3000 18
3001 27
3002 27
3003 37
3004 34
3005 29
3006 39
3007 32
3008 32
3009 32
3010 36
3011 40
3012 34
3013 29
3014 48
3015 39
3016 45
3017 47
3018 31
3019 38
3020 46
3021 47
3022 32
3023 40
3024 47
3025 49
3026 45
3027 46
3028 55
3029 56
3030 54
3031 46
3032 45
3033 47
3034 65
3035 58
3036 51
3037 42
3038 61
3039 66
3040 50
3041 53
3042 63
3043 54
3044 46
3045 72
3046 54
3047 50
3048 58
3049 69
3050 63
3051 69
3052 73
3053 65
3054 51
3055 71
3056 72
3057 67
3058 60
3059 61
3060 77
3061 75
3062 69
3063 64
3064 69
3065 80
3066 52
3067 55
3068 66
3069 65
3070 53
3071 58
3072 46
3073 73
3074 69
3075 56
3076 53
3077 45
3078 53
3079 63
3080 59
3081 57
3082 57
3083 72
3084 72
3085 60
3086 69
3087 58
3088 69
3089 53
3090 49
3091 53
3092 58
3093 46
3094 56
3095 34
3096 55
3097 44
3098 48
3099 46
3100 50
3101 47
3102 52
3103 45
3104 42
3105 62
3106 38
3107 42
3108 36
3109 32
3110 45
3111 42
3112 37
3113 45
3114 50
3115 38
3116 28
3117 40
3118 41
3119 44
3120 30
3121 49
3122 32
3123 37
3124 35
3125 36
3126 27
3127 24
3128 23
3129 28
3130 21
3131 34
3132 27
3133 28
3134 34
3135 19
3136 27
3137 22
3138 24
3139 23
3140 29
3141 22
3142 20
3143 23
3144 18
3145 18
3146 24
3147 24
3148 17
3149 16
3150 11
3151 8
3152 20
3153 11
3154 16
3155 11
3156 12
3157 11
3158 19
3159 9
3160 9
3161 4
3162 5
3163 8
3164 8
3165 4
3166 5
3167 14
3168 7
3169 4
3170 14
3171 7
3172 5
3173 5
3174 7
3175 5
3176 5
3177 9
3179 9
3180 9
3181 3
3182 6
3183 1
3184 10
3185 3
3186 3
3187 3
3188 4
3189 3
3190 4
3191 1
3192 7
3193 2
3194 4
3195 2
3196 2
3197 1
3198 5
3199 2
3200 3
3201 3
3202 1
3203 3
3204 2
3206 2
3207 1
3209 4
3212 1
3214 3
3215 1
3216 1
3217 1
3219 2
3221 1
3222 1
3223 1
3228 1
3251 1
3260 1
3268 1
3285 1
