N J h mean_R_sq err_mean_R_sq mean_R_gyr_sq err_mean_R_gyr_sq 
4900 1.405 0 7208.76 1914.87 1728.58 260.915
3049 1
3079 2
3093 1
3132 1
3139 1
3159 1
3164 1
3171 1
3177 1
3186 1
3189 1
3194 1
3195 1
3197 1
3200 2
3201 2
3202 2
3204 2
3206 5
3207 1
3208 2
3209 3
3210 2
3211 5
3212 3
3213 3
3214 2
3215 8
3216 1
3217 8
3218 6
3219 2
3220 3
3221 10
3222 7
3223 3
3224 6
3225 6
3226 5
3227 7
3228 11
3229 14
3230 19
3231 18
3232 6
3233 12
3234 13
3235 16
3236 11
3237 10
3238 28
3239 27
3240 32
3241 27
3242 27
3243 28
3244 36
3245 42
3246 38
3247 43
3248 48
3249 42
3250 50
3251 46
3252 67
3253 63
3254 71
3255 41
3256 56
3257 55
3258 56
3259 71
3260 76
3261 73
3262 69
3263 68
3264 87
3265 94
3266 92
3267 96
3268 104
3269 77
3270 89
3271 120
3272 101
3273 121
3274 112
3275 102
3276 109
3277 113
3278 101
3279 99
3280 118
3281 108
3282 101
3283 100
3284 108
3285 123
3286 103
3287 102
3288 94
3289 109
3290 98
3291 89
3292 93
3293 98
3294 105
3295 112
3296 89
3297 106
3298 74
3299 77
3300 81
3301 76
3302 77
3303 72
3304 83
3305 61
3306 58
3307 64
3308 50
3309 44
3310 70
3311 51
3312 42
3313 50
3314 52
3315 34
3316 34
3317 29
3318 15
3319 16
3320 24
3321 23
3322 23
3323 18
3324 15
3325 19
3326 15
3327 11
3328 13
3329 13
3330 9
3331 15
3332 14
3333 6
3334 6
3335 7
3336 4
3337 6
3338 5
3339 5
3340 7
3341 5
3342 5
3343 4
3346 2
3348 1
3349 3
3350 2
3351 2
3353 2
3375 1
