N J h mean_R_sq err_mean_R_sq mean_R_gyr_sq err_mean_R_gyr_sq 
2916 1.31 0 29939 259.752 4461.74 27.0204
1000 2162
1001 1877
1002 1642
1003 1457
1004 1184
1005 1061
1006 981
1007 793
1008 734
1009 628
1010 560
1011 520
1012 428
1013 394
1014 332
1015 293
1016 246
1017 198
1018 212
1019 170
1020 159
1021 119
1022 102
1023 107
1024 78
1025 81
1026 83
1027 57
1028 65
1029 43
1030 43
1031 37
1032 34
1033 29
1034 28
1035 19
1036 20
1037 17
1038 14
1039 13
1040 10
1041 8
1042 11
1043 5
1044 9
1045 6
1046 4
1047 4
1048 2
1049 4
1050 1
1051 1
1052 1
1053 2
1054 1
1055 1
1056 1
1058 2
1059 2
1061 2
1065 1
1067 1
