N J h mean_R_sq err_mean_R_sq mean_R_gyr_sq err_mean_R_gyr_sq 
900 1.43 0 1128.88 16.9037 271.704 1.59508
3093 1
3107 1
3108 1
3115 1
3120 1
3121 1
3125 1
3129 1
3130 2
3131 1
3132 1
3133 1
3134 1
3136 4
3137 2
3138 2
3139 1
3140 2
3141 3
3142 2
3143 1
3144 1
3145 2
3146 2
3147 2
3148 2
3149 2
3150 2
3151 7
3152 2
3153 3
3154 2
3155 3
3157 2
3158 2
3159 4
3160 2
3161 3
3162 2
3163 3
3164 2
3165 7
3166 2
3167 1
3168 8
3169 3
3170 6
3171 8
3172 5
3173 7
3174 3
3175 3
3176 7
3177 10
3178 6
3179 8
3180 8
3181 13
3182 5
3183 6
3184 4
3185 9
3186 10
3187 13
3188 7
3189 7
3190 4
3191 8
3192 10
3193 8
3194 19
3195 11
3196 13
3197 22
3198 8
3199 11
3200 17
3201 15
3202 12
3203 14
3204 13
3205 15
3206 14
3207 17
3208 16
3209 15
3210 15
3211 18
3212 20
3213 19
3214 21
3215 15
3216 23
3217 18
3218 18
3219 37
3220 26
3221 28
3222 15
3223 23
3224 22
3225 18
3226 25
3227 24
3228 29
3229 24
3230 19
3231 28
3232 26
3233 32
3234 27
3235 34
3236 36
3237 34
3238 27
3239 33
3240 26
3241 36
3242 31
3243 28
3244 26
3245 31
3246 42
3247 25
3248 29
3249 34
3250 38
3251 33
3252 37
3253 22
3254 37
3255 29
3256 36
3257 32
3258 23
3259 48
3260 46
3261 33
3262 23
3263 42
3264 31
3265 30
3266 40
3267 36
3268 33
3269 36
3270 28
3271 36
3272 33
3273 29
3274 34
3275 33
3276 35
3277 50
3278 49
3279 40
3280 40
3281 35
3282 36
3283 30
3284 38
3285 33
3286 41
3287 20
3288 25
3289 32
3290 27
3291 35
3292 33
3293 26
3294 23
3295 28
3296 40
3297 27
3298 38
3299 27
3300 32
3301 31
3302 36
3303 29
3304 29
3305 33
3306 24
3307 27
3308 27
3309 32
3310 30
3311 20
3312 26
3313 33
3314 24
3315 25
3316 30
3317 24
3318 20
3319 16
3320 16
3321 20
3322 21
3323 15
3324 17
3325 17
3326 19
3327 14
3328 16
3329 21
3330 12
3331 16
3332 11
3333 11
3334 16
3335 12
3336 11
3337 7
3338 13
3339 13
3340 18
3341 8
3342 8
3343 5
3344 13
3345 10
3346 10
3347 14
3348 7
3349 8
3350 7
3351 5
3352 4
3353 5
3354 3
3355 7
3356 1
3357 3
3358 3
3359 9
3360 4
3361 4
3362 3
3363 2
3364 1
3365 4
3366 2
3367 2
3368 3
3369 3
3370 1
3371 3
3372 6
3374 3
3375 3
3376 1
3377 1
3378 3
3379 1
3382 3
3383 1
3385 1
3386 3
3387 2
3390 1
3392 1
3395 1
3397 1
3401 1
3406 1
3408 1
3412 1
