N J h mean_R_sq err_mean_R_sq mean_R_gyr_sq err_mean_R_gyr_sq 
2500 1.433 0 3668.81 1562.9 887.621 245.166
3122 1
3139 1
3154 1
3160 1
3171 1
3193 1
3204 1
3230 1
3246 1
3251 2
3252 1
3253 1
3254 3
3261 1
3262 1
3264 3
3265 1
3266 1
3267 1
3269 2
3271 2
3272 2
3273 3
3274 1
3275 1
3278 1
3279 2
3280 2
3281 1
3282 5
3283 7
3284 1
3285 1
3286 1
3288 3
3289 4
3290 3
3291 2
3292 6
3293 7
3294 2
3295 3
3296 6
3297 5
3298 7
3299 4
3300 9
3301 5
3302 6
3303 3
3304 11
3305 9
3306 6
3307 4
3308 4
3309 6
3310 4
3311 7
3312 5
3313 7
3314 10
3315 4
3316 5
3317 9
3318 4
3319 10
3320 12
3321 11
3322 16
3323 10
3324 13
3325 10
3326 16
3327 9
3328 13
3329 11
3330 4
3331 6
3332 6
3333 8
3334 6
3335 8
3336 11
3337 7
3338 8
3339 7
3340 6
3341 4
3342 8
3343 6
3344 6
3345 4
3346 3
3347 6
3348 4
3349 6
3350 6
3351 3
3352 9
3353 9
3354 2
3355 6
3356 3
3357 2
3358 7
3359 6
3360 8
3361 4
3362 6
3363 2
3364 3
3365 2
3366 1
3367 4
3368 5
3369 2
3370 2
3371 6
3372 4
3373 1
3374 1
3375 2
3377 2
3378 1
3379 2
3380 1
3381 1
3384 1
3389 1
3393 1
3397 1
3402 1
