N J h mean_R_sq err_mean_R_sq mean_R_gyr_sq err_mean_R_gyr_sq 
4900 1.364 0 19009.4 622.916 3430.49 88.9852
1000 1632
1001 1514
1002 1506
1003 1374
1004 1242
1005 1161
1006 1080
1007 966
1008 891
1009 845
1010 796
1011 756
1012 646
1013 631
1014 579
1015 545
1016 488
1017 421
1018 403
1019 387
1020 374
1021 328
1022 315
1023 257
1024 285
1025 264
1026 239
1027 219
1028 173
1029 192
1030 179
1031 175
1032 141
1033 137
1034 130
1035 111
1036 93
1037 85
1038 97
1039 80
1040 97
1041 71
1042 61
1043 67
1044 63
1045 54
1046 41
1047 40
1048 32
1049 35
1050 29
1051 29
1052 28
1053 24
1054 30
1055 24
1056 20
1057 22
1058 14
1059 16
1060 11
1061 13
1062 11
1063 9
1064 11
1065 11
1066 11
1067 5
1068 10
1069 7
1070 8
1071 5
1072 2
1073 2
1074 6
1075 6
1076 3
1077 2
1078 5
1079 1
1080 2
1081 3
1082 1
1084 3
1087 2
1089 1
1090 3
1094 1
1096 1
1099 1
1102 1
1104 1
1105 1
1111 2
1112 1
1117 1
1120 1
