N J h mean_R_sq err_mean_R_sq mean_R_gyr_sq err_mean_R_gyr_sq 
1600 1.37 0 5562.21 707.329 952.883 74.1015
1000 2
1001 4
1002 2
1003 1
1004 4
1005 3
1006 2
1007 2
1008 3
1009 2
1010 2
1012 2
1013 1
1014 3
1016 1
1018 1
1019 4
1021 3
1022 1
1023 2
1024 1
1025 2
1026 1
1027 1
1028 1
1029 1
1030 1
1033 2
1034 2
1035 1
1036 3
1038 4
1039 2
1040 1
1041 2
1042 2
1043 2
1046 2
1047 1
1048 3
1049 1
1051 1
1053 1
1058 1
1059 2
1061 1
1066 1
1067 1
1071 1
1076 1
1080 1
1089 1
1101 1
1110 1
1129 1
1147 1
1168 1
1214 1
