N J h mean_R_sq err_mean_R_sq mean_R_gyr_sq err_mean_R_gyr_sq 
1225 1.372 0 3544.35 42.1621 657.838 4.15624
1000 180
1001 166
1002 180
1003 166
1004 136
1005 147
1006 135
1007 162
1008 141
1009 124
1010 143
1011 141
1012 123
1013 126
1014 124
1015 131
1016 114
1017 125
1018 112
1019 104
1020 101
1021 113
1022 95
1023 99
1024 101
1025 99
1026 86
1027 113
1028 62
1029 83
1030 83
1031 80
1032 97
1033 93
1034 76
1035 97
1036 82
1037 79
1038 81
1039 71
1040 72
1041 69
1042 98
1043 64
1044 76
1045 80
1046 68
1047 72
1048 60
1049 50
1050 58
1051 62
1052 53
1053 48
1054 52
1055 49
1056 58
1057 48
1058 40
1059 51
1060 51
1061 46
1062 43
1063 43
1064 43
1065 41
1066 51
1067 34
1068 40
1069 39
1070 37
1071 35
1072 37
1073 39
1074 34
1075 35
1076 39
1077 23
1078 32
1079 32
1080 30
1081 27
1082 21
1083 30
1084 30
1085 26
1086 32
1087 27
1088 26
1089 27
1090 22
1091 32
1092 27
1093 19
1094 15
1095 21
1096 15
1097 25
1098 21
1099 26
1100 21
1101 29
1102 17
1103 19
1104 14
1105 16
1106 17
1107 17
1108 19
1109 14
1110 19
1111 9
1112 12
1113 13
1114 23
1115 12
1116 18
1117 12
1118 17
1119 13
1120 12
1121 11
1122 9
1123 7
1124 14
1125 12
1126 11
1127 14
1128 7
1129 9
1130 5
1131 9
1132 14
1133 5
1134 13
1135 9
1136 13
1137 6
1138 5
1139 12
1140 11
1141 10
1142 8
1143 3
1144 5
1145 9
1146 2
1147 7
1148 3
1149 6
1150 10
1151 5
1152 6
1153 2
1154 2
1155 7
1156 7
1157 8
1158 9
1159 3
1160 3
1161 3
1162 4
1163 6
1164 5
1165 4
1166 3
1167 6
1168 4
1169 5
1170 2
1171 3
1172 3
1173 4
1174 1
1175 2
1176 4
1177 3
1178 3
1180 2
1181 1
1183 1
1184 4
1185 2
1186 2
1187 4
1188 3
1189 2
1190 2
1191 3
1192 1
1193 1
1194 6
1195 5
1196 1
1197 2
1198 2
1199 3
1200 1
1202 1
1203 2
1207 5
1208 2
1209 1
1212 1
1214 1
1215 1
1216 1
1217 2
1218 1
1219 3
1220 2
1221 1
1222 1
1223 1
1225 1
1226 2
1227 2
1228 2
1229 1
1230 1
1232 1
1233 1
1234 1
1235 1
1237 1
1238 3
1242 1
1250 1
1251 1
1253 1
1260 1
1261 1
1264 1
1266 1
1270 1
1272 1
1275 1
1276 1
1277 1
1284 1
1288 1
1319 1
1324 1
