N J h mean_R_sq err_mean_R_sq mean_R_gyr_sq err_mean_R_gyr_sq 
1600 1.417 0 2082.38 242.803 545.036 44.5124
1000 4
1001 1
1002 6
1003 5
1004 3
1005 3
1006 6
1007 3
1008 3
1009 6
1010 6
1011 6
1012 6
1013 3
1014 5
1015 5
1016 8
1017 4
1018 4
1019 4
1020 4
1021 1
1022 5
1023 3
1024 3
1025 2
1026 4
1027 1
1028 3
1029 8
1030 5
1031 8
1032 8
1034 2
1035 1
1037 3
1038 3
1039 1
1040 5
1041 5
1042 2
1043 4
1044 6
1045 4
1046 2
1047 1
1048 1
1049 2
1050 3
1051 6
1052 5
1053 6
1054 3
1055 4
1056 1
1057 4
1058 2
1059 2
1060 1
1061 6
1062 2
1063 5
1064 4
1065 3
1066 2
1067 1
1069 1
1070 1
1071 8
1072 4
1073 5
1074 4
1075 8
1076 3
1077 1
1078 6
1079 3
1080 3
1081 3
1082 2
1083 4
1084 5
1085 4
1086 1
1087 1
1088 2
1089 1
1091 3
1092 4
1093 1
1094 5
1095 2
1096 1
1097 3
1098 3
1100 4
1101 3
1102 2
1103 5
1104 5
1105 4
1106 2
1107 2
1110 3
1111 2
1112 4
1113 1
1114 2
1115 3
1116 5
1117 3
1118 1
1119 3
1120 2
1123 2
1124 1
1125 4
1126 2
1127 4
1129 1
1130 2
1131 2
1132 1
1133 1
1134 2
1135 5
1136 2
1137 2
1138 5
1140 2
1141 4
1142 1
1143 2
1144 2
1145 2
1146 1
1147 1
1148 2
1149 3
1150 2
1151 2
1153 2
1154 2
1155 2
1156 1
1160 2
1161 4
1162 1
1163 1
1165 3
1166 4
1167 2
1168 1
1170 3
1171 2
1173 2
1174 2
1175 6
1176 3
1177 1
1179 1
1180 1
1181 1
1182 1
1183 3
1184 4
1185 2
1186 2
1187 1
1189 1
1190 3
1191 1
1192 3
1193 4
1194 1
1195 1
1196 2
1199 1
1201 1
1202 1
1203 1
1204 2
1206 1
1207 2
1208 1
1209 1
1212 1
1214 3
1217 2
1218 2
1220 3
1222 2
1223 1
1224 1
1225 1
1227 1
1228 3
1230 2
1231 1
1233 1
1234 1
1235 1
1238 1
1239 1
1241 1
1244 1
1247 1
1248 1
1249 1
1253 1
1257 1
1259 1
1260 2
1264 1
1265 1
1266 3
1269 1
1274 1
1277 1
1279 1
1291 1
1296 1
1304 1
1310 1
1314 2
1354 1
1360 1
1362 1
