N J h mean_R_sq err_mean_R_sq mean_R_gyr_sq err_mean_R_gyr_sq 
2500 1.39 0 12571.4 8273.31 2369.83 1433.74
1000 2
1001 2
1003 2
1004 2
1005 1
1006 1
1007 2
1008 1
1009 1
1010 1
1011 4
1012 2
1013 1
1015 3
1016 1
1018 3
1019 2
1020 2
1021 2
1022 2
1025 2
1026 2
1027 2
1029 4
1030 1
1031 2
1032 1
1034 1
1035 2
1037 2
1041 1
1042 2
1044 1
1045 1
1046 1
1047 1
1048 1
1049 1
1050 1
1053 2
1055 3
1059 1
1061 2
1065 1
1066 1
1069 2
1073 1
1076 1
1078 1
1079 1
1082 1
1088 2
1090 1
1091 1
1101 1
1103 2
1111 1
1121 1
1123 1
1125 1
1127 1
1134 1
1144 1
1189 1
1193 1
