N J h mean_R_sq err_mean_R_sq mean_R_gyr_sq err_mean_R_gyr_sq 
3600 1.47 0 2153.3 136.185 767.453 18.7409
3341 1
3349 1
3351 2
3352 1
3358 1
3359 1
3360 1
3362 1
3363 2
3364 2
3365 2
3366 1
3368 3
3369 2
3370 1
3371 4
3372 2
3373 6
3374 2
3375 5
3376 9
3377 7
3378 7
3379 5
3380 2
3381 8
3382 2
3383 4
3384 5
3385 6
3386 3
3387 2
3388 4
3389 7
3390 6
3391 8
3392 4
3393 8
3394 9
3395 12
3396 8
3397 9
3398 5
3399 11
3400 7
3401 9
3402 8
3403 6
3404 4
3405 9
3406 10
3407 11
3408 5
3409 5
3410 10
3411 9
3412 6
3413 7
3414 5
3415 6
3416 5
3417 7
3418 5
3419 6
3420 4
3421 6
3422 8
3423 4
3424 2
3425 4
3426 2
3427 4
3428 2
3429 1
3430 3
3431 1
3432 3
3433 5
3434 1
3435 2
3436 4
3437 3
3438 3
3442 1
3443 1
3444 1
3447 1
3449 1
