N J h mean_R_sq err_mean_R_sq mean_R_gyr_sq err_mean_R_gyr_sq 
1600 1.348 0 7454.37 92.3597 1240.41 8.82001
2953 1
2954 1
2957 1
2964 2
2965 1
2966 1
2967 1
2968 1
2972 1
2973 1
2974 3
2975 2
2977 2
2979 1
2981 1
2982 3
2983 1
2984 2
2985 1
2986 2
2987 3
2988 1
2989 3
2990 4
2991 1
2992 4
2993 3
2994 6
2995 2
2996 4
2997 4
2998 7
2999 6
3000 3
3001 3
3002 4
3003 7
3004 7
3005 5
3006 10
3007 10
3008 13
3009 15
3010 10
3011 12
3012 11
3013 10
3014 17
3015 16
3016 16
3017 5
3018 20
3019 18
3020 18
3021 21
3022 20
3023 23
3024 27
3025 27
3026 36
3027 41
3028 27
3029 27
3030 38
3031 37
3032 32
3033 38
3034 33
3035 28
3036 32
3037 36
3038 40
3039 43
3040 43
3041 37
3042 43
3043 51
3044 41
3045 42
3046 64
3047 59
3048 53
3049 56
3050 55
3051 70
3052 67
3053 44
3054 46
3055 44
3056 67
3057 54
3058 64
3059 66
3060 78
3061 53
3062 60
3063 64
3064 67
3065 72
3066 75
3067 69
3068 70
3069 78
3070 90
3071 65
3072 72
3073 84
3074 72
3075 95
3076 74
3077 69
3078 87
3079 59
3080 89
3081 101
3082 85
3083 77
3084 79
3085 98
3086 82
3087 82
3088 74
3089 92
3090 91
3091 61
3092 77
3093 76
3094 87
3095 84
3096 70
3097 79
3098 72
3099 80
3100 64
3101 73
3102 76
3103 84
3104 62
3105 58
3106 72
3107 58
3108 59
3109 61
3110 68
3111 85
3112 65
3113 59
3114 62
3115 62
3116 63
3117 56
3118 61
3119 59
3120 49
3121 57
3122 55
3123 55
3124 45
3125 58
3126 54
3127 50
3128 56
3129 45
3130 35
3131 45
3132 39
3133 37
3134 28
3135 33
3136 37
3137 28
3138 39
3139 32
3140 35
3141 22
3142 19
3143 23
3144 27
3145 36
3146 34
3147 26
3148 25
3149 21
3150 19
3151 18
3152 21
3153 29
3154 27
3155 13
3156 17
3157 16
3158 20
3159 15
3160 20
3161 11
3162 11
3163 14
3164 12
3165 6
3166 9
3167 11
3168 12
3169 10
3170 7
3171 6
3172 8
3173 13
3174 6
3175 9
3176 10
3177 7
3178 3
3179 6
3180 5
3181 4
3182 6
3183 2
3184 4
3185 8
3186 3
3187 4
3188 6
3189 7
3190 2
3191 3
3192 2
3193 2
3194 6
3195 2
3197 3
3198 2
3200 3
3201 1
3202 4
3205 1
3208 1
3209 1
3211 2
3212 1
3214 1
3215 1
3217 1
3220 1
3228 2
3229 1
3239 1
