N J h mean_R_sq err_mean_R_sq mean_R_gyr_sq err_mean_R_gyr_sq 
4900 1.352 0 32647.9 3173.99 5356.9 523.713
753 1
762 1
769 1
775 1
779 2
780 1
781 1
782 2
783 1
788 1
789 2
794 1
795 1
797 1
798 2
801 1
802 1
804 2
805 1
806 1
807 2
808 2
809 3
810 2
811 5
812 1
813 2
814 3
815 2
816 2
817 2
818 1
819 2
820 5
821 3
822 2
823 3
824 3
825 4
827 3
828 4
829 1
830 1
831 4
832 7
833 4
834 5
835 5
836 3
837 6
838 10
839 3
840 7
841 3
842 9
843 3
844 3
845 4
846 6
847 7
848 3
849 6
850 5
851 4
852 6
853 10
854 6
855 9
856 13
857 8
858 6
859 7
860 8
861 8
862 7
863 5
864 10
865 4
866 10
867 11
868 8
869 7
870 13
871 16
872 16
873 17
874 16
875 10
876 15
877 8
878 16
879 16
880 17
881 21
882 12
883 23
884 13
885 19
886 23
887 34
888 19
889 25
890 15
891 15
892 11
893 18
894 27
895 23
896 26
897 31
898 20
899 29
900 28
901 33
902 31
903 31
904 37
905 25
906 25
907 22
908 28
909 43
910 29
911 30
912 29
913 40
914 22
915 40
916 31
917 34
918 37
919 46
920 44
921 39
922 41
923 48
924 31
925 30
926 37
927 32
928 42
929 47
930 47
931 46
932 46
933 44
934 53
935 48
936 53
937 52
938 58
939 47
940 54
941 49
942 61
943 54
944 44
945 71
946 74
947 60
948 65
949 52
950 64
951 60
952 62
953 64
954 55
955 63
956 75
957 55
958 57
959 69
960 75
961 68
962 65
963 69
964 74
965 69
966 72
967 70
968 70
969 64
970 61
971 69
972 55
973 72
974 82
975 60
976 58
977 57
978 77
979 69
980 82
981 73
982 90
983 76
984 89
985 80
986 68
987 76
988 68
989 89
990 74
991 76
992 75
993 77
994 66
995 81
996 86
997 71
998 88
999 77
1000 75
1001 60
1002 67
1003 58
1004 78
1005 67
1006 75
1007 75
1008 56
1009 69
1010 76
1011 82
1012 80
1013 76
1014 71
1015 77
1016 79
1017 82
1018 73
1019 73
1020 71
1021 76
1022 70
1023 64
1024 75
1025 76
1026 64
1027 85
1028 62
1029 65
1030 69
1031 64
1032 49
1033 76
1034 68
1035 72
1036 64
1037 64
1038 64
1039 73
1040 62
1041 64
1042 65
1043 78
1044 76
1045 60
1046 70
1047 59
1048 69
1049 71
1050 66
1051 53
1052 57
1053 57
1054 59
1055 68
1056 47
1057 44
1058 42
1059 54
1060 48
1061 49
1062 44
1063 45
1064 49
1065 47
1066 40
1067 44
1068 43
1069 34
1070 42
1071 39
1072 35
1073 42
1074 38
1075 44
1076 42
1077 44
1078 29
1079 42
1080 41
1081 34
1082 42
1083 36
1084 37
1085 27
1086 37
1087 27
1088 31
1089 31
1090 27
1091 28
1092 33
1093 36
1094 33
1095 33
1096 20
1097 22
1098 27
1099 39
1100 33
1101 24
1102 16
1103 22
1104 19
1105 21
1106 19
1107 21
1108 17
1109 21
1110 20
1111 19
1112 20
1113 13
1114 19
1115 18
1116 16
1117 15
1118 10
1119 17
1120 13
1121 11
1122 14
1123 17
1124 15
1125 13
1126 5
1127 8
1128 9
1129 13
1130 16
1131 10
1132 9
1133 8
1134 13
1135 9
1136 14
1137 6
1138 9
1139 8
1140 6
1141 6
1142 5
1143 9
1144 8
1145 8
1146 6
1147 7
1148 6
1149 7
1150 3
1151 4
1152 13
1153 2
1154 5
1155 2
1156 5
1157 8
1158 3
1159 6
1160 4
1161 3
1162 4
1164 2
1165 3
1166 3
1167 5
1168 2
1169 3
1170 5
1171 4
1172 2
1173 1
1174 4
1175 2
1176 3
1177 2
1178 4
1179 2
1180 1
1181 2
1182 1
1183 3
1185 2
1190 2
1192 3
1193 2
1194 5
1195 3
1197 2
1198 2
1200 1
1203 1
1204 1
1205 2
1206 3
1207 1
1208 1
1211 1
1213 2
1214 2
1221 1
1226 1
1227 2
1229 1
1232 1
1234 1
1278 1
