N J h mean_R_sq err_mean_R_sq mean_R_gyr_sq err_mean_R_gyr_sq 
1225 1.344 0 5703.5 61.3184 942.14 5.13082
638 1
640 2
651 2
652 2
653 1
655 1
658 1
659 3
660 1
664 3
666 1
669 1
671 1
676 2
678 3
680 1
681 2
687 1
688 3
689 1
690 1
692 1
695 1
696 1
697 1
698 3
699 3
700 2
701 1
706 1
708 2
709 1
710 2
712 1
713 1
714 3
715 3
716 1
717 1
718 1
719 1
720 2
721 5
722 1
723 2
725 7
726 3
727 1
728 4
729 3
730 1
731 3
732 3
733 6
734 4
735 2
736 5
737 3
738 2
739 5
740 2
741 4
743 1
744 1
745 1
746 3
747 5
749 1
750 4
751 4
752 1
753 3
754 1
755 1
756 6
757 3
758 2
759 6
760 3
761 1
762 4
763 5
765 4
766 3
767 1
768 5
769 2
770 2
771 6
772 9
773 6
774 5
775 8
776 6
777 9
778 9
779 6
780 4
781 4
782 5
783 4
784 9
785 2
786 3
787 5
788 10
789 4
790 4
791 2
792 5
793 5
794 7
795 9
796 8
797 11
798 6
799 7
800 8
801 9
802 8
803 6
804 10
805 1
806 10
807 4
808 5
809 3
810 5
811 10
812 11
813 9
814 7
815 10
816 14
817 6
818 4
819 10
820 10
821 8
822 13
823 13
824 7
825 8
826 8
827 9
828 4
829 3
830 12
831 11
832 10
833 14
834 16
835 14
836 6
837 9
838 13
839 12
840 10
841 6
842 16
843 13
844 10
845 16
846 10
847 16
848 10
849 16
850 8
851 15
852 11
853 16
854 20
855 17
856 12
857 19
858 7
859 8
860 10
861 16
862 13
863 8
864 13
865 16
866 13
867 17
868 12
869 14
870 23
871 17
872 12
873 14
874 21
875 19
876 20
877 15
878 17
879 22
880 21
881 18
882 15
883 16
884 18
885 19
886 21
887 26
888 21
889 24
890 17
891 21
892 21
893 19
894 14
895 17
896 22
897 23
898 18
899 19
900 16
901 17
902 26
903 24
904 23
905 23
906 19
907 19
908 27
909 28
910 19
911 17
912 24
913 19
914 23
915 22
916 18
917 21
918 22
919 25
920 26
921 15
922 21
923 20
924 18
925 15
926 32
927 37
928 21
929 35
930 18
931 20
932 20
933 18
934 19
935 22
936 27
937 23
938 16
939 27
940 22
941 21
942 29
943 16
944 27
945 28
946 22
947 27
948 27
949 28
950 29
951 21
952 25
953 35
954 17
955 30
956 31
957 22
958 28
959 30
960 20
961 39
962 28
963 27
964 33
965 35
966 27
967 29
968 35
969 26
970 20
971 33
972 27
973 23
974 15
975 23
976 26
977 28
978 29
979 21
980 28
981 27
982 28
983 30
984 24
985 20
986 22
987 32
988 17
989 22
990 30
991 34
992 37
993 28
994 27
995 24
996 41
997 33
998 28
999 30
1000 28
1001 23
1002 23
1003 30
1004 29
1005 21
1006 36
1007 26
1008 21
1009 33
1010 26
1011 16
1012 32
1013 26
1014 24
1015 27
1016 27
1017 27
1018 21
1019 28
1020 31
1021 34
1022 26
1023 27
1024 19
1025 28
1026 34
1027 24
1028 27
1029 32
1030 30
1031 22
1032 22
1033 35
1034 24
1035 19
1036 24
1037 31
1038 23
1039 35
1040 28
1041 30
1042 33
1043 25
1044 18
1045 18
1046 26
1047 27
1048 26
1049 18
1050 28
1051 27
1052 23
1053 22
1054 23
1055 37
1056 22
1057 20
1058 27
1059 30
1060 20
1061 14
1062 24
1063 24
1064 23
1065 29
1066 32
1067 14
1068 19
1069 30
1070 19
1071 27
1072 20
1073 29
1074 22
1075 19
1076 27
1077 23
1078 24
1079 23
1080 29
1081 23
1082 30
1083 27
1084 19
1085 21
1086 19
1087 15
1088 19
1089 21
1090 20
1091 19
1092 12
1093 18
1094 19
1095 20
1096 13
1097 33
1098 22
1099 18
1100 22
1101 23
1102 22
1103 16
1104 16
1105 15
1106 21
1107 24
1108 26
1109 16
1110 25
1111 23
1112 23
1113 18
1114 16
1115 21
1116 18
1117 13
1118 19
1119 20
1120 11
1121 16
1122 21
1123 23
1124 17
1125 11
1126 18
1127 12
1128 14
1129 15
1130 10
1131 13
1132 14
1133 14
1134 15
1135 18
1136 10
1137 16
1138 14
1139 16
1140 8
1141 13
1142 8
1143 11
1144 17
1145 10
1146 19
1147 7
1148 12
1149 16
1150 12
1151 11
1152 14
1153 7
1154 16
1155 20
1156 11
1157 15
1158 9
1159 10
1160 12
1161 12
1162 12
1163 11
1164 9
1165 10
1166 13
1167 7
1168 8
1169 9
1170 8
1171 10
1172 9
1173 12
1174 16
1175 6
1176 7
1177 9
1178 16
1179 13
1180 9
1181 9
1182 13
1183 13
1184 8
1185 10
1186 15
1187 12
1188 10
1189 6
1190 4
1191 10
1192 2
1193 11
1194 7
1195 8
1196 3
1197 7
1198 6
1199 4
1200 8
1201 5
1202 7
1203 12
1204 8
1205 7
1206 4
1207 5
1208 3
1209 4
1210 2
1211 6
1212 5
1213 7
1214 4
1215 4
1216 5
1217 2
1218 6
1219 8
1220 2
1221 3
1222 4
1223 5
1224 2
1225 3
1226 3
1227 3
1228 2
1229 5
1230 2
1231 3
1232 5
1233 5
1234 2
1235 3
1236 3
1237 2
1238 4
1239 5
1240 4
1241 7
1242 1
1243 7
1244 3
1245 3
1246 3
1247 2
1248 3
1249 3
1250 4
1251 2
1252 3
1253 1
1254 2
1256 5
1257 2
1258 1
1259 1
1260 2
1261 2
1262 1
1263 4
1264 1
1265 1
1266 3
1267 3
1268 1
1269 1
1270 4
1271 1
1273 2
1274 1
1275 1
1277 1
1279 1
1280 1
1281 2
1282 1
1284 2
1285 1
1286 1
1287 2
1291 2
1293 3
1295 1
1296 3
1297 3
1299 2
1301 1
1303 3
1306 1
1307 1
1308 2
1309 4
1310 2
1312 1
1313 1
1314 2
1316 1
1319 2
1321 2
1322 1
1323 3
1325 1
1327 1
1329 1
1331 1
1334 1
1341 1
1344 1
1351 1
1361 1
1363 1
1371 1
1387 1
1389 1
