N J h mean_R_sq err_mean_R_sq mean_R_gyr_sq err_mean_R_gyr_sq 
2916 1.39 0 8472.88 1627.12 1779.37 277.814
85 1
117 1
265 1
373 1
425 1
445 1
449 1
461 1
569 1
637 1
725 1
949 1
985 1
1033 1
1225 1
1261 1
1465 1
1625 2
1681 1
1721 1
1825 2
2041 1
2061 1
2297 1
2425 1
2665 1
2785 1
2825 1
2925 2
3029 1
3133 1
3301 1
3361 1
3637 1
3649 1
3677 1
4013 1
4241 1
4293 1
4685 1
4801 1
4885 1
4913 1
5465 1
5625 1
5689 1
5993 2
6101 2
6161 1
6201 1
6309 1
6817 2
6905 1
7321 1
7565 1
7625 1
7685 1
7925 1
7949 1
8145 1
8185 1
8849 1
8885 1
9225 1
9437 1
10001 1
10673 1
11097 1
11225 1
11465 1
11965 1
12025 1
12337 1
13261 1
13297 1
13653 1
15041 1
15529 1
16085 1
16369 1
16801 1
17125 1
17657 1
17777 1
18485 1
19053 1
20905 1
23857 1
26989 1
29189 1
30713 1
33601 1
77645 1
