N J h mean_R_sq err_mean_R_sq mean_R_gyr_sq err_mean_R_gyr_sq 
4900 1.421 0 6886.71 2896.18 1703.3 436.673
1 2
5 8
9 4
13 5
17 6
25 13
29 11
37 12
41 12
45 9
49 2
53 13
61 8
65 16
73 9
81 7
85 21
89 9
97 7
101 16
109 13
113 7
117 14
121 2
125 23
137 6
145 27
149 14
153 14
157 16
169 14
173 10
181 4
185 29
193 15
197 13
205 23
221 26
225 20
229 8
233 17
241 11
245 5
257 11
261 17
265 30
269 10
277 7
281 11
289 10
293 9
305 13
313 8
317 17
325 23
333 10
337 7
349 11
353 9
361 7
365 24
369 16
373 11
377 26
389 12
397 7
401 13
405 11
409 8
421 17
425 51
433 15
441 4
445 30
449 16
457 8
461 16
477 12
481 25
485 24
493 30
505 24
509 10
521 13
529 2
533 20
541 20
545 31
549 13
557 11
565 23
569 10
577 14
585 19
593 14
601 9
605 10
613 8
617 16
625 20
629 23
637 14
641 13
653 7
657 14
661 14
673 13
677 10
685 22
689 31
697 26
701 9
709 11
725 35
729 9
733 14
745 17
757 10
761 9
765 27
769 12
773 11
785 23
793 22
797 14
801 6
809 6
821 14
829 9
833 11
841 16
845 35
853 9
857 14
865 24
873 14
877 7
881 15
901 19
905 35
909 7
925 24
929 10
937 11
941 8
949 26
953 12
961 5
965 20
977 11
981 14
985 25
997 6
1009 15
1013 15
1017 10
1021 8
1025 29
1033 12
1037 17
1049 15
1053 7
1061 10
1069 6
1073 23
1089 4
1093 12
1097 15
1105 49
1109 11
1117 8
1125 16
1129 6
1145 19
1153 7
1157 16
1165 33
1181 14
1189 17
1193 18
1201 14
1205 20
1213 9
1217 14
1225 20
1229 9
1233 14
1237 15
1241 18
1249 6
1261 17
1277 4
1285 22
1289 15
1297 8
1301 11
1305 20
1313 19
1321 11
1325 32
1341 8
1345 25
1361 14
1369 20
1373 12
1377 8
1381 15
1385 26
1405 28
1409 8
1413 9
1417 18
1421 10
1429 11
1433 10
1445 30
1453 11
1465 25
1469 19
1481 5
1489 11
1493 10
1513 22
1517 31
1521 17
1525 31
1537 32
1549 13
1553 10
1557 8
1565 34
1573 6
1585 26
1597 9
1601 4
1609 9
1613 17
1621 12
1625 36
1629 6
1637 10
1649 19
1657 8
1665 18
1669 8
1681 21
1685 22
1693 13
1697 10
1709 18
1717 17
1721 8
1733 14
1737 9
1741 12
1745 14
1753 11
1765 13
1769 16
1773 18
1777 9
1781 10
1789 15
1801 15
1805 10
1813 19
1825 34
1845 24
1849 3
1853 20
1861 13
1865 19
1873 8
1877 10
1885 43
1889 6
1901 10
1913 11
1921 19
1933 14
1937 19
1945 17
1949 8
1961 27
1973 10
1985 22
1989 26
1993 11
1997 8
2005 15
2009 5
2017 8
2025 15
2029 8
2041 22
2045 17
2053 10
2057 6
2061 13
2069 8
2081 14
2089 10
2097 8
2105 21
2113 7
2117 12
2125 40
2129 11
2137 13
2141 3
2153 11
2161 11
2165 17
2169 8
2173 16
2197 17
2205 5
2209 8
2213 10
2221 7
2225 35
2237 8
2245 19
2249 22
2257 15
2269 12
2273 6
2281 10
2285 21
2293 12
2297 5
2305 19
2309 11
2313 13
2329 26
2333 9
2341 8
2349 7
2353 11
2357 10
2377 13
2381 6
2385 19
2389 9
2393 12
2401 2
2405 38
2417 12
2421 12
2425 27
2437 13
2441 14
2465 40
2473 6
2477 10
2493 10
2501 11
2509 10
2521 7
2525 27
2529 8
2533 23
2545 11
2549 9
2557 11
2561 22
2581 21
2593 9
2597 10
2601 10
2605 19
2609 12
2617 8
2621 6
2633 8
2637 10
2645 7
2657 8
2665 33
2669 16
2677 6
2689 10
2693 9
2701 15
2705 16
2713 11
2725 25
2729 7
2741 10
2745 20
2749 14
2753 10
2777 8
2785 11
2789 7
2797 11
2801 2
2809 16
2813 13
2817 8
2825 22
2833 11
2837 3
2845 21
2853 10
2857 11
2861 8
2873 26
2885 13
2897 13
2909 9
2917 10
2925 26
2929 22
2941 17
2953 9
2957 4
2965 11
2969 8
2977 19
2989 11
2993 18
2997 6
3001 10
3005 16
3025 8
3029 9
3033 11
3037 7
3041 5
3049 6
3061 1
3065 16
3077 21
3085 12
3089 5
3109 13
3121 4
3125 19
3133 7
3137 5
3141 12
3145 33
3161 15
3169 11
3177 8
3181 5
3185 19
3205 13
3209 8
3217 9
3221 5
3229 7
3233 7
3249 5
3253 13
3257 6
3265 21
3277 7
3281 16
3285 16
3293 15
3301 7
3305 10
3313 6
3321 13
3329 1
3341 24
3349 12
3357 5
3361 4
3365 14
3373 9
3385 18
3389 10
3393 13
3413 6
3425 23
3433 5
3445 19
3449 9
3457 8
3461 6
3469 9
3481 3
3485 31
3497 11
3501 9
3505 13
3509 7
3517 10
3529 5
3533 9
3541 10
3545 23
3557 10
3573 7
3577 10
3581 6
3589 13
3593 13
3601 8
3609 7
3613 11
3617 7
3625 22
3637 2
3645 5
3649 14
3653 15
3665 10
3673 9
3677 3
3681 12
3697 10
3701 9
3709 5
3721 13
3725 31
3733 10
3737 12
3757 17
3761 7
3769 11
3785 10
3789 3
3793 13
3797 4
3805 19
3809 14
3821 6
3825 15
3833 3
3845 7
3853 5
3865 10
3869 14
3877 4
3881 9
3889 7
3893 19
3897 10
3917 3
3925 18
3929 9
3961 13
3965 22
3969 3
3973 12
3977 11
3985 10
3989 8
4001 5
4005 10
4013 6
4021 7
4033 14
4041 7
4045 8
4049 3
4057 7
4069 12
4073 6
4093 5
4097 6
4105 13
4113 4
4121 18
4129 5
4133 11
4141 19
4145 13
4149 7
4153 8
4157 6
4165 11
4177 6
4181 9
4201 6
4205 22
4217 7
4225 26
4229 13
4241 4
4253 6
4261 4
4265 17
4273 6
4285 10
4289 7
4293 7
4297 3
4321 11
4325 18
4329 8
4337 6
4349 10
4357 11
4361 4
4365 10
4369 20
4373 3
4381 17
4385 9
4397 7
4405 10
4409 3
4421 8
4437 12
4441 8
4453 11
4457 6
4469 16
4477 5
4481 5
4489 6
4493 4
4505 29
4513 4
4517 2
4525 13
4537 12
4545 14
4549 3
4553 10
4561 5
4573 12
4581 3
4589 5
4597 2
4621 6
4625 25
4633 8
4637 5
4645 10
4649 5
4657 4
4673 7
4685 11
4689 4
4693 8
4705 14
4709 14
4717 12
4721 5
4729 4
4733 5
4745 23
4753 7
4761 3
4765 16
4777 6
4789 6
4793 1
4797 19
4801 7
4805 3
4813 6
4817 6
4825 21
4849 13
4861 12
4869 6
4877 8
4885 19
4889 4
4901 18
4905 7
4909 2
4913 11
4925 11
4933 6
4937 2
4941 3
4949 3
4957 5
4961 2
4969 4
4973 6
4981 8
4985 11
4993 4
5009 10
5013 5
5017 9
5021 8
5041 2
5045 10
5057 11
5065 16
5069 9
5077 3
5081 3
5085 11
5101 3
5105 12
5113 5
5121 3
5125 21
5141 8
5153 4
5161 8
5165 5
5185 25
5189 4
5193 5
5197 8
5209 6
5213 8
5233 3
5237 6
5245 5
5249 10
5261 4
5265 12
5273 7
5281 6
5297 4
5305 10
5309 5
5317 3
5321 12
5329 7
5333 6
5337 7
5341 3
5345 12
5353 11
5365 24
5381 11
5389 8
5393 1
5409 7
5413 6
5417 5
5429 8
5437 5
5441 4
5445 5
5449 8
5465 10
5473 9
5477 5
5485 7
5501 2
5513 15
5517 4
5521 4
5525 21
5537 3
5545 13
5553 3
5557 5
5569 6
5573 2
5581 6
5585 10
5597 6
5617 11
5625 11
5629 5
5641 6
5645 10
5653 7
5657 5
5661 6
5669 6
5689 2
5693 5
5701 2
5713 8
5717 5
5725 19
5729 11
5733 1
5737 5
5741 2
5749 3
5765 11
5769 4
5777 6
5785 14
5801 5
5809 7
5813 4
5821 8
5825 9
5837 9
5849 3
5857 4
5861 8
5869 5
5877 4
5881 3
5897 3
5905 8
5913 3
5917 5
5929 4
5933 6
5941 10
5945 23
5949 3
5953 3
5965 6
5981 6
5989 11
5993 11
6001 8
6005 10
6025 15
6029 6
6037 4
6053 4
6057 3
6065 15
6073 1
6085 3
6089 2
6093 3
6101 2
6109 11
6113 3
6121 1
6125 6
6133 3
6137 5
6145 6
6161 9
6165 7
6173 4
6185 2
6197 8
6201 14
6205 23
6217 3
6221 4
6229 4
6245 8
6253 14
6257 6
6269 4
6273 5
6277 2
6301 4
6305 21
6309 2
6317 2
6329 3
6337 4
6341 5
6353 4
6361 3
6373 3
6381 2
6385 6
6389 3
6397 4
6401 9
6409 13
6413 3
6421 5
6425 11
6437 3
6445 13
6449 3
6473 1
6481 4
6485 5
6497 8
6505 11
6521 3
6525 8
6529 5
6553 3
6561 3
6565 15
6569 3
6577 4
6581 6
6597 3
6605 7
6613 5
6617 10
6625 17
6637 1
6641 7
6649 6
6653 3
6661 2
6673 5
6689 3
6697 7
6701 2
6705 5
6709 4
6713 6
6725 4
6733 5
6737 3
6749 6
6757 8
6761 2
6773 7
6781 4
6793 4
6805 4
6813 4
6817 5
6829 1
6833 2
6841 2
6845 8
6849 4
6857 3
6865 11
6869 2
6877 4
6885 3
6889 1
6893 9
6905 8
6917 2
6921 7
6925 10
6929 16
6949 5
6953 9
6957 3
6961 4
6977 4
6989 3
6997 2
7001 2
7013 1
7025 11
7033 8
7045 4
7057 1
7065 4
7069 5
7081 4
7085 15
7093 3
7105 2
7109 4
7121 2
7129 6
7141 7
7145 6
7157 7
7165 6
7173 1
7177 4
7193 2
7209 6
7213 4
7225 10
7229 6
7237 2
7241 6
7253 1
7261 3
7265 4
7281 3
7289 3
7297 3
7301 3
7309 3
7321 2
7325 10
7333 2
7345 16
7349 4
7361 7
7369 1
7373 6
7381 2
7389 2
7397 3
7405 4
7417 3
7421 2
7433 2
7445 4
7453 4
7457 1
7461 3
7465 10
7477 2
7481 3
7497 5
7501 4
7517 4
7529 2
7537 1
7541 2
7549 4
7561 1
7565 6
7569 5
7573 5
7577 6
7585 12
7589 3
7605 7
7621 1
7625 8
7633 7
7649 3
7669 4
7673 3
7677 6
7681 4
7685 11
7693 4
7709 7
7713 1
7717 4
7741 4
7745 5
7753 2
7757 1
7765 1
7769 4
7785 5
7789 4
7793 1
7801 3
7813 4
7817 1
7825 8
7829 1
7837 5
7841 2
7853 6
7857 2
7865 5
7873 2
7893 2
7897 9
7913 7
7921 1
7925 8
7929 2
7933 5
7937 5
7949 4
7957 3
7969 5
7985 3
7993 3
8005 5
8009 1
8017 3
8021 4
8033 9
8045 4
8053 1
8065 3
8069 1
8077 4
8081 3
8089 3
8093 1
8101 3
8105 4
8109 5
8117 4
8125 9
8145 5
8149 4
8161 1
8177 6
8181 2
8185 3
8209 2
8233 5
8237 3
8245 7
8249 2
8269 3
8273 1
8281 5
8285 5
8293 2
8317 2
8321 7
8325 6
8329 3
8333 1
8345 5
8357 2
8369 2
8377 1
8381 3
8389 4
8405 5
8425 8
8429 1
8433 3
8461 1
8465 2
8469 2
8473 1
8477 1
8485 2
8489 4
8497 6
8501 2
8521 1
8537 1
8541 4
8545 4
8573 5
8577 2
8581 3
8585 10
8593 5
8605 5
8609 1
8621 6
8629 3
8633 4
8649 2
8653 3
8665 3
8677 3
8681 1
8685 4
8689 2
8693 3
8705 3
8713 5
8725 3
8737 2
8741 4
8749 1
8753 2
8761 2
8765 5
8793 3
8801 7
8821 1
8825 4
8829 1
8837 1
8845 9
8849 3
8857 3
8861 2
8865 2
8869 3
8885 11
8893 2
8905 9
8917 6
8933 3
8941 2
8945 2
8957 3
8969 3
8973 1
8989 1
9005 7
9013 2
9025 1
9029 3
9041 3
9049 2
9061 4
9065 1
9077 2
9089 2
9109 2
9113 4
9117 1
9125 10
9133 1
9137 1
9153 1
9157 2
9161 2
9169 4
9181 2
9189 1
9193 3
9197 3
9209 3
9217 1
9221 6
9225 3
9241 1
9245 1
9257 1
9265 8
9277 2
9297 4
9305 2
9325 4
9333 4
9341 3
9349 2
9365 2
9385 2
9389 2
9397 3
9409 2
9413 1
9425 7
9433 3
9437 1
9441 1
9445 7
9457 1
9461 1
9469 1
9477 1
9497 3
9505 2
9509 3
9521 1
9529 2
9533 2
9553 1
9565 2
9577 2
9593 3
9601 1
9605 4
9621 3
9629 1
9653 2
9657 3
9665 3
9673 1
9677 1
9685 5
9689 1
9697 4
9701 2
9725 8
9745 4
9749 1
9769 1
9773 2
9797 1
9801 1
9805 6
9809 3
9817 3
9833 3
9841 4
9865 5
9881 2
9893 5
9925 4
9945 6
9949 1
9953 1
9965 4
9973 2
9985 4
9997 1
10001 4
10025 6
10049 3
10053 1
10057 2
10061 2
10069 3
10081 3
10085 2
10121 1
10125 3
10133 1
10145 2
10177 2
10181 1
10193 3
10205 6
10217 2
10225 5
10229 3
10249 2
10265 1
10285 3
10305 4
10309 3
10313 2
10333 1
10337 1
10345 1
10357 1
10361 3
10369 1
10377 5
10405 3
10413 1
10421 1
10429 2
10433 1
10441 2
10445 2
10457 1
10469 2
10489 2
10501 1
10513 2
10517 1
10525 5
10529 2
10537 4
10553 2
10565 3
10573 2
10585 4
10589 3
10597 2
10613 2
10625 8
10645 2
10657 4
10673 3
10685 8
10693 3
10701 3
10705 3
10709 1
10753 2
10765 1
10777 1
10781 2
10789 1
10805 2
10817 2
10825 2
10829 1
10845 2
10861 2
10865 3
10897 3
10909 4
10917 1
10933 1
10949 1
10953 1
10961 1
10973 2
10985 2
11009 1
11025 2
11029 3
11065 5
11069 1
11089 2
11097 3
11101 4
11105 5
11117 1
11125 4
11133 1
11161 2
11169 4
11173 2
11177 1
11185 2
11221 3
11225 1
11237 1
11241 1
11245 6
11257 1
11261 1
11273 1
11285 4
11317 2
11321 2
11329 1
11349 1
11357 2
11369 1
11401 2
11425 2
11441 1
11461 1
11465 3
11485 5
11489 3
11493 1
11509 1
11513 2
11521 2
11545 2
11565 3
11593 1
11601 2
11621 1
11657 1
11665 1
11673 1
11677 2
11681 1
11689 1
11705 2
11709 1
11713 1
11717 1
11729 4
11737 1
11745 1
11765 3
11773 2
11785 2
11789 1
11813 3
11817 2
11821 1
11833 1
11849 2
11881 2
11885 1
11897 1
11909 1
11917 2
11925 2
11933 1
11945 3
11969 2
12005 2
12013 1
12017 2
12025 1
12037 1
12053 2
12073 2
12077 2
12097 1
12105 2
12109 2
12113 1
12125 3
12137 3
12181 2
12185 3
12193 1
12197 1
12205 1
12233 1
12249 1
12253 1
12269 1
12281 1
12317 3
12321 4
12325 2
12337 5
12349 1
12357 2
12365 1
12385 1
12393 1
12409 1
12421 1
12457 1
12461 4
12497 1
12505 2
12517 1
12545 1
12601 1
12605 2
12613 1
12625 3
12629 2
12637 1
12641 1
12653 1
12665 2
12681 1
12689 1
12701 1
12717 1
12721 1
12753 1
12757 1
12769 1
12773 1
12781 2
12805 3
12833 2
12841 1
12861 1
12889 1
12893 1
12897 1
12905 2
12913 1
12917 2
12937 1
12941 2
12953 1
12965 1
12973 2
12985 1
12997 1
13005 1
13009 1
13025 2
13037 1
13049 2
13073 1
13077 2
13085 1
13093 1
13105 1
13117 1
13121 2
13165 2
13169 1
13185 1
13229 2
13261 1
13285 1
13289 1
13297 1
13325 6
13345 3
13357 2
13369 1
13381 1
13385 1
13401 1
13429 1
13437 1
13457 1
13465 1
13469 1
13481 3
13505 2
13549 1
13577 2
13645 1
13649 1
13653 1
13673 1
13697 2
13725 2
13729 1
13753 2
13781 1
13789 1
13801 1
13817 1
13829 1
13833 2
13841 1
13897 2
13901 1
13933 1
13941 1
13949 2
13969 2
14005 1
14029 1
14045 1
14085 2
14093 2
14125 1
14149 1
14153 1
14157 1
14165 1
14185 1
14225 2
14249 1
14281 1
14285 2
14321 1
14341 1
14357 1
14365 3
14369 1
14393 1
14425 2
14453 1
14473 1
14485 3
14489 1
14501 2
14517 1
14521 2
14533 1
14561 1
14585 2
14589 1
14625 1
14653 2
14689 1
14705 1
14753 1
14801 1
14821 2
14825 1
14837 1
14933 1
14957 1
14985 1
15005 1
15021 1
15025 3
15041 2
15061 1
15133 1
15165 1
15233 1
15273 1
15277 1
15289 1
15317 2
15325 1
15337 1
15349 1
15381 1
15385 1
15397 1
15425 1
15457 1
15473 1
15533 1
15577 2
15597 1
15625 2
15665 2
15733 1
15737 1
15797 1
15809 1
15905 1
15921 1
15925 1
15929 1
15949 1
15997 1
16021 1
16025 1
16029 1
16057 1
16101 1
16133 1
16165 2
16217 2
16229 1
16241 1
16245 2
16277 1
16381 1
16393 1
16405 1
16409 1
16425 1
16501 1
16505 1
16613 1
16677 1
16717 1
16729 1
16733 1
16745 1
16749 1
16781 1
16825 1
16837 1
16857 2
16893 1
16913 1
16921 1
16981 1
17029 1
17069 1
17113 1
17125 1
17153 1
17197 1
17245 1
17261 1
17357 2
17425 1
17485 1
17597 1
17649 1
17749 1
17777 1
17797 1
17865 1
17885 1
17909 1
17921 1
17945 1
18037 1
18045 1
18049 1
18081 1
18085 1
18149 1
18169 1
18241 1
18245 1
18265 1
18341 1
18421 1
18461 1
18473 1
18477 2
18497 1
18629 1
18685 3
18833 1
18925 1
18989 1
19097 1
19165 1
19409 1
19517 1
19541 1
19557 1
19649 1
19773 1
19885 1
19925 2
20065 1
20101 1
20117 1
20449 1
20525 1
20561 1
20565 1
20629 1
20905 1
20961 1
21005 1
21041 2
21145 1
21157 1
21213 2
21325 1
21341 1
21437 1
21825 1
21853 1
22013 1
22049 1
22105 1
22525 1
22573 1
22601 1
22741 1
22765 1
22817 1
22877 1
23269 1
23365 1
24065 1
24245 1
24361 1
25357 1
25385 1
25649 1
25793 1
28109 1
28421 1
34597 1
123565 1
185429 1
332389 1
355337 1
614657 1
618085 1
796105 1
916873 1
918349 1
1009865 1
1096213 1
1106785 1
1110409 1
1147109 1
1154005 1
1166401 1
1177421 1
1184157 1
1189621 1
1214701 1
1234385 1
1249453 1
1254481 1
1266401 1
1302281 1
1562669 1
1653821 1
1856133 1
2007989 1
2035157 1
