N J h mean_R_sq err_mean_R_sq mean_R_gyr_sq err_mean_R_gyr_sq 
2916 1.45 0 2527.59 541.341 744.513 69.5722
1 3
5 5
9 4
13 12
17 11
25 21
29 14
37 3
41 10
45 10
49 9
53 11
61 12
65 34
73 12
81 7
85 24
89 13
97 10
101 15
109 16
113 17
117 13
121 7
125 33
137 17
145 30
149 16
153 17
157 13
169 16
173 11
181 16
185 26
193 16
197 11
205 28
221 27
225 14
229 13
233 17
241 8
245 22
257 14
261 19
265 24
269 10
277 15
281 13
289 21
293 12
305 36
313 14
317 13
325 36
333 15
337 10
349 9
353 15
361 4
365 27
369 14
373 14
377 33
389 12
397 13
401 14
405 16
409 18
421 12
425 37
433 21
441 4
445 27
449 17
457 13
461 16
477 10
481 32
485 29
493 14
505 22
509 15
521 12
529 7
533 21
541 21
545 25
549 20
557 10
565 29
569 13
577 9
585 22
593 21
601 17
605 11
613 6
617 14
625 30
629 37
637 17
641 11
653 14
657 16
661 11
673 5
677 13
685 30
689 24
697 18
701 14
709 10
725 32
729 2
733 12
745 25
757 10
761 11
765 16
769 10
773 10
785 22
793 21
797 12
801 18
809 11
821 14
829 9
833 15
841 13
845 40
853 11
857 8
865 27
873 13
877 11
881 13
901 21
905 15
909 11
925 31
929 13
937 19
941 9
949 28
953 12
961 7
965 27
977 10
981 9
985 16
997 10
1009 13
1013 12
1017 12
1021 14
1025 34
1033 11
1037 21
1049 10
1053 8
1061 9
1069 13
1073 35
1089 3
1093 12
1097 8
1105 39
1109 16
1117 8
1125 17
1129 13
1145 25
1153 8
1157 18
1165 24
1181 12
1189 25
1193 9
1201 9
1205 27
1213 8
1217 9
1225 10
1229 7
1233 6
1237 13
1241 24
1249 11
1261 16
1277 7
1285 26
1289 12
1297 12
1301 7
1305 21
1313 22
1321 10
1325 31
1341 9
1345 19
1361 7
1369 21
1373 6
1377 7
1381 8
1385 26
1405 32
1409 3
1413 9
1417 18
1421 11
1429 10
1433 6
1445 33
1453 5
1465 20
1469 12
1481 10
1489 12
1493 6
1513 18
1517 18
1521 12
1525 18
1537 22
1549 6
1553 5
1557 11
1565 18
1573 14
1585 18
1597 11
1601 10
1609 12
1613 10
1621 6
1625 34
1629 7
1637 13
1649 26
1657 5
1665 12
1669 9
1681 15
1685 14
1693 8
1697 8
1709 9
1717 18
1721 7
1733 8
1737 11
1741 9
1745 16
1753 6
1765 23
1769 25
1773 7
1777 8
1781 20
1789 9
1801 9
1805 10
1813 6
1825 16
1845 14
1849 3
1853 25
1861 10
1865 18
1873 6
1877 11
1885 33
1889 10
1901 5
1913 12
1921 21
1933 7
1937 13
1945 11
1949 12
1961 19
1973 4
1985 17
1989 11
1993 8
1997 10
2005 14
2009 7
2017 9
2025 7
2029 4
2041 9
2045 20
2053 6
2057 7
2061 9
2069 7
2081 9
2089 7
2097 7
2105 9
2113 9
2117 11
2125 29
2129 4
2137 9
2141 18
2153 10
2161 6
2165 16
2169 13
2173 14
2197 9
2205 5
2209 5
2213 5
2221 13
2225 21
2237 11
2245 11
2249 12
2257 12
2269 9
2273 2
2281 7
2285 6
2293 1
2297 7
2305 15
2309 10
2313 4
2329 6
2333 6
2341 7
2349 11
2353 18
2357 10
2377 6
2381 8
2385 17
2389 7
2393 5
2401 1
2405 15
2417 10
2421 4
2425 20
2437 7
2441 11
2465 31
2473 2
2477 7
2493 6
2501 10
2509 10
2521 3
2525 15
2529 5
2533 12
2545 10
2549 6
2557 4
2561 12
2581 11
2593 6
2597 6
2601 13
2605 7
2609 7
2617 2
2621 8
2633 8
2637 8
2645 7
2657 3
2665 24
2669 16
2677 8
2689 6
2693 2
2701 11
2705 9
2713 6
2725 17
2729 7
2741 4
2745 9
2749 4
2753 5
2777 8
2785 8
2789 3
2797 6
2801 3
2809 7
2813 10
2817 5
2825 20
2833 6
2837 9
2845 11
2853 10
2857 5
2861 4
2873 9
2885 8
2897 4
2909 7
2917 4
2925 14
2929 8
2941 6
2953 5
2957 4
2965 13
2969 4
2977 11
2989 5
2993 8
2997 7
3001 3
3005 7
3025 9
3029 12
3037 3
3041 6
3049 2
3061 6
3065 11
3077 8
3085 8
3089 6
3109 3
3121 7
3125 12
3133 5
3141 1
3145 22
3161 8
3169 3
3177 6
3181 5
3185 8
3205 7
3209 3
3217 6
3221 3
3229 4
3233 3
3249 3
3253 1
3257 7
3265 8
3277 10
3281 11
3285 10
3293 9
3301 4
3305 10
3313 3
3321 5
3329 4
3341 7
3349 5
3357 5
3361 6
3365 9
3373 4
3385 7
3389 5
3393 9
3413 3
3425 9
3433 6
3445 23
3449 3
3457 1
3461 4
3469 3
3481 3
3485 18
3497 4
3501 4
3505 6
3517 4
3529 2
3533 3
3541 3
3545 3
3557 3
3573 3
3577 5
3581 4
3589 3
3593 3
3601 4
3609 3
3613 3
3617 5
3625 15
3637 4
3645 5
3649 9
3653 4
3665 8
3673 6
3677 4
3681 6
3697 4
3701 5
3709 5
3721 5
3725 15
3733 1
3737 7
3757 7
3761 6
3769 1
3785 4
3789 2
3793 8
3797 1
3805 4
3809 6
3821 3
3825 6
3833 1
3845 5
3853 1
3865 6
3869 4
3877 1
3881 1
3889 6
3893 7
3897 3
3917 1
3925 11
3929 2
3961 7
3965 15
3969 2
3973 6
3977 7
3985 5
3989 3
4001 2
4005 4
4021 4
4033 7
4041 5
4045 4
4049 3
4057 2
4069 4
4073 2
4093 4
4097 6
4105 6
4113 2
4121 7
4129 2
4133 2
4141 5
4145 3
4149 1
4153 2
4157 4
4165 2
4177 2
4181 3
4201 4
4205 11
4217 3
4225 14
4229 3
4241 6
4253 2
4261 3
4265 2
4285 4
4289 3
4293 2
4297 4
4321 4
4325 7
4329 8
4337 5
4349 1
4365 3
4369 7
4373 2
4381 5
4385 3
4397 3
4405 6
4409 2
4421 2
4437 3
4441 5
4453 4
4457 2
4469 4
4477 1
4493 1
4505 11
4513 3
4517 4
4525 3
4537 3
4545 5
4549 1
4553 2
4561 1
4573 2
4581 3
4589 5
4597 3
4621 2
4625 4
4633 3
4645 1
4657 5
4673 2
4685 1
4689 2
4693 3
4705 6
4709 3
4717 2
4721 1
4729 2
4745 6
4753 1
4761 1
4765 2
4777 3
4789 3
4793 2
4797 4
4805 5
4817 2
4825 2
4849 7
4861 2
4869 2
4877 2
4885 3
4889 3
4901 5
4905 7
4909 4
4913 1
4925 4
4933 3
4937 1
4941 2
4949 1
4957 2
4961 1
4981 3
4985 1
4993 3
5009 2
5013 2
5017 3
5021 2
5041 3
5045 2
5057 1
5069 3
5081 5
5085 3
5101 1
5105 6
5113 1
5121 1
5125 3
5141 5
5161 2
5165 2
5185 3
5193 1
5209 1
5213 3
5233 1
5237 1
5245 3
5249 2
5261 1
5265 1
5273 1
5281 1
5297 3
5305 1
5309 1
5317 1
5321 6
5329 1
5333 1
5337 3
5341 1
5353 2
5365 3
5381 1
5393 2
5409 1
5413 2
5429 1
5437 1
5441 2
5473 2
5485 2
5501 3
5513 3
5525 7
5545 3
5553 1
5557 2
5573 2
5581 2
5585 2
5617 1
5625 3
5629 1
5645 2
5657 1
5661 2
5669 1
5689 2
5693 2
5701 1
5713 1
5725 4
5729 1
5737 1
5749 2
5765 4
5777 1
5785 3
5801 2
5809 6
5821 1
5825 1
5849 3
5869 2
5881 2
5913 2
5929 2
5933 1
5941 1
5945 4
5949 1
5953 4
5965 2
5981 1
5989 2
6001 3
6005 4
6029 2
6053 1
6057 1
6065 2
6073 2
6085 2
6089 1
6093 1
6109 2
6113 1
6125 1
6133 2
6161 1
6173 1
6185 1
6197 1
6205 3
6217 1
6221 1
6245 2
6253 2
6257 2
6273 2
6305 2
6309 1
6341 2
6353 2
6373 1
6381 2
6385 1
6389 3
6401 2
6409 3
6413 1
6425 4
6437 1
6449 1
6473 1
6485 1
6505 1
6521 1
6525 4
6529 1
6565 2
6577 1
6597 3
6605 1
6617 2
6709 1
6713 2
6725 1
6733 1
6749 1
6773 3
6781 1
6793 1
6805 1
6813 1
6817 2
6829 1
6845 1
6849 1
6865 2
6869 2
6925 3
6929 4
6949 1
6953 2
6961 2
7025 1
7033 1
7081 1
7085 4
7093 1
7105 1
7121 1
7137 2
7141 1
7145 2
7157 1
7165 2
7193 1
7225 2
7237 3
7241 1
7261 1
7297 1
7325 3
7361 1
7369 3
7417 1
7421 1
7445 1
7457 1
7517 1
7529 1
7537 1
7541 2
7565 1
7569 2
7585 3
7589 1
7621 1
7669 1
7673 1
7681 1
7685 3
7717 1
7741 1
7745 1
7757 1
7769 1
7801 2
7813 1
7825 1
7857 1
7969 2
8009 1
8033 1
8045 2
8053 1
8065 1
8089 1
8093 1
8125 1
8149 2
8233 2
8245 2
8269 1
8285 2
8321 1
8325 1
8361 1
8381 1
8469 1
8485 1
8489 1
8497 1
8545 1
8633 1
8677 1
8681 1
8685 2
8693 1
8753 1
8793 1
8829 1
8865 1
8917 1
8933 1
8945 1
9065 1
9113 1
9325 1
9333 1
9365 1
9385 2
9509 1
9685 1
9797 1
10037 1
10045 1
10397 1
10553 1
10701 1
10769 1
10777 1
11125 2
11133 1
11273 1
11401 1
11773 1
15613 1
460125 1
749957 1
793885 1
801089 1
813629 1
