N J h mean_R_sq err_mean_R_sq mean_R_gyr_sq err_mean_R_gyr_sq 
2916 1.425 0 2942.69 454.461 829.749 68.1398
1 1
5 1
13 2
17 3
25 2
29 7
37 2
41 2
45 7
49 1
53 3
65 3
73 2
81 3
85 7
89 5
97 3
101 3
109 3
113 2
117 2
121 2
125 7
137 2
145 9
149 2
153 1
157 5
169 6
173 2
181 6
185 3
197 5
205 6
221 5
225 4
229 5
233 7
241 3
245 1
257 2
261 2
265 3
269 3
277 2
281 6
289 10
293 2
305 8
313 3
317 1
325 11
333 4
337 4
349 1
353 3
361 2
365 14
369 3
373 3
377 4
389 4
397 5
401 1
405 1
409 3
421 4
425 12
433 2
445 9
449 7
457 1
461 5
477 1
481 3
485 5
493 8
505 5
509 5
529 2
533 10
541 6
545 10
549 4
557 2
565 5
569 3
577 3
585 5
593 3
601 3
605 5
613 3
617 2
625 15
629 5
637 4
641 3
653 4
657 3
661 3
673 5
677 1
685 10
689 7
697 7
701 5
709 6
725 11
729 1
733 4
745 4
757 2
765 9
769 4
773 7
785 11
793 10
797 4
801 4
809 2
821 3
829 4
833 4
841 6
845 11
853 5
857 4
865 6
873 5
877 4
881 2
901 3
905 4
909 4
925 12
929 1
937 4
941 7
949 5
953 5
961 2
965 6
977 2
981 3
985 6
997 4
1009 3
1013 1
1017 1
1021 3
1025 9
1033 4
1037 9
1049 4
1053 2
1061 5
1069 3
1073 7
1093 2
1097 5
1105 14
1109 2
1117 2
1125 3
1129 2
1145 6
1153 4
1157 8
1165 3
1189 4
1193 4
1205 7
1213 4
1217 3
1225 5
1229 5
1233 4
1237 6
1241 2
1249 2
1261 3
1277 7
1285 14
1289 2
1297 1
1301 3
1305 7
1313 4
1321 1
1325 8
1341 3
1345 4
1361 6
1369 1
1373 2
1377 5
1381 2
1385 3
1405 6
1409 9
1413 1
1417 6
1421 1
1429 3
1433 4
1445 5
1453 1
1465 3
1469 6
1481 3
1489 6
1493 3
1513 8
1517 7
1521 7
1525 9
1537 7
1549 3
1553 3
1557 2
1565 6
1573 5
1585 7
1597 2
1601 1
1609 4
1613 2
1621 3
1625 8
1629 3
1637 1
1649 5
1657 5
1665 4
1681 2
1685 4
1693 2
1697 3
1709 3
1717 5
1721 3
1733 1
1737 7
1741 3
1745 11
1765 4
1769 3
1773 1
1777 3
1781 5
1789 4
1801 2
1813 2
1825 5
1845 4
1849 3
1853 2
1861 2
1865 3
1885 7
1889 3
1901 1
1913 1
1921 5
1933 3
1937 3
1945 1
1949 1
1961 2
1973 1
1985 4
1989 4
1993 1
1997 1
2005 9
2009 3
2017 2
2025 6
2029 4
2041 6
2045 5
2053 4
2057 2
2069 2
2097 1
2105 4
2113 3
2117 4
2125 9
2129 1
2137 3
2141 1
2153 2
2161 3
2165 3
2169 4
2173 6
2197 5
2209 1
2213 3
2221 4
2225 7
2237 2
2245 3
2249 4
2257 6
2269 4
2281 2
2285 4
2293 3
2297 1
2305 4
2309 3
2313 3
2329 5
2333 1
2341 2
2349 1
2353 8
2357 1
2377 2
2381 1
2385 5
2393 1
2401 2
2405 6
2417 2
2421 2
2425 7
2437 2
2441 1
2465 9
2473 1
2477 1
2493 1
2501 4
2509 2
2521 1
2525 4
2533 7
2545 3
2549 3
2557 1
2561 1
2581 4
2593 3
2597 1
2601 3
2605 3
2609 2
2617 2
2621 1
2633 1
2637 1
2645 1
2665 14
2669 6
2677 2
2689 1
2693 1
2701 4
2705 2
2713 1
2725 4
2729 2
2741 3
2745 1
2749 2
2753 2
2777 2
2785 5
2789 3
2801 1
2809 3
2813 3
2817 3
2825 2
2837 2
2845 1
2853 1
2857 3
2861 2
2873 2
2885 2
2897 3
2909 1
2925 3
2929 6
2941 1
2953 2
2957 1
2965 2
2969 3
2977 4
2989 1
2993 4
2997 1
3001 1
3005 3
3025 3
3029 2
3033 1
3037 1
3041 1
3049 2
3065 3
3077 3
3085 1
3089 3
3109 1
3121 1
3125 3
3133 2
3141 1
3145 2
3161 1
3177 1
3181 1
3185 1
3205 4
3209 1
3229 1
3233 2
3249 1
3253 1
3265 3
3277 1
3285 4
3293 2
3301 1
3305 2
3341 4
3349 3
3357 1
3361 1
3365 3
3373 3
3385 1
3389 1
3425 4
3445 4
3457 1
3461 1
3469 2
3485 7
3497 2
3501 2
3505 2
3509 2
3529 5
3533 5
3545 3
3557 1
3573 2
3577 2
3589 4
3593 1
3601 6
3613 5
3617 1
3625 3
3637 2
3649 2
3653 3
3665 5
3673 1
3677 1
3697 2
3701 2
3709 2
3721 1
3725 6
3737 6
3757 4
3761 1
3785 2
3789 1
3793 1
3797 1
3805 2
3809 2
3825 5
3833 1
3845 2
3853 1
3865 2
3869 2
3877 1
3881 3
3893 3
3897 2
3917 2
3925 4
3929 1
3961 1
3965 7
3973 3
3977 2
3985 1
3989 1
4001 1
4013 2
4033 3
4045 5
4069 3
4093 1
4097 1
4105 2
4113 2
4121 1
4133 1
4141 2
4145 4
4153 2
4165 4
4177 1
4181 2
4201 1
4217 2
4225 3
4229 3
4241 1
4265 1
4273 1
4289 2
4297 2
4325 2
4329 1
4357 1
4361 1
4365 1
4369 1
4381 2
4385 2
4397 1
4409 2
4437 1
4441 1
4457 1
4469 1
4477 1
4493 1
4505 5
4513 1
4537 2
4549 1
4553 1
4561 1
4573 3
4589 1
4621 1
4625 2
4633 2
4637 2
4645 2
4649 1
4657 1
4685 3
4709 1
4721 1
4733 1
4745 3
4753 1
4761 1
4765 1
4777 3
4789 2
4797 3
4801 2
4817 3
4825 2
4861 1
4877 1
4889 1
4905 2
4909 2
4925 1
4933 2
4937 3
4941 1
4993 1
5017 1
5057 2
5065 1
5069 4
5077 2
5081 1
5085 2
5105 2
5125 1
5141 1
5161 2
5165 1
5185 2
5189 1
5197 1
5249 5
5265 4
5281 1
5309 3
5317 1
5321 1
5353 1
5365 1
5381 2
5389 1
5393 1
5409 2
5429 1
5485 1
5501 1
5517 1
5525 4
5545 1
5569 3
5573 1
5585 2
5625 3
5641 1
5645 1
5657 1
5661 4
5689 1
5693 1
5701 2
5717 1
5737 1
5769 1
5777 2
5785 3
5801 1
5809 1
5825 1
5857 3
5881 1
5905 3
5913 1
5929 1
5933 2
5941 3
5945 2
5981 2
5989 1
6001 2
6005 1
6025 3
6065 1
6073 1
6085 1
6109 1
6145 1
6161 1
6173 1
6185 1
6205 2
6217 1
6221 1
6253 1
6305 1
6317 1
6341 2
6353 1
6381 2
6389 1
6409 2
6445 1
6497 1
6505 1
6553 1
6561 1
6565 3
6597 1
6617 1
6625 1
6641 2
6697 1
6705 2
6757 1
6773 1
6781 2
6893 2
6925 1
7025 2
7045 1
7057 1
7069 1
7085 1
7093 1
7109 2
7129 1
7137 1
7141 2
7157 1
7213 1
7225 1
7261 1
7265 1
7325 1
7333 1
7345 1
7373 1
7389 1
7405 2
7445 1
7453 2
7501 1
7561 1
7565 1
7569 1
7577 1
7605 2
7669 1
7677 1
7709 2
7741 1
7813 1
7829 1
7837 1
7853 1
7925 1
7937 1
8009 1
8125 1
8233 1
8245 1
8293 1
8333 1
8381 1
8405 1
8465 3
8497 2
8501 1
8545 1
8593 1
8653 1
8665 1
8821 1
8825 1
8833 1
8893 1
8945 1
8989 1
9001 1
9005 1
9065 1
9169 1
9257 1
9281 1
9341 1
9349 1
9421 1
9457 1
9505 1
9509 1
9593 1
9649 1
9829 1
9841 1
9865 1
9953 1
10025 1
10045 1
10181 1
10205 1
10217 1
10229 1
10321 1
10361 1
10585 1
10625 1
10673 2
10865 1
10961 1
11105 1
11125 2
11169 1
11225 1
11365 1
11465 1
11665 2
11705 1
11953 1
12013 1
12025 1
12181 1
12197 1
12209 1
12241 1
12605 1
12913 1
13325 1
13577 1
13705 1
14005 1
14481 1
17785 1
17837 1
31805 1
54193 1
56537 1
57193 1
59141 1
110225 1
559865 1
