N J h mean_R_sq err_mean_R_sq mean_R_gyr_sq err_mean_R_gyr_sq 
2500 1.47 0 1607.68 32.6704 549.291 2.97466
1 2
5 4
9 1
13 5
17 6
25 5
29 3
37 4
41 5
45 5
49 6
53 8
61 4
65 18
73 6
81 1
85 15
89 3
97 5
101 5
109 3
113 7
117 4
121 3
125 13
137 9
145 13
149 13
153 4
157 6
169 12
173 3
181 6
185 10
193 6
197 10
205 13
221 15
225 10
229 5
233 6
241 8
245 9
257 5
261 5
265 14
269 8
277 7
281 9
289 8
293 5
305 16
313 8
317 6
325 23
333 5
337 8
349 4
353 6
361 3
365 14
369 5
377 10
389 7
397 7
401 9
405 6
409 7
421 7
425 20
433 9
441 4
445 18
449 5
457 5
461 8
477 4
481 9
485 12
493 12
505 8
509 8
521 8
529 4
533 16
541 11
545 9
549 4
557 3
565 17
569 4
577 2
585 16
593 5
601 5
605 9
613 9
617 5
625 7
629 13
637 5
641 7
653 4
661 9
673 7
677 7
685 10
689 14
697 11
701 7
709 2
725 15
729 1
733 11
745 9
757 7
761 6
765 5
769 6
773 6
785 10
793 9
797 3
801 4
809 4
821 4
829 7
833 3
841 4
845 14
853 8
857 9
865 13
873 1
877 3
881 2
901 12
905 8
909 5
925 11
929 5
937 5
941 7
949 11
961 3
965 12
977 9
981 9
985 8
997 6
1009 4
1013 6
1017 7
1021 1
1025 12
1033 1
1037 8
1049 4
1053 3
1061 5
1069 6
1073 7
1089 3
1093 6
1097 1
1105 15
1109 5
1117 4
1125 10
1129 4
1145 7
1153 6
1157 7
1165 11
1181 4
1189 5
1193 5
1201 2
1205 14
1213 3
1217 5
1225 5
1229 6
1233 4
1237 3
1241 11
1249 2
1261 9
1277 4
1285 12
1289 4
1297 5
1301 3
1305 4
1313 10
1321 6
1325 17
1341 6
1345 7
1361 3
1369 9
1373 4
1377 5
1381 9
1385 8
1405 7
1409 2
1413 1
1417 4
1421 4
1429 4
1433 2
1445 13
1453 4
1465 9
1469 10
1481 5
1489 1
1493 4
1513 11
1517 10
1521 6
1525 10
1537 9
1549 3
1553 4
1557 3
1565 1
1573 6
1585 7
1597 3
1601 7
1613 5
1621 3
1625 12
1629 4
1637 8
1649 6
1657 5
1665 6
1669 3
1681 3
1685 11
1693 3
1697 4
1709 3
1717 7
1721 4
1733 3
1737 3
1741 2
1745 10
1753 6
1765 7
1769 5
1773 4
1777 6
1781 5
1789 3
1801 4
1805 2
1825 9
1845 5
1849 2
1853 3
1861 3
1865 4
1873 1
1877 3
1885 5
1889 3
1901 5
1913 3
1921 9
1933 5
1937 2
1945 5
1949 4
1961 5
1973 5
1985 7
1989 12
1993 4
1997 4
2005 3
2009 3
2017 1
2025 5
2041 8
2045 8
2053 2
2057 2
2061 2
2069 2
2081 2
2089 4
2097 2
2105 4
2113 3
2117 14
2125 7
2129 5
2137 3
2141 2
2153 1
2161 2
2165 2
2169 2
2173 5
2197 5
2205 3
2209 1
2221 4
2225 11
2237 2
2245 4
2249 7
2257 3
2269 3
2281 6
2285 4
2293 3
2297 2
2305 5
2309 2
2313 2
2329 9
2333 3
2341 3
2349 4
2353 4
2357 2
2385 6
2389 3
2393 2
2405 10
2421 3
2425 4
2437 1
2441 1
2465 7
2477 1
2493 2
2501 3
2509 2
2521 2
2525 5
2533 9
2545 8
2549 5
2557 2
2561 4
2581 2
2593 1
2597 2
2601 4
2605 3
2617 1
2633 4
2637 1
2645 3
2657 2
2665 11
2669 3
2677 5
2689 3
2693 1
2701 5
2705 5
2725 6
2729 3
2745 3
2749 3
2753 1
2777 3
2785 2
2789 1
2797 3
2801 1
2813 4
2817 2
2825 7
2837 3
2845 2
2853 3
2857 3
2861 5
2873 7
2885 3
2897 2
2909 2
2917 2
2925 5
2929 3
2953 2
2957 2
2965 1
2977 3
2989 3
2993 6
2997 1
3001 2
3005 2
3025 4
3029 2
3033 4
3037 5
3041 2
3049 2
3061 2
3065 2
3085 4
3089 2
3121 1
3125 1
3133 1
3141 1
3145 3
3161 4
3177 3
3181 3
3185 5
3205 3
3209 2
3217 1
3221 1
3229 2
3233 2
3253 3
3257 1
3265 2
3277 2
3281 2
3285 5
3293 2
3301 1
3305 1
3313 2
3321 1
3329 2
3349 3
3365 2
3385 3
3393 7
3413 1
3425 1
3433 2
3445 2
3457 2
3461 2
3469 1
3481 3
3485 5
3497 3
3501 2
3509 1
3517 1
3541 1
3557 2
3573 1
3581 1
3589 1
3601 3
3609 1
3613 2
3625 5
3649 1
3653 5
3665 1
3677 3
3681 2
3697 2
3701 1
3721 3
3725 4
3737 5
3757 4
3761 2
3785 2
3789 1
3793 1
3797 2
3809 2
3821 1
3825 1
3833 1
3845 3
3853 1
3865 2
3869 5
3877 1
3897 2
3917 2
3925 1
3961 1
3965 2
3973 4
3977 2
3985 1
4005 2
4021 1
4041 1
4045 2
4049 1
4069 1
4097 3
4105 1
4113 1
4121 2
4141 2
4145 2
4153 1
4157 1
4165 1
4177 1
4205 2
4225 2
4229 1
4261 1
4265 1
4285 1
4321 2
4325 4
4329 2
4337 1
4349 2
4361 2
4365 1
4369 2
4381 1
4385 1
4405 1
4437 2
4453 1
4469 2
4477 1
4481 1
4505 3
4513 1
4525 2
4537 2
4549 2
4553 1
4561 1
4573 1
4589 1
4597 1
4621 1
4625 2
4645 1
4649 1
4693 1
4721 1
4733 2
4745 3
4753 2
4761 1
4797 1
4801 1
4805 1
4825 1
4849 1
4885 3
4901 2
4925 2
4961 1
4969 1
4985 2
4993 1
5045 1
5057 1
5065 3
5141 1
5161 1
5185 2
5189 1
5209 2
5213 1
5245 1
5305 1
5309 1
5329 2
5337 1
5393 1
5409 1
5429 1
5477 1
5501 1
5513 1
5525 1
5545 1
5557 1
5573 1
5585 1
5597 1
5617 1
5625 2
5669 1
5701 1
5737 1
5765 1
5769 1
5813 2
5881 1
5941 1
5993 2
6145 2
6161 2
6185 1
6253 1
6269 1
6305 1
6341 2
6361 1
6397 1
6413 1
6449 1
6473 1
6565 1
6625 1
6829 1
6857 2
6893 1
6929 2
7065 1
7121 1
7325 1
7569 1
7897 1
8233 1
9749 1
9841 1
11133 1
