N J h mean_R_sq err_mean_R_sq mean_R_gyr_sq err_mean_R_gyr_sq 
2500 1.39 0 4747.53 209.539 1038.75 27.6344
1 1
5 4
9 2
13 5
17 3
25 8
29 5
37 6
41 4
45 3
49 2
53 1
61 5
65 11
73 1
81 5
85 9
89 12
97 5
101 3
109 9
113 4
117 8
121 1
125 12
137 5
145 13
149 4
153 11
157 6
169 9
173 6
181 4
185 12
193 6
197 3
205 8
221 11
225 6
229 5
233 6
241 7
245 3
257 5
261 10
265 10
269 2
277 6
281 8
289 10
293 5
305 10
313 9
317 6
325 13
333 8
337 4
349 8
353 4
361 4
365 14
369 5
373 12
377 18
389 3
397 5
401 8
405 2
409 2
421 7
425 23
433 3
441 4
445 14
449 5
457 4
461 5
477 4
481 12
485 10
493 9
505 11
509 3
521 8
529 3
533 8
541 4
545 14
549 5
557 5
565 14
569 8
577 6
585 16
593 6
601 3
605 3
613 4
617 3
625 11
629 8
637 5
641 5
653 5
657 2
661 3
673 7
677 4
685 14
689 8
697 17
701 8
709 2
725 11
729 3
733 5
745 9
757 5
761 6
765 5
769 6
773 6
785 10
793 13
797 6
801 6
809 3
821 4
829 1
833 4
841 6
845 13
853 7
857 3
865 14
873 7
877 9
881 3
901 6
905 10
909 9
925 15
929 5
937 6
941 4
949 9
953 6
961 4
965 5
977 10
981 9
985 14
997 7
1009 4
1013 4
1017 6
1021 7
1025 19
1033 5
1037 14
1049 1
1053 9
1061 2
1069 3
1073 7
1089 2
1093 9
1097 5
1105 25
1109 5
1117 4
1125 12
1129 5
1145 11
1153 4
1157 9
1165 15
1181 3
1189 10
1193 5
1201 5
1205 11
1213 6
1217 4
1225 3
1229 4
1233 5
1237 4
1241 9
1249 5
1261 10
1277 6
1285 9
1289 7
1297 9
1301 8
1305 10
1313 12
1321 5
1325 15
1341 7
1345 21
1361 3
1369 6
1373 5
1377 4
1381 2
1385 10
1405 9
1409 6
1413 2
1417 7
1421 4
1429 2
1433 6
1445 11
1453 6
1465 5
1469 10
1481 3
1489 7
1493 4
1513 14
1517 5
1521 5
1525 17
1537 6
1549 8
1553 9
1557 2
1565 8
1573 4
1585 4
1597 7
1601 3
1609 3
1613 4
1621 9
1625 21
1629 4
1637 2
1649 12
1657 4
1665 8
1669 7
1681 6
1685 10
1693 5
1697 7
1709 6
1717 9
1721 2
1733 9
1737 5
1741 4
1745 17
1753 6
1765 9
1769 10
1773 8
1777 5
1781 12
1789 8
1801 5
1805 1
1813 6
1825 9
1845 13
1849 3
1853 6
1861 2
1865 11
1873 5
1877 3
1885 17
1889 5
1901 4
1913 2
1921 14
1933 1
1937 13
1945 9
1949 5
1961 8
1985 8
1989 9
1993 2
1997 2
2005 6
2009 2
2017 6
2025 4
2029 4
2041 12
2045 5
2053 3
2057 7
2061 3
2069 8
2081 3
2089 9
2097 5
2105 8
2113 3
2117 15
2125 18
2137 3
2141 5
2153 3
2161 6
2165 8
2169 3
2173 11
2197 2
2205 4
2209 2
2213 6
2221 4
2225 13
2237 4
2245 9
2249 15
2257 6
2269 4
2273 3
2281 5
2285 7
2293 2
2297 3
2305 5
2309 7
2313 2
2329 10
2333 5
2341 3
2349 8
2353 7
2357 5
2377 2
2381 3
2385 9
2389 4
2393 5
2401 2
2405 13
2417 2
2421 6
2425 5
2437 4
2441 4
2465 18
2473 4
2477 1
2493 4
2501 8
2509 11
2521 6
2525 8
2529 6
2533 3
2545 11
2549 6
2557 2
2561 11
2581 8
2593 5
2597 6
2601 5
2605 3
2609 4
2617 5
2621 5
2633 5
2637 5
2645 3
2657 3
2665 19
2669 7
2677 5
2689 2
2693 4
2701 9
2705 7
2713 6
2725 9
2729 4
2741 4
2745 7
2749 4
2753 5
2777 7
2785 6
2789 2
2797 4
2801 2
2809 4
2813 6
2817 3
2825 15
2833 5
2845 8
2853 4
2857 4
2861 2
2873 12
2885 6
2897 6
2909 1
2917 4
2925 14
2929 4
2941 8
2953 3
2957 6
2965 7
2969 6
2977 12
2989 9
2993 8
2997 6
3001 3
3005 6
3025 5
3029 10
3033 5
3041 1
3049 4
3065 7
3077 6
3085 11
3089 5
3109 3
3121 4
3125 9
3133 5
3137 1
3141 3
3145 9
3161 7
3169 1
3177 3
3185 6
3205 5
3209 1
3217 3
3221 2
3229 2
3233 2
3249 2
3253 2
3257 2
3265 9
3277 7
3281 10
3285 5
3293 5
3301 4
3305 8
3313 2
3321 1
3329 4
3341 6
3349 7
3357 2
3361 3
3365 5
3373 2
3385 5
3389 3
3393 3
3413 1
3425 6
3433 4
3445 9
3449 2
3457 6
3461 3
3469 1
3485 9
3497 9
3501 4
3505 4
3509 3
3517 1
3529 1
3533 3
3541 3
3545 5
3557 4
3573 2
3577 2
3581 4
3589 6
3593 4
3601 3
3609 1
3613 3
3617 2
3625 21
3637 4
3645 1
3649 7
3653 8
3665 7
3673 1
3677 2
3681 4
3697 3
3701 2
3709 4
3721 3
3725 12
3733 4
3737 7
3757 6
3761 4
3785 7
3789 3
3793 2
3797 2
3805 4
3809 7
3821 3
3825 12
3833 4
3845 7
3853 4
3865 8
3869 12
3877 3
3881 3
3889 3
3893 5
3917 2
3925 13
3929 3
3961 7
3965 11
3969 1
3973 7
3977 9
3985 6
3989 1
4001 6
4005 6
4013 3
4021 5
4033 6
4041 3
4045 3
4049 1
4057 5
4069 9
4093 3
4097 3
4105 9
4113 1
4121 6
4129 3
4133 4
4141 7
4145 8
4149 5
4153 3
4157 2
4165 7
4177 1
4181 6
4201 2
4205 7
4217 1
4225 10
4229 1
4253 4
4261 4
4265 6
4273 2
4285 9
4289 6
4293 2
4297 2
4321 7
4325 5
4329 5
4337 5
4349 1
4357 1
4361 2
4365 8
4369 4
4373 2
4381 6
4385 2
4397 1
4405 5
4409 3
4421 3
4437 9
4441 2
4453 4
4457 5
4469 2
4477 2
4481 3
4489 2
4493 1
4505 13
4513 5
4517 1
4525 8
4537 4
4545 4
4549 3
4553 7
4573 5
4581 2
4589 4
4597 2
4621 3
4625 10
4633 3
4637 4
4645 3
4657 2
4673 3
4685 6
4689 3
4693 2
4705 2
4709 4
4717 4
4721 5
4729 2
4733 4
4745 6
4753 3
4761 1
4765 1
4777 4
4789 4
4797 6
4801 2
4805 4
4813 3
4817 2
4825 11
4849 5
4861 1
4869 3
4877 2
4885 1
4901 6
4905 2
4909 5
4913 1
4925 5
4933 1
4937 3
4941 4
4949 1
4961 5
4969 3
4973 2
4981 1
4985 7
4993 1
5009 1
5013 2
5017 3
5021 1
5045 2
5057 3
5065 5
5069 3
5077 1
5081 1
5085 5
5101 2
5105 7
5113 3
5121 1
5125 12
5141 4
5153 3
5161 4
5165 8
5185 9
5189 1
5193 4
5197 1
5213 2
5237 4
5245 6
5249 3
5261 4
5265 8
5273 4
5281 1
5297 4
5305 1
5309 2
5317 3
5321 5
5329 4
5333 1
5337 1
5341 4
5345 3
5353 5
5365 12
5381 2
5389 4
5393 2
5409 2
5413 3
5417 2
5429 4
5437 2
5441 2
5445 3
5449 2
5465 3
5473 6
5477 1
5485 1
5501 1
5513 7
5517 4
5521 4
5525 12
5537 1
5545 5
5553 2
5557 1
5573 2
5581 2
5585 6
5597 3
5617 5
5625 9
5641 2
5645 1
5657 2
5661 4
5689 1
5693 1
5701 1
5713 4
5717 2
5725 6
5729 9
5733 2
5737 2
5741 2
5749 1
5765 1
5769 2
5777 5
5785 3
5801 1
5809 3
5813 1
5821 2
5825 9
5837 6
5849 2
5861 1
5869 3
5877 2
5881 2
5897 1
5905 9
5917 1
5933 6
5941 2
5945 5
5949 4
5953 1
5965 6
5981 5
5989 2
5993 5
6001 2
6005 1
6025 8
6029 3
6037 5
6057 3
6065 5
6073 3
6085 6
6093 1
6101 3
6109 2
6113 1
6121 2
6125 5
6133 1
6145 4
6161 3
6165 4
6173 5
6185 1
6197 1
6201 3
6205 9
6217 3
6221 5
6229 2
6241 1
6245 6
6253 3
6273 2
6301 3
6305 6
6309 2
6317 4
6329 2
6337 3
6341 3
6361 1
6373 5
6385 1
6389 1
6401 2
6409 10
6413 3
6425 7
6437 2
6445 2
6449 6
6473 1
6485 5
6497 4
6505 3
6521 3
6525 4
6529 1
6553 1
6561 1
6565 8
6569 1
6581 3
6597 2
6605 4
6613 4
6617 5
6625 5
6641 3
6649 6
6661 1
6689 1
6697 6
6701 1
6705 2
6709 1
6713 1
6725 3
6733 1
6737 2
6749 4
6757 3
6761 1
6773 2
6793 2
6813 1
6817 3
6829 1
6833 2
6841 1
6845 8
6849 2
6857 3
6865 1
6885 3
6893 2
6905 3
6917 1
6925 5
6929 5
6949 1
6953 4
6957 1
6961 1
6977 2
6989 2
7001 3
7013 1
7025 3
7033 2
7045 5
7057 3
7065 4
7069 3
7081 1
7085 4
7093 4
7105 3
7109 1
7121 2
7129 2
7137 1
7141 4
7145 5
7157 2
7193 1
7209 1
7213 4
7225 5
7229 6
7253 1
7261 3
7265 3
7281 1
7289 2
7297 2
7321 1
7345 5
7349 1
7361 2
7373 1
7381 1
7397 2
7405 1
7445 3
7453 3
7457 1
7461 2
7465 3
7477 2
7481 1
7489 2
7497 1
7501 1
7517 1
7529 1
7549 1
7561 1
7565 3
7569 2
7577 2
7589 3
7605 4
7625 4
7633 1
7649 1
7673 4
7677 1
7681 2
7685 7
7693 1
7709 2
7745 5
7753 2
7757 1
7765 1
7769 1
7785 2
7789 2
7793 1
7801 2
7813 3
7825 4
7829 1
7837 1
7841 1
7857 2
7865 1
7897 1
7901 2
7913 2
7921 2
7925 2
7929 2
7933 1
7937 1
7957 2
7969 1
7985 1
8005 1
8009 1
8021 4
8033 2
8045 3
8053 2
8065 1
8069 2
8077 1
8089 1
8105 3
8109 1
8117 2
8125 5
8145 1
8149 6
8161 1
8177 2
8181 1
8185 1
8233 1
8237 3
8245 5
8249 1
8273 1
8281 2
8285 3
8293 2
8321 2
8325 1
8345 2
8353 3
8357 1
8361 1
8369 1
8377 1
8381 2
8389 2
8405 3
8425 5
8429 1
8433 1
8461 1
8473 2
8485 3
8489 1
8501 1
8513 2
8521 1
8537 2
8541 2
8545 3
8573 2
8585 6
8593 3
8605 3
8621 2
8633 1
8641 1
8649 1
8653 1
8665 2
8669 2
8677 2
8685 1
8693 2
8705 1
8713 2
8725 2
8741 2
8749 1
8753 2
8761 3
8765 1
8801 3
8825 2
8845 4
8849 2
8857 1
8861 1
8865 2
8905 3
8917 2
8933 1
8945 1
8957 1
8969 3
8989 1
8993 2
9005 2
9013 1
9025 2
9029 1
9041 2
9061 4
9065 2
9077 2
9089 2
9113 1
9117 2
9125 4
9137 1
9157 1
9161 1
9169 5
9181 1
9193 2
9197 2
9217 1
9221 2
9225 5
9241 2
9245 2
9265 5
9281 1
9293 1
9305 1
9325 3
9333 6
9337 1
9341 2
9365 2
9377 3
9385 1
9389 3
9413 2
9425 5
9433 1
9441 1
9469 1
9473 1
9497 5
9509 2
9521 1
9529 1
9549 2
9553 3
9565 2
9593 1
9601 1
9605 5
9621 2
9649 1
9657 1
9661 1
9665 1
9677 1
9685 7
9697 1
9701 1
9725 4
9745 5
9781 2
9797 5
9805 5
9817 2
9829 1
9833 1
9841 1
9857 2
9873 2
9893 1
9901 3
9925 3
9945 3
9953 3
9965 1
9985 1
9997 1
10009 1
10025 1
10045 1
10049 2
10057 2
10061 1
10081 1
10085 2
10121 1
10133 1
10141 1
10145 1
10169 1
10201 1
10205 1
10217 1
10225 2
10229 4
10237 2
10253 1
10273 1
10289 1
10301 1
10305 3
10309 2
10337 1
10345 4
10361 1
10377 1
10397 1
10405 3
10429 1
10441 2
10445 3
10477 2
10485 2
10489 1
10513 1
10517 4
10525 4
10529 3
10537 2
10565 3
10573 2
10585 1
10597 1
10613 2
10625 7
10629 1
10645 1
10673 2
10685 2
10693 3
10701 2
10705 1
10709 1
10737 2
10753 2
10769 2
10805 1
10817 2
10825 3
10829 2
10837 2
10845 3
10865 1
10877 3
10897 2
10909 1
10917 1
10933 3
10949 1
10973 1
10985 1
11029 1
11041 2
11045 1
11093 1
11101 1
11105 2
11125 2
11149 2
11161 1
11169 3
11173 4
11177 1
11185 2
11213 1
11225 1
11245 2
11257 1
11281 2
11285 3
11317 1
11345 1
11349 1
11369 1
11393 1
11413 3
11417 2
11425 2
11449 1
11461 1
11465 1
11485 1
11489 3
11493 1
11509 2
11513 1
11521 2
11525 3
11545 1
11581 2
11601 1
11629 1
11645 2
11665 1
11673 3
11677 1
11705 2
11713 3
11729 3
11737 1
11765 3
11773 1
11785 1
11801 1
11809 1
11817 1
11885 2
11889 2
11905 1
11909 1
11917 2
11925 1
11933 1
11965 2
11969 1
12005 1
12013 2
12025 3
12073 1
12105 1
12113 1
12125 4
12157 1
12181 1
12193 1
12205 2
12221 1
12241 1
12249 1
12269 1
12281 2
12289 1
12325 3
12329 1
12337 1
12349 2
12377 1
12385 1
12389 1
12393 1
12433 3
12457 2
12461 1
12465 1
12473 1
12497 4
12505 2
12545 1
12557 3
12589 1
12605 1
12625 1
12641 1
12665 4
12689 1
12701 1
12717 1
12721 1
12725 1
12753 1
12781 2
12821 1
12829 1
12833 1
12853 1
12861 3
12889 2
12905 1
12913 3
12937 1
12953 1
12965 1
13001 2
13025 1
13037 1
13045 1
13073 1
13169 1
13181 1
13185 1
13189 2
13213 2
13221 1
13241 1
13249 1
13261 1
13285 1
13289 1
13309 1
13313 1
13325 4
13345 1
13385 2
13445 1
13465 3
13469 1
13481 4
13549 1
13553 1
13577 1
13617 2
13625 1
13645 1
13689 1
13729 1
13745 1
13753 1
13757 1
13765 2
13769 1
13793 1
13817 1
13837 1
13885 2
13897 2
13913 1
13921 1
13941 1
13945 3
13949 2
13957 1
13977 1
13997 1
14029 1
14045 1
14125 1
14157 1
14165 1
14185 1
14197 1
14209 2
14249 1
14257 1
14261 1
14293 1
14297 1
14305 1
14365 1
14417 1
14473 1
14489 1
14521 1
14549 1
14585 1
14589 1
14625 3
14629 1
14657 1
14689 1
14705 3
14821 2
14825 1
14837 2
14893 1
14897 2
14933 2
14945 1
14965 1
14977 2
14989 1
15013 1
15021 1
15125 2
15145 2
15149 1
15185 1
15245 1
15289 1
15361 1
15377 1
15381 1
15385 2
15425 1
15457 2
15577 2
15581 1
15601 1
15613 1
15625 2
15649 1
15661 1
15665 2
15677 1
15705 1
15725 1
15737 1
15749 1
15769 1
15773 1
15777 1
15793 1
15805 2
15821 3
15845 1
15857 1
15905 1
15921 2
15925 1
15949 1
15973 2
15977 1
15997 1
16025 2
16029 1
16045 1
16069 1
16097 1
16109 2
16133 1
16145 1
16189 1
16249 1
16277 1
16325 2
16405 1
16409 1
16421 1
16465 2
16477 1
16525 1
16589 1
16605 1
16633 1
16645 2
16677 1
16745 1
16769 2
16781 1
16801 1
16909 1
16981 1
17113 1
17177 1
17297 1
17357 1
17473 1
17597 1
17609 1
17645 1
17741 1
17749 1
17873 2
17893 1
17953 1
17981 1
18013 1
18037 1
18217 1
18229 1
18257 1
18265 1
18313 1
18317 1
18369 1
18385 1
18409 1
18545 1
18649 1
18713 1
18761 1
18853 2
18965 1
18985 1
19161 1
19169 1
19237 1
19253 1
19265 2
19337 1
19357 1
19373 1
19405 1
19465 2
19645 1
19801 1
19813 1
19825 1
19925 1
19981 1
20017 1
20205 1
20225 1
20341 1
20357 1
20413 1
20457 1
20521 1
20561 1
20605 1
20629 1
20673 1
20693 1
20885 2
20917 1
21005 1
21041 1
21121 1
21141 1
21437 1
21445 1
21493 1
21713 1
21745 1
21805 1
21937 1
22045 1
22157 1
22321 1
22369 1
22381 1
22525 1
22633 1
22777 1
22829 1
22853 2
22945 1
23125 1
23137 1
23525 1
23717 1
24197 1
24237 1
24385 1
24413 1
24505 1
24545 1
24565 1
24601 1
24625 1
24797 2
24869 1
25225 1
25285 1
25425 1
25529 1
25601 1
25805 1
26045 1
26281 1
26333 1
26585 1
26665 1
26897 1
26937 1
26953 1
26993 1
27425 1
27469 1
27625 1
27701 1
28205 1
28505 1
28757 1
29725 1
29825 1
31921 1
33849 1
36185 1
48905 1
60997 1
138749 1
173821 1
203725 1
248445 1
