N J h mean_R_sq err_mean_R_sq mean_R_gyr_sq err_mean_R_gyr_sq 
2500 1.46 0 1784.5 106.599 580.912 15.0895
1 4
5 12
9 4
13 11
17 11
25 17
29 14
37 18
41 17
45 13
49 7
53 16
61 17
65 30
73 19
81 9
85 31
89 13
97 13
101 23
109 20
113 13
117 13
121 12
125 33
137 20
145 33
149 14
153 24
157 19
169 24
173 5
181 17
185 44
193 19
197 17
205 44
221 40
225 22
229 16
233 17
241 20
245 18
257 16
261 17
265 27
269 15
277 15
281 8
289 23
293 15
305 29
313 15
317 20
325 50
333 15
337 18
349 14
353 15
361 5
365 36
369 9
373 21
377 33
389 13
397 20
401 24
405 18
409 15
421 17
425 45
433 20
441 7
445 27
449 14
457 22
461 13
477 16
481 17
485 40
493 29
505 45
509 16
521 20
529 6
533 37
541 18
545 30
549 19
557 21
565 40
569 16
577 16
585 24
593 18
601 16
605 15
613 16
617 16
625 32
629 34
637 17
641 16
653 14
657 14
661 15
673 18
677 15
685 27
689 31
697 33
701 19
709 12
725 36
729 5
733 13
745 29
757 15
761 17
765 26
769 16
773 12
785 19
793 30
797 18
801 15
809 10
821 10
829 12
833 4
841 21
845 42
853 22
857 17
865 29
873 13
877 16
881 13
901 29
905 25
909 13
925 47
929 12
937 11
941 12
949 30
953 9
961 9
965 29
977 15
981 13
985 35
997 10
1009 16
1013 9
1017 9
1021 13
1025 30
1033 9
1037 29
1049 12
1053 10
1061 10
1069 14
1073 36
1089 9
1093 13
1097 10
1105 47
1109 4
1117 13
1125 21
1129 9
1145 25
1153 14
1157 24
1165 31
1181 9
1189 22
1193 5
1201 10
1205 29
1213 7
1217 13
1225 23
1229 14
1233 10
1237 18
1241 23
1249 16
1261 23
1277 11
1285 29
1289 12
1297 6
1301 11
1305 20
1313 20
1321 11
1325 32
1341 13
1345 26
1361 9
1369 18
1373 6
1377 11
1381 8
1385 26
1405 24
1409 15
1413 13
1417 26
1421 13
1429 7
1433 13
1445 34
1453 10
1465 21
1469 30
1481 9
1489 8
1493 9
1513 18
1517 17
1521 15
1525 24
1537 23
1549 3
1553 11
1557 9
1565 22
1573 13
1585 15
1597 17
1601 6
1609 10
1613 5
1621 11
1625 43
1629 7
1637 9
1649 23
1657 5
1665 20
1669 7
1681 15
1685 20
1693 10
1697 6
1709 10
1717 15
1721 4
1733 15
1737 11
1741 7
1745 19
1753 13
1765 19
1769 21
1773 5
1777 14
1781 16
1789 10
1801 7
1805 10
1813 9
1825 18
1845 14
1849 3
1853 24
1861 4
1865 10
1873 11
1877 7
1885 28
1889 7
1901 9
1913 11
1921 19
1933 6
1937 16
1945 19
1949 7
1961 18
1973 12
1985 16
1989 11
1993 4
1997 3
2005 10
2009 12
2017 4
2025 12
2029 10
2041 22
2045 11
2053 9
2057 8
2061 11
2069 8
2081 4
2089 4
2097 12
2105 17
2113 8
2117 16
2125 32
2129 11
2137 1
2141 13
2153 6
2161 8
2165 17
2169 4
2173 20
2197 15
2205 9
2209 3
2213 5
2221 10
2225 15
2237 11
2245 11
2249 19
2257 10
2269 7
2273 3
2281 4
2285 15
2293 8
2297 10
2305 13
2309 5
2313 4
2329 22
2333 8
2341 8
2349 8
2353 8
2357 9
2377 7
2381 6
2385 10
2389 6
2393 3
2401 2
2405 29
2417 4
2421 5
2425 22
2437 3
2441 7
2465 34
2473 3
2477 7
2493 2
2501 9
2509 14
2521 6
2525 21
2529 3
2533 15
2545 13
2549 6
2557 6
2561 7
2581 10
2593 4
2597 5
2601 10
2605 14
2609 6
2617 3
2621 2
2633 5
2637 4
2645 4
2657 2
2665 18
2669 8
2677 3
2689 4
2693 8
2701 7
2705 15
2713 6
2725 20
2729 11
2741 7
2745 9
2749 2
2753 4
2777 4
2785 9
2789 6
2797 4
2801 2
2809 7
2813 6
2817 3
2825 17
2833 3
2837 4
2845 12
2853 6
2857 4
2861 5
2873 11
2885 10
2897 13
2909 5
2925 18
2929 5
2941 8
2953 4
2957 2
2965 14
2969 6
2977 7
2989 1
2993 8
2997 4
3001 3
3005 3
3025 3
3029 6
3033 7
3037 5
3041 5
3049 4
3061 7
3065 11
3077 10
3085 5
3089 3
3109 5
3121 5
3125 14
3133 9
3137 6
3141 3
3145 14
3161 7
3169 5
3177 4
3181 3
3185 9
3205 5
3209 4
3217 8
3221 1
3229 5
3233 8
3253 5
3257 3
3265 10
3277 8
3281 7
3285 2
3293 7
3301 4
3305 10
3313 3
3321 4
3329 3
3341 7
3349 9
3357 4
3361 2
3365 9
3373 2
3385 9
3389 6
3393 4
3413 3
3425 14
3433 4
3445 8
3449 4
3457 2
3461 3
3469 3
3481 3
3485 15
3497 1
3501 3
3505 6
3509 8
3517 2
3529 2
3533 2
3541 2
3545 4
3557 2
3573 6
3577 3
3581 1
3589 2
3593 4
3601 6
3609 5
3613 2
3617 2
3625 12
3649 9
3653 6
3665 5
3673 1
3677 3
3681 1
3697 1
3701 2
3709 6
3721 4
3725 8
3733 2
3737 8
3757 6
3769 2
3785 3
3793 1
3797 3
3805 4
3809 12
3821 3
3825 6
3833 4
3845 2
3853 4
3865 6
3869 8
3877 3
3881 2
3893 7
3897 3
3917 1
3925 4
3929 2
3961 2
3965 9
3973 3
3977 1
3985 1
3989 2
4001 1
4005 3
4013 2
4021 3
4033 4
4041 2
4045 4
4049 1
4057 2
4069 5
4093 2
4097 3
4105 5
4113 7
4121 3
4129 7
4141 5
4145 7
4149 1
4153 4
4157 1
4165 5
4177 1
4181 2
4201 4
4205 3
4217 3
4225 11
4229 3
4253 2
4261 2
4265 4
4273 1
4285 2
4293 2
4297 1
4321 4
4325 5
4329 5
4337 1
4349 1
4357 2
4361 1
4365 1
4369 2
4373 2
4381 4
4385 2
4405 3
4421 3
4437 2
4453 5
4469 4
4477 1
4481 2
4505 10
4513 2
4517 1
4525 3
4537 4
4545 2
4549 2
4553 6
4561 2
4573 3
4589 2
4621 2
4625 8
4633 3
4637 1
4645 2
4649 1
4685 2
4705 4
4709 5
4717 3
4721 2
4733 3
4745 9
4753 3
4765 1
4777 2
4789 1
4797 1
4805 6
4825 2
4849 3
4861 1
4869 1
4885 1
4901 5
4905 2
4909 3
4925 3
4933 2
4937 1
4941 3
4949 2
4961 1
4969 1
4973 5
4981 1
4985 3
4993 1
5009 1
5013 1
5017 1
5021 1
5041 1
5045 2
5057 2
5065 1
5069 3
5077 2
5081 2
5085 1
5105 1
5113 1
5121 2
5125 6
5141 1
5161 3
5185 6
5189 2
5193 2
5197 2
5209 1
5213 2
5245 3
5249 1
5261 2
5265 1
5273 2
5297 1
5305 2
5309 1
5321 1
5329 1
5333 1
5337 2
5345 1
5353 2
5365 2
5381 1
5389 2
5417 2
5441 2
5449 1
5473 1
5477 1
5485 2
5501 1
5525 6
5537 1
5545 2
5553 1
5557 1
5581 1
5585 1
5597 2
5625 6
5629 1
5645 1
5661 3
5669 2
5689 2
5701 1
5717 2
5725 1
5765 2
5769 1
5785 2
5809 1
5821 1
5837 1
5849 1
5857 1
5861 1
5869 1
5877 1
5905 2
5913 1
5933 1
5941 1
5945 3
5949 1
5965 4
5981 2
5993 4
6025 3
6029 2
6037 1
6065 4
6073 2
6085 1
6101 1
6109 1
6125 1
6137 1
6145 3
6161 2
6165 1
6173 1
6197 1
6201 2
6205 2
6257 2
6301 1
6305 2
6309 1
6361 1
6381 2
6401 1
6421 1
6425 5
6437 1
6445 2
6473 1
6481 1
6485 1
6505 1
6529 1
6553 1
6577 1
6625 2
6637 1
6661 1
6673 1
6689 1
6697 1
6737 2
6749 1
6773 3
6793 1
6805 1
6817 1
6841 1
6845 1
6857 1
6865 2
6885 2
6905 1
6917 1
6953 1
7013 1
7025 1
7065 4
7081 1
7085 1
7093 1
7105 1
7121 1
7137 1
7141 4
7145 1
7157 1
7237 2
7241 1
7253 1
7265 1
7309 1
7325 2
7389 1
7393 1
7397 1
7461 1
7465 2
7769 1
7785 1
7793 1
7837 1
8017 1
8101 1
8145 1
8177 1
8209 1
8677 1
8713 1
8753 1
9125 1
9197 1
9605 1
9661 1
9841 1
10205 1
10817 1
11025 1
11125 1
11677 1
12553 1
13633 1
48841 1
320797 1
336401 1
