N J h mean_R_sq err_mean_R_sq mean_R_gyr_sq err_mean_R_gyr_sq 
900 1.355 0 3347.87 45.4581 573.413 3.60467
1 2
5 1
9 2
13 8
17 9
25 8
29 4
37 6
41 7
45 4
49 4
53 6
61 5
65 16
73 5
81 3
85 15
89 9
97 6
101 4
109 14
113 3
117 12
121 2
125 7
137 7
145 10
149 4
153 7
157 5
169 11
173 2
181 8
185 16
193 8
197 8
205 14
221 9
225 10
229 10
233 7
241 10
245 6
257 5
261 5
265 14
269 4
277 9
281 11
289 10
293 5
305 16
313 11
317 2
325 21
333 7
337 6
349 5
353 5
361 5
365 12
369 3
373 5
377 17
389 8
397 14
401 5
405 4
409 3
421 10
425 20
433 5
441 1
445 13
449 11
457 3
461 9
477 7
481 10
485 6
493 8
505 11
509 5
521 7
529 5
533 17
541 6
545 12
549 3
557 9
565 16
569 8
577 12
585 15
593 5
601 9
605 11
613 6
617 2
625 19
629 22
637 6
641 16
653 7
657 5
661 8
673 6
677 5
685 9
689 12
697 10
701 4
709 8
725 11
729 4
733 8
745 12
757 8
761 7
765 12
769 5
773 7
785 8
793 12
797 10
801 8
809 6
821 5
829 9
833 5
841 6
845 24
853 4
857 10
865 11
873 3
877 12
881 5
901 11
905 9
909 9
925 23
929 9
937 3
941 5
949 8
953 10
961 6
965 9
977 7
981 6
985 13
997 3
1009 4
1013 5
1017 6
1021 6
1025 25
1033 8
1037 11
1049 7
1053 7
1061 8
1069 6
1073 12
1089 1
1093 1
1097 6
1105 21
1109 11
1117 8
1125 15
1129 7
1145 15
1153 8
1157 16
1165 17
1181 6
1189 11
1193 9
1201 8
1205 14
1213 9
1217 7
1225 13
1229 5
1233 12
1237 5
1241 8
1249 3
1261 13
1277 5
1285 10
1289 6
1297 5
1301 2
1305 13
1313 11
1321 5
1325 10
1341 3
1345 11
1361 7
1369 7
1373 6
1377 3
1381 8
1385 13
1405 7
1409 3
1413 3
1417 11
1421 10
1429 6
1433 2
1445 20
1453 4
1465 4
1469 10
1481 1
1489 7
1493 7
1513 11
1517 8
1521 6
1525 12
1537 12
1549 4
1553 3
1557 5
1565 10
1573 9
1585 10
1597 6
1601 7
1609 3
1613 1
1621 8
1625 19
1629 3
1637 5
1649 11
1657 2
1665 6
1669 5
1681 7
1685 8
1693 6
1697 6
1709 7
1717 13
1721 6
1733 5
1737 5
1741 3
1745 13
1753 5
1765 12
1769 11
1773 5
1777 5
1781 11
1789 4
1801 5
1805 5
1813 6
1825 21
1845 11
1849 1
1853 6
1861 7
1865 5
1873 9
1877 1
1885 18
1889 5
1901 5
1913 2
1921 10
1933 2
1937 12
1945 10
1949 4
1961 12
1973 6
1985 8
1989 10
1993 11
1997 6
2005 8
2009 5
2017 7
2025 11
2029 6
2041 12
2045 8
2053 3
2057 5
2061 3
2069 2
2081 3
2089 3
2097 4
2105 9
2113 4
2117 8
2125 33
2129 5
2137 1
2141 6
2153 8
2161 4
2165 8
2169 5
2173 6
2197 5
2205 5
2209 2
2213 4
2221 5
2225 15
2237 8
2245 9
2249 5
2257 4
2269 6
2273 3
2281 2
2285 10
2293 6
2297 6
2305 4
2309 9
2313 7
2329 14
2333 4
2341 8
2349 9
2353 6
2357 4
2377 4
2381 2
2385 12
2389 10
2393 9
2401 1
2405 16
2417 8
2421 3
2425 19
2437 10
2441 6
2465 13
2473 5
2477 5
2493 6
2501 9
2509 10
2521 2
2525 18
2529 2
2533 5
2545 10
2549 3
2557 6
2561 10
2581 8
2593 1
2597 5
2601 10
2605 13
2609 5
2617 7
2621 6
2633 4
2637 3
2645 7
2657 6
2665 17
2669 8
2677 4
2689 4
2693 5
2701 9
2705 5
2713 5
2725 11
2729 2
2741 2
2745 7
2749 3
2753 4
2777 1
2785 6
2789 5
2797 2
2801 3
2809 4
2813 12
2817 5
2825 12
2833 2
2837 1
2845 10
2853 3
2857 6
2861 4
2873 13
2885 12
2897 6
2909 5
2917 3
2925 14
2929 6
2941 10
2953 2
2957 2
2965 5
2969 5
2977 6
2989 3
2993 10
2997 4
3001 5
3005 10
3025 5
3029 7
3033 4
3037 2
3041 7
3049 2
3061 3
3065 8
3077 5
3085 7
3089 4
3109 2
3121 6
3125 14
3133 5
3137 2
3141 7
3145 10
3161 10
3169 2
3177 4
3181 2
3185 9
3205 8
3209 6
3217 5
3221 3
3229 1
3233 15
3249 5
3253 2
3257 7
3265 6
3277 10
3281 10
3285 9
3293 14
3301 1
3305 9
3313 8
3321 5
3329 6
3341 10
3349 11
3357 3
3361 3
3365 4
3373 2
3385 6
3389 2
3393 7
3413 4
3425 11
3433 5
3445 11
3449 4
3457 1
3461 3
3469 6
3481 1
3485 14
3497 5
3501 5
3505 4
3509 4
3517 1
3529 8
3533 4
3541 3
3545 4
3557 2
3573 6
3577 5
3581 2
3589 6
3593 4
3601 7
3609 1
3613 1
3617 2
3625 13
3637 1
3645 3
3649 9
3653 10
3665 5
3673 1
3677 5
3681 7
3697 1
3701 3
3709 2
3721 5
3725 6
3733 2
3737 5
3757 16
3761 1
3769 1
3785 6
3789 5
3793 2
3797 2
3805 5
3809 7
3821 4
3825 9
3833 6
3845 2
3853 6
3865 5
3869 6
3877 3
3881 4
3889 1
3893 6
3897 6
3917 4
3925 12
3929 4
3961 6
3965 21
3969 1
3973 7
3977 7
3985 6
3989 4
4001 5
4005 8
4013 2
4021 2
4033 7
4041 5
4045 6
4049 4
4057 1
4069 3
4073 2
4093 3
4097 7
4105 4
4113 5
4121 6
4129 2
4133 2
4141 9
4145 8
4149 3
4153 1
4157 3
4165 4
4177 2
4181 6
4201 4
4205 10
4217 4
4225 14
4229 1
4241 3
4253 2
4261 4
4265 2
4273 2
4285 5
4289 4
4293 3
4297 2
4321 11
4325 7
4329 5
4337 4
4349 2
4357 3
4361 4
4365 4
4369 4
4373 2
4381 6
4385 7
4397 1
4405 8
4409 5
4421 3
4437 7
4441 1
4453 6
4457 2
4469 4
4477 2
4481 4
4489 2
4493 3
4505 10
4513 6
4517 3
4525 10
4537 9
4545 7
4549 3
4553 5
4561 1
4573 8
4581 4
4589 8
4597 5
4621 1
4625 10
4633 10
4637 6
4645 2
4649 2
4657 3
4673 5
4685 4
4689 1
4693 4
4705 6
4709 4
4717 4
4721 1
4729 1
4733 1
4745 10
4753 4
4765 7
4777 8
4789 1
4793 4
4797 4
4801 2
4805 5
4813 3
4817 4
4825 8
4849 6
4861 1
4869 3
4877 2
4885 7
4901 5
4905 7
4909 2
4913 5
4925 11
4933 1
4937 2
4941 2
4949 3
4957 2
4961 4
4969 1
4973 2
4981 5
4985 8
4993 2
5009 3
5013 4
5017 5
5021 3
5045 2
5057 5
5065 5
5069 5
5077 3
5081 1
5085 3
5101 1
5105 7
5113 5
5121 2
5125 7
5141 4
5153 3
5161 6
5165 4
5185 8
5189 1
5193 3
5197 2
5209 2
5213 9
5237 2
5245 2
5249 7
5261 2
5265 1
5273 1
5281 1
5297 4
5305 7
5309 3
5317 5
5321 4
5329 4
5333 2
5337 2
5341 1
5345 2
5353 5
5365 3
5381 4
5389 3
5393 3
5409 2
5413 2
5417 1
5429 3
5437 3
5441 1
5445 2
5449 3
5465 3
5473 4
5477 4
5485 5
5501 3
5513 8
5521 1
5525 13
5537 1
5545 2
5557 2
5569 3
5585 3
5597 3
5617 4
5625 4
5629 4
5641 2
5645 1
5653 1
5661 2
5669 1
5689 4
5693 2
5701 1
5713 3
5717 4
5725 1
5729 3
5733 2
5737 3
5741 2
5749 1
5765 3
5769 1
5777 2
5785 6
5809 7
5813 1
5821 2
5825 6
5837 4
5849 1
5857 4
5861 1
5869 4
5877 1
5881 3
5897 2
5905 3
5917 1
5933 3
5941 2
5945 5
5949 2
5953 5
5965 4
5981 5
5989 1
5993 5
6001 4
6005 5
6025 2
6037 1
6053 1
6057 2
6065 4
6073 2
6085 2
6101 4
6109 3
6113 4
6125 2
6133 4
6145 3
6161 5
6165 4
6173 1
6185 5
6197 8
6201 1
6205 8
6217 1
6221 1
6229 1
6241 2
6245 3
6253 3
6257 2
6273 4
6301 2
6305 6
6309 1
6329 4
6337 1
6341 2
6353 2
6361 1
6373 2
6381 1
6389 1
6401 5
6409 11
6421 2
6425 8
6437 4
6445 4
6449 2
6469 1
6473 4
6481 2
6485 4
6497 3
6505 2
6525 3
6529 2
6565 5
6569 1
6577 3
6597 1
6605 3
6613 6
6617 3
6625 9
6641 3
6649 4
6653 3
6673 2
6689 1
6697 4
6705 3
6713 1
6725 5
6733 1
6737 5
6749 2
6757 1
6761 3
6773 4
6781 2
6793 1
6805 2
6813 2
6829 3
6833 3
6841 1
6845 3
6865 5
6869 2
6877 2
6885 4
6889 2
6893 6
6905 1
6917 2
6921 1
6925 1
6929 4
6953 2
6961 3
6989 1
7001 1
7013 1
7025 3
7033 4
7045 5
7065 1
7069 1
7081 2
7085 5
7093 3
7105 3
7109 1
7121 1
7129 1
7137 5
7141 2
7145 6
7157 1
7165 1
7173 1
7177 1
7209 1
7213 1
7225 3
7229 1
7237 1
7241 2
7253 2
7261 2
7265 3
7289 4
7297 2
7309 1
7321 2
7325 2
7333 1
7345 8
7349 1
7361 2
7369 2
7373 1
7381 1
7389 1
7393 2
7397 1
7417 1
7421 5
7433 3
7445 2
7453 3
7457 2
7461 1
7465 2
7477 3
7489 1
7501 5
7517 3
7529 1
7537 2
7541 1
7561 1
7565 2
7569 1
7573 3
7577 1
7585 10
7605 3
7621 2
7625 5
7649 2
7673 3
7677 1
7685 2
7709 4
7745 3
7757 3
7765 3
7769 1
7801 3
7813 3
7825 2
7829 2
7841 2
7865 5
7877 1
7893 1
7901 1
7921 1
7925 2
7929 2
7937 2
7957 1
7969 1
8005 3
8033 3
8045 2
8065 3
8069 1
8077 2
8101 1
8109 4
8117 1
8125 6
8149 1
8161 1
8177 5
8209 1
8221 1
8237 1
8245 2
8249 2
8269 1
8281 2
8285 3
8321 1
8325 2
8329 2
8333 2
8345 2
8353 1
8357 4
8361 1
8381 2
8389 1
8405 5
8425 2
8433 1
8461 3
8465 1
8473 1
8497 2
8513 1
8521 4
8541 4
8573 1
8577 1
8581 1
8585 4
8593 1
8621 2
8641 1
8653 2
8665 1
8669 1
8677 1
8685 1
8705 1
8713 2
8725 3
8741 1
8749 1
8753 1
8765 1
8801 1
8825 2
8833 1
8845 2
8849 1
8857 3
8869 2
8905 1
8917 4
8929 1
8945 2
8957 1
8969 1
8989 2
9001 2
9005 1
9013 1
9029 2
9049 2
9061 3
9089 2
9113 2
9117 3
9125 1
9137 1
9153 1
9157 1
9173 1
9193 1
9197 1
9217 2
9225 2
9245 1
9257 1
9265 1
9293 1
9325 3
9337 1
9341 1
9349 1
9365 1
9377 1
9389 1
9409 1
9425 3
9433 1
9461 2
9505 2
9509 2
9529 2
9577 1
9593 1
9605 2
9653 2
9657 1
9673 3
9685 1
9725 2
9769 1
9809 2
9829 1
9841 4
9865 2
9873 1
9881 1
9901 1
9925 1
9941 1
9945 1
9949 1
9981 2
9985 1
10025 3
10045 2
10081 2
10133 1
10177 1
10205 1
10217 2
10225 1
10229 1
10237 2
10309 2
10321 2
10345 1
10369 1
10397 2
10421 2
10441 1
10485 1
10489 3
10517 1
10525 1
10565 1
10573 1
10589 1
10693 2
10701 1
10705 1
10709 1
10737 1
10777 2
10837 1
10853 1
10877 2
10889 1
10897 1
10909 1
10917 1
10933 1
10937 2
11009 2
11025 2
11045 1
11061 1
11065 1
11125 4
11149 1
11169 2
11177 1
11213 1
11237 2
11245 1
11281 1
11345 1
11365 1
11401 2
11413 1
11417 1
11437 2
11461 2
11513 1
11549 1
11565 2
11581 1
11593 2
11645 2
11665 1
11681 1
11709 1
11713 3
11777 1
11785 1
11801 2
11905 1
11953 1
12025 1
12069 1
12113 1
12125 1
12253 1
12269 1
12277 2
12281 1
12317 1
12325 4
12337 1
12385 1
12457 1
12461 1
12469 1
12505 1
12545 1
12593 1
12625 1
12645 1
12701 1
12717 1
12805 1
12853 1
12897 1
12961 1
13025 1
13037 1
13105 1
13121 1
13177 1
13253 1
13261 1
13325 1
13337 1
13421 1
13445 1
13505 2
13513 1
13617 1
13645 1
13781 1
13793 1
13829 1
13837 1
14085 1
14089 1
14093 1
14153 1
14157 1
14261 1
14305 1
14309 1
14365 2
14453 1
14521 2
14569 2
14645 3
14705 1
14717 1
14813 1
14841 1
14885 1
14985 1
15017 1
15205 1
15361 1
15397 1
15545 1
15625 1
15685 1
16253 1
16421 1
16453 1
16465 1
17033 1
17197 1
17245 1
17393 1
18541 1
18937 1
19485 1
20285 1
23357 1
23509 1
