N J h mean_R_sq err_mean_R_sq mean_R_gyr_sq err_mean_R_gyr_sq 
2500 1.44 0 2011.57 38.9449 613.937 4.24135
1 2
5 8
9 1
13 4
17 7
25 13
29 5
37 3
41 9
45 9
49 2
53 7
61 6
65 18
73 1
81 2
85 11
89 10
97 3
101 3
109 9
113 7
117 7
121 4
125 9
137 6
145 7
149 7
153 9
157 9
169 8
173 10
181 6
185 11
193 10
197 9
205 13
221 19
225 5
229 9
233 6
241 7
245 6
257 5
261 6
265 21
269 5
277 2
281 11
289 6
293 7
305 13
313 10
317 9
325 15
333 4
337 5
349 5
353 10
361 2
365 17
369 6
373 2
377 12
389 8
397 11
401 2
405 8
409 4
421 2
425 21
433 6
441 2
445 13
449 7
457 6
461 8
477 7
481 12
485 15
493 10
505 9
509 8
521 3
529 2
533 11
541 4
545 11
549 4
557 6
565 12
569 4
577 9
585 10
593 7
601 4
605 7
613 6
617 6
625 21
629 11
637 8
641 5
653 11
657 4
661 7
673 7
677 4
685 10
689 7
697 17
701 8
709 5
725 16
729 3
733 6
745 13
757 9
761 2
765 14
769 4
773 1
785 8
793 11
797 8
801 6
809 5
821 9
829 6
833 6
841 13
845 14
853 5
857 5
865 7
873 6
877 6
881 1
901 11
905 14
925 15
929 10
937 8
941 4
949 16
953 5
961 2
965 10
977 1
981 4
985 7
997 3
1009 6
1013 5
1017 7
1021 4
1025 13
1033 2
1037 12
1049 2
1053 2
1061 9
1069 1
1073 11
1089 5
1093 2
1097 3
1105 23
1109 4
1117 3
1125 9
1129 4
1145 10
1153 11
1157 14
1165 12
1181 2
1189 8
1193 7
1201 6
1205 11
1213 6
1217 5
1225 6
1229 4
1233 6
1237 7
1241 4
1249 7
1261 12
1277 6
1285 11
1289 3
1297 5
1301 6
1305 12
1313 9
1321 5
1325 11
1341 4
1345 12
1361 8
1369 12
1373 8
1377 3
1381 4
1385 5
1405 10
1409 1
1413 6
1417 9
1421 4
1429 5
1433 6
1445 18
1453 4
1465 8
1469 5
1481 3
1489 1
1493 2
1513 10
1517 10
1521 3
1525 10
1537 6
1549 3
1553 2
1557 6
1565 10
1573 5
1585 9
1597 6
1601 4
1609 5
1613 8
1621 2
1625 19
1629 4
1637 5
1649 9
1657 3
1665 3
1669 4
1681 7
1685 5
1693 2
1697 4
1709 3
1717 5
1721 2
1737 5
1741 3
1745 14
1753 7
1765 6
1769 15
1773 2
1777 3
1781 6
1789 7
1801 7
1805 3
1825 10
1845 8
1849 2
1853 7
1861 4
1865 8
1873 4
1877 6
1885 12
1889 7
1901 6
1913 8
1921 10
1933 6
1937 7
1945 7
1949 6
1961 11
1973 3
1985 9
1989 11
1993 4
1997 5
2005 8
2009 4
2017 1
2025 2
2029 2
2041 8
2045 4
2053 3
2057 4
2061 5
2069 5
2089 3
2105 4
2113 5
2117 5
2125 13
2129 3
2137 5
2141 3
2153 5
2161 3
2165 6
2169 2
2173 8
2197 8
2205 3
2213 5
2221 2
2225 10
2237 1
2245 5
2249 5
2257 5
2269 4
2273 2
2281 2
2285 5
2293 3
2297 5
2305 2
2309 3
2313 2
2329 6
2333 4
2341 3
2349 4
2353 5
2357 3
2381 2
2385 6
2389 2
2393 3
2401 2
2405 6
2417 2
2421 1
2425 9
2437 2
2465 10
2473 1
2477 3
2493 6
2501 4
2509 4
2521 1
2525 7
2529 1
2533 9
2545 3
2549 1
2557 3
2561 5
2581 3
2593 1
2597 1
2601 6
2605 6
2609 6
2617 2
2621 3
2633 3
2637 3
2645 2
2665 8
2669 6
2677 3
2693 3
2701 6
2705 3
2713 2
2725 5
2729 3
2741 2
2745 1
2749 1
2753 1
2777 2
2785 8
2789 2
2801 1
2809 5
2813 7
2817 3
2825 13
2833 4
2837 2
2845 6
2853 3
2857 2
2861 2
2873 5
2885 5
2897 3
2909 3
2917 1
2925 12
2929 4
2941 1
2953 2
2965 5
2969 4
2977 5
2989 1
2993 5
2997 3
3001 3
3005 2
3025 5
3029 4
3033 2
3037 6
3041 7
3049 3
3065 3
3077 5
3085 3
3089 2
3109 2
3121 2
3125 7
3133 4
3141 4
3145 14
3161 5
3169 3
3177 1
3181 3
3185 1
3205 5
3209 2
3217 4
3221 3
3229 1
3233 3
3253 4
3265 3
3277 4
3281 1
3285 2
3293 5
3305 3
3313 2
3321 2
3329 3
3341 4
3349 3
3357 2
3365 4
3373 1
3385 2
3389 2
3393 1
3413 1
3425 5
3433 1
3445 1
3457 1
3461 2
3469 3
3481 1
3485 4
3497 3
3501 3
3505 2
3509 1
3533 1
3541 2
3545 5
3557 1
3577 2
3581 2
3589 4
3593 3
3601 2
3609 3
3625 8
3637 1
3645 3
3649 9
3653 2
3665 5
3673 1
3677 4
3697 1
3701 1
3709 4
3721 2
3725 4
3733 5
3737 3
3757 4
3769 2
3785 2
3789 1
3793 2
3805 5
3809 5
3821 2
3825 4
3833 1
3845 3
3853 5
3865 1
3869 4
3881 4
3889 2
3893 3
3897 1
3925 6
3929 3
3961 2
3965 5
3973 1
3977 6
3985 2
4013 1
4033 2
4041 4
4045 2
4049 1
4057 1
4069 1
4073 2
4093 1
4097 2
4105 2
4113 2
4121 4
4133 4
4141 2
4145 1
4157 1
4177 1
4181 1
4201 3
4205 1
4217 1
4225 6
4229 1
4241 1
4253 1
4261 2
4265 1
4273 2
4289 1
4293 1
4297 1
4321 3
4325 5
4329 1
4337 1
4349 4
4357 3
4361 1
4369 1
4381 3
4385 2
4397 1
4405 1
4409 1
4421 1
4437 1
4441 1
4453 2
4469 2
4489 1
4505 3
4513 2
4525 6
4537 3
4545 1
4549 1
4553 2
4561 2
4573 3
4581 1
4625 3
4633 2
4649 1
4673 1
4693 2
4705 6
4709 2
4717 2
4721 2
4733 1
4765 2
4777 1
4793 1
4797 1
4805 1
4813 2
4817 1
4825 3
4849 2
4877 2
4885 1
4889 3
4901 1
4905 1
4913 4
4925 1
4937 1
4941 1
4949 1
4957 2
4961 1
5009 2
5017 2
5041 1
5045 1
5057 1
5069 4
5085 2
5101 2
5105 2
5121 4
5125 1
5161 2
5185 1
5193 1
5209 1
5213 1
5233 1
5245 1
5249 1
5261 1
5265 2
5281 1
5305 1
5309 1
5317 2
5321 1
5333 5
5337 3
5345 2
5353 2
5365 1
5389 3
5393 1
5413 1
5429 3
5441 2
5449 1
5513 2
5517 1
5525 5
5553 1
5557 1
5569 1
5585 1
5617 1
5625 1
5645 1
5661 3
5693 1
5701 1
5717 1
5729 2
5765 3
5769 1
5785 3
5809 1
5821 1
5825 2
5849 1
5869 1
5933 2
5941 3
5945 3
5993 1
6001 1
6025 1
6037 1
6053 1
6057 1
6065 2
6085 2
6093 2
6101 1
6113 1
6133 2
6145 1
6161 3
6173 1
6185 2
6201 1
6205 3
6221 1
6253 2
6269 2
6301 2
6317 1
6337 1
6353 1
6381 2
6385 1
6425 2
6445 1
6449 1
6481 1
6505 1
6521 1
6525 1
6605 1
6617 2
6625 1
6705 1
6773 1
6781 2
6793 1
6865 1
6885 1
6893 1
6925 1
7025 1
7081 1
7085 1
7157 1
7165 1
7225 1
7241 1
7349 1
7397 1
7453 1
7625 1
7685 1
7717 1
7745 1
7841 1
7853 1
7969 1
7993 1
8005 1
8017 1
8077 1
8117 1
8149 1
8245 1
8249 1
8285 1
8293 1
8325 1
8333 1
8357 1
8405 1
8473 1
8501 1
8577 1
8585 1
8605 1
8633 1
8689 1
8749 1
8765 1
8905 1
8945 1
8993 1
9089 1
9241 1
9337 1
9385 1
9389 1
9469 2
9473 2
9857 1
9893 1
10049 1
10205 1
10537 1
10853 1
11261 1
11789 1
12253 1
21757 1
