N J h mean_R_sq err_mean_R_sq mean_R_gyr_sq err_mean_R_gyr_sq 
900 1.409 0 1363.39 32.4106 313.481 2.99947
1 1
5 4
13 4
17 5
25 4
29 11
37 2
41 8
45 5
49 3
53 2
61 4
65 16
73 6
85 8
89 8
97 9
101 9
109 5
113 6
117 5
121 2
125 13
137 2
145 8
149 7
153 4
157 4
169 7
173 4
181 2
185 17
193 11
197 5
205 5
221 7
225 11
229 2
233 7
241 3
245 4
257 2
261 6
265 10
269 2
277 4
281 5
289 3
293 5
305 9
313 6
317 3
325 16
333 5
337 6
349 1
353 9
361 2
365 7
369 4
373 5
377 10
389 7
397 10
401 6
405 6
409 6
421 3
425 19
433 6
441 2
445 6
449 4
457 3
461 5
477 4
481 6
485 8
493 4
505 10
509 2
521 5
529 3
533 6
541 1
545 8
549 2
557 7
565 9
569 3
577 5
585 7
593 3
601 8
605 4
613 6
625 4
629 10
637 5
641 2
653 4
657 2
661 4
673 5
677 4
685 2
689 10
697 6
701 3
709 5
725 6
729 1
733 4
745 10
757 5
761 8
765 7
769 6
773 4
785 6
793 8
797 1
801 2
809 1
821 2
829 1
833 3
841 4
845 11
853 2
857 2
865 5
873 8
877 2
881 1
901 7
905 7
909 4
925 6
929 3
937 6
941 1
949 5
953 3
961 1
965 6
977 5
981 4
985 4
997 1
1009 4
1013 5
1017 4
1021 4
1025 15
1033 3
1037 6
1049 1
1061 5
1069 4
1073 3
1089 1
1093 1
1097 3
1105 10
1109 2
1117 5
1125 5
1129 2
1145 6
1153 3
1157 8
1165 10
1181 4
1189 7
1193 1
1201 1
1205 2
1213 7
1217 1
1225 5
1229 3
1233 2
1237 3
1241 1
1249 3
1261 10
1277 1
1285 7
1289 1
1297 5
1301 2
1305 3
1313 3
1321 2
1325 8
1341 4
1345 4
1369 1
1373 1
1377 4
1381 1
1385 6
1405 6
1409 4
1413 1
1417 6
1421 3
1433 2
1445 8
1453 3
1465 8
1469 5
1481 1
1493 2
1513 3
1517 2
1525 6
1537 7
1549 1
1553 3
1565 4
1573 5
1585 4
1597 1
1601 2
1609 1
1621 2
1625 6
1637 5
1649 3
1657 4
1665 2
1669 1
1681 4
1685 6
1693 1
1697 1
1709 1
1717 5
1721 1
1733 1
1737 2
1741 3
1745 4
1753 1
1765 5
1769 4
1773 1
1777 1
1781 2
1789 2
1813 2
1825 2
1845 4
1849 1
1861 1
1865 2
1873 3
1885 8
1889 3
1901 1
1913 1
1921 2
1933 2
1937 1
1945 6
1949 3
1961 2
1973 3
1985 5
1989 4
1993 3
1997 2
2005 2
2009 3
2017 1
2025 2
2029 5
2041 1
2045 2
2057 1
2061 2
2069 1
2081 2
2089 1
2097 4
2105 2
2113 2
2117 1
2125 5
2129 1
2137 2
2153 1
2161 1
2165 4
2169 1
2173 2
2205 1
2209 1
2213 1
2221 1
2225 3
2237 1
2245 2
2249 2
2257 4
2273 2
2285 1
2293 1
2297 3
2305 4
2309 3
2329 2
2333 4
2349 1
2353 2
2357 1
2377 1
2381 1
2385 3
2393 4
2401 1
2405 4
2421 2
2425 4
2437 1
2441 2
2465 5
2477 2
2493 1
2501 5
2509 1
2521 1
2525 3
2529 2
2533 2
2545 3
2549 2
2561 2
2581 1
2597 1
2605 2
2633 2
2637 1
2645 1
2657 1
2665 1
2669 1
2693 2
2701 4
2713 1
2725 3
2729 1
2741 1
2777 1
2785 1
2797 1
2809 1
2813 2
2817 1
2825 1
2845 2
2857 1
2861 2
2873 1
2885 2
2917 1
2925 3
2929 1
2941 1
2953 3
2965 3
2969 1
2977 3
2993 1
3001 1
3005 1
3025 1
3029 2
3037 1
3049 1
3061 1
3065 1
3077 1
3085 2
3089 1
3121 1
3125 1
3133 2
3137 3
3145 1
3177 1
3185 1
3205 3
3229 1
3249 2
3265 1
3277 2
3281 1
3285 2
3329 1
3341 2
3349 1
3357 1
3365 1
3373 1
3393 1
3413 1
3425 3
3433 1
3445 2
3457 2
3497 1
3505 1
3509 1
3533 1
3577 1
3589 1
3601 2
3609 1
3613 1
3625 1
3673 1
3697 1
3701 1
3709 1
3721 1
3725 2
3757 1
3761 4
3785 1
3809 1
3821 1
3825 2
3833 3
3865 1
3893 1
3897 2
3925 1
3961 2
3965 1
3989 1
4005 1
4013 1
4033 1
4093 1
4129 1
4177 1
4201 1
4217 1
4225 2
4265 1
4293 1
4321 1
4329 1
4349 2
4361 3
4365 1
4369 1
4373 1
4397 1
4469 1
4489 1
4493 1
4505 2
4525 1
4561 1
4621 1
4625 1
4633 1
4649 1
4689 1
4717 2
4745 1
4797 1
4805 1
4813 1
4825 1
4925 1
5069 1
5085 1
5153 1
5161 1
5197 1
5209 1
5365 1
5441 1
5473 1
5525 2
5585 1
5625 1
5657 1
5729 1
5785 1
5801 1
5993 1
6065 1
6245 1
6373 1
6641 1
6673 1
6725 1
6781 1
7033 1
7065 1
7141 1
7717 1
7769 1
7801 1
8677 1
8905 1
9685 1
