N J h mean_R_sq err_mean_R_sq mean_R_gyr_sq err_mean_R_gyr_sq 
2916 1.47 0 1886.16 75.0937 643.413 12.906
1 1
5 3
9 1
13 4
17 3
25 7
29 5
37 3
41 4
45 9
49 3
53 4
61 2
65 7
73 6
85 15
89 6
97 2
101 7
109 8
113 3
117 5
121 2
125 6
137 4
145 5
149 3
153 2
157 6
169 8
173 1
181 6
185 9
193 4
197 3
205 12
221 7
225 9
229 7
233 3
241 7
245 6
257 7
261 4
265 8
269 5
277 5
281 4
289 11
293 4
305 8
313 2
317 7
325 17
333 4
337 3
349 3
353 3
365 10
369 4
377 11
389 8
397 2
401 6
405 9
409 4
421 7
425 8
433 7
441 2
445 11
449 4
457 4
461 5
477 8
481 3
485 8
493 4
505 11
509 3
521 2
529 1
533 8
541 10
545 8
549 6
557 3
565 3
569 6
577 5
585 4
593 6
601 6
605 3
613 3
617 4
625 8
629 6
637 3
641 2
653 5
657 3
661 3
673 4
677 5
685 7
689 5
697 4
701 6
709 5
725 6
729 1
733 3
745 6
757 5
761 2
765 5
769 5
773 4
785 9
793 13
797 4
801 2
809 6
821 4
829 1
833 3
841 7
845 13
853 2
857 4
865 8
873 3
877 5
881 2
901 3
905 7
909 3
925 17
929 5
937 5
949 4
953 6
965 9
977 2
981 5
985 18
997 2
1009 5
1013 4
1017 3
1021 2
1025 15
1033 3
1037 12
1049 5
1053 4
1061 5
1069 3
1073 12
1089 1
1093 3
1097 2
1105 11
1109 7
1117 2
1125 5
1129 9
1145 4
1153 1
1157 8
1165 9
1181 1
1189 6
1193 5
1201 9
1205 9
1213 6
1217 3
1225 4
1229 1
1233 6
1237 4
1241 6
1249 3
1261 6
1277 4
1285 2
1289 5
1297 2
1301 6
1305 5
1313 4
1321 4
1325 7
1341 7
1345 6
1361 2
1369 6
1373 2
1377 4
1381 6
1385 6
1405 2
1409 3
1413 4
1417 6
1421 2
1429 3
1433 1
1445 12
1453 4
1465 7
1469 8
1481 4
1489 3
1493 3
1513 7
1517 9
1521 2
1525 9
1537 3
1549 2
1553 3
1557 2
1565 11
1573 2
1585 8
1597 3
1601 1
1609 2
1613 2
1621 3
1625 6
1629 3
1637 6
1649 7
1665 7
1669 1
1681 5
1685 2
1693 2
1697 3
1709 2
1717 3
1721 2
1733 3
1737 3
1741 1
1745 5
1753 2
1765 2
1769 6
1773 2
1777 3
1781 8
1801 2
1805 2
1813 4
1825 9
1845 4
1849 3
1853 3
1861 6
1865 9
1873 4
1877 4
1885 11
1889 2
1901 1
1913 1
1921 8
1933 4
1937 2
1945 5
1949 3
1961 10
1973 3
1985 1
1989 2
2005 7
2009 1
2017 1
2025 2
2029 3
2041 8
2045 8
2053 5
2057 2
2061 4
2069 2
2081 2
2089 3
2097 1
2105 3
2117 2
2125 10
2129 1
2137 4
2141 2
2161 2
2165 4
2169 1
2173 7
2197 6
2205 3
2221 3
2225 3
2237 4
2245 3
2249 6
2257 3
2269 4
2273 2
2285 3
2293 1
2297 3
2305 8
2309 1
2313 1
2329 4
2333 2
2341 2
2349 2
2353 2
2377 1
2381 3
2385 6
2389 1
2393 2
2401 1
2405 8
2417 3
2421 3
2425 8
2437 2
2441 2
2465 12
2473 3
2493 2
2501 2
2509 3
2521 6
2525 3
2529 2
2533 4
2545 2
2549 1
2557 2
2561 4
2581 1
2593 4
2597 4
2601 2
2605 3
2609 3
2617 2
2621 3
2637 1
2645 2
2657 2
2665 6
2669 5
2677 2
2689 2
2693 3
2701 2
2705 1
2725 6
2729 2
2741 1
2745 3
2749 4
2753 2
2777 4
2785 1
2789 1
2797 3
2801 2
2809 2
2813 5
2817 4
2825 5
2833 2
2837 1
2853 3
2861 2
2873 2
2885 3
2897 2
2909 1
2925 9
2929 3
2941 1
2953 1
2965 4
2969 4
2977 7
2989 2
2993 3
2997 4
3001 3
3005 4
3025 1
3029 3
3033 2
3037 1
3041 2
3049 1
3065 5
3077 3
3085 3
3089 1
3109 1
3125 3
3141 2
3145 3
3161 3
3177 2
3185 3
3205 2
3217 1
3221 2
3233 1
3257 1
3265 2
3277 1
3281 1
3285 3
3293 1
3305 4
3313 2
3329 1
3341 1
3349 4
3357 1
3365 1
3373 2
3389 1
3393 2
3413 1
3425 3
3445 4
3449 2
3457 3
3481 1
3485 1
3497 2
3501 2
3505 3
3509 3
3517 1
3533 1
3545 4
3557 1
3581 1
3589 1
3601 2
3613 1
3617 1
3625 2
3637 1
3649 1
3653 1
3677 1
3681 2
3697 3
3701 2
3725 3
3733 3
3737 1
3757 5
3761 1
3769 2
3785 3
3789 1
3793 3
3797 1
3809 2
3821 3
3833 1
3845 1
3853 1
3869 1
3877 1
3881 1
3925 3
3929 2
3961 3
3965 2
3973 2
3989 1
4005 2
4033 2
4049 1
4057 3
4073 2
4093 1
4097 3
4105 3
4113 2
4121 1
4129 2
4141 2
4145 3
4149 1
4153 1
4157 2
4165 2
4177 2
4205 5
4217 1
4225 5
4229 1
4241 1
4265 1
4273 1
4297 1
4321 1
4325 1
4329 3
4337 1
4361 1
4365 2
4369 2
4381 4
4405 1
4409 1
4437 3
4441 1
4457 1
4469 2
4477 2
4505 3
4517 1
4525 1
4545 2
4549 1
4553 1
4589 2
4597 3
4625 2
4633 1
4637 1
4645 1
4685 1
4693 1
4709 3
4745 3
4753 1
4765 2
4789 2
4797 5
4805 1
4817 1
4825 2
4849 1
4869 1
4877 1
4933 1
4957 1
4969 1
4981 1
4985 1
5017 2
5081 1
5085 1
5101 2
5105 2
5113 1
5141 3
5165 3
5185 2
5237 1
5245 1
5249 1
5273 1
5305 1
5321 1
5329 1
5333 1
5341 1
5365 2
5381 1
5389 1
5393 1
5409 1
5413 1
5449 1
5473 1
5513 1
5573 1
5581 3
5645 2
5717 1
5725 2
5729 1
5825 2
5869 1
5905 1
5945 1
6001 1
6005 1
6025 2
6037 1
6109 1
6133 1
6137 1
6165 1
6173 1
6201 2
6205 1
6217 1
6305 1
6341 1
6361 1
6397 1
6401 1
6505 1
6565 1
6625 1
6697 1
6725 1
6793 1
6829 1
6857 1
6865 1
6893 2
7081 1
7229 1
7261 1
7289 2
7397 1
7577 1
7585 1
7633 1
7857 1
7921 1
8077 1
8081 1
8329 1
8461 1
8489 1
8597 1
8653 1
8725 1
9089 1
9661 1
9805 1
10225 1
59005 1
64593 1
