N J h mean_R_sq err_mean_R_sq mean_R_gyr_sq err_mean_R_gyr_sq 
2500 1.348 0 17958.4 3372.68 2875.54 416.626
725 1
733 1
745 1
1105 1
1145 1
1445 1
1753 1
2405 1
2741 1
3625 1
3665 1
4261 1
4549 1
4589 1
4637 1
4717 1
4745 1
4861 1
4901 1
5261 1
5569 1
5617 1
5657 1
5737 1
6057 1
6605 1
6625 1
7261 1
7345 1
7585 1
7741 1
8045 1
8093 1
8149 1
8605 1
8665 1
9613 1
9661 1
9925 1
9997 1
10081 1
10301 1
10601 1
11449 1
11493 1
11509 1
11657 1
11909 1
12049 1
12085 1
12337 1
13117 1
13253 1
13481 1
13729 1
13885 1
14653 1
14801 1
14825 1
14965 1
15925 1
16785 1
17797 1
18037 1
18757 1
18901 1
19601 1
20165 1
20213 1
20529 1
20705 1
21425 1
21645 1
23285 1
24161 1
24361 1
25805 1
27685 1
27833 1
28085 1
29581 1
30449 1
30529 1
31005 1
31609 1
31753 1
32489 1
32841 1
35793 1
36361 1
40081 1
40545 1
40885 1
43649 1
49489 1
50229 1
54833 1
59085 1
151213 1
