N J h mean_R_sq err_mean_R_sq mean_R_gyr_sq err_mean_R_gyr_sq 
1600 1.368 0 5335.92 461.392 935.565 54.8107
29 1
45 1
125 2
245 1
277 1
361 1
373 1
377 2
405 1
493 1
533 1
549 1
761 1
785 1
797 1
845 1
853 1
1105 2
1345 1
1385 1
1445 1
1625 1
1649 1
1657 1
2125 1
2153 1
2173 1
2213 1
2273 1
2425 1
2465 1
2609 1
2677 1
2705 1
2925 1
2993 1
3085 1
3205 1
3253 1
3485 1
3593 1
3701 1
3725 1
3925 1
4057 1
4265 1
4437 1
4517 1
4645 1
4709 1
4797 1
5077 1
5185 2
5317 1
5849 1
5869 1
6085 1
6229 1
6305 1
6397 1
6449 1
6473 1
6649 1
6701 1
6725 1
6761 1
6889 1
6929 1
7309 1
7541 1
7625 1
7957 1
8033 2
8081 1
8145 1
9349 1
9565 1
9773 1
9865 1
9981 1
10457 1
10985 1
12281 1
12605 1
13141 1
13169 1
13437 1
14085 1
15005 1
15229 1
15773 1
15885 1
16425 1
16945 1
