N J h mean_R_sq err_mean_R_sq mean_R_gyr_sq err_mean_R_gyr_sq 
2500 1.32 0 21114 272.82 3222.22 28.7447
5 1
13 1
17 1
25 1
41 1
53 1
61 1
65 1
81 1
85 4
89 1
101 2
145 1
149 1
153 1
157 3
173 1
185 2
193 1
205 2
221 1
229 1
241 2
245 1
257 1
265 1
277 4
281 2
289 3
305 1
313 2
317 1
325 4
337 1
349 1
361 1
365 1
377 4
401 1
409 1
425 5
449 2
457 1
477 2
481 2
485 2
505 1
529 1
533 1
545 1
549 1
565 3
569 1
585 5
593 1
601 1
617 2
625 2
629 2
637 1
653 2
657 2
661 1
685 1
689 2
697 2
701 2
725 3
729 1
745 2
757 2
761 3
765 2
773 3
785 1
793 1
809 2
821 1
841 1
845 1
865 2
881 2
901 1
905 4
925 1
929 3
937 3
941 1
953 1
961 1
965 6
977 2
985 3
997 1
1009 2
1013 2
1017 1
1021 1
1025 2
1033 2
1037 1
1049 1
1053 2
1069 1
1073 3
1093 1
1097 1
1105 5
1117 3
1129 1
1153 1
1157 1
1165 2
1181 1
1189 3
1201 1
1213 1
1217 1
1225 1
1233 2
1241 2
1261 3
1277 2
1285 2
1297 1
1305 1
1313 2
1321 3
1361 4
1369 1
1373 1
1405 2
1409 1
1417 1
1445 1
1465 3
1469 2
1481 1
1493 1
1513 2
1521 1
1525 2
1537 2
1557 1
1565 2
1585 2
1601 1
1609 1
1613 1
1621 1
1625 2
1629 1
1637 1
1649 1
1669 2
1681 3
1685 1
1717 3
1733 1
1737 2
1745 2
1765 1
1769 1
1773 3
1781 2
1805 1
1813 5
1825 4
1849 1
1853 6
1861 1
1873 2
1877 3
1885 4
1889 1
1901 1
1913 3
1921 4
1933 1
1937 4
1945 2
1949 1
1961 2
1985 2
1989 2
1997 1
2005 3
2009 3
2017 1
2025 2
2045 4
2053 1
2057 2
2061 4
2089 1
2105 1
2113 2
2125 4
2129 1
2141 3
2153 2
2161 1
2165 4
2169 1
2173 1
2197 1
2205 2
2213 1
2221 1
2225 1
2245 2
2249 2
2257 4
2269 1
2273 2
2281 1
2285 3
2293 2
2297 1
2305 3
2333 1
2353 6
2357 1
2377 2
2381 2
2385 2
2389 1
2393 1
2405 3
2417 3
2425 4
2441 1
2465 6
2473 2
2477 1
2493 1
2501 3
2509 3
2525 2
2529 3
2545 2
2549 1
2581 1
2601 3
2605 1
2609 2
2617 2
2621 2
2633 1
2637 1
2645 1
2665 4
2669 3
2677 5
2689 1
2693 2
2701 2
2705 1
2713 2
2725 1
2729 1
2741 2
2745 1
2749 3
2753 1
2777 1
2785 3
2797 1
2801 1
2813 2
2817 1
2825 3
2833 2
2845 2
2853 5
2857 2
2873 3
2885 3
2917 2
2925 3
2941 2
2965 6
2969 2
2977 1
2989 1
2993 2
2997 2
3001 2
3005 1
3025 1
3029 3
3049 1
3065 1
3077 2
3085 1
3089 2
3109 2
3125 3
3133 4
3137 1
3141 2
3145 5
3169 3
3177 2
3185 1
3205 2
3209 1
3217 1
3229 1
3233 3
3249 2
3257 1
3265 2
3277 1
3281 4
3285 1
3301 2
3329 1
3341 1
3349 4
3365 4
3373 1
3385 3
3393 3
3425 5
3433 1
3445 5
3461 1
3469 6
3481 2
3485 4
3497 4
3501 2
3505 1
3509 1
3517 1
3529 1
3545 1
3557 1
3573 1
3589 3
3593 2
3609 2
3617 2
3625 2
3637 3
3645 1
3649 3
3653 1
3665 2
3677 2
3681 1
3697 1
3709 2
3721 2
3725 3
3733 1
3737 1
3757 2
3785 3
3793 1
3805 4
3821 3
3825 6
3833 1
3845 1
3853 1
3865 2
3869 1
3889 1
3893 2
3897 1
3917 1
3925 4
3929 2
3961 1
3965 4
3973 2
3977 1
3985 2
3989 2
4005 1
4013 2
4021 1
4041 3
4057 2
4069 2
4097 1
4105 2
4113 2
4121 3
4129 1
4141 1
4145 1
4165 4
4177 1
4205 6
4217 1
4225 4
4229 3
4241 3
4261 1
4265 1
4285 2
4293 1
4325 5
4337 3
4349 2
4365 2
4381 1
4385 1
4405 3
4409 2
4421 1
4441 1
4453 1
4469 1
4477 1
4481 2
4505 6
4513 1
4525 1
4537 4
4545 1
4549 1
4553 2
4561 1
4573 2
4581 3
4589 3
4621 2
4645 2
4649 1
4657 1
4673 1
4685 2
4693 2
4705 2
4709 1
4717 2
4729 2
4733 2
4745 2
4753 2
4765 2
4777 1
4789 2
4797 1
4805 1
4817 3
4825 1
4861 1
4869 1
4877 3
4885 1
4889 1
4901 4
4905 2
4913 1
4925 2
4933 1
4937 2
4941 1
4957 2
4961 1
4973 1
4985 4
5009 1
5017 3
5021 2
5041 1
5045 3
5057 1
5069 1
5081 2
5085 2
5105 3
5113 3
5121 1
5125 4
5141 2
5153 2
5161 3
5165 1
5185 4
5193 2
5197 1
5213 3
5233 2
5245 2
5249 1
5265 1
5273 1
5281 3
5305 2
5309 1
5317 2
5321 2
5329 2
5333 1
5337 1
5345 8
5353 2
5365 3
5381 1
5389 4
5393 1
5413 2
5429 3
5437 2
5445 1
5449 2
5465 6
5473 2
5485 5
5513 1
5521 1
5525 5
5537 3
5545 4
5553 1
5573 1
5585 4
5597 2
5617 2
5625 1
5629 4
5641 1
5645 1
5653 1
5657 3
5661 4
5669 2
5689 2
5693 2
5701 2
5725 3
5729 2
5733 1
5749 2
5765 3
5769 2
5777 3
5785 5
5821 1
5825 9
5837 1
5857 1
5861 1
5869 1
5881 1
5897 1
5905 2
5913 1
5917 2
5929 1
5933 4
5941 1
5945 6
5949 1
5953 1
5965 2
5981 1
5993 2
6001 3
6005 3
6025 5
6053 1
6065 2
6073 1
6085 7
6089 3
6101 1
6109 2
6125 2
6145 1
6161 1
6165 3
6185 3
6197 1
6201 2
6205 4
6217 2
6229 1
6241 1
6245 2
6253 4
6257 1
6269 1
6273 1
6277 1
6305 3
6309 1
6317 1
6329 1
6337 2
6341 1
6353 2
6373 1
6385 4
6389 1
6397 1
6401 2
6409 4
6425 6
6437 3
6445 2
6449 2
6473 1
6481 1
6485 4
6497 4
6505 1
6525 4
6529 1
6553 1
6561 1
6565 7
6597 1
6605 1
6613 1
6617 2
6625 8
6653 2
6661 2
6673 4
6697 3
6701 2
6705 2
6709 1
6713 1
6725 6
6737 1
6749 3
6773 4
6781 2
6793 1
6805 1
6817 1
6841 1
6845 1
6849 1
6865 4
6869 1
6893 1
6905 2
6921 1
6925 2
6929 1
6949 2
6953 1
6961 1
6989 1
7001 1
7013 1
7025 2
7045 1
7081 1
7085 7
7093 1
7105 3
7121 1
7129 2
7137 4
7145 7
7157 3
7165 3
7177 2
7193 1
7209 2
7213 2
7225 6
7229 1
7241 1
7253 1
7261 3
7265 5
7281 2
7289 2
7309 1
7321 1
7325 1
7345 3
7361 3
7369 1
7373 3
7381 2
7389 1
7393 1
7397 2
7405 2
7417 1
7421 5
7445 2
7453 1
7457 1
7465 4
7481 1
7497 2
7501 2
7517 1
7529 2
7537 2
7541 1
7549 2
7561 2
7565 4
7569 1
7577 2
7585 5
7589 1
7605 4
7625 4
7633 2
7649 1
7669 1
7673 2
7677 2
7685 7
7693 1
7709 1
7713 1
7717 1
7741 1
7745 2
7753 2
7757 1
7765 1
7769 4
7785 3
7793 3
7801 1
7825 2
7829 1
7837 2
7841 1
7853 1
7857 3
7865 1
7877 1
7897 1
7901 2
7913 3
7921 3
7925 4
7929 1
7933 2
7949 1
7957 3
7969 3
7985 3
7993 3
8005 4
8017 1
8021 3
8033 1
8053 2
8065 3
8069 1
8077 2
8081 1
8093 1
8105 3
8109 3
8117 1
8125 4
8145 1
8149 2
8161 2
8177 2
8185 2
8221 2
8237 1
8245 7
8249 1
8269 3
8293 2
8321 1
8325 3
8329 1
8333 4
8345 2
8353 2
8357 2
8361 3
8381 4
8405 3
8425 4
8429 2
8433 1
8461 3
8465 4
8469 3
8473 2
8485 3
8489 1
8497 1
8501 1
8513 1
8521 2
8541 1
8545 2
8577 3
8581 2
8585 5
8593 2
8597 3
8605 3
8621 4
8629 3
8633 1
8641 1
8649 1
8665 2
8669 1
8677 2
8681 2
8685 3
8689 2
8705 1
8713 1
8725 1
8741 1
8749 1
8753 1
8761 3
8765 2
8793 2
8801 1
8825 3
8829 1
8837 1
8845 3
8849 1
8861 3
8865 1
8869 2
8885 4
8905 5
8917 5
8929 1
8933 1
8941 1
8945 3
8957 3
8969 1
8973 3
8989 3
9001 2
9005 3
9013 1
9025 1
9041 1
9049 1
9061 5
9065 2
9081 1
9089 3
9113 1
9125 5
9133 2
9153 3
9157 1
9169 2
9173 2
9181 1
9193 2
9217 5
9221 1
9225 3
9257 1
9265 4
9293 1
9297 2
9305 5
9325 3
9333 4
9337 1
9341 1
9349 2
9365 1
9377 3
9385 2
9389 2
9397 1
9409 2
9421 1
9425 3
9437 3
9441 1
9445 2
9457 1
9461 4
9469 3
9473 1
9505 5
9509 1
9521 1
9529 1
9533 1
9553 3
9565 1
9577 3
9593 1
9601 1
9605 6
9613 1
9621 2
9629 2
9649 1
9653 2
9657 1
9661 1
9665 5
9673 2
9685 4
9697 1
9701 4
9733 1
9745 2
9749 1
9769 1
9773 1
9781 1
9797 3
9801 1
9805 5
9809 2
9829 2
9833 1
9837 1
9841 2
9857 1
9865 1
9873 1
9881 1
9893 1
9901 3
9925 2
9945 4
9949 2
9953 2
9965 4
9981 3
9985 3
9997 2
10001 4
10025 3
10037 1
10045 2
10049 2
10069 1
10081 2
10085 1
10093 3
10121 2
10125 2
10133 1
10145 1
10161 1
10177 1
10181 1
10193 1
10201 2
10205 2
10217 2
10225 4
10237 2
10249 3
10265 1
10285 2
10289 1
10301 1
10309 1
10313 2
10321 1
10333 3
10345 4
10357 2
10361 2
10405 4
10413 3
10429 2
10433 1
10441 1
10445 1
10453 2
10485 1
10489 2
10501 1
10513 1
10525 7
10529 2
10537 1
10565 4
10573 2
10585 3
10589 1
10597 1
10601 1
10625 6
10629 2
10645 2
10657 1
10673 2
10685 2
10693 3
10701 3
10705 3
10729 4
10733 1
10737 1
10753 2
10765 1
10769 2
10777 1
10781 3
10817 1
10829 3
10841 4
10845 2
10853 2
10861 1
10865 3
10877 1
10897 6
10917 3
10933 2
10961 1
10973 2
10985 3
11009 3
11029 3
11041 2
11045 1
11061 2
11105 3
11113 1
11117 1
11125 3
11133 1
11141 3
11149 2
11169 3
11173 1
11177 1
11185 1
11213 1
11225 3
11241 5
11245 4
11281 4
11285 2
11317 3
11349 2
11357 1
11365 3
11369 2
11393 3
11401 2
11405 2
11425 2
11441 1
11453 1
11461 1
11465 1
11485 2
11493 1
11509 2
11513 1
11521 5
11525 4
11545 1
11549 2
11565 1
11581 2
11597 1
11617 1
11621 2
11633 1
11645 3
11657 2
11665 2
11673 1
11681 1
11689 2
11705 3
11713 5
11729 2
11737 1
11745 3
11765 4
11773 4
11777 1
11785 4
11789 1
11801 1
11809 1
11817 3
11849 4
11861 1
11881 2
11885 1
11897 2
11905 1
11917 2
11925 3
11945 2
11965 2
12013 4
12017 3
12025 7
12041 2
12049 4
12053 2
12069 3
12073 1
12085 4
12097 2
12101 1
12105 2
12109 3
12113 1
12125 4
12137 1
12149 1
12157 2
12161 4
12181 2
12193 3
12205 4
12209 2
12221 2
12233 3
12241 2
12249 1
12269 1
12277 1
12281 1
12289 1
12301 2
12317 3
12321 2
12325 5
12329 1
12337 2
12349 4
12365 1
12373 1
12385 2
12389 2
12393 2
12409 2
12413 2
12429 1
12433 1
12437 1
12457 2
12461 4
12469 2
12473 1
12505 4
12545 2
12553 1
12557 1
12577 1
12589 1
12605 3
12613 1
12625 5
12637 1
12641 2
12645 2
12665 4
12689 1
12701 1
12721 1
12725 1
12745 3
12757 2
12769 1
12773 1
12781 1
12785 2
12805 5
12809 1
12829 1
12833 3
12841 1
12853 2
12861 1
12869 3
12893 1
12897 3
12905 1
12913 3
12937 1
12941 1
12961 1
12965 1
12985 4
12997 1
13001 2
13005 2
13009 3
13021 3
13025 1
13033 1
13037 1
13045 3
13049 1
13061 1
13073 2
13085 2
13109 2
13117 2
13121 3
13141 1
13165 1
13169 2
13177 3
13185 3
13189 2
13213 4
13221 2
13225 3
13241 1
13249 2
13261 3
13273 2
13285 1
13289 1
13309 1
13313 2
13325 10
13329 2
13337 3
13345 5
13357 1
13369 1
13381 1
13385 1
13397 1
13401 1
13441 2
13465 2
13469 1
13481 4
13505 3
13513 3
13525 2
13537 1
13549 2
13565 2
13577 1
13613 1
13621 2
13625 3
13637 2
13645 1
13649 1
13653 2
13673 1
13681 1
13689 1
13705 3
13721 3
13725 1
13745 3
13753 1
13757 1
13765 2
13769 1
13789 1
13793 2
13801 1
13829 1
13833 1
13837 2
13841 2
13873 1
13877 3
13885 4
13901 1
13913 1
13921 1
13925 1
13933 3
13941 3
13945 3
13949 7
13957 3
13969 3
13977 3
13985 2
13997 1
14005 1
14013 2
14029 1
14033 3
14045 2
14065 1
14089 3
14125 5
14153 1
14161 1
14165 2
14177 2
14185 2
14197 3
14209 2
14213 3
14225 3
14249 1
14257 1
14261 2
14265 1
14285 1
14305 2
14309 2
14357 1
14365 5
14369 1
14373 2
14381 1
14393 2
14401 1
14425 4
14437 1
14449 2
14453 2
14461 2
14473 3
14485 2
14501 1
14545 1
14549 1
14557 2
14569 1
14585 3
14621 1
14625 8
14633 2
14641 1
14645 8
14653 1
14657 1
14661 4
14677 3
14681 2
14689 1
14701 2
14705 6
14713 1
14717 2
14733 1
14737 1
14741 1
14753 1
14761 1
14765 5
14785 1
14813 1
14821 3
14825 1
14837 2
14841 4
14845 4
14869 2
14885 2
14893 2
14897 1
14909 3
14913 3
14929 3
14933 2
14945 3
14957 1
14965 1
14969 1
14985 2
14989 1
15005 1
15013 1
15017 1
15021 1
15025 1
15041 3
15049 5
15053 1
15109 1
15129 1
15137 1
15145 4
15149 1
15161 1
15165 1
15173 1
15193 2
15205 5
15217 1
15229 2
15233 1
15245 2
15269 1
15273 1
15277 1
15289 2
15293 3
15305 3
15317 1
15325 4
15341 2
15353 1
15377 1
15381 1
15385 4
15397 1
15401 2
15425 5
15445 1
15453 2
15457 4
15461 2
15473 1
15481 2
15489 1
15497 1
15529 2
15533 2
15541 3
15545 1
15569 1
15577 2
15581 2
15597 2
15605 2
15613 3
15625 3
15629 2
15633 1
15665 6
15669 1
15685 3
15705 1
15725 5
15749 1
15769 1
15773 1
15793 3
15805 1
15817 3
15821 3
15845 3
15857 5
15877 1
15881 1
15885 3
15889 2
15905 1
15913 2
15921 1
15925 4
15929 2
15949 3
15973 2
15977 1
15993 2
15997 1
16001 1
16021 2
16025 3
16029 2
16045 1
16073 1
16081 2
16085 2
16097 1
16101 1
16105 3
16109 2
16133 4
16141 1
16153 3
16165 1
16189 2
16201 2
16229 2
16237 3
16241 2
16265 1
16273 2
16277 1
16285 1
16301 1
16325 3
16337 1
16349 1
16369 1
16381 1
16385 1
16393 5
16405 1
16417 1
16421 2
16425 3
16433 2
16441 4
16453 1
16465 2
16477 1
16501 5
16505 1
16513 1
16525 4
16553 1
16565 2
16573 2
16577 2
16589 1
16605 4
16609 3
16613 2
16645 1
16649 4
16657 1
16673 2
16677 4
16693 2
16705 2
16717 2
16729 1
16733 2
16741 1
16745 5
16749 1
16757 3
16769 3
16781 2
16785 2
16801 3
16805 4
16825 3
16837 1
16857 1
16861 1
16865 1
16889 1
16893 1
16897 1
16909 2
16913 2
16921 1
16925 2
16937 2
16945 1
16949 2
16965 2
16981 1
17001 1
17009 4
17029 2
17033 1
17053 1
17057 2
17065 4
17069 6
17093 2
17101 1
17113 2
17117 1
17125 2
17137 2
17141 3
17165 3
17173 3
17177 2
17209 1
17217 1
17221 3
17225 7
17245 2
17261 1
17285 2
17289 1
17293 1
17305 2
17321 2
17341 2
17345 3
17357 2
17389 2
17397 1
17417 1
17425 7
17429 1
17433 1
17473 2
17477 1
17485 4
17489 2
17497 3
17505 2
17509 3
17525 4
17541 1
17545 2
17561 1
17569 1
17585 1
17593 2
17597 1
17609 2
17629 2
17645 2
17665 3
17681 1
17693 1
17725 3
17729 1
17741 2
17753 2
17777 2
17785 1
17797 3
17833 1
17837 2
17849 3
17861 3
17865 1
17873 2
17881 2
17885 1
17893 1
17901 3
17905 1
17921 3
17945 6
17953 5
17957 1
17965 3
17973 1
17981 3
18005 4
18013 2
18029 1
18037 1
18045 1
18061 2
18065 5
18077 2
18081 2
18085 1
18121 2
18125 2
18133 1
18149 1
18181 2
18217 1
18225 4
18233 3
18241 4
18245 5
18261 1
18265 2
18269 1
18277 1
18281 3
18289 1
18301 1
18317 4
18325 3
18329 1
18353 1
18369 3
18385 2
18397 1
18401 1
18409 5
18413 3
18421 5
18433 1
18457 1
18473 1
18477 1
18497 1
18505 1
18513 3
18521 1
18545 1
18581 2
18589 3
18593 2
18605 3
18621 2
18625 5
18629 4
18661 1
18685 3
18709 3
18713 1
18729 1
18737 2
18757 2
18761 2
18769 1
18785 5
18793 1
18797 1
18801 3
18833 2
18845 4
18853 1
18857 4
18869 2
18889 1
18901 2
18913 3
18917 1
18925 1
18937 1
18945 1
18965 4
18989 3
19001 1
19013 1
19017 1
19025 2
19045 2
19053 3
19073 1
19093 3
19097 2
19105 2
19109 3
19133 1
19141 2
19161 1
19165 1
19169 3
19181 2
19193 1
19213 1
19225 4
19233 1
19249 1
19253 1
19265 3
19269 1
19273 1
19277 3
19309 1
19325 3
19337 1
19345 3
19357 1
19385 1
19405 1
19417 1
19421 1
19441 1
19445 1
19449 1
19457 2
19465 3
19485 1
19493 3
19501 1
19517 3
19521 1
19541 2
19549 1
19557 5
19573 1
19585 2
19601 3
19625 2
19633 1
19637 1
19645 4
19661 2
19669 5
19681 2
19697 3
19709 1
19717 2
19721 2
19729 1
19769 6
19773 2
19805 4
19813 1
19825 3
19845 1
19853 1
19865 2
19885 4
19889 1
19913 3
19925 2
19973 1
19981 2
19993 1
19997 3
20005 2
20021 1
20025 2
20029 1
20041 1
20077 2
20089 3
20105 4
20133 1
20137 2
20165 5
20213 1
20221 3
20241 2
20245 2
20249 1
20261 1
20269 1
20281 2
20285 1
20297 2
20313 1
20345 4
20357 2
20365 6
20369 1
20381 3
20389 1
20413 2
20417 1
20441 1
20449 1
20453 1
20457 1
20465 1
20477 4
20485 4
20529 1
20557 1
20561 1
20565 3
20605 4
20609 2
20617 2
20621 1
20641 1
20645 1
20665 2
20681 1
20689 4
20693 1
20705 6
20725 2
20737 1
20745 1
20753 2
20765 2
20773 1
20785 1
20813 1
20817 1
20825 2
20849 1
20857 1
20869 2
20873 2
20885 3
20897 1
20905 4
20917 1
20921 1
20933 2
20969 1
20981 1
21001 2
21005 1
21025 5
21041 2
21053 2
21069 1
21073 3
21085 1
21089 1
21097 3
21101 1
21121 1
21125 4
21145 1
21157 2
21177 1
21193 1
21205 1
21213 1
21221 1
21253 1
21257 2
21281 2
21289 2
21305 3
21313 3
21325 1
21349 4
21365 1
21377 1
21389 1
21401 1
21425 2
21429 1
21433 1
21437 5
21449 1
21465 3
21473 3
21481 1
21485 1
21493 1
21509 3
21517 2
21521 2
21529 1
21533 2
21537 1
21541 2
21557 1
21569 1
21589 3
21601 1
21605 4
21609 2
21617 1
21625 1
21645 2
21649 2
21661 4
21673 1
21677 1
21697 1
21701 2
21713 1
21737 1
21817 1
21825 3
21845 4
21853 3
21865 2
21881 1
21901 1
21905 1
21913 4
21925 1
21933 1
21937 1
21941 1
21961 1
21985 1
22001 1
22009 5
22021 1
22025 2
22049 2
22061 1
22069 1
22073 1
22093 1
22105 1
22117 1
22129 1
22153 1
22181 5
22185 3
22193 1
22205 1
22213 1
22217 1
22265 4
22285 1
22293 1
22313 1
22321 4
22345 1
22369 1
22373 1
22405 2
22409 1
22417 1
22437 1
22445 1
22453 2
22469 2
22509 3
22525 2
22529 3
22541 1
22549 1
22565 2
22573 1
22581 1
22585 3
22613 3
22621 1
22625 4
22669 1
22681 2
22685 5
22689 1
22697 1
22721 1
22741 3
22753 2
22765 5
22805 1
22837 1
22853 2
22865 3
22873 1
22877 1
22901 1
22905 2
22921 1
22937 1
22941 1
22945 2
22949 3
22973 1
22985 1
22997 1
23013 1
23017 1
23041 1
23049 1
23053 1
23057 1
23101 1
23105 4
23117 1
23125 3
23137 2
23141 1
23153 1
23165 3
23185 2
23189 1
23209 1
23225 2
23229 1
23245 1
23257 1
23269 1
23273 2
23285 2
23297 1
23333 1
23341 1
23353 2
23357 2
23393 1
23413 2
23425 1
23445 1
23461 1
23465 1
23477 1
23481 1
23497 1
23509 1
23525 5
23533 1
23537 1
23545 4
23549 1
23553 1
23569 5
23585 3
23593 2
23633 1
23645 1
23657 2
23665 3
23701 3
23725 5
23733 3
23741 1
23761 2
23789 1
23805 1
23809 3
23813 1
23825 6
23833 1
23857 1
23873 1
23885 5
23909 1
23917 2
23941 3
23945 1
23953 2
23957 3
23965 2
23977 1
23985 5
23993 1
24001 1
24005 2
24021 1
24025 1
24037 1
24041 2
24049 1
24061 1
24077 3
24085 1
24089 3
24121 1
24125 3
24157 2
24169 1
24181 3
24193 1
24201 2
24221 2
24245 6
24281 2
24305 6
24309 1
24313 1
24317 1
24329 4
24337 2
24341 3
24345 1
24349 1
24361 3
24373 2
24385 5
24389 1
24401 1
24421 3
24425 1
24433 2
24457 1
24461 1
24481 1
24505 2
24509 1
24525 4
24533 2
24557 2
24561 1
24565 1
24593 1
24601 1
24625 4
24641 2
24653 2
24665 4
24685 3
24701 1
24705 3
24713 2
24737 1
24741 1
24745 2
24749 3
24777 1
24781 1
24785 3
24793 1
24797 2
24841 1
24845 1
24853 2
24869 2
24901 1
24905 3
24925 2
24929 1
24941 3
24949 1
24953 1
24961 3
24965 3
24973 3
25013 1
25033 2
25049 1
25065 2
25085 4
25101 1
25105 2
25117 1
25121 1
25153 1
25173 1
25177 2
25181 2
25189 2
25209 2
25225 2
25229 2
25253 1
25281 1
25285 4
25297 1
25301 1
25309 1
25313 3
25317 2
25325 2
25337 2
25345 3
25349 2
25353 1
25381 1
25385 1
25397 2
25405 2
25409 1
25425 1
25433 1
25453 1
25457 1
25469 2
25477 1
25493 5
25497 1
25505 3
25525 3
25529 1
25601 1
25625 4
25633 1
25649 1
25705 4
25713 1
25717 2
25721 2
25733 1
25741 1
25749 2
25765 3
25769 1
25789 4
25793 2
25801 3
25805 2
25825 3
25841 1
25857 2
25873 1
25877 2
25889 2
25909 1
25913 1
25925 2
25933 1
25957 2
25961 1
25965 2
25985 1
25997 2
26021 1
26041 1
26045 2
26065 4
26073 1
26077 2
26093 1
26117 1
26141 1
26165 1
26181 2
26185 1
26189 1
26209 1
26225 3
26233 2
26245 1
26253 1
26269 1
26281 2
26293 2
26309 1
26317 2
26329 1
26333 1
26353 1
26361 4
26365 1
26377 1
26393 1
26405 2
26413 2
26441 1
26449 1
26469 1
26489 1
26497 1
26501 1
26533 3
26545 1
26573 2
26577 2
26585 6
26597 1
26605 1
26641 2
26665 3
26669 1
26689 1
26705 3
26713 1
26717 1
26725 4
26729 1
26765 2
26773 1
26793 1
26801 1
26825 5
26893 1
26897 1
26901 1
26905 1
26937 1
26941 2
26945 4
26969 2
26973 1
26989 1
27077 2
27085 2
27101 1
27145 3
27149 3
27157 2
27161 1
27173 1
27185 1
27205 2
27217 2
27245 1
27261 2
27289 1
27293 1
27297 1
27325 2
27337 1
27365 6
27385 1
27421 1
27425 1
27437 3
27469 1
27481 1
27521 1
27541 2
27565 6
27581 1
27585 1
27605 1
27617 1
27625 1
27637 2
27653 1
27677 2
27685 3
27689 1
27697 1
27725 2
27733 2
27829 1
27833 1
27865 1
27877 1
27889 1
27905 3
27917 1
27925 1
27961 2
27977 2
27985 1
28009 2
28013 1
28033 3
28037 1
28057 3
28085 3
28093 1
28121 2
28125 1
28145 2
28157 1
28169 2
28181 1
28193 1
28197 1
28225 4
28229 1
28265 2
28269 2
28273 1
28297 1
28309 1
28345 2
28349 1
28373 2
28393 1
28397 1
28409 2
28421 2
28433 1
28445 3
28449 1
28453 2
28465 2
28505 3
28513 1
28517 1
28521 1
28565 4
28577 2
28585 2
28593 3
28597 2
28601 1
28625 1
28629 1
28657 1
28665 3
28669 1
28673 1
28697 1
28705 1
28757 2
28769 2
28781 2
28849 3
28881 1
28885 5
28909 1
28913 2
28921 1
28925 4
28933 1
28949 3
28953 1
28981 1
28989 1
29005 1
29017 1
29041 1
29053 4
29065 2
29097 1
29105 2
29125 2
29153 1
29185 3
29237 2
29245 1
29273 1
29277 1
29285 1
29305 2
29313 1
29321 2
29341 4
29353 1
29377 3
29389 1
29401 1
29429 1
29437 1
29449 1
29473 3
29485 1
29489 2
29501 1
29521 1
29525 3
29529 1
29537 1
29565 1
29569 1
29581 2
29585 3
29597 2
29609 2
29629 1
29633 1
29637 1
29653 1
29669 1
29705 2
29717 1
29725 4
29745 2
29753 1
29761 1
29801 2
29817 1
29825 2
29833 1
29857 1
29881 2
29917 2
29921 2
29929 3
29945 7
29961 1
29965 1
30005 1
30025 1
30053 1
30073 1
30113 1
30125 1
30137 1
30157 1
30161 1
30169 1
30181 2
30185 1
30193 2
30209 1
30213 2
30233 1
30269 1
30277 4
30285 2
30301 2
30325 2
30357 1
30361 3
30377 1
30413 1
30421 1
30425 2
30445 3
30449 2
30465 1
30469 1
30505 1
30517 2
30537 2
30545 1
30553 1
30557 1
30565 2
30589 1
30593 1
30605 2
30617 4
30625 1
30637 1
30641 2
30649 1
30661 1
30665 1
30673 3
30685 1
30697 1
30725 1
30733 2
30749 3
30757 2
30805 3
30809 1
30821 2
30825 2
30829 2
30841 1
30853 2
30901 1
30925 3
30929 1
30953 1
30977 1
30985 2
31025 4
31033 1
31049 1
31057 2
31061 1
31085 3
31105 2
31113 1
31117 3
31149 2
31177 1
31181 1
31193 1
31205 1
31225 1
31249 1
31265 1
31277 1
31321 1
31337 1
31365 2
31409 2
31417 1
31421 1
31429 2
31469 1
31477 1
31501 1
31517 1
31525 2
31529 1
31541 1
31585 1
31613 1
31637 3
31653 2
31705 3
31709 2
31761 1
31765 1
31793 2
31797 1
31817 1
31849 1
31909 2
31921 1
31925 1
31937 1
31981 1
31985 2
32005 3
32009 2
32013 1
32017 2
32045 2
32065 2
32089 1
32105 1
32125 1
32149 3
32173 1
32185 1
32189 1
32193 1
32229 1
32245 3
32301 1
32309 1
32337 2
32341 1
32345 1
32393 3
32409 4
32485 1
32489 1
32513 2
32537 1
32561 1
32569 1
32597 2
32605 1
32625 5
32657 2
32677 2
32713 1
32717 1
32733 2
32749 1
32761 1
32765 1
32825 1
32841 2
32845 3
32861 3
32905 2
32909 1
32929 1
32957 2
33001 1
33025 3
33037 2
33049 1
33065 1
33073 1
33085 5
33125 1
33129 1
33149 1
33169 2
33181 1
33185 1
33197 1
33205 1
33241 1
33245 2
33273 2
33301 1
33309 3
33337 2
33349 1
33361 2
33389 1
33461 1
33489 2
33525 2
33533 1
33541 1
33545 1
33553 2
33625 1
33633 1
33637 1
33641 1
33653 1
33665 1
33685 1
33709 2
33745 4
33761 1
33773 1
33785 2
33797 1
33805 1
33829 1
33865 2
33917 3
33921 1
33937 1
33989 1
33997 2
34001 1
34021 5
34033 1
34065 1
34073 1
34081 1
34085 2
34101 2
34129 2
34137 1
34145 3
34153 1
34157 1
34165 1
34205 1
34213 1
34217 1
34225 1
34229 2
34249 1
34313 1
34345 1
34445 1
34465 3
34481 1
34493 1
34501 2
34525 3
34541 2
34553 1
34605 1
34609 2
34621 2
34625 2
34645 7
34649 1
34669 1
34673 1
34697 3
34709 1
34717 1
34721 1
34765 1
34785 1
34817 1
34821 2
34829 2
34841 1
34885 3
34901 2
34929 2
34933 2
34949 1
34957 1
34961 1
35005 2
35017 1
35033 2
35037 1
35053 1
35089 2
35113 2
35117 1
35149 1
35165 3
35177 1
35197 1
35221 2
35225 4
35249 2
35261 1
35269 1
35293 2
35325 3
35345 1
35369 1
35381 1
35393 1
35401 1
35405 1
35425 6
35437 2
35453 1
35465 1
35477 1
35509 1
35521 1
35525 1
35533 1
35545 2
35557 2
35593 1
35605 3
35633 2
35657 1
35669 1
35677 1
35685 2
35705 2
35725 1
35729 1
35785 3
35793 1
35821 3
35825 2
35865 1
35873 1
35917 1
35921 2
35965 1
35969 2
35989 2
36045 2
36065 1
36101 1
36121 1
36125 2
36149 1
36173 1
36185 1
36189 1
36205 3
36229 1
36257 1
36277 1
36297 1
36325 1
36389 1
36405 1
36413 2
36441 1
36461 1
36469 1
36485 2
36497 2
36505 2
36529 1
36545 1
36569 2
36621 1
36625 2
36653 2
36661 1
36665 1
36697 1
36713 1
36721 2
36725 1
36745 1
36749 1
36781 1
36805 2
36829 2
36833 1
36845 1
36865 4
36889 1
36905 1
36913 3
36941 2
36965 1
36973 1
36985 1
36997 2
37013 1
37017 1
37061 1
37085 1
37089 2
37097 1
37105 4
37141 1
37153 1
37165 1
37225 1
37249 1
37265 1
37269 1
37277 1
37305 1
37321 2
37325 2
37333 1
37337 1
37369 1
37377 1
37397 1
37405 1
37493 2
37505 1
37537 1
37561 1
37589 1
37621 1
37629 1
37633 2
37637 1
37645 1
37661 1
37685 1
37693 1
37729 1
37733 2
37745 1
37777 3
37781 1
37817 1
37825 4
37845 2
37853 1
37861 1
37885 2
37897 1
37921 1
37925 2
37945 2
37949 1
37997 1
38025 1
38041 1
38069 1
38081 3
38113 1
38125 3
38149 1
38165 2
38169 1
38221 2
38237 1
38273 1
38281 2
38293 2
38309 1
38321 1
38345 1
38349 1
38365 1
38369 1
38405 3
38425 3
38457 2
38461 1
38477 1
38497 1
38501 2
38545 3
38565 1
38573 1
38597 1
38725 1
38737 1
38765 3
38833 1
38845 1
38873 1
38897 1
38909 3
38925 1
38961 1
38965 2
38977 2
39005 1
39041 1
39065 1
39097 1
39185 2
39229 1
39257 1
39285 1
39289 1
39301 1
39313 1
39365 1
39373 1
39377 2
39385 2
39397 1
39429 1
39481 1
39493 1
39565 1
39581 1
39617 2
39625 1
39637 1
39645 1
39661 1
39665 3
39685 1
39761 2
39785 2
39789 1
39793 1
39797 3
39817 3
39845 1
39869 1
39901 1
39937 1
39965 2
39989 1
40001 1
40009 1
40025 3
40045 1
40057 1
40077 2
40081 1
40093 1
40097 2
40105 1
40121 2
40129 1
40165 1
40189 1
40213 1
40225 1
40253 1
40265 2
40293 1
40309 3
40321 1
40345 1
40357 1
40385 2
40405 1
40409 1
40433 1
40445 1
40477 2
40525 2
40529 1
40545 3
40573 1
40589 1
40613 2
40625 3
40661 3
40673 2
40709 1
40757 1
40829 1
40837 2
40841 4
40877 1
40885 2
41093 2
41157 1
41197 1
41213 1
41221 1
41225 1
41245 3
41269 1
41273 1
41281 1
41297 1
41345 1
41365 2
41405 2
41413 1
41429 1
41441 1
41449 1
41497 1
41513 1
41533 1
41537 1
41605 1
41617 2
41669 2
41681 2
41693 2
41725 2
41785 1
41821 1
41845 3
41869 2
41873 2
41905 3
41913 1
41945 2
41957 2
41977 4
41981 1
42001 2
42025 3
42029 2
42061 1
42109 1
42137 1
42145 1
42169 2
42173 2
42197 1
42209 1
42233 3
42289 1
42293 2
42325 1
42353 1
42365 1
42401 1
42409 1
42425 2
42453 2
42457 1
42461 1
42473 1
42505 1
42509 1
42517 1
42521 2
42561 1
42565 1
42597 1
42601 1
42605 2
42725 1
42737 1
42809 1
42877 1
42901 1
42913 2
42925 1
42949 1
42965 1
43013 1
43061 1
43173 1
43177 1
43201 1
43209 1
43237 1
43249 1
43273 2
43345 1
43405 1
43425 1
43429 1
43433 1
43465 2
43469 1
43517 1
43541 1
43553 2
43613 1
43621 3
43649 1
43657 3
43693 1
43745 2
43781 1
43793 1
43825 1
43853 1
43877 1
43965 1
43973 1
43993 1
44001 1
44005 1
44053 1
44109 3
44117 2
44129 1
44145 1
44165 1
44181 1
44185 1
44197 1
44201 1
44221 2
44225 4
44249 1
44273 1
44285 1
44293 1
44329 1
44345 2
44369 1
44425 1
44465 2
44489 1
44525 2
44581 1
44645 1
44725 1
44729 1
44749 1
44773 1
44785 5
44809 1
44861 1
44909 1
44945 1
44993 2
45005 1
45041 1
45117 1
45121 1
45153 1
45169 1
45205 1
45209 1
45301 2
45445 1
45469 1
45481 1
45513 1
45545 1
45565 2
45617 1
45625 1
45665 1
45677 1
45685 1
45697 1
45713 2
45729 1
45765 1
45797 1
45817 1
45821 2
45833 1
45845 1
45877 1
45929 1
45949 1
45985 1
46125 2
46133 1
46141 1
46213 1
46225 1
46241 1
46261 1
46301 1
46385 1
46421 1
46429 1
46449 1
46485 3
46537 1
46553 2
46561 2
46625 1
46633 1
46657 3
46661 1
46665 3
46709 1
46733 1
46773 1
46777 1
46813 2
46925 1
46945 1
47009 1
47041 1
47045 1
47065 1
47133 1
47149 1
47189 1
47197 3
47233 1
47241 3
47281 2
47285 1
47293 2
47385 1
47437 1
47457 1
47477 1
47489 1
47501 1
47525 2
47529 1
47545 1
47617 1
47645 1
47741 1
47745 1
47813 1
47821 1
47825 1
47837 1
47885 2
47965 1
48025 1
48029 1
48033 1
48037 1
48105 2
48145 2
48193 1
48245 1
48361 3
48397 1
48421 1
48429 1
48481 1
48501 2
48569 1
48581 1
48625 1
48661 1
48761 1
48845 1
48865 1
48893 1
48905 1
48941 2
48985 2
48997 1
49005 1
49025 1
49081 1
49145 1
49205 1
49213 1
49237 1
49277 1
49285 1
49333 1
49369 1
49517 1
49549 1
49561 1
49601 1
49613 1
49625 1
49633 1
49673 1
49725 2
49813 1
49985 1
50045 1
50069 1
50153 1
50185 1
50297 1
50305 1
50345 1
50357 1
50373 2
50389 1
50453 1
50581 1
50605 1
50625 1
50661 1
50689 1
50717 1
50737 1
50769 2
50789 1
50805 2
50813 1
50849 1
50921 1
51077 1
51085 2
51145 1
51185 2
51245 1
51325 2
51353 1
51361 2
51445 1
51505 1
51561 3
51581 1
51629 1
51725 1
51781 1
51805 1
51845 1
51917 2
51993 1
52001 1
52025 1
52093 1
52145 1
52165 1
52181 1
52205 1
52225 2
52385 1
52393 1
52445 1
52489 1
52505 2
52553 1
52561 1
52597 1
52621 1
52637 1
52673 1
52749 1
52757 1
52821 1
52837 1
52865 1
52897 1
52925 1
52993 1
53017 1
53033 1
53073 1
53101 1
53125 1
53173 1
53177 1
53261 1
53285 2
53377 1
53441 1
53477 1
53525 1
53621 1
53665 1
53677 1
53737 2
53833 2
53845 1
53873 1
53885 2
53989 1
54025 1
54085 1
54125 1
54133 1
54161 1
54185 1
54205 1
54269 1
54305 1
54353 2
54377 1
54385 1
54409 1
54513 1
54569 2
54613 1
54665 1
54745 1
54765 2
54797 1
54833 1
54977 1
55045 1
55089 1
55093 2
55125 1
55217 1
55225 1
55285 1
55305 1
55381 1
55477 1
55525 1
55597 2
55625 1
55757 1
55793 1
55801 1
55809 1
55845 1
55897 1
55981 1
56129 1
56173 1
56197 1
56205 1
56249 1
56257 1
56293 2
56597 1
56621 1
56745 1
56785 1
56849 2
56869 1
56893 1
57157 1
57173 1
57241 1
57305 1
57325 1
57425 1
57469 2
57473 1
57493 1
57517 2
57545 1
57565 1
57681 2
57721 2
57881 1
57985 2
58049 1
58057 1
58145 1
58165 1
58181 1
58261 1
58393 1
58473 1
58477 1
58525 1
58565 4
58589 1
58601 1
58645 1
58689 1
58849 1
58873 1
58885 1
58981 1
59153 2
59237 1
59425 2
59437 1
59449 1
59497 1
59533 1
59625 1
59725 1
60101 1
60125 1
60149 1
60257 1
60281 1
60337 1
60349 1
60457 1
60581 1
60685 1
60741 1
60813 1
60869 1
61049 1
61165 1
61201 1
61217 1
61333 1
61345 1
61489 1
61745 1
61785 1
61913 1
61965 1
62065 1
62185 1
62197 1
62201 1
62305 1
62453 2
62465 1
62485 1
62577 1
62633 1
62641 1
62893 1
63013 2
63233 1
63325 1
63353 1
63505 1
63521 1
63605 2
63625 2
63653 1
63729 1
63937 1
64025 1
64181 1
64613 1
64633 1
64985 1
65089 1
65185 1
65225 1
65473 1
65501 1
65545 1
65585 1
65773 1
65905 2
65969 1
66001 1
66097 1
66125 1
66193 1
66389 1
66457 1
66469 1
66565 1
66573 1
66617 1
66625 1
66797 1
66985 1
67085 1
67205 1
67405 1
67457 1
67537 1
67777 1
67865 1
68125 1
68225 1
68741 1
68825 1
68953 1
68965 1
69185 1
69365 1
69449 1
69493 1
69629 1
69649 1
69705 1
69733 1
69809 1
69885 1
70045 1
70137 1
70397 1
70533 1
70781 1
70793 1
70885 1
71149 1
71245 1
71789 1
72045 1
72665 1
72781 1
73021 1
73125 1
73181 1
73405 1
73433 1
73453 1
73477 1
73789 1
74237 1
74241 1
74425 1
74465 1
75073 1
75205 1
75353 1
75685 1
75881 1
75941 1
76009 1
76249 1
76357 1
76365 1
76421 1
76553 1
77417 1
78373 1
81225 1
81229 1
81965 1
82529 1
82625 1
83057 1
83641 1
83725 1
85885 1
86193 1
86213 1
88421 1
89273 1
90169 1
90765 1
90905 1
91325 1
92485 1
92885 1
93521 1
94129 1
95465 1
97853 1
98209 1
99025 1
100685 1
109789 1
126425 1
