N J h mean_R_sq err_mean_R_sq mean_R_gyr_sq err_mean_R_gyr_sq 
2916 1.437 0 2535.49 647.429 754.639 66.4538
13 2
25 1
29 1
37 1
45 1
53 1
65 1
109 1
117 2
169 1
173 2
181 2
185 3
193 1
197 1
205 1
221 2
225 1
229 1
233 1
241 2
245 1
265 2
305 1
317 1
325 3
353 1
369 2
377 1
389 2
401 1
409 2
445 1
461 1
485 3
493 2
505 1
521 1
533 2
545 1
549 1
557 2
565 1
569 1
577 1
585 2
593 1
613 1
617 1
629 1
657 1
677 4
685 3
697 3
725 1
733 1
745 2
761 3
765 1
773 1
785 2
821 1
829 1
857 3
873 1
901 1
905 2
925 2
929 1
937 1
941 1
949 1
965 1
981 2
985 3
997 3
1017 1
1021 1
1033 1
1069 1
1073 1
1093 2
1105 5
1109 1
1145 1
1157 1
1165 1
1213 1
1225 3
1249 2
1277 1
1297 2
1313 1
1325 2
1345 1
1381 1
1413 2
1433 1
1445 1
1465 1
1469 1
1513 1
1517 2
1525 4
1537 1
1573 1
1585 1
1597 1
1609 1
1621 1
1625 2
1629 2
1681 2
1697 1
1789 1
1801 1
1813 1
1845 1
1853 1
1865 2
1885 2
1889 1
1921 1
1945 1
1961 1
1989 1
2029 1
2041 2
2069 1
2125 3
2129 1
2153 1
2165 1
2169 1
2205 1
2225 1
2245 2
2281 1
2285 1
2329 1
2353 1
2377 1
2389 1
2405 2
2473 1
2477 2
2493 1
2525 2
2557 3
2561 2
2593 1
2601 2
2665 1
2693 1
2741 1
2785 1
2825 1
2845 1
2853 1
2925 1
2941 1
2989 1
3061 1
3065 1
3085 1
3125 3
3161 1
3249 1
3257 1
3281 1
3321 1
3349 1
3425 1
3433 1
3509 1
3517 1
3541 1
3545 1
3637 1
3645 1
3649 1
3653 1
3673 1
3721 1
3725 1
3769 1
3805 1
3825 1
3833 1
3853 1
3925 2
3965 1
3973 1
3985 1
4001 1
4205 2
4325 1
4373 1
4385 1
4441 1
4553 1
4645 1
4693 1
5045 2
5465 1
5477 1
5525 1
5585 1
5669 1
5765 1
5813 1
5929 1
5945 1
6309 1
6805 1
7373 1
8185 1
8957 1
9425 1
9673 1
12365 1
41185 1
126125 1
