N J h mean_R_sq err_mean_R_sq mean_R_gyr_sq err_mean_R_gyr_sq 
1225 1.355 0 4853.44 86.5721 828.858 9.08039
4 1
8 2
10 8
16 1
18 2
26 3
34 2
36 2
40 7
50 2
52 5
58 3
64 1
68 1
72 2
74 3
80 5
82 1
98 3
100 4
104 2
106 2
116 5
122 3
130 5
136 3
144 3
146 2
148 2
160 3
162 4
164 1
170 7
178 3
180 5
194 1
196 3
200 7
202 4
208 3
212 4
218 2
226 5
232 2
234 5
242 5
244 6
250 2
256 7
260 7
272 7
274 7
288 1
290 11
292 2
296 5
298 8
306 9
314 5
320 4
324 1
328 3
338 5
340 6
346 4
356 5
360 7
362 3
370 12
386 1
388 2
392 3
394 4
400 5
404 7
410 5
416 8
424 2
436 3
442 8
450 6
452 4
464 2
466 2
468 3
482 5
484 4
488 3
490 6
500 1
512 1
514 4
520 12
522 4
530 10
538 7
544 7
548 4
554 6
562 6
576 2
578 5
580 8
584 4
586 3
592 7
596 7
610 9
612 3
626 4
628 3
634 5
640 6
648 1
650 13
656 2
666 5
674 4
676 5
680 10
692 6
698 5
706 3
712 2
720 6
722 2
724 2
730 3
738 4
740 11
754 7
772 7
776 4
778 2
784 3
788 3
794 7
800 5
802 3
808 2
810 3
818 3
820 6
832 5
842 3
848 3
850 11
866 5
872 4
882 5
884 5
890 8
898 4
900 5
904 1
914 3
916 9
922 6
928 4
932 4
936 1
954 5
962 12
964 1
970 8
976 8
980 6
986 6
1000 6
1010 13
1018 9
1024 1
1028 6
1040 7
1042 5
1044 4
1058 2
1060 9
1066 8
1076 4
1082 5
1088 4
1090 7
1096 4
1098 3
1108 2
1114 3
1124 4
1130 11
1138 2
1152 3
1154 7
1156 1
1160 12
1168 2
1170 9
1172 4
1184 3
1186 4
1192 1
1202 7
1210 4
1220 4
1226 4
1234 7
1250 10
1252 3
1256 3
1258 4
1268 5
1274 3
1280 4
1282 2
1296 3
1300 12
1306 1
1312 8
1314 5
1322 6
1332 6
1346 4
1348 3
1352 1
1354 3
1360 10
1370 5
1378 9
1384 3
1394 5
1396 5
1402 2
1412 2
1418 3
1424 3
1440 2
1444 2
1448 4
1450 13
1458 1
1460 9
1466 4
1476 4
1480 4
1490 8
1492 5
1508 7
1514 1
1522 1
1530 8
1538 3
1544 1
1546 7
1552 3
1556 4
1570 6
1576 3
1586 6
1588 8
1594 3
1600 6
1602 7
1604 3
1616 1
1618 2
1620 4
1636 3
1640 2
1642 3
1658 6
1664 3
1666 3
1682 8
1684 3
1690 7
1696 5
1700 7
1706 2
1714 2
1730 9
1732 6
1744 2
1746 1
1754 5
1764 3
1768 7
1780 4
1796 3
1800 5
1802 6
1808 3
1810 7
1818 3
1828 3
1832 6
1844 6
1850 8
1856 3
1858 2
1864 6
1872 3
1882 3
1898 6
1906 7
1908 2
1922 1
1924 9
1928 3
1930 8
1936 5
1940 15
1952 4
1954 3
1960 7
1970 10
1972 3
1994 4
2000 12
2018 3
2020 8
2026 3
2034 1
2042 4
2048 1
2050 10
2056 5
2066 6
2074 3
2080 6
2084 8
2088 6
2098 2
2106 1
2116 1
2120 8
2122 3
2132 2
2138 1
2146 3
2152 3
2164 4
2178 1
2180 7
2186 1
2192 3
2194 2
2196 1
2210 14
2216 5
2218 4
2228 4
2234 2
2248 5
2250 3
2258 3
2260 7
2276 2
2290 8
2306 2
2308 1
2312 7
2314 8
2320 7
2330 6
2336 4
2340 9
2344 1
2362 1
2368 4
2372 4
2378 4
2384 1
2386 3
2402 3
2404 2
2410 7
2420 4
2426 2
2434 1
2440 8
2448 2
2450 5
2452 6
2458 3
2468 2
2474 2
2482 4
2498 3
2500 3
2504 2
2516 4
2522 4
2536 2
2548 3
2554 4
2560 3
2564 3
2570 4
2578 2
2592 1
2600 11
2602 2
2610 4
2612 3
2624 3
2626 7
2628 2
2642 1
2650 6
2664 4
2682 3
2690 12
2692 2
2696 3
2704 7
2708 4
2720 9
2722 3
2738 2
2740 8
2746 3
2754 3
2756 4
2762 3
2768 1
2770 4
2788 7
2792 3
2810 5
2818 5
2824 3
2826 7
2834 4
2836 6
2842 4
2848 6
2858 2
2866 2
2880 5
2888 1
2890 14
2896 5
2900 5
2906 2
2916 2
2920 5
2930 8
2932 2
2938 2
2952 2
2960 5
2962 4
2978 2
2980 6
2984 5
2986 7
3016 4
3026 7
3028 5
3034 3
3042 8
3044 3
3050 6
3060 3
3074 9
3076 3
3088 2
3092 7
3098 2
3106 2
3112 4
3114 2
3130 8
3136 1
3140 4
3146 3
3152 1
3170 6
3172 6
3176 3
3188 3
3194 4
3200 1
3202 4
3204 2
3218 4
3226 3
3232 2
3236 4
3240 1
3250 6
3258 3
3272 4
3274 2
3280 3
3284 2
3298 6
3314 4
3316 3
3328 1
3330 8
3332 3
3338 1
3362 5
3364 12
3368 5
3370 4
3380 8
3386 5
3392 5
3394 5
3400 14
3412 2
3428 5
3434 2
3442 1
3460 9
3464 1
3466 3
3474 1
3482 3
3490 4
3492 4
3506 3
3508 5
3528 1
3530 7
3536 3
3538 5
3546 4
3554 2
3560 11
3562 2
3578 2
3592 3
3600 3
3602 4
3604 6
3610 2
3616 1
3620 6
3626 2
3636 3
3650 8
3656 4
3664 2
3688 2
3690 7
3698 1
3700 12
3706 3
3712 1
3716 2
3722 3
3728 6
3730 4
3744 2
3746 6
3748 1
3754 1
3764 3
3770 6
3778 3
3796 4
3812 5
3816 2
3826 4
3842 5
3844 1
3848 5
3856 3
3860 8
3866 5
3874 8
3880 2
3890 4
3898 1
3904 2
3908 1
3920 1
3922 7
3924 8
3940 9
3944 3
3946 3
3970 8
3978 5
3986 3
3988 5
3994 3
4000 5
4010 5
4018 5
4034 3
4036 5
4040 4
4050 2
4052 4
4058 1
4068 3
4072 4
4082 4
4084 1
4090 6
4096 1
4100 5
4106 1
4112 2
4114 3
4122 4
4132 4
4138 2
4148 12
4160 3
4162 4
4168 2
4176 2
4178 3
4194 4
4210 4
4212 2
4226 3
4232 2
4234 8
4240 7
4244 3
4250 9
4258 3
4264 9
4274 1
4276 2
4282 1
4292 3
4304 1
4306 2
4322 4
4328 3
4338 3
4346 2
4356 1
4360 7
4372 2
4384 2
4388 4
4392 4
4394 7
4410 2
4418 1
4420 18
4426 2
4432 1
4436 1
4442 1
4450 11
4456 3
4468 1
4474 1
4490 9
4496 4
4498 3
4500 4
4514 6
4516 3
4520 3
4538 2
4546 3
4552 4
4562 2
4570 3
4580 6
4586 3
4594 2
4608 3
4610 4
4612 2
4616 5
4618 5
4624 8
4626 3
4628 5
4640 2
4658 7
4660 6
4672 1
4680 6
4682 2
4688 2
4698 2
4706 3
4724 1
4736 7
4744 3
4754 2
4756 9
4762 4
4768 4
4770 3
4772 4
4786 2
4802 1
4804 2
4808 3
4810 9
4820 3
4834 2
4842 2
4850 8
4852 2
4868 2
4874 2
4880 5
4882 1
4896 2
4900 3
4904 3
4916 1
4930 9
4932 3
4936 1
4946 1
4954 5
4964 6
4986 3
4996 1
5000 7
5002 4
5008 1
5018 2
5024 1
5032 1
5042 2
5044 4
5050 8
5058 1
5066 1
5072 3
5090 5
5096 2
5098 3
5108 3
5114 2
5120 2
5122 2
5128 4
5140 5
5156 1
5162 2
5184 1
5186 3
5188 3
5194 2
5200 9
5202 3
5204 2
5210 2
5218 5
5220 5
5224 2
5234 2
5248 2
5252 3
5256 1
5266 1
5284 1
5290 1
5300 8
5328 1
5330 4
5338 5
5354 2
5364 3
5378 3
5386 2
5392 1
5402 7
5408 4
5410 2
5416 3
5426 1
5440 6
5444 1
5450 6
5458 1
5476 2
5480 2
5482 2
5490 6
5492 2
5498 1
5506 2
5508 1
5512 5
5524 1
5536 1
5540 3
5554 1
5570 6
5576 5
5578 1
5594 3
5602 2
5608 2
5618 3
5620 3
5626 1
5634 1
5648 3
5650 4
5652 6
5666 2
5668 6
5672 2
5674 3
5684 2
5690 5
5696 4
5706 1
5714 1
5716 5
5732 1
5746 4
5760 1
5770 2
5776 2
5780 6
5794 4
5800 6
5818 1
5834 1
5840 2
5850 3
5858 4
5860 7
5864 1
5876 5
5882 4
5904 3
5906 4
5914 3
5920 2
5924 1
5930 5
5938 4
5954 3
5960 2
5968 3
5972 2
5986 1
5994 1
6002 2
6010 7
6032 4
6050 2
6052 6
6056 3
6058 2
6068 7
6074 2
6082 3
6084 3
6088 3
6098 2
6100 6
6120 2
6122 3
6130 2
6148 5
6152 2
6154 3
6176 1
6178 1
6196 1
6218 1
6224 1
6242 2
6250 4
6260 2
6272 1
6274 2
6280 3
6282 6
6290 7
6292 1
6304 2
6322 1
6338 1
6340 4
6344 4
6354 1
6362 2
6370 3
6376 2
6388 3
6400 1
6404 3
6408 2
6410 9
6416 3
6436 4
6442 2
6452 1
6458 2
6466 3
6472 1
6480 2
6484 1
6500 8
6506 1
6516 1
6530 4
6544 2
6548 3
6554 3
6560 4
6562 3
6568 2
6570 3
6586 4
6596 6
6602 4
6626 4
6628 2
6632 2
6642 1
6656 1
6658 1
6660 3
6664 2
6682 3
6698 4
6714 2
6722 2
6724 5
6730 1
6736 2
6740 2
6746 3
6760 2
6770 3
6772 2
6778 2
6784 4
6786 2
6800 5
6826 1
6850 3
6856 3
6866 3
6868 5
6884 2
6890 7
6898 2
6914 3
6920 1
6928 2
6932 1
6938 1
6948 2
6964 1
6970 7
6976 3
6980 2
6984 2
6994 2
7002 2
7010 3
7016 1
7018 1
7048 3
7058 2
7060 4
7066 1
7072 2
7076 1
7082 1
7090 2
7092 2
7108 1
7114 1
7120 1
7124 2
7146 1
7154 2
7162 1
7178 1
7186 1
7200 1
7202 1
7208 6
7218 2
7220 1
7226 4
7240 3
7250 4
7252 2
7272 2
7274 1
7290 3
7298 3
7300 4
7312 1
7330 2
7346 1
7354 4
7362 3
7376 1
7380 4
7400 2
7412 2
7418 2
7432 1
7442 1
7444 1
7450 2
7456 1
7460 2
7466 3
7474 1
7488 2
7496 1
7508 1
7514 1
7522 4
7528 3
7538 2
7540 2
7556 2
7570 3
7578 2
7586 1
7592 3
7594 2
7604 1
7610 1
7618 1
7624 3
7642 1
7650 3
7652 1
7666 3
7684 3
7690 4
7696 3
7712 2
7720 1
7730 3
7738 2
7744 1
7748 4
7754 2
7760 2
7762 1
7778 2
7780 1
7786 1
7794 3
7796 2
7808 2
7834 7
7840 2
7844 2
7848 1
7850 3
7858 2
7880 4
7888 2
7922 3
7930 6
7940 2
7946 3
7954 5
7956 1
7970 2
7976 1
7978 1
7988 1
8000 2
8010 2
8020 2
8036 1
8066 2
8068 4
8072 2
8080 2
8082 2
8090 3
8098 2
8100 3
8104 1
8114 2
8116 2
8138 1
8144 1
8164 1
8168 3
8180 3
8186 1
8192 1
8194 2
8200 2
8210 2
8212 2
8224 2
8226 1
8228 2
8242 5
8244 1
8276 1
8282 3
8290 2
8296 1
8320 1
8324 1
8330 3
8336 2
8356 1
8362 2
8388 4
8402 2
8410 2
8420 3
8434 5
8450 7
8452 1
8468 2
8480 2
8482 2
8488 4
8500 4
8516 1
8522 1
8528 2
8530 1
8546 2
8552 3
8564 1
8570 1
8578 2
8584 2
8594 2
8608 1
8612 1
8642 1
8644 2
8650 6
8656 1
8658 1
8674 2
8676 1
8692 4
8698 1
8714 1
8720 1
8730 5
8738 1
8746 1
8762 1
8768 1
8776 1
8784 1
8788 4
8818 1
8820 1
8840 4
8852 1
8900 2
8906 2
8912 2
8914 3
8936 1
8962 1
8980 3
8992 3
8996 3
9000 3
9010 3
9026 1
9028 4
9032 2
9034 1
9040 2
9050 1
9074 2
9076 1
9092 1
9098 1
9104 3
9124 1
9140 1
9146 3
9160 2
9162 1
9178 2
9188 2
9194 2
9216 1
9220 3
9232 1
9250 2
9256 3
9266 1
9280 1
9290 2
9314 2
9316 2
9320 2
9344 1
9370 2
9378 1
9410 4
9412 2
9418 2
9428 1
9434 3
9442 1
9472 1
9488 2
9490 5
9524 2
9554 1
9572 2
9594 2
9602 1
9608 1
9616 1
9620 3
9626 1
9634 1
9640 2
9650 1
9680 1
9684 1
9698 1
9700 2
9738 2
9748 2
9754 2
9760 2
9764 1
9770 2
9778 1
9792 2
9802 2
9810 1
9832 2
9850 1
9860 4
9864 1
9872 1
9882 1
9896 1
9898 1
9914 1
9928 1
9962 1
9970 2
9972 1
9992 2
10000 1
10004 3
10026 1
10034 1
10064 1
10082 1
10088 1
10090 3
10100 1
10116 1
10138 1
10144 1
10154 1
10180 2
10202 1
10210 3
10226 1
10240 1
10244 2
10250 6
10256 3
10280 1
10306 2
10312 1
10324 2
10330 1
10372 2
10400 3
10426 2
10466 1
10474 2
10484 1
10490 4
10498 2
10522 2
10530 1
10532 2
10546 1
10548 1
10576 2
10594 1
10610 4
10634 2
10642 1
10656 1
10658 1
10660 1
10666 3
10674 2
10676 2
10690 3
10730 3
10756 3
10762 1
10768 1
10784 1
10786 1
10804 2
10818 1
10820 1
10858 1
10874 1
10890 1
10900 3
10916 1
10930 1
10946 1
10960 1
10970 2
10980 1
10984 1
11012 1
11024 1
11026 1
11050 2
11074 2
11090 2
11108 1
11138 1
11146 2
11152 1
11156 1
11162 1
11170 1
11204 1
11240 2
11250 1
11258 1
11268 1
11272 1
11290 1
11296 1
11322 1
11386 1
11392 1
11412 3
11426 1
11432 2
11444 1
11458 2
11466 2
11492 1
11498 1
11520 2
11530 4
11538 1
11540 1
11554 2
11560 1
11570 3
11588 1
11618 1
11624 2
11636 1
11674 1
11680 2
11700 1
11716 1
11738 1
11752 2
11808 1
11810 1
11812 1
11826 1
11834 1
11840 1
11848 1
11890 1
11898 1
11908 2
11912 1
11920 1
11930 1
11936 1
11956 1
11978 1
12010 1
12050 1
12104 1
12112 1
12116 2
12130 2
12132 1
12136 1
12148 1
12164 1
12168 1
12176 1
12200 2
12266 1
12296 1
12304 1
12330 1
12346 1
12368 2
12402 3
12410 1
12416 1
12456 1
12490 1
12500 1
12506 2
12546 1
12560 3
12580 1
12610 2
12644 1
12674 2
12704 1
12708 1
12724 2
12740 1
12762 2
12808 1
12818 3
12832 1
12836 1
12868 1
12916 1
12932 1
12944 2
12946 1
12968 1
12994 2
13010 1
13012 1
13050 2
13060 2
13096 1
13120 1
13124 2
13130 1
13172 1
13192 1
13204 1
13234 1
13250 1
13282 2
13306 3
13312 1
13352 1
13410 4
13450 1
13472 1
13474 1
13480 1
13498 2
13514 2
13520 2
13546 1
13556 1
13568 1
13572 2
13586 1
13610 1
13626 1
13634 1
13648 2
13682 1
13690 1
13698 3
13700 3
13712 1
13730 1
13732 1
13770 1
13780 2
13786 1
13834 2
13840 1
13856 1
13858 1
13898 1
13940 3
13952 1
13968 1
13978 1
13994 1
14050 1
14068 1
14096 1
14114 1
14116 2
14144 1
14164 2
14170 3
14180 1
14210 3
14248 1
14282 1
14312 1
14314 1
14324 1
14346 1
14356 1
14386 1
14436 1
14450 1
14500 2
14544 1
14562 2
14578 1
14600 2
14624 1
14650 2
14690 2
14722 1
14724 1
14786 1
14836 1
14888 1
14890 1
14900 1
14906 1
14930 1
14948 1
14976 2
14992 1
15028 1
15080 1
15098 1
15112 1
15138 1
15146 1
15210 2
15220 1
15236 1
15242 1
15264 1
15284 1
15300 1
15304 1
15346 1
15368 2
15380 1
15426 1
15434 1
15464 2
15476 1
15482 1
15520 1
15560 1
15602 1
15658 1
15674 1
15700 1
15716 1
15794 1
15826 1
15844 1
15850 1
15908 1
15986 1
16004 1
16018 1
16020 1
16090 1
16132 1
16160 1
16178 1
16180 1
16218 1
16228 1
16250 2
16290 2
16362 1
16370 1
16420 1
16424 1
16484 1
16516 1
16564 1
16596 1
16642 1
16660 1
16704 1
16706 1
16820 1
16840 1
16850 2
16868 1
16916 1
16946 1
16960 1
16964 1
16976 1
16978 1
17012 1
17044 1
17056 1
17060 1
17170 1
17266 1
17320 2
17348 1
17370 1
17378 1
17444 1
17540 1
17602 1
17620 1
17636 1
17730 1
17764 1
17810 1
17984 1
18026 1
18058 1
18130 1
18250 1
18274 1
18344 1
18386 1
18442 1
18482 1
18532 1
18596 1
18628 1
18640 1
18850 1
18922 1
18932 1
18980 2
19018 1
19314 1
19400 1
19402 3
19408 1
19472 1
19652 1
19796 1
19856 1
19898 1
19906 1
19946 1
20050 1
20168 1
20200 1
20564 2
20570 1
20660 1
20740 1
20826 1
20842 1
21124 1
21320 1
21352 1
21460 1
21568 1
21706 1
21860 1
21960 1
22336 1
22500 1
22644 1
22868 1
22930 1
23200 1
23348 1
23668 1
23698 1
23840 1
24410 1
24692 1
24784 1
25012 1
25108 1
26308 1
28090 1
28178 1
28852 1
29362 1
29770 1
30260 1
