N J h mean_R_sq err_mean_R_sq mean_R_gyr_sq err_mean_R_gyr_sq 
900 1.325 0 4822.54 44.7279 763.905 4.21999
1 3
5 1
9 3
13 4
17 2
25 3
29 6
37 5
41 2
45 3
49 1
53 3
61 6
65 5
73 3
85 14
89 6
97 7
101 4
109 7
113 4
117 6
125 12
137 2
145 11
149 5
153 9
157 2
169 10
173 2
181 6
185 8
193 2
197 3
205 11
221 8
225 7
229 2
233 6
241 11
245 3
257 6
261 3
265 13
269 2
277 4
281 3
289 5
293 10
305 6
313 3
317 7
325 21
333 4
337 6
349 7
353 9
361 5
365 10
369 5
373 5
377 10
389 4
397 5
401 6
409 6
421 5
425 22
433 5
441 1
445 12
449 5
457 4
461 9
477 6
481 16
485 10
493 14
505 12
509 5
521 3
529 2
533 17
541 5
545 12
549 3
557 9
565 10
569 5
577 2
585 10
593 3
601 8
605 6
613 6
617 9
625 20
629 14
637 6
641 4
653 6
657 4
661 5
673 5
677 2
685 10
689 10
697 10
701 5
709 6
725 27
729 2
733 9
745 7
757 3
761 6
765 9
769 2
773 7
785 10
793 13
797 3
801 6
809 9
821 4
829 9
833 6
841 10
845 14
853 6
857 2
865 13
873 2
877 7
881 5
901 8
905 7
909 4
925 20
929 5
937 11
941 4
949 10
953 5
961 1
965 14
977 2
981 6
985 9
997 8
1009 8
1013 8
1017 10
1021 12
1025 14
1033 3
1037 9
1049 6
1053 2
1061 5
1069 1
1073 14
1089 5
1093 2
1097 9
1105 27
1109 6
1117 7
1125 7
1129 5
1145 11
1153 4
1157 20
1165 4
1181 7
1189 10
1193 2
1201 8
1205 8
1213 4
1217 7
1225 7
1229 3
1233 11
1237 3
1241 6
1249 1
1261 14
1277 9
1285 10
1289 6
1297 5
1301 3
1305 8
1313 19
1321 8
1325 24
1341 3
1345 10
1361 4
1369 5
1373 4
1377 4
1381 4
1385 12
1405 10
1409 4
1413 5
1417 12
1421 10
1429 11
1433 10
1445 15
1453 7
1465 13
1469 10
1481 1
1489 7
1493 7
1513 10
1517 8
1521 9
1525 15
1537 9
1549 4
1553 4
1557 3
1565 7
1573 4
1585 8
1597 10
1601 4
1609 6
1613 7
1621 4
1625 13
1629 4
1637 5
1649 9
1657 7
1665 15
1669 10
1681 8
1685 10
1693 6
1697 14
1709 7
1717 5
1721 3
1733 4
1737 3
1741 5
1745 14
1753 9
1765 8
1769 6
1773 6
1777 8
1781 14
1789 4
1801 4
1805 8
1813 5
1825 17
1845 9
1849 3
1853 10
1861 8
1865 11
1873 1
1877 5
1885 22
1889 3
1901 6
1913 4
1921 8
1933 1
1937 11
1945 8
1949 5
1961 8
1973 3
1985 9
1989 9
1993 6
1997 1
2005 7
2009 5
2017 3
2025 7
2029 8
2041 8
2045 9
2053 6
2057 8
2061 9
2069 8
2081 4
2089 1
2097 9
2105 14
2113 10
2117 6
2125 27
2129 2
2137 5
2141 4
2153 7
2161 6
2165 6
2169 7
2173 7
2197 13
2205 4
2209 4
2213 5
2221 5
2225 15
2237 7
2245 12
2249 16
2257 10
2269 5
2273 5
2281 5
2285 13
2293 12
2297 5
2305 10
2309 8
2313 3
2329 4
2333 5
2341 5
2349 5
2353 11
2357 11
2377 3
2381 2
2385 10
2389 3
2393 2
2401 1
2405 32
2417 6
2421 2
2425 16
2437 5
2441 6
2465 20
2473 6
2477 2
2493 9
2501 10
2509 7
2521 8
2525 19
2529 4
2533 9
2545 12
2549 5
2557 3
2561 13
2581 7
2593 3
2597 6
2601 4
2605 11
2609 4
2617 3
2621 4
2633 5
2637 6
2645 1
2657 6
2665 28
2669 8
2677 9
2689 4
2693 3
2701 17
2705 11
2713 2
2725 13
2729 5
2741 6
2745 4
2749 3
2753 5
2777 3
2785 8
2789 4
2797 4
2801 7
2809 5
2813 9
2817 6
2825 12
2833 2
2837 5
2845 18
2853 4
2857 7
2861 1
2873 15
2885 13
2897 4
2909 3
2917 2
2925 18
2929 10
2941 3
2953 7
2957 6
2965 10
2969 8
2977 7
2989 4
2993 13
2997 6
3001 4
3005 5
3025 7
3029 15
3033 1
3037 7
3041 8
3049 3
3061 3
3065 7
3077 8
3085 9
3089 9
3109 4
3121 10
3125 9
3133 12
3137 3
3141 2
3145 21
3161 12
3169 3
3177 6
3181 6
3185 8
3205 12
3209 3
3217 7
3221 4
3229 4
3233 7
3253 4
3257 5
3265 6
3277 8
3281 5
3285 12
3293 9
3301 5
3305 13
3313 4
3321 5
3329 5
3341 12
3349 7
3357 5
3361 7
3365 5
3373 1
3385 4
3389 5
3393 5
3413 5
3425 15
3433 3
3445 17
3449 2
3457 2
3461 2
3469 5
3481 2
3485 17
3497 4
3501 3
3505 8
3509 2
3517 4
3529 6
3533 2
3541 6
3545 6
3557 5
3573 3
3577 3
3581 4
3589 9
3593 2
3601 8
3609 4
3613 7
3617 6
3625 16
3637 7
3645 6
3649 10
3653 7
3665 7
3673 4
3677 8
3681 6
3697 2
3701 9
3709 6
3721 9
3725 15
3733 5
3737 9
3757 12
3761 3
3769 5
3785 8
3789 6
3793 1
3797 6
3805 9
3809 9
3821 6
3825 8
3833 2
3845 9
3853 1
3865 5
3869 8
3877 3
3881 4
3889 5
3893 9
3897 3
3917 9
3925 16
3929 3
3961 5
3965 16
3969 2
3973 10
3977 7
3985 9
3989 4
4001 1
4005 5
4013 7
4021 2
4033 6
4041 6
4045 8
4049 1
4057 6
4069 9
4073 7
4093 6
4097 11
4105 7
4121 10
4129 6
4133 8
4141 9
4145 5
4149 7
4153 5
4157 2
4165 15
4177 1
4181 6
4201 4
4205 18
4217 4
4225 22
4229 2
4241 4
4253 8
4261 3
4265 15
4273 3
4285 7
4289 9
4293 4
4297 3
4321 9
4325 15
4329 10
4337 5
4349 8
4357 1
4361 4
4365 8
4369 12
4373 5
4381 5
4385 4
4397 5
4405 6
4409 3
4421 6
4437 6
4441 3
4453 10
4457 5
4469 3
4477 3
4481 6
4489 1
4493 1
4505 19
4513 7
4517 3
4525 10
4537 5
4545 7
4549 5
4553 7
4561 1
4573 2
4581 6
4589 5
4597 5
4621 6
4625 11
4633 9
4637 4
4645 8
4649 4
4657 3
4673 7
4685 6
4689 5
4693 5
4705 7
4709 8
4717 7
4721 5
4729 3
4733 4
4745 12
4753 4
4761 2
4765 6
4777 5
4789 3
4793 1
4797 3
4801 5
4805 3
4813 5
4825 8
4849 7
4861 4
4869 1
4877 4
4885 6
4889 5
4901 18
4905 9
4909 7
4913 3
4925 14
4933 2
4937 3
4941 2
4949 4
4957 5
4961 2
4969 5
4973 7
4981 7
4985 12
4993 3
5009 9
5013 5
5017 6
5021 3
5041 2
5045 6
5057 4
5065 11
5069 12
5077 2
5081 6
5085 7
5101 3
5105 9
5121 3
5125 13
5141 5
5153 1
5161 12
5165 7
5185 21
5189 3
5193 2
5197 5
5209 5
5213 5
5233 4
5237 2
5245 14
5249 7
5261 3
5265 6
5273 2
5281 5
5297 5
5305 5
5309 3
5317 8
5321 7
5329 4
5333 1
5337 3
5341 5
5345 2
5353 6
5365 12
5381 4
5389 9
5393 6
5409 1
5413 3
5417 6
5429 6
5437 3
5441 4
5445 2
5449 7
5465 9
5473 4
5477 2
5485 8
5501 1
5513 8
5517 2
5521 1
5525 24
5545 5
5553 2
5557 9
5569 4
5573 3
5581 2
5585 8
5597 4
5617 12
5625 8
5629 4
5641 2
5645 7
5653 2
5657 5
5661 9
5669 1
5689 4
5693 6
5701 3
5713 7
5717 1
5725 8
5729 9
5733 3
5737 8
5741 5
5749 1
5765 9
5769 1
5777 7
5785 11
5801 5
5809 8
5813 3
5821 1
5825 5
5837 7
5849 1
5857 2
5869 3
5877 2
5881 2
5897 2
5905 7
5913 5
5917 8
5933 5
5941 4
5945 6
5949 1
5953 9
5965 4
5981 4
5989 5
5993 4
6001 5
6005 6
6025 11
6029 3
6037 3
6053 2
6057 1
6065 5
6073 6
6085 4
6089 7
6093 6
6101 2
6113 3
6121 4
6125 9
6133 6
6137 3
6145 7
6161 6
6165 4
6173 2
6185 5
6197 4
6201 5
6205 10
6217 2
6221 2
6229 2
6241 4
6245 10
6253 7
6257 3
6273 4
6301 2
6305 5
6309 5
6317 5
6329 3
6337 3
6341 12
6361 3
6373 3
6385 5
6389 7
6397 5
6401 5
6409 13
6413 2
6421 2
6425 7
6437 3
6445 5
6449 1
6469 5
6473 1
6497 5
6505 7
6521 1
6525 4
6529 2
6553 3
6565 13
6569 2
6577 2
6581 4
6597 4
6605 3
6613 8
6617 6
6625 10
6637 2
6641 8
6649 6
6653 1
6661 4
6673 4
6689 1
6697 4
6701 1
6705 2
6709 5
6713 2
6725 7
6733 2
6737 4
6749 5
6757 6
6761 7
6773 5
6781 5
6793 2
6805 5
6813 3
6817 5
6829 1
6833 1
6841 1
6845 9
6849 1
6857 1
6865 2
6869 2
6877 6
6885 4
6889 1
6893 4
6905 6
6921 2
6925 8
6929 10
6949 2
6953 3
6957 2
6961 3
6977 5
6989 5
6997 1
7001 2
7013 2
7025 6
7033 9
7045 7
7057 1
7065 4
7069 2
7081 8
7085 7
7093 12
7105 8
7109 1
7121 3
7129 3
7137 9
7141 7
7145 6
7157 6
7165 5
7173 1
7177 3
7193 2
7209 2
7213 1
7225 13
7229 1
7237 1
7241 1
7253 4
7261 2
7265 4
7281 3
7297 2
7301 3
7321 2
7325 6
7333 2
7345 10
7349 2
7361 1
7369 1
7373 6
7381 3
7389 3
7393 2
7397 2
7405 6
7417 1
7421 5
7433 3
7445 8
7453 4
7457 1
7461 2
7465 4
7481 2
7489 1
7497 1
7501 6
7517 3
7529 2
7537 1
7541 4
7549 1
7561 3
7565 12
7569 5
7573 2
7577 1
7585 9
7589 2
7605 8
7621 1
7625 4
7633 7
7649 4
7669 4
7673 1
7677 2
7681 2
7685 8
7693 2
7709 3
7713 2
7717 2
7741 1
7745 6
7753 2
7757 1
7765 4
7769 2
7785 9
7789 2
7801 3
7813 5
7817 3
7825 9
7829 2
7837 2
7841 5
7853 1
7857 1
7865 5
7873 3
7877 1
7893 2
7897 2
7901 1
7913 4
7921 1
7925 5
7929 3
7933 2
7937 4
7949 1
7957 1
7969 4
7985 7
7993 2
8005 1
8009 4
8017 2
8021 5
8033 7
8045 4
8053 1
8065 3
8077 5
8081 1
8089 2
8093 4
8101 1
8105 4
8109 1
8117 3
8125 9
8145 7
8161 1
8177 4
8181 3
8185 2
8209 2
8233 3
8237 2
8245 7
8249 3
8273 2
8281 1
8285 3
8293 3
8297 2
8317 3
8321 4
8325 7
8345 2
8353 1
8357 2
8361 1
8369 1
8377 1
8381 10
8405 2
8425 5
8429 1
8433 1
8461 1
8465 3
8469 1
8473 2
8485 2
8489 6
8497 5
8501 2
8513 1
8537 1
8541 3
8545 2
8573 2
8577 3
8581 2
8585 3
8593 5
8597 3
8605 6
8609 4
8621 2
8629 2
8633 2
8641 2
8649 2
8653 3
8665 2
8669 1
8677 2
8681 1
8685 5
8689 1
8693 1
8705 3
8713 2
8725 3
8737 1
8741 4
8749 4
8753 2
8761 3
8765 4
8793 1
8801 2
8821 1
8825 7
8833 4
8837 3
8845 4
8849 3
8857 1
8865 3
8869 4
8885 2
8893 2
8905 8
8917 2
8929 4
8941 1
8945 5
8957 4
8969 2
8973 1
8989 4
8993 1
9005 2
9013 1
9025 1
9041 3
9049 1
9061 4
9065 4
9077 3
9081 3
9089 4
9109 2
9113 2
9117 2
9125 6
9133 1
9137 2
9153 5
9161 1
9169 4
9173 2
9181 1
9193 4
9197 4
9209 3
9217 3
9221 3
9225 3
9241 2
9245 2
9257 1
9265 6
9277 1
9281 1
9293 1
9305 5
9325 4
9333 3
9337 1
9341 1
9349 1
9365 2
9377 2
9385 3
9397 1
9409 3
9413 1
9421 2
9425 13
9433 4
9437 2
9441 1
9445 4
9457 2
9461 3
9469 3
9477 1
9497 2
9505 3
9509 1
9529 1
9533 1
9549 1
9553 2
9565 1
9577 2
9593 1
9601 2
9605 7
9613 2
9657 2
9661 2
9665 3
9673 2
9677 1
9685 2
9697 1
9701 3
9721 2
9725 6
9745 1
9749 1
9769 1
9773 2
9781 2
9797 2
9801 3
9805 6
9809 3
9833 3
9841 2
9865 4
9881 1
9893 5
9901 1
9925 2
9941 1
9945 5
9949 2
9965 1
9973 3
9981 3
9985 2
9997 3
10001 3
10009 1
10025 3
10037 1
10045 3
10049 2
10053 1
10057 2
10061 1
10069 2
10081 1
10085 5
10093 1
10121 2
10125 4
10133 2
10141 2
10145 4
10161 1
10169 1
10177 2
10193 1
10201 2
10205 4
10217 1
10225 1
10229 1
10237 1
10249 5
10253 1
10273 1
10285 1
10301 2
10305 5
10309 6
10313 1
10321 1
10333 1
10345 3
10357 2
10361 1
10377 4
10397 3
10413 2
10421 3
10429 1
10433 1
10441 3
10445 2
10457 1
10469 1
10477 3
10485 3
10489 2
10501 2
10513 2
10525 2
10529 1
10537 3
10553 1
10565 2
10573 5
10585 6
10589 1
10601 1
10613 1
10625 2
10629 3
10645 2
10657 2
10685 4
10693 3
10709 1
10729 1
10733 1
10753 1
10765 2
10781 1
10805 1
10809 1
10817 2
10829 4
10841 2
10853 2
10861 2
10865 7
10877 3
10897 2
10909 1
10917 1
10933 2
10937 1
10949 1
10953 1
10961 5
10973 1
10985 7
10993 1
11009 1
11029 3
11041 2
11057 2
11061 1
11065 1
11069 3
11089 2
11093 2
11101 4
11105 2
11125 5
11133 1
11141 2
11149 1
11161 1
11169 1
11173 1
11177 1
11185 1
11197 1
11213 1
11221 2
11225 4
11237 2
11241 1
11245 2
11257 1
11261 1
11281 2
11285 3
11317 1
11345 1
11349 4
11353 1
11365 1
11393 1
11401 5
11405 2
11413 2
11417 1
11425 1
11437 1
11441 3
11449 1
11453 1
11461 1
11465 3
11485 1
11489 1
11493 1
11509 1
11513 2
11521 1
11525 1
11545 1
11549 1
11617 2
11645 2
11657 1
11665 1
11677 2
11681 2
11705 2
11709 1
11713 6
11717 1
11729 1
11737 2
11745 2
11765 3
11773 1
11777 1
11785 2
11801 1
11817 2
11821 1
11849 1
11881 2
11885 2
11905 2
11917 4
11925 1
11933 1
11945 2
11953 1
11965 2
11981 1
12005 1
12017 2
12025 8
12053 4
12077 1
12101 1
12105 1
12125 3
12137 3
12161 1
12181 3
12185 3
12205 1
12209 2
12221 1
12241 1
12249 1
12321 2
12325 5
12337 2
12349 2
12365 2
12377 1
12385 2
12393 1
12409 1
12413 1
12433 1
12437 1
12457 1
12461 3
12469 1
12493 1
12497 1
12505 2
12517 1
12541 2
12545 3
12557 2
12569 1
12589 1
12593 2
12625 2
12637 1
12653 1
12665 2
12701 1
12717 1
12721 1
12745 2
12757 2
12785 3
12805 1
12833 1
12841 1
12853 2
12893 1
12897 1
12905 3
12913 1
12917 2
12937 2
12953 3
12961 1
12985 1
13005 1
13009 1
13025 1
13037 1
13045 1
13061 1
13077 1
13085 2
13093 1
13105 1
13121 1
13169 2
13185 1
13189 2
13213 2
13221 1
13253 1
13285 1
13309 1
13325 1
13345 2
13357 1
13369 1
13385 2
13401 2
13417 1
13441 1
13465 1
13481 1
13505 4
13525 2
13549 2
13553 1
13565 1
13577 1
13613 2
13621 3
13633 1
13637 1
13673 1
13681 1
13693 3
13705 2
13709 1
13725 1
13745 1
13753 1
13769 2
13801 1
13817 3
13897 1
13901 2
13949 1
13957 2
13985 1
14005 2
14033 1
14045 1
14057 2
14065 1
14089 2
14125 4
14153 1
14161 1
14165 2
14177 1
14185 1
14213 1
14221 1
14257 2
14285 1
14321 1
14369 1
14409 1
14425 2
14449 1
14453 1
14461 1
14481 1
14485 1
14501 1
14517 2
14521 1
14533 1
14537 1
14545 2
14557 1
14593 1
14625 1
14633 2
14653 1
14681 2
14689 2
14705 1
14753 1
14761 1
14785 1
14797 2
14813 1
14825 1
14837 1
14869 1
14897 2
14929 1
14945 1
14989 1
15017 2
15025 1
15053 1
15073 2
15101 1
15109 1
15133 1
15137 1
15145 1
15165 2
15185 2
15205 1
15217 1
15233 1
15325 1
15377 1
15385 2
15413 2
15445 1
15457 1
15481 1
15497 1
15509 2
15577 1
15601 1
15625 2
15633 1
15641 2
15649 1
15665 1
15705 1
15725 1
15733 1
15737 1
15761 1
15769 1
15777 1
15793 1
15805 1
15809 1
15817 1
15877 1
15881 1
15921 1
15949 2
16021 1
16045 1
16081 1
16085 1
16109 1
16133 1
16141 1
16145 1
16165 1
16237 3
16241 1
16265 1
16273 2
16325 1
16381 1
16385 2
16393 2
16421 1
16425 1
16433 1
16465 1
16505 1
16513 1
16553 1
16561 1
16589 1
16601 1
16609 3
16613 1
16673 1
16677 1
16733 1
16745 1
16749 1
16757 1
16825 1
16865 1
16901 2
16921 2
16945 1
16949 1
17001 1
17009 1
17033 1
17041 1
17113 1
17125 2
17153 1
17165 1
17177 1
17189 1
17197 2
17345 1
17425 1
17473 1
17525 1
17585 1
17629 1
17649 1
17669 1
17833 1
17921 1
17981 1
18037 1
18049 1
18121 1
18133 1
18181 1
18289 1
18385 1
18513 1
18605 1
18629 1
18665 1
18685 2
18757 1
18785 2
18833 1
18845 1
18853 1
18913 1
19125 1
19321 1
19465 1
19625 1
19649 1
19721 1
19885 1
19897 1
20017 1
20149 1
20249 1
20341 1
20353 1
20477 1
20673 1
20785 1
20893 1
20933 1
21017 1
21037 1
21041 1
21125 1
21289 1
21365 1
21389 1
21517 1
21961 1
22321 1
22369 1
22373 1
22581 1
23341 1
23645 1
23701 1
23945 1
24601 1
25381 1
26365 1
28033 1
34589 1
