N J h mean_R_sq err_mean_R_sq mean_R_gyr_sq err_mean_R_gyr_sq 
4900 1.36 0 28052.5 5362.31 4690.02 776.791
1 1
17 1
25 1
29 2
37 1
41 1
45 1
53 2
61 1
65 4
73 1
85 3
89 2
97 1
101 1
109 2
113 1
117 1
125 3
145 1
157 1
169 1
173 1
181 1
185 3
197 2
205 3
221 3
225 1
229 1
233 2
241 1
245 3
261 2
269 1
277 2
281 2
289 1
305 2
313 1
317 2
325 7
333 1
349 3
365 5
369 2
373 1
377 5
389 2
405 1
409 2
421 2
425 1
433 1
445 2
449 1
461 2
481 3
485 2
493 4
505 2
509 1
521 2
529 1
533 1
545 3
549 3
565 5
569 1
577 2
585 3
601 2
605 2
617 1
625 1
629 7
637 1
641 1
653 3
657 2
661 3
677 1
685 2
689 4
697 2
701 1
709 3
725 2
733 1
745 4
757 1
761 1
773 1
785 1
793 1
797 1
801 2
809 1
821 2
833 1
841 2
845 3
853 2
865 2
873 2
877 5
881 1
901 3
905 3
925 6
929 2
937 2
941 4
949 1
965 2
981 3
985 1
997 2
1009 3
1013 3
1017 1
1021 1
1025 6
1033 3
1037 2
1053 1
1061 1
1069 2
1073 4
1089 1
1093 1
1097 1
1105 6
1125 2
1129 1
1145 1
1153 2
1157 2
1165 3
1189 7
1193 2
1201 1
1205 5
1217 3
1229 1
1233 1
1237 1
1241 4
1249 1
1261 2
1277 3
1285 2
1297 1
1301 2
1305 5
1321 2
1325 9
1341 1
1345 5
1373 1
1381 1
1385 3
1405 4
1409 3
1413 2
1417 2
1421 1
1429 1
1433 1
1445 2
1453 1
1465 5
1469 4
1481 1
1493 3
1513 3
1517 4
1521 2
1525 3
1537 6
1553 1
1557 4
1565 2
1573 2
1585 5
1597 3
1601 1
1609 3
1613 2
1621 1
1625 5
1637 1
1649 2
1657 1
1665 3
1669 1
1681 4
1685 1
1697 2
1709 2
1717 3
1737 1
1741 2
1745 3
1753 3
1765 2
1769 1
1773 2
1777 3
1789 2
1805 1
1813 1
1825 4
1845 3
1849 1
1853 2
1861 2
1865 4
1873 1
1877 3
1885 2
1889 2
1913 1
1921 3
1937 1
1945 9
1949 4
1961 2
1973 4
1985 5
1989 3
1993 1
1997 2
2005 6
2025 2
2029 3
2041 3
2045 5
2053 4
2057 5
2061 2
2069 1
2081 1
2089 2
2097 4
2105 3
2113 2
2117 6
2125 7
2129 4
2153 1
2161 2
2165 1
2169 2
2173 2
2197 5
2209 1
2213 2
2221 1
2225 3
2245 3
2257 3
2269 3
2281 2
2285 3
2293 1
2305 5
2309 2
2313 1
2329 1
2333 3
2341 1
2349 1
2353 4
2377 1
2381 2
2385 3
2393 1
2405 5
2417 2
2421 1
2425 2
2441 1
2465 4
2473 2
2477 2
2493 1
2501 2
2509 1
2521 1
2525 7
2529 1
2533 4
2561 4
2581 2
2593 2
2597 2
2601 4
2605 5
2609 1
2621 2
2637 1
2645 2
2657 2
2665 4
2669 2
2677 2
2693 2
2701 4
2705 3
2713 1
2725 4
2729 3
2741 2
2745 2
2753 1
2777 1
2785 3
2789 1
2797 1
2801 1
2809 4
2813 3
2817 2
2825 5
2833 1
2837 3
2845 4
2853 1
2857 1
2861 1
2873 4
2885 6
2897 3
2909 1
2917 4
2925 9
2929 5
2941 4
2953 1
2957 2
2965 3
2969 1
2977 1
2989 1
2993 1
2997 1
3001 2
3005 1
3029 4
3037 3
3041 2
3049 2
3061 1
3065 2
3077 2
3085 1
3089 1
3109 1
3121 1
3125 5
3133 2
3137 2
3141 4
3145 3
3161 3
3177 1
3181 1
3185 2
3205 1
3209 4
3229 1
3233 2
3253 2
3257 2
3265 1
3277 5
3281 6
3285 5
3293 4
3301 1
3305 4
3313 1
3321 1
3329 2
3341 2
3357 2
3361 1
3365 3
3373 1
3385 4
3389 1
3393 7
3425 6
3433 3
3445 2
3449 1
3469 1
3485 9
3497 2
3501 1
3505 1
3509 1
3517 1
3529 2
3533 6
3541 1
3545 3
3557 1
3573 2
3581 1
3589 3
3601 1
3609 3
3613 1
3617 3
3625 3
3649 2
3653 4
3665 1
3677 1
3721 6
3725 5
3733 2
3737 5
3757 8
3785 2
3789 5
3793 1
3797 1
3805 2
3809 2
3821 1
3833 2
3845 2
3865 5
3869 2
3877 1
3881 1
3889 1
3893 4
3897 2
3917 2
3925 3
3929 2
3961 1
3965 2
3969 1
3973 2
3977 3
3989 1
4001 2
4005 2
4021 1
4033 4
4045 2
4049 4
4057 2
4069 5
4073 1
4097 2
4113 3
4121 7
4129 1
4133 2
4141 1
4145 1
4149 2
4157 3
4165 6
4177 1
4181 1
4201 2
4205 7
4217 2
4225 6
4229 5
4241 2
4253 1
4273 1
4285 1
4289 1
4293 4
4297 1
4321 4
4325 4
4329 1
4337 1
4349 1
4357 2
4361 2
4365 1
4369 1
4373 1
4381 6
4385 2
4397 3
4405 4
4437 2
4441 2
4453 5
4457 1
4469 4
4481 2
4489 3
4505 4
4517 4
4525 5
4537 3
4545 1
4549 1
4553 2
4561 2
4573 5
4589 3
4621 1
4625 8
4633 1
4645 3
4649 1
4657 1
4673 2
4685 3
4689 2
4693 1
4705 3
4709 2
4717 3
4721 1
4733 4
4745 6
4753 1
4765 2
4777 2
4793 1
4797 5
4801 2
4813 1
4817 3
4825 3
4849 4
4861 2
4869 3
4877 1
4885 2
4889 2
4901 4
4905 5
4909 2
4913 2
4925 5
4933 1
4937 1
4941 2
4949 2
4957 2
4961 3
4969 1
4973 3
4981 2
4985 1
5009 1
5017 4
5041 1
5045 2
5057 2
5065 4
5069 4
5081 1
5085 3
5101 1
5105 1
5113 1
5125 6
5141 1
5153 2
5161 3
5165 2
5185 2
5213 2
5237 2
5245 5
5249 2
5261 1
5265 2
5273 1
5281 2
5297 2
5305 4
5309 2
5317 1
5329 2
5333 1
5337 2
5341 2
5345 2
5353 3
5365 1
5381 3
5389 1
5409 2
5417 4
5429 2
5437 3
5441 2
5445 1
5449 2
5465 3
5473 1
5477 1
5485 2
5513 4
5517 1
5521 3
5525 10
5557 3
5581 1
5585 1
5597 2
5617 2
5625 1
5629 4
5641 1
5645 1
5657 2
5661 2
5669 1
5689 1
5693 2
5701 2
5713 4
5725 4
5729 2
5733 3
5737 2
5741 1
5765 4
5777 3
5785 6
5801 2
5809 3
5813 2
5821 1
5825 4
5837 5
5857 2
5861 3
5877 2
5881 1
5905 4
5913 2
5917 3
5929 1
5933 5
5941 1
5945 3
5949 3
5953 1
5965 1
5981 1
6001 5
6025 4
6053 6
6057 2
6065 2
6073 1
6085 3
6089 3
6101 2
6109 3
6113 3
6121 1
6125 3
6133 2
6137 1
6145 2
6161 2
6165 3
6173 2
6185 2
6201 2
6205 5
6217 1
6229 1
6241 2
6245 1
6253 4
6257 1
6269 2
6273 3
6277 1
6301 1
6305 6
6309 4
6329 3
6337 2
6341 3
6353 2
6361 3
6381 1
6385 3
6389 1
6401 4
6409 7
6413 1
6421 1
6425 8
6437 2
6445 2
6449 1
6473 3
6481 2
6485 3
6497 1
6505 5
6525 1
6529 1
6553 3
6561 1
6565 4
6569 1
6577 2
6581 2
6597 1
6605 2
6613 4
6617 1
6625 6
6637 1
6641 4
6649 3
6661 1
6673 2
6689 2
6697 1
6705 1
6725 8
6733 1
6737 1
6749 1
6757 4
6761 1
6773 1
6781 2
6793 2
6813 2
6817 2
6829 3
6833 2
6841 2
6845 3
6857 2
6865 2
6869 2
6877 2
6885 3
6893 1
6905 1
6921 3
6925 4
6929 6
6949 2
6953 1
6957 3
6961 1
6977 1
6989 4
6997 2
7001 2
7013 1
7025 4
7033 3
7045 1
7065 2
7069 2
7085 3
7093 7
7109 2
7121 1
7129 2
7137 1
7141 5
7145 3
7157 4
7165 2
7173 2
7177 1
7193 1
7213 2
7225 4
7237 2
7241 3
7253 5
7261 4
7265 2
7281 2
7289 2
7301 3
7309 2
7325 3
7333 2
7345 5
7349 3
7361 3
7369 2
7373 2
7381 1
7393 2
7397 3
7405 1
7417 2
7421 3
7445 4
7453 4
7457 3
7461 1
7465 1
7477 2
7489 1
7497 1
7501 2
7517 1
7541 1
7561 1
7565 5
7569 1
7573 2
7577 1
7585 7
7589 2
7605 3
7625 4
7633 1
7669 2
7677 1
7681 1
7685 3
7693 4
7713 2
7717 1
7741 3
7745 3
7753 2
7757 1
7765 3
7769 1
7785 3
7789 2
7801 3
7813 2
7825 3
7829 1
7837 2
7841 2
7857 1
7865 3
7877 1
7893 1
7897 3
7901 2
7913 3
7921 1
7925 5
7929 1
7933 1
7969 3
7985 2
7993 1
8005 2
8017 1
8021 2
8033 5
8045 6
8053 1
8065 5
8069 4
8077 2
8081 1
8089 1
8093 2
8101 5
8105 2
8109 2
8125 7
8145 4
8177 3
8185 4
8209 1
8237 1
8245 5
8249 2
8273 2
8281 1
8285 1
8293 1
8297 4
8317 3
8321 2
8325 4
8329 2
8333 3
8345 2
8353 2
8361 3
8369 2
8377 1
8381 2
8405 5
8425 4
8429 1
8433 1
8461 2
8465 2
8473 3
8485 3
8489 3
8497 4
8501 3
8541 4
8545 4
8573 1
8577 2
8581 2
8585 3
8593 1
8597 1
8605 2
8609 2
8621 6
8629 2
8633 2
8653 1
8665 2
8669 1
8681 2
8685 3
8689 1
8705 6
8725 6
8737 1
8741 1
8749 3
8761 1
8765 3
8793 2
8801 2
8825 3
8837 2
8845 4
8849 2
8857 1
8865 1
8885 3
8893 1
8905 7
8917 1
8929 1
8933 1
8941 1
8945 3
8957 7
8969 2
8989 3
9001 3
9005 3
9013 3
9025 2
9029 1
9041 2
9049 1
9061 3
9065 2
9077 6
9081 2
9089 1
9113 2
9117 1
9125 5
9153 1
9161 2
9169 3
9173 3
9193 3
9197 3
9217 3
9221 1
9225 1
9241 1
9245 2
9265 2
9277 2
9293 1
9297 4
9305 6
9325 3
9333 1
9337 1
9365 2
9385 1
9389 1
9409 3
9425 15
9433 1
9437 1
9441 2
9445 3
9461 2
9469 2
9473 2
9497 1
9505 1
9509 3
9521 1
9529 1
9533 3
9549 2
9553 1
9565 2
9593 3
9601 2
9605 15
9613 1
9621 1
9629 2
9649 1
9653 1
9657 1
9661 1
9665 3
9673 1
9685 5
9689 3
9697 4
9701 3
9721 2
9725 3
9733 1
9745 1
9749 2
9773 1
9781 2
9805 3
9809 2
9817 1
9829 3
9833 2
9837 1
9857 2
9865 2
9873 3
9881 4
9893 2
9901 1
9925 4
9945 6
9949 1
9965 3
9973 1
9981 1
9985 1
9997 2
10001 5
10009 1
10025 7
10037 1
10045 3
10053 1
10057 3
10081 2
10085 1
10093 1
10121 3
10125 5
10145 4
10161 1
10169 1
10177 1
10181 2
10193 2
10201 1
10205 3
10217 2
10225 3
10229 2
10237 1
10249 4
10253 1
10265 2
10285 1
10289 1
10305 2
10309 1
10313 2
10321 1
10333 1
10337 3
10345 4
10361 8
10369 3
10397 3
10405 2
10413 2
10421 1
10429 1
10433 1
10441 2
10445 2
10453 1
10457 1
10485 4
10489 4
10513 1
10517 3
10525 5
10529 2
10537 1
10553 2
10565 3
10573 4
10585 5
10597 1
10601 1
10609 1
10613 1
10625 8
10629 2
10645 1
10657 2
10673 4
10685 3
10693 4
10705 2
10709 1
10737 2
10765 5
10769 1
10777 2
10781 2
10789 2
10805 1
10809 2
10817 2
10825 5
10829 2
10837 5
10841 2
10845 1
10861 1
10865 4
10877 3
10889 1
10897 2
10909 1
10917 1
10933 1
10937 1
10949 2
10953 1
10957 1
10961 1
10973 1
10985 6
10993 2
11009 4
11025 2
11029 3
11041 4
11057 3
11061 3
11065 2
11069 1
11089 6
11093 2
11097 1
11101 1
11105 2
11113 2
11125 7
11133 3
11141 2
11161 2
11169 3
11173 1
11177 1
11185 2
11197 2
11221 3
11225 2
11237 5
11241 2
11245 1
11257 1
11273 1
11281 3
11285 3
11317 2
11329 2
11345 1
11349 1
11353 1
11357 2
11365 3
11369 1
11393 1
11401 2
11405 1
11413 2
11417 1
11425 3
11441 1
11449 5
11453 5
11461 2
11465 2
11485 1
11509 4
11513 2
11521 3
11525 6
11545 4
11549 1
11565 1
11581 2
11593 2
11601 1
11617 1
11621 1
11629 2
11633 1
11645 5
11657 1
11665 4
11673 1
11677 1
11681 4
11701 1
11705 4
11713 5
11729 1
11765 6
11773 3
11777 1
11785 1
11789 3
11801 3
11809 1
11813 1
11821 2
11849 3
11881 2
11885 1
11889 1
11897 1
11905 1
11917 3
11925 1
11941 2
11945 2
11969 1
12005 2
12013 3
12017 5
12025 7
12037 1
12041 2
12049 2
12053 2
12069 4
12073 1
12077 1
12085 2
12097 1
12101 1
12105 3
12113 2
12125 9
12137 2
12157 2
12161 4
12181 2
12185 1
12193 1
12197 1
12209 3
12233 5
12249 1
12253 1
12269 3
12277 1
12281 1
12289 2
12317 4
12321 1
12325 4
12329 2
12337 1
12349 2
12357 1
12365 2
12373 1
12385 1
12389 2
12409 1
12421 3
12433 3
12457 1
12461 1
12469 3
12493 1
12497 1
12505 4
12517 1
12541 2
12545 2
12553 1
12557 2
12569 3
12577 1
12589 2
12593 3
12601 2
12605 2
12613 1
12625 7
12629 1
12637 1
12645 3
12653 1
12665 3
12689 1
12697 1
12713 1
12717 2
12725 4
12753 2
12757 2
12769 2
12773 1
12785 3
12789 1
12805 2
12809 2
12829 2
12833 2
12841 1
12853 2
12869 3
12889 1
12893 1
12905 7
12913 2
12917 2
12941 3
12953 1
12961 3
12965 2
12973 3
12985 2
13001 2
13005 1
13021 2
13025 9
13033 1
13045 3
13061 2
13073 3
13085 2
13105 2
13117 2
13121 1
13165 2
13169 3
13185 2
13189 1
13213 3
13221 4
13225 3
13241 1
13249 1
13253 1
13261 4
13273 4
13285 3
13289 2
13297 1
13313 1
13325 12
13345 2
13357 2
13369 2
13381 1
13385 2
13397 2
13421 1
13429 2
13437 2
13445 1
13457 1
13465 2
13469 2
13477 1
13481 5
13505 1
13513 2
13525 4
13549 4
13553 1
13577 1
13621 2
13625 2
13633 2
13637 2
13645 2
13649 1
13653 1
13673 2
13681 2
13689 1
13697 2
13705 2
13725 2
13729 1
13745 2
13753 4
13765 2
13769 2
13781 1
13789 2
13801 2
13817 2
13829 1
13833 3
13837 2
13873 2
13897 1
13925 5
13933 4
13945 3
13949 6
13957 2
13969 1
13973 4
13977 1
13985 3
14009 3
14013 1
14033 2
14045 5
14065 3
14081 1
14085 1
14089 4
14093 1
14125 7
14153 2
14165 5
14173 1
14177 1
14185 4
14213 2
14221 1
14225 5
14249 1
14257 1
14261 1
14265 3
14281 1
14285 2
14293 1
14297 2
14305 1
14309 3
14321 1
14341 1
14365 6
14373 2
14381 3
14409 1
14417 2
14425 2
14437 1
14449 1
14453 1
14461 1
14473 2
14481 2
14485 2
14489 3
14501 3
14517 1
14521 4
14545 3
14549 1
14561 1
14569 1
14585 4
14589 1
14621 1
14625 6
14629 1
14633 3
14641 1
14645 1
14653 2
14657 1
14661 3
14669 2
14677 3
14681 2
14701 3
14705 4
14717 2
14737 1
14741 1
14753 1
14765 4
14785 5
14813 2
14821 1
14837 3
14845 1
14885 8
14893 3
14897 1
14909 5
14929 2
14933 7
14965 5
14985 2
14989 3
15017 1
15021 3
15025 6
15041 7
15049 2
15053 1
15073 1
15077 1
15101 2
15109 2
15121 2
15125 1
15133 2
15137 3
15145 2
15149 1
15161 1
15165 2
15173 1
15185 4
15205 2
15217 1
15229 1
15233 1
15241 2
15245 1
15269 1
15273 3
15289 2
15293 1
15313 1
15317 5
15325 4
15337 2
15349 1
15353 2
15377 1
15385 4
15397 2
15413 1
15425 3
15453 1
15457 3
15461 1
15473 1
15481 1
15489 1
15493 1
15497 2
15509 4
15545 6
15577 1
15601 2
15613 3
15625 2
15629 1
15633 1
15665 3
15669 2
15677 3
15685 2
15689 2
15705 2
15725 9
15733 1
15737 1
15749 2
15769 3
15793 3
15797 1
15805 5
15809 1
15817 1
15821 2
15845 3
15857 1
15877 2
15881 2
15885 2
15905 3
15921 2
15925 2
15929 1
15949 3
15973 1
15997 2
16025 3
16029 2
16045 2
16057 4
16069 3
16081 1
16085 2
16097 1
16105 2
16129 1
16133 6
16141 2
16145 2
16153 1
16165 5
16189 1
16209 1
16217 2
16229 2
16237 2
16241 1
16245 1
16249 1
16265 2
16273 4
16277 2
16285 2
16301 3
16317 1
16325 1
16333 4
16361 3
16381 2
16385 2
16393 2
16405 4
16409 2
16425 5
16433 2
16441 1
16453 1
16465 4
16477 2
16505 4
16525 4
16529 2
16561 2
16565 3
16573 1
16577 1
16589 4
16601 1
16605 1
16609 1
16613 2
16633 1
16641 1
16645 1
16657 1
16661 1
16705 3
16717 2
16729 1
16733 1
16741 2
16745 2
16749 1
16757 2
16769 3
16781 1
16785 4
16801 1
16805 3
16825 1
16837 3
16857 2
16861 4
16889 1
16893 1
16897 1
16901 1
16909 3
16913 4
16921 1
16925 2
16949 1
16965 2
17009 1
17029 1
17033 1
17041 1
17065 3
17069 1
17077 2
17093 2
17101 2
17109 2
17113 2
17125 5
17137 1
17141 2
17153 1
17165 1
17173 1
17177 2
17197 1
17209 1
17221 2
17225 2
17245 1
17257 1
17261 4
17285 4
17297 1
17317 2
17341 1
17357 1
17377 4
17389 1
17401 2
17405 2
17417 3
17425 6
17429 1
17433 2
17473 5
17477 1
17485 4
17497 2
17505 2
17509 1
17525 3
17533 2
17545 2
17557 2
17561 3
17569 1
17573 2
17581 1
17585 2
17593 1
17597 2
17609 3
17629 3
17649 2
17657 3
17665 2
17669 1
17681 1
17689 2
17693 2
17713 1
17725 1
17729 3
17741 2
17749 1
17753 3
17757 1
17785 1
17789 1
17797 2
17833 1
17837 1
17849 2
17861 2
17873 1
17885 1
17893 1
17905 1
17909 1
17921 1
17929 1
17937 2
17945 2
17977 1
17981 1
18005 4
18013 1
18029 2
18037 1
18041 1
18061 1
18065 1
18077 2
18085 2
18089 4
18125 2
18149 1
18153 1
18169 1
18217 1
18225 1
18229 1
18233 1
18241 4
18245 4
18265 6
18277 2
18281 2
18301 1
18317 1
18325 2
18341 2
18353 2
18365 1
18385 3
18397 1
18401 1
18405 3
18409 2
18413 2
18421 2
18457 2
18461 1
18473 2
18477 2
18481 2
18485 3
18505 1
18517 1
18521 1
18541 2
18545 2
18549 2
18577 1
18581 2
18589 2
18605 4
18617 1
18625 3
18637 1
18649 2
18661 1
18685 2
18709 2
18721 2
18737 4
18749 1
18761 1
18773 3
18785 5
18793 1
18801 1
18833 2
18845 1
18853 2
18857 1
18873 1
18889 2
18901 3
18913 1
18917 2
18925 2
18937 2
18945 3
18965 4
18985 3
18997 1
19001 1
19025 5
19037 1
19045 4
19053 3
19069 1
19073 1
19093 1
19097 3
19105 4
19109 2
19121 1
19125 3
19161 1
19165 1
19169 3
19181 2
19193 4
19225 2
19233 2
19237 2
19265 2
19269 1
19273 1
19277 1
19289 3
19309 2
19325 2
19333 1
19337 2
19345 3
19357 1
19381 2
19385 2
19405 4
19409 1
19421 2
19433 1
19445 3
19453 1
19457 1
19465 3
19469 2
19493 1
19517 4
19541 1
19549 1
19553 2
19557 2
19577 4
19597 1
19625 4
19633 1
19637 3
19669 2
19681 2
19697 1
19721 5
19753 3
19769 3
19773 1
19801 1
19805 4
19813 1
19825 4
19853 1
19865 5
19885 3
19897 1
19925 3
19937 1
19945 1
19949 1
19981 4
19989 1
19993 2
20025 2
20065 2
20077 1
20089 1
20101 3
20113 2
20117 2
20133 2
20149 1
20165 4
20173 1
20177 1
20189 2
20201 1
20205 1
20213 3
20221 3
20225 4
20233 3
20241 2
20245 1
20249 1
20261 2
20269 1
20281 3
20285 2
20313 4
20329 1
20333 1
20345 3
20353 1
20357 1
20365 1
20381 1
20389 2
20393 1
20413 1
20417 1
20441 3
20449 1
20453 3
20457 1
20485 4
20513 2
20521 2
20525 2
20529 1
20549 2
20557 2
20561 1
20565 1
20593 1
20605 1
20609 3
20617 1
20621 2
20665 4
20689 1
20693 2
20705 4
20725 3
20761 1
20765 3
20773 1
20785 3
20789 2
20813 1
20849 1
20885 1
20893 2
20905 6
20917 2
20921 1
20961 1
20969 3
20981 1
20997 3
21005 5
21013 1
21025 2
21029 2
21041 1
21053 2
21061 1
21073 2
21085 2
21097 4
21125 3
21141 1
21145 1
21157 2
21169 2
21177 2
21205 1
21217 2
21221 1
21253 3
21257 2
21265 3
21269 2
21289 3
21305 4
21313 1
21317 1
21325 1
21341 2
21349 1
21365 1
21377 1
21389 3
21393 2
21397 1
21401 2
21425 1
21429 1
21437 4
21465 2
21473 3
21481 1
21485 2
21509 2
21529 1
21533 3
21541 1
21557 1
21569 1
21589 1
21605 3
21609 1
21617 2
21625 2
21645 3
21677 1
21689 1
21697 1
21701 4
21709 1
21713 1
21737 3
21745 2
21753 1
21757 2
21773 2
21785 1
21789 3
21809 1
21825 3
21841 1
21845 2
21853 3
21865 1
21901 1
21905 3
21913 3
21925 2
21933 2
21937 1
21941 1
21953 1
21961 1
21969 2
21985 1
22001 1
22009 4
22013 1
22021 2
22025 1
22045 2
22049 3
22061 1
22109 1
22129 1
22153 1
22157 3
22181 1
22185 4
22189 1
22193 1
22205 1
22213 2
22217 2
22229 1
22237 1
22261 2
22265 4
22277 4
22293 3
22301 3
22313 2
22345 5
22381 1
22397 1
22405 2
22417 1
22437 1
22441 2
22469 1
22501 3
22509 3
22525 4
22529 2
22565 4
22581 2
22589 2
22601 1
22625 6
22633 1
22681 2
22709 1
22721 1
22725 5
22741 1
22745 1
22753 2
22765 1
22777 1
22805 3
22829 1
22849 4
22865 3
22877 1
22905 2
22921 2
22949 2
22961 2
22997 3
23021 1
23041 1
23049 2
23053 3
23057 2
23081 1
23101 3
23113 2
23125 6
23129 2
23153 6
23165 1
23173 3
23189 1
23197 1
23209 2
23225 4
23229 2
23245 1
23257 1
23269 1
23273 3
23285 4
23297 2
23321 2
23329 2
23333 1
23341 3
23353 1
23365 1
23369 1
23373 1
23377 1
23393 2
23413 1
23425 2
23445 3
23473 1
23477 1
23481 2
23525 2
23533 2
23545 3
23549 3
23553 1
23569 2
23581 1
23585 3
23589 2
23605 2
23609 2
23629 1
23645 1
23657 2
23669 1
23697 2
23701 5
23717 1
23725 3
23733 1
23753 2
23761 1
23789 1
23809 1
23813 1
23825 2
23869 1
23885 4
23909 1
23913 2
23917 1
23929 1
23945 1
23953 1
23957 2
23965 2
23977 1
23985 3
24005 3
24021 2
24029 1
24041 5
24085 2
24089 4
24093 1
24121 1
24125 2
24137 2
24161 2
24181 1
24217 2
24221 3
24245 1
24281 3
24305 1
24309 2
24313 1
24317 1
24337 1
24341 3
24345 1
24349 2
24361 1
24373 1
24385 2
24401 1
24417 1
24421 1
24425 1
24433 3
24445 3
24457 2
24469 1
24505 4
24509 1
24517 1
24525 3
24533 1
24545 1
24557 2
24561 1
24565 6
24601 3
24641 1
24653 3
24665 1
24685 3
24701 1
24705 1
24713 4
24733 2
24745 3
24777 1
24793 1
24797 1
24821 1
24845 2
24853 2
24869 2
24877 1
24889 2
24901 1
24905 2
24929 1
24941 1
24949 1
24961 2
24965 2
24973 1
24989 1
24993 1
25013 2
25037 1
25057 1
25065 3
25085 3
25097 1
25101 1
25105 2
25117 3
25121 1
25129 2
25133 2
25169 2
25177 1
25181 1
25205 1
25209 1
25225 5
25253 1
25261 2
25281 1
25285 4
25297 1
25301 1
25313 3
25317 1
25337 2
25345 3
25381 1
25385 2
25405 2
25409 3
25425 1
25433 1
25453 1
25469 1
25477 1
25493 1
25497 1
25505 1
25525 3
25529 1
25541 1
25549 1
25565 1
25589 2
25601 1
25609 1
25621 1
25625 4
25633 3
25657 1
25677 1
25705 2
25713 1
25721 1
25733 1
25741 3
25765 1
25789 3
25793 1
25805 3
25857 4
25873 1
25889 2
25925 1
25937 1
25961 2
25965 3
25985 2
26045 2
26053 2
26065 1
26077 2
26113 1
26117 2
26161 1
26165 2
26177 1
26181 1
26221 1
26225 1
26233 1
26237 2
26245 3
26249 1
26253 2
26281 3
26293 2
26297 1
26305 2
26309 1
26317 1
26321 3
26325 3
26329 1
26333 1
26365 2
26377 2
26405 2
26417 2
26437 2
26469 1
26485 1
26509 3
26525 4
26533 3
26545 3
26557 1
26573 1
26577 2
26585 3
26605 2
26613 2
26633 2
26641 1
26645 2
26665 1
26669 1
26681 2
26685 4
26689 2
26693 1
26705 1
26721 1
26725 1
26729 1
26765 4
26773 4
26793 1
26813 1
26821 1
26825 1
26833 1
26881 1
26893 1
26897 3
26905 3
26921 1
26937 2
26945 1
26969 2
26973 3
26977 1
26981 1
26989 1
27017 1
27053 1
27065 1
27073 1
27101 1
27109 1
27121 1
27145 3
27149 1
27157 1
27161 2
27169 3
27185 2
27197 1
27217 1
27225 3
27233 2
27241 1
27253 1
27261 4
27281 1
27289 3
27325 2
27333 1
27353 3
27361 2
27365 2
27369 1
27385 1
27389 3
27397 1
27421 2
27425 1
27441 1
27457 1
27469 1
27481 1
27505 1
27509 1
27521 4
27541 1
27557 1
27565 3
27585 1
27593 2
27605 1
27617 2
27625 3
27637 1
27685 2
27697 1
27701 1
27725 1
27733 2
27749 2
27757 1
27781 1
27793 1
27809 1
27817 2
27833 1
27845 2
27857 1
27865 2
27869 1
27877 1
27893 1
27905 2
27917 1
27925 3
27941 2
27953 1
27961 1
27981 1
27985 5
27989 2
28001 1
28009 4
28013 2
28033 4
28037 1
28057 4
28081 3
28085 2
28089 1
28097 2
28121 1
28125 3
28145 4
28157 2
28169 1
28181 1
28213 3
28225 1
28249 1
28265 1
28273 1
28305 1
28309 2
28381 1
28397 1
28409 1
28417 1
28421 2
28433 1
28445 1
28465 3
28493 2
28537 1
28541 1
28561 2
28565 2
28577 1
28593 1
28597 1
28601 1
28625 3
28629 1
28645 1
28649 1
28665 2
28685 1
28717 2
28729 2
28757 1
28781 1
28793 1
28813 1
28817 1
28825 1
28837 2
28845 1
28873 3
28885 4
28909 2
28921 2
28925 2
28961 1
28981 1
28989 1
29005 2
29017 1
29021 1
29041 1
29045 4
29061 2
29065 2
29077 1
29105 1
29125 2
29137 1
29153 1
29185 2
29189 2
29201 2
29209 1
29257 2
29261 1
29269 1
29273 3
29285 2
29305 1
29313 2
29341 2
29345 1
29353 2
29389 2
29405 4
29429 1
29449 1
29453 1
29461 1
29473 2
29485 1
29489 3
29501 1
29521 2
29525 3
29529 3
29537 1
29565 1
29569 1
29573 1
29593 2
29609 2
29629 1
29637 1
29641 2
29653 1
29665 5
29669 1
29705 4
29717 2
29725 5
29741 1
29745 1
29765 1
29801 1
29817 1
29873 2
29881 1
29905 2
29917 1
29929 2
29933 3
29945 2
29965 1
29989 1
30005 2
30013 1
30025 1
30073 2
30089 1
30097 1
30125 2
30137 1
30141 2
30145 3
30157 2
30161 2
30181 1
30197 1
30209 2
30213 2
30233 1
30249 1
30265 2
30269 1
30277 2
30285 3
30301 4
30313 1
30325 1
30329 1
30341 1
30361 1
30365 1
30397 1
30413 1
30421 1
30425 2
30465 2
30497 1
30501 1
30509 1
30537 2
30553 2
30557 1
30565 1
30581 1
30589 2
30605 2
30617 1
30629 1
30637 1
30641 2
30649 1
30673 1
30685 1
30725 3
30733 2
30757 2
30769 3
30781 2
30805 2
30809 1
30821 1
30825 1
30865 1
30925 1
30929 3
30953 1
30985 2
31001 1
31005 2
31013 1
31025 4
31041 2
31049 2
31057 3
31061 1
31085 2
31117 7
31121 1
31153 1
31201 1
31225 1
31265 6
31277 1
31313 3
31365 2
31385 1
31409 1
31421 3
31429 1
31433 1
31481 2
31501 3
31509 2
31525 2
31529 3
31561 1
31581 2
31609 2
31613 1
31637 1
31645 1
31693 1
31705 3
31709 1
31721 1
31733 1
31741 1
31769 1
31781 1
31813 1
31841 1
31849 1
31865 1
31869 1
31873 2
31921 3
31957 2
31973 2
31997 1
32005 2
32017 1
32045 2
32089 1
32105 3
32117 1
32125 1
32149 1
32157 2
32161 2
32185 1
32189 1
32201 3
32225 1
32245 2
32257 1
32261 1
32297 1
32317 1
32321 3
32345 2
32365 2
32377 1
32381 2
32389 1
32393 1
32401 2
32405 1
32441 1
32449 1
32481 1
32485 3
32489 2
32513 2
32521 2
32525 2
32533 1
32537 1
32569 1
32605 1
32609 1
32617 2
32625 2
32633 2
32653 2
32657 1
32677 1
32693 1
32733 1
32741 1
32761 2
32765 1
32773 1
32777 2
32801 1
32825 6
32845 1
32905 2
32917 1
32929 1
33013 2
33025 4
33037 3
33049 1
33057 1
33065 5
33085 3
33113 1
33125 1
33129 2
33161 1
33169 1
33205 1
33245 4
33305 2
33317 1
33329 1
33337 1
33349 1
33361 1
33377 1
33413 2
33437 1
33457 1
33485 3
33489 1
33505 2
33545 2
33553 2
33565 1
33569 2
33581 1
33597 1
33601 1
33625 2
33629 1
33633 2
33637 1
33665 1
33685 2
33713 2
33721 1
33745 3
33761 1
33785 2
33805 3
33809 1
33813 3
33849 1
33865 5
33881 1
33889 2
33905 1
33917 1
33921 1
33937 1
33961 2
33965 1
33977 2
33989 1
34025 1
34037 1
34073 1
34081 1
34117 2
34129 1
34145 3
34165 1
34173 1
34205 3
34225 1
34229 2
34241 1
34273 1
34281 1
34289 3
34297 1
34313 1
34325 1
34345 7
34425 1
34465 2
34469 1
34493 1
34497 1
34513 2
34553 2
34597 3
34605 1
34609 1
34625 1
34645 2
34697 3
34717 1
34745 1
34765 1
34785 1
34817 2
34821 1
34893 1
34901 1
34933 1
34945 2
34949 1
34957 1
34961 1
34969 2
34973 4
34981 2
35005 1
35009 1
35033 1
35073 1
35089 1
35113 5
35125 1
35137 1
35141 2
35149 1
35153 2
35173 1
35249 1
35261 1
35269 1
35281 1
35285 2
35293 1
35317 1
35325 2
35333 1
35369 1
35377 1
35405 2
35425 3
35461 1
35465 1
35477 1
35521 1
35545 1
35593 1
35605 1
35617 1
35633 2
35645 1
35649 1
35657 1
35669 1
35677 1
35685 3
35689 3
35705 1
35725 2
35737 2
35789 1
35793 1
35821 1
35865 3
35873 2
35909 2
35921 1
35965 1
36017 1
36037 1
36045 1
36065 3
36097 1
36121 1
36125 5
36193 2
36205 2
36221 2
36265 1
36269 1
36297 1
36313 1
36361 1
36389 1
36401 2
36405 1
36413 1
36433 1
36445 3
36485 1
36497 1
36505 1
36517 3
36529 1
36545 1
36569 3
36581 1
36601 3
36625 1
36629 1
36661 1
36665 2
36677 1
36697 1
36713 1
36725 3
36733 1
36745 1
36749 1
36805 2
36829 2
36833 2
36865 1
36873 3
36881 2
36889 2
36929 1
36941 1
37033 1
37049 1
37105 1
37141 1
37157 1
37165 1
37181 1
37193 1
37201 1
37225 2
37265 2
37269 1
37285 1
37289 1
37305 1
37333 1
37337 2
37381 1
37397 1
37413 1
37481 1
37489 1
37505 1
37549 2
37573 2
37585 1
37589 2
37613 1
37621 1
37637 1
37645 2
37661 1
37685 1
37705 2
37717 3
37729 2
37777 1
37805 2
37809 1
37825 2
37861 1
37865 1
37877 2
37921 1
37957 1
37997 1
38025 5
38041 1
38061 1
38069 1
38077 3
38081 2
38089 1
38105 1
38113 1
38125 3
38165 4
38177 1
38201 1
38221 3
38233 2
38245 1
38309 3
38317 1
38349 2
38389 2
38405 1
38417 1
38425 2
38441 1
38449 1
38453 1
38465 1
38477 1
38501 1
38509 1
38545 1
38561 1
38569 1
38601 2
38677 1
38705 1
38725 1
38749 1
38777 2
38825 2
38833 2
38845 1
38849 1
38857 1
38861 1
38889 1
38897 2
38909 1
38921 1
38933 1
38945 2
38961 1
38965 1
38981 1
38993 1
39053 1
39065 1
39073 1
39101 1
39125 3
39145 1
39185 2
39257 1
39289 2
39313 2
39317 1
39321 2
39349 1
39357 1
39397 1
39409 1
39465 1
39469 1
39481 1
39485 2
39505 1
39521 2
39565 1
39593 2
39601 1
39625 3
39637 1
39673 1
39681 1
39685 1
39701 2
39733 1
39745 1
39785 1
39789 1
39857 1
39869 1
39889 1
39933 1
39961 1
39965 2
40001 1
40013 1
40025 1
40037 1
40045 1
40057 2
40081 2
40085 1
40121 1
40157 1
40165 3
40169 1
40225 1
40229 2
40265 2
40289 1
40309 1
40325 1
40329 1
40333 2
40357 1
40385 1
40405 2
40417 1
40433 1
40441 1
40445 1
40477 3
40573 1
40597 2
40613 1
40621 1
40625 1
40637 2
40673 2
40681 3
40693 2
40697 1
40757 1
40777 1
40781 1
40817 2
40837 1
40849 1
40853 2
40877 1
40885 5
40897 1
40973 1
40977 1
41017 1
41029 2
41033 2
41045 1
41053 1
41081 1
41089 1
41093 2
41105 1
41113 1
41149 1
41157 4
41165 1
41185 2
41201 1
41209 1
41225 3
41229 1
41297 2
41345 1
41353 1
41405 1
41413 1
41429 1
41557 1
41605 1
41621 1
41645 1
41665 2
41669 2
41681 1
41717 1
41761 1
41765 2
41785 1
41797 1
41805 1
41861 1
41905 4
41913 1
41941 1
41945 1
41969 1
41977 1
41981 1
41993 1
42013 1
42029 1
42073 1
42101 1
42121 1
42125 4
42137 1
42165 1
42173 1
42181 1
42209 1
42221 1
42281 1
42289 2
42325 2
42341 2
42345 1
42381 1
42385 1
42397 1
42401 1
42425 1
42453 1
42457 2
42473 1
42485 1
42489 1
42517 1
42521 1
42561 1
42569 1
42589 1
42597 1
42653 1
42661 2
42685 3
42705 1
42725 4
42737 1
42809 1
42829 2
42849 1
42857 3
42877 1
42881 1
42913 1
42925 2
42949 1
42965 1
43013 1
43037 1
43045 1
43061 1
43069 1
43105 1
43145 1
43165 2
43169 1
43181 1
43189 1
43209 1
43237 1
43249 1
43265 1
43345 2
43353 1
43433 3
43469 1
43481 2
43489 1
43513 1
43525 1
43537 3
43541 3
43553 1
43565 1
43573 1
43577 1
43597 1
43625 1
43649 1
43697 1
43709 1
43745 2
43805 1
43821 1
43825 2
43853 1
43873 1
43877 2
43893 2
43961 1
43973 1
44017 2
44053 1
44081 1
44105 1
44125 4
44141 1
44145 2
44149 1
44165 1
44185 1
44221 1
44225 1
44281 1
44325 1
44329 1
44345 2
44397 1
44437 1
44461 1
44465 1
44489 1
44497 2
44525 2
44533 1
44585 5
44633 1
44645 1
44665 1
44701 2
44713 2
44721 1
44725 1
44741 1
44753 1
44761 1
44785 3
44829 1
44845 2
44861 2
44881 1
44917 1
44921 1
44969 2
44977 2
44993 1
45005 2
45025 1
45041 1
45065 1
45077 1
45081 1
45113 1
45145 1
45169 1
45181 1
45253 1
45289 1
45293 1
45301 1
45305 2
45317 2
45329 1
45341 1
45385 1
45405 1
45445 1
45497 1
45545 1
45565 2
45613 1
45617 1
45625 2
45665 2
45713 2
45769 2
45781 3
45817 1
45821 1
45869 1
45889 1
45913 1
45917 2
45929 1
45949 1
45965 4
45985 1
46033 1
46085 2
46121 1
46125 1
46133 1
46153 2
46169 1
46177 2
46181 1
46213 2
46241 1
46289 1
46313 1
46325 2
46369 1
46381 1
46385 1
46421 3
46449 2
46481 4
46489 1
46513 1
46549 1
46553 2
46561 1
46633 1
46637 1
46693 2
46705 1
46769 1
46773 1
46829 1
46881 1
46909 1
46917 1
46933 1
46945 1
46993 1
47009 1
47017 2
47045 1
47065 2
47097 1
47105 1
47125 2
47153 1
47189 1
47205 1
47209 1
47233 1
47237 1
47285 1
47293 1
47297 1
47309 1
47345 2
47349 1
47365 2
47385 2
47413 2
47437 2
47473 1
47477 1
47485 1
47501 1
47525 1
47533 1
47545 2
47573 1
47605 1
47629 2
47645 2
47653 1
47713 1
47737 2
47741 1
47753 1
47765 2
47781 1
47797 1
47813 1
47885 2
47889 1
47921 1
47961 1
48017 1
48025 2
48033 1
48037 1
48061 1
48069 1
48073 1
48113 2
48137 1
48161 1
48177 1
48217 1
48253 1
48285 1
48305 2
48313 1
48341 1
48361 2
48365 2
48401 1
48425 1
48481 1
48485 1
48541 1
48613 2
48625 1
48677 1
48725 1
48753 1
48841 4
48845 1
48857 2
48865 2
48893 1
49025 1
49033 1
49037 1
49045 1
49057 1
49109 1
49121 1
49129 1
49145 2
49241 3
49325 2
49365 1
49373 1
49409 1
49453 1
49457 1
49465 1
49481 1
49517 1
49561 1
49573 1
49597 1
49625 1
49645 2
49661 1
49673 1
49733 1
49741 1
49765 1
49769 1
49793 1
49813 1
49897 1
49925 1
49977 1
49985 1
49997 2
50013 1
50029 1
50125 1
50137 1
50213 1
50245 1
50249 2
50257 1
50285 1
50305 1
50321 1
50345 1
50373 1
50389 1
50405 2
50489 1
50509 2
50513 1
50537 1
50553 1
50569 1
50605 1
50609 1
50617 1
50625 1
50653 2
50689 1
50705 1
50725 2
50753 1
50801 1
50805 1
50833 1
50881 1
50893 1
50921 1
50933 1
50993 1
51005 1
51061 1
51085 1
51097 2
51133 1
51185 2
51197 1
51201 1
51209 4
51245 1
51257 1
51265 1
51301 1
51313 1
51325 1
51353 1
51361 1
51365 1
51409 1
51425 2
51437 1
51449 1
51493 1
51505 2
51525 1
51545 1
51561 1
51581 1
51597 1
51629 1
51633 1
51701 1
51725 1
51749 2
51805 1
51845 1
51869 1
51881 1
51893 1
51917 1
51973 1
51985 3
52001 1
52025 1
52033 1
52037 1
52065 1
52081 1
52105 3
52145 3
52153 1
52165 2
52205 2
52225 1
52249 1
52277 1
52357 1
52381 1
52429 2
52441 1
52513 2
52541 1
52561 1
52565 1
52577 1
52597 2
52609 2
52621 1
52685 2
52697 1
52713 1
52741 2
52749 1
52769 1
52837 2
52853 1
52865 2
52897 4
52901 1
52985 1
52993 2
53005 1
53057 1
53065 1
53077 1
53089 1
53113 1
53125 3
53129 1
53173 1
53209 1
53329 3
53353 1
53357 1
53365 1
53465 2
53469 1
53477 1
53497 1
53505 1
53525 1
53573 1
53577 1
53761 1
53825 1
53833 1
53885 1
53905 1
54009 1
54025 2
54149 2
54161 1
54185 1
54301 1
54329 1
54333 2
54353 1
54385 2
54409 1
54469 1
54513 1
54557 1
54581 1
54629 2
54665 2
54673 1
54685 1
54745 1
54793 1
54865 1
54893 1
54913 1
54925 2
54965 1
54973 1
55001 1
55073 1
55189 1
55193 1
55197 1
55213 1
55241 1
55301 1
55321 1
55337 1
55445 3
55457 1
55465 1
55505 1
55549 1
55553 1
55577 1
55673 1
55697 1
55705 2
55721 1
55757 2
55777 2
55805 1
55829 1
55849 1
55889 3
55933 1
55969 2
55981 1
55985 1
55997 1
56057 1
56061 1
56065 2
56129 1
56173 2
56185 1
56205 2
56209 2
56225 1
56257 1
56277 1
56285 1
56293 1
56313 1
56321 1
56381 1
56393 1
56425 2
56429 1
56437 1
56489 1
56497 1
56509 1
56597 1
56693 1
56709 1
56745 2
56785 1
56857 2
56909 1
56933 1
56953 1
56957 2
56961 1
57005 1
57037 1
57049 1
57065 1
57089 1
57137 2
57305 1
57389 1
57461 1
57545 1
57565 1
57641 1
57649 1
57769 1
57825 1
57829 1
57889 1
57905 1
57941 1
57961 1
58005 2
58081 1
58109 1
58141 1
58145 1
58169 1
58181 1
58225 1
58229 1
58237 1
58277 1
58297 1
58309 1
58337 2
58361 1
58405 1
58473 1
58505 1
58525 1
58549 1
58561 1
58589 1
58645 1
58685 1
58721 1
58725 1
58769 3
58777 1
58825 3
58829 1
58841 2
58853 1
58909 1
58925 1
58969 1
58981 1
59005 2
59049 1
59069 1
59137 1
59141 1
59153 1
59189 1
59201 1
59237 1
59245 1
59273 1
59293 1
59305 1
59525 1
59573 1
59581 1
59621 1
59681 1
59749 1
59769 1
59841 1
59881 1
60065 1
60077 1
60089 1
60169 1
60229 1
60365 1
60413 1
60417 1
60425 2
60437 1
60505 1
60581 1
60633 1
60637 1
60661 1
60685 1
60721 2
60785 1
60917 1
60997 1
61013 1
61045 2
61057 1
61073 1
61165 2
61181 1
61245 1
61265 1
61309 1
61321 1
61357 2
61381 1
61393 1
61409 1
61441 1
61489 1
61585 1
61601 1
61605 1
61645 1
61741 1
61745 1
61785 1
61825 2
61925 1
61945 2
61949 1
62033 3
62045 1
62065 1
62081 1
62129 1
62141 1
62185 1
62273 1
62289 2
62297 1
62305 2
62309 1
62325 1
62345 2
62365 1
62389 1
62437 1
62485 1
62497 1
62525 2
62569 1
62593 1
62613 1
62621 1
62633 1
62641 1
62701 1
62753 1
62773 1
62873 1
62901 1
62941 1
63013 1
63017 2
63073 1
63125 1
63145 1
63149 1
63233 1
63313 1
63401 1
63433 1
63461 1
63505 3
63529 1
63553 1
63625 1
63673 1
63689 1
63765 1
63793 1
63809 1
63869 1
63925 1
63945 1
64013 1
64021 1
64061 1
64105 1
64129 1
64157 2
64205 1
64213 1
64337 1
64349 1
64413 1
64441 1
64453 2
64493 1
64501 1
64517 1
64553 1
64565 1
64593 1
64609 1
64621 1
64705 1
64729 1
65033 1
65117 1
65137 1
65221 3
65225 2
65273 1
65425 2
65501 1
65717 1
65825 1
65885 1
65905 1
65925 1
65969 1
66065 3
66089 1
66105 1
66141 1
66181 1
66193 1
66197 1
66305 1
66321 1
66377 1
66497 1
66589 1
66629 1
66653 1
66725 1
66793 1
66901 1
67033 1
67097 1
67141 1
67145 1
67253 1
67297 1
67349 1
67453 1
67541 1
67685 1
67717 1
67745 1
67765 2
67997 1
68029 1
68121 1
68225 1
68237 3
68269 1
68281 1
68401 1
68561 1
68605 1
68625 1
68765 1
68849 1
68897 1
68921 1
69005 2
69017 1
69049 1
69093 1
69149 1
69185 1
69241 1
69337 1
69417 1
69473 1
69485 2
69565 1
69629 1
69661 1
69745 1
69785 1
69869 1
69997 1
70021 1
70069 1
70145 1
70165 1
70241 1
70289 1
70321 1
70333 1
70337 1
70493 1
70569 1
70673 1
70793 1
70801 1
70913 1
71053 1
71073 1
71077 3
71177 1
71233 1
71285 1
71377 1
71425 2
71453 1
71525 1
71541 1
71593 1
71605 1
71613 1
71693 1
71713 1
71821 1
71825 2
71837 1
71917 1
72001 1
72085 1
72113 1
72437 1
72593 2
72641 1
72665 1
72761 1
72913 1
72961 1
73141 1
73189 1
73205 1
73225 1
73261 2
73341 1
73417 1
73445 1
73457 1
73921 1
74237 1
74321 1
74345 1
74533 1
74597 1
74609 1
74665 1
74825 1
74873 1
74885 1
74953 1
74969 1
75265 1
75313 1
75385 1
75409 1
75517 2
75589 1
75605 1
75661 1
75737 1
76049 1
76109 1
76365 1
76537 1
76553 1
76865 1
76921 1
76949 1
76957 1
77125 1
77193 1
77281 1
77337 1
77365 1
77401 2
77465 1
77537 1
77677 1
77689 1
77705 1
77977 1
78157 1
78165 1
78245 1
78325 1
78473 1
78493 2
78525 1
78685 1
78761 1
78805 1
78885 1
78965 1
79549 1
79777 1
79885 1
79909 1
79921 1
79985 1
79997 1
80037 1
80093 1
80117 1
80273 1
80305 1
80393 1
80413 1
80665 1
80681 1
80721 1
80833 1
80957 1
80965 1
81225 1
81269 1
81469 1
81625 1
81713 1
81801 1
82045 1
82277 1
82385 1
82433 1
82505 1
82613 1
82629 1
82669 1
82717 1
83161 1
83189 1
83245 1
83509 1
83665 1
83749 1
83861 1
84173 1
84185 1
84197 1
84461 1
84485 1
84625 1
84853 1
84989 1
85069 1
85189 1
85193 1
85345 1
85529 1
85733 1
85885 1
86101 1
86489 1
86525 1
86841 2
87365 1
87617 1
87817 1
88057 1
88117 1
88245 1
88765 1
88841 1
88885 1
89081 1
89213 1
89505 1
89821 1
90061 1
90185 1
90253 1
90305 1
90569 1
90797 1
90829 1
90865 1
91089 1
91229 1
91717 1
91925 1
92129 1
93041 1
93305 1
93529 1
93605 1
93865 1
94265 1
94509 1
94637 1
94837 1
95141 2
95225 1
95265 1
95297 1
96125 1
98009 1
98845 1
99173 1
99229 1
99369 1
99905 1
100109 1
101125 1
102425 2
103489 1
103625 1
104805 1
104845 1
106601 1
106649 1
107333 1
108485 1
108709 1
109017 1
109413 1
110057 1
111365 1
112697 1
112813 1
113445 1
114449 1
115625 1
115925 1
116561 1
118089 1
119345 1
119825 1
124533 1
124793 1
127621 1
129253 1
136877 1
139581 1
147029 1
149785 1
151565 1
156609 1
165325 1
184645 1
195653 1
217969 1
230625 1
230689 1
247385 1
874481 1
946733 1
1046565 1
1051025 1
1084585 1
1084977 1
1124225 1
1136797 1
1138505 1
1206113 1
1219165 1
1229885 1
1246081 1
1250093 1
1257541 1
1259173 1
1273345 1
1281425 1
1297897 1
1297997 1
1304893 1
1306765 1
1313437 1
1348117 1
1364393 1
1394861 1
1409069 1
1443185 1
2062177 1
