N J h mean_R_sq err_mean_R_sq mean_R_gyr_sq err_mean_R_gyr_sq 
1600 1.417 0 1985.83 161.209 522.99 30.2066
13 1
17 3
25 2
29 3
37 4
41 1
45 2
49 1
53 1
61 2
65 3
73 1
81 1
85 2
89 4
97 1
101 1
109 4
113 1
117 1
121 2
125 4
137 1
145 6
149 3
153 7
157 4
169 2
173 3
181 5
185 2
193 3
197 1
205 5
221 6
225 4
233 1
241 2
245 2
257 2
261 3
265 8
269 3
277 3
281 1
289 3
293 2
305 1
313 2
317 4
325 4
333 2
337 1
349 1
353 2
361 1
365 4
369 2
373 1
377 3
389 1
401 1
405 2
409 5
421 5
425 8
441 1
445 6
449 1
461 1
477 1
481 3
485 4
493 6
505 4
509 1
521 3
529 2
533 8
541 2
545 5
549 4
565 2
569 2
577 2
585 2
593 3
601 2
605 3
617 2
625 2
629 7
637 3
653 1
657 1
661 2
677 1
685 7
689 3
697 2
701 4
725 6
729 1
733 2
745 3
757 1
761 5
765 2
769 2
785 5
793 2
797 1
809 3
821 2
829 1
833 1
841 2
845 4
857 2
865 1
877 1
881 3
901 2
905 4
909 1
925 7
929 3
937 1
941 1
949 1
953 6
961 1
965 6
977 2
981 1
985 4
997 4
1009 2
1013 1
1017 1
1021 2
1025 4
1033 1
1037 4
1049 1
1053 3
1069 1
1073 2
1093 3
1105 3
1125 3
1129 1
1145 4
1153 4
1165 1
1181 1
1201 1
1205 5
1213 3
1217 1
1225 5
1229 2
1237 2
1241 4
1261 1
1277 6
1285 6
1289 1
1301 1
1305 2
1313 2
1321 1
1325 2
1345 2
1361 3
1373 3
1377 1
1381 2
1385 3
1405 3
1409 1
1413 2
1429 1
1433 1
1445 2
1453 2
1465 1
1469 4
1489 2
1493 2
1513 1
1517 1
1525 4
1549 2
1553 3
1557 1
1565 4
1585 2
1597 3
1601 1
1609 2
1613 1
1625 5
1637 2
1649 2
1665 4
1669 3
1681 2
1693 1
1717 3
1733 1
1737 1
1741 2
1745 1
1765 2
1769 3
1773 2
1781 2
1801 1
1805 1
1813 1
1845 2
1849 1
1853 2
1865 3
1873 2
1885 3
1913 1
1937 2
1945 2
1961 2
1989 2
1993 1
2005 2
2009 1
2025 1
2029 2
2041 1
2045 3
2053 1
2061 1
2089 1
2097 1
2105 2
2113 1
2125 3
2129 1
2153 3
2161 1
2165 2
2169 1
2173 2
2205 2
2209 1
2213 1
2221 1
2225 3
2237 1
2245 3
2249 1
2257 1
2273 1
2281 1
2285 3
2293 2
2305 1
2309 2
2329 3
2333 2
2341 2
2353 2
2357 1
2377 2
2381 1
2385 1
2389 1
2393 1
2405 2
2417 1
2425 3
2441 1
2465 4
2473 1
2493 1
2501 1
2509 1
2525 4
2529 1
2533 2
2545 1
2561 1
2581 2
2601 2
2605 1
2617 3
2637 1
2645 1
2657 3
2669 1
2689 2
2713 1
2725 2
2741 1
2745 1
2749 1
2753 1
2785 2
2797 1
2813 2
2817 1
2825 1
2833 2
2857 1
2861 1
2885 1
2925 1
2929 3
2957 1
2965 1
2977 2
2989 2
2993 1
3001 1
3049 4
3061 1
3077 1
3085 1
3109 1
3137 2
3145 1
3169 1
3177 2
3181 1
3185 1
3205 1
3249 1
3257 1
3265 1
3277 1
3285 4
3293 1
3301 1
3305 1
3313 1
3373 1
3385 1
3393 1
3425 1
3433 2
3449 2
3469 2
3485 3
3497 3
3501 1
3517 1
3529 1
3557 1
3577 1
3589 1
3601 2
3613 1
3617 1
3645 1
3649 1
3665 1
3677 1
3725 2
3757 1
3769 1
3785 1
3805 1
3809 2
3825 3
3833 1
3865 1
3877 2
3929 1
4001 1
4005 2
4033 1
4049 1
4113 1
4121 1
4157 2
4177 1
4201 1
4205 1
4217 1
4261 1
4265 1
4289 1
4321 1
4325 1
4337 1
4365 3
4405 1
4409 1
4441 1
4457 1
4505 1
4573 1
4625 2
4645 1
4685 1
4705 1
4709 1
4729 1
4745 1
4753 1
4825 1
4981 1
5021 1
5045 2
5057 1
5065 1
5069 1
5125 1
5165 1
5185 1
5261 2
5317 1
5329 1
5353 2
5465 1
5485 1
5513 1
5525 1
5545 1
5581 1
5661 1
5749 1
5809 2
5881 1
5905 1
5917 1
6001 1
6161 1
6197 1
6205 1
6221 1
6329 1
6437 1
6525 1
6701 1
6757 1
7025 1
7165 1
7369 1
7501 1
7621 1
7933 1
8065 1
8081 1
8245 1
8361 1
8705 1
8725 1
9061 1
9365 1
9385 1
9657 1
10201 1
10205 1
13073 1
13429 1
41089 1
41905 1
48861 1
