N J h mean_R_sq err_mean_R_sq mean_R_gyr_sq err_mean_R_gyr_sq 
1225 1.364 0 4148.04 45.2325 731.708 4.31552
2 2
4 2
8 3
10 3
16 1
18 2
20 5
26 6
32 2
34 7
36 2
40 7
50 16
52 9
58 3
64 6
68 8
72 4
74 3
80 4
82 12
90 5
98 4
100 8
104 11
106 8
116 5
122 10
128 3
130 19
136 3
144 9
146 6
148 9
160 11
162 1
164 2
170 15
178 6
180 10
194 10
196 8
200 8
202 10
208 9
212 5
218 7
226 6
232 5
234 9
242 3
244 4
250 17
256 7
260 23
272 4
274 6
288 5
290 10
292 11
296 8
298 14
306 3
314 8
320 7
324 5
328 5
338 5
340 17
346 9
356 10
360 9
362 4
370 17
386 7
388 10
392 1
394 4
400 11
404 7
410 9
416 7
424 8
436 10
442 18
450 10
452 4
458 4
464 6
466 14
468 6
482 7
484 2
488 4
490 7
500 16
512 1
514 8
520 15
522 6
530 14
538 14
544 4
548 11
554 4
562 6
576 8
578 14
580 10
584 7
586 6
592 8
596 8
610 11
612 8
626 9
628 6
634 5
640 8
648 4
650 18
656 9
666 12
674 9
676 11
680 14
692 9
698 12
706 4
712 10
720 7
722 2
724 12
730 11
738 8
740 16
746 6
754 21
772 10
776 7
778 1
784 5
788 4
794 8
800 6
802 8
808 7
810 6
818 5
820 13
832 6
842 6
848 4
850 17
866 6
872 8
882 7
884 19
890 12
898 12
900 10
904 7
914 3
916 8
922 5
928 8
932 6
936 4
954 11
962 11
964 9
968 3
970 16
976 3
980 8
986 8
1000 12
1010 14
1018 6
1024 4
1028 6
1040 7
1042 5
1044 4
1058 3
1060 14
1066 14
1076 4
1082 4
1088 8
1090 15
1096 2
1098 9
1108 4
1114 4
1124 6
1130 12
1138 5
1152 3
1154 6
1156 9
1160 12
1168 8
1170 16
1172 8
1184 6
1186 7
1192 2
1202 16
1210 9
1220 13
1224 5
1226 7
1234 5
1250 19
1252 3
1256 8
1258 15
1268 7
1274 10
1280 7
1282 4
1296 6
1300 16
1306 6
1312 9
1314 8
1322 4
1332 7
1346 5
1348 3
1352 8
1354 9
1360 19
1370 8
1378 6
1384 9
1394 12
1396 13
1402 2
1412 10
1418 9
1424 7
1440 9
1444 6
1448 3
1450 19
1458 3
1460 19
1466 5
1476 9
1480 8
1490 13
1492 4
1508 16
1514 4
1522 3
1530 16
1538 14
1544 10
1546 10
1552 13
1556 7
1568 5
1570 8
1576 5
1586 15
1588 9
1594 8
1600 10
1602 5
1604 4
1616 7
1618 9
1620 11
1636 4
1640 9
1642 8
1658 9
1664 7
1666 4
1682 10
1684 3
1690 16
1696 5
1700 15
1706 4
1714 4
1730 14
1732 4
1744 7
1746 3
1754 7
1762 4
1768 16
1780 13
1796 1
1800 9
1802 11
1808 4
1810 13
1818 11
1828 5
1832 5
1844 12
1850 27
1856 4
1858 3
1864 3
1872 2
1874 11
1882 10
1898 8
1906 4
1908 6
1922 4
1924 13
1928 5
1930 19
1936 3
1940 8
1952 7
1954 7
1960 9
1962 2
1970 11
1972 11
1994 10
2000 12
2018 5
2020 13
2026 2
2034 12
2036 4
2042 10
2048 5
2050 18
2056 3
2066 4
2074 11
2080 8
2084 3
2088 4
2098 10
2106 5
2116 5
2120 10
2122 8
2132 6
2138 5
2146 12
2152 7
2164 4
2176 5
2178 4
2180 10
2186 4
2192 5
2194 4
2196 12
2210 19
2216 7
2218 7
2228 7
2234 9
2248 7
2250 12
2258 5
2260 16
2276 7
2290 17
2304 1
2306 8
2308 7
2312 10
2314 18
2320 10
2330 9
2336 5
2340 11
2344 5
2362 6
2368 8
2372 8
2378 10
2384 7
2386 5
2402 3
2404 7
2410 16
2420 4
2426 8
2434 6
2440 8
2448 6
2450 6
2452 5
2458 10
2466 6
2468 4
2474 10
2482 13
2498 5
2500 17
2504 6
2512 3
2516 11
2522 3
2536 8
2548 3
2554 5
2560 7
2564 4
2570 14
2578 5
2592 2
2594 3
2600 17
2602 5
2610 13
2612 6
2624 7
2626 10
2628 4
2642 7
2644 7
2650 12
2664 3
2682 4
2690 13
2692 5
2696 8
2704 7
2708 8
2720 14
2722 4
2738 6
2740 7
2746 4
2754 9
2756 10
2762 4
2768 6
2770 11
2788 9
2792 10
2804 4
2810 11
2818 3
2824 5
2826 5
2834 10
2836 2
2842 7
2848 3
2858 3
2866 5
2880 9
2888 3
2890 15
2896 4
2900 12
2906 7
2916 1
2920 14
2930 3
2932 5
2938 13
2952 5
2960 10
2962 2
2978 5
2980 6
2984 9
2986 7
3016 7
3026 7
3028 7
3034 7
3042 8
3044 5
3050 17
3060 9
3074 9
3076 6
3088 6
3092 2
3098 3
3104 4
3112 4
3114 7
3130 6
3136 4
3140 16
3146 7
3152 7
3170 11
3172 9
3176 3
3188 6
3194 5
3200 5
3202 6
3204 4
3208 3
3218 4
3226 3
3232 4
3236 4
3240 4
3242 3
3250 22
3258 5
3272 3
3274 4
3280 17
3284 2
3298 7
3314 5
3316 4
3328 3
3330 7
3332 1
3338 3
3362 6
3364 10
3368 2
3370 5
3380 15
3386 10
3392 5
3394 5
3400 15
3412 3
3418 2
3428 8
3434 8
3442 7
3460 7
3464 6
3466 4
3474 8
3482 3
3488 5
3490 8
3492 7
3506 1
3508 5
3524 1
3528 1
3530 4
3536 6
3538 6
3546 3
3554 2
3560 7
3562 7
3578 2
3592 4
3600 6
3602 2
3604 9
3610 2
3616 10
3620 16
3626 3
3636 4
3650 5
3656 2
3664 4
3688 8
3690 13
3698 3
3700 9
3706 7
3712 6
3716 4
3722 1
3728 4
3730 7
3744 1
3746 1
3748 2
3754 6
3764 7
3770 14
3778 2
3796 7
3802 4
3812 4
3816 5
3826 4
3842 5
3844 3
3848 9
3856 5
3860 8
3866 7
3872 1
3874 10
3880 6
3890 5
3898 2
3904 4
3908 6
3920 4
3922 6
3924 4
3940 5
3944 9
3946 3
3970 6
3978 8
3986 4
3988 1
3994 5
4000 4
4010 5
4018 2
4034 7
4036 3
4040 6
4050 6
4052 2
4058 3
4068 5
4072 3
4082 9
4084 2
4090 8
4096 2
4100 10
4106 2
4112 3
4114 1
4122 6
4132 5
4138 2
4148 14
4160 8
4162 5
4168 3
4176 5
4178 9
4194 5
4196 3
4210 5
4212 5
4226 3
4234 9
4240 11
4244 3
4250 14
4258 4
4264 8
4274 3
4276 2
4292 3
4304 3
4306 4
4322 2
4328 1
4330 6
4338 3
4346 5
4352 2
4356 3
4360 9
4372 3
4384 3
4388 3
4392 1
4394 5
4410 7
4418 1
4420 20
4426 4
4432 2
4436 6
4442 3
4450 8
4456 4
4468 7
4474 3
4490 8
4496 4
4498 9
4500 6
4514 7
4516 4
4520 5
4538 6
4546 6
4552 2
4562 3
4570 7
4580 9
4586 5
4594 7
4608 3
4610 9
4612 4
4616 5
4618 3
4624 3
4626 1
4628 5
4640 7
4658 8
4660 9
4666 1
4672 4
4680 5
4682 5
4688 3
4698 3
4706 5
4714 6
4724 1
4736 1
4744 6
4754 4
4756 6
4762 4
4768 5
4770 5
4772 2
4778 3
4786 5
4802 2
4804 2
4808 4
4810 11
4820 8
4840 1
4842 4
4850 7
4852 3
4868 3
4874 2
4880 8
4882 3
4896 2
4900 4
4904 4
4916 1
4930 9
4932 4
4936 2
4946 3
4948 1
4954 6
4964 6
4986 6
4996 4
5000 4
5002 3
5008 4
5018 5
5024 4
5032 10
5042 2
5044 6
5050 6
5058 2
5066 6
5072 4
5090 5
5096 3
5098 3
5108 4
5114 2
5120 4
5122 7
5128 3
5140 7
5156 1
5162 6
5184 3
5186 3
5188 4
5194 2
5200 8
5202 6
5204 2
5210 7
5218 1
5220 6
5224 3
5234 4
5242 3
5248 5
5252 3
5266 1
5274 2
5284 1
5288 3
5290 5
5300 8
5314 1
5328 4
5330 8
5338 4
5354 3
5364 3
5378 4
5380 9
5384 4
5386 5
5392 1
5402 7
5408 5
5410 9
5416 7
5440 5
5444 3
5450 6
5458 1
5476 1
5480 4
5482 6
5490 4
5492 4
5498 2
5506 2
5508 5
5512 5
5524 2
5536 2
5540 9
5554 1
5570 7
5576 4
5578 1
5584 3
5594 3
5602 4
5608 1
5618 3
5620 6
5626 4
5634 4
5636 1
5648 2
5650 7
5652 3
5668 7
5674 6
5684 1
5690 5
5696 4
5706 2
5714 2
5716 3
5732 1
5746 8
5760 1
5770 4
5780 10
5792 2
5794 2
5800 11
5812 2
5818 4
5832 2
5834 4
5840 6
5850 5
5858 5
5860 6
5864 2
5876 3
5882 7
5904 1
5914 1
5920 3
5924 2
5930 9
5938 5
5954 8
5956 5
5960 5
5968 2
5972 4
5978 3
5986 7
5994 1
6002 3
6010 12
6032 6
6050 2
6052 4
6056 1
6058 2
6068 4
6074 1
6082 1
6084 3
6088 2
6098 2
6100 8
6120 8
6122 1
6130 2
6148 3
6152 3
6154 8
6170 3
6176 5
6178 3
6184 4
6196 5
6212 2
6218 3
6224 3
6228 1
6242 3
6250 8
6260 3
6266 6
6274 1
6280 4
6290 7
6292 2
6304 3
6322 4
6340 3
6344 5
6352 4
6354 2
6362 1
6370 2
6376 5
6388 5
6400 5
6404 5
6408 4
6410 6
6416 2
6418 5
6434 1
6436 2
6442 2
6452 1
6458 3
6464 2
6466 7
6480 2
6484 2
6498 1
6500 10
6506 2
6514 2
6516 1
6530 7
6548 2
6554 2
6560 5
6562 6
6568 3
6570 8
6596 10
6602 3
6610 2
6626 1
6628 3
6632 2
6642 1
6656 3
6658 2
6660 5
6664 3
6676 3
6682 3
6698 5
6722 2
6724 4
6728 4
6730 3
6736 1
6740 4
6746 2
6760 7
6770 6
6772 2
6778 2
6784 5
6786 4
6788 3
6800 4
6826 2
6836 5
6850 7
6856 5
6866 2
6868 3
6884 3
6890 5
6898 2
6914 2
6920 2
6922 1
6928 3
6932 3
6938 3
6948 2
6962 1
6970 4
6976 3
6980 3
6984 5
6994 4
7002 2
7010 5
7012 2
7016 2
7018 1
7034 1
7048 2
7060 4
7066 2
7072 5
7076 4
7082 2
7090 1
7092 1
7108 2
7114 1
7120 6
7124 2
7146 1
7154 3
7156 3
7162 2
7178 4
7184 2
7186 1
7200 3
7202 7
7204 1
7208 6
7218 2
7220 1
7226 2
7232 2
7234 3
7240 7
7250 5
7252 1
7272 2
7274 2
7290 3
7298 5
7300 7
7306 4
7312 5
7328 2
7330 2
7346 1
7354 2
7362 2
7376 2
7380 2
7400 7
7402 2
7412 5
7418 1
7432 2
7442 3
7444 2
7456 2
7460 3
7474 2
7488 2
7496 1
7508 2
7514 4
7522 2
7528 1
7538 2
7540 7
7556 1
7570 3
7578 3
7586 1
7592 2
7594 2
7610 1
7618 4
7632 1
7642 2
7650 4
7652 1
7684 2
7690 2
7696 4
7706 1
7712 3
7720 2
7730 4
7732 1
7738 1
7748 3
7754 2
7760 4
7762 1
7778 4
7780 7
7786 3
7794 1
7834 2
7840 1
7844 3
7848 1
7850 4
7858 1
7880 5
7888 5
7922 3
7930 4
7938 2
7940 5
7946 6
7954 4
7956 7
7970 4
7972 2
7976 1
7978 2
7988 1
8000 4
8002 3
8010 5
8020 2
8026 1
8036 2
8042 1
8066 3
8072 3
8080 2
8082 2
8090 4
8100 4
8104 2
8114 5
8116 2
8136 1
8138 5
8144 3
8146 1
8164 3
8168 2
8180 2
8186 1
8194 2
8200 1
8210 2
8212 1
8224 3
8226 1
8242 5
8244 1
8258 1
8276 2
8282 4
8290 1
8296 2
8298 2
8314 3
8320 2
8330 1
8336 5
8352 4
8354 2
8362 7
8388 3
8410 7
8420 1
8424 2
8450 6
8452 2
8464 1
8468 3
8480 1
8482 1
8488 3
8500 7
8506 1
8516 2
8528 4
8530 3
8546 1
8548 2
8564 1
8570 4
8578 1
8584 2
8586 1
8594 1
8612 1
8642 1
8644 2
8650 2
8656 2
8658 2
8660 2
8676 1
8692 2
8698 1
8704 2
8712 1
8720 2
8730 6
8744 1
8762 2
8768 1
8770 5
8776 2
8784 3
8788 3
8794 2
8810 3
8818 1
8836 1
8840 3
8864 1
8872 1
8874 1
8882 1
8884 2
8900 3
8906 1
8912 3
8914 1
8936 2
8948 1
8954 2
8962 1
8980 1
8986 2
8992 2
8996 4
9000 3
9010 2
9028 3
9032 1
9040 1
9050 1
9074 4
9090 2
9092 2
9104 1
9106 4
9122 2
9140 5
9146 1
9160 4
9162 1
9172 1
9178 1
9220 2
9232 2
9236 2
9248 1
9250 6
9252 1
9256 3
9266 3
9280 4
9290 1
9298 2
9314 1
9316 3
9346 1
9364 1
9370 3
9376 1
9378 2
9386 2
9396 1
9410 3
9412 1
9418 1
9428 2
9434 1
9442 2
9458 2
9472 3
9490 3
9508 2
9512 3
9524 2
9530 3
9554 1
9556 2
9572 1
9578 1
9594 1
9604 1
9616 2
9620 3
9626 1
9634 2
9640 2
9650 1
9680 1
9684 1
9698 1
9700 2
9722 1
9736 1
9748 3
9754 1
9760 2
9770 1
9792 1
9800 3
9802 1
9808 3
9810 2
9826 1
9832 2
9850 1
9860 3
9866 1
9872 1
9874 2
9882 2
9896 2
9898 2
9908 1
9914 2
9928 1
9962 1
9970 2
9986 2
10000 4
10004 1
10018 1
10034 1
10036 2
10064 1
10088 4
10090 3
10100 1
10114 3
10130 1
10132 4
10138 3
10144 2
10154 1
10162 1
10170 2
10180 2
10192 2
10196 1
10202 1
10210 3
10226 1
10228 2
10244 3
10250 4
10280 1
10282 3
10306 2
10322 1
10324 1
10330 2
10372 2
10376 1
10378 1
10386 1
10388 1
10394 2
10400 4
10404 4
10418 1
10420 1
10440 4
10448 1
10466 1
10468 2
10474 2
10490 5
10496 2
10498 1
10504 1
10512 1
10522 2
10530 1
10532 1
10562 1
10568 2
10576 1
10580 1
10594 2
10600 2
10610 2
10628 1
10642 2
10656 2
10658 3
10666 1
10674 1
10676 2
10682 1
10690 2
10706 3
10728 1
10730 5
10756 1
10760 1
10762 1
10778 1
10784 1
10804 1
10816 2
10818 2
10834 1
10852 1
10880 3
10882 2
10888 2
10900 1
10930 3
10946 1
10952 1
10954 1
10970 1
10980 1
10984 3
10996 1
11002 1
11012 1
11024 2
11026 3
11034 3
11042 1
11050 2
11074 1
11080 1
11090 1
11108 1
11114 1
11152 3
11156 1
11170 1
11188 1
11194 1
11216 1
11236 1
11250 2
11252 2
11258 3
11268 1
11300 2
11304 2
11332 1
11336 2
11338 2
11368 2
11380 2
11386 2
11392 1
11426 1
11428 1
11434 1
11450 4
11458 1
11464 1
11466 1
11474 1
11482 1
11492 1
11520 1
11530 4
11538 2
11540 3
11554 1
11560 4
11570 2
11588 1
11600 2
11602 1
11650 1
11668 1
11680 1
11700 4
11714 1
11720 1
11722 1
11728 1
11754 2
11762 1
11794 1
11810 1
11860 1
11866 3
11890 3
11906 1
11908 1
11912 1
11972 1
11978 2
12002 2
12010 1
12050 3
12058 1
12074 1
12106 2
12112 1
12116 2
12132 1
12136 2
12148 1
12170 3
12196 1
12226 2
12240 1
12244 2
12250 1
12274 1
12290 2
12308 2
12322 1
12330 2
12352 2
12370 1
12392 2
12410 2
12482 1
12500 2
12506 2
12520 1
12532 1
12560 1
12564 1
12580 1
12584 1
12602 1
12610 1
12644 1
12680 1
12688 1
12706 1
12708 1
12722 1
12724 1
12746 1
12776 1
12802 1
12818 1
12832 1
12850 1
12868 3
12874 1
12884 1
12890 1
12928 1
12962 1
12994 4
13000 1
13010 1
13050 1
13060 2
13106 2
13108 1
13120 1
13130 1
13172 2
13234 1
13250 3
13298 1
13306 1
13320 1
13322 3
13328 1
13346 1
13364 2
13396 3
13402 1
13410 2
13448 1
13450 1
13480 1
13498 1
13514 1
13520 1
13522 1
13540 1
13544 2
13556 1
13562 1
13572 1
13576 2
13586 1
13600 2
13610 1
13626 1
13634 1
13690 1
13700 3
13730 1
13732 2
13736 1
13754 1
13768 2
13770 1
13780 2
13786 1
13796 1
13810 1
13834 1
13840 1
13850 2
13856 1
13858 2
13876 1
13898 2
13906 2
13914 1
13922 2
13940 1
13960 1
13994 1
14020 1
14024 1
14036 1
14066 1
14132 1
14144 1
14152 1
14162 2
14184 1
14210 1
14240 2
14242 1
14308 1
14314 1
14356 1
14368 1
14400 1
14404 1
14426 2
14450 1
14474 1
14482 2
14500 1
14522 1
14596 1
14600 2
14602 1
14612 1
14618 1
14656 1
14724 1
14788 1
14800 1
14804 1
14810 1
14842 1
14890 1
14900 2
14914 1
14948 1
15002 2
15028 1
15076 1
15082 1
15130 1
15154 1
15170 4
15208 1
15210 2
15250 1
15298 1
15300 2
15338 1
15368 1
15460 1
15490 1
15514 1
15520 1
15556 1
15560 2
15586 1
15592 1
15626 1
15650 1
15680 1
15754 1
15760 2
15776 1
15842 1
15944 1
15956 1
16004 1
16042 1
16066 3
16072 1
16106 1
16132 1
16180 1
16228 1
16250 1
16276 1
16288 1
16290 1
16354 1
16388 1
16400 1
16498 1
16538 1
16546 1
16592 1
16650 2
16660 1
16666 2
16706 1
16714 1
16724 1
16810 1
16820 1
16850 1
16900 1
16930 1
16946 1
17000 2
17026 1
17074 1
17082 1
17154 1
17162 1
17188 1
17194 1
17216 1
17300 2
17320 1
17330 1
17440 1
17492 1
17576 1
18020 1
18148 1
18154 1
18162 1
18280 1
18338 1
18448 1
18596 1
18770 1
18868 1
18954 1
19016 1
19210 1
19280 1
19940 1
20180 1
20322 1
20340 1
20794 2
20800 1
21058 1
21064 1
21200 1
21284 1
21386 1
21520 1
22180 1
22472 1
22500 1
22672 1
22676 1
22786 1
23504 1
23752 1
23762 1
24200 1
25864 1
25874 1
26690 1
27450 1
27530 1
30346 1
31250 1
