N J h mean_R_sq err_mean_R_sq mean_R_gyr_sq err_mean_R_gyr_sq 
4900 1.344 0 185067 130467 24875.2 16901.2
289 1
2165 1
2669 1
2969 1
4637 1
4849 1
5569 1
5725 1
6165 1
6701 1
7145 1
7165 1
7897 1
7901 1
9133 1
10193 1
10693 1
11465 1
11801 1
12773 1
16801 1
17425 1
17901 1
18581 1
19793 1
22385 1
23245 1
24433 1
24917 1
27529 1
27961 1
28213 1
28249 1
29377 1
30377 1
30465 1
30545 1
30557 1
32317 1
34541 1
35797 1
36121 1
37097 1
38321 1
39605 1
40253 1
40465 1
40781 1
42017 1
42029 1
42989 1
43641 1
44221 1
44865 1
46381 1
46465 1
46881 1
49997 1
50941 1
52873 1
60773 1
61529 1
63025 1
65561 1
65981 1
73049 1
74341 1
74825 1
76085 1
76617 1
79105 1
82385 1
83113 1
83837 1
91933 1
93105 1
93749 1
93925 1
103777 1
114005 1
114769 1
121085 1
121397 1
274013 1
287225 1
479861 1
504109 1
570509 1
588613 1
604577 1
709925 1
711225 1
713297 1
892125 1
1152761 1
1218601 1
1334033 1
2080721 1
2263385 1
