N J h mean_R_sq err_mean_R_sq mean_R_gyr_sq err_mean_R_gyr_sq 
1225 1.425 0 1400.32 26.5269 363.233 3.17402
2 2
4 4
8 3
10 3
16 8
18 6
20 10
26 9
32 6
34 13
36 6
40 10
50 20
52 11
58 10
64 4
68 14
72 3
74 12
80 7
82 12
90 11
98 3
100 14
104 13
106 12
116 15
122 7
128 7
130 15
136 14
144 4
146 7
148 5
160 13
162 5
164 9
170 17
178 5
180 10
194 10
196 4
200 16
202 12
208 11
212 3
218 14
226 12
232 9
234 14
242 4
244 11
250 15
256 8
260 13
272 10
274 9
288 3
290 27
292 9
296 13
298 13
306 10
314 6
320 16
324 7
328 7
338 11
340 21
346 14
356 8
360 10
362 8
370 30
386 11
388 14
392 6
394 6
400 11
404 12
410 21
416 12
424 5
436 7
442 21
450 17
452 12
458 4
464 9
466 6
468 12
482 9
484 3
488 8
490 7
500 25
512 3
514 5
520 16
522 6
530 9
538 9
544 8
548 9
554 9
562 8
576 5
578 12
580 11
584 6
586 9
592 5
596 11
610 18
612 7
626 11
628 11
634 9
640 10
648 3
650 29
656 12
666 11
674 8
676 15
680 14
692 2
698 11
706 6
712 5
720 5
722 5
724 17
730 16
738 8
740 8
746 6
754 11
772 10
776 6
778 16
784 5
788 12
794 10
800 10
802 4
808 7
810 9
818 12
820 14
832 7
842 6
848 7
850 21
866 11
872 3
882 5
884 17
890 14
898 5
900 9
904 11
914 7
916 10
922 3
928 6
932 6
936 13
954 5
962 12
964 5
968 6
970 12
976 9
980 5
986 13
1000 8
1010 15
1018 7
1024 4
1028 3
1040 14
1042 9
1044 4
1058 2
1060 5
1066 14
1076 7
1082 9
1088 7
1090 22
1096 2
1098 5
1108 6
1114 6
1124 8
1130 10
1138 7
1152 3
1154 4
1156 18
1160 17
1168 6
1170 11
1172 8
1184 4
1186 4
1192 5
1202 4
1210 4
1220 9
1224 3
1226 7
1234 5
1250 13
1252 4
1256 5
1258 12
1268 4
1274 4
1280 3
1282 6
1296 2
1300 14
1306 4
1312 5
1314 9
1322 2
1332 7
1346 10
1348 4
1352 4
1354 4
1360 17
1370 14
1378 8
1384 3
1394 8
1396 6
1402 5
1412 3
1418 6
1424 4
1440 9
1444 4
1448 7
1450 11
1460 10
1466 4
1476 2
1480 8
1490 9
1492 2
1508 10
1514 5
1522 3
1530 3
1538 5
1544 3
1546 1
1552 6
1556 2
1568 3
1570 5
1576 1
1586 8
1588 5
1594 4
1600 8
1602 4
1604 6
1616 3
1618 5
1620 3
1636 5
1640 10
1642 2
1658 8
1664 7
1666 6
1682 5
1684 6
1690 11
1696 2
1700 14
1706 8
1714 5
1730 9
1732 1
1744 5
1746 3
1754 3
1762 2
1768 4
1780 4
1796 5
1800 6
1802 5
1808 1
1810 10
1818 4
1828 2
1832 5
1844 1
1850 14
1856 4
1858 1
1864 3
1872 4
1874 4
1898 3
1906 2
1908 1
1922 1
1924 7
1928 1
1930 2
1936 2
1940 5
1952 3
1954 2
1960 4
1962 4
1970 7
1972 6
1994 3
2000 5
2020 8
2026 4
2034 4
2036 4
2042 1
2048 3
2050 6
2056 2
2066 3
2074 3
2080 6
2084 3
2088 1
2098 4
2106 3
2116 1
2120 1
2122 5
2132 2
2138 3
2146 10
2152 4
2164 1
2176 2
2180 4
2186 3
2194 2
2196 5
2210 8
2216 1
2218 3
2228 7
2234 1
2248 3
2250 4
2258 4
2260 2
2276 1
2290 7
2306 3
2308 4
2312 1
2314 2
2320 5
2330 3
2340 4
2344 2
2362 1
2368 3
2372 3
2378 3
2384 1
2386 1
2402 5
2404 4
2410 7
2420 2
2426 1
2434 2
2440 5
2448 4
2450 6
2458 1
2466 5
2468 1
2474 1
2482 5
2498 4
2500 9
2504 1
2512 3
2516 1
2522 6
2548 1
2554 3
2560 4
2564 2
2570 1
2578 1
2592 1
2594 1
2600 5
2602 4
2610 2
2612 2
2624 2
2626 2
2628 4
2642 1
2644 1
2650 4
2664 1
2682 2
2690 8
2692 3
2696 1
2708 2
2720 6
2722 1
2738 3
2740 4
2746 3
2754 3
2756 6
2762 3
2770 1
2788 8
2792 2
2804 1
2810 3
2826 4
2834 6
2836 1
2842 1
2848 1
2866 2
2880 3
2888 1
2890 8
2896 1
2900 7
2916 2
2920 5
2930 2
2938 2
2952 2
2960 3
2962 1
2978 1
2980 3
2984 1
2986 3
3016 1
3026 2
3034 4
3042 1
3044 1
3050 8
3060 2
3074 2
3088 1
3092 1
3098 1
3106 2
3112 1
3130 2
3136 1
3140 3
3146 1
3152 2
3170 2
3172 4
3176 1
3188 2
3194 3
3200 1
3202 1
3208 1
3236 4
3242 1
3250 2
3272 2
3280 1
3284 2
3298 1
3314 1
3330 2
3332 1
3338 3
3362 1
3364 3
3368 2
3370 3
3380 3
3392 1
3394 1
3400 4
3428 1
3460 3
3474 1
3482 1
3488 1
3492 1
3508 1
3524 2
3528 2
3530 1
3536 1
3538 2
3554 1
3560 1
3562 2
3578 2
3592 1
3600 1
3604 1
3620 3
3650 5
3656 1
3690 1
3700 4
3706 2
3712 2
3716 1
3728 1
3744 1
3746 2
3754 1
3764 1
3770 5
3796 2
3802 1
3812 1
3816 1
3826 1
3842 2
3860 4
3866 1
3872 1
3874 1
3880 2
3890 1
3898 4
3908 2
3920 2
3922 2
3924 2
3940 3
3944 1
3946 1
3970 2
3978 2
3986 1
4010 2
4018 1
4036 1
4040 2
4052 2
4082 1
4090 2
4100 3
4114 1
4122 1
4148 1
4160 1
4162 3
4194 2
4196 2
4210 1
4212 1
4226 1
4250 1
4264 1
4292 2
4304 1
4306 1
4330 1
4346 1
4352 1
4360 1
4388 1
4410 1
4418 1
4420 2
4450 1
4490 2
4498 1
4500 3
4516 1
4520 2
4580 2
4594 1
4610 1
4616 1
4628 1
4640 3
4658 2
4660 1
4698 1
4706 3
4736 1
4744 2
4754 1
4762 2
4770 2
4772 1
4778 2
4786 1
4808 1
4810 3
4850 3
4868 1
4880 3
4900 1
4904 1
4930 1
4948 2
4964 2
5000 3
5002 1
5018 1
5032 2
5042 1
5044 3
5072 1
5108 1
5186 2
5194 1
5200 1
5218 2
5328 1
5338 2
5364 1
5384 1
5402 1
5410 1
5416 1
5440 1
5476 1
5482 1
5506 1
5540 1
5570 1
5576 1
5578 1
5602 1
5618 2
5648 1
5690 1
5706 1
5722 1
5732 1
5746 2
5792 1
5800 1
5812 1
5858 1
5904 1
5972 1
6002 1
6050 2
6120 1
6154 1
6196 1
6242 1
6272 1
6322 1
6340 2
6344 1
6500 1
6586 1
6660 1
6714 1
6722 1
6784 1
6850 1
6866 1
6890 1
6948 1
6964 1
7002 1
7048 1
7060 1
7090 1
7298 1
7330 1
7460 1
7488 1
7652 1
7696 1
7930 1
8010 1
8164 1
8612 1
8660 1
8818 1
9000 1
9098 1
9220 1
9802 1
9860 1
11162 1
