N J h mean_R_sq err_mean_R_sq mean_R_gyr_sq err_mean_R_gyr_sq 
2916 1.429 0 4538.76 2184.95 1088.71 311.86
9 1
13 1
25 2
41 2
61 1
65 3
89 2
97 1
113 1
117 1
125 2
157 1
169 1
173 1
181 1
205 2
225 1
265 1
277 1
281 1
305 2
313 2
325 1
353 1
365 2
369 1
377 2
397 1
405 1
421 1
425 4
433 1
441 1
445 2
461 1
477 1
505 4
521 1
533 2
541 1
549 1
557 1
565 1
577 1
593 1
617 1
625 3
629 1
641 1
653 2
673 1
685 1
689 2
697 3
725 1
729 1
745 1
769 1
773 1
793 3
797 1
801 1
841 1
845 1
853 2
857 1
865 1
873 1
901 3
905 1
925 1
949 2
977 2
985 2
997 2
1009 1
1017 1
1021 1
1025 4
1037 1
1049 1
1069 2
1105 1
1109 1
1145 2
1153 1
1157 1
1181 2
1217 1
1225 2
1233 1
1241 2
1297 1
1313 1
1321 1
1325 1
1341 1
1345 1
1413 2
1421 1
1445 1
1493 1
1517 1
1537 1
1565 2
1613 1
1625 1
1649 1
1717 1
1745 1
1753 1
1769 1
1781 1
1813 1
1825 3
1921 1
1973 1
2045 1
2069 2
2089 1
2117 2
2125 3
2165 2
2169 1
2173 1
2197 2
2225 1
2245 1
2269 1
2297 1
2329 1
2377 1
2389 1
2405 2
2465 2
2473 1
2521 1
2525 1
2529 1
2557 1
2581 1
2645 1
2665 1
2689 1
2725 3
2837 1
2857 1
2909 2
2925 1
2965 1
2969 1
2977 2
2993 1
2997 1
3033 1
3133 1
3137 1
3145 1
3181 1
3221 1
3253 1
3281 1
3285 1
3293 1
3329 1
3425 1
3445 4
3485 1
3517 2
3541 1
3625 1
3677 1
3681 1
3725 1
3785 1
3897 1
3917 1
3977 1
4005 1
4045 1
4049 1
4057 1
4157 1
4253 1
4293 3
4369 1
4381 1
4505 1
4657 1
4733 1
4777 1
4885 1
4985 1
4993 1
5021 1
5337 1
5417 1
5437 1
5525 2
5597 2
5625 1
5645 2
5729 1
5749 1
5813 1
5917 1
6065 1
6109 1
6201 1
6217 1
6341 1
6413 1
7085 1
7297 1
7345 1
7817 1
8065 1
8357 1
9117 1
10357 1
10441 1
10865 1
11861 1
12077 1
12105 1
13873 1
15245 1
20549 1
31681 1
167093 1
194041 1
209989 1
