N J h mean_R_sq err_mean_R_sq mean_R_gyr_sq err_mean_R_gyr_sq 
1600 1.372 0 4826.93 117.984 891.944 12.7743
5 1
13 3
17 1
25 4
29 1
37 2
41 1
45 5
49 2
53 5
65 7
73 1
85 2
89 3
101 1
109 4
113 5
117 3
121 1
125 2
137 2
145 5
149 7
153 3
157 2
169 5
173 2
181 3
185 8
193 1
197 5
205 4
221 7
225 5
229 2
233 6
241 3
245 2
257 3
261 6
265 1
269 1
277 2
281 3
289 2
293 4
305 2
313 6
317 2
325 12
333 5
337 4
349 3
353 1
361 3
365 7
369 3
373 3
377 4
389 2
397 1
401 1
405 3
409 2
425 6
433 1
441 2
445 8
449 4
457 1
461 4
477 3
481 5
485 5
493 4
505 5
509 1
521 1
533 2
541 4
545 4
549 2
557 4
565 3
569 1
577 3
585 2
593 3
601 2
605 3
613 2
617 1
625 10
629 5
637 6
641 2
653 3
657 4
673 2
677 5
685 5
689 7
697 9
701 3
709 5
725 6
729 4
733 2
745 4
757 1
761 4
765 8
769 2
773 1
785 11
793 5
797 2
801 1
809 3
821 5
829 1
841 4
845 7
853 3
857 2
865 3
873 1
877 1
881 4
901 4
905 7
909 1
925 5
929 3
937 1
941 2
949 4
953 5
961 1
965 3
977 2
981 1
985 9
997 1
1009 2
1013 3
1017 3
1021 2
1025 8
1033 3
1037 4
1049 6
1053 4
1061 2
1069 3
1073 4
1089 4
1093 2
1097 2
1105 7
1109 1
1125 5
1129 2
1145 6
1153 2
1157 7
1165 6
1189 5
1193 1
1201 4
1205 5
1213 4
1217 4
1225 3
1229 3
1233 3
1237 4
1241 3
1249 2
1261 5
1277 2
1285 3
1289 5
1301 4
1305 2
1313 1
1321 8
1325 7
1341 4
1345 8
1361 3
1369 4
1373 4
1381 2
1385 1
1409 3
1413 3
1417 5
1421 2
1433 5
1445 6
1453 2
1465 5
1469 2
1481 2
1489 3
1513 8
1517 6
1521 6
1525 12
1553 3
1557 2
1565 4
1573 3
1585 6
1597 3
1609 1
1613 1
1621 2
1625 11
1629 2
1637 1
1649 1
1657 2
1665 5
1669 2
1681 4
1685 5
1693 1
1697 2
1709 3
1717 5
1733 3
1737 3
1741 1
1745 2
1765 2
1769 4
1773 2
1777 1
1781 4
1789 4
1801 4
1805 1
1813 2
1825 5
1845 4
1849 1
1853 8
1861 1
1865 8
1873 4
1877 2
1885 7
1889 1
1901 4
1913 1
1921 5
1933 2
1937 6
1945 2
1949 1
1961 5
1973 1
1985 4
1989 1
1993 4
1997 3
2005 7
2009 3
2017 3
2025 3
2029 3
2041 5
2045 2
2053 1
2057 1
2061 4
2069 2
2081 2
2089 1
2097 3
2105 4
2113 4
2117 7
2125 8
2129 3
2137 3
2141 3
2153 1
2161 2
2165 4
2169 1
2173 4
2197 4
2205 2
2209 2
2213 4
2221 5
2225 9
2237 2
2245 5
2249 4
2257 2
2269 5
2273 2
2281 2
2285 6
2297 6
2305 2
2309 2
2313 3
2329 5
2333 1
2341 3
2349 2
2353 6
2377 2
2381 1
2385 3
2389 2
2393 3
2401 1
2405 10
2417 4
2421 1
2425 6
2437 3
2441 5
2465 15
2473 1
2477 1
2493 3
2501 5
2509 3
2521 1
2525 5
2529 5
2533 3
2545 5
2549 4
2557 2
2561 3
2581 2
2593 3
2597 3
2601 1
2605 6
2609 1
2621 2
2633 2
2637 3
2645 1
2665 4
2677 4
2689 3
2693 1
2701 4
2705 4
2713 1
2725 8
2729 3
2741 4
2745 3
2749 2
2753 3
2785 4
2789 2
2797 1
2801 4
2809 3
2813 4
2817 4
2825 4
2833 3
2845 1
2857 3
2861 3
2873 6
2885 7
2897 1
2909 1
2917 2
2925 2
2929 6
2941 5
2953 1
2965 5
2969 2
2977 2
2993 3
2997 4
3005 7
3025 1
3029 3
3033 3
3041 3
3049 3
3061 1
3065 2
3077 6
3085 2
3089 1
3109 3
3121 4
3125 5
3133 3
3141 2
3145 4
3161 4
3169 2
3177 2
3181 3
3185 7
3205 2
3209 2
3217 1
3221 1
3229 3
3233 6
3253 1
3257 3
3277 3
3281 3
3285 1
3293 1
3301 1
3305 3
3313 3
3341 1
3349 5
3357 5
3361 1
3365 2
3385 3
3389 1
3393 4
3425 5
3433 1
3445 5
3449 1
3461 2
3469 3
3485 7
3497 2
3501 3
3505 6
3509 2
3517 3
3529 1
3533 1
3541 1
3545 3
3557 2
3573 4
3577 2
3581 2
3589 2
3601 5
3617 6
3625 6
3637 1
3645 2
3649 5
3653 5
3665 2
3677 3
3681 1
3697 1
3721 3
3725 6
3733 1
3737 7
3757 6
3761 2
3769 1
3785 4
3789 1
3793 4
3805 4
3809 7
3825 3
3833 3
3845 1
3865 1
3869 2
3877 2
3881 3
3889 1
3893 2
3925 1
3929 1
3961 3
3965 5
3973 3
3977 4
3985 3
3989 1
4005 5
4021 2
4033 1
4045 2
4049 2
4069 1
4093 3
4097 2
4105 2
4113 3
4121 3
4129 4
4133 4
4141 3
4145 3
4149 1
4153 1
4165 2
4177 1
4181 2
4201 1
4205 1
4217 2
4225 5
4229 1
4241 2
4253 1
4261 1
4265 3
4273 2
4285 2
4289 2
4293 2
4325 5
4329 5
4337 1
4357 4
4369 2
4373 1
4381 5
4385 4
4397 1
4405 2
4409 1
4421 2
4437 2
4441 1
4453 5
4469 4
4477 1
4481 1
4493 2
4505 4
4513 2
4517 3
4525 5
4537 8
4545 3
4549 2
4553 7
4561 2
4573 4
4581 5
4597 2
4621 1
4625 4
4637 2
4645 1
4649 1
4657 2
4685 2
4689 2
4705 1
4709 3
4717 1
4721 1
4733 4
4745 3
4753 3
4761 2
4765 4
4789 1
4793 2
4797 3
4805 1
4813 1
4817 2
4825 4
4849 3
4861 2
4869 1
4877 3
4885 3
4901 9
4905 1
4913 4
4925 1
4933 2
4937 1
4941 1
4949 1
4981 2
4985 2
5009 1
5013 1
5017 2
5021 1
5041 1
5045 1
5057 3
5065 4
5069 1
5077 2
5085 6
5101 1
5125 6
5141 2
5161 2
5165 3
5185 5
5189 2
5193 2
5197 2
5233 2
5237 3
5245 7
5249 2
5261 1
5265 2
5273 1
5305 3
5309 2
5321 1
5329 1
5333 1
5345 1
5353 1
5365 6
5381 1
5389 2
5393 1
5409 1
5413 1
5417 1
5429 2
5437 2
5441 1
5465 4
5473 1
5477 2
5485 1
5501 1
5513 4
5517 1
5525 7
5545 1
5553 1
5569 3
5573 1
5581 2
5585 1
5597 2
5617 6
5625 3
5629 2
5641 2
5653 2
5661 1
5669 1
5689 1
5693 3
5713 4
5717 1
5725 4
5729 3
5733 1
5737 3
5765 1
5769 3
5777 3
5785 5
5801 2
5809 1
5813 1
5825 5
5849 3
5861 2
5881 1
5917 5
5929 1
5933 1
5941 4
5945 5
5965 2
5981 1
5993 1
6001 1
6005 3
6025 1
6029 3
6057 1
6085 1
6089 1
6093 1
6101 2
6109 2
6113 1
6121 1
6125 1
6137 1
6161 1
6165 1
6173 2
6185 3
6197 1
6201 3
6205 6
6221 1
6229 2
6241 2
6253 1
6257 1
6273 4
6301 1
6317 1
6337 1
6341 4
6361 2
6373 1
6389 1
6397 2
6401 1
6409 6
6413 1
6421 1
6425 2
6445 1
6449 1
6469 2
6473 1
6497 2
6505 1
6521 1
6525 2
6529 1
6553 1
6565 2
6605 5
6613 3
6625 6
6637 1
6641 2
6649 4
6653 1
6661 1
6689 1
6697 1
6725 2
6733 1
6749 1
6761 1
6773 2
6805 2
6813 1
6817 2
6829 1
6833 2
6845 5
6849 1
6857 1
6865 4
6885 2
6893 1
6917 2
6921 1
6925 3
6929 7
6953 2
6957 1
6997 1
7025 3
7033 3
7045 3
7065 2
7081 2
7085 4
7093 1
7105 2
7109 1
7137 2
7145 1
7157 1
7165 4
7177 2
7225 3
7229 1
7237 2
7241 3
7261 3
7265 1
7289 2
7297 2
7321 2
7333 1
7345 3
7349 3
7373 1
7381 1
7389 1
7397 3
7405 1
7421 3
7433 1
7445 2
7453 3
7457 1
7465 1
7477 2
7481 1
7497 1
7501 1
7517 2
7529 1
7537 1
7549 1
7585 2
7589 1
7605 3
7621 2
7625 3
7633 1
7681 1
7685 2
7709 2
7713 3
7745 2
7789 2
7801 1
7813 2
7825 1
7853 1
7857 1
7865 1
7873 1
7877 2
7897 1
7913 1
7921 2
7933 1
7937 1
7949 3
7957 3
7969 1
7993 2
8005 1
8053 1
8065 2
8069 1
8081 1
8105 2
8109 2
8117 2
8125 2
8145 1
8149 2
8177 3
8181 2
8185 1
8209 3
8221 1
8249 1
8281 1
8317 1
8321 2
8325 1
8329 1
8333 2
8345 3
8353 1
8357 1
8361 1
8381 1
8405 2
8425 1
8429 1
8433 3
8465 2
8473 1
8489 2
8497 1
8501 1
8513 2
8537 2
8545 1
8573 1
8581 2
8597 1
8609 1
8629 2
8633 2
8665 1
8677 1
8685 1
8693 1
8705 2
8713 1
8725 1
8737 1
8741 1
8749 3
8793 1
8801 2
8825 1
8829 1
8845 3
8857 1
8865 2
8869 1
8885 1
8905 1
8945 2
8969 1
8989 2
9001 1
9005 1
9025 1
9041 1
9061 2
9065 1
9081 2
9089 1
9109 1
9125 3
9137 1
9153 1
9181 1
9193 1
9197 2
9209 1
9217 1
9221 1
9225 1
9257 2
9265 2
9293 1
9305 1
9325 3
9333 1
9337 1
9341 1
9377 1
9409 1
9421 1
9425 5
9433 1
9441 2
9445 1
9457 2
9461 1
9469 1
9477 1
9497 1
9521 1
9529 1
9549 1
9553 1
9565 1
9605 2
9657 3
9665 1
9673 1
9685 1
9689 1
9697 2
9701 3
9721 2
9725 2
9733 2
9749 1
9773 2
9801 1
9805 1
9829 1
9837 1
9873 1
9901 3
9925 1
9945 3
9953 1
9965 1
9985 3
9997 3
10001 3
10009 1
10049 2
10053 1
10061 1
10069 1
10081 3
10121 1
10125 1
10145 2
10161 3
10169 2
10201 1
10205 3
10225 3
10229 2
10237 1
10249 1
10265 1
10273 1
10289 1
10301 1
10305 1
10309 4
10321 1
10361 2
10397 1
10421 2
10433 2
10445 2
10453 1
10489 1
10517 2
10525 1
10537 3
10553 1
10565 1
10573 1
10585 1
10597 3
10613 1
10625 1
10673 2
10701 1
10705 1
10737 1
10765 1
10805 1
10817 1
10825 1
10837 1
10845 1
10865 1
10877 2
10897 1
10909 1
10961 1
11025 1
11041 1
11069 1
11105 3
11113 1
11125 2
11141 1
11161 1
11177 1
11245 2
11261 1
11281 1
11317 1
11345 1
11357 1
11365 1
11401 2
11425 1
11437 1
11465 2
11485 2
11521 1
11545 2
11601 1
11633 1
11665 1
11673 1
11705 2
11713 2
11729 2
11737 1
11745 1
11765 2
11789 2
11809 1
11849 1
11861 2
11881 1
11889 1
11925 1
11933 1
11965 1
11969 1
12041 1
12085 1
12101 1
12125 2
12149 1
12161 2
12209 1
12269 1
12325 2
12329 2
12337 1
12357 1
12365 1
12373 1
12389 1
12429 1
12465 1
12469 1
12473 1
12541 1
12601 2
12605 2
12625 2
12637 2
12645 1
12665 2
12713 1
12717 1
12745 1
12753 1
12781 1
12785 1
12821 1
12833 1
12889 1
12937 1
12953 1
12965 2
12997 1
13033 2
13045 1
13049 1
13061 1
13077 1
13181 1
13221 1
13253 4
13289 1
13309 1
13325 1
13337 1
13345 1
13369 1
13417 1
13429 1
13445 1
13481 1
13525 1
13565 1
13613 1
13625 1
13721 1
13745 1
13757 1
13765 1
13769 1
13817 1
13877 1
13985 1
13997 1
14029 1
14065 1
14085 1
14089 1
14161 1
14173 1
14213 1
14225 1
14265 1
14285 4
14293 1
14369 1
14409 1
14417 1
14453 2
14521 1
14545 2
14549 1
14621 1
14625 3
14633 1
14669 1
14681 1
14705 3
14741 1
14825 1
14885 1
14929 1
14957 1
14965 1
14977 1
15077 1
15109 1
15133 1
15145 1
15149 1
15229 1
15245 1
15269 1
15317 1
15385 1
15397 1
15413 1
15425 1
15453 1
15457 1
15509 1
15577 1
15725 1
15797 1
15817 1
15845 2
15925 2
15957 2
15977 1
16021 1
16025 2
16133 2
16189 1
16201 1
16217 2
16385 1
16393 1
16405 1
16425 1
16565 1
16577 1
16589 2
16745 1
16785 1
16805 1
16925 1
16993 1
17189 1
17285 1
17289 1
17405 1
17425 1
17505 1
17533 1
17725 1
17861 1
17885 2
18265 3
18329 1
18409 3
18517 1
18521 1
18965 2
18989 1
19193 1
19377 1
19453 1
19577 1
19609 1
19769 1
19825 1
19853 1
19885 1
19897 1
19945 1
19981 1
20233 1
21097 1
21253 1
21257 1
21365 1
21485 1
21789 1
21805 1
22321 2
22901 1
23041 1
24785 1
25969 1
26117 1
26825 1
27169 1
28913 1
30145 1
32229 1
41117 1
87665 1
