N J h mean_R_sq err_mean_R_sq mean_R_gyr_sq err_mean_R_gyr_sq 
1600 1.348 0 7518.58 149.585 1243.71 14.2848
13 2
37 4
41 1
45 1
53 1
61 6
65 2
73 2
81 1
85 6
89 2
97 1
101 1
113 1
117 2
121 1
125 4
137 1
145 1
149 2
157 1
169 2
173 1
181 1
185 6
197 2
205 1
221 5
225 3
229 2
233 2
241 1
245 3
257 2
265 3
269 2
281 1
289 3
293 2
305 5
317 2
325 3
333 1
337 1
349 1
353 2
361 3
365 7
369 1
373 4
377 4
389 3
397 1
401 3
405 1
409 2
421 1
425 5
433 3
445 1
457 1
477 2
481 1
485 5
493 4
505 1
509 2
521 2
533 1
541 1
545 4
549 2
565 1
569 1
577 2
585 4
593 4
601 2
605 2
613 4
625 6
629 3
653 2
657 2
661 1
673 1
677 1
685 9
689 2
697 1
701 3
709 3
725 6
729 2
733 2
745 2
757 1
761 2
765 4
769 1
773 2
785 2
793 4
797 1
801 2
821 3
829 2
833 4
841 1
845 5
853 3
857 1
865 5
873 2
877 2
881 3
901 4
905 2
909 4
925 7
929 2
941 1
949 2
953 2
961 1
965 4
977 1
981 3
985 1
997 2
1009 2
1013 3
1017 3
1021 2
1025 8
1033 1
1037 6
1049 2
1053 2
1061 1
1069 1
1073 1
1093 1
1097 3
1105 9
1109 1
1117 1
1125 2
1129 1
1145 4
1153 1
1157 1
1165 2
1181 4
1189 3
1193 1
1201 1
1205 2
1217 2
1225 4
1229 1
1233 2
1237 3
1241 7
1249 3
1261 5
1277 2
1285 4
1289 2
1297 4
1301 4
1305 2
1313 4
1321 1
1325 5
1341 3
1345 3
1361 2
1369 2
1373 2
1377 1
1381 3
1385 4
1405 3
1409 1
1413 2
1417 5
1421 2
1429 2
1433 1
1445 4
1453 1
1465 1
1469 1
1481 2
1493 1
1513 3
1517 4
1521 4
1525 4
1537 2
1553 1
1557 3
1565 2
1585 4
1597 4
1601 1
1609 5
1613 2
1621 2
1625 5
1629 1
1637 1
1649 3
1657 1
1665 3
1669 2
1681 1
1685 5
1693 1
1717 6
1741 3
1745 5
1765 2
1769 5
1777 3
1801 1
1813 2
1825 8
1845 2
1853 2
1861 1
1865 3
1873 1
1885 8
1889 3
1901 2
1913 1
1921 3
1933 1
1937 2
1945 2
1973 3
1985 4
1989 2
1997 1
2005 2
2009 1
2025 2
2029 3
2041 6
2045 1
2053 2
2057 2
2061 1
2069 2
2081 2
2089 2
2105 4
2113 1
2117 4
2125 6
2129 5
2137 3
2141 3
2153 1
2161 2
2165 4
2169 2
2173 1
2197 5
2205 1
2213 1
2225 1
2237 2
2245 2
2249 2
2257 4
2281 3
2285 6
2293 4
2297 2
2305 3
2309 1
2313 2
2329 3
2341 1
2349 2
2353 2
2357 2
2385 4
2389 4
2405 3
2417 3
2425 1
2465 6
2473 1
2493 1
2501 4
2509 4
2521 2
2525 2
2529 2
2533 4
2545 4
2549 3
2561 4
2581 6
2593 4
2597 1
2601 2
2605 2
2609 5
2617 3
2621 4
2633 1
2645 1
2657 2
2665 6
2669 3
2693 3
2701 5
2705 5
2713 2
2725 4
2729 1
2741 4
2745 3
2749 1
2753 2
2777 1
2785 2
2789 2
2797 4
2801 2
2809 4
2813 7
2817 1
2825 2
2833 3
2837 5
2845 2
2857 2
2873 4
2885 5
2897 4
2909 1
2917 2
2925 2
2929 4
2941 1
2953 1
2965 6
2969 2
2977 3
2989 2
2993 3
2997 3
3001 1
3005 4
3025 4
3029 4
3033 2
3041 1
3049 4
3061 4
3065 5
3077 1
3085 2
3089 3
3109 1
3121 3
3125 8
3133 2
3137 1
3141 5
3145 6
3161 4
3181 2
3185 5
3205 1
3209 2
3217 2
3221 4
3229 4
3233 4
3249 2
3265 4
3277 3
3281 2
3285 4
3293 1
3305 3
3313 1
3321 2
3329 2
3341 2
3349 3
3357 2
3361 4
3365 3
3385 4
3389 1
3393 4
3413 2
3425 3
3433 3
3445 6
3449 1
3457 1
3461 2
3469 1
3481 2
3485 6
3497 2
3505 4
3509 2
3517 3
3545 2
3557 4
3573 2
3577 1
3581 1
3589 2
3593 2
3601 2
3613 4
3617 3
3625 4
3645 1
3649 3
3653 3
3665 4
3673 2
3677 3
3681 1
3697 2
3721 3
3725 6
3733 1
3737 3
3757 6
3761 1
3769 1
3785 3
3789 2
3793 2
3797 1
3805 1
3809 4
3821 2
3825 3
3845 4
3865 4
3869 1
3877 2
3889 2
3893 5
3897 4
3917 2
3925 2
3929 1
3961 2
3965 4
3973 1
3977 3
3985 3
3989 2
4001 3
4005 2
4013 2
4021 1
4033 3
4041 3
4045 3
4069 2
4093 1
4105 4
4113 3
4121 2
4129 3
4133 4
4141 2
4145 2
4153 3
4157 2
4165 2
4177 1
4201 2
4205 4
4225 7
4241 1
4253 4
4261 1
4273 3
4285 3
4289 2
4293 2
4297 3
4321 5
4325 4
4329 2
4337 1
4349 1
4357 3
4361 2
4365 1
4369 3
4373 1
4381 4
4385 2
4397 1
4405 5
4409 1
4421 2
4437 5
4441 1
4453 2
4457 1
4469 2
4477 1
4481 4
4489 2
4493 1
4505 4
4525 6
4537 2
4553 2
4573 1
4581 3
4597 3
4621 2
4625 6
4633 2
4637 2
4645 2
4649 1
4673 1
4685 1
4689 1
4693 3
4705 4
4717 2
4729 1
4733 5
4745 3
4761 1
4765 5
4777 3
4789 1
4793 1
4797 2
4805 3
4813 1
4817 1
4825 2
4849 1
4861 3
4869 1
4885 3
4901 3
4905 1
4909 1
4925 1
4933 3
4937 2
4961 1
4969 1
4973 1
4981 2
4985 5
4993 1
5009 1
5013 1
5017 1
5021 1
5041 1
5045 2
5065 1
5069 2
5077 2
5081 1
5085 3
5101 2
5105 2
5121 2
5125 4
5141 3
5161 1
5165 3
5185 4
5189 1
5193 2
5209 1
5213 4
5233 1
5245 1
5249 3
5261 1
5273 2
5281 3
5297 2
5305 2
5309 2
5317 5
5321 1
5329 2
5333 2
5337 1
5341 1
5345 3
5365 5
5389 3
5393 1
5409 1
5413 2
5417 1
5429 2
5437 1
5441 2
5445 1
5449 1
5465 6
5473 1
5485 5
5501 4
5513 3
5517 2
5521 2
5525 6
5537 1
5545 1
5553 3
5557 1
5569 1
5581 3
5585 4
5597 3
5617 2
5625 3
5629 6
5645 2
5653 4
5661 3
5669 1
5701 1
5713 3
5717 1
5725 2
5729 3
5733 1
5737 1
5749 3
5765 3
5777 5
5785 1
5801 1
5809 2
5813 1
5821 3
5837 2
5861 4
5869 1
5877 2
5881 2
5905 1
5913 1
5917 1
5929 2
5941 1
5945 5
5949 2
5953 1
5965 4
5981 1
5993 3
6001 1
6005 2
6025 4
6029 1
6037 2
6065 2
6073 1
6085 2
6093 1
6101 2
6109 1
6113 3
6121 4
6125 3
6145 1
6161 2
6165 3
6185 3
6197 2
6201 4
6205 3
6217 1
6241 3
6245 3
6253 1
6269 3
6273 1
6277 3
6301 1
6305 2
6317 1
6337 1
6341 1
6381 4
6401 5
6409 4
6421 1
6425 5
6449 1
6469 2
6473 3
6481 3
6485 3
6497 2
6505 1
6521 1
6525 8
6529 3
6561 2
6565 2
6569 1
6597 1
6613 1
6617 2
6625 9
6637 1
6641 1
6649 3
6697 1
6701 1
6705 2
6713 2
6725 2
6749 2
6757 1
6773 4
6781 1
6805 1
6813 1
6817 4
6833 1
6841 1
6845 2
6849 1
6869 1
6877 1
6893 3
6905 2
6917 2
6925 4
6949 4
6953 2
6957 3
6961 1
6977 1
6989 3
6997 1
7013 3
7025 5
7033 1
7045 2
7065 4
7069 2
7081 1
7085 1
7105 1
7109 1
7121 1
7129 1
7137 2
7141 2
7145 2
7157 1
7165 1
7173 1
7177 1
7193 1
7209 2
7213 2
7225 3
7229 1
7237 1
7261 2
7265 4
7289 1
7297 3
7301 1
7321 2
7345 4
7349 3
7361 2
7373 5
7405 1
7421 3
7433 1
7445 2
7453 3
7465 3
7477 1
7481 1
7497 1
7501 1
7517 3
7529 1
7541 2
7549 1
7561 1
7565 1
7569 3
7573 3
7577 2
7585 5
7605 3
7621 1
7625 6
7633 2
7649 1
7669 1
7673 1
7681 1
7685 4
7693 1
7709 2
7713 2
7717 2
7741 2
7745 2
7753 1
7765 2
7769 2
7785 3
7793 1
7801 3
7813 3
7825 1
7829 3
7837 4
7865 2
7897 2
7913 1
7921 2
7925 1
7937 1
7969 1
7985 3
7993 1
8005 1
8017 1
8021 2
8033 4
8045 3
8053 1
8065 3
8077 2
8081 3
8089 1
8093 1
8117 2
8125 4
8177 1
8237 2
8245 5
8249 3
8273 1
8281 2
8285 1
8293 2
8317 1
8321 1
8325 4
8333 2
8345 2
8353 3
8357 1
8377 1
8381 2
8405 3
8425 5
8429 1
8433 1
8465 1
8473 1
8485 3
8489 1
8497 1
8501 1
8521 1
8541 3
8545 2
8573 1
8581 1
8585 1
8593 3
8597 1
8605 1
8633 1
8665 4
8677 1
8693 1
8705 4
8713 2
8725 2
8737 1
8749 1
8753 1
8761 2
8765 1
8793 1
8801 1
8825 3
8837 1
8845 1
8849 2
8857 2
8861 1
8885 2
8905 4
8929 1
8933 1
8941 1
8945 1
8957 6
8969 1
8973 1
8989 1
8993 2
9001 2
9005 1
9013 3
9029 1
9041 1
9049 2
9061 2
9065 2
9077 1
9089 1
9113 1
9117 1
9125 3
9137 1
9157 1
9161 2
9169 2
9189 2
9193 1
9197 1
9209 2
9217 1
9221 2
9225 3
9245 2
9257 1
9265 1
9277 1
9297 1
9305 2
9325 1
9333 1
9337 1
9349 3
9365 4
9377 2
9385 2
9389 2
9397 1
9409 1
9413 1
9425 5
9441 1
9445 1
9457 2
9461 1
9469 4
9473 1
9477 1
9497 1
9505 1
9509 2
9529 3
9549 1
9553 1
9565 1
9577 2
9593 2
9605 3
9613 3
9629 1
9649 2
9657 2
9665 1
9673 2
9685 1
9697 2
9721 2
9725 3
9733 1
9745 2
9769 1
9797 3
9801 2
9805 5
9809 1
9817 1
9873 1
9881 3
9893 2
9925 1
9945 4
9953 2
9965 1
9981 3
9985 1
9997 1
10001 2
10025 2
10045 1
10053 1
10057 1
10069 1
10081 3
10085 1
10121 1
10125 2
10145 2
10169 2
10177 1
10201 1
10205 3
10217 3
10225 2
10229 3
10237 2
10265 2
10273 2
10289 1
10305 3
10309 3
10321 1
10337 1
10345 3
10361 1
10369 3
10377 2
10397 1
10413 3
10421 2
10441 1
10445 1
10453 2
10469 1
10485 3
10489 4
10513 3
10525 4
10537 4
10553 1
10565 1
10585 3
10597 1
10601 1
10613 1
10625 4
10629 1
10645 2
10657 1
10673 1
10685 2
10693 2
10701 1
10705 1
10709 1
10729 1
10733 1
10737 1
10753 1
10765 1
10781 1
10789 1
10805 1
10809 1
10825 3
10829 2
10841 2
10845 2
10861 2
10865 4
10877 1
10889 1
10897 2
10917 1
10933 3
10937 3
10973 1
10985 4
11025 1
11029 1
11045 2
11065 2
11089 2
11093 1
11105 1
11125 6
11141 1
11149 1
11169 1
11185 2
11225 7
11237 2
11241 1
11245 2
11273 1
11281 3
11285 2
11317 3
11321 1
11329 1
11353 1
11357 2
11365 2
11393 1
11405 1
11417 1
11425 1
11453 3
11465 2
11485 1
11489 1
11493 1
11497 1
11509 3
11513 1
11521 1
11525 1
11545 1
11549 1
11565 3
11581 3
11593 1
11621 1
11629 1
11633 2
11645 2
11657 1
11665 1
11673 1
11689 1
11701 1
11713 1
11729 1
11765 5
11785 3
11821 1
11861 2
11881 2
11885 2
11889 1
11905 2
11909 2
11917 2
11925 2
11941 2
11953 1
12005 2
12013 1
12025 3
12053 1
12097 1
12101 1
12105 1
12113 1
12125 1
12137 1
12181 1
12185 3
12193 5
12205 1
12209 3
12241 3
12253 1
12277 1
12281 1
12317 1
12321 1
12325 1
12337 1
12349 1
12357 1
12365 2
12377 1
12385 2
12389 3
12401 1
12409 1
12429 1
12461 2
12465 1
12469 1
12505 1
12569 1
12577 2
12593 3
12605 1
12625 2
12629 3
12645 1
12653 2
12665 3
12713 1
12721 1
12725 2
12745 1
12753 3
12757 1
12773 1
12805 1
12821 1
12841 2
12853 1
12861 1
12905 2
12913 1
12937 1
12961 1
12997 1
13001 2
13009 1
13021 3
13045 2
13049 1
13073 2
13093 1
13105 1
13141 2
13165 1
13181 1
13249 1
13261 1
13325 1
13329 1
13337 2
13345 2
13357 1
13381 1
13385 1
13401 2
13417 1
13429 1
13445 1
13465 1
13477 1
13481 1
13505 2
13525 1
13549 1
13553 1
13565 1
13573 1
13613 1
13625 2
13645 1
13649 1
13653 1
13669 1
13681 1
13689 1
13697 2
13725 1
13753 1
13765 2
13769 2
13781 1
13793 1
13829 1
13833 1
13841 1
13873 1
13885 2
13897 1
13913 1
13925 1
13941 1
13945 1
13949 2
13957 1
13985 1
13997 1
14009 1
14013 1
14065 3
14085 2
14093 1
14125 1
14149 1
14157 1
14177 2
14213 1
14249 1
14257 1
14261 1
14285 1
14309 1
14321 1
14365 6
14373 1
14381 2
14393 1
14425 1
14473 1
14481 1
14485 1
14521 2
14545 1
14561 1
14569 1
14585 1
14625 1
14629 2
14645 1
14657 1
14669 1
14705 4
14713 1
14765 1
14837 1
14841 1
14845 1
14885 1
14893 1
14929 1
14945 1
14957 1
14965 1
14977 2
14985 1
15017 2
15025 2
15041 3
15049 1
15061 1
15073 2
15077 1
15129 2
15137 2
15149 1
15165 1
15185 3
15241 1
15245 1
15293 1
15317 1
15325 1
15329 1
15341 1
15361 2
15377 1
15385 4
15397 2
15457 3
15461 1
15481 2
15509 2
15577 1
15605 1
15633 1
15641 1
15665 1
15669 1
15685 1
15689 1
15705 1
15857 2
15885 1
15901 2
15905 1
15921 2
15937 1
15949 2
15993 2
15997 3
16069 1
16081 2
16101 1
16105 1
16133 3
16193 1
16201 1
16237 1
16253 1
16273 1
16277 2
16285 2
16317 1
16333 1
16349 1
16381 1
16385 1
16393 2
16409 2
16417 2
16441 1
16465 1
16501 2
16525 1
16553 1
16565 1
16589 2
16609 1
16645 1
16741 1
16745 1
16781 1
16785 1
16861 1
16893 1
16965 2
17001 1
17021 1
17053 1
17065 1
17069 1
17093 1
17141 1
17153 1
17161 1
17173 2
17177 1
17197 1
17217 1
17225 2
17245 1
17257 1
17293 1
17345 1
17357 3
17425 2
17429 1
17473 1
17485 2
17505 1
17533 2
17541 1
17557 2
17561 1
17573 1
17585 1
17645 1
17693 1
17741 2
17777 1
17785 1
17833 1
17837 1
17849 1
17881 1
17945 2
17953 1
17989 1
18013 2
18085 1
18125 1
18149 2
18173 1
18217 1
18241 1
18245 1
18265 4
18269 1
18405 1
18421 3
18433 1
18521 1
18545 1
18549 1
18605 2
18621 1
18685 1
18721 1
18761 1
18801 1
18833 1
18913 1
18917 1
18925 1
18985 1
18989 1
18997 1
19017 2
19025 2
19037 1
19045 2
19073 1
19081 1
19097 1
19105 1
19109 1
19157 1
19165 1
19181 1
19193 1
19265 1
19309 1
19333 2
19337 1
19433 1
19441 1
19457 1
19585 1
19625 1
19649 1
19669 1
19769 1
19825 1
19853 1
19861 1
19949 1
19989 1
20025 2
20101 1
20113 1
20189 1
20201 1
20205 1
20269 1
20329 1
20357 1
20365 1
20393 1
20421 1
20477 1
20485 1
20609 1
20617 1
20673 1
20717 1
20725 1
20781 1
20921 2
21013 1
21025 1
21037 2
21041 1
21085 1
21257 1
21265 1
21313 1
21349 1
21425 1
21473 1
21481 1
21541 1
21605 1
21645 2
21689 1
21701 2
21737 1
21773 1
21789 1
21805 2
21825 1
21905 1
21925 1
21933 1
22049 1
22153 1
22201 1
22229 1
22237 1
22285 1
22345 1
22373 1
22381 1
22441 1
22525 1
22685 1
22725 1
22741 1
22745 1
22817 1
22837 1
22865 1
22945 1
23029 2
23049 2
23101 3
23105 2
23125 1
23225 1
23329 2
23365 1
23373 1
23377 1
23645 1
23677 1
23717 1
23797 1
23857 1
23885 2
23913 1
23945 1
23985 1
24029 1
24085 1
24181 1
24425 1
24433 1
24445 1
24457 1
24505 1
24665 1
24745 1
24781 1
24889 1
24917 1
25085 1
25129 1
25181 1
25297 2
25357 1
25405 2
25677 1
25733 1
25749 1
25777 2
25925 1
26021 1
26165 1
26185 1
26261 1
26393 1
26469 1
26489 1
26557 1
26585 1
27625 1
27693 1
27829 1
27917 1
28085 1
28193 1
28577 1
28665 1
28845 1
29125 1
29313 1
29341 1
29725 1
30005 1
30545 1
30977 1
31005 1
31049 1
31113 1
31501 1
32129 1
32193 1
32861 1
33205 1
33301 1
33809 1
33829 1
33893 1
34497 1
35705 1
37745 1
37825 1
37877 1
38441 1
38785 1
40069 1
40405 1
40805 1
43801 1
45553 1
50257 1
