N J h mean_R_sq err_mean_R_sq mean_R_gyr_sq err_mean_R_gyr_sq 
2500 1.421 0 2627.31 189.463 716.343 25.5193
0 42
1 81
2 57
3 79
4 80
5 96
6 97
7 77
8 82
9 98
10 90
11 82
12 76
13 82
14 86
15 78
16 93
17 74
18 73
19 64
20 86
21 75
22 90
23 59
24 84
25 73
26 73
27 64
28 59
29 82
30 71
31 67
32 60
33 63
34 68
35 51
36 52
37 54
38 62
39 53
40 65
41 52
42 59
43 45
44 42
45 36
46 48
47 45
48 30
49 31
50 45
51 40
52 33
53 33
54 32
55 22
56 31
57 23
58 21
59 23
60 18
61 16
62 16
63 19
64 23
65 18
66 12
67 10
68 14
69 13
70 11
71 7
72 16
73 6
74 4
75 3
76 10
77 6
78 10
79 7
80 4
81 6
82 2
83 5
84 8
85 4
86 1
87 3
88 4
89 3
90 2
91 3
92 2
93 2
94 3
96 1
97 3
99 5
100 2
102 1
103 1
105 2
135 1
325 1
495 1
604 1
