N J h mean_R_sq err_mean_R_sq mean_R_gyr_sq err_mean_R_gyr_sq 
2916 1.34 0 18905.2 331.683 3039.2 37.6672
0 39
1 104
2 109
3 98
4 83
5 118
6 104
7 90
8 97
9 104
10 106
11 103
12 105
13 96
14 112
15 131
16 96
17 96
18 107
19 90
20 114
21 90
22 101
23 97
24 107
25 123
26 101
27 104
28 103
29 107
30 93
31 103
32 95
33 100
34 100
35 89
36 87
37 92
38 90
39 105
40 97
41 99
42 102
43 115
44 106
45 88
46 98
47 112
48 112
49 100
50 111
51 104
52 95
53 109
54 89
55 98
56 87
57 96
58 100
59 92
60 104
61 111
62 110
63 98
64 81
65 93
66 90
67 96
68 101
69 81
70 100
71 88
72 86
73 116
74 77
75 85
76 115
77 91
78 92
79 84
80 106
81 77
82 85
83 93
84 86
85 77
86 82
87 67
88 82
89 100
90 95
91 81
92 75
93 86
94 66
95 82
96 79
97 87
98 78
99 70
100 75
101 75
102 85
103 66
104 71
105 62
106 78
107 67
108 64
109 72
110 62
111 66
112 73
113 74
114 81
115 71
116 68
117 71
118 62
119 69
120 73
121 64
122 50
123 53
124 47
125 43
126 66
127 61
128 65
129 52
130 54
131 61
132 64
133 59
134 46
135 47
136 47
137 39
138 42
139 44
140 49
141 52
142 38
143 41
144 53
145 38
146 58
147 48
148 45
149 40
150 43
151 39
152 28
153 46
154 47
155 31
156 30
157 45
158 50
159 29
160 40
161 24
162 41
163 28
164 27
165 21
166 41
167 26
168 27
169 17
170 34
171 22
172 40
173 18
174 24
175 27
176 21
177 14
178 29
179 19
180 15
181 24
182 10
183 22
184 24
185 23
186 19
187 19
188 20
189 15
190 24
191 25
192 13
193 10
194 23
195 12
196 26
197 11
198 10
199 12
200 11
201 20
202 16
203 16
204 12
205 19
206 13
207 10
208 17
209 9
210 9
211 10
212 13
213 10
214 10
215 8
216 9
217 10
218 8
219 11
220 4
221 7
222 11
223 3
224 8
225 6
226 3
227 2
228 4
229 6
230 8
231 3
232 8
233 7
234 1
235 3
236 2
237 2
238 4
239 2
240 4
242 1
243 3
244 6
245 4
247 3
248 7
249 2
251 1
252 4
253 3
256 2
257 1
258 1
259 2
260 1
262 3
263 1
264 2
265 2
266 1
267 1
268 1
273 1
274 2
275 1
276 1
281 1
287 1
290 1
294 1
300 1
310 1
312 1
324 1
325 1
525 1
577 1
605 1
690 1
728 1
741 1
