N J h mean_R_sq err_mean_R_sq mean_R_gyr_sq err_mean_R_gyr_sq 
900 1.31 0 5568.77 64.2146 858.871 6.13257
0 27
1 50
2 67
3 65
4 57
5 72
6 56
7 45
8 66
9 59
10 48
11 71
12 72
13 60
14 64
15 61
16 78
17 68
18 60
19 67
20 57
21 70
22 63
23 70
24 58
25 52
26 62
27 66
28 54
29 69
30 55
31 61
32 59
33 53
34 54
35 41
36 66
37 64
38 70
39 61
40 52
41 60
42 53
43 43
44 48
45 57
46 56
47 54
48 51
49 63
50 56
51 53
52 38
53 54
54 51
55 42
56 54
57 45
58 41
59 39
60 44
61 42
62 49
63 31
64 44
65 39
66 39
67 43
68 49
69 48
70 35
71 29
72 42
73 32
74 35
75 38
76 31
77 32
78 24
79 32
80 23
81 27
82 22
83 18
84 31
85 24
86 22
87 19
88 25
89 19
90 10
91 20
92 14
93 16
94 14
95 18
96 15
97 14
98 21
99 13
100 13
101 17
102 15
103 7
104 9
105 9
106 7
107 15
108 7
109 8
110 6
111 10
112 7
113 8
114 8
115 6
116 9
117 4
118 3
119 6
120 11
121 2
122 3
123 5
124 2
125 1
126 4
128 3
129 5
130 1
132 1
133 3
136 1
137 1
142 2
143 3
145 1
147 2
153 1
158 1
176 1
