N J h mean_R_sq err_mean_R_sq mean_R_gyr_sq err_mean_R_gyr_sq 
4900 1.409 0 4877.83 123.104 1410.31 15.9907
0 100
1 227
2 211
3 210
4 221
5 193
6 202
7 233
8 238
9 204
10 204
11 206
12 242
13 211
14 215
15 206
16 194
17 200
18 185
19 223
20 181
21 215
22 214
23 201
24 180
25 223
26 209
27 220
28 227
29 194
30 188
31 205
32 230
33 177
34 179
35 197
36 183
37 212
38 149
39 175
40 191
41 166
42 171
43 135
44 174
45 145
46 155
47 145
48 165
49 129
50 140
51 136
52 153
53 137
54 125
55 130
56 141
57 119
58 125
59 117
60 120
61 115
62 123
63 108
64 105
65 113
66 96
67 97
68 87
69 66
70 78
71 94
72 81
73 80
74 67
75 78
76 67
77 70
78 69
79 59
80 59
81 72
82 65
83 54
84 45
85 46
86 50
87 52
88 55
89 46
90 47
91 41
92 36
93 36
94 35
95 30
96 39
97 34
98 35
99 28
100 30
101 32
102 20
103 26
104 18
105 28
106 18
107 19
108 24
109 13
110 15
111 21
112 11
113 17
114 12
115 14
116 11
117 12
118 18
119 14
120 10
121 6
122 12
123 6
124 7
125 13
126 6
127 6
128 5
129 5
130 6
131 3
132 4
133 6
134 4
135 3
136 3
137 2
138 3
139 6
140 1
141 5
142 4
143 7
144 1
145 1
146 4
147 1
148 3
150 2
152 1
154 1
155 1
156 2
160 1
161 2
165 1
172 1
173 1
175 1
182 1
194 1
219 1
263 1
321 1
345 1
376 1
879 1
