N J h mean_R_sq err_mean_R_sq mean_R_gyr_sq err_mean_R_gyr_sq 
1225 1.352 0 5157.42 55.8229 859.218 5.34953
0 68
1 125
2 111
3 135
4 117
5 113
6 119
7 116
8 112
9 117
10 137
11 138
12 119
13 104
14 117
15 121
16 137
17 117
18 132
19 96
20 104
21 127
22 121
23 111
24 121
25 111
26 114
27 117
28 101
29 114
30 122
31 111
32 120
33 120
34 117
35 117
36 103
37 103
38 124
39 85
40 104
41 119
42 92
43 109
44 85
45 98
46 98
47 104
48 81
49 93
50 92
51 88
52 102
53 77
54 94
55 89
56 92
57 83
58 67
59 64
60 62
61 71
62 65
63 59
64 62
65 63
66 69
67 67
68 63
69 65
70 58
71 54
72 47
73 55
74 52
75 45
76 50
77 37
78 50
79 45
80 38
81 31
82 32
83 46
84 31
85 35
86 45
87 39
88 37
89 37
90 32
91 26
92 34
93 34
94 25
95 34
96 25
97 37
98 16
99 22
100 22
101 20
102 21
103 18
104 13
105 18
106 15
107 14
108 15
109 13
110 8
111 15
112 5
113 9
114 10
115 9
116 9
117 6
118 7
119 6
120 4
121 3
122 5
123 7
124 3
125 3
126 4
127 1
128 6
129 7
130 6
131 4
132 7
133 8
134 4
135 4
136 4
137 1
138 1
139 3
140 2
141 1
142 3
143 2
145 1
146 2
149 1
150 2
151 1
153 1
154 1
160 1
168 1
173 1
177 1
