N J h mean_R_sq err_mean_R_sq mean_R_gyr_sq err_mean_R_gyr_sq 
1225 1.364 0 4124.31 44.0355 729.211 3.95786
0 66
1 140
2 120
3 156
4 139
5 139
6 143
7 129
8 161
9 140
10 117
11 132
12 138
13 134
14 124
15 146
16 135
17 126
18 153
19 152
20 140
21 164
22 150
23 130
24 135
25 100
26 127
27 141
28 131
29 122
30 123
31 120
32 117
33 118
34 123
35 123
36 132
37 113
38 132
39 114
40 101
41 100
42 111
43 111
44 103
45 111
46 95
47 106
48 90
49 70
50 91
51 90
52 79
53 71
54 94
55 79
56 82
57 74
58 90
59 62
60 76
61 70
62 60
63 59
64 59
65 60
66 55
67 71
68 55
69 47
70 48
71 40
72 61
73 45
74 35
75 36
76 41
77 48
78 33
79 42
80 47
81 33
82 28
83 33
84 26
85 27
86 26
87 28
88 25
89 26
90 26
91 22
92 24
93 19
94 12
95 14
96 16
97 17
98 18
99 12
100 11
101 18
102 15
103 7
104 8
105 9
106 9
107 7
108 9
109 14
110 13
111 7
112 9
113 6
114 7
115 5
116 8
117 3
118 3
119 4
120 6
121 4
122 6
123 4
124 1
125 3
128 2
129 2
130 3
131 3
132 2
134 2
136 1
137 3
138 1
139 1
140 1
142 1
143 1
144 1
146 1
150 1
154 1
155 1
