N J h mean_R_sq err_mean_R_sq mean_R_gyr_sq err_mean_R_gyr_sq 
2500 1.348 0 13192.3 151.895 2174.76 17.1992
0 73
1 124
2 131
3 126
4 103
5 132
6 120
7 138
8 112
9 144
10 125
11 109
12 141
13 128
14 133
15 132
16 109
17 135
18 130
19 139
20 143
21 139
22 130
23 128
24 137
25 134
26 135
27 120
28 127
29 136
30 122
31 113
32 134
33 119
34 133
35 134
36 112
37 141
38 122
39 121
40 125
41 110
42 111
43 128
44 111
45 106
46 135
47 108
48 96
49 132
50 103
51 98
52 81
53 107
54 120
55 151
56 117
57 112
58 101
59 112
60 112
61 113
62 101
63 110
64 102
65 111
66 107
67 122
68 106
69 123
70 123
71 102
72 90
73 89
74 91
75 107
76 94
77 89
78 115
79 103
80 91
81 96
82 83
83 99
84 96
85 87
86 96
87 109
88 81
89 76
90 73
91 66
92 71
93 88
94 62
95 86
96 80
97 73
98 66
99 77
100 90
101 75
102 74
103 68
104 87
105 69
106 70
107 50
108 66
109 59
110 68
111 83
112 58
113 61
114 44
115 54
116 67
117 54
118 53
119 56
120 54
121 48
122 58
123 46
124 64
125 44
126 56
127 37
128 54
129 39
130 43
131 40
132 38
133 40
134 37
135 48
136 40
137 32
138 46
139 34
140 39
141 31
142 26
143 31
144 37
145 26
146 34
147 33
148 29
149 32
150 27
151 25
152 28
153 27
154 29
155 33
156 17
157 17
158 28
159 19
160 36
161 22
162 11
163 26
164 17
165 16
166 16
167 12
168 23
169 15
170 9
171 16
172 15
173 12
174 17
175 20
176 8
177 12
178 8
179 11
180 8
181 12
182 9
183 12
184 14
185 11
186 11
187 8
188 6
189 6
190 10
191 7
192 8
193 9
194 9
195 5
196 9
197 8
198 5
199 3
200 6
201 5
202 1
203 7
204 3
205 11
206 6
207 7
208 2
209 6
210 4
211 1
212 3
213 1
214 6
215 2
216 5
217 2
218 1
219 3
220 2
221 3
222 3
223 2
224 2
226 2
227 1
228 3
229 3
230 3
231 2
232 4
233 3
234 1
235 2
237 3
239 1
240 1
241 3
244 1
245 4
246 1
247 1
260 1
264 1
267 1
269 1
274 1
284 1
305 1
387 1
