N J h mean_R_sq err_mean_R_sq mean_R_gyr_sq err_mean_R_gyr_sq 
1225 1.417 0 1642.64 52.4218 386.266 3.8439
0 16
1 37
2 34
3 39
4 36
5 40
6 33
7 35
8 37
9 37
10 34
11 39
12 47
13 49
14 38
15 44
16 35
17 37
18 41
19 25
20 39
21 28
22 28
23 36
24 26
25 43
26 44
27 35
28 25
29 24
30 28
31 26
32 20
33 16
34 25
35 17
36 16
37 21
38 14
39 18
40 18
41 15
42 12
43 7
44 10
45 9
46 11
47 10
48 10
49 9
50 11
51 8
52 9
53 7
54 9
55 9
56 9
57 5
58 1
59 5
60 4
61 3
62 3
63 3
64 8
65 1
66 2
67 3
68 3
69 1
70 1
71 1
72 1
73 2
75 3
76 1
78 1
79 1
80 1
81 1
82 1
84 1
85 1
86 1
87 1
88 1
90 1
93 1
96 1
