N J h mean_R_sq err_mean_R_sq mean_R_gyr_sq err_mean_R_gyr_sq 
4900 1.47 0 8090.22 5250.44 1729.28 703.345
0 2
1 8
2 13
3 5
4 7
5 8
6 6
7 11
8 8
9 3
10 9
11 6
12 10
13 7
14 6
15 7
16 12
17 5
18 7
19 7
20 4
21 4
22 9
23 4
24 9
25 5
26 5
27 3
28 4
29 8
30 6
31 5
32 9
33 5
34 8
35 4
36 6
37 5
38 4
39 5
40 9
41 5
42 5
43 6
44 9
45 8
46 9
47 4
48 4
49 5
50 3
51 3
52 5
53 4
54 3
55 3
56 3
57 3
58 4
59 3
60 1
61 3
62 3
63 3
65 1
67 1
68 3
69 1
70 1
71 2
72 2
74 2
75 3
76 2
77 1
78 2
79 1
81 1
82 1
84 1
86 1
90 1
95 1
98 1
103 1
993 1
1042 1
