N J h mean_R_sq err_mean_R_sq mean_R_gyr_sq err_mean_R_gyr_sq 
4900 1.364 0 19916.1 1624.53 3593.12 237.42
0 26
1 47
2 55
3 61
4 59
5 62
6 48
7 56
8 63
9 63
10 60
11 66
12 60
13 44
14 55
15 46
16 56
17 61
18 67
19 53
20 68
21 73
22 55
23 63
24 72
25 48
26 55
27 45
28 51
29 39
30 64
31 73
32 51
33 49
34 52
35 46
36 64
37 59
38 56
39 37
40 52
41 54
42 59
43 54
44 49
45 44
46 60
47 52
48 45
49 63
50 52
51 63
52 51
53 62
54 61
55 55
56 42
57 53
58 44
59 49
60 53
61 64
62 47
63 49
64 52
65 58
66 58
67 44
68 49
69 55
70 55
71 45
72 36
73 56
74 42
75 51
76 44
77 46
78 41
79 49
80 38
81 47
82 39
83 46
84 49
85 43
86 44
87 40
88 56
89 45
90 47
91 46
92 41
93 47
94 44
95 55
96 50
97 31
98 58
99 45
100 26
101 29
102 43
103 47
104 39
105 26
106 38
107 35
108 41
109 32
110 41
111 30
112 31
113 27
114 21
115 35
116 32
117 35
118 21
119 30
120 39
121 29
122 27
123 22
124 20
125 28
126 43
127 22
128 26
129 35
130 18
131 28
132 21
133 29
134 27
135 23
136 26
137 14
138 20
139 16
140 16
141 24
142 18
143 21
144 15
145 32
146 17
147 30
148 18
149 18
150 19
151 19
152 20
153 14
154 23
155 15
156 28
157 20
158 19
159 19
160 9
161 14
162 17
163 3
164 15
165 17
166 11
167 21
168 18
169 12
170 10
171 20
172 11
173 11
174 18
175 15
176 6
177 11
178 7
179 4
180 12
181 12
182 10
183 8
184 8
185 7
186 11
187 9
188 6
189 8
190 10
191 9
192 6
193 7
194 12
195 5
196 13
197 1
198 10
199 7
200 9
201 9
202 8
203 6
204 9
205 5
206 5
207 3
208 6
209 9
210 7
211 6
212 9
213 4
214 3
215 4
216 5
217 4
218 5
219 4
220 3
221 7
222 5
223 5
224 2
225 4
226 3
227 5
228 3
229 4
230 3
231 3
232 3
233 7
234 5
235 5
236 2
237 1
239 4
240 1
242 2
243 3
245 1
246 3
247 1
248 2
249 6
250 3
251 4
252 2
253 1
254 2
255 1
256 2
258 1
259 1
261 1
262 2
263 1
265 1
266 3
268 1
272 1
273 1
275 3
276 1
277 2
278 2
281 2
282 2
283 1
285 1
286 1
288 1
294 2
299 1
301 2
302 1
303 2
304 1
307 1
309 1
316 1
318 1
322 1
324 1
325 1
333 1
337 1
341 1
349 1
351 1
354 1
366 1
391 1
396 1
401 1
419 1
424 1
427 1
442 1
447 1
453 1
455 1
469 1
474 1
525 1
571 1
729 1
733 1
745 1
769 1
782 1
799 1
830 1
879 1
880 1
1059 1
