N J h mean_R_sq err_mean_R_sq mean_R_gyr_sq err_mean_R_gyr_sq 
4900 1.405 0 8105.21 2915.5 1849.24 397.154
0 28
1 65
2 60
3 68
4 79
5 69
6 60
7 57
8 78
9 65
10 63
11 80
12 72
13 70
14 58
15 61
16 56
17 83
18 68
19 62
20 57
21 65
22 59
23 74
24 52
25 45
26 61
27 64
28 61
29 64
30 57
31 51
32 65
33 62
34 59
35 53
36 37
37 46
38 65
39 44
40 56
41 58
42 39
43 42
44 49
45 48
46 49
47 46
48 48
49 40
50 42
51 38
52 38
53 42
54 36
55 47
56 49
57 36
58 36
59 39
60 36
61 29
62 40
63 24
64 28
65 27
66 28
67 41
68 29
69 31
70 25
71 31
72 30
73 26
74 32
75 20
76 23
77 21
78 19
79 26
80 17
81 18
82 16
83 18
84 18
85 18
86 15
87 11
88 13
89 12
90 15
91 17
92 14
93 11
94 8
95 9
96 5
97 11
98 6
99 12
100 5
101 6
102 7
103 7
104 6
105 10
106 4
107 6
108 4
109 12
110 7
111 8
112 1
113 6
114 2
115 1
116 2
117 5
118 3
119 3
120 1
121 1
122 1
123 2
124 1
125 3
127 1
128 3
129 2
132 1
133 1
134 1
136 1
137 2
142 1
143 1
144 1
145 1
146 1
151 1
157 1
159 1
165 1
182 1
195 1
523 1
736 1
866 1
908 1
911 1
956 1
984 1
1285 1
1320 1
1371 1
1430 1
