N J h mean_R_sq err_mean_R_sq mean_R_gyr_sq err_mean_R_gyr_sq 
2500 1.437 0 1960.86 43.5338 622.356 4.01376
0 27
1 55
2 38
3 53
4 69
5 49
6 63
7 71
8 50
9 65
10 43
11 56
12 62
13 53
14 56
15 57
16 52
17 46
18 42
19 63
20 49
21 58
22 52
23 46
24 42
25 43
26 50
27 38
28 34
29 34
30 30
31 46
32 39
33 35
34 49
35 33
36 41
37 35
38 38
39 21
40 33
41 37
42 39
43 24
44 21
45 23
46 20
47 22
48 19
49 28
50 21
51 17
52 19
53 15
54 13
55 10
56 9
57 15
58 11
59 10
60 12
61 9
62 6
63 4
64 9
65 7
66 8
67 6
68 5
69 4
70 3
71 3
72 3
73 4
74 3
75 1
77 4
78 1
80 2
81 3
83 2
85 1
88 2
90 1
92 2
94 1
99 1
100 1
104 1
121 1
