N J h mean_R_sq err_mean_R_sq mean_R_gyr_sq err_mean_R_gyr_sq 
2500 1.45 0 1791.33 19.3923 584.243 1.77786
0 121
1 220
2 266
3 259
4 281
5 268
6 252
7 260
8 235
9 240
10 278
11 275
12 260
13 283
14 238
15 225
16 244
17 255
18 220
19 237
20 226
21 224
22 218
23 261
24 222
25 206
26 241
27 203
28 205
29 211
30 204
31 170
32 167
33 165
34 165
35 162
36 166
37 154
38 118
39 144
40 150
41 118
42 118
43 133
44 125
45 92
46 83
47 86
48 84
49 78
50 61
51 55
52 68
53 49
54 50
55 46
56 61
57 54
58 45
59 33
60 46
61 30
62 40
63 35
64 22
65 29
66 22
67 26
68 25
69 14
70 21
71 18
72 20
73 7
74 10
75 6
76 11
77 7
78 7
79 9
80 3
81 3
82 5
83 3
84 4
85 2
86 6
87 8
88 5
89 1
91 2
92 1
93 1
94 3
95 2
96 1
99 2
100 1
101 1
111 2
