N J h mean_R_sq err_mean_R_sq mean_R_gyr_sq err_mean_R_gyr_sq 
1600 1.348 0 7480.03 88.6891 1241.46 8.44547
0 41
1 110
2 102
3 95
4 92
5 101
6 114
7 97
8 110
9 92
10 109
11 101
12 96
13 84
14 108
15 87
16 98
17 94
18 108
19 93
20 98
21 91
22 90
23 77
24 104
25 114
26 111
27 93
28 102
29 109
30 98
31 105
32 103
33 65
34 104
35 88
36 92
37 77
38 101
39 94
40 100
41 89
42 94
43 93
44 91
45 99
46 74
47 76
48 86
49 84
50 83
51 67
52 83
53 67
54 85
55 76
56 71
57 69
58 76
59 65
60 70
61 77
62 67
63 61
64 69
65 63
66 84
67 60
68 72
69 53
70 61
71 52
72 75
73 65
74 67
75 48
76 48
77 57
78 56
79 45
80 59
81 38
82 48
83 52
84 41
85 47
86 39
87 53
88 49
89 42
90 40
91 49
92 32
93 35
94 42
95 39
96 37
97 43
98 18
99 27
100 43
101 40
102 36
103 39
104 31
105 16
106 21
107 22
108 25
109 24
110 17
111 21
112 22
113 18
114 18
115 20
116 12
117 17
118 17
119 22
120 14
121 17
122 12
123 9
124 14
125 12
126 23
127 12
128 9
129 11
130 13
131 12
132 13
133 6
134 8
135 11
136 8
137 10
138 11
139 11
140 6
141 6
142 3
143 5
144 5
145 6
146 3
147 4
148 3
149 5
150 8
151 3
152 9
153 3
154 4
155 2
156 4
157 1
158 3
159 3
160 2
161 2
162 4
163 1
164 1
168 3
169 1
170 3
171 1
172 1
173 1
174 2
176 1
177 3
178 2
182 3
183 1
186 1
190 2
192 2
202 1
207 1
224 1
