N J h mean_R_sq err_mean_R_sq mean_R_gyr_sq err_mean_R_gyr_sq 
2916 1.417 0 3146.49 246.352 857.543 35.9934
0 139
1 233
2 225
3 242
4 262
5 276
6 226
7 284
8 249
9 260
10 268
11 247
12 275
13 273
14 264
15 252
16 238
17 227
18 249
19 239
20 241
21 230
22 247
23 242
24 248
25 219
26 215
27 223
28 182
29 207
30 199
31 200
32 209
33 204
34 181
35 186
36 172
37 158
38 149
39 160
40 147
41 166
42 129
43 145
44 132
45 139
46 135
47 142
48 120
49 122
50 125
51 123
52 119
53 123
54 112
55 116
56 107
57 104
58 63
59 71
60 85
61 65
62 71
63 72
64 76
65 56
66 62
67 46
68 52
69 51
70 46
71 41
72 43
73 55
74 45
75 35
76 36
77 33
78 28
79 28
80 40
81 33
82 22
83 26
84 25
85 25
86 21
87 16
88 22
89 13
90 12
91 14
92 7
93 11
94 13
95 6
96 8
97 6
98 9
99 4
100 7
101 10
102 4
103 4
104 2
105 4
106 5
107 4
108 3
109 6
110 6
112 3
113 1
114 1
115 2
116 2
117 1
118 1
119 2
120 1
121 1
122 1
125 2
126 2
127 2
128 1
132 1
133 2
134 1
135 1
142 1
143 1
146 1
150 1
215 1
247 1
320 1
322 1
332 1
354 1
370 1
474 1
597 1
640 1
646 1
655 1
672 1
