N J h mean_R_sq err_mean_R_sq mean_R_gyr_sq err_mean_R_gyr_sq 
2916 1.441 0 2135.49 57.8119 699.533 6.61104
0 22
1 48
2 49
3 58
4 46
5 43
6 63
7 64
8 43
9 47
10 41
11 43
12 60
13 49
14 48
15 54
16 52
17 46
18 42
19 42
20 44
21 48
22 67
23 42
24 43
25 42
26 42
27 43
28 42
29 44
30 38
31 41
32 33
33 46
34 37
35 34
36 22
37 24
38 29
39 27
40 36
41 40
42 30
43 27
44 16
45 30
46 27
47 17
48 23
49 23
50 17
51 18
52 13
53 10
54 10
55 17
56 9
57 8
58 6
59 12
60 10
61 13
62 10
63 7
64 11
65 11
66 11
67 6
68 6
69 8
70 5
71 2
72 5
73 5
74 3
75 3
76 2
77 2
78 5
79 3
80 2
81 3
82 6
83 2
84 4
85 3
87 1
88 3
89 1
90 2
91 2
93 1
97 1
99 1
102 1
150 1
