N J h mean_R_sq err_mean_R_sq mean_R_gyr_sq err_mean_R_gyr_sq 
900 1.352 0 3373.23 58.8368 579.646 6.33723
0 31
1 55
2 55
3 65
4 56
5 59
6 47
7 72
8 62
9 61
10 71
11 63
12 59
13 66
14 60
15 65
16 60
17 64
18 50
19 56
20 72
21 46
22 64
23 52
24 54
25 58
26 55
27 61
28 58
29 65
30 47
31 45
32 38
33 55
34 49
35 53
36 49
37 42
38 50
39 38
40 41
41 48
42 40
43 43
44 48
45 44
46 47
47 32
48 33
49 27
50 48
51 23
52 38
53 31
54 30
55 42
56 32
57 35
58 27
59 20
60 27
61 31
62 23
63 21
64 34
65 26
66 22
67 23
68 16
69 18
70 15
71 16
72 17
73 9
74 17
75 21
76 17
77 22
78 6
79 13
80 13
81 5
82 7
83 9
84 7
85 3
86 11
87 6
88 5
89 8
90 7
91 6
92 7
93 4
94 3
95 3
96 6
97 4
98 1
100 3
101 2
102 2
103 1
104 2
105 3
106 5
107 1
108 2
109 1
111 1
113 1
114 1
115 1
120 1
125 1
126 1
128 2
144 1
153 1
