N J h mean_R_sq err_mean_R_sq mean_R_gyr_sq err_mean_R_gyr_sq 
900 1.43 0 1115.79 13.7916 269.714 1.71634
0 97
1 191
2 179
3 185
4 210
5 207
6 205
7 235
8 198
9 203
10 210
11 181
12 194
13 184
14 156
15 208
16 180
17 157
18 171
19 170
20 137
21 131
22 156
23 142
24 149
25 149
26 133
27 113
28 115
29 104
30 91
31 92
32 80
33 80
34 78
35 76
36 53
37 69
38 60
39 60
40 49
41 56
42 41
43 46
44 39
45 37
46 31
47 30
48 29
49 28
50 13
51 20
52 21
53 16
54 18
55 13
56 14
57 14
58 7
59 3
60 7
61 7
62 7
63 9
64 8
65 4
66 5
67 2
68 5
69 4
70 3
71 2
74 4
77 2
78 1
80 1
81 1
82 2
83 2
84 1
85 4
91 1
95 1
96 1
99 1
