N J h mean_R_sq err_mean_R_sq mean_R_gyr_sq err_mean_R_gyr_sq 
2916 1.445 0 2337.56 171.277 717.857 27.2629
0 39
1 64
2 70
3 70
4 81
5 67
6 68
7 65
8 59
9 77
10 67
11 68
12 71
13 79
14 76
15 66
16 70
17 52
18 54
19 80
20 72
21 56
22 75
23 62
24 62
25 61
26 57
27 52
28 47
29 52
30 58
31 48
32 71
33 48
34 52
35 51
36 47
37 37
38 58
39 41
40 37
41 42
42 45
43 40
44 41
45 20
46 36
47 30
48 40
49 22
50 24
51 28
52 19
53 20
54 20
55 27
56 25
57 24
58 14
59 15
60 11
61 11
62 11
63 12
64 8
65 7
66 4
67 14
68 6
69 7
70 7
71 5
72 11
73 6
74 3
75 8
76 2
77 5
78 6
79 1
80 3
81 2
82 2
83 4
84 4
85 1
86 1
88 1
89 1
90 2
91 1
96 1
99 1
100 1
101 1
115 1
118 1
121 1
126 1
153 1
194 1
222 1
259 1
551 1
