N J h mean_R_sq err_mean_R_sq mean_R_gyr_sq err_mean_R_gyr_sq 
1600 1.409 0 2208.08 39.0732 527.548 4.35963
0 54
1 103
2 118
3 95
4 88
5 122
6 91
7 116
8 110
9 98
10 110
11 110
12 118
13 99
14 101
15 103
16 100
17 105
18 96
19 99
20 84
21 95
22 108
23 77
24 86
25 69
26 79
27 92
28 70
29 80
30 74
31 73
32 64
33 75
34 67
35 65
36 67
37 52
38 69
39 47
40 55
41 73
42 48
43 49
44 49
45 52
46 50
47 45
48 34
49 36
50 38
51 22
52 30
53 39
54 32
55 28
56 35
57 16
58 24
59 19
60 24
61 18
62 17
63 25
64 19
65 14
66 12
67 12
68 10
69 13
70 7
71 14
72 14
73 7
74 7
75 2
76 6
77 7
78 3
79 4
80 4
81 2
82 4
83 3
84 5
85 3
86 6
87 2
89 1
90 4
91 3
92 1
94 3
95 2
96 2
98 1
99 1
100 1
101 2
103 3
105 1
107 1
108 1
114 1
116 1
128 1
130 1
150 1
