N J h mean_R_sq err_mean_R_sq mean_R_gyr_sq err_mean_R_gyr_sq 
2500 1.37 0 7786.41 97.1411 1456.52 11.3124
0 85
1 168
2 169
3 161
4 186
5 171
6 166
7 179
8 168
9 191
10 171
11 162
12 193
13 182
14 177
15 187
16 162
17 187
18 180
19 173
20 157
21 166
22 169
23 176
24 165
25 160
26 166
27 160
28 162
29 168
30 169
31 166
32 163
33 170
34 168
35 153
36 166
37 135
38 162
39 150
40 159
41 172
42 169
43 134
44 138
45 134
46 151
47 139
48 139
49 137
50 144
51 139
52 138
53 136
54 142
55 109
56 143
57 137
58 118
59 118
60 100
61 139
62 107
63 93
64 111
65 119
66 116
67 113
68 86
69 100
70 118
71 90
72 92
73 99
74 93
75 102
76 96
77 96
78 77
79 102
80 98
81 67
82 74
83 77
84 93
85 91
86 68
87 73
88 79
89 65
90 79
91 70
92 70
93 76
94 69
95 78
96 63
97 56
98 60
99 51
100 47
101 59
102 47
103 51
104 41
105 57
106 45
107 36
108 41
109 47
110 44
111 43
112 47
113 33
114 42
115 39
116 35
117 35
118 33
119 28
120 34
121 33
122 28
123 22
124 19
125 31
126 21
127 31
128 24
129 16
130 19
131 16
132 18
133 26
134 21
135 17
136 19
137 10
138 15
139 16
140 11
141 13
142 23
143 13
144 9
145 13
146 14
147 8
148 16
149 11
150 5
151 8
152 11
153 7
154 13
155 8
156 8
157 11
158 5
159 3
160 6
161 2
162 4
163 6
164 5
165 6
166 7
167 9
168 3
169 11
170 7
171 2
172 5
173 4
174 1
175 6
176 3
177 2
178 2
179 1
181 1
182 3
183 4
184 1
185 3
186 4
187 3
188 1
189 2
192 3
193 1
194 1
195 1
196 1
200 1
201 1
203 2
204 1
205 2
217 1
218 1
219 1
223 1
