N J h mean_R_sq err_mean_R_sq mean_R_gyr_sq err_mean_R_gyr_sq 
2916 1.344 0 17495.6 409.878 2814.86 46.1782
0 12
1 40
2 29
3 32
4 22
5 22
6 41
7 27
8 34
9 42
10 39
11 41
12 27
13 29
14 27
15 33
16 27
17 33
18 33
19 31
20 30
21 34
22 35
23 22
24 23
25 26
26 32
27 32
28 23
29 32
30 27
31 34
32 26
33 40
34 24
35 38
36 28
37 32
38 27
39 34
40 28
41 34
42 34
43 32
44 32
45 39
46 42
47 19
48 38
49 25
50 27
51 38
52 25
53 35
54 28
55 36
56 19
57 37
58 28
59 25
60 22
61 35
62 28
63 31
64 28
65 25
66 31
67 24
68 25
69 25
70 24
71 30
72 28
73 17
74 37
75 36
76 27
77 30
78 27
79 35
80 24
81 25
82 29
83 18
84 11
85 32
86 31
87 25
88 34
89 22
90 17
91 27
92 19
93 22
94 23
95 33
96 22
97 20
98 24
99 22
100 22
101 18
102 25
103 20
104 26
105 22
106 24
107 27
108 19
109 21
110 12
111 17
112 11
113 24
114 24
115 15
116 21
117 19
118 22
119 11
120 14
121 16
122 21
123 17
124 22
125 20
126 14
127 21
128 18
129 16
130 22
131 18
132 13
133 14
134 16
135 18
136 13
137 9
138 13
139 15
140 10
141 13
142 12
143 15
144 13
145 10
146 15
147 13
148 14
149 14
150 15
151 6
152 16
153 7
154 16
155 13
156 9
157 7
158 12
159 7
160 10
161 4
162 11
163 8
164 8
165 14
166 6
167 9
168 11
169 7
170 6
171 13
172 7
173 8
174 7
175 3
176 8
177 7
178 8
179 4
180 9
181 4
182 4
183 4
184 4
185 5
186 7
187 4
188 5
189 5
190 7
191 6
192 4
193 1
194 5
195 7
196 1
197 6
198 2
199 7
200 3
201 5
202 2
203 3
204 2
205 4
207 2
208 3
209 1
210 7
211 5
212 3
213 3
214 3
216 2
217 1
218 1
219 5
221 1
222 3
223 2
225 1
226 2
228 2
230 2
231 2
232 1
233 2
234 1
235 1
237 1
239 1
243 2
244 1
247 1
250 1
252 1
255 1
257 1
261 1
266 1
268 1
271 1
277 1
