N J h mean_R_sq err_mean_R_sq mean_R_gyr_sq err_mean_R_gyr_sq 
4900 1.437 0 4178.02 941.094 1248.94 119.805
0 82
1 133
2 174
3 159
4 163
5 183
6 153
7 161
8 164
9 149
10 168
11 161
12 161
13 189
14 146
15 150
16 154
17 147
18 163
19 161
20 171
21 134
22 141
23 136
24 149
25 149
26 139
27 127
28 137
29 130
30 153
31 153
32 149
33 123
34 122
35 112
36 112
37 113
38 117
39 113
40 103
41 102
42 117
43 127
44 111
45 110
46 85
47 95
48 92
49 99
50 93
51 81
52 93
53 75
54 86
55 77
56 66
57 79
58 74
59 71
60 72
61 65
62 52
63 49
64 54
65 62
66 56
67 57
68 28
69 51
70 34
71 41
72 41
73 37
74 44
75 29
76 33
77 25
78 27
79 27
80 31
81 28
82 24
83 25
84 31
85 22
86 19
87 16
88 16
89 14
90 13
91 10
92 8
93 7
94 11
95 10
96 8
97 8
98 9
99 6
100 4
101 6
102 3
103 4
104 4
105 3
106 3
107 4
108 2
109 2
110 4
111 5
112 3
113 1
114 1
115 1
116 1
117 1
119 1
120 1
121 1
122 1
124 2
126 1
127 1
131 1
142 1
