N J h mean_R_sq err_mean_R_sq mean_R_gyr_sq err_mean_R_gyr_sq 
1225 1.31 0 8545.28 93.5102 1311.38 8.67095
0 30
1 61
2 45
3 45
4 46
5 55
6 51
7 54
8 45
9 56
10 43
11 45
12 52
13 57
14 40
15 59
16 45
17 44
18 56
19 56
20 57
21 53
22 59
23 50
24 51
25 55
26 51
27 56
28 58
29 58
30 51
31 51
32 63
33 54
34 47
35 55
36 56
37 52
38 59
39 52
40 46
41 48
42 49
43 42
44 62
45 48
46 47
47 59
48 53
49 61
50 54
51 50
52 53
53 53
54 57
55 45
56 44
57 53
58 46
59 43
60 57
61 42
62 49
63 34
64 46
65 39
66 45
67 40
68 46
69 39
70 55
71 35
72 38
73 45
74 43
75 40
76 40
77 50
78 31
79 39
80 28
81 32
82 36
83 31
84 42
85 36
86 35
87 21
88 32
89 29
90 26
91 29
92 24
93 32
94 21
95 30
96 29
97 27
98 28
99 12
100 19
101 24
102 26
103 31
104 24
105 13
106 18
107 16
108 23
109 15
110 17
111 28
112 12
113 20
114 15
115 12
116 19
117 22
118 13
119 16
120 12
121 13
122 11
123 8
124 15
125 14
126 12
127 11
128 9
129 11
130 8
131 7
132 7
133 9
134 9
135 12
136 12
137 7
138 3
139 6
140 9
141 7
142 6
143 4
144 8
145 3
146 9
147 3
148 3
149 5
150 2
151 3
152 4
153 2
154 2
155 2
156 1
158 1
159 2
160 2
161 1
162 3
164 1
165 4
166 2
168 1
170 1
171 1
173 1
174 1
178 1
182 2
187 1
197 1
204 1
222 1
