N J h mean_R_sq err_mean_R_sq mean_R_gyr_sq err_mean_R_gyr_sq 
1600 1.356 0 6509.96 82.8968 1120.92 8.14024
0 35
1 87
2 105
3 96
4 99
5 102
6 110
7 94
8 107
9 107
10 95
11 96
12 80
13 107
14 111
15 97
16 96
17 94
18 102
19 100
20 106
21 90
22 98
23 96
24 114
25 80
26 103
27 110
28 94
29 86
30 96
31 72
32 90
33 96
34 91
35 94
36 86
37 87
38 81
39 88
40 102
41 66
42 93
43 81
44 82
45 83
46 81
47 59
48 71
49 60
50 53
51 80
52 79
53 72
54 75
55 70
56 73
57 76
58 63
59 49
60 87
61 57
62 74
63 70
64 65
65 54
66 59
67 56
68 66
69 51
70 61
71 47
72 54
73 50
74 55
75 57
76 48
77 59
78 27
79 39
80 50
81 55
82 42
83 31
84 50
85 29
86 35
87 46
88 29
89 41
90 43
91 35
92 29
93 28
94 38
95 30
96 26
97 28
98 27
99 31
100 23
101 22
102 20
103 25
104 24
105 27
106 16
107 21
108 17
109 22
110 17
111 17
112 22
113 18
114 19
115 16
116 11
117 10
118 14
119 13
120 9
121 10
122 9
123 8
124 6
125 12
126 6
127 4
128 10
129 9
130 3
131 11
132 8
133 10
134 4
135 8
136 8
137 5
138 4
139 5
140 3
141 5
142 8
143 5
144 5
145 3
146 3
147 6
148 2
149 2
150 2
151 4
152 1
153 3
154 2
155 4
156 3
157 2
158 2
159 2
160 1
171 1
172 2
