N J h mean_R_sq err_mean_R_sq mean_R_gyr_sq err_mean_R_gyr_sq 
2916 1.47 0 1886.16 75.0937 643.413 12.906
0 21
1 46
2 51
3 55
4 48
5 41
6 51
7 50
8 53
9 66
10 46
11 47
12 44
13 48
14 63
15 42
16 52
17 55
18 47
19 42
20 53
21 53
22 55
23 37
24 39
25 41
26 45
27 32
28 41
29 41
30 41
31 34
32 34
33 30
34 26
35 35
36 39
37 21
38 38
39 35
40 21
41 25
42 20
43 29
44 21
45 19
46 23
47 15
48 23
49 23
50 15
51 20
52 23
53 11
54 14
55 12
56 12
57 10
58 10
59 13
60 12
61 9
62 7
63 5
64 9
65 5
66 7
67 8
69 8
70 1
71 5
72 2
73 4
74 2
75 3
76 3
78 1
80 1
81 1
82 2
83 2
85 1
87 1
89 1
90 1
93 1
