N J h mean_R_sq err_mean_R_sq mean_R_gyr_sq err_mean_R_gyr_sq 
4900 1.352 0 33066.3 3768.35 5419.4 622.404
0 20
1 65
2 62
3 59
4 57
5 59
6 59
7 60
8 44
9 60
10 42
11 56
12 55
13 61
14 56
15 63
16 60
17 64
18 67
19 60
20 61
21 53
22 50
23 53
24 65
25 63
26 57
27 50
28 69
29 61
30 65
31 50
32 65
33 60
34 59
35 68
36 64
37 78
38 66
39 52
40 64
41 68
42 45
43 66
44 57
45 72
46 73
47 61
48 58
49 77
50 60
51 57
52 72
53 68
54 56
55 62
56 68
57 55
58 53
59 63
60 43
61 62
62 62
63 53
64 51
65 66
66 57
67 52
68 56
69 72
70 54
71 53
72 61
73 59
74 60
75 63
76 60
77 63
78 49
79 51
80 50
81 60
82 56
83 56
84 54
85 57
86 52
87 68
88 60
89 55
90 67
91 51
92 47
93 53
94 51
95 57
96 62
97 63
98 48
99 61
100 58
101 47
102 64
103 41
104 53
105 41
106 48
107 52
108 46
109 50
110 61
111 57
112 59
113 51
114 45
115 48
116 54
117 52
118 53
119 64
120 42
121 52
122 43
123 47
124 50
125 49
126 43
127 43
128 54
129 41
130 42
131 47
132 53
133 37
134 42
135 49
136 39
137 44
138 46
139 41
140 44
141 49
142 40
143 36
144 55
145 43
146 40
147 44
148 29
149 30
150 31
151 38
152 33
153 37
154 35
155 31
156 29
157 40
158 40
159 39
160 37
161 26
162 35
163 32
164 42
165 34
166 38
167 31
168 28
169 29
170 24
171 36
172 34
173 33
174 24
175 30
176 31
177 28
178 27
179 36
180 22
181 27
182 26
183 30
184 24
185 33
186 28
187 23
188 32
189 22
190 30
191 24
192 25
193 23
194 23
195 20
196 21
197 15
198 13
199 25
200 18
201 22
202 27
203 32
204 25
205 21
206 20
207 15
208 23
209 15
210 18
211 14
212 17
213 13
214 22
215 15
216 15
217 16
218 16
219 13
220 11
221 16
222 11
223 18
224 12
225 12
226 14
227 15
228 12
229 17
230 17
231 8
232 9
233 13
234 9
235 12
236 8
237 6
238 11
239 19
240 14
241 9
242 9
243 9
244 16
245 12
246 14
247 10
248 16
249 11
250 8
251 7
252 12
253 7
254 6
255 10
256 12
257 5
258 5
259 6
260 6
261 8
262 6
263 6
264 10
265 10
266 11
267 4
268 9
269 5
270 7
271 5
272 2
273 3
274 4
275 6
276 1
277 4
278 6
279 5
280 4
281 8
282 2
283 3
284 5
285 6
286 3
287 4
288 3
289 4
290 2
291 5
292 4
293 4
294 3
295 5
296 4
297 1
298 5
299 2
300 4
302 2
303 2
304 5
305 2
306 2
309 2
311 1
312 1
313 2
315 2
317 1
318 1
319 2
320 1
322 3
323 2
324 2
325 1
326 4
327 1
328 1
329 1
330 2
332 3
333 1
334 2
337 2
338 1
339 1
342 1
344 3
347 2
348 1
349 1
350 1
352 1
353 1
356 1
363 3
364 1
366 1
375 1
383 1
387 1
397 1
426 1
