N J h mean_R_sq err_mean_R_sq mean_R_gyr_sq err_mean_R_gyr_sq 
900 1.46 0 818.636 10.1212 229.176 0.763839
0 119
1 247
2 236
3 245
4 224
5 241
6 232
7 216
8 219
9 199
10 221
11 248
12 236
13 210
14 188
15 201
16 175
17 196
18 170
19 175
20 165
21 168
22 143
23 144
24 115
25 137
26 110
27 87
28 82
29 108
30 94
31 77
32 77
33 71
34 75
35 53
36 45
37 49
38 45
39 35
40 43
41 38
42 25
43 29
44 21
45 21
46 21
47 19
48 18
49 9
50 5
51 11
52 12
53 7
54 5
55 4
56 1
57 2
58 2
59 5
60 5
61 3
62 2
63 2
64 2
65 1
66 2
68 1
70 1
71 2
75 1
76 1
