N J h mean_R_sq err_mean_R_sq mean_R_gyr_sq err_mean_R_gyr_sq 
1600 1.344 0 8065.19 125.426 1320.71 10.906
0 38
1 74
2 63
3 80
4 65
5 69
6 64
7 66
8 66
9 66
10 74
11 70
12 68
13 91
14 66
15 57
16 76
17 67
18 80
19 70
20 80
21 61
22 69
23 75
24 66
25 72
26 63
27 64
28 58
29 70
30 80
31 65
32 55
33 68
34 67
35 59
36 71
37 69
38 75
39 55
40 64
41 82
42 63
43 56
44 68
45 69
46 50
47 68
48 55
49 76
50 59
51 48
52 43
53 57
54 67
55 54
56 52
57 57
58 52
59 61
60 55
61 56
62 62
63 44
64 47
65 46
66 59
67 38
68 47
69 45
70 34
71 45
72 46
73 49
74 54
75 40
76 48
77 46
78 40
79 32
80 48
81 39
82 32
83 28
84 38
85 26
86 43
87 34
88 38
89 38
90 34
91 31
92 31
93 32
94 33
95 31
96 37
97 36
98 31
99 23
100 42
101 31
102 25
103 26
104 15
105 18
106 22
107 21
108 30
109 14
110 26
111 19
112 21
113 14
114 14
115 17
116 19
117 12
118 17
119 8
120 17
121 18
122 9
123 9
124 18
125 13
126 7
127 10
128 13
129 13
130 12
131 7
132 10
133 10
134 10
135 12
136 14
137 3
138 6
139 11
140 6
141 5
142 11
143 6
144 7
145 7
146 8
147 4
148 4
149 6
150 2
151 4
152 5
153 2
154 2
155 2
156 5
158 1
159 6
160 3
161 1
162 2
163 3
164 1
165 3
166 1
168 2
169 4
170 1
171 2
172 4
173 3
175 1
176 3
178 2
181 1
182 1
183 1
184 1
185 2
187 1
188 1
