N J h mean_R_sq err_mean_R_sq mean_R_gyr_sq err_mean_R_gyr_sq 
2916 1.425 0 4613.65 1901.63 1087.24 282.297
0 3
1 9
2 9
3 11
4 10
5 6
6 11
7 12
8 7
9 8
10 11
11 11
12 6
13 16
14 13
15 14
16 13
17 10
18 9
19 10
20 4
21 4
22 11
23 6
24 8
25 6
26 12
27 8
28 8
29 12
30 7
31 12
32 4
33 8
34 9
35 7
36 7
37 9
38 5
39 8
40 14
41 9
42 9
43 3
44 7
45 5
46 9
47 8
48 6
49 4
50 2
51 2
52 5
53 4
54 4
55 1
56 2
57 4
58 4
59 1
61 4
62 2
63 3
64 3
65 2
66 2
67 4
68 1
69 2
70 3
71 2
72 1
73 2
75 1
76 1
79 3
81 3
83 1
116 1
120 1
