N J h mean_R_sq err_mean_R_sq mean_R_gyr_sq err_mean_R_gyr_sq 
1225 1.409 0 1886.34 96.2585 429.261 11.6563
0 8
1 20
2 16
3 15
4 10
5 13
6 12
7 16
8 17
9 10
10 17
11 13
12 12
13 16
14 13
15 19
16 14
17 14
18 10
19 12
20 5
21 11
22 14
23 15
24 14
25 12
26 14
27 10
28 11
29 7
30 9
31 10
32 11
33 7
34 8
35 9
36 6
37 12
38 13
39 8
40 4
41 5
42 6
43 3
44 6
45 5
46 6
47 4
48 4
49 3
50 4
51 3
52 5
53 4
54 6
55 4
56 3
57 2
58 3
59 4
60 1
61 4
62 1
63 1
64 3
65 1
66 3
67 2
68 1
69 1
70 2
72 1
75 1
76 2
78 1
82 1
83 1
85 3
88 1
96 1
