N J h mean_R_sq err_mean_R_sq mean_R_gyr_sq err_mean_R_gyr_sq 
1225 1.43 0 1331.41 25.3971 349.681 2.4462
0 65
1 137
2 123
3 131
4 138
5 133
6 136
7 130
8 129
9 120
10 125
11 113
12 100
13 103
14 102
15 134
16 125
17 115
18 130
19 109
20 96
21 101
22 96
23 86
24 94
25 101
26 68
27 95
28 81
29 75
30 59
31 64
32 56
33 64
34 70
35 60
36 51
37 51
38 49
39 54
40 41
41 35
42 35
43 26
44 40
45 35
46 33
47 16
48 31
49 15
50 23
51 18
52 18
53 20
54 12
55 11
56 15
57 11
58 9
59 6
60 6
61 3
62 7
63 6
64 6
65 11
66 3
67 4
68 3
69 5
72 4
73 3
74 5
75 4
76 1
77 1
79 1
80 1
82 1
83 3
84 1
92 1
