N J h mean_R_sq err_mean_R_sq mean_R_gyr_sq err_mean_R_gyr_sq 
900 1.372 0 2554.93 32.9465 474.946 2.95487
0 76
1 169
2 170
3 162
4 197
5 173
6 143
7 153
8 191
9 172
10 162
11 147
12 147
13 135
14 162
15 166
16 164
17 149
18 151
19 142
20 176
21 161
22 150
23 147
24 134
25 146
26 126
27 134
28 150
29 129
30 131
31 123
32 109
33 109
34 123
35 111
36 117
37 93
38 93
39 116
40 81
41 81
42 79
43 85
44 72
45 81
46 76
47 77
48 84
49 66
50 72
51 51
52 60
53 56
54 64
55 51
56 55
57 53
58 47
59 52
60 35
61 35
62 38
63 51
64 37
65 29
66 43
67 37
68 26
69 22
70 25
71 24
72 22
73 19
74 17
75 24
76 24
77 10
78 16
79 20
80 16
81 19
82 14
83 12
84 14
85 14
86 6
87 11
88 5
89 8
90 5
91 5
92 5
93 7
94 5
95 4
96 6
97 2
98 3
99 3
100 1
101 4
102 5
103 2
104 2
105 3
107 1
109 2
111 1
116 1
117 3
118 1
121 1
127 1
129 1
