N J h mean_R_sq err_mean_R_sq mean_R_gyr_sq err_mean_R_gyr_sq 
3600 1.409 0 4319.06 539.924 1129.8 70.3568
0 68
1 132
2 116
3 124
4 116
5 149
6 121
7 116
8 129
9 151
10 132
11 120
12 119
13 120
14 140
15 130
16 140
17 130
18 131
19 127
20 142
21 130
22 110
23 117
24 102
25 115
26 113
27 137
28 115
29 106
30 89
31 90
32 112
33 95
34 107
35 112
36 111
37 99
38 87
39 86
40 91
41 85
42 93
43 69
44 96
45 87
46 89
47 101
48 77
49 77
50 69
51 61
52 67
53 67
54 72
55 71
56 56
57 54
58 60
59 59
60 63
61 45
62 40
63 45
64 49
65 43
66 43
67 60
68 45
69 30
70 41
71 29
72 40
73 39
74 31
75 29
76 22
77 31
78 27
79 33
80 22
81 23
82 20
83 24
84 14
85 12
86 16
87 21
88 16
89 16
90 20
91 15
92 13
93 11
94 10
95 5
96 12
97 10
98 11
99 4
100 7
101 7
102 12
103 7
104 7
105 4
106 5
107 3
108 6
109 5
110 6
111 3
112 6
113 4
114 4
115 9
116 3
117 2
119 3
120 4
121 2
122 5
123 1
124 2
127 2
128 1
129 3
130 1
131 1
132 1
133 1
138 2
147 1
148 1
157 1
