N J h mean_R_sq err_mean_R_sq mean_R_gyr_sq err_mean_R_gyr_sq 
3600 1.348 0 21392.4 399.092 3454.77 49.5602
0 42
1 87
2 81
3 78
4 74
5 91
6 78
7 75
8 69
9 78
10 68
11 63
12 81
13 72
14 67
15 75
16 85
17 69
18 71
19 67
20 74
21 82
22 71
23 85
24 85
25 87
26 80
27 78
28 84
29 79
30 87
31 72
32 79
33 74
34 74
35 71
36 93
37 66
38 55
39 69
40 70
41 59
42 55
43 68
44 68
45 58
46 80
47 77
48 64
49 83
50 72
51 66
52 66
53 60
54 63
55 76
56 73
57 85
58 90
59 84
60 71
61 77
62 73
63 68
64 72
65 67
66 79
67 66
68 84
69 79
70 68
71 62
72 68
73 64
74 69
75 64
76 58
77 58
78 80
79 80
80 52
81 55
82 74
83 88
84 57
85 75
86 68
87 63
88 50
89 60
90 67
91 66
92 56
93 59
94 50
95 64
96 52
97 62
98 72
99 72
100 51
101 58
102 46
103 70
104 44
105 53
106 51
107 42
108 55
109 61
110 61
111 62
112 57
113 54
114 65
115 62
116 56
117 51
118 60
119 62
120 57
121 44
122 60
123 60
124 42
125 47
126 63
127 61
128 53
129 60
130 52
131 48
132 41
133 43
134 50
135 48
136 47
137 50
138 40
139 54
140 39
141 37
142 33
143 37
144 52
145 39
146 43
147 37
148 52
149 36
150 31
151 44
152 33
153 36
154 32
155 34
156 43
157 25
158 24
159 33
160 24
161 25
162 27
163 23
164 23
165 33
166 26
167 24
168 30
169 28
170 33
171 26
172 32
173 17
174 24
175 25
176 25
177 23
178 23
179 20
180 26
181 15
182 19
183 26
184 24
185 20
186 23
187 29
188 23
189 21
190 18
191 22
192 12
193 14
194 19
195 13
196 11
197 19
198 14
199 16
200 13
201 8
202 11
203 10
204 12
205 10
206 10
207 15
208 15
209 6
210 11
211 10
212 15
213 10
214 12
215 7
216 9
217 18
218 9
219 8
220 9
221 10
222 17
223 10
224 6
225 12
226 8
227 9
228 7
229 8
230 9
231 5
232 9
233 5
234 6
235 8
236 5
237 2
238 2
239 4
240 4
241 7
242 9
243 4
244 3
245 3
246 5
247 4
248 8
249 6
250 6
251 2
252 3
253 4
254 1
255 3
256 3
257 1
258 2
260 3
261 3
262 2
263 2
264 1
265 1
266 5
267 3
268 1
269 2
270 1
271 1
272 5
273 3
274 3
275 1
276 4
280 1
281 2
282 1
284 2
285 2
287 2
289 2
293 4
294 1
296 1
298 1
301 1
302 1
304 1
309 1
310 1
311 1
314 1
318 1
323 1
333 1
334 1
355 1
367 1
