N J h mean_R_sq err_mean_R_sq mean_R_gyr_sq err_mean_R_gyr_sq 
3600 1.47 0 2171.25 58.2587 764.221 6.14714
0 18
1 29
2 41
3 30
4 28
5 28
6 27
7 32
8 35
9 26
10 25
11 29
12 23
13 31
14 22
15 38
16 33
17 27
18 25
19 30
20 25
21 34
22 25
23 32
24 18
25 28
26 27
27 18
28 25
29 35
30 23
31 13
32 22
33 15
34 26
35 23
36 15
37 20
38 25
39 13
40 18
41 27
42 17
43 16
44 16
45 14
46 12
47 20
48 16
49 9
50 13
51 14
52 15
53 10
54 6
55 7
56 7
57 9
58 12
59 8
60 3
61 9
62 3
63 10
64 9
65 7
66 3
67 4
68 2
69 8
70 8
71 5
73 3
75 2
76 2
77 2
78 2
79 1
80 2
81 2
83 1
84 1
86 2
88 1
91 1
94 1
