N J h mean_R_sq err_mean_R_sq mean_R_gyr_sq err_mean_R_gyr_sq 
3600 1.352 0 19533.4 375.891 3211.35 47.497
0 99
1 169
2 206
3 198
4 147
5 179
6 195
7 206
8 211
9 187
10 180
11 171
12 194
13 180
14 153
15 188
16 179
17 188
18 182
19 161
20 189
21 213
22 187
23 171
24 195
25 180
26 216
27 160
28 169
29 169
30 178
31 196
32 185
33 181
34 203
35 185
36 203
37 192
38 184
39 171
40 183
41 164
42 195
43 164
44 166
45 184
46 168
47 149
48 177
49 163
50 177
51 192
52 184
53 188
54 177
55 179
56 179
57 162
58 165
59 164
60 173
61 175
62 158
63 174
64 167
65 166
66 174
67 142
68 187
69 159
70 206
71 156
72 179
73 160
74 169
75 165
76 168
77 171
78 161
79 134
80 159
81 151
82 145
83 165
84 153
85 159
86 153
87 152
88 160
89 164
90 136
91 154
92 153
93 170
94 143
95 158
96 166
97 126
98 162
99 143
100 143
101 139
102 138
103 155
104 118
105 130
106 145
107 122
108 108
109 128
110 136
111 119
112 138
113 133
114 116
115 128
116 134
117 106
118 110
119 132
120 116
121 100
122 95
123 106
124 124
125 102
126 101
127 104
128 98
129 111
130 109
131 96
132 98
133 88
134 99
135 88
136 93
137 100
138 105
139 84
140 86
141 68
142 81
143 94
144 81
145 94
146 86
147 79
148 74
149 85
150 78
151 84
152 66
153 57
154 76
155 55
156 66
157 74
158 60
159 72
160 75
161 60
162 72
163 68
164 46
165 50
166 57
167 56
168 45
169 51
170 47
171 50
172 46
173 45
174 47
175 37
176 51
177 35
178 44
179 49
180 51
181 43
182 48
183 36
184 34
185 36
186 39
187 33
188 34
189 48
190 44
191 34
192 36
193 29
194 43
195 34
196 23
197 24
198 29
199 34
200 24
201 21
202 26
203 27
204 22
205 22
206 21
207 22
208 20
209 20
210 25
211 20
212 28
213 15
214 19
215 18
216 18
217 15
218 18
219 15
220 23
221 19
222 16
223 11
224 14
225 9
226 14
227 8
228 15
229 19
230 9
231 10
232 13
233 10
234 9
235 14
236 10
237 16
238 9
239 11
240 7
241 9
242 6
243 7
244 7
245 11
246 8
247 10
248 10
249 5
250 5
251 14
252 5
253 5
254 7
255 6
256 5
257 5
258 4
259 6
260 7
261 4
262 2
263 5
265 4
266 3
267 2
268 1
269 3
270 4
271 2
272 3
273 4
274 2
275 3
276 4
277 3
278 5
279 1
280 4
281 1
282 3
284 3
285 1
286 2
287 4
288 1
289 2
290 1
292 1
293 1
294 2
295 1
297 3
299 1
302 2
307 2
313 1
315 2
316 2
317 1
319 1
325 1
327 1
329 1
330 2
342 1
348 1
353 1
