N J h mean_R_sq err_mean_R_sq mean_R_gyr_sq err_mean_R_gyr_sq 
3600 1.429 0 2718.73 156.193 895.414 22.2647
0 3
1 12
2 8
3 12
4 8
5 9
6 12
7 8
8 10
9 10
10 9
11 10
12 15
13 7
14 9
15 12
16 12
17 15
18 6
19 8
20 12
21 3
22 5
23 9
24 7
25 6
26 11
27 12
28 15
29 9
30 10
31 11
32 10
33 8
34 10
35 6
36 8
37 6
38 7
39 6
40 8
41 7
42 2
43 6
44 3
45 3
46 4
47 7
48 10
49 7
50 2
51 8
52 2
54 4
55 5
56 2
58 3
59 1
60 1
61 4
62 1
63 4
64 3
65 3
66 2
67 2
68 2
69 4
70 1
72 2
73 1
74 1
75 1
76 1
77 1
78 1
79 1
80 2
82 2
84 1
85 1
88 1
91 1
93 1
95 1
96 1
100 1
111 1
