N J h mean_R_sq err_mean_R_sq mean_R_gyr_sq err_mean_R_gyr_sq 
2916 1.44 0 2231.26 75.9491 711.744 8.81626
0 158
1 265
2 276
3 302
4 291
5 272
6 281
7 281
8 276
9 267
10 271
11 293
12 272
13 265
14 335
15 288
16 243
17 245
18 270
19 263
20 265
21 281
22 226
23 242
24 248
25 253
26 235
27 227
28 227
29 217
30 224
31 196
32 212
33 211
34 173
35 197
36 191
37 161
38 172
39 168
40 144
41 159
42 176
43 148
44 137
45 107
46 113
47 125
48 106
49 104
50 107
51 107
52 80
53 105
54 87
55 96
56 65
57 76
58 73
59 59
60 57
61 58
62 61
63 52
64 61
65 36
66 25
67 31
68 46
69 36
70 28
71 17
72 23
73 27
74 17
75 16
76 25
77 14
78 18
79 11
80 12
81 8
82 18
83 12
84 5
85 7
86 3
87 8
88 9
89 3
90 3
91 6
92 2
93 4
94 1
95 3
97 3
98 1
99 2
100 3
103 2
105 1
106 2
107 1
108 1
109 2
110 1
115 2
132 1
