N J h mean_R_sq err_mean_R_sq mean_R_gyr_sq err_mean_R_gyr_sq 
2500 1.445 0 1839.16 37.7887 601.215 5.33809
0 30
1 53
2 62
3 60
4 57
5 65
6 55
7 68
8 67
9 53
10 66
11 62
12 67
13 60
14 56
15 66
16 50
17 49
18 62
19 52
20 52
21 53
22 52
23 57
24 46
25 48
26 60
27 41
28 34
29 41
30 31
31 39
32 39
33 36
34 37
35 24
36 30
37 33
38 37
39 36
40 34
41 23
42 25
43 27
44 25
45 28
46 25
47 26
48 25
49 25
50 22
51 20
52 12
53 16
54 15
55 15
56 12
57 9
58 14
59 12
60 8
61 11
62 8
63 11
64 6
65 2
66 8
67 5
68 3
69 4
70 1
71 2
72 2
73 5
74 2
75 4
76 1
77 3
80 1
82 3
83 4
84 3
85 1
87 1
91 1
92 1
94 1
95 1
