N J h mean_R_sq err_mean_R_sq mean_R_gyr_sq err_mean_R_gyr_sq 
2916 1.272 0 41705.4 1621.14 6021.03 179.742
961 1
989 1
994 1
997 1
1000 1
1001 1
1002 1
1004 1
1005 1
1006 1
1007 4
1008 3
1009 1
1010 1
1011 1
1012 3
1013 1
1014 3
1015 7
1016 2
1017 3
1018 5
1019 2
1020 3
1021 3
1022 4
1023 2
1024 4
1025 3
1026 5
1027 5
1028 5
1029 7
1030 9
1031 10
1032 5
1033 2
1034 4
1035 8
1036 8
1037 8
1038 5
1039 11
1040 10
1041 10
1042 12
1043 9
1044 11
1045 8
1046 19
1047 17
1048 12
1049 15
1050 16
1051 11
1052 12
1053 15
1054 18
1055 11
1056 18
1057 17
1058 16
1059 17
1060 19
1061 12
1062 18
1063 15
1064 20
1065 20
1066 20
1067 13
1068 26
1069 16
1070 11
1071 22
1072 19
1073 16
1074 9
1075 20
1076 15
1077 13
1078 13
1079 14
1080 15
1081 22
1082 15
1083 8
1084 15
1085 10
1086 16
1087 7
1088 7
1089 8
1090 4
1091 4
1092 3
1093 4
1094 11
1095 7
1096 8
1097 3
1098 8
1099 6
1100 8
1101 7
1102 2
1103 5
1104 7
1105 4
1106 1
1107 4
1109 3
1110 2
1112 1
1114 1
1115 1
1116 1
1117 2
1118 1
1121 1
1123 1
1125 2
1126 1
1133 1
