N J h mean_R_sq err_mean_R_sq mean_R_gyr_sq err_mean_R_gyr_sq 
2916 1.279 0 39537.4 2707.25 5699.81 242.026
983 1
986 2
988 1
990 2
992 2
995 2
996 1
997 3
998 2
999 2
1000 1
1001 1
1002 1
1004 2
1006 2
1007 2
1009 2
1010 3
1011 4
1012 5
1013 2
1014 4
1015 6
1016 8
1017 5
1018 6
1019 5
1020 8
1021 11
1022 7
1023 7
1024 11
1025 14
1026 10
1027 5
1028 9
1029 16
1030 18
1031 13
1032 12
1033 13
1034 11
1035 14
1036 14
1037 14
1038 14
1039 19
1040 14
1041 14
1042 15
1043 12
1044 19
1045 19
1046 18
1047 17
1048 16
1049 12
1050 20
1051 14
1052 11
1053 25
1054 22
1055 15
1056 20
1057 11
1058 11
1059 12
1060 20
1061 16
1062 19
1063 14
1064 10
1065 20
1066 14
1067 13
1068 14
1069 7
1070 14
1071 17
1072 10
1073 13
1074 14
1075 7
1076 9
1077 7
1078 15
1079 8
1080 6
1081 7
1082 5
1083 8
1084 1
1085 5
1086 2
1087 10
1088 5
1089 8
1090 4
1091 3
1092 4
1093 2
1094 6
1095 1
1096 2
1097 5
1098 2
1099 1
1100 4
1101 2
1102 2
1103 1
1104 2
1106 2
1108 1
1113 1
1120 1
1122 1
