N J h mean_R_sq err_mean_R_sq mean_R_gyr_sq err_mean_R_gyr_sq 
2500 1.272 0 33599.8 797.854 4869.44 94.5841
831 1
835 2
837 1
840 1
842 1
843 1
847 1
854 1
860 1
862 1
863 1
868 1
870 1
871 3
872 1
873 4
874 1
875 2
876 3
877 1
878 2
879 1
880 2
881 1
882 1
883 2
884 1
885 1
886 3
887 4
888 2
889 5
890 2
892 1
893 1
895 3
896 3
897 2
898 4
899 4
900 3
901 1
902 4
903 3
904 7
905 1
906 2
907 2
908 4
909 1
910 2
911 7
912 3
913 4
914 5
915 5
916 4
917 1
918 4
920 10
921 6
922 6
923 5
924 6
925 4
926 4
927 7
928 10
929 11
930 3
931 8
932 4
933 6
934 7
935 9
936 9
937 11
938 10
939 3
940 10
941 11
942 11
943 10
944 13
945 14
946 7
947 8
948 11
949 13
950 10
951 12
952 6
953 8
954 6
955 14
956 10
957 13
958 13
959 5
960 9
961 10
962 10
963 12
964 7
965 12
966 14
967 20
968 13
969 15
970 13
971 15
972 11
973 9
974 15
975 16
976 12
977 14
978 14
979 9
980 10
981 15
982 11
983 10
984 7
985 21
986 14
987 16
988 23
989 14
990 11
991 8
992 7
993 13
994 17
995 14
996 16
997 10
998 7
999 19
1000 8
1001 10
1002 17
1003 14
1004 10
1005 16
1006 14
1007 15
1008 15
1009 15
1010 13
1011 20
1012 12
1013 16
1014 18
1015 9
1016 14
1017 8
1018 13
1019 13
1020 9
1021 13
1022 17
1023 15
1024 7
1025 13
1026 16
1027 8
1028 10
1029 11
1030 12
1031 13
1032 21
1033 11
1034 11
1035 13
1036 14
1037 10
1038 9
1039 10
1040 17
1041 16
1042 15
1043 12
1044 10
1045 12
1046 13
1047 12
1048 18
1049 10
1050 10
1051 6
1052 12
1053 11
1054 9
1055 9
1056 7
1057 7
1058 6
1059 7
1060 5
1061 9
1062 8
1063 5
1064 7
1065 5
1066 2
1067 5
1068 9
1069 5
1070 6
1071 10
1072 6
1073 4
1074 8
1075 5
1076 5
1077 9
1078 4
1079 4
1081 4
1082 4
1083 2
1084 4
1085 5
1086 7
1087 7
1088 6
1089 2
1090 2
1091 1
1092 3
1093 4
1094 5
1096 8
1097 4
1098 3
1099 5
1100 3
1101 2
1102 3
1103 4
1104 3
1105 5
1106 2
1107 3
1108 3
1110 1
1111 2
1112 2
1113 2
1114 2
1115 2
1117 1
1119 2
1120 2
1121 3
1122 1
1123 2
1124 1
1125 1
1126 2
1127 2
1128 1
1129 1
1130 2
1132 1
1135 2
1136 1
1137 1
1140 1
1145 1
1147 2
1155 1
1157 1
1161 1
1164 1
1165 1
1176 1
1179 1
