N J h mean_R_sq err_mean_R_sq mean_R_gyr_sq err_mean_R_gyr_sq 
2916 1.293 0 34751.7 1363.04 5177.49 175.546
943 1
944 1
947 1
952 1
962 1
963 1
964 2
965 1
966 2
968 1
971 1
973 1
974 1
975 3
976 1
978 2
979 1
980 1
981 4
982 2
983 4
984 6
985 5
986 4
987 2
988 2
989 6
990 6
991 4
992 5
993 6
994 12
995 9
996 5
997 4
998 7
999 7
1000 7
1001 10
1002 9
1003 7
1004 11
1005 13
1006 14
1007 16
1008 10
1009 13
1010 17
1011 12
1012 11
1013 9
1014 13
1015 13
1016 15
1017 13
1018 17
1019 12
1020 15
1021 16
1022 17
1023 14
1024 11
1025 15
1026 21
1027 14
1028 20
1029 15
1030 20
1031 25
1032 19
1033 11
1034 9
1035 21
1036 14
1037 17
1038 13
1039 11
1040 13
1041 23
1042 16
1043 21
1044 10
1045 13
1046 7
1047 13
1048 12
1049 10
1050 17
1051 15
1052 9
1053 2
1054 10
1055 6
1056 8
1057 8
1058 9
1059 7
1060 8
1061 6
1062 4
1064 3
1065 3
1066 5
1067 2
1068 4
1069 2
1070 3
1071 8
1072 2
1073 5
1074 2
1075 4
1076 4
1077 2
1078 1
1079 2
1080 2
1081 1
1082 1
1084 2
1086 2
1087 1
1088 1
1089 1
1090 1
1092 2
1094 1
1095 1
1106 1
