N J h mean_R_sq err_mean_R_sq mean_R_gyr_sq err_mean_R_gyr_sq 
1600 1.282 0 15724.6 267.583 2344.53 24.6421
781 1
794 1
812 2
817 1
818 1
819 1
820 1
821 3
822 1
823 1
828 1
831 1
839 1
840 1
841 1
843 2
844 4
845 4
846 1
847 2
849 2
850 2
852 2
853 1
854 1
855 2
856 3
857 4
858 2
859 1
860 2
861 1
862 4
863 3
864 2
865 3
866 1
867 2
868 1
869 3
870 1
871 2
872 2
873 2
874 3
876 5
877 1
878 2
879 2
880 2
881 3
882 1
883 3
884 4
885 3
886 6
887 3
888 3
889 7
890 1
891 1
892 3
893 3
894 3
895 5
896 2
897 5
898 3
899 4
900 3
901 4
902 4
903 7
904 2
905 6
906 2
907 4
908 4
909 5
910 1
911 6
912 4
913 2
914 3
915 7
916 3
917 2
918 3
919 8
920 4
921 6
922 5
923 7
924 5
925 4
926 7
927 6
928 4
929 5
930 7
931 10
932 4
933 8
934 8
935 12
936 12
937 9
938 11
939 10
940 12
941 13
942 9
943 11
944 9
945 8
946 10
947 9
948 9
949 7
950 10
951 4
952 8
953 10
954 6
955 9
956 13
957 11
958 10
959 4
960 9
961 10
962 9
963 8
964 13
965 10
966 8
967 6
968 8
969 7
970 7
971 11
972 15
973 8
974 12
975 11
976 15
977 10
978 10
979 10
980 9
981 6
982 17
983 8
984 6
985 17
986 15
987 9
988 22
989 11
990 10
991 17
992 9
993 8
994 13
995 13
996 6
997 8
998 11
999 13
1000 9
1001 7
1002 19
1003 9
1004 14
1005 8
1006 14
1007 6
1008 9
1009 7
1010 8
1011 8
1012 11
1013 11
1014 16
1015 7
1016 8
1017 7
1018 13
1019 13
1020 11
1021 6
1022 15
1023 13
1024 12
1025 7
1026 7
1027 5
1028 12
1029 9
1030 13
1031 15
1032 6
1033 8
1034 4
1035 8
1036 10
1037 13
1038 12
1039 14
1040 6
1041 11
1042 5
1043 11
1044 14
1045 10
1046 5
1047 5
1048 4
1049 8
1050 14
1051 5
1052 12
1053 10
1054 6
1055 8
1056 10
1057 5
1058 12
1059 13
1060 10
1061 9
1062 8
1063 11
1064 2
1065 7
1066 9
1067 7
1068 6
1069 9
1070 5
1071 7
1072 11
1073 11
1074 6
1075 7
1076 5
1077 6
1078 8
1079 2
1080 9
1081 6
1082 5
1083 5
1084 3
1085 5
1086 9
1087 5
1088 6
1089 10
1091 6
1092 7
1093 2
1094 2
1095 4
1096 4
1097 6
1098 5
1099 2
1100 2
1101 6
1102 2
1103 3
1104 3
1105 3
1106 6
1107 1
1108 6
1109 6
1110 4
1111 5
1112 2
1113 6
1114 5
1115 5
1116 2
1117 5
1118 2
1119 3
1120 3
1122 2
1123 3
1124 4
1126 2
1127 8
1128 3
1129 3
1130 3
1131 2
1132 1
1134 2
1135 1
1136 1
1137 3
1138 1
1139 1
1140 3
1142 3
1143 4
1144 2
1145 3
1146 4
1147 1
1148 2
1149 1
1150 6
1151 2
1152 3
1153 1
1154 3
1155 1
1159 1
1160 1
1161 3
1162 1
1163 1
1164 1
1165 1
1166 1
1168 1
1172 1
1173 2
1178 1
1179 1
1183 2
1186 1
1191 1
1194 1
1202 1
1206 1
1210 1
1216 1
1217 1
