N J h mean_R_sq err_mean_R_sq mean_R_gyr_sq err_mean_R_gyr_sq 
4900 1.315 0 76258 11780.5 11085.7 1700.42
904 1
908 1
910 1
917 1
919 1
925 2
926 2
928 1
930 2
931 1
932 2
933 1
934 2
935 3
936 1
937 6
938 3
939 7
940 3
941 5
942 4
943 3
944 2
945 5
946 11
947 5
948 8
949 11
950 10
951 13
952 11
953 12
954 17
955 15
956 11
957 14
958 20
959 22
960 20
961 22
962 23
963 19
964 31
965 34
966 26
967 29
968 40
969 26
970 27
971 23
972 36
973 37
974 41
975 36
976 26
977 37
978 36
979 42
980 36
981 40
982 39
983 48
984 46
985 33
986 37
987 34
988 34
989 24
990 35
991 36
992 43
993 32
994 31
995 37
996 43
997 32
998 27
999 27
1000 30
1001 35
1002 34
1003 23
1004 21
1005 20
1006 16
1007 16
1008 15
1009 18
1010 20
1011 12
1012 9
1013 15
1014 16
1015 9
1016 17
1017 10
1018 10
1019 8
1020 5
1021 5
1022 6
1023 10
1024 9
1025 7
1026 4
1027 2
1028 4
1029 2
1030 7
1031 2
1032 2
1033 2
1037 2
1038 4
1041 1
1043 1
1046 1
1048 1
1049 1
1051 1
1053 1
