N J h mean_R_sq err_mean_R_sq mean_R_gyr_sq err_mean_R_gyr_sq 
2500 1.314 0 22377.3 523.439 3426.88 52.2308
1000 214
1001 180
1002 169
1003 135
1004 146
1005 110
1006 95
1007 106
1008 92
1009 58
1010 79
1011 56
1012 49
1013 49
1014 47
1015 42
1016 46
1017 31
1018 23
1019 28
1020 35
1021 25
1022 26
1023 13
1024 15
1025 14
1026 13
1027 8
1028 12
1029 6
1030 8
1031 6
1032 7
1033 7
1034 6
1035 8
1036 6
1037 2
1038 2
1039 2
1040 3
1041 3
1042 2
1043 1
1044 1
1045 1
1046 2
1048 2
1052 2
1054 1
1059 1
1061 2
1062 1
1069 1
