N J h mean_R_sq err_mean_R_sq mean_R_gyr_sq err_mean_R_gyr_sq 
3600 1.295 0 45954.2 2729.33 6774.61 357.025
945 1
951 1
954 1
956 2
957 2
958 2
959 1
961 1
963 1
964 3
965 1
967 6
968 4
969 2
970 4
971 5
972 2
973 3
974 5
975 2
976 5
977 4
978 5
979 5
980 5
981 9
982 9
983 10
984 7
985 14
986 11
987 9
988 8
989 11
990 13
991 16
992 11
993 10
994 27
995 15
996 19
997 22
998 15
999 18
1000 25
1001 32
1002 15
1003 24
1004 22
1005 29
1006 30
1007 35
1008 30
1009 29
1010 29
1011 37
1012 34
1013 37
1014 26
1015 34
1016 29
1017 37
1018 27
1019 27
1020 29
1021 35
1022 35
1023 40
1024 39
1025 37
1026 31
1027 42
1028 22
1029 38
1030 45
1031 29
1032 28
1033 35
1034 35
1035 24
1036 32
1037 38
1038 29
1039 31
1040 31
1041 13
1042 30
1043 19
1044 23
1045 20
1046 21
1047 14
1048 11
1049 13
1050 15
1051 16
1052 19
1053 14
1054 11
1055 11
1056 12
1057 6
1058 12
1059 11
1060 9
1061 7
1062 5
1063 7
1064 5
1065 14
1066 5
1067 3
1068 5
1069 3
1070 3
1071 1
1072 3
1073 2
1074 1
1075 1
1076 1
1077 4
1078 1
1079 1
1080 1
1082 1
1084 1
1086 2
1091 2
