N J h mean_R_sq err_mean_R_sq mean_R_gyr_sq err_mean_R_gyr_sq 
3600 1.28 0 53265.8 2734.34 7730.31 386.922
978 1
980 1
983 2
984 1
986 1
994 2
995 4
996 4
998 2
999 2
1000 7
1001 6
1002 2
1003 3
1004 6
1005 3
1006 6
1007 8
1008 5
1009 7
1010 12
1011 8
1012 3
1013 4
1014 11
1015 13
1016 12
1017 12
1018 9
1019 11
1020 19
1021 14
1022 13
1023 25
1024 21
1025 18
1026 15
1027 23
1028 16
1029 20
1030 27
1031 28
1032 34
1033 29
1034 24
1035 40
1036 23
1037 28
1038 28
1039 35
1040 27
1041 31
1042 27
1043 39
1044 38
1045 40
1046 36
1047 30
1048 35
1049 31
1050 36
1051 29
1052 38
1053 42
1054 33
1055 45
1056 30
1057 27
1058 29
1059 42
1060 26
1061 26
1062 42
1063 19
1064 30
1065 26
1066 24
1067 24
1068 22
1069 25
1070 19
1071 25
1072 24
1073 24
1074 14
1075 21
1076 18
1077 21
1078 21
1079 13
1080 16
1081 17
1082 15
1083 13
1084 12
1085 15
1086 7
1087 10
1088 8
1089 13
1090 9
1091 5
1092 7
1093 8
1094 7
1095 4
1096 3
1097 3
1098 2
1099 5
1100 2
1101 5
1102 2
1103 2
1104 2
1106 3
1108 1
1110 2
1114 1
1115 1
1118 2
