N J h mean_R_sq err_mean_R_sq mean_R_gyr_sq err_mean_R_gyr_sq 
2500 1.265 0 33285.8 768.468 4824.72 70.0194
814 1
832 1
842 1
843 2
848 1
853 1
856 1
858 1
868 1
870 1
871 1
873 1
875 1
881 3
883 1
884 3
885 1
886 3
887 2
890 5
891 3
892 1
893 2
895 2
898 1
900 4
901 2
902 1
903 6
904 2
905 4
906 3
907 5
908 3
909 3
910 5
911 6
912 2
913 5
914 6
916 11
917 2
918 8
919 4
920 2
921 6
922 4
923 5
924 4
925 7
926 5
927 6
928 8
929 15
930 6
931 10
932 6
933 5
934 14
935 7
936 10
937 7
938 14
939 7
940 3
941 13
942 10
943 10
944 7
945 6
946 9
947 9
948 9
949 12
950 11
951 7
952 6
953 9
954 9
955 14
956 4
957 9
958 9
959 12
960 7
961 14
962 11
963 12
964 16
965 21
966 21
967 11
968 12
969 11
970 9
971 15
972 16
973 13
974 10
975 20
976 13
977 18
978 11
979 20
980 15
981 13
982 26
983 16
984 12
985 14
986 14
987 14
988 11
989 11
990 12
991 12
992 19
993 15
994 12
995 12
996 9
997 15
998 22
999 10
1000 13
1001 11
1002 19
1003 13
1004 13
1005 16
1006 15
1007 19
1008 11
1009 13
1010 19
1011 10
1012 14
1013 18
1014 17
1015 11
1016 16
1017 18
1018 15
1019 10
1020 12
1021 16
1022 19
1023 14
1024 10
1025 9
1026 9
1027 19
1028 15
1029 16
1030 18
1031 8
1032 11
1033 11
1034 10
1035 15
1036 9
1037 11
1038 14
1039 12
1040 8
1041 13
1042 6
1043 5
1044 6
1045 9
1046 17
1047 15
1048 10
1049 6
1050 6
1051 12
1052 9
1053 10
1054 10
1055 9
1056 9
1057 7
1058 7
1059 7
1060 6
1061 5
1062 10
1063 9
1064 7
1065 2
1066 4
1067 7
1068 8
1069 4
1070 5
1071 9
1072 12
1073 1
1074 5
1075 10
1076 2
1077 6
1078 7
1079 3
1080 2
1081 3
1082 4
1083 5
1084 5
1085 4
1086 9
1087 7
1088 2
1089 1
1090 2
1091 3
1092 3
1093 1
1094 3
1095 3
1096 2
1097 3
1098 1
1099 2
1101 1
1102 7
1103 2
1104 2
1105 1
1107 1
1109 6
1110 2
1111 2
1112 4
1113 2
1114 3
1115 1
1116 2
1117 2
1119 1
1120 2
1121 2
1122 1
1123 3
1124 3
1126 2
1127 1
1129 3
1130 1
1131 1
1134 1
1136 1
1137 1
1139 1
1144 1
1148 1
1150 1
1159 1
1164 1
1171 1
