N J h mean_R_sq err_mean_R_sq mean_R_gyr_sq err_mean_R_gyr_sq 
2916 1.3 0 35096.4 2435.7 5109.87 279.926
796 1
798 1
838 2
840 1
849 2
855 1
861 1
866 1
868 1
870 1
871 1
873 1
875 2
876 2
877 2
880 1
881 1
882 1
883 1
885 1
886 1
887 1
890 2
892 1
893 1
894 1
895 1
896 3
898 2
899 2
901 3
902 2
903 1
904 3
905 4
906 2
907 2
908 2
909 2
910 1
911 2
912 2
913 2
914 2
915 1
916 4
917 2
918 2
919 4
920 2
921 1
922 3
923 2
924 5
925 3
926 3
927 2
928 3
929 3
930 3
931 6
932 3
933 4
934 1
935 3
936 4
937 2
938 6
939 2
940 9
941 2
942 6
943 6
944 7
945 7
946 4
947 7
948 3
949 5
950 2
951 1
952 3
953 7
955 9
956 5
957 8
958 6
959 6
960 6
961 5
962 6
963 3
964 6
965 6
966 7
967 4
968 6
969 4
970 2
971 5
972 6
973 9
974 6
975 4
976 7
977 8
978 9
979 5
980 6
981 9
982 8
983 4
984 6
985 7
986 8
987 9
988 7
989 5
990 3
991 8
992 7
993 8
994 5
995 6
996 8
997 5
998 9
999 5
1000 6
1001 7
1002 8
1003 8
1004 6
1005 1
1006 6
1007 10
1008 10
1009 8
1010 5
1011 5
1012 12
1013 13
1014 6
1015 3
1016 5
1017 6
1018 9
1019 4
1020 3
1021 4
1022 5
1023 10
1024 3
1025 5
1026 6
1027 7
1028 11
1029 7
1030 5
1031 2
1032 8
1033 9
1034 5
1035 8
1036 4
1037 5
1038 15
1039 2
1040 10
1041 6
1042 7
1043 4
1044 6
1045 7
1046 3
1047 3
1048 3
1049 2
1050 7
1051 5
1052 3
1053 3
1054 5
1055 3
1056 11
1057 3
1058 6
1059 5
1060 2
1061 4
1062 2
1063 1
1064 5
1065 4
1066 4
1067 3
1068 6
1069 5
1070 3
1071 2
1072 8
1073 8
1074 2
1075 3
1076 3
1077 2
1078 1
1079 4
1081 2
1082 1
1083 1
1084 2
1085 2
1086 3
1087 3
1088 3
1089 1
1090 1
1091 2
1092 2
1095 3
1096 1
1097 1
1099 2
1100 2
1101 1
1102 1
1103 1
1104 1
1105 1
1106 2
1107 1
1108 1
1109 1
1110 1
1111 4
1112 1
1115 2
1116 2
1118 1
1119 2
1122 1
1125 1
1126 1
1127 1
1128 2
1132 1
1135 1
1139 1
1143 1
1147 1
1155 1
1167 1
1168 1
