N J h mean_R_sq err_mean_R_sq mean_R_gyr_sq err_mean_R_gyr_sq 
2916 1.279 0 39537.4 2707.25 5699.81 242.026
826 1
839 1
846 1
861 1
867 2
871 1
873 1
874 1
876 1
877 1
880 2
881 1
882 1
884 1
885 2
890 1
891 3
893 2
894 1
896 3
897 2
898 1
899 2
900 1
903 3
904 1
905 3
906 2
907 2
908 1
909 1
910 1
911 1
912 2
913 3
914 2
915 2
916 2
917 2
918 2
919 4
920 4
921 4
922 4
924 1
925 2
926 4
927 4
928 4
929 5
930 5
931 2
932 3
934 2
935 2
936 5
937 6
938 6
939 6
940 3
941 2
942 5
943 7
944 2
945 4
946 5
947 4
948 6
949 2
950 4
951 5
952 4
953 5
954 3
955 2
956 9
957 7
958 5
959 13
960 6
961 4
962 6
963 5
964 9
965 7
966 9
967 6
968 6
969 4
970 10
971 7
972 7
973 11
974 3
975 5
976 8
977 8
978 4
979 4
980 6
981 8
982 4
983 8
984 9
985 10
986 12
987 5
988 6
989 6
990 2
991 5
992 9
993 5
994 9
995 6
996 7
997 4
998 6
999 11
1000 9
1001 3
1002 10
1003 8
1004 6
1005 5
1006 9
1007 9
1008 8
1009 2
1010 12
1011 9
1012 9
1013 5
1014 4
1015 7
1016 4
1017 6
1018 10
1019 5
1020 7
1021 9
1022 11
1023 7
1024 3
1025 5
1026 6
1027 9
1028 6
1029 6
1030 7
1031 8
1032 11
1033 3
1034 3
1035 7
1036 8
1037 4
1038 2
1039 6
1040 5
1041 7
1042 5
1043 8
1044 8
1045 2
1046 9
1047 6
1048 3
1049 4
1050 6
1051 4
1052 3
1053 5
1054 6
1055 1
1056 1
1057 6
1058 5
1059 5
1060 7
1061 4
1062 4
1063 3
1064 4
1065 5
1066 5
1067 5
1068 7
1069 2
1070 2
1071 1
1072 3
1073 5
1074 1
1075 2
1076 1
1077 1
1078 2
1079 2
1080 1
1081 2
1082 6
1083 2
1084 4
1085 4
1086 3
1087 2
1088 2
1089 2
1090 3
1091 2
1092 2
1093 2
1094 1
1095 1
1096 4
1099 1
1100 2
1103 1
1105 2
1107 1
1109 1
1112 1
1114 1
1116 1
1118 1
1119 1
1124 1
1126 1
1128 1
1131 1
1132 1
1137 1
1139 1
1157 1
1172 1
