N J h mean_R_sq err_mean_R_sq mean_R_gyr_sq err_mean_R_gyr_sq 
4900 1.265 0 100483 8515.02 14345.9 1266.98
986 1
1013 1
1019 1
1022 2
1023 3
1024 1
1025 1
1027 3
1028 1
1029 2
1031 4
1032 1
1033 5
1034 6
1035 3
1036 7
1037 4
1038 7
1039 14
1040 6
1041 11
1042 15
1043 7
1044 13
1045 7
1046 10
1047 17
1048 9
1049 15
1050 15
1051 17
1052 20
1053 13
1054 18
1055 18
1056 27
1057 19
1058 37
1059 33
1060 27
1061 31
1062 36
1063 31
1064 35
1065 38
1066 34
1067 60
1068 36
1069 41
1070 37
1071 40
1072 46
1073 38
1074 55
1075 45
1076 49
1077 53
1078 53
1079 34
1080 47
1081 31
1082 33
1083 49
1084 36
1085 51
1086 38
1087 36
1088 33
1089 22
1090 32
1091 32
1092 31
1093 22
1094 26
1095 24
1096 17
1097 24
1098 16
1099 16
1100 15
1101 9
1102 16
1103 15
1104 11
1105 16
1106 15
1107 9
1108 7
1109 12
1110 9
1111 6
1112 2
1113 4
1114 2
1115 6
1116 2
1117 3
1118 1
1119 2
1121 2
1122 1
1123 2
1124 1
1125 1
1131 1
