N J h mean_R_sq err_mean_R_sq mean_R_gyr_sq err_mean_R_gyr_sq 
4900 1.315 0 76258 11780.5 11085.7 1700.42
41 1
181 1
205 1
281 1
349 1
585 1
617 1
641 1
745 1
793 1
845 1
865 1
929 2
1025 1
1345 1
1369 1
1469 1
1517 1
1525 1
1553 1
1585 1
1625 1
1669 1
1733 1
1813 1
1921 1
1961 1
2025 1
2041 1
2165 1
2225 1
2249 1
2257 1
2465 1
2473 1
2501 1
2509 2
2525 1
2533 1
2677 1
2777 1
2809 1
2845 1
2857 1
2969 1
2993 1
3001 1
3177 1
3209 1
3281 1
3285 2
3341 1
3505 1
3649 1
3673 1
3881 1
3893 1
3965 1
3977 1
4097 1
4121 1
4133 1
4273 1
4285 1
4489 1
4505 1
4525 1
4537 1
4573 1
4645 1
4797 1
5057 1
5085 1
5125 1
5165 1
5337 1
5341 1
5345 1
5365 1
5389 1
5413 1
5477 1
5525 1
5629 1
5693 1
5717 1
5741 1
5765 1
5821 1
6109 1
6121 1
6165 1
6241 1
6605 1
6625 1
6697 2
6805 1
6817 1
6893 1
6905 1
6961 1
6989 1
7025 1
7173 1
7193 1
7225 2
7417 1
7745 1
7785 1
7865 1
7901 1
7921 1
8077 1
8125 1
8177 1
8297 1
8345 1
8469 1
8545 1
8833 1
8893 1
8905 1
8957 1
9041 1
9181 1
9221 2
9265 1
9325 1
9337 1
9365 1
9389 1
9445 1
9577 1
9677 1
9701 1
9745 1
9893 1
9981 1
9985 1
10081 1
10125 1
10225 1
10453 2
10537 1
10585 1
10629 1
10693 2
10765 1
10769 1
10805 1
10825 1
10953 1
11177 1
11273 1
11369 1
11497 1
11525 1
11549 1
11645 1
11677 1
11705 1
11765 3
11905 1
12137 1
12185 1
12329 1
12461 1
12465 1
12545 1
12557 1
12605 1
12701 1
12745 1
12753 2
12773 1
12905 1
13009 1
13337 1
13345 1
13421 1
13729 1
13745 1
13753 1
13781 1
13973 1
14065 1
14209 1
14213 1
14249 1
14257 1
14417 1
14625 1
14657 1
14705 1
14753 1
14761 1
14885 1
14933 2
14977 2
14985 1
14989 1
15005 1
15121 1
15129 1
15149 1
15217 1
15241 1
15317 1
15341 1
15353 1
15373 1
15453 1
15457 1
15493 1
15597 1
15857 1
15905 1
15937 1
15977 1
16029 1
16033 1
16109 2
16201 1
16265 1
16381 1
16393 1
16409 1
16441 1
16465 1
16477 1
16513 1
16601 1
16661 1
16705 2
16745 1
16913 1
17065 1
17069 2
17101 1
17117 1
17153 1
17165 1
17217 1
17345 1
17405 1
17429 1
17449 1
17545 1
17741 1
17785 1
17837 1
17945 2
18013 1
18045 1
18125 1
18153 1
18265 1
18317 1
18473 1
18549 1
18649 1
18665 1
18685 1
18801 1
18869 1
18889 1
19105 1
19125 1
19133 1
19165 1
19169 2
19181 1
19233 1
19253 1
19465 1
19485 1
19585 1
19601 1
19717 1
19721 2
19729 1
19917 1
19925 1
19989 1
19997 1
20165 1
20189 1
20245 1
20353 1
20365 1
20369 1
20393 2
20417 1
20453 1
20485 1
20513 1
20609 1
20681 1
20705 1
20761 1
20785 1
20849 1
20961 1
21001 1
21029 1
21193 1
21289 2
21349 1
21377 1
21389 1
21393 1
21425 1
21433 1
21509 1
21605 1
21689 1
21809 1
21825 2
21853 1
21865 1
21905 2
21925 1
21961 1
22025 2
22069 1
22093 1
22109 1
22237 1
22313 1
22369 2
22381 1
22437 1
22441 1
22525 1
22581 1
22601 1
22681 1
22725 1
22753 1
22805 1
22861 1
22945 1
22961 1
22973 1
23141 1
23165 1
23357 1
23373 1
23425 1
23525 1
23717 2
23765 1
23945 1
23977 1
23981 1
24005 1
24089 1
24125 1
24169 1
24221 1
24237 1
24245 1
24413 2
24433 1
24505 1
24509 2
24517 1
24533 1
24737 1
24797 1
24805 1
24869 1
24901 1
24925 1
24929 1
25033 1
25085 1
25177 2
25229 1
25237 1
25325 2
25349 1
25397 1
25425 1
25457 1
25493 1
25565 2
25657 1
25681 2
25705 1
25721 2
25769 1
25825 1
25873 1
25909 1
25965 1
26141 1
26245 3
26281 1
26333 1
26365 1
26401 1
26485 1
26545 1
26561 1
26633 1
26741 1
26765 1
26825 1
26881 1
26941 1
26965 1
27017 1
27109 1
27145 1
27149 1
27217 1
27233 1
27325 1
27469 1
27521 1
27565 3
27625 1
27637 1
27693 1
27709 1
27773 1
27793 1
27829 1
27865 1
27881 1
28033 1
28121 1
28145 1
28205 1
28249 2
28289 1
28393 1
28449 1
28585 1
28645 1
28657 1
28697 1
28793 1
28813 1
28825 1
28873 2
28961 1
29129 1
29137 1
29285 1
29341 1
29473 1
29497 1
29581 1
29585 2
29593 1
29705 1
29725 2
29881 1
29965 1
29989 1
30013 1
30029 1
30073 1
30133 1
30277 1
30285 1
30293 1
30377 1
30425 1
30577 1
30605 1
30641 1
30713 1
30821 1
30829 1
30901 1
30925 1
30953 1
30977 1
31005 1
31109 1
31117 1
31225 1
31237 1
31301 1
31313 2
31433 1
31505 1
31525 1
31545 1
31685 1
31709 1
31781 1
31793 1
31849 1
31945 1
32009 1
32029 1
32045 1
32125 2
32149 1
32157 1
32229 1
32245 1
32309 1
32321 1
32381 1
32425 1
32525 1
32625 1
32741 1
32909 1
33025 1
33085 1
33125 3
33197 1
33289 1
33301 1
33377 1
33713 1
33745 1
33785 1
33865 1
34021 1
34101 1
34225 2
34285 2
34373 1
34385 1
34425 1
34465 1
34513 1
34525 1
34645 2
34885 1
34893 1
34981 1
34985 1
35001 1
35005 1
35037 1
35073 1
35089 1
35165 1
35197 1
35209 1
35401 1
35465 2
35509 1
35633 1
35645 1
35669 2
35797 1
35881 1
35885 1
35965 1
36017 1
36061 1
36073 1
36125 1
36205 1
36265 1
36325 1
36389 2
36529 1
36545 1
36621 1
36677 1
36745 1
36749 1
36809 1
36837 1
36853 1
36873 1
36877 1
36889 1
36905 1
36913 1
36941 1
36985 1
37201 1
37285 1
37409 1
37585 1
37593 1
37621 1
37637 1
37649 1
37685 1
37889 1
38077 1
38345 1
38385 1
38441 1
38509 1
38545 1
38713 1
38777 1
38821 1
38849 1
38873 1
39005 2
39013 1
39101 1
39145 1
39185 1
39213 2
39289 1
39401 1
39553 1
39617 2
39817 1
39869 1
39877 1
39925 1
40001 1
40049 1
40077 1
40085 1
40097 1
40105 1
40165 1
40169 1
40189 1
40225 1
40289 1
40333 1
40437 1
40441 1
40477 1
40525 2
40657 1
40661 1
40853 1
40861 1
40885 1
40925 1
41033 1
41077 1
41273 1
41301 1
41353 1
41449 1
41605 1
41729 1
41801 1
41849 1
41905 2
41945 1
42109 1
42145 1
42149 1
42165 1
42281 1
42289 1
42365 3
42433 1
42445 2
42453 1
42521 1
42653 1
42841 1
42877 1
42913 1
42925 2
42953 1
42985 1
43169 1
43209 1
43273 1
43325 1
43425 1
43433 1
43501 1
43577 1
43633 1
43641 1
43693 1
43717 1
43745 1
43749 1
43765 1
43877 1
43933 1
43965 1
43973 1
44089 1
44125 1
44269 1
44453 1
44465 1
44525 1
44533 1
44537 1
44549 1
44585 1
44617 1
44665 1
44705 1
44717 1
44753 1
44785 1
44829 1
44837 2
44881 1
45041 1
45117 1
45125 1
45385 1
45445 1
45461 1
45713 1
45765 1
45785 1
45797 1
45805 1
45817 1
45905 1
46001 1
46021 1
46033 1
46045 1
46133 1
46153 1
46205 1
46241 1
46309 1
46325 1
46369 1
46385 1
46465 2
46589 1
46625 1
46637 1
46657 1
46665 2
46685 1
46737 1
46853 1
46901 1
46917 1
46945 1
47009 1
47125 1
47149 1
47205 1
47285 1
47365 1
47549 1
47581 1
47617 1
47657 1
47745 1
47765 1
47797 1
47825 1
47965 1
48025 1
48061 1
48197 1
48265 1
48285 1
48337 1
48373 1
48401 1
48421 1
48425 1
48501 1
48617 1
48661 1
48865 2
48877 2
48905 1
48933 2
48973 1
49037 1
49165 1
49185 1
49325 1
49349 1
49373 1
49465 1
49477 1
49505 1
49669 1
49725 2
49757 1
49865 2
49921 1
49925 1
49985 1
49997 1
50005 1
50125 1
50153 1
50245 1
50249 2
50305 2
50333 1
50377 1
50405 1
50425 1
50553 1
50605 2
50609 1
50625 1
50821 1
50877 1
50921 1
50965 1
51001 1
51021 1
51085 2
51097 1
51169 1
51185 1
51201 1
51421 2
51445 1
51493 2
51545 1
51641 1
51649 2
51725 1
51749 1
51781 1
51805 1
51817 1
51845 1
51913 1
51973 1
52105 1
52209 1
52249 1
52309 1
52313 1
52429 1
52457 1
52533 1
52673 1
52765 1
53125 1
53177 1
53189 1
53329 1
53397 1
53425 1
53429 1
53497 1
53541 1
53621 1
53693 1
53833 1
53917 1
54029 1
54045 1
54085 1
54145 1
54385 3
54401 1
54433 1
54517 1
54553 1
54557 1
54745 1
54785 2
54821 1
54881 1
54937 1
54949 1
54961 1
54977 1
55145 1
55189 1
55193 2
55217 1
55261 1
55289 1
55369 1
55373 1
55449 1
55549 2
55585 1
55597 1
55673 2
55709 1
55777 1
55837 1
55969 1
56113 1
56277 2
56285 1
56405 2
56437 1
56549 1
56585 1
56597 1
56669 1
56725 1
56789 1
56809 1
56825 1
57005 1
57025 1
57065 1
57077 1
57221 2
57401 1
57429 1
57461 1
57485 1
57521 1
57529 1
57545 1
57661 1
57721 2
57797 1
57933 1
58085 1
58181 1
58225 1
58257 1
58285 1
58301 1
58325 1
58357 1
58361 1
58405 1
58409 1
58417 1
58565 1
58661 1
58721 1
58757 1
59085 1
59137 1
59165 3
59209 1
59341 2
59485 1
59517 1
59657 2
59705 1
59789 1
59841 1
59881 1
59993 2
60125 1
60169 1
60229 1
60253 1
60397 1
60409 1
60713 1
60889 1
60925 1
61013 3
61045 1
61073 1
61129 1
61133 1
61137 1
61181 1
61205 1
61245 2
61253 1
61261 1
61317 1
61441 1
61489 1
61549 1
61585 1
61717 1
61741 1
61909 1
62105 1
62361 2
62413 1
62465 1
62641 1
62725 1
62969 1
63009 1
63025 1
63053 1
63445 1
63461 1
63589 1
63621 1
63625 1
63709 1
63713 1
63725 1
63765 1
63905 1
64009 1
64025 1
64117 1
64121 1
64213 1
64289 1
64525 2
64553 1
64565 1
64601 1
64805 1
64877 1
65025 1
65045 1
65133 1
65257 1
65309 1
65521 1
65673 1
65845 2
65925 1
65981 1
66001 2
66029 1
66041 1
66089 1
66125 1
66181 1
66197 1
66485 1
66541 1
66613 1
66645 2
66653 1
66673 1
66685 1
66749 1
66845 2
66889 1
67005 1
67061 1
67073 1
67105 1
67117 1
67205 1
67297 1
67345 1
67385 1
67473 1
67525 1
67561 1
67657 1
67729 1
67765 1
67829 1
67885 1
68141 1
68261 1
68269 1
68329 1
68405 1
68485 1
68521 1
68561 1
68625 1
68681 1
68773 1
68993 1
69093 1
69121 1
69133 2
69145 1
69241 1
69317 1
69385 1
69413 1
69485 1
69497 1
69569 1
69661 1
69745 1
69785 2
70021 1
70057 1
70065 1
70109 1
70157 1
70201 1
70209 1
70381 2
70405 1
70601 1
70789 1
71065 1
71153 1
71189 1
71285 1
71305 1
71485 1
71749 1
71773 1
71825 2
71845 1
71873 1
71905 3
72001 1
72077 1
72085 1
72245 1
72377 1
72617 2
72665 1
72733 1
72745 1
72761 1
72773 1
72857 1
72949 1
73121 1
73125 1
73237 1
73405 1
73529 1
73541 2
73781 1
73789 1
73817 1
73889 1
73989 1
74117 1
74333 1
74425 1
74465 1
74477 1
74629 1
74693 1
74929 1
74961 1
75025 1
75101 1
75125 1
75205 1
75213 1
75217 1
75353 1
75553 1
75589 1
75617 1
75661 1
75665 1
75869 1
75917 1
76025 1
76037 1
76085 1
76189 1
76273 1
76397 1
76465 2
76525 1
76621 1
76625 1
76705 1
76753 1
76861 1
76905 1
76921 1
77365 1
77445 1
77477 1
77509 1
77521 1
77545 1
77665 1
77669 1
77741 1
77813 1
77845 1
77857 1
77897 1
77909 1
77969 1
78053 1
78205 1
78209 1
78345 1
78445 1
78569 1
78917 1
78965 1
79049 1
79129 1
79209 1
79213 1
79405 1
79625 1
79669 1
79721 1
80141 1
80189 1
80249 1
80257 1
80341 1
80473 1
80545 1
80705 1
80825 1
81005 2
81013 1
81157 2
81161 1
81373 1
81709 1
81745 1
81781 1
81845 1
81913 1
81925 1
82013 1
82085 1
82141 1
82157 1
82165 1
82261 1
82273 1
82625 1
82945 1
83005 1
83021 1
83213 1
83597 1
83845 2
83925 1
83953 1
84025 1
84101 2
84141 1
84257 1
84269 1
84305 2
84317 1
84449 1
84461 1
84485 1
84545 1
84565 1
84625 1
84937 2
84961 1
85045 2
85069 1
85265 1
85489 1
85505 1
85513 1
85565 2
85941 1
85969 1
85993 1
86021 1
86105 1
86125 1
86173 1
86305 1
86921 1
86957 1
87145 1
87281 1
87293 1
87349 1
87413 1
87445 1
87557 1
87625 1
87629 1
87665 1
87701 2
87737 2
88145 1
88173 1
88181 1
88393 1
88457 1
88461 1
88469 1
88525 1
88685 2
88693 3
88789 1
88829 1
89077 1
89365 1
89437 1
89465 1
89545 1
89725 1
89753 1
89765 1
89921 1
89945 1
90061 2
90077 2
90169 1
90185 1
90401 1
90425 1
90589 1
90625 1
90637 1
90857 1
90865 1
90869 1
91001 1
91013 1
91225 1
91237 1
91265 1
91325 1
91505 1
91621 1
91645 1
91669 1
91733 1
91741 1
91845 1
91897 1
91901 1
91909 1
92021 1
92045 1
92209 2
92293 1
92525 1
92581 1
92717 1
92821 1
92849 1
92881 1
93001 1
93033 1
93041 1
93053 1
93061 1
93249 1
93329 1
93425 1
93789 1
93857 1
93861 1
94441 1
94625 1
94669 1
94697 1
94741 1
94769 1
94985 1
95017 1
95141 1
95317 1
95345 1
95365 1
95465 1
95485 1
95693 1
95797 1
95825 2
95897 1
96057 1
96165 1
96169 2
96497 1
96557 1
96629 1
96737 1
96785 1
96893 1
96917 1
96953 1
97045 1
97205 1
97265 1
97277 1
97353 1
97381 1
97445 1
97505 1
97529 1
97569 1
97585 1
97597 1
97605 1
97745 1
97925 1
97981 1
98293 1
98501 1
98585 1
98617 1
98649 1
98701 1
98737 1
98937 1
99025 1
99081 1
99125 1
99369 1
99425 1
99485 1
99689 1
99905 1
100021 1
100085 1
100229 1
100297 1
100521 1
100553 2
100589 1
100789 1
100825 1
100841 1
100949 1
101221 1
101405 1
101425 1
101741 1
101753 1
101809 1
101833 1
101873 1
101905 1
102065 1
102085 1
102257 1
102361 1
102457 1
102565 1
102645 1
102761 1
102821 1
102869 1
102877 1
103085 1
103617 1
103745 1
103765 1
104113 1
104409 1
104777 1
104905 1
104985 1
105001 1
105025 1
105037 1
105145 1
105365 1
105445 1
105561 1
105601 1
105625 1
105881 1
105885 1
105957 1
106025 1
106165 1
106189 1
106265 1
106273 1
106289 1
106301 1
106409 1
106445 1
106945 1
107029 1
107165 1
107213 1
107505 1
107537 1
107561 1
107645 1
107705 1
107845 1
107861 1
107957 1
108013 1
108153 1
108173 1
108233 1
108257 1
108277 1
108365 1
108373 1
108425 1
108441 1
108445 1
108685 1
108697 1
108953 1
109025 1
109129 1
109237 1
109301 1
109313 1
109513 1
109657 1
109705 1
109861 1
109925 1
109961 1
110045 1
110057 1
110105 1
110125 1
110345 1
111025 1
111085 2
111157 1
111161 1
111325 1
111465 2
111677 1
111725 1
111901 1
112369 1
112549 1
112705 1
112789 1
112957 1
113141 2
113257 1
113369 1
113381 1
113425 1
113625 1
113765 1
113777 1
113945 1
114253 1
114309 2
114533 1
114577 1
114805 1
114929 1
115021 1
115177 1
115205 1
115245 1
115625 1
115873 1
115945 1
116125 1
116161 1
116273 1
116381 1
116425 1
116453 1
116477 1
116645 1
116957 1
117037 1
117045 1
117065 1
117385 1
117497 1
117541 1
117725 1
117745 1
118345 1
118753 1
118961 1
118989 1
119017 1
119025 1
119545 1
119621 1
119641 1
119645 1
119701 1
119773 1
119965 1
120157 1
120257 1
120341 1
120485 1
120557 1
120641 1
120665 1
120781 1
120929 1
121237 1
121405 1
121441 1
121565 1
121633 1
121673 1
121725 1
121729 1
121757 1
121813 1
121829 1
122065 1
122545 1
122589 1
122665 1
122693 1
123505 1
123665 1
123713 1
123821 1
124357 1
124885 1
124897 1
125045 1
125065 1
125073 1
125113 1
125129 1
125285 1
125469 1
125585 1
125753 1
126029 1
126433 1
126765 1
126997 1
127313 1
127613 1
127873 1
127993 1
128125 1
128381 1
128453 1
128489 1
128945 1
129601 1
130037 2
130385 1
130465 1
130873 1
130981 1
131485 1
131625 1
131665 1
131701 1
132021 1
132025 2
132137 1
132173 1
132617 1
132817 1
133345 1
133525 1
133613 1
133721 1
133865 1
134397 1
134685 1
134809 1
135137 1
135257 1
135329 1
135865 1
136197 1
136305 1
136621 1
136721 1
136789 1
136793 1
137173 1
137201 1
137369 1
137449 1
137525 1
137597 1
137689 1
137813 1
138033 1
138069 1
138125 1
138653 1
139145 1
139165 1
139649 1
139901 1
140117 1
140593 1
140977 1
141049 1
141557 1
141665 1
141781 1
142129 2
142493 1
142685 2
142925 1
143417 1
143645 1
143909 1
144041 1
144733 1
145225 1
145273 1
145729 1
146005 1
146169 1
146221 1
146453 1
147373 1
147645 1
147685 1
147969 1
148301 1
148805 1
148933 1
149377 1
150237 1
150345 1
150713 1
150757 1
151117 1
151505 2
151533 1
151573 1
151713 1
151757 1
151793 1
151849 1
152197 1
152945 1
153113 1
153877 1
154705 1
154925 1
154949 1
155025 1
156077 1
156325 1
157097 1
157513 1
157805 1
157829 1
158405 1
158465 1
159017 1
159605 1
160345 1
160801 1
160961 1
161145 1
161353 1
161429 1
161449 1
162097 1
162585 1
162665 1
163073 2
163417 1
163517 1
163865 1
164221 1
164681 1
164821 1
165717 1
166277 1
166337 1
166885 1
167985 1
168649 1
170197 1
171049 1
171077 1
171377 1
172125 1
173557 1
174105 1
174161 1
174385 1
174645 1
174733 1
176005 1
176013 1
177157 1
178681 1
178945 1
179505 1
180745 1
181337 1
183389 1
184469 1
184617 1
185249 1
185377 1
185473 1
186985 1
188305 1
188921 1
189425 1
191465 1
192249 1
192501 1
192685 1
192725 1
193345 1
193693 1
195637 1
195793 1
196069 1
196829 1
197173 1
197177 1
197213 1
199053 1
201105 1
202865 1
203593 1
203885 1
205245 1
206869 1
207953 1
210257 1
210997 1
213089 1
216185 1
218125 1
219001 1
220149 1
220405 1
221357 1
224353 1
227833 1
235449 1
246937 1
251305 1
252845 1
255637 1
258845 1
259885 1
265393 1
267857 1
287825 1
291505 1
291509 1
293449 1
297425 1
306469 1
330325 1
341393 1
376081 1
405913 1
453793 1
476485 1
515321 1
558337 1
692029 1
754065 1
830321 1
902629 1
1044509 1
1254465 1
1287353 1
1332077 1
1442465 1
1522085 1
1627837 1
1629401 1
1930617 1
