N J h mean_R_sq err_mean_R_sq mean_R_gyr_sq err_mean_R_gyr_sq 
2500 1.293 0 27428.5 571.341 4041.15 55.6142
65 1
85 2
97 1
117 1
137 1
205 1
241 1
281 1
305 2
317 1
349 1
565 1
629 1
637 2
697 1
785 1
797 1
833 1
845 2
853 1
901 3
949 1
965 1
977 1
981 1
985 1
1013 1
1105 1
1125 2
1165 1
1181 1
1289 1
1341 1
1385 1
1405 1
1421 1
1469 1
1493 1
1525 1
1537 1
1565 1
1585 2
1613 1
1621 1
1625 1
1637 1
1669 1
1685 1
1697 1
1745 1
1801 1
1805 1
1877 1
1945 2
1989 1
2005 1
2041 1
2057 1
2061 1
2097 1
2125 1
2137 1
2153 1
2161 1
2165 1
2209 1
2221 1
2225 1
2237 1
2273 1
2281 1
2309 1
2329 1
2393 2
2437 1
2509 1
2521 1
2593 1
2677 1
2701 1
2705 2
2785 2
2809 1
2813 1
2853 1
2873 1
2885 1
2909 1
2925 2
2929 2
2941 1
2977 1
3029 1
3041 1
3065 1
3109 1
3125 1
3161 1
3181 1
3185 2
3233 1
3277 1
3361 1
3385 3
3393 1
3425 1
3445 2
3517 1
3541 1
3581 1
3625 1
3637 1
3649 1
3697 1
3721 2
3733 1
3757 1
3805 1
3825 1
3853 2
3865 1
3869 1
3881 1
3929 2
3965 1
3973 2
3977 1
4057 1
4069 1
4097 1
4201 1
4205 2
4253 1
4265 3
4285 1
4293 1
4329 1
4337 1
4365 1
4397 1
4493 1
4505 1
4513 1
4525 1
4561 1
4573 2
4589 1
4597 1
4625 1
4693 1
4745 1
4765 1
4797 1
4825 1
4861 1
4941 1
5009 1
5013 2
5045 1
5065 1
5125 1
5153 1
5165 3
5185 1
5189 1
5213 1
5265 1
5273 1
5297 1
5309 2
5317 1
5329 1
5337 1
5381 1
5437 1
5465 1
5477 1
5545 1
5573 1
5585 1
5641 1
5661 1
5689 1
5777 1
5809 2
5825 1
5905 1
5917 2
5945 3
5965 1
5989 1
5993 1
6001 1
6005 1
6089 1
6121 1
6137 1
6145 1
6185 1
6205 1
6245 1
6269 1
6273 1
6305 1
6385 2
6473 1
6521 1
6613 1
6637 1
6641 1
6649 1
6697 2
6705 2
6713 1
6725 1
6773 1
6793 1
6817 1
6841 1
6865 1
6885 1
6889 2
6929 2
6953 1
7001 1
7025 1
7045 1
7085 1
7109 1
7141 1
7157 1
7193 1
7209 1
7241 1
7297 1
7325 1
7345 1
7389 1
7397 1
7405 1
7477 1
7497 1
7517 1
7537 1
7565 3
7569 1
7573 1
7585 3
7633 1
7649 1
7669 1
7693 1
7713 1
7757 1
7769 1
7785 1
7837 2
7853 1
7857 1
7865 1
7913 1
8005 1
8053 1
8065 1
8069 1
8081 1
8117 1
8125 1
8149 1
8209 1
8233 1
8245 1
8249 1
8273 1
8281 1
8333 1
8381 2
8405 2
8425 1
8429 1
8497 1
8545 2
8585 1
8633 2
8685 1
8761 2
8765 1
8793 1
8801 1
8833 1
8845 1
8865 2
8933 1
8945 2
8957 1
9001 1
9005 2
9041 1
9049 1
9061 1
9089 1
9109 1
9125 1
9137 1
9189 1
9209 1
9257 1
9305 1
9365 1
9389 1
9425 1
9437 1
9445 2
9469 1
9497 1
9505 1
9521 1
9605 1
9613 2
9665 1
9673 1
9721 1
9725 1
9745 1
9769 1
9801 1
9805 1
9817 1
9857 1
9865 1
9873 1
9901 1
9949 1
10009 1
10057 1
10061 1
10081 2
10125 1
10133 1
10145 1
10177 1
10273 1
10309 1
10313 1
10405 1
10433 2
10453 1
10485 1
10489 1
10517 1
10525 3
10529 1
10585 3
10601 1
10613 1
10625 2
10645 1
10705 1
10729 1
10769 1
10777 1
10789 1
10805 3
10829 1
10841 2
10865 1
10933 1
10961 1
11029 2
11057 1
11093 1
11197 1
11221 1
11241 2
11245 1
11261 3
11285 1
11349 1
11353 1
11357 1
11369 1
11405 2
11417 1
11437 1
11441 1
11453 1
11465 1
11485 1
11509 1
11521 1
11545 1
11565 1
11597 1
11629 1
11645 4
11673 1
11677 1
11689 1
11713 2
11717 1
11729 1
11737 1
11765 3
11813 2
11821 2
11849 1
11881 1
11889 2
11897 1
11905 2
11925 2
11933 1
11965 1
11981 1
12017 1
12025 2
12053 1
12109 1
12125 1
12157 1
12181 1
12185 1
12193 1
12205 1
12209 2
12253 1
12301 1
12317 1
12321 1
12325 1
12401 1
12413 1
12505 1
12541 1
12545 1
12557 1
12569 1
12605 1
12665 1
12697 2
12713 1
12721 2
12725 2
12789 1
12833 1
12853 1
12861 1
12913 2
12937 2
12961 1
12965 1
13005 1
13009 3
13033 2
13093 1
13105 2
13109 1
13121 1
13169 1
13185 1
13273 1
13285 1
13325 2
13345 1
13441 2
13445 1
13465 1
13469 1
13477 1
13573 1
13597 1
13625 1
13645 3
13693 1
13725 2
13753 1
13765 1
13801 1
13817 1
13829 2
13897 1
13925 1
13945 1
13977 1
13985 1
14009 1
14013 1
14033 1
14045 1
14081 1
14089 1
14093 1
14125 2
14149 1
14173 1
14213 1
14221 1
14265 1
14293 1
14297 2
14305 1
14365 2
14381 1
14393 1
14401 1
14437 1
14489 1
14545 1
14549 1
14625 1
14645 2
14701 2
14705 1
14717 1
14733 2
14741 1
14761 1
14785 1
14797 2
14837 1
14841 1
14885 2
14913 1
14933 1
14965 1
14969 1
14985 1
15025 1
15049 1
15125 1
15129 2
15137 2
15145 2
15165 1
15229 1
15245 1
15277 1
15313 1
15325 1
15341 1
15349 1
15353 1
15397 1
15401 1
15425 1
15453 2
15461 2
15489 1
15509 1
15529 2
15533 1
15541 1
15581 1
15629 1
15649 1
15661 1
15665 1
15677 1
15689 1
15725 1
15737 1
15769 1
15793 1
15805 1
15821 1
15857 1
15881 2
15901 1
15913 1
15929 1
16021 1
16025 2
16105 1
16133 2
16201 1
16245 1
16317 1
16325 1
16333 2
16361 1
16369 1
16393 2
16405 2
16425 1
16433 1
16441 1
16465 1
16501 1
16505 2
16589 3
16605 1
16613 1
16645 1
16705 2
16733 2
16745 2
16769 1
16781 1
16785 1
16801 1
16889 1
16913 1
16965 1
17001 1
17009 1
17021 1
17065 1
17069 1
17077 1
17109 1
17125 2
17141 1
17225 1
17245 1
17261 1
17285 1
17305 1
17425 1
17485 4
17505 2
17525 1
17561 1
17569 1
17585 2
17593 1
17649 1
17665 1
17741 2
17789 1
17797 1
17837 2
17865 1
17945 2
17957 1
17981 1
18037 1
18085 1
18121 1
18125 1
18149 1
18241 1
18265 1
18329 1
18397 1
18405 1
18421 2
18473 1
18485 1
18493 2
18577 1
18621 1
18625 1
18685 3
18729 1
18805 2
18833 1
18853 2
18917 1
18937 1
18989 1
19045 1
19097 1
19125 1
19253 1
19265 1
19269 1
19277 2
19289 1
19325 1
19337 1
19385 2
19421 1
19445 1
19457 2
19465 2
19517 1
19549 1
19577 1
19669 1
19721 3
19753 2
19773 1
19813 2
19825 1
19853 1
19885 2
19889 1
19945 1
19981 2
20005 1
20017 1
20065 1
20165 1
20173 1
20205 1
20241 4
20245 1
20281 1
20329 1
20417 1
20485 1
20513 1
20525 1
20533 1
20565 1
20605 1
20609 1
20645 2
20689 2
20705 2
20745 1
20749 1
20761 1
20765 1
20809 1
20849 1
20873 1
20893 1
20905 1
20929 1
20997 1
21017 2
21037 1
21069 1
21125 1
21177 2
21233 1
21253 1
21265 1
21281 1
21317 1
21341 1
21389 1
21425 2
21437 3
21445 1
21465 1
21509 2
21661 1
21677 1
21685 1
21737 1
21745 1
21805 1
21817 2
21825 1
21845 1
21929 1
21953 1
21961 1
22013 1
22025 1
22045 1
22049 2
22061 3
22069 2
22133 2
22185 1
22201 1
22205 1
22213 1
22217 1
22237 1
22261 1
22301 1
22321 2
22345 1
22405 1
22417 1
22457 1
22501 1
22509 1
22525 2
22585 1
22601 1
22625 3
22633 1
22685 2
22761 1
22765 1
22789 1
22849 1
22861 2
22865 1
22877 1
22905 1
22945 2
23013 1
23049 1
23081 1
23101 1
23125 1
23129 1
23153 2
23165 1
23185 1
23201 1
23225 1
23229 1
23285 1
23321 1
23333 1
23365 1
23537 1
23545 1
23585 2
23589 1
23609 1
23645 1
23665 2
23697 1
23701 1
23725 4
23733 1
23741 1
23753 1
23789 1
23801 1
23805 1
23809 1
23825 1
23857 1
23885 2
23941 1
23945 1
23965 1
23985 1
23993 1
24021 1
24025 2
24049 1
24065 1
24089 1
24109 1
24125 1
24169 1
24193 1
24217 2
24245 1
24293 1
24309 1
24313 1
24349 3
24361 1
24401 1
24421 1
24457 1
24473 1
24565 1
24625 1
24641 1
24697 1
24701 1
24705 1
24713 1
24741 1
24777 1
24785 1
24797 1
24805 1
24821 1
24949 1
24961 1
25009 1
25085 1
25129 1
25173 1
25177 1
25181 1
25225 1
25229 1
25285 1
25313 1
25317 1
25325 1
25337 3
25433 1
25561 1
25577 1
25601 1
25625 1
25693 1
25705 1
25721 1
25769 2
25777 1
25793 2
25825 2
25857 1
25925 2
25945 2
25961 2
25965 1
25985 1
26065 1
26077 1
26129 1
26177 2
26189 1
26245 1
26253 1
26269 1
26305 1
26321 1
26329 1
26333 1
26361 1
26365 2
26377 1
26393 1
26405 1
26437 1
26469 1
26525 2
26533 2
26545 1
26561 1
26577 1
26585 1
26597 1
26605 1
26669 1
26681 1
26737 1
26825 1
26849 1
26897 1
26941 1
26945 2
26965 2
26989 1
27085 1
27121 1
27145 1
27157 1
27173 1
27185 2
27205 2
27297 1
27333 1
27397 2
27505 1
27521 1
27529 1
27565 1
27613 1
27637 1
27757 1
27773 1
27793 1
27829 2
27857 1
27877 1
27917 2
27977 2
27985 3
27989 1
28009 1
28013 2
28033 2
28057 1
28069 1
28081 1
28085 1
28093 1
28125 1
28269 1
28297 1
28333 1
28345 1
28373 1
28397 1
28417 1
28449 1
28453 1
28465 1
28505 1
28585 1
28645 2
28661 1
28665 1
28673 1
28741 2
28745 3
28781 1
28817 1
28873 1
28885 2
28925 1
28949 1
28961 2
29017 1
29045 2
29065 2
29101 1
29105 2
29185 2
29237 1
29285 2
29341 1
29353 1
29437 2
29485 2
29489 1
29525 1
29537 1
29573 1
29581 1
29585 3
29637 1
29705 1
29709 1
29741 1
29745 1
29753 1
29801 1
29809 1
29825 1
29861 1
29945 1
29957 1
29961 1
29993 1
30069 2
30073 1
30181 1
30185 1
30193 2
30277 1
30377 1
30413 1
30445 1
30465 1
30505 1
30529 1
30589 1
30617 1
30685 1
30689 1
30697 1
30713 1
30733 1
30805 1
30841 1
30853 1
30865 1
30869 1
30929 1
30941 1
31005 2
31025 1
31037 1
31109 1
31145 1
31181 1
31221 1
31421 1
31469 1
31501 1
31513 1
31561 1
31601 2
31613 1
31637 1
31705 3
31721 1
31733 1
31753 1
31769 2
31797 1
31865 1
31925 2
31981 1
31985 1
31997 1
32013 1
32017 1
32041 1
32045 1
32065 1
32089 1
32105 1
32113 1
32125 1
32161 1
32185 1
32201 1
32237 1
32317 1
32341 1
32345 3
32365 1
32393 3
32401 1
32413 1
32425 1
32481 1
32517 1
32533 1
32537 1
32549 1
32645 1
32657 1
32677 1
32693 1
32789 2
32801 1
32805 1
32825 1
32869 1
32917 1
32929 1
32933 1
33017 1
33085 1
33093 1
33113 1
33205 1
33353 1
33361 1
33437 2
33445 2
33517 1
33525 1
33553 1
33629 1
33745 1
33785 1
33805 1
33813 1
33865 1
33889 1
34025 1
34037 1
34157 1
34205 1
34217 1
34245 2
34345 1
34361 1
34373 1
34425 1
34457 2
34465 1
34469 1
34525 2
34541 1
34553 1
34585 1
34597 1
34609 1
34697 1
34717 2
34765 1
34817 1
34829 1
34877 1
34893 1
34897 1
34901 1
35113 2
35173 1
35225 1
35293 1
35317 1
35325 1
35465 2
35477 1
35513 2
35525 2
35593 1
35605 1
35633 2
35669 1
35685 1
35725 2
35785 1
35809 1
35873 1
35989 1
36121 1
36145 1
36181 1
36205 1
36269 1
36569 1
36605 1
36725 2
36745 1
36805 1
36845 1
36853 2
36881 1
36945 1
37057 1
37093 1
37105 1
37141 1
37181 1
37197 1
37249 1
37289 1
37309 1
37325 1
37341 1
37349 1
37361 1
37393 1
37405 1
37469 1
37485 1
37613 1
37629 1
37637 1
37645 1
37657 1
37673 1
37805 2
37825 1
37885 1
37925 1
37949 2
38029 1
38113 1
38345 1
38385 1
38389 1
38405 1
38417 1
38449 1
38453 1
38477 1
38545 1
38557 1
38569 1
38573 2
38585 1
38597 1
38653 1
38701 2
38725 2
38765 1
38785 1
38809 1
38813 1
38825 1
38873 2
38965 1
39005 1
39013 1
39033 1
39065 1
39073 1
39185 1
39213 1
39253 1
39377 1
39485 1
39493 2
39505 2
39521 1
39565 1
39569 1
39605 1
39661 2
39745 1
39793 1
39841 1
39845 2
39925 1
39961 1
39965 1
40045 1
40157 1
40165 1
40177 1
40221 1
40253 1
40265 1
40329 1
40437 1
40445 1
40465 1
40493 1
40501 2
40525 2
40589 2
40625 1
40697 1
40781 1
40849 2
40861 1
40885 1
40905 1
40933 1
40969 1
41017 1
41081 1
41089 1
41161 1
41213 1
41221 1
41257 1
41297 1
41353 2
41369 1
41405 1
41429 1
41465 1
41513 2
41549 1
41585 1
41697 1
41773 1
41777 2
41785 1
41821 1
41897 1
41905 2
41977 1
42017 1
42173 1
42193 1
42237 1
42289 1
42325 1
42341 1
42373 1
42565 1
42589 1
42605 2
42653 2
42689 1
42773 1
42777 1
42809 1
42829 1
42865 1
42877 1
42881 1
42905 2
42925 2
42953 1
43009 1
43025 1
43105 2
43165 1
43181 1
43245 1
43325 2
43333 1
43405 1
43425 1
43513 1
43537 2
43565 1
43577 1
43621 1
43649 1
43745 1
43781 1
43805 1
44005 1
44017 1
44041 1
44053 1
44129 1
44185 1
44189 1
44225 1
44329 1
44425 1
44461 1
44525 1
44549 1
44557 1
44721 1
44725 1
44741 1
44761 1
44945 1
44969 1
45077 1
45133 1
45153 1
45169 1
45189 1
45209 1
45289 1
45337 1
45341 1
45405 1
45677 1
45693 1
45865 1
45985 2
46205 1
46349 1
46385 1
46405 1
46481 1
46513 1
46597 1
46709 1
46777 1
46853 1
46945 1
46997 1
47125 1
47165 1
47237 1
47273 1
47305 1
47345 1
47441 1
47489 1
47549 1
47605 2
47777 1
47885 1
48025 2
48065 1
48145 1
48161 1
48217 1
48229 1
48285 2
48341 1
48365 1
48373 1
48521 1
48593 1
48841 1
48861 1
48865 1
49069 2
49097 1
49177 1
49205 1
49373 1
49417 1
49433 1
49465 1
49661 1
49673 1
49725 1
49745 1
49793 1
49829 1
50045 1
50089 1
50125 1
50213 1
50405 1
50453 1
50617 1
50653 1
50661 3
50737 1
50741 1
50805 1
51109 1
51173 1
51197 1
51245 1
51301 1
51353 1
51413 1
51425 1
51525 1
51561 2
51593 1
51649 1
51685 1
51701 2
51781 1
51921 1
51929 1
52001 1
52013 1
52025 1
52205 1
52285 1
52369 1
52445 1
52477 1
52505 1
52625 1
52685 1
52777 1
52825 1
52897 1
53021 1
53057 1
53125 1
53177 1
53197 1
53209 1
53293 1
53437 1
53557 1
53761 1
53937 1
53993 1
54009 2
54085 1
54121 1
54205 1
54361 1
54485 1
54545 1
54553 1
54657 1
54713 1
54749 1
54837 1
54865 1
54913 1
54977 1
55049 1
55093 1
55201 1
55205 1
55233 1
55285 1
55305 1
55321 1
55333 1
55441 1
55481 1
55505 1
55609 1
55625 1
55773 1
55829 1
55845 1
55861 1
56105 1
56293 1
56401 1
56641 1
56645 1
56653 1
56965 1
57005 1
57157 1
57217 1
57245 2
57265 1
57325 1
57545 1
57725 1
57797 1
57829 1
57905 1
57985 1
58169 1
58409 1
58565 1
58725 1
58769 1
58789 1
58825 1
58889 1
58937 1
58981 2
59085 1
59121 1
59189 1
59341 1
59449 1
59841 1
59905 1
60017 1
60057 1
60125 1
60209 1
60413 1
60589 1
60877 1
60965 1
60985 1
61181 1
61265 2
61493 1
61625 2
61821 1
62105 1
62973 1
63113 1
63193 1
63265 1
63297 1
63625 1
63765 1
63997 1
64165 1
64345 1
64513 1
64877 1
64925 1
65033 1
65041 1
65117 1
65209 1
65705 1
65845 1
66249 1
66637 1
66761 1
66817 1
66961 3
67145 1
67253 1
67385 1
67765 1
67789 1
67981 1
68157 1
68357 1
68625 1
68797 1
69017 1
69085 1
69541 1
69569 1
69745 2
69857 1
70141 1
70145 1
70325 1
70465 1
70561 1
70729 1
70801 1
70937 1
71065 1
71485 1
71825 1
71861 1
71893 1
72721 1
72833 1
72997 1
73789 1
73825 1
73993 1
74269 2
74609 1
74873 1
74945 1
75521 1
75569 1
75809 1
75925 1
75973 1
76509 1
76585 2
76673 1
77065 1
77845 1
78329 1
78373 1
78625 1
78653 1
78809 1
80125 1
80485 1
80613 1
80825 2
80873 1
80937 1
81937 1
82009 1
82913 1
83305 1
83385 1
84137 1
85153 1
85985 1
86445 1
86725 1
87273 1
87785 1
88553 1
89101 1
90625 1
91089 1
91277 1
91405 1
93245 1
93593 1
94625 1
94789 1
94993 1
96597 1
97241 1
97381 1
97621 1
97661 1
101393 1
102285 1
110245 1
133169 1
