N J h mean_R_sq err_mean_R_sq mean_R_gyr_sq err_mean_R_gyr_sq 
2500 1.279 0 31364.3 754.694 4540.64 71.8602
25 1
125 1
181 1
197 1
205 1
233 1
265 1
289 2
325 1
333 1
377 1
401 1
409 1
461 1
509 1
533 2
569 2
593 1
629 2
697 1
701 1
757 1
761 1
773 1
797 1
829 1
833 1
857 1
877 1
901 1
1009 1
1105 1
1109 1
1117 1
1153 1
1217 1
1229 1
1241 1
1325 1
1445 1
1469 1
1517 1
1613 1
1625 1
1697 1
1737 1
1765 1
1781 1
1865 1
1885 1
1889 1
1921 2
1937 1
1949 1
1997 1
2053 1
2097 1
2113 1
2125 1
2197 1
2245 1
2285 2
2293 1
2309 1
2341 2
2381 1
2393 1
2405 1
2421 1
2425 1
2477 1
2501 1
2701 1
2725 1
2729 2
2777 1
2813 1
2825 2
2861 1
2873 1
2953 2
2977 1
3001 1
3005 2
3049 1
3085 1
3089 1
3125 1
3145 1
3229 1
3281 1
3293 2
3313 1
3373 1
3389 1
3445 1
3557 1
3577 1
3609 1
3613 2
3645 1
3649 2
3653 2
3701 1
3757 1
3825 1
3845 1
3869 1
3973 1
4033 1
4093 1
4097 1
4181 1
4229 1
4241 1
4265 1
4321 1
4337 1
4373 1
4381 1
4405 1
4437 1
4477 1
4493 1
4573 1
4633 1
4801 1
4805 1
4825 1
4849 1
4861 1
4885 1
4901 2
4925 1
4933 2
4949 2
5045 1
5065 1
5125 3
5185 1
5193 1
5233 1
5249 1
5333 1
5353 1
5365 2
5393 1
5429 4
5441 1
5473 1
5521 1
5525 1
5545 1
5585 1
5597 1
5689 1
5693 1
5701 2
5741 1
5821 1
5869 1
5945 2
5993 1
6001 1
6065 1
6073 1
6125 1
6165 1
6197 1
6217 1
6385 1
6409 1
6425 1
6445 2
6481 1
6497 1
6525 1
6569 1
6613 1
6625 3
6641 1
6661 1
6673 2
6697 2
6725 1
6757 1
6793 1
6833 1
6845 3
6865 1
6885 1
6889 1
6949 1
6989 1
6997 1
7013 1
7045 2
7065 1
7069 1
7085 1
7093 1
7109 1
7141 1
7157 1
7177 1
7193 1
7225 1
7229 1
7253 1
7325 1
7345 1
7369 1
7481 2
7489 1
7561 1
7565 4
7605 1
7673 1
7685 1
7813 2
7825 1
7865 1
7873 2
7957 1
8009 1
8021 1
8033 1
8069 1
8117 1
8273 1
8281 1
8285 1
8333 1
8369 1
8381 1
8405 2
8433 1
8497 1
8545 1
8577 1
8585 1
8621 1
8685 1
8705 1
8713 1
8741 1
8749 1
8801 1
8825 1
8833 1
8845 2
8857 1
8905 2
8941 1
9061 1
9081 1
9109 1
9117 1
9133 1
9153 1
9157 1
9173 1
9193 1
9197 1
9221 1
9225 1
9265 1
9305 1
9333 1
9389 1
9425 2
9433 1
9509 1
9521 1
9601 1
9605 1
9657 1
9673 1
9685 3
9689 1
9697 1
9797 1
9805 1
9817 1
9829 1
9841 1
9865 1
10025 1
10045 1
10049 1
10057 1
10061 1
10081 1
10133 1
10201 1
10205 1
10217 1
10225 2
10229 2
10249 1
10265 2
10285 2
10289 1
10309 1
10337 1
10345 1
10405 1
10441 1
10453 1
10525 2
10529 1
10585 1
10597 2
10625 1
10673 2
10693 1
10705 1
10729 1
10805 1
10877 1
10897 1
10937 1
10953 1
10985 2
11009 1
11041 1
11065 1
11069 1
11105 1
11125 1
11133 1
11141 1
11185 1
11245 1
11261 2
11281 1
11317 1
11329 1
11365 1
11453 1
11513 1
11545 1
11565 3
11581 1
11597 1
11645 1
11713 2
11717 1
11765 2
11773 1
11821 1
11849 1
11889 1
11905 1
11941 1
11965 1
11969 2
11981 1
12025 1
12049 1
12077 1
12085 1
12105 1
12109 1
12149 1
12185 1
12205 1
12301 1
12317 1
12337 2
12349 1
12377 1
12385 1
12461 1
12465 2
12473 1
12493 1
12505 3
12557 2
12593 1
12605 2
12625 1
12665 1
12689 1
12773 1
12805 1
12809 1
12897 1
12905 1
12973 1
12985 2
13005 2
13009 1
13025 1
13045 1
13061 1
13105 1
13169 1
13181 1
13189 1
13249 1
13309 1
13325 1
13345 1
13385 1
13445 1
13465 1
13505 1
13549 1
13625 1
13645 1
13653 1
13673 1
13689 1
13705 2
13725 2
13729 1
13753 1
13817 1
13833 1
13837 1
13841 1
13885 1
13897 1
13901 1
13933 1
13945 1
14033 1
14057 1
14065 2
14125 2
14149 1
14161 1
14173 1
14177 1
14213 1
14257 1
14297 1
14365 1
14373 1
14409 1
14425 2
14453 1
14461 1
14473 1
14517 2
14569 2
14625 1
14641 1
14645 2
14661 1
14681 1
14689 1
14705 1
14713 1
14737 3
14785 1
14825 1
14841 3
14885 2
14909 1
14913 1
14985 1
15005 1
15025 2
15073 1
15121 1
15149 1
15161 1
15165 1
15205 1
15245 1
15289 1
15293 1
15313 1
15381 2
15397 2
15425 1
15457 1
15461 1
15509 1
15545 1
15569 1
15625 1
15633 1
15665 1
15677 2
15725 1
15733 1
15737 1
15761 1
15777 1
15793 1
15805 2
15821 1
15845 1
15857 1
15921 1
15957 1
15993 1
16029 1
16061 1
16081 2
16101 1
16105 1
16133 1
16165 2
16277 2
16285 1
16337 1
16349 1
16385 1
16425 1
16441 1
16465 1
16481 1
16553 1
16561 1
16565 1
16677 2
16705 2
16745 2
16757 1
16801 1
16805 1
16861 1
16937 1
16949 2
16965 1
17001 1
17077 1
17093 1
17125 2
17141 1
17177 1
17221 1
17257 1
17289 1
17377 1
17425 1
17429 1
17477 1
17485 1
17525 1
17557 1
17649 1
17669 1
17681 2
17693 1
17725 1
17749 1
17753 1
17777 1
17785 1
17797 1
17833 1
17861 1
17885 1
17893 1
17945 1
17953 1
18005 1
18013 1
18037 2
18045 1
18169 1
18181 1
18185 1
18241 1
18265 1
18277 2
18329 1
18421 1
18433 2
18473 1
18493 1
18541 2
18581 1
18589 1
18593 1
18617 2
18749 1
18793 1
18805 1
18833 1
18845 1
18857 2
18889 2
18917 1
18945 1
19025 1
19037 1
19061 1
19073 1
19093 1
19109 1
19133 2
19169 1
19225 2
19253 1
19265 1
19273 1
19289 1
19357 1
19377 1
19385 2
19405 1
19409 1
19417 1
19457 1
19469 1
19493 1
19549 1
19585 1
19597 1
19601 1
19625 1
19637 2
19669 3
19721 2
19729 1
19753 1
19777 1
19805 2
19825 1
19897 1
19945 1
19961 1
19981 2
20005 1
20065 1
20077 1
20089 1
20117 1
20129 1
20149 2
20201 1
20213 1
20241 1
20269 1
20281 1
20345 2
20353 1
20357 1
20369 1
20413 1
20449 1
20525 1
20529 1
20533 1
20557 1
20565 1
20605 1
20617 1
20629 1
20665 2
20689 1
20705 1
20785 1
20825 1
20885 2
20933 1
21005 1
21025 1
21041 1
21061 1
21085 2
21097 1
21125 2
21193 1
21349 2
21365 1
21445 1
21473 1
21485 1
21509 2
21533 1
21569 1
21625 2
21713 1
21757 1
21785 1
21809 1
21845 1
21865 1
21905 1
21913 1
21925 1
21941 1
21977 1
22049 1
22069 1
22181 3
22185 1
22189 1
22193 1
22265 1
22285 1
22345 2
22349 1
22405 1
22409 1
22417 1
22457 1
22465 1
22541 1
22549 1
22565 1
22585 1
22589 1
22625 2
22633 1
22669 1
22685 1
22837 1
22849 1
22873 2
22905 1
22941 1
22945 3
22961 1
22997 1
23021 1
23049 1
23057 1
23105 2
23125 1
23141 2
23189 1
23225 1
23229 1
23269 1
23273 2
23329 1
23333 1
23341 2
23365 2
23409 1
23461 1
23473 1
23477 1
23509 1
23525 1
23545 3
23609 1
23657 1
23697 1
23729 1
23765 2
23797 1
23873 1
23885 1
23941 2
23945 2
23953 2
23985 1
24005 1
24025 1
24029 1
24121 1
24125 2
24133 1
24161 1
24181 1
24193 1
24197 1
24245 1
24281 1
24313 1
24361 1
24417 1
24425 1
24461 1
24505 3
24517 1
24565 1
24601 1
24665 2
24677 1
24745 2
24797 1
24845 1
24853 1
24905 2
24925 1
24965 1
24973 2
25009 1
25117 1
25173 1
25189 1
25281 1
25325 1
25337 1
25345 2
25373 1
25381 1
25433 1
25469 1
25493 1
25525 2
25589 1
25625 1
25677 1
25705 1
25713 1
25717 1
25765 1
25777 1
25793 1
25825 1
25857 1
25877 1
25889 2
25965 3
25969 1
25981 1
26029 1
26093 1
26189 1
26225 1
26253 1
26281 1
26305 1
26333 1
26377 2
26441 2
26485 2
26509 1
26545 1
26569 1
26585 1
26605 1
26613 1
26665 1
26705 2
26725 1
26729 1
26793 1
26825 1
26869 1
26881 1
26901 1
26945 1
26953 1
26969 1
27061 2
27101 1
27145 3
27173 2
27233 1
27245 1
27297 1
27333 1
27353 1
27365 2
27385 1
27389 1
27421 1
27457 1
27469 1
27521 1
27593 1
27625 1
27637 2
27737 2
27757 3
27773 1
27793 1
27829 1
27941 1
27977 2
27981 1
28057 1
28081 1
28089 1
28125 1
28169 1
28181 1
28225 1
28285 2
28305 2
28345 2
28433 2
28445 1
28477 1
28537 1
28561 1
28565 1
28593 1
28597 1
28625 4
28629 1
28705 1
28781 1
28817 1
28825 1
28849 1
28885 1
28925 1
28949 1
28953 1
28981 1
29069 2
29097 1
29105 1
29125 1
29137 1
29237 1
29341 1
29405 1
29493 1
29501 1
29525 2
29585 2
29609 1
29665 2
29705 1
29717 1
29725 1
29745 1
29873 1
29881 1
29945 2
29957 1
30005 1
30025 1
30053 1
30069 1
30073 1
30133 1
30141 1
30157 1
30169 1
30185 1
30209 1
30233 1
30285 1
30293 1
30329 1
30389 1
30397 1
30413 3
30445 2
30469 1
30505 1
30545 1
30553 1
30589 1
30593 2
30625 1
30649 1
30661 1
30665 1
30673 1
30685 1
30697 2
30805 5
30825 2
30829 1
30869 1
30901 1
30925 1
30929 1
30953 1
31005 1
31025 2
31109 1
31145 1
31225 1
31265 2
31313 1
31321 1
31345 1
31373 1
31385 1
31421 1
31433 1
31501 2
31525 2
31609 1
31681 1
31697 1
31705 1
31709 2
31733 1
31841 1
31849 1
31865 1
31909 1
31925 1
31937 1
31957 1
32005 1
32057 1
32125 1
32185 2
32201 1
32237 1
32257 1
32297 1
32337 1
32341 1
32345 1
32513 1
32521 2
32605 1
32625 2
32677 1
32761 1
32777 1
32797 1
32825 5
32841 1
32905 1
32917 1
32929 1
32933 1
32985 1
33013 1
33025 1
33073 1
33113 1
33133 1
33137 1
33289 1
33293 1
33505 1
33565 1
33625 1
33629 1
33661 1
33713 1
33745 1
33761 1
33769 1
33857 1
33865 1
33949 1
33961 1
33973 1
34033 1
34065 1
34085 2
34153 1
34205 1
34289 1
34373 1
34381 1
34465 1
34597 1
34613 1
34625 1
34693 2
34697 2
34717 1
34729 1
34745 1
34765 1
34781 1
34785 1
34821 1
34893 1
34945 2
34969 1
35065 2
35081 2
35089 1
35113 1
35125 1
35137 1
35173 1
35201 1
35261 1
35293 2
35325 1
35333 1
35345 1
35405 1
35425 1
35437 1
35477 1
35509 1
35545 1
35593 1
35645 2
35785 1
35809 1
35869 1
35885 1
35965 1
36037 1
36045 1
36109 1
36149 1
36161 1
36173 1
36221 1
36229 1
36265 1
36269 1
36305 1
36325 1
36373 1
36445 2
36457 1
36621 1
36625 2
36677 1
36725 3
36829 1
36833 1
36837 1
36929 2
36941 1
36945 1
37049 1
37153 1
37157 1
37193 1
37269 1
37285 1
37321 1
37349 1
37405 1
37469 1
37485 1
37489 1
37549 1
37585 1
37589 1
37637 1
37645 1
37661 1
37685 1
37717 1
37729 1
37837 1
37845 1
37885 1
37925 1
37945 2
38025 1
38029 1
38077 1
38105 1
38125 1
38165 1
38233 2
38317 1
38365 1
38377 1
38449 2
38461 1
38465 1
38573 1
38581 1
38585 1
38749 1
38785 1
38825 1
38845 1
38897 1
38925 1
38945 1
39097 1
39101 1
39205 1
39285 1
39385 1
39409 1
39437 2
39465 1
39469 1
39617 1
39625 1
39637 1
39661 1
39665 2
39701 1
39797 2
39845 1
40037 1
40045 1
40057 1
40077 1
40085 1
40153 1
40165 1
40225 1
40229 1
40265 1
40289 1
40309 1
40321 1
40333 2
40417 1
40441 1
40477 1
40525 1
40597 1
40681 1
40729 1
40745 1
40793 1
40829 1
40837 1
40941 1
40961 1
40977 2
41045 1
41089 1
41093 1
41105 1
41177 1
41225 2
41245 1
41257 1
41425 1
41429 1
41441 1
41465 1
41485 1
41625 1
41697 1
41805 1
41869 1
41873 1
41885 1
41993 2
42041 1
42109 1
42165 1
42173 1
42221 1
42305 1
42341 1
42365 1
42381 1
42445 1
42485 1
42505 1
42533 1
42557 1
42605 1
42705 1
42821 1
42841 1
42853 1
42925 1
42965 2
42985 1
43061 1
43133 1
43165 1
43333 1
43465 1
43481 2
43489 1
43697 1
43705 1
43733 1
43801 1
43825 1
43849 1
43873 1
43877 1
43937 1
43957 1
43993 1
44029 1
44105 1
44117 1
44149 1
44225 1
44285 1
44369 1
44381 1
44417 1
44425 1
44489 1
44501 1
44525 3
44537 1
44641 1
44645 1
44665 1
44705 1
44761 1
44945 2
45029 2
45041 1
45125 1
45145 1
45153 1
45161 1
45197 1
45253 1
45301 2
45305 3
45361 1
45373 1
45389 1
45557 1
45621 1
45769 1
45797 1
45841 1
45865 1
45901 1
46121 1
46325 1
46381 1
46429 1
46449 1
46481 1
46661 2
46665 1
46697 1
46709 1
46737 1
46757 1
46769 1
46813 1
46885 1
46945 1
46957 1
46969 1
46985 1
47125 2
47185 1
47249 1
47365 1
47437 1
47489 1
47497 1
47525 2
47573 1
47645 1
47681 1
47693 1
47753 1
47821 1
47825 1
47961 1
48017 1
48025 1
48049 1
48177 1
48193 1
48229 1
48285 1
48421 1
48637 1
48717 1
48749 1
48877 1
48929 1
48933 1
49005 1
49081 1
49129 1
49165 1
49169 1
49193 2
49253 1
49277 1
49453 1
49457 1
49529 1
49573 1
49669 1
49705 1
49757 1
49793 1
49813 1
49873 1
49909 1
50029 2
50089 1
50093 1
50177 2
50249 1
50257 1
50373 1
50473 1
50509 1
50557 1
50641 1
50705 1
50801 1
50833 1
50837 1
50845 1
50905 1
50929 1
50969 1
50993 2
51001 1
51017 1
51025 1
51085 1
51109 1
51145 1
51257 1
51265 1
51325 1
51329 1
51365 1
51417 2
51473 1
51493 1
51545 2
51577 1
51581 1
51649 1
51973 1
51993 1
52025 1
52133 1
52205 1
52209 1
52253 1
52281 1
52309 1
52357 1
52385 1
52585 2
52673 1
52685 1
52721 1
52821 1
52825 1
52929 1
53093 1
53125 1
53149 1
53209 1
53225 1
53261 1
53269 1
53293 2
53461 1
53465 1
53545 1
53549 1
53653 1
53665 2
53689 1
53717 1
53773 1
53825 1
53861 1
53881 1
53937 1
53945 1
53989 1
54101 1
54161 1
54269 1
54301 1
54353 1
54377 1
54433 1
54493 1
54665 1
54781 1
54785 1
54837 1
54925 1
54961 1
54977 1
55073 1
55189 1
55205 1
55229 1
55301 1
55445 2
55449 1
55469 1
55625 1
55757 1
55949 1
55985 1
56117 1
56169 1
56173 1
56225 1
56277 1
56549 1
56633 1
56653 1
56657 1
56825 1
56845 1
57025 2
57157 1
57205 1
57265 1
57305 1
57649 1
57773 1
57853 1
57889 1
57933 1
58041 1
58217 1
58225 1
58357 1
58417 1
58493 1
58505 1
58549 1
58757 1
58829 2
58925 1
59029 1
59045 1
59293 1
59449 1
59533 1
59537 1
59769 1
60001 1
60205 1
60217 1
60229 2
60565 1
60805 1
60877 1
60965 1
60985 1
61013 1
61137 1
61141 1
61217 1
61417 1
61441 1
61461 1
61513 1
61601 1
61605 1
61837 1
61949 1
62005 2
62021 1
62065 1
62165 1
62297 1
62729 1
62957 1
62965 1
62973 1
63001 1
63005 2
63017 1
63341 1
63401 1
63433 1
63629 1
63729 1
63765 1
63817 1
63845 1
63869 1
63893 1
63937 1
63949 1
63989 1
64033 1
64145 1
64345 1
64493 1
64501 1
64577 1
64741 1
64925 1
64937 1
65237 1
65365 1
65605 1
65781 1
65885 1
66265 1
66293 1
66305 1
66637 1
66725 1
66793 1
67285 1
67293 1
67325 1
67397 1
67489 1
67525 1
67829 1
68041 1
68105 2
68125 1
68129 1
68161 1
68165 1
68185 1
68265 1
68825 1
68857 1
68933 1
69029 1
69165 2
69173 1
69257 1
69705 1
69745 1
69869 1
70065 1
70153 1
70313 1
70381 1
70397 1
70549 1
70733 1
70745 1
70781 1
70925 1
71053 1
71161 1
71189 1
71525 1
71669 1
71705 1
71821 1
71989 1
72041 1
72337 1
72473 1
72529 1
72557 2
72721 1
72781 1
72929 1
73261 1
73421 1
74101 1
74189 1
74457 1
74633 1
74749 1
74825 1
74889 1
74933 1
75041 1
75085 1
75205 1
75213 1
75673 1
75725 1
75893 1
76141 1
76661 1
76781 1
76805 1
76921 1
76925 1
77005 1
77229 1
77293 1
77453 1
77521 1
77573 1
77885 1
78065 1
78097 1
78345 1
78625 1
78901 1
78941 1
79061 1
79493 1
79889 1
79921 1
79981 1
80449 1
80533 1
80665 1
80873 1
81145 1
81385 1
81413 1
81549 1
81689 1
82205 1
82373 1
82637 1
83729 1
84485 1
84521 1
84677 1
84841 1
84937 1
85037 1
85165 1
85529 1
85541 1
86077 1
86293 1
86445 2
86509 1
86661 1
86705 1
86813 1
87797 1
88321 1
88541 1
88765 1
89325 1
89513 1
89577 1
90245 1
90425 1
90677 1
90797 1
91277 1
91493 1
91669 1
92209 1
92885 1
93249 1
93845 1
96125 1
98605 1
99625 1
99937 1
100053 1
103877 1
104561 1
106289 1
107717 1
109129 1
109289 1
110149 1
112853 1
115585 1
117125 1
141941 1
171305 1
186345 1
278429 1
