N J h mean_R_sq err_mean_R_sq mean_R_gyr_sq err_mean_R_gyr_sq 
3600 1.295 0 45954.2 2729.33 6774.61 357.025
37 1
101 1
121 1
137 1
229 1
233 1
289 1
305 1
425 1
461 1
545 1
585 1
629 1
785 1
833 1
905 2
1037 1
1073 1
1105 1
1201 2
1325 1
1369 1
1377 1
1385 1
1445 1
1465 1
1513 1
1553 1
1601 1
1609 1
1805 1
1845 1
1865 1
1945 1
1961 1
1989 2
1997 1
2169 1
2205 1
2221 1
2225 2
2249 1
2329 1
2357 2
2393 1
2405 2
2421 1
2493 1
2509 3
2545 1
2581 1
2665 1
2669 2
2809 1
2825 1
2845 2
2873 1
3133 1
3281 1
3365 1
3393 1
3413 1
3485 1
3529 1
3545 1
3601 1
3625 1
3649 1
3737 1
3789 1
3809 1
3821 1
3881 1
3965 1
3973 1
3977 1
3985 1
4033 1
4069 1
4097 1
4157 1
4177 1
4225 1
4285 2
4321 1
4357 1
4381 1
4421 1
4545 1
4621 1
4705 1
4721 1
4745 1
4797 1
4825 1
4849 1
4861 1
4905 1
4913 1
4973 1
5013 1
5045 1
5065 1
5069 1
5085 1
5233 1
5273 1
5281 1
5305 1
5317 1
5365 1
5389 1
5429 1
5473 1
5525 3
5629 1
5725 3
5769 1
5809 1
5825 1
5837 1
5905 1
5981 1
6005 1
6025 1
6161 1
6197 1
6305 1
6337 1
6397 1
6525 2
6625 1
6641 1
6697 3
6705 1
6725 2
6761 1
6817 1
6845 1
6849 1
6885 1
6917 1
7001 1
7025 1
7065 1
7213 1
7225 3
7253 1
7325 1
7421 1
7445 1
7457 1
7489 1
7501 1
7537 1
7565 1
7577 1
7585 1
7589 2
7605 1
7685 5
7785 1
7853 1
7865 1
7937 1
8005 1
8021 1
8065 1
8145 2
8177 1
8221 1
8245 1
8489 1
8577 1
8585 1
8593 1
8609 1
8633 1
8665 1
8685 1
8705 1
8725 1
8761 1
8849 1
8857 1
8865 1
8869 1
8941 1
9001 1
9005 1
9025 1
9109 1
9173 1
9281 1
9325 1
9337 1
9349 1
9413 1
9441 2
9649 1
9673 1
9745 1
9769 1
9781 1
9797 1
9857 1
9873 2
9881 1
9925 1
9949 1
10045 1
10061 1
10081 1
10085 1
10145 1
10217 1
10237 1
10305 1
10441 1
10445 1
10485 1
10501 1
10525 1
10537 1
10613 1
10625 1
10645 1
10709 1
10765 1
10769 1
10817 1
10865 1
10877 1
10985 1
11177 1
11237 1
11245 1
11285 1
11321 1
11357 1
11365 1
11413 1
11425 1
11509 1
11525 1
11633 1
11645 1
11657 1
11765 1
11785 1
11809 1
11817 1
11861 1
11881 2
11897 2
11953 1
12053 1
12125 2
12181 1
12197 1
12325 1
12337 1
12357 1
12409 1
12461 1
12469 1
12505 2
12553 1
12557 1
12605 2
12769 1
12805 2
12833 1
12913 1
12941 1
12965 1
13001 1
13025 1
13045 1
13141 1
13169 2
13185 1
13261 1
13285 2
13313 1
13325 1
13385 1
13477 1
13625 1
13649 1
13653 1
13669 1
13681 1
13745 1
13873 1
13925 1
13973 1
13977 1
13985 2
14013 1
14029 1
14045 1
14057 1
14065 1
14125 1
14149 1
14153 1
14161 1
14165 1
14185 2
14209 2
14225 3
14305 1
14341 1
14481 1
14545 1
14549 1
14561 1
14645 1
14653 1
14681 1
14689 1
14701 1
14705 2
14713 1
14717 1
14785 1
14869 1
14909 1
14989 1
15021 1
15041 1
15145 1
15217 1
15273 2
15293 1
15305 1
15353 2
15377 1
15385 1
15445 1
15473 1
15529 1
15605 1
15649 1
15749 1
15769 1
15773 1
15821 1
15845 1
15973 1
15977 1
15997 1
16097 1
16101 1
16105 1
16109 1
16145 1
16385 2
16405 1
16425 1
16477 1
16561 1
16565 1
16613 1
16705 1
16717 1
16733 2
16745 2
16785 2
16909 3
16921 1
16937 1
16945 1
16965 2
16993 1
17009 1
17077 1
17117 1
17177 1
17225 2
17285 1
17425 3
17485 2
17505 1
17557 2
17573 1
17629 1
17665 2
17737 1
17785 1
17849 1
17905 2
17957 1
17973 1
17977 1
18005 1
18061 1
18081 1
18125 1
18173 1
18181 1
18245 1
18253 1
18261 1
18317 1
18413 1
18421 2
18473 2
18581 1
18625 1
18629 1
18637 1
18661 1
18685 1
18761 1
18769 2
18785 3
18965 1
18973 1
18989 2
19045 1
19073 1
19097 1
19141 1
19237 1
19253 1
19277 2
19301 1
19337 1
19345 1
19357 1
19421 2
19441 3
19445 1
19449 1
19465 5
19493 2
19517 1
19541 1
19553 1
19585 1
19601 1
19625 2
19681 1
19709 1
19721 2
19777 1
19889 1
19925 2
19981 2
19989 1
20017 1
20065 1
20177 1
20189 1
20205 1
20213 2
20225 1
20241 1
20297 1
20313 1
20357 1
20393 1
20521 1
20525 2
20565 1
20605 1
20609 1
20645 1
20765 1
20885 1
20893 1
20905 1
20917 1
21053 1
21125 2
21205 1
21317 1
21397 1
21429 1
21449 1
21465 1
21501 1
21605 2
21677 1
21697 2
21745 1
21757 1
21785 1
21805 1
21809 1
21841 1
21845 5
21933 1
21969 2
21985 1
22009 2
22025 1
22045 1
22093 1
22117 1
22181 1
22185 1
22193 1
22265 1
22321 2
22381 1
22417 1
22433 1
22445 1
22529 1
22621 1
22765 1
22789 1
22797 1
22837 1
22873 1
22937 1
22945 1
22997 1
23041 1
23057 1
23081 1
23125 2
23129 1
23137 1
23225 1
23257 2
23285 1
23353 1
23425 1
23473 1
23525 2
23533 1
23585 1
23717 1
23809 1
23837 1
23873 1
23945 1
24005 1
24065 1
24161 1
24217 1
24221 2
24293 1
24317 1
24389 1
24401 1
24425 1
24461 1
24509 1
24545 1
24557 1
24565 1
24593 1
24653 1
24685 1
24705 1
24745 1
24785 1
24805 1
24989 1
25009 1
25045 1
25085 1
25097 1
25105 1
25205 1
25225 1
25325 2
25405 1
25477 1
25493 1
25565 1
25577 1
25589 1
25601 3
25605 2
25621 1
25625 1
25681 1
25693 1
25705 1
25749 1
25789 2
25805 1
25825 1
25877 2
25925 1
25957 1
25961 1
25985 1
26029 1
26073 1
26117 2
26129 3
26185 1
26221 1
26225 1
26233 1
26237 1
26245 1
26249 1
26269 1
26309 1
26333 1
26417 1
26469 1
26485 1
26501 1
26569 1
26721 2
26737 1
26921 1
26989 1
27045 1
27065 1
27145 1
27149 2
27173 1
27217 2
27225 1
27245 2
27253 1
27325 1
27365 1
27389 1
27397 1
27437 1
27585 1
27637 2
27677 1
27693 2
27749 1
27785 1
27845 1
27857 1
27953 1
27985 1
28033 1
28125 1
28157 1
28309 1
28453 1
28585 2
28685 1
28705 1
28909 1
28913 1
29009 1
29045 1
29097 1
29125 1
29137 1
29185 2
29189 1
29269 1
29273 1
29285 1
29341 2
29377 2
29449 2
29525 1
29537 1
29549 3
29585 1
29637 1
29645 1
29725 2
29789 1
29801 1
29837 1
29857 1
29861 1
29881 1
29905 1
30017 1
30073 1
30157 1
30161 1
30181 1
30197 1
30213 1
30241 1
30253 1
30285 1
30361 1
30449 1
30465 1
30501 1
30509 1
30545 1
30589 1
30593 1
30697 1
30717 1
30733 1
30805 1
30821 2
30829 1
30901 1
30929 1
30949 1
31013 1
31037 1
31085 1
31117 1
31205 1
31225 2
31249 1
31265 1
31301 1
31321 1
31333 1
31357 1
31433 1
31469 1
31481 1
31501 2
31505 1
31525 1
31609 1
31645 1
31769 1
31841 1
31905 1
31925 1
32045 2
32057 1
32065 1
32149 1
32185 1
32189 1
32201 1
32213 1
32225 2
32301 3
32369 1
32405 1
32513 1
32525 1
32537 1
32605 1
32645 1
32797 1
32877 1
33025 1
33053 1
33065 1
33085 1
33125 1
33133 1
33185 1
33205 1
33245 1
33265 1
33289 1
33293 2
33469 1
33521 1
33601 1
33629 1
33661 1
33665 2
33713 1
33745 1
33785 1
33917 1
33997 1
34037 1
34057 1
34065 1
34085 1
34137 1
34205 1
34225 1
34249 1
34289 1
34313 1
34325 2
34381 1
34385 1
34389 2
34605 1
34625 1
34669 1
34697 1
34765 1
34805 1
34817 1
34885 1
34933 1
34957 1
35117 2
35137 1
35141 1
35149 1
35165 1
35173 2
35201 1
35281 1
35285 1
35353 1
35369 1
35377 1
35405 2
35477 1
35597 1
35685 1
35725 1
35785 1
35809 1
35825 1
35873 1
35897 1
35921 1
35953 2
36009 1
36045 1
36125 1
36173 1
36265 1
36305 3
36401 1
36445 1
36457 1
36469 1
36493 1
36497 1
36637 1
36677 1
36805 1
36821 1
36853 1
36889 1
36901 1
36941 1
36985 1
37025 2
37085 1
37105 1
37197 1
37265 2
37305 1
37325 1
37413 1
37485 2
37501 1
37505 1
37529 1
37549 1
37589 1
37633 1
37645 1
37705 1
37733 1
37777 1
37817 1
37825 1
37845 1
37861 1
37885 2
37897 1
37925 1
38025 1
38041 1
38165 2
38245 2
38261 1
38321 1
38349 1
38369 3
38389 1
38405 1
38425 2
38449 1
38457 1
38461 1
38465 1
38501 1
38545 2
38573 1
38585 1
38597 1
38673 1
38693 1
38713 1
38809 1
38813 1
38821 1
38909 1
38981 1
39065 1
39089 1
39233 1
39265 1
39289 1
39357 1
39377 1
39481 1
39485 2
39509 1
39541 1
39553 1
39565 1
39593 1
39625 1
39637 1
39665 1
39701 2
39745 1
39785 2
39969 1
40025 1
40113 1
40121 1
40189 1
40265 1
40309 1
40349 1
40401 1
40577 1
40625 3
40637 1
40777 1
40781 1
40805 1
40813 1
40837 1
40853 1
40861 1
40905 1
41093 1
41273 1
41309 1
41357 1
41405 1
41465 1
41537 2
41549 1
41557 1
41597 1
41625 2
41697 1
41725 1
41737 1
41785 4
41913 1
41945 1
42029 1
42041 3
42109 1
42125 3
42145 1
42165 1
42353 2
42425 1
42489 1
42517 2
42521 1
42597 1
42653 1
42705 1
42761 1
42829 1
42857 1
42877 1
42881 1
42885 2
42925 2
42965 1
42993 1
43045 1
43117 1
43177 1
43201 1
43205 2
43345 1
43489 1
43553 1
43693 1
43697 1
43745 2
43765 1
43805 1
43893 1
43937 1
43973 1
44005 1
44109 1
44189 2
44225 1
44269 1
44285 1
44293 1
44329 1
44353 1
44357 1
44453 1
44469 1
44521 1
44557 1
44573 1
44741 1
44829 1
44977 1
45025 1
45041 1
45133 1
45145 1
45181 1
45189 1
45325 1
45349 1
45509 1
45513 1
45553 1
45585 1
45621 1
45769 1
45845 1
45865 1
45901 1
45917 2
46033 1
46085 1
46105 1
46225 2
46261 1
46301 1
46325 1
46441 1
46449 1
46485 1
46525 1
46537 1
46625 1
46657 2
46693 1
46705 1
46825 1
46945 1
46969 1
47097 1
47125 1
47153 1
47165 1
47205 1
47241 1
47269 1
47281 1
47317 1
47381 1
47513 1
47525 1
47609 1
47645 1
47653 1
47693 1
47737 1
47765 1
47813 1
47961 2
48005 1
48025 1
48033 1
48145 1
48177 1
48217 1
48229 2
48265 1
48285 1
48325 1
48569 2
48889 1
48933 2
48985 1
49117 1
49129 1
49169 1
49361 1
49509 1
49537 1
49549 1
49597 1
49613 1
49645 1
49661 1
49725 1
49765 1
49865 1
49985 3
49997 2
50005 2
50033 1
50089 2
50125 1
50213 2
50225 1
50249 1
50405 1
50509 1
50617 1
50661 1
50665 1
50837 1
50845 1
50849 1
50949 1
51025 1
51097 1
51125 3
51137 1
51217 1
51325 1
51353 1
51425 1
51449 1
51453 1
51493 1
51545 1
51565 1
51629 1
51669 1
51701 1
51913 1
51989 1
51993 1
52013 1
52025 1
52065 1
52093 2
52105 1
52169 1
52321 1
52361 1
52385 1
52445 1
52505 1
52561 1
52585 1
52625 1
52645 1
52685 1
52709 1
52713 1
52841 1
52897 1
52909 1
52925 1
52949 1
52993 1
53089 1
53365 1
53377 1
53425 1
53509 1
53573 1
53737 1
53753 1
53833 2
53861 1
53937 1
54085 1
54125 2
54145 1
54205 1
54233 1
54269 1
54317 1
54401 1
54545 1
54601 1
54685 1
54689 1
54757 1
54785 1
54837 1
54937 1
55045 1
55125 1
55133 1
55213 1
55225 1
55261 1
55289 1
55297 2
55301 1
55313 1
55325 1
55345 1
55369 1
55465 1
55525 1
55541 1
55553 1
55577 1
55705 1
55709 2
55813 1
55829 1
55845 1
56053 1
56061 1
56149 1
56173 1
56185 1
56277 1
56313 1
56425 2
56437 1
56533 1
56537 1
56593 1
56677 1
56693 1
56785 1
56789 1
56853 1
56909 1
56965 1
56993 1
57005 2
57085 1
57125 1
57149 1
57217 1
57305 1
57397 1
57425 1
57473 1
57605 1
57773 1
57781 1
57797 1
57905 1
57913 1
57933 1
57985 1
58057 1
58061 1
58105 1
58133 1
58225 2
58313 1
58357 1
58361 1
58369 1
58441 1
58457 1
58669 1
58825 1
58829 1
58841 1
58853 1
58925 1
58969 1
58973 1
59089 1
59189 1
59201 1
59233 1
59273 1
59305 1
59405 1
59453 1
59517 1
59629 1
59749 1
59789 1
59837 1
59881 1
59977 1
60013 1
60065 1
60125 2
60229 1
60265 1
60309 2
60317 1
60377 1
60545 1
60625 1
60685 2
60701 2
60941 1
61013 1
61029 1
61081 1
61129 1
61165 1
61181 1
61265 1
61277 1
61353 1
61461 1
61585 1
61625 1
61825 1
61829 1
61837 1
61885 1
61949 1
62033 1
62045 1
62137 1
62305 1
62309 1
62325 1
62361 1
62549 1
62569 1
62581 1
62633 1
62725 2
62885 1
62901 1
62941 1
63037 2
63125 1
63145 1
63225 1
63233 2
63277 1
63509 1
64061 1
64105 2
64109 1
64153 1
64161 1
64233 1
64345 1
64481 1
64517 1
64613 1
64685 1
64737 2
64741 2
64753 2
64997 1
65025 1
65105 1
65141 1
65169 1
65225 1
65393 1
65453 1
65501 1
65509 1
65701 1
65801 1
65825 2
65905 2
65993 1
66145 1
66161 1
66173 1
66301 1
66357 1
66361 1
66445 1
66625 1
66673 1
66689 1
66833 1
66925 1
67093 1
67121 1
67337 1
67405 3
67489 1
67493 1
67541 1
67601 1
67685 1
67745 1
67769 1
67889 1
67937 1
67961 1
67973 1
68081 2
68093 2
68141 1
68165 1
68345 1
68525 1
68545 1
68561 1
69085 1
69145 2
69165 1
69185 1
69565 1
69569 1
69745 1
69809 1
69921 1
69941 1
70009 2
70145 1
70165 1
70325 1
70465 1
70561 1
70673 1
70805 1
70921 1
70925 1
70949 1
71009 1
71161 1
71177 1
71189 1
71285 2
71321 2
71437 1
71605 1
71613 1
71773 1
71777 1
71809 1
72125 1
72153 1
72353 1
72425 1
72685 1
72781 1
72785 1
72833 1
73069 1
73177 1
73181 1
73193 1
73385 1
73405 1
73529 1
73561 1
73657 1
73709 1
73741 1
73793 1
73805 1
73957 1
74005 1
74009 1
74065 1
74137 1
74149 1
74173 1
74269 1
74381 1
74441 1
74465 1
74529 1
74581 1
74629 1
74693 1
74849 2
74909 1
74945 2
75073 1
75161 1
75305 1
75377 1
75545 1
75665 1
75725 1
76145 1
76225 1
76289 1
76297 2
76585 1
76729 1
76905 1
76949 1
77445 1
77677 1
77689 1
78025 1
78125 1
78253 1
78345 1
78665 1
78677 1
78685 1
78697 1
78901 1
79033 1
79045 1
79105 1
79169 2
79209 1
79213 2
79333 1
79441 1
79549 1
79601 1
79693 1
79981 1
80105 1
80145 2
80149 1
80233 1
80285 1
80305 1
80405 1
80473 1
80497 1
80561 1
80761 2
80789 1
81205 2
81541 1
81553 1
81693 1
81845 1
81965 1
82017 1
82237 1
82249 1
82457 1
82525 2
82565 1
82657 1
82849 1
82921 1
82969 1
83009 1
83213 1
83233 1
83341 1
83385 1
83441 1
83453 1
83585 1
83641 1
83681 1
83701 1
83745 1
83777 1
83845 1
84013 1
84101 1
84109 1
84185 1
84541 1
84605 1
84625 1
84629 1
84677 1
84713 1
84825 1
84829 1
84841 1
84965 1
85113 1
85321 1
85325 1
85333 1
85505 1
85625 1
85805 1
86389 1
86425 1
86633 1
86729 1
86837 1
86869 1
86957 1
87029 1
87165 1
87217 1
87245 1
87273 1
87449 1
87613 1
87965 1
87977 2
88181 1
88705 1
88745 1
88765 1
88785 1
88985 1
89009 1
89185 1
89245 2
89305 1
89413 1
89465 1
89765 1
89777 1
89797 1
89973 1
90185 1
90281 1
90513 1
90617 1
90625 1
90721 1
90797 1
90865 1
90901 1
91009 1
91061 1
91249 1
91325 1
91741 1
91845 1
91985 1
92401 1
92497 1
93001 1
93077 1
93409 1
93497 1
93785 1
93829 1
94289 1
94445 1
94505 1
94541 1
94973 1
95017 1
95525 1
95545 1
95593 2
95789 1
96165 1
96457 1
96665 1
96685 1
96941 1
97205 1
97225 1
97453 1
97705 1
97817 1
97893 1
98057 1
98149 1
98489 1
98541 1
98585 1
98765 1
98845 1
98885 1
98909 1
98957 1
99257 1
99277 1
99325 1
99405 1
99425 1
99905 1
99973 1
100021 1
100249 1
100297 1
100665 2
100813 1
100889 1
101173 1
101537 1
101569 1
101677 1
101765 1
101881 1
102265 1
102533 1
102545 1
104485 1
104537 1
105425 1
105497 1
105673 1
106601 1
106669 1
106937 1
107225 1
108245 1
108313 1
108385 1
108781 1
109325 1
109525 1
110161 1
110281 1
110441 1
110609 1
110893 1
111213 1
111325 1
111709 1
111725 1
111877 1
111905 1
112381 1
112597 1
113425 1
113485 1
113777 1
114325 1
114413 1
115265 1
115477 1
115637 1
116473 1
116561 1
116845 1
117625 1
118593 1
120737 1
121145 1
121185 1
121221 1
121645 1
122125 1
122149 1
122165 1
122321 1
122525 1
122713 1
124645 1
125441 1
127261 1
129025 1
129233 1
129461 1
131013 1
131317 1
132025 1
133597 1
133717 1
133961 1
134821 1
135745 1
138025 1
138125 1
138425 1
138825 1
138997 1
140053 1
141525 1
141745 1
142277 1
142897 1
142925 1
143785 1
146081 1
146753 1
147209 1
148261 1
150433 1
150625 1
150741 1
151793 1
152213 1
165005 1
168029 1
170833 1
172549 1
178133 1
181757 1
182741 1
185785 1
202865 1
390629 1
443605 1
444805 1
464177 1
585261 1
619961 1
750465 1
