N J h mean_R_sq err_mean_R_sq mean_R_gyr_sq err_mean_R_gyr_sq 
3600 1.28 0 53265.8 2734.34 7730.31 386.922
0 4
1 11
2 4
3 11
4 10
5 7
6 7
7 10
8 6
9 10
10 6
11 5
12 4
13 5
14 6
15 5
16 6
17 13
18 10
19 6
20 7
21 7
22 5
23 2
24 7
25 9
26 8
27 10
28 3
29 12
30 4
31 10
32 8
33 14
34 10
35 7
36 13
37 7
38 10
39 10
40 6
41 14
42 3
43 9
44 4
45 6
46 14
47 8
48 6
49 11
50 9
51 6
52 12
53 8
54 14
55 1
56 11
57 10
58 6
59 12
60 8
61 4
62 10
63 9
64 8
65 7
66 10
67 8
68 11
69 6
70 10
71 13
72 9
73 2
74 9
75 6
76 7
77 17
78 9
79 7
80 6
81 8
82 10
83 7
84 6
85 11
86 8
87 15
88 2
89 12
90 6
91 7
92 8
93 9
94 11
95 6
96 6
97 8
98 7
99 3
100 11
101 5
102 9
103 8
104 13
105 10
106 10
107 13
108 7
109 11
110 11
111 8
112 5
113 11
114 3
115 6
116 12
117 9
118 8
119 2
120 8
121 7
122 4
123 3
124 4
125 10
126 9
127 6
128 12
129 11
130 12
131 5
132 11
133 7
134 7
135 4
136 3
137 8
138 9
139 12
140 13
141 8
142 9
143 5
144 7
145 6
146 4
147 9
148 5
149 12
150 7
151 10
152 9
153 9
154 11
155 12
156 5
157 5
158 3
159 6
160 4
161 7
162 7
163 11
164 6
165 8
166 8
167 7
168 3
169 5
170 8
171 5
172 4
173 4
174 4
175 6
176 12
177 7
178 5
179 11
180 3
181 5
182 5
183 5
184 10
185 6
186 6
187 9
188 6
189 3
190 7
191 6
192 9
193 5
194 8
195 1
196 11
197 6
198 5
199 5
200 6
201 4
202 7
203 8
204 4
205 6
206 6
207 5
208 4
209 5
210 8
211 7
212 5
213 5
214 7
215 8
216 5
217 4
218 4
219 5
220 4
221 10
222 5
223 5
224 3
225 7
226 3
227 7
228 9
229 5
231 3
232 6
233 7
234 3
235 2
236 3
237 4
238 8
239 5
240 8
241 4
242 3
243 1
244 3
245 1
246 2
247 2
248 2
249 4
250 6
251 3
252 5
253 8
254 4
255 4
256 4
259 2
261 7
262 1
263 4
264 4
265 1
266 5
267 3
268 1
270 3
271 1
272 3
273 5
274 2
275 3
276 2
277 4
278 2
279 1
280 5
281 1
282 3
283 1
284 2
285 3
286 2
287 2
288 4
289 3
290 2
291 2
292 2
293 2
294 1
295 3
296 1
297 4
299 1
300 1
302 3
304 1
305 3
306 3
308 1
309 1
310 2
311 1
314 2
315 2
316 2
317 1
319 2
320 3
322 1
323 1
324 1
327 4
328 1
329 2
331 1
332 2
334 2
335 2
337 2
338 2
340 1
341 1
342 1
344 1
345 1
346 1
347 2
349 1
350 2
353 1
354 2
355 1
359 1
361 2
370 1
371 1
376 1
378 3
381 1
383 1
384 1
390 1
391 1
399 1
422 1
438 1
587 1
636 1
680 1
687 1
694 1
796 1
910 1
