N J h mean_R_sq err_mean_R_sq mean_R_gyr_sq err_mean_R_gyr_sq 
4900 1.315 0 76258 11780.5 11085.7 1700.42
0 3
1 6
2 5
3 9
4 7
5 5
6 7
7 6
8 3
9 7
10 8
11 6
12 5
13 8
14 13
15 9
16 6
17 12
18 8
19 9
20 9
21 9
22 8
23 6
24 13
25 2
26 11
27 12
28 10
29 9
30 5
31 8
32 9
33 7
34 6
35 11
36 9
37 8
38 9
39 7
40 7
41 4
42 7
43 8
44 7
45 2
46 12
47 4
48 7
49 6
50 8
51 8
52 10
53 5
54 5
55 4
56 11
57 9
58 7
59 8
60 7
61 4
62 4
63 10
64 5
65 5
66 7
67 4
68 4
69 8
70 3
71 6
72 8
73 9
74 4
75 11
76 3
77 8
78 7
79 9
80 7
81 4
82 10
83 8
84 8
85 6
86 6
87 11
88 12
89 6
90 7
91 11
92 6
93 7
94 2
95 4
96 5
97 7
98 4
99 4
100 7
101 9
102 3
103 6
104 9
105 6
106 13
107 6
108 5
109 4
110 14
111 5
112 4
113 4
114 7
115 7
116 9
117 10
118 2
119 9
120 6
121 7
122 5
123 6
124 12
125 12
126 3
127 5
128 6
129 10
130 5
131 4
132 7
133 12
134 4
135 8
136 3
137 4
138 9
139 6
140 6
141 8
142 4
143 6
144 4
145 6
146 3
147 3
148 4
149 11
150 5
151 9
152 6
153 8
154 4
155 11
156 1
157 8
158 6
159 5
160 7
161 5
162 5
163 4
164 13
165 8
166 6
167 7
168 9
169 3
170 8
171 11
172 9
173 10
174 8
175 9
176 6
177 3
178 4
179 6
180 7
181 7
182 7
183 6
184 5
185 5
186 6
187 6
188 6
189 5
190 8
191 7
192 6
193 8
194 4
195 7
196 6
197 8
198 6
199 6
200 7
201 6
202 8
203 7
204 5
205 5
206 9
207 7
208 7
209 3
210 6
211 4
212 5
213 7
214 5
215 2
216 5
217 8
218 9
219 6
220 3
221 7
222 2
223 1
224 4
225 8
226 3
227 3
228 5
229 9
230 2
231 5
232 12
233 5
234 7
235 4
236 7
237 4
238 5
239 5
240 3
241 6
242 2
243 7
244 3
245 3
246 5
247 7
248 2
249 3
250 2
251 4
252 2
253 3
254 6
255 4
256 3
257 7
258 4
259 2
260 6
261 2
262 3
263 6
265 2
266 5
267 3
268 5
269 2
270 5
271 3
272 8
273 5
274 4
276 1
277 4
278 3
279 6
280 3
281 5
282 2
283 7
284 1
285 5
286 6
287 2
288 2
289 1
290 4
291 2
292 3
294 1
295 4
296 8
297 3
298 3
299 4
300 5
301 4
302 5
304 4
305 2
306 2
307 1
308 4
309 2
310 2
311 2
312 2
313 1
314 2
315 2
316 5
317 1
318 2
319 2
320 6
321 4
322 4
323 1
324 3
325 1
326 6
327 1
328 1
329 4
330 1
331 2
332 1
333 1
335 3
337 2
338 2
339 2
341 4
342 2
343 1
344 1
345 1
346 1
347 1
348 3
349 3
351 2
352 2
353 2
354 1
356 1
358 1
360 1
361 1
364 1
366 1
367 1
368 1
372 2
374 1
377 1
382 1
383 2
385 1
388 2
389 1
391 1
398 1
400 1
401 1
406 1
408 1
409 1
414 1
415 2
419 1
421 1
423 1
426 1
428 1
433 1
435 1
437 1
438 1
439 1
441 1
442 1
451 1
479 1
487 1
488 1
498 1
499 1
506 1
515 1
530 1
545 1
550 1
554 1
568 1
585 1
637 1
661 1
668 1
671 1
736 1
827 1
864 1
911 1
945 1
1022 1
1119 1
1132 1
1154 1
1201 1
1231 1
1274 1
1276 1
1389 1
