N J h mean_R_sq err_mean_R_sq mean_R_gyr_sq err_mean_R_gyr_sq 
2916 1.293 0 34751.7 1363.04 5177.49 175.546
0 2
1 5
2 9
3 6
4 4
5 4
6 3
7 4
8 6
9 3
10 8
11 6
12 3
13 5
14 5
15 3
16 5
17 5
18 5
19 8
20 5
21 3
22 6
23 4
24 3
25 7
26 2
27 4
28 9
29 5
30 4
31 9
32 6
33 3
34 6
35 9
36 2
37 6
38 7
39 2
40 3
41 10
42 3
43 5
44 2
45 6
46 5
47 5
48 9
49 7
50 8
51 8
52 5
53 6
54 8
55 6
56 5
57 2
58 8
59 5
60 8
61 5
62 2
63 3
64 10
65 10
66 7
67 4
68 3
69 3
70 3
71 6
72 2
73 6
74 4
75 4
76 8
77 4
78 7
79 5
80 2
81 7
82 2
83 2
84 5
85 3
86 2
87 6
88 5
89 6
90 6
91 5
92 3
93 2
94 7
95 4
96 1
97 5
98 4
99 5
100 4
101 8
102 5
103 5
104 7
105 5
106 5
107 3
108 1
109 5
110 6
112 3
114 4
115 6
116 4
117 3
118 3
119 3
120 8
121 9
122 4
123 4
124 3
125 3
126 5
127 5
128 9
129 5
130 5
131 4
132 5
133 1
134 2
135 9
136 6
137 6
138 4
139 4
140 5
141 3
142 6
143 3
144 2
145 1
146 5
147 6
148 2
149 5
150 6
151 4
152 2
153 2
154 2
155 4
156 5
157 3
159 2
160 5
161 5
162 5
163 3
164 6
165 5
166 5
167 4
168 2
169 2
170 4
171 3
172 4
174 3
175 2
176 3
177 1
178 5
179 1
180 3
181 1
182 4
183 5
184 2
185 4
186 6
187 5
188 1
189 1
190 4
191 2
192 3
193 2
194 4
195 2
196 2
197 5
198 2
199 2
200 4
201 3
202 1
203 1
204 2
205 2
206 2
208 4
209 2
210 2
211 3
212 2
213 2
214 3
215 1
216 2
217 2
218 2
219 1
222 2
223 1
225 2
226 1
227 3
228 4
229 2
230 1
231 2
232 2
233 3
234 1
235 1
236 1
237 2
238 4
239 1
240 2
241 1
242 1
243 1
244 1
248 2
249 1
250 1
252 1
253 3
254 1
255 1
257 1
258 1
262 1
265 1
266 1
267 1
276 1
277 1
278 1
282 1
283 2
285 1
288 1
292 1
303 1
306 1
311 1
313 1
317 1
318 2
320 1
321 1
325 1
346 1
350 1
367 1
386 1
