N J h mean_R_sq err_mean_R_sq mean_R_gyr_sq err_mean_R_gyr_sq 
4900 1.3 0 81424.1 13072.3 11830.6 1817.52
0 5
1 6
2 2
3 7
4 9
5 8
6 10
7 2
8 5
9 4
10 6
11 7
12 7
13 9
14 10
15 5
16 5
17 8
18 6
19 9
20 11
21 7
22 5
23 4
24 14
25 3
26 7
27 3
28 6
29 9
30 7
31 9
32 6
33 4
34 5
35 5
36 10
37 2
38 5
39 6
40 4
41 7
42 6
43 6
44 6
45 5
46 8
47 13
48 11
49 10
50 4
51 6
52 2
53 6
54 6
55 6
56 5
57 4
58 11
59 8
60 7
61 9
62 4
63 12
64 12
65 8
66 8
67 7
68 7
69 3
70 8
71 7
72 4
73 10
74 9
75 9
76 5
77 7
78 3
79 9
80 6
81 6
82 5
83 8
84 6
85 6
86 8
87 9
88 7
89 9
90 3
91 7
92 9
93 9
94 12
95 8
96 4
97 10
98 6
99 11
100 5
101 9
102 4
103 3
104 5
105 6
106 4
107 6
108 13
109 5
110 3
111 5
112 8
113 5
114 4
115 8
116 4
117 5
118 7
119 4
120 7
121 3
122 7
123 8
124 7
125 11
126 8
127 7
128 5
129 8
130 7
131 13
132 14
133 6
134 6
135 3
136 9
137 5
138 6
139 12
140 8
141 9
142 7
143 3
144 5
145 6
146 5
147 3
148 4
149 6
150 6
151 9
152 8
153 11
154 8
155 3
156 6
157 5
158 6
159 6
160 8
161 7
162 5
163 11
164 4
165 8
166 3
167 3
168 4
169 6
170 10
171 7
172 5
173 3
174 9
175 7
176 6
177 9
178 4
179 8
180 8
181 10
182 4
183 7
184 5
185 10
186 1
187 8
188 5
189 4
190 8
191 6
192 4
193 9
194 4
195 3
196 7
197 6
198 7
199 5
200 5
201 7
202 4
203 7
204 6
205 9
206 6
207 3
208 8
209 3
210 3
211 4
212 8
213 7
214 3
215 4
216 3
217 5
218 3
219 7
220 2
221 7
222 6
223 2
224 4
225 7
226 7
227 6
228 7
229 4
230 5
231 6
232 8
233 8
234 3
235 3
236 3
237 7
238 2
239 7
240 4
241 8
242 4
243 5
244 7
245 4
246 3
247 2
248 3
249 5
250 3
251 10
252 4
253 6
254 6
255 3
256 4
257 5
258 3
259 6
260 4
261 4
262 3
263 4
264 3
265 3
266 5
267 4
268 4
269 6
270 5
271 5
272 2
273 2
274 6
275 5
276 5
277 2
278 5
279 3
280 4
281 2
282 2
283 5
284 3
285 3
286 3
287 3
288 4
289 2
290 3
291 3
292 4
293 1
294 4
295 3
296 2
297 2
298 6
299 2
300 1
301 3
303 1
304 3
305 3
306 2
307 1
308 3
309 4
310 3
311 1
312 4
313 4
314 3
315 5
316 6
317 1
318 2
319 1
320 1
321 1
322 1
323 3
324 1
325 2
327 2
328 2
329 4
330 3
332 5
333 2
334 1
335 4
336 3
337 2
338 2
339 4
340 2
341 2
342 1
343 2
344 2
345 2
346 5
347 1
348 2
349 1
352 2
355 1
356 1
357 4
358 3
359 2
360 2
361 3
362 2
363 1
364 3
367 2
368 2
369 2
370 1
372 2
373 2
374 2
375 3
377 2
378 1
381 1
383 2
384 1
387 3
389 1
390 2
395 2
397 1
400 1
403 1
404 1
406 1
410 1
411 2
412 1
415 1
419 1
420 1
425 2
426 1
427 1
428 1
429 1
432 1
434 1
435 1
438 1
442 1
449 1
451 1
452 1
453 1
455 1
465 1
482 1
483 1
501 1
504 1
535 1
601 1
643 1
654 1
690 1
703 1
807 1
817 1
822 1
864 1
878 1
895 1
902 1
908 1
912 2
939 1
956 1
977 1
981 1
992 1
994 1
1232 1
1288 1
1310 1
1350 1
