N J h mean_R_sq err_mean_R_sq mean_R_gyr_sq err_mean_R_gyr_sq 
2916 1.286 0 36380.7 1504.06 5175.42 134.826
0 1
1 5
2 4
3 9
4 5
5 4
6 1
7 6
8 1
9 4
10 7
11 3
12 7
13 2
14 3
15 3
16 2
17 5
18 4
19 4
20 5
21 8
22 6
23 2
24 3
26 4
27 3
28 8
29 6
30 4
31 8
32 8
33 5
34 3
35 8
36 8
37 5
38 4
39 2
40 8
41 5
42 3
43 6
44 2
45 9
46 5
47 7
48 9
49 5
50 5
51 5
52 3
53 5
54 3
55 8
56 7
57 6
58 6
59 6
60 4
61 5
62 4
63 1
64 4
65 6
66 8
67 3
68 6
69 5
70 3
71 4
72 9
73 3
74 5
75 5
76 4
77 7
78 6
79 6
80 7
81 9
82 4
83 5
84 1
85 2
86 3
87 3
88 4
89 5
90 3
91 2
92 2
93 9
94 2
95 4
96 6
97 3
98 6
99 3
100 9
101 7
102 4
103 7
104 5
105 3
106 5
107 2
108 5
109 4
110 4
111 6
112 5
113 5
114 7
115 4
116 6
117 2
118 8
119 2
120 3
121 3
122 5
123 4
124 5
125 5
126 5
127 4
128 5
129 8
130 4
131 4
132 3
133 3
134 1
135 2
136 3
137 5
138 3
139 5
140 3
141 7
142 3
143 1
144 3
145 4
146 6
147 5
148 1
149 3
150 3
151 3
152 2
153 3
154 2
155 3
156 2
157 9
158 3
159 12
160 4
161 5
162 6
163 5
164 4
165 3
166 4
167 5
168 3
169 4
170 3
171 6
172 8
174 2
175 5
176 4
177 3
178 3
179 2
180 3
181 4
182 4
183 2
184 1
185 6
186 3
187 1
188 4
189 6
190 2
191 3
192 3
193 5
194 3
195 2
196 1
197 1
199 4
200 2
201 2
202 4
203 2
204 4
206 4
207 4
208 2
209 1
210 3
211 2
212 2
213 5
214 2
215 1
216 3
217 4
218 1
220 2
221 5
222 1
224 1
226 1
227 2
228 3
229 2
230 3
231 2
235 2
236 1
238 2
240 1
241 3
242 1
244 2
245 1
247 2
251 3
253 1
254 3
257 2
261 1
262 1
263 2
264 1
265 1
269 1
270 1
272 1
273 4
274 2
275 2
278 1
280 2
281 1
283 1
284 1
285 1
289 1
290 1
291 1
294 1
296 1
306 1
307 1
326 2
349 1
354 1
371 1
