N J h mean_R_sq err_mean_R_sq mean_R_gyr_sq err_mean_R_gyr_sq 
1600 1.31 0 12044.5 224.092 1874.36 20.6446
0 10
1 11
2 22
3 16
4 10
5 18
6 22
7 10
8 13
9 16
10 22
11 22
12 17
13 15
14 20
15 19
16 18
17 20
18 20
19 15
20 13
21 14
22 19
23 18
24 19
25 18
26 23
27 22
28 17
29 14
30 14
31 20
32 9
33 13
34 21
35 10
36 21
37 13
38 19
39 15
40 21
41 16
42 19
43 14
44 14
45 16
46 25
47 18
48 21
49 11
50 16
51 8
52 22
53 18
54 16
55 18
56 16
57 15
58 7
59 17
60 9
61 24
62 14
63 21
64 14
65 15
66 12
67 18
68 13
69 10
70 10
71 14
72 14
73 13
74 18
75 15
76 8
77 9
78 12
79 13
80 13
81 19
82 12
83 12
84 19
85 15
86 12
87 15
88 14
89 10
90 21
91 17
92 11
93 19
94 9
95 11
96 15
97 14
98 11
99 13
100 7
101 11
102 10
103 9
104 18
105 9
106 9
107 9
108 8
109 12
110 6
111 13
112 6
113 17
114 6
115 6
116 11
117 7
118 4
119 8
120 6
121 5
122 9
123 8
124 5
125 3
126 5
127 5
128 7
129 10
130 10
131 8
132 4
133 4
134 6
135 4
136 7
137 7
138 6
139 5
140 5
141 2
142 6
143 3
144 8
145 3
146 3
147 6
148 11
149 1
150 4
151 3
152 3
153 6
154 3
155 2
156 1
157 2
158 3
159 2
160 4
161 4
162 3
163 4
164 2
165 2
166 3
167 4
168 1
169 2
170 2
171 1
172 2
173 2
174 2
175 1
177 1
179 1
182 1
183 1
184 2
186 2
189 1
190 1
191 1
192 1
193 1
194 1
195 1
203 1
207 1
210 1
221 1
