N J h mean_R_sq err_mean_R_sq mean_R_gyr_sq err_mean_R_gyr_sq 
4900 1.305 0 72918.3 8511.87 10990.8 1246.39
0 2
1 6
2 10
3 6
4 4
5 9
6 7
7 4
8 10
9 6
10 7
11 9
12 8
13 9
14 9
15 11
16 11
17 10
18 7
19 7
20 7
21 7
22 7
23 3
24 7
25 9
26 12
27 3
28 7
29 4
30 7
31 7
32 8
33 4
34 16
35 5
36 7
37 3
38 6
39 10
40 4
41 7
42 9
43 10
44 6
45 6
46 4
47 4
48 8
49 7
50 7
51 5
52 12
53 6
54 5
55 10
56 9
57 5
58 7
59 3
60 4
61 6
62 5
63 1
64 9
65 4
66 6
67 7
68 12
69 6
70 6
71 6
72 7
73 7
74 8
75 8
76 2
77 7
78 9
79 7
80 9
81 9
82 6
83 7
84 7
85 2
86 13
87 6
88 10
89 6
90 6
91 10
92 10
93 7
94 10
95 2
96 6
97 7
98 10
99 5
100 7
101 11
102 3
103 9
104 8
105 7
106 5
107 9
108 7
109 9
110 4
111 10
112 8
113 4
114 4
115 8
116 5
117 11
118 11
119 5
120 6
121 13
122 7
123 5
124 5
125 7
126 4
127 7
128 12
129 3
130 5
131 9
132 4
133 5
134 3
135 11
136 7
137 7
138 8
139 5
140 3
141 7
142 7
143 5
144 3
145 5
146 11
147 11
148 7
149 5
150 8
151 5
152 7
153 6
154 3
155 7
156 12
157 5
158 10
159 9
160 9
161 6
162 7
163 6
164 7
165 9
166 4
167 8
168 3
169 7
170 6
171 3
172 6
173 5
174 6
175 7
176 9
177 8
178 6
179 4
180 6
181 4
182 10
183 4
184 2
185 3
186 5
187 5
188 10
189 6
190 8
191 9
192 6
193 11
194 7
195 7
196 7
197 7
198 4
199 6
200 6
201 7
202 6
203 5
204 6
205 7
206 8
207 10
208 6
209 11
210 10
211 5
212 3
213 9
214 5
215 6
216 6
217 5
218 8
219 6
220 7
221 6
222 4
223 5
224 7
225 6
226 8
227 7
228 11
229 5
230 4
231 3
232 5
233 7
234 7
235 8
236 4
237 4
238 7
239 6
240 3
241 5
242 4
243 4
244 6
245 6
246 10
247 8
248 4
249 2
250 4
251 8
252 5
253 6
254 1
255 4
256 6
257 5
258 3
259 3
260 2
261 6
262 4
263 5
264 4
265 6
266 4
267 3
268 3
269 3
270 7
271 6
272 4
273 6
274 4
275 1
276 3
277 5
278 4
279 3
280 2
281 1
282 4
283 3
284 7
285 2
286 2
287 1
288 5
289 5
290 3
291 3
293 1
294 5
295 7
296 3
297 2
298 3
299 2
300 4
301 2
302 4
303 1
304 1
305 3
306 3
307 3
308 4
309 1
310 3
311 5
313 1
314 2
315 1
316 2
317 1
318 3
319 1
320 4
321 3
322 1
323 3
324 1
325 4
326 1
327 3
328 2
332 1
333 2
334 3
335 2
337 1
339 2
340 1
343 1
346 1
347 1
348 2
349 2
352 1
353 1
354 1
356 2
359 1
360 2
363 1
364 2
365 2
366 1
369 1
371 1
372 1
373 1
375 1
378 3
380 1
383 1
384 3
385 1
390 1
391 1
394 1
395 2
398 1
400 1
402 1
406 1
407 1
408 1
409 1
414 1
415 1
418 1
425 1
428 2
439 2
453 1
