N J h mean_R_sq err_mean_R_sq mean_R_gyr_sq err_mean_R_gyr_sq 
2500 1.314 0 22377.3 523.439 3426.88 52.2308
0 10
1 18
2 9
3 16
4 14
5 5
6 14
7 8
8 19
9 16
10 20
11 15
12 10
13 12
14 13
15 10
16 14
17 13
18 9
19 16
20 10
21 12
22 10
23 12
24 10
25 9
26 13
27 16
28 15
29 16
30 13
31 13
32 7
33 10
34 10
35 9
36 14
37 13
38 20
39 14
40 14
41 12
42 11
43 14
44 13
45 16
46 12
47 14
48 6
49 13
50 18
51 17
52 6
53 16
54 11
55 12
56 14
57 14
58 14
59 20
60 11
61 14
62 15
63 16
64 9
65 17
66 8
67 17
68 13
69 12
70 10
71 14
72 14
73 10
74 12
75 12
76 12
77 10
78 6
79 13
80 7
81 9
82 17
83 11
84 11
85 12
86 6
87 8
88 11
89 12
90 6
91 14
92 20
93 8
94 7
95 8
96 5
97 12
98 7
99 7
100 10
101 17
102 9
103 8
104 14
105 14
106 8
107 10
108 13
109 17
110 7
111 12
112 8
113 5
114 6
115 8
116 6
117 9
118 7
119 9
120 8
121 11
122 9
123 15
124 10
125 12
126 8
127 7
128 16
129 12
130 7
131 10
132 10
133 10
134 7
135 11
136 10
137 6
138 8
139 5
140 14
141 11
142 5
143 5
144 9
145 14
146 8
147 7
148 5
149 11
150 9
151 6
152 5
153 3
154 7
155 1
156 3
157 7
158 4
159 5
160 6
161 9
162 10
163 2
164 6
165 5
166 4
167 7
168 5
169 9
170 8
171 8
172 7
173 4
174 5
175 3
176 3
177 3
178 5
179 3
180 2
181 6
182 4
183 5
184 1
185 7
186 4
187 1
188 4
189 2
190 5
191 4
192 3
193 1
194 3
196 4
197 1
198 3
199 7
200 2
201 3
203 2
204 1
205 3
206 1
207 6
208 1
209 3
210 2
211 3
212 3
216 3
217 2
218 1
219 2
220 1
221 2
225 2
227 2
228 1
229 2
230 1
231 1
232 1
234 1
235 1
237 1
238 3
239 2
241 2
243 1
249 1
250 1
253 2
259 1
260 1
278 1
281 1
285 1
296 1
300 1
309 1
311 1
