N J h mean_R_sq err_mean_R_sq mean_R_gyr_sq err_mean_R_gyr_sq 
2916 1.3 0 35096.4 2435.7 5109.87 279.926
1 3
2 4
3 4
4 4
5 2
6 5
7 7
8 3
9 3
10 5
11 5
12 8
13 8
14 6
15 8
16 5
17 1
18 3
19 6
20 7
21 5
22 3
23 4
24 5
25 4
26 1
27 6
28 5
29 5
30 2
31 2
32 6
33 6
34 5
35 1
36 2
37 6
38 8
39 9
40 5
41 3
42 7
43 4
44 7
45 11
46 7
47 4
48 8
49 5
50 2
51 6
52 5
53 8
54 4
55 4
56 5
57 3
58 7
59 4
60 2
61 8
62 5
63 10
64 8
65 4
66 4
67 6
68 3
69 8
70 3
71 4
72 7
73 3
74 4
75 8
76 3
77 6
78 7
79 4
80 3
81 7
82 3
83 3
84 6
85 6
86 8
87 6
88 6
89 8
90 8
91 5
92 4
93 6
94 5
95 8
96 5
97 4
99 4
100 3
101 4
102 10
103 2
104 9
105 6
106 2
107 3
108 6
109 7
110 7
111 8
112 5
113 5
114 3
115 3
116 3
117 7
118 5
119 4
120 4
121 3
122 6
123 5
124 4
125 10
126 4
127 8
128 8
129 3
130 4
131 6
132 4
133 4
134 4
135 5
136 6
137 5
138 3
139 2
140 2
141 3
142 4
143 5
144 3
145 1
146 2
147 4
148 2
149 10
150 4
151 7
152 4
153 2
154 4
155 1
156 2
157 3
158 3
159 3
160 3
161 4
162 6
163 8
164 1
165 2
166 1
167 2
168 6
169 5
170 3
171 8
172 3
173 2
174 2
175 1
176 3
177 3
180 3
181 2
182 2
184 1
185 2
186 2
187 3
188 4
189 3
190 2
192 1
193 1
194 3
195 5
196 4
197 2
198 3
199 1
200 4
201 1
202 1
203 2
204 3
205 2
206 2
207 2
208 3
209 4
212 2
213 2
214 2
215 1
216 1
217 3
218 2
219 1
220 1
221 1
222 3
223 2
224 1
226 2
227 3
228 1
229 1
230 2
231 7
233 2
235 1
236 3
238 1
239 2
240 2
242 2
245 1
247 1
248 1
249 1
251 1
255 1
257 1
260 1
262 1
263 1
264 1
269 2
270 3
271 1
272 1
273 2
275 1
278 1
279 1
284 1
285 3
286 1
290 1
295 1
296 1
300 1
301 1
304 2
306 1
310 1
312 1
316 1
321 1
332 1
335 1
343 1
361 1
363 1
