N J h mean_R_sq err_mean_R_sq mean_R_gyr_sq err_mean_R_gyr_sq 
3600 1.315 0 39267.8 1319.17 5754.48 141.788
0 10
1 8
2 11
3 7
4 9
5 4
6 9
7 10
8 8
9 10
10 11
11 10
12 7
13 11
14 5
15 12
16 3
17 11
18 9
19 9
20 9
21 12
22 10
23 9
24 8
25 15
26 13
27 11
28 8
29 14
30 12
31 11
32 11
33 10
34 13
35 5
36 10
37 4
38 7
39 12
40 7
41 12
42 7
43 19
44 12
45 9
46 13
47 7
48 6
49 11
50 11
51 8
52 10
53 9
54 14
55 8
56 6
57 10
58 9
59 9
60 16
61 17
62 9
63 10
64 9
65 7
66 13
67 6
68 7
69 7
70 11
71 12
72 7
73 6
74 13
75 12
76 6
77 16
78 17
79 10
80 10
81 9
82 4
83 12
84 12
85 13
86 6
87 4
88 8
89 12
90 12
91 8
92 7
93 9
94 4
95 13
96 8
97 10
98 10
99 8
100 8
101 7
102 10
103 10
104 6
105 8
106 9
107 8
108 10
109 6
110 11
111 10
112 11
113 11
114 7
115 7
116 8
117 6
118 7
119 10
120 8
121 6
122 5
123 5
124 9
125 13
126 5
127 13
128 9
129 8
130 4
131 10
132 7
133 12
134 7
135 4
136 5
137 5
138 11
139 11
140 8
141 10
142 12
143 11
144 11
145 7
146 8
147 11
148 8
149 6
150 7
151 6
152 8
153 11
154 3
155 10
156 11
157 5
158 5
159 9
160 6
161 4
162 4
163 10
164 7
165 7
166 3
167 4
168 4
169 6
170 6
171 6
172 5
173 7
174 6
175 6
176 5
177 11
178 6
179 8
180 8
181 6
182 3
183 5
184 6
185 8
186 9
187 5
188 9
189 3
190 5
191 7
192 4
193 6
194 5
195 4
196 7
197 6
198 6
199 6
200 6
201 8
202 2
203 3
204 5
205 4
206 5
207 2
208 5
209 3
210 4
211 5
212 3
213 11
214 3
215 4
216 4
217 6
218 3
219 6
220 2
221 7
222 6
223 5
224 3
225 4
226 5
227 3
228 3
229 1
231 2
233 5
234 2
235 1
236 2
237 1
238 4
239 1
240 6
241 3
242 3
243 1
244 5
245 6
246 5
247 3
248 1
249 4
251 4
252 2
253 2
254 4
255 3
257 2
258 3
259 1
261 3
262 3
263 1
264 2
266 1
267 1
268 1
269 3
270 2
271 2
272 2
273 2
274 1
275 4
277 3
278 4
280 2
281 3
284 2
285 2
286 1
288 1
289 2
292 2
293 2
294 1
295 2
296 1
297 3
298 3
300 1
301 2
302 1
304 1
305 1
306 2
308 3
309 2
316 2
317 1
319 1
324 1
327 1
330 2
338 1
339 1
343 1
345 1
349 2
355 1
363 1
365 1
366 1
391 1
