N J h mean_R_sq err_mean_R_sq mean_R_gyr_sq err_mean_R_gyr_sq 
3600 1.295 0 45954.2 2729.33 6774.61 357.025
0 3
1 12
2 12
3 8
4 5
5 1
6 12
7 12
8 6
9 10
10 10
11 9
12 16
13 11
14 12
15 12
16 1
17 9
18 10
19 6
20 8
21 9
22 9
23 9
24 12
25 7
26 9
27 5
28 5
29 11
30 10
31 10
32 10
33 8
34 15
35 7
36 9
37 7
38 7
39 6
40 5
41 16
42 6
43 4
44 10
45 11
46 12
47 8
48 13
49 8
50 9
51 12
52 7
53 11
54 6
55 5
56 5
57 15
58 10
59 8
60 6
61 9
62 5
63 7
64 12
65 8
66 6
67 6
68 12
69 13
70 7
71 7
72 7
73 14
74 8
75 6
76 5
77 12
78 8
79 12
80 7
81 9
82 12
83 9
84 15
85 5
86 7
87 6
88 11
89 6
90 9
91 4
92 7
93 10
94 9
95 10
96 8
97 6
98 7
99 6
100 16
101 6
102 10
103 12
104 7
105 10
106 11
107 9
108 13
109 9
110 9
111 7
112 5
113 11
114 6
115 8
116 9
117 5
118 12
119 6
120 12
121 6
122 11
123 10
124 11
125 7
126 5
127 6
128 5
129 14
130 3
131 11
132 3
133 8
134 12
135 8
136 5
137 9
138 3
139 13
140 10
141 11
142 9
143 10
144 3
145 9
146 9
147 9
148 7
149 5
150 5
151 12
152 5
153 6
154 7
155 7
156 8
157 11
158 13
159 10
160 11
161 8
162 9
163 6
164 6
165 10
166 6
167 8
168 6
169 6
170 8
171 3
172 7
173 4
174 7
175 5
176 4
177 6
178 4
179 9
180 4
181 11
182 7
183 8
184 4
185 11
186 6
187 3
188 6
189 5
190 7
191 8
192 8
193 6
194 3
195 10
196 5
197 4
198 4
199 5
200 5
201 8
202 4
203 6
204 6
205 6
206 3
207 5
208 4
209 2
210 3
211 4
212 5
213 5
214 2
215 5
216 2
217 4
218 2
219 6
220 4
221 6
222 4
223 5
224 6
225 4
226 2
227 5
228 3
229 6
230 6
231 6
232 3
233 4
234 5
235 3
236 1
237 3
238 5
239 3
240 5
241 5
242 2
243 3
244 2
245 2
246 2
247 4
248 2
249 4
250 5
252 2
253 2
254 2
255 3
256 3
257 2
258 4
259 7
260 4
261 2
262 5
263 1
264 3
265 1
266 3
267 5
268 4
269 2
270 2
271 3
272 3
273 2
274 2
275 5
276 1
277 4
278 1
279 1
280 3
281 2
282 5
283 2
285 2
286 5
287 2
288 3
289 2
290 1
292 3
293 2
295 1
296 2
299 4
300 2
301 1
303 1
304 1
305 1
307 1
308 3
309 1
311 2
314 1
316 1
317 2
318 2
319 1
325 1
327 2
329 2
330 1
333 2
337 1
338 1
340 1
344 1
350 1
354 1
356 1
362 1
370 1
371 1
373 1
374 1
386 1
412 1
415 1
