N J h mean_R_sq err_mean_R_sq mean_R_gyr_sq err_mean_R_gyr_sq 
2916 1.307 0 30871.4 1794.7 4731.72 248.426
0 3
1 7
2 3
3 6
4 5
5 7
6 7
7 5
8 7
9 12
10 6
11 9
12 5
13 4
14 6
15 8
16 6
17 6
18 4
19 4
20 6
21 7
22 5
23 4
24 7
25 9
26 5
27 4
28 4
29 5
30 5
31 7
32 2
33 7
34 6
35 2
36 5
37 7
38 6
39 3
40 4
41 5
42 6
43 4
44 9
45 4
46 10
47 3
48 7
49 4
50 4
51 3
52 4
53 9
54 5
55 3
56 3
57 5
58 1
59 5
60 6
61 5
62 6
63 7
64 4
65 8
66 3
67 11
68 6
69 2
70 7
71 5
72 10
73 6
74 2
75 4
76 2
77 7
78 9
79 8
80 6
81 6
82 3
83 10
84 5
85 3
86 6
87 5
88 3
89 4
90 4
91 5
92 1
93 5
94 4
95 7
96 7
97 6
98 5
99 5
100 2
101 4
102 3
103 4
104 1
105 3
106 5
107 5
108 4
109 6
110 5
111 8
112 6
113 6
114 5
115 2
116 4
117 3
118 7
119 5
120 2
121 4
122 6
123 10
124 2
125 4
126 5
127 2
128 6
129 3
130 6
131 4
132 4
133 6
134 4
135 4
136 1
137 2
138 7
139 9
140 6
141 2
142 1
143 3
144 6
145 3
146 4
147 4
148 2
149 4
150 3
151 3
152 4
153 5
154 9
155 2
156 7
157 4
158 6
160 1
162 5
163 5
164 4
165 9
166 5
167 2
168 6
169 2
170 5
171 5
172 5
173 1
174 3
176 4
177 3
178 3
179 4
180 4
181 2
182 4
183 2
184 4
185 2
186 3
187 1
188 4
189 4
191 4
192 1
193 1
194 3
195 2
197 1
199 2
200 2
201 1
202 3
203 2
204 4
205 3
206 1
207 2
208 1
209 1
210 1
211 3
212 2
213 1
214 1
215 1
216 3
217 2
218 2
219 3
221 2
223 2
226 1
227 1
228 2
229 2
235 1
236 1
237 2
238 2
239 1
245 1
248 1
249 1
251 1
252 1
253 1
255 1
257 1
259 1
267 1
268 1
273 1
275 1
276 1
277 1
280 1
284 1
285 1
292 1
294 1
295 1
297 1
306 1
308 1
314 1
336 1
357 1
430 1
