N J h mean_R_sq err_mean_R_sq mean_R_gyr_sq err_mean_R_gyr_sq 
600 0.95 0 117.875 7.65086 4526.98 25.3163
102 1
186 1
219 1
255 1
262 1
289 1
294 1
296 1
304 1
312 1
314 1
324 1
329 1
330 1
333 1
335 1
338 1
345 2
346 1
348 1
352 1
354 1
355 1
357 1
369 1
373 1
385 1
388 1
393 1
410 1
411 1
412 1
416 1
421 1
423 1
424 1
425 1
426 2
428 1
433 2
435 1
436 1
437 1
438 2
442 1
446 1
449 1
451 1
452 1
455 1
456 2
458 1
460 1
462 1
465 1
468 2
472 1
473 1
477 1
480 1
481 2
483 1
486 1
488 1
493 1
495 1
500 1
502 1
503 1
504 1
511 1
517 2
519 1
522 3
525 1
526 1
529 1
531 1
533 1
537 1
540 1
542 1
543 1
546 1
550 1
551 1
555 1
557 1
561 1
564 1
566 2
569 2
572 1
573 1
576 2
577 2
582 3
587 1
589 1
593 2
597 1
598 2
601 1
603 1
604 1
605 1
611 1
613 1
618 1
619 1
621 1
622 1
623 1
633 1
638 1
643 1
644 3
648 2
653 1
654 2
655 1
656 2
659 1
660 1
663 1
664 1
666 1
668 3
675 1
688 1
689 1
691 1
692 1
696 1
698 1
699 2
706 1
711 1
719 1
722 1
724 2
725 1
733 1
734 1
737 1
739 1
740 1
743 1
750 1
753 1
755 1
762 1
764 1
776 1
780 1
787 1
788 1
791 1
793 1
794 1
798 1
800 1
804 1
823 1
837 1
906 1
910 1
927 1
928 1
963 1
965 1
1084 1
