N J h mean_R_sq err_mean_R_sq mean_R_gyr_sq err_mean_R_gyr_sq 
600 0.95 0 117.875 7.65086 4526.98 25.3163
1030 1
1041 1
1061 1
1063 1
1064 2
1075 1
1136 1
1138 1
1153 1
1155 1
1156 1
1157 2
1169 1
1171 1
1181 1
1184 1
1185 1
1198 1
1199 1
1217 1
1218 1
1222 1
1224 1
1225 1
1226 2
1227 1
1249 1
1252 1
1254 1
1261 1
1265 1
1269 1
1270 1
1271 1
1272 1
1278 1
1280 1
1282 1
1284 1
1291 1
1294 1
1296 3
1299 2
1302 2
1303 1
1304 1
1305 1
1306 2
1309 2
1311 3
1312 1
1313 2
1317 1
1318 1
1325 1
1326 1
1329 1
1331 1
1332 2
1334 1
1335 1
1336 1
1337 1
1338 1
1339 1
1343 1
1346 1
1347 1
1349 1
1354 2
1358 1
1360 3
1361 1
1367 1
1368 1
1369 1
1371 1
1374 1
1376 1
1377 1
1378 1
1379 1
1383 1
1385 2
1386 1
1388 1
1389 1
1390 1
1391 1
1392 2
1393 1
1399 2
1400 1
1401 2
1402 1
1403 2
1404 1
1407 1
1409 3
1410 1
1411 2
1412 1
1414 2
1415 1
1418 1
1420 2
1421 1
1423 2
1429 1
1432 1
1434 1
1436 1
1437 1
1438 2
1441 1
1443 1
1451 1
1456 1
1463 2
1464 1
1470 1
1472 2
1473 1
1474 2
1478 1
1483 2
1484 2
1485 1
1488 1
1489 1
1490 1
1491 1
1492 1
1493 1
1494 1
1496 1
1500 2
1501 1
1506 1
1509 1
1510 1
1511 1
1516 1
1524 1
1528 1
1529 1
1534 1
1539 1
1540 1
1545 1
1546 1
1547 1
1548 1
1555 1
1557 1
1559 1
1567 1
1570 1
1573 1
1579 1
1583 1
1592 1
1607 1
1639 1
1660 1
