N J h mean_R_sq err_mean_R_sq mean_R_gyr_sq err_mean_R_gyr_sq 
500 0.85 0 1095 73.4272 4101.6 80.4394
827 1
854 1
868 1
880 1
899 1
901 1
907 2
912 1
913 1
918 1
920 1
924 1
928 1
931 1
932 2
933 1
937 1
944 1
947 2
948 1
950 2
953 1
955 2
956 1
958 1
960 1
961 1
963 2
966 1
967 1
972 1
973 1
979 1
981 2
983 1
990 1
991 1
992 1
994 1
999 2
1001 1
1002 1
1004 1
1006 2
1007 2
1013 1
1015 1
1016 1
1027 1
1028 1
1029 1
1030 2
1032 1
1034 1
1036 1
1039 1
1043 3
1044 1
1046 2
1050 2
1054 2
1058 1
1062 1
1063 1
1067 1
1068 1
1069 1
1077 1
1083 2
1084 1
1089 1
1094 2
1098 1
1104 2
1106 1
1144 1
1149 1
1153 1
1169 1
1258 1
