N J h mean_R_sq err_mean_R_sq mean_R_gyr_sq err_mean_R_gyr_sq 
500 0.93 0 210.646 36.3225 3362.32 46.2999
1000 1
1001 1
1002 1
1007 1
1008 1
1011 1
1012 1
1015 1
1020 1
1025 1
1029 1
1031 1
1035 2
1039 1
1045 1
1046 1
1050 1
1055 1
1057 2
1075 1
1076 1
1084 1
1087 1
1088 1
1110 1
1111 1
1114 1
1123 1
1134 1
1136 1
1139 2
1146 1
1157 2
1158 1
1172 1
1178 1
1182 1
1191 1
1193 1
1198 1
1208 1
1211 1
1217 1
1223 1
1251 1
1254 1
1268 1
1270 1
1272 1
1274 1
1281 1
1283 1
1291 1
1298 1
1303 1
1304 1
1307 1
1311 1
1323 2
1330 1
1332 1
1336 1
1344 1
1358 1
1365 1
1368 2
1372 1
1373 1
1375 1
1378 1
1379 1
1380 1
1391 1
1393 1
1398 1
1399 2
1402 1
1405 1
1411 1
1417 1
1418 2
1419 1
1436 1
1460 1
1464 1
1467 1
1468 1
1469 1
1487 1
1504 1
1600 1
