N J h mean_R_sq err_mean_R_sq mean_R_gyr_sq err_mean_R_gyr_sq 
600 0.93 0 136.188 8.63448 4569.55 31.1674
239 1
246 1
261 1
318 1
359 1
360 1
369 1
379 1
384 1
396 1
401 1
402 1
420 1
428 1
429 1
432 1
443 1
448 1
450 1
454 1
456 2
458 1
463 1
465 1
468 2
477 1
483 1
484 1
490 1
491 2
496 1
498 1
499 2
501 1
504 2
507 1
509 1
510 1
513 1
515 1
516 2
520 1
521 1
524 1
526 1
530 1
536 1
542 1
544 1
545 2
555 2
556 1
557 2
559 1
560 1
561 1
562 3
564 1
565 1
569 1
574 1
575 1
576 2
584 1
586 1
587 1
588 1
590 1
592 1
593 1
596 2
599 2
601 2
602 2
604 1
608 1
609 1
613 1
614 1
615 2
617 2
620 3
625 1
631 1
632 2
633 1
634 1
637 1
638 2
639 1
640 3
642 2
646 2
648 1
649 1
650 1
651 1
653 1
656 1
659 1
665 1
673 1
674 1
678 3
680 1
685 1
688 2
689 2
698 1
705 1
706 1
712 1
715 1
722 1
725 1
731 2
732 1
737 1
739 1
741 1
742 1
744 1
755 1
759 1
760 1
768 1
769 1
771 1
779 1
780 2
783 1
792 1
794 1
796 1
801 2
805 1
807 1
809 1
814 1
817 1
824 1
829 1
833 1
836 1
837 1
845 1
852 1
861 1
862 1
878 1
879 1
888 1
892 1
898 1
899 1
903 1
920 1
922 1
950 1
955 1
960 1
1017 1
1091 1
1095 1
1132 1
1191 1
