N J h mean_R_sq err_mean_R_sq mean_R_gyr_sq err_mean_R_gyr_sq 
500 0.95 0 113.188 9.86119 3182.65 32.174
316 1
326 1
380 1
381 1
388 1
390 1
392 1
393 1
399 1
407 1
414 1
442 1
453 1
469 1
484 1
490 2
506 1
525 1
541 1
544 1
545 2
564 1
569 1
571 1
615 1
618 1
622 1
634 1
635 1
641 1
645 1
669 1
670 1
671 1
674 2
684 1
693 1
704 1
714 1
715 1
724 1
742 1
789 1
841 1
842 1
850 1
855 1
862 1
867 1
876 1
896 1
911 1
913 1
919 1
988 1
997 1
1013 1
1039 1
1043 1
1046 1
1117 1
1175 1
1197 1
1203 1
1207 1
1215 1
1248 1
1277 1
1352 1
1368 1
1385 1
1386 1
1402 1
1406 1
1409 1
1447 1
1451 1
1452 1
1453 1
1465 1
1485 2
1522 1
1526 1
1530 1
1548 1
1550 1
1558 1
1559 1
1571 1
1581 1
1621 1
1653 1
1663 2
1671 1
