N J h mean_R_sq err_mean_R_sq mean_R_gyr_sq err_mean_R_gyr_sq 
500 0.85 0 1095 73.4272 4101.6 80.4394
27 1
99 1
161 2
179 1
189 1
229 1
233 1
237 1
251 1
269 1
299 1
315 1
387 1
389 2
429 1
437 2
465 1
493 1
517 1
521 1
539 1
581 1
605 2
629 1
649 1
659 1
661 1
681 1
701 1
721 1
733 1
753 1
761 3
777 2
789 1
825 1
841 1
899 1
909 1
931 1
941 1
957 1
963 1
965 1
971 1
973 1
1011 1
1043 1
1053 1
1067 1
1085 1
1129 1
1139 1
1145 1
1201 1
1233 1
1235 1
1261 1
1299 1
1323 1
1365 1
1385 1
1409 2
1425 1
1429 1
1445 1
1449 1
1515 1
1541 1
1557 1
1569 1
1649 1
1653 1
1705 1
1713 1
1763 1
1809 1
1827 1
1945 1
1961 1
2017 1
2057 1
2393 1
2397 1
2421 1
2459 1
2651 1
2657 1
2849 1
2875 1
3069 1
