N J h mean_R_sq err_mean_R_sq mean_R_gyr_sq err_mean_R_gyr_sq 
600 0.85 0 1349.36 85.3674 6084.14 79.54
84 1
87 1
88 1
96 2
97 1
98 1
99 2
100 1
102 2
103 1
104 1
105 1
106 1
108 3
109 1
111 2
112 1
113 1
115 1
116 1
117 1
120 4
122 1
124 1
125 5
126 2
127 3
128 2
129 2
130 2
131 2
132 4
133 3
134 5
135 2
136 3
137 4
138 4
139 3
140 2
141 1
142 2
143 2
144 5
145 2
146 2
147 2
148 5
149 2
150 1
151 2
152 3
153 4
154 1
155 5
156 4
157 1
158 8
159 3
160 6
162 1
163 4
164 2
165 4
166 2
167 2
168 3
169 3
170 1
171 1
172 4
173 1
174 1
175 1
177 3
178 3
179 1
180 2
181 2
182 1
183 2
184 2
186 1
188 2
191 1
192 1
194 1
198 1
202 1
208 1
232 1
233 1
