N J h mean_R_sq err_mean_R_sq mean_R_gyr_sq err_mean_R_gyr_sq 
500 0.873 0 999.021 4.2319 454.528 0.89213
1000 4427
1001 3992
1002 3738
1003 3425
1004 3056
1005 2932
1006 2632
1007 2437
1008 2283
1009 2072
1010 1822
1011 1796
1012 1598
1013 1449
1014 1372
1015 1252
1016 1178
1017 1070
1018 1031
1019 961
1020 868
1021 741
1022 771
1023 644
1024 599
1025 538
1026 520
1027 504
1028 402
1029 416
1030 372
1031 332
1032 310
1033 284
1034 272
1035 235
1036 242
1037 203
1038 206
1039 172
1040 174
1041 159
1042 152
1043 148
1044 152
1045 127
1046 117
1047 103
1048 88
1049 85
1050 76
1051 74
1052 65
1053 67
1054 74
1055 74
1056 50
1057 70
1058 37
1059 45
1060 38
1061 39
1062 24
1063 20
1064 29
1065 23
1066 19
1067 12
1068 31
1069 24
1070 30
1071 16
1072 13
1073 17
1074 15
1075 19
1076 11
1077 10
1078 12
1079 18
1080 10
1081 7
1082 4
1083 19
1084 10
1085 6
1086 9
1087 8
1088 3
1089 3
1090 4
1091 6
1092 5
1093 3
1094 2
1095 4
1096 6
1097 8
1098 3
1099 5
1100 2
1102 2
1103 2
1104 3
1105 2
1106 3
1107 2
1108 1
1109 2
1111 1
1113 2
1114 1
1115 1
1116 2
1117 3
1118 3
1119 2
1120 1
1122 1
1125 1
1128 1
1131 1
1132 1
1134 2
1135 3
1136 1
1137 1
1138 1
1139 1
1142 1
1145 1
1149 1
1152 1
1160 1
1164 1
1168 2
1170 1
1173 1
1174 1
1225 1
1227 1
1238 1
