N J h mean_R_sq err_mean_R_sq mean_R_gyr_sq err_mean_R_gyr_sq 
600 0.879 0 1167.75 3.49826 661.979 1.07563
705 1
779 1
784 1
801 1
836 1
837 1
845 1
853 1
863 1
870 1
874 1
882 1
886 1
899 1
900 1
901 2
904 1
905 1
912 1
913 1
914 1
915 1
916 2
918 1
922 1
925 2
927 1
929 1
931 1
932 4
933 1
935 1
938 1
939 1
940 2
942 2
944 2
945 1
947 4
948 1
949 1
954 2
962 2
963 2
964 1
965 2
966 1
967 1
969 3
970 1
971 2
972 2
973 1
975 3
976 2
977 2
979 2
981 2
982 1
984 2
985 1
986 1
987 4
988 1
989 2
991 2
992 3
993 2
994 3
995 2
998 2
999 2
1000 1
1001 1
1002 1
1003 3
1004 2
1005 6
1006 1
1007 3
1008 3
1009 4
1010 1
1011 3
1012 3
1013 2
1014 2
1015 1
1016 2
1017 3
1018 6
1019 2
1020 2
1021 3
1022 1
1023 1
1024 2
1026 2
1027 2
1028 2
1029 2
1030 4
1033 4
1034 3
1035 2
1037 4
1038 6
1039 2
1040 6
1041 7
1042 3
1043 7
1044 6
1045 6
1046 3
1047 6
1048 4
1049 6
1051 8
1052 3
1054 6
1055 4
1056 3
1057 3
1058 3
1059 6
1060 4
1061 6
1062 4
1063 2
1064 6
1065 2
1066 4
1067 4
1068 5
1069 2
1070 5
1071 5
1072 3
1073 8
1074 5
1075 4
1076 3
1077 8
1078 10
1079 4
1080 11
1081 6
1082 8
1083 9
1084 8
1085 8
1086 3
1087 3
1088 8
1089 8
1090 7
1091 9
1092 5
1093 4
1094 7
1095 9
1096 10
1097 5
1098 8
1099 12
1100 13
1101 11
1102 11
1103 4
1104 14
1105 14
1106 13
1107 13
1108 11
1109 10
1110 12
1111 8
1112 13
1113 10
1114 13
1115 8
1116 7
1117 10
1118 13
1119 10
1120 18
1121 8
1122 12
1123 14
1124 11
1125 14
1126 15
1127 17
1128 17
1129 19
1130 17
1131 25
1132 10
1133 18
1134 17
1135 14
1136 20
1137 9
1138 17
1139 11
1140 23
1141 11
1142 20
1143 18
1144 24
1145 22
1146 20
1147 18
1148 25
1149 32
1150 29
1151 31
1152 39
1153 31
1154 26
1155 28
1156 26
1157 30
1158 36
1159 34
1160 24
1161 27
1162 31
1163 33
1164 25
1165 29
1166 33
1167 26
1168 33
1169 33
1170 43
1171 40
1172 36
1173 36
1174 45
1175 49
1176 35
1177 48
1178 51
1179 47
1180 42
1181 39
1182 61
1183 41
1184 53
1185 56
1186 45
1187 52
1188 61
1189 45
1190 65
1191 47
1192 49
1193 55
1194 64
1195 64
1196 66
1197 72
1198 76
1199 64
1200 73
1201 80
1202 74
1203 84
1204 77
1205 81
1206 90
1207 99
1208 90
1209 79
1210 93
1211 101
1212 109
1213 97
1214 102
1215 91
1216 108
1217 130
1218 100
1219 101
1220 120
1221 130
1222 113
1223 121
1224 130
1225 125
1226 154
1227 122
1228 143
1229 125
1230 117
1231 144
1232 152
1233 163
1234 150
1235 156
1236 173
1237 164
1238 170
1239 182
1240 201
1241 177
1242 159
1243 177
1244 182
1245 195
1246 191
1247 203
1248 238
1249 202
1250 214
1251 235
1252 218
1253 215
1254 248
1255 242
1256 273
1257 246
1258 231
1259 284
1260 248
1261 272
1262 244
1263 299
1264 298
1265 238
1266 291
1267 320
1268 325
1269 317
1270 341
1271 335
1272 373
1273 345
1274 382
1275 358
1276 314
1277 359
1278 374
1279 356
1280 374
1281 380
1282 394
1283 397
1284 389
1285 422
1286 424
1287 447
1288 436
1289 463
1290 501
1291 489
1292 461
1293 450
1294 502
1295 475
1296 498
1297 468
1298 497
1299 517
1300 533
1301 515
1302 522
1303 533
1304 559
1305 572
1306 520
1307 532
1308 575
1309 604
1310 594
1311 598
1312 581
1313 624
1314 623
1315 647
1316 605
1317 672
1318 624
1319 694
1320 677
1321 701
1322 650
1323 668
1324 706
1325 695
1326 696
1327 686
1328 723
1329 739
1330 683
1331 779
1332 749
1333 708
1334 700
1335 680
1336 747
1337 691
1338 736
1339 744
1340 746
1341 794
1342 726
1343 730
1344 734
1345 738
1346 749
1347 734
1348 705
1349 723
1350 755
1351 738
1352 684
1353 721
1354 774
1355 763
1356 769
1357 765
1358 770
1359 732
1360 681
1361 739
1362 713
1363 726
1364 727
1365 702
1366 719
1367 711
1368 754
1369 665
1370 708
1371 645
1372 699
1373 682
1374 667
1375 676
1376 608
1377 684
1378 615
1379 569
1380 626
1381 608
1382 577
1383 578
1384 575
1385 578
1386 604
1387 608
1388 551
1389 528
1390 550
1391 551
1392 549
1393 473
1394 502
1395 519
1396 493
1397 471
1398 457
1399 480
1400 460
1401 454
1402 450
1403 437
1404 417
1405 406
1406 382
1407 379
1408 389
1409 404
1410 360
1411 350
1412 341
1413 341
1414 353
1415 317
1416 302
1417 299
1418 315
1419 317
1420 268
1421 270
1422 270
1423 290
1424 242
1425 260
1426 210
1427 224
1428 228
1429 225
1430 206
1431 199
1432 188
1433 185
1434 152
1435 168
1436 167
1437 176
1438 142
1439 150
1440 164
1441 129
1442 129
1443 138
1444 129
1445 125
1446 97
1447 114
1448 110
1449 83
1450 84
1451 73
1452 75
1453 86
1454 72
1455 70
1456 67
1457 73
1458 55
1459 59
1460 49
1461 59
1462 46
1463 50
1464 39
1465 47
1466 47
1467 39
1468 31
1469 33
1470 25
1471 37
1472 26
1473 25
1474 30
1475 19
1476 18
1477 20
1478 12
1479 26
1480 18
1481 16
1482 11
1483 11
1484 12
1485 19
1486 11
1487 12
1488 7
1489 12
1490 11
1491 9
1492 3
1493 9
1494 12
1495 5
1496 2
1497 3
1498 7
1499 5
1500 4
1501 4
1502 6
1503 7
1504 2
1505 5
1506 6
1507 3
1508 3
1509 2
1511 3
1512 4
1514 1
1515 1
1516 1
1517 3
1518 1
1520 1
1523 1
1524 1
1549 1
