N J h mean_R_sq err_mean_R_sq mean_R_gyr_sq err_mean_R_gyr_sq 
500 0.83 0 1169.53 3.85463 399.36 0.927939
1000 5226
1001 4629
1002 4163
1003 3813
1004 3393
1005 3086
1006 2805
1007 2421
1008 2244
1009 2003
1010 1791
1011 1567
1012 1445
1013 1267
1014 1164
1015 1012
1016 860
1017 831
1018 764
1019 699
1020 600
1021 581
1022 472
1023 402
1024 387
1025 354
1026 330
1027 299
1028 282
1029 207
1030 185
1031 174
1032 186
1033 141
1034 148
1035 102
1036 108
1037 105
1038 90
1039 83
1040 66
1041 63
1042 54
1043 54
1044 46
1045 43
1046 30
1047 37
1048 35
1049 22
1050 28
1051 19
1052 20
1053 21
1054 17
1055 5
1056 10
1057 6
1058 6
1059 8
1060 9
1061 10
1062 7
1063 8
1064 3
1065 4
1066 7
1067 5
1068 5
1069 4
1070 3
1071 1
1072 3
1074 2
1075 2
1076 2
1077 1
1078 3
1079 1
1081 1
1083 2
1084 1
1085 2
1089 1
1091 1
1098 1
1111 1
