N J h mean_R_sq err_mean_R_sq mean_R_gyr_sq err_mean_R_gyr_sq 
700 0.85 0 1591.3 6.339 778.538 1.87434
1000 5719
1001 4935
1002 4331
1003 3784
1004 3384
1005 2890
1006 2551
1007 2340
1008 1984
1009 1786
1010 1540
1011 1306
1012 1138
1013 965
1014 850
1015 839
1016 727
1017 601
1018 527
1019 489
1020 439
1021 352
1022 307
1023 262
1024 245
1025 208
1026 201
1027 163
1028 154
1029 116
1030 112
1031 92
1032 101
1033 74
1034 61
1035 62
1036 63
1037 44
1038 47
1039 33
1040 29
1041 29
1042 27
1043 23
1044 12
1045 15
1046 16
1047 16
1048 12
1049 13
1050 5
1051 5
1052 12
1053 11
1054 5
1055 5
1056 6
1057 5
1058 2
1059 7
1060 3
1061 2
1062 2
1063 4
1064 2
1065 3
1068 1
1069 1
1073 1
1077 1
1085 1
1088 1
