N J h mean_R_sq err_mean_R_sq mean_R_gyr_sq err_mean_R_gyr_sq 
400 0.894 0 707.326 7.68616 331.919 1.65292
552 1
553 1
555 1
559 1
568 1
577 1
613 1
616 1
618 1
623 1
628 1
630 1
635 1
638 1
658 1
660 1
668 1
669 2
670 1
674 1
676 1
681 1
682 1
690 2
693 1
695 2
698 1
699 2
700 3
702 1
703 2
707 1
708 1
709 1
713 1
714 3
717 1
720 1
721 1
722 2
724 2
727 1
728 1
729 1
730 2
731 2
732 3
734 1
735 2
738 3
739 1
740 3
741 2
742 1
744 1
745 1
746 2
748 1
749 3
750 2
751 1
752 1
754 1
756 4
757 1
758 2
759 1
760 1
761 3
762 2
763 4
764 1
765 3
766 3
767 1
768 1
769 4
771 2
773 1
774 2
775 3
776 2
777 2
778 2
779 2
781 1
782 1
783 2
784 5
785 2
786 6
787 5
788 2
789 3
790 3
791 2
793 3
794 3
795 3
796 5
797 1
798 4
799 5
800 4
801 3
802 5
803 5
804 7
805 2
806 5
807 6
808 3
809 5
810 2
811 3
812 4
813 7
814 5
815 2
816 5
817 7
818 10
819 6
820 7
821 4
822 4
823 5
824 5
825 7
826 5
827 6
828 5
829 7
830 3
831 7
832 4
833 8
834 13
835 7
836 7
837 9
838 7
839 11
840 10
841 7
842 4
843 15
844 5
845 12
846 9
847 13
848 9
849 9
850 7
851 13
852 11
853 13
854 16
855 11
856 5
857 6
858 11
859 11
860 12
861 9
862 20
863 12
864 15
865 12
866 11
867 10
868 10
869 11
870 12
871 15
872 17
873 14
874 15
875 17
876 9
877 15
878 13
879 16
880 18
881 16
882 20
883 17
884 13
885 16
886 21
887 16
888 8
889 20
890 17
891 18
892 12
893 9
894 18
895 20
896 16
897 18
898 12
899 24
900 16
901 13
902 20
903 19
904 16
905 20
906 21
907 29
908 16
909 16
910 19
911 14
912 15
913 20
914 27
915 26
916 18
917 22
918 27
919 26
920 18
921 15
922 19
923 25
924 25
925 26
926 28
927 24
928 27
929 23
930 27
931 25
932 29
933 23
934 27
935 26
936 26
937 16
938 32
939 27
940 41
941 28
942 31
943 33
944 27
945 26
946 27
947 27
948 41
949 27
950 28
951 38
952 28
953 27
954 32
955 30
956 35
957 26
958 19
959 32
960 26
961 40
962 32
963 32
964 31
965 19
966 31
967 31
968 28
969 37
970 35
971 34
972 29
973 35
974 35
975 44
976 28
977 33
978 32
979 29
980 28
981 26
982 33
983 32
984 30
985 30
986 42
987 28
988 34
989 38
990 34
991 41
992 19
993 31
994 22
995 30
996 27
997 32
998 30
999 31
1000 37
1001 41
1002 35
1003 27
1004 36
1005 29
1006 36
1007 35
1008 29
1009 25
1010 26
1011 38
1012 41
1013 26
1014 23
1015 36
1016 31
1017 28
1018 36
1019 25
1020 26
1021 34
1022 36
1023 27
1024 35
1025 36
1026 35
1027 28
1028 25
1029 42
1030 24
1031 41
1032 23
1033 24
1034 34
1035 43
1036 40
1037 26
1038 31
1039 28
1040 29
1041 34
1042 40
1043 21
1044 29
1045 27
1046 32
1047 28
1048 30
1049 26
1050 29
1051 29
1052 30
1053 37
1054 31
1055 33
1056 29
1057 24
1058 29
1059 26
1060 27
1061 30
1062 26
1063 24
1064 31
1065 24
1066 26
1067 30
1068 32
1069 13
1070 17
1071 22
1072 17
1073 30
1074 27
1075 30
1076 19
1077 17
1078 15
1079 21
1080 27
1081 18
1082 23
1083 25
1084 23
1085 15
1086 22
1087 14
1088 33
1089 25
1090 38
1091 15
1092 24
1093 18
1094 20
1095 22
1096 19
1097 16
1098 17
1099 13
1100 13
1101 13
1102 18
1103 26
1104 20
1105 19
1106 16
1107 23
1108 22
1109 12
1110 16
1111 18
1112 6
1113 15
1114 18
1115 11
1116 17
1117 16
1118 11
1119 12
1120 18
1121 14
1122 9
1123 7
1124 13
1125 13
1126 11
1127 14
1128 9
1129 7
1130 18
1131 10
1132 18
1133 14
1134 13
1135 15
1136 15
1137 9
1138 9
1139 12
1140 9
1141 18
1142 19
1143 11
1144 15
1145 16
1146 10
1147 12
1148 10
1149 14
1150 15
1151 7
1152 7
1153 5
1154 9
1155 8
1156 12
1157 9
1158 11
1159 13
1160 11
1161 8
1162 12
1163 8
1164 11
1165 8
1166 8
1167 9
1168 4
1169 5
1170 8
1171 4
1172 8
1173 7
1174 9
1175 11
1176 3
1177 4
1178 9
1179 4
1180 8
1181 4
1182 4
1183 2
1184 5
1185 4
1186 8
1187 6
1188 4
1189 7
1190 9
1191 6
1192 6
1193 13
1194 4
1195 8
1196 5
1197 4
1198 1
1199 6
1200 3
1201 5
1202 3
1203 1
1204 3
1205 3
1206 7
1207 3
1208 3
1209 3
1211 3
1212 3
1214 5
1215 3
1216 1
1217 1
1218 5
1219 2
1220 3
1221 1
1222 4
1223 2
1224 4
1225 1
1226 2
1227 4
1228 2
1229 1
1230 3
1231 2
1232 2
1233 4
1234 3
1235 4
1236 3
1237 2
1238 2
1239 3
1240 2
1241 1
1242 1
1243 1
1244 1
1245 1
1246 1
1247 1
1248 1
1249 3
1251 1
1252 1
1253 1
1254 1
1255 1
1256 5
1257 1
1258 1
1259 3
1260 1
1261 4
1262 2
1263 1
1264 1
1266 1
1268 1
1271 1
1273 1
1274 1
1275 1
1276 1
1277 1
1279 1
1280 1
1283 1
1284 3
1285 1
1287 1
1288 2
1291 2
1293 1
1294 2
1295 1
1297 1
1298 1
1304 1
1306 2
1312 1
1314 1
1315 1
1319 2
1323 2
1331 1
1339 1
1343 1
1344 1
1346 2
1351 1
1375 1
1383 1
1386 1
1393 1
1412 1
1421 1
1422 1
1450 1
1457 1
1464 1
