N J h mean_R_sq err_mean_R_sq mean_R_gyr_sq err_mean_R_gyr_sq 
550 0.898 0 888.247 12.8685 678.633 6.36066
467 1
486 1
516 1
558 1
575 1
576 1
602 1
603 1
608 1
611 1
618 1
625 1
628 1
633 1
636 1
637 1
641 1
645 1
650 1
655 1
656 1
658 2
663 2
665 2
667 1
668 2
670 2
672 2
676 1
678 1
679 1
682 1
683 1
686 1
691 1
694 1
698 3
706 2
707 2
708 2
710 2
715 1
716 4
722 1
723 1
724 1
725 1
726 1
731 2
732 1
734 1
737 1
738 2
739 3
740 1
741 1
743 3
744 2
745 1
746 2
747 1
752 3
754 1
755 2
756 1
757 1
758 3
759 2
760 1
761 1
763 3
764 1
766 1
767 4
768 1
770 4
771 2
772 4
773 2
775 1
776 1
777 5
779 3
780 2
782 2
783 2
784 1
786 2
788 2
790 1
791 2
793 2
794 3
795 2
796 1
797 2
798 1
799 5
801 4
803 6
804 2
805 1
806 4
807 1
808 6
809 3
810 4
811 1
812 7
813 2
815 4
816 1
817 1
818 2
819 6
820 1
821 2
822 4
823 1
824 3
825 5
826 7
827 5
828 2
829 2
830 2
831 3
832 3
833 5
834 3
835 1
836 3
837 2
838 7
839 2
840 6
841 4
842 4
843 5
845 5
846 3
847 5
848 4
849 7
850 5
851 5
852 3
853 6
854 5
855 3
856 4
857 8
858 11
859 9
860 7
861 7
862 7
863 9
864 6
865 3
866 13
867 6
868 5
869 4
870 5
871 4
872 9
873 9
874 10
875 11
876 6
877 6
878 5
879 16
880 9
881 8
882 12
883 8
884 10
885 7
886 9
887 8
888 4
889 9
890 14
891 9
892 5
893 11
894 11
895 10
896 12
897 8
898 12
899 5
900 7
901 12
902 11
903 9
904 16
905 16
906 14
907 10
908 10
909 12
910 15
911 10
912 11
913 13
914 14
915 19
916 11
917 15
918 17
919 9
920 12
921 22
922 11
923 12
924 18
925 12
926 10
927 13
928 12
929 18
930 14
931 17
932 19
933 15
934 15
935 19
936 16
937 17
938 17
939 14
940 13
941 10
942 20
943 14
944 20
945 15
946 12
947 15
948 27
949 18
950 16
951 19
952 17
953 27
954 25
955 19
956 15
957 30
958 24
959 21
960 22
961 10
962 18
963 23
964 17
965 18
966 10
967 15
968 10
969 12
970 19
971 16
972 17
973 22
974 27
975 17
976 18
977 21
978 19
979 15
980 18
981 20
982 11
983 23
984 20
985 27
986 14
987 16
988 27
989 18
990 20
991 21
992 24
993 26
994 13
995 15
996 21
997 21
998 23
999 12
1000 17
1001 22
1002 27
1003 31
1004 23
1005 17
1006 18
1007 17
1008 24
1009 28
1010 17
1011 24
1012 22
1013 20
1014 27
1015 15
1016 11
1017 22
1018 13
1019 23
1020 20
1021 16
1022 20
1023 15
1024 15
1025 22
1026 23
1027 18
1028 25
1029 15
1030 21
1031 12
1032 25
1033 14
1034 14
1035 22
1036 10
1037 21
1038 16
1039 18
1040 14
1041 13
1042 19
1043 22
1044 15
1045 13
1046 20
1047 13
1048 23
1049 15
1050 11
1051 23
1052 18
1053 14
1054 15
1055 18
1056 16
1057 10
1058 14
1059 13
1060 8
1061 15
1062 13
1063 12
1064 24
1065 13
1066 14
1067 10
1068 15
1069 14
1070 20
1071 13
1072 7
1073 15
1074 11
1075 11
1076 24
1077 13
1078 21
1079 7
1080 7
1081 12
1082 12
1083 8
1084 13
1085 16
1086 12
1087 13
1088 11
1089 8
1090 13
1091 11
1092 15
1093 15
1094 11
1095 13
1096 7
1097 13
1098 7
1099 14
1100 10
1101 15
1102 8
1103 6
1104 9
1105 12
1106 5
1107 8
1108 15
1109 9
1110 16
1111 5
1112 8
1113 9
1114 13
1115 6
1116 11
1117 11
1118 6
1119 7
1120 12
1121 13
1122 13
1123 5
1124 6
1125 5
1126 6
1127 4
1128 7
1129 3
1130 7
1131 6
1132 6
1133 5
1134 4
1135 7
1136 4
1137 12
1138 6
1139 5
1140 3
1141 6
1142 5
1143 2
1144 3
1145 4
1146 9
1147 2
1148 8
1149 3
1150 2
1151 4
1152 2
1153 5
1154 4
1155 8
1156 6
1157 5
1158 6
1159 5
1160 8
1161 3
1162 5
1163 5
1164 5
1165 6
1166 4
1167 3
1168 6
1169 4
1170 5
1171 2
1172 4
1173 5
1174 3
1175 1
1176 7
1177 2
1178 4
1179 2
1180 3
1181 5
1182 2
1183 4
1184 4
1185 3
1186 1
1187 5
1189 3
1190 3
1191 1
1192 1
1193 7
1194 2
1195 1
1196 1
1197 2
1198 4
1199 2
1200 1
1201 4
1202 1
1204 4
1205 2
1206 1
1207 3
1208 1
1209 3
1210 2
1211 4
1212 2
1213 1
1214 6
1215 3
1216 1
1217 4
1218 1
1219 1
1221 1
1222 1
1223 2
1224 3
1225 1
1227 2
1230 1
1231 1
1232 2
1233 2
1234 1
1235 2
1236 2
1238 1
1240 1
1242 2
1243 2
1245 4
1246 1
1247 2
1248 1
1249 1
1250 1
1251 2
1252 1
1253 1
1254 2
1255 2
1260 3
1261 1
1264 2
1267 1
1269 1
1270 1
1274 1
1275 1
1276 1
1277 2
1278 2
1279 2
1280 1
1281 1
1283 1
1284 2
1286 1
1287 2
1291 1
1295 1
1296 1
1301 2
1303 1
1305 1
1309 1
1313 2
1315 1
1322 1
1323 1
1325 1
1334 2
1336 1
1346 1
1351 1
1352 1
1367 1
1377 1
1378 1
1379 1
1386 1
1390 1
1397 2
1399 1
1430 1
1431 1
1433 1
1435 1
1436 1
1450 1
1462 1
1481 1
1488 1
1528 1
1553 1
1581 1
