N J h mean_R_sq err_mean_R_sq mean_R_gyr_sq err_mean_R_gyr_sq 
700 0.879 0 1371.15 5.34151 896.452 1.95171
736 1
752 1
779 1
791 1
792 1
798 1
800 1
812 1
819 1
820 1
841 1
852 1
853 1
854 1
855 1
862 1
869 1
873 1
874 2
878 1
880 1
882 1
885 1
888 1
889 1
897 1
898 3
900 1
902 1
904 3
905 1
906 1
910 1
911 1
912 2
914 1
915 1
916 2
917 1
919 1
921 2
923 1
925 3
929 1
932 2
933 1
934 2
935 1
936 3
939 1
940 2
942 1
944 3
945 2
947 2
948 1
949 2
950 1
951 1
953 2
954 4
956 2
959 1
960 1
961 1
962 2
963 1
964 4
965 3
968 2
969 1
970 1
971 1
973 3
974 3
975 2
976 2
978 1
979 1
980 2
981 3
982 1
984 1
985 4
986 3
987 2
988 1
991 3
995 1
996 2
997 2
998 5
999 2
1000 1
1001 4
1002 1
1003 3
1004 3
1005 2
1006 4
1007 1
1008 1
1009 2
1011 1
1012 2
1014 1
1016 2
1017 3
1018 3
1019 3
1020 3
1021 1
1022 2
1023 3
1024 5
1025 4
1026 2
1027 3
1028 6
1029 2
1030 2
1031 4
1032 2
1033 5
1034 2
1035 2
1036 3
1037 4
1038 4
1039 6
1040 5
1041 2
1042 4
1043 2
1044 3
1045 2
1046 2
1047 3
1048 2
1049 4
1050 10
1051 5
1052 1
1053 2
1054 7
1055 3
1056 6
1057 3
1058 5
1059 3
1060 8
1061 5
1062 6
1063 3
1064 5
1065 5
1066 4
1067 4
1068 2
1069 5
1070 4
1071 2
1072 10
1073 3
1074 5
1075 8
1076 8
1077 4
1078 7
1079 5
1081 6
1082 4
1083 10
1084 5
1085 9
1086 5
1087 5
1088 5
1089 7
1090 5
1091 4
1092 5
1093 9
1094 5
1095 8
1096 10
1097 3
1098 9
1099 5
1100 13
1101 13
1102 13
1103 7
1104 8
1105 7
1106 9
1107 14
1108 10
1109 7
1110 14
1111 10
1112 6
1113 7
1114 10
1115 11
1116 11
1117 7
1118 12
1119 14
1120 11
1121 10
1122 6
1123 14
1124 10
1125 15
1126 18
1127 11
1128 14
1129 11
1130 18
1131 14
1132 18
1133 17
1134 12
1135 14
1136 15
1137 14
1138 17
1139 14
1140 26
1141 20
1142 11
1143 15
1144 20
1145 15
1146 15
1147 16
1148 21
1149 21
1150 25
1151 20
1152 21
1153 25
1154 15
1155 20
1156 23
1157 18
1158 32
1159 27
1160 13
1161 26
1162 25
1163 29
1164 24
1165 27
1166 32
1167 34
1168 22
1169 31
1170 32
1171 29
1172 27
1173 38
1174 38
1175 21
1176 30
1177 32
1178 37
1179 34
1180 39
1181 47
1182 30
1183 47
1184 44
1185 31
1186 45
1187 45
1188 35
1189 49
1190 48
1191 50
1192 39
1193 43
1194 50
1195 56
1196 65
1197 63
1198 68
1199 67
1200 59
1201 57
1202 57
1203 47
1204 67
1205 74
1206 60
1207 82
1208 61
1209 68
1210 72
1211 77
1212 76
1213 97
1214 92
1215 83
1216 98
1217 89
1218 94
1219 82
1220 99
1221 103
1222 102
1223 105
1224 115
1225 95
1226 124
1227 126
1228 106
1229 115
1230 129
1231 127
1232 123
1233 125
1234 144
1235 132
1236 141
1237 134
1238 158
1239 161
1240 168
1241 153
1242 169
1243 168
1244 135
1245 166
1246 120
1247 184
1248 182
1249 188
1250 187
1251 184
1252 205
1253 201
1254 191
1255 226
1256 218
1257 222
1258 240
1259 243
1260 252
1261 231
1262 227
1263 282
1264 265
1265 266
1266 253
1267 278
1268 269
1269 263
1270 317
1271 273
1272 277
1273 319
1274 294
1275 317
1276 362
1277 347
1278 340
1279 345
1280 362
1281 380
1282 403
1283 371
1284 357
1285 360
1286 375
1287 381
1288 384
1289 398
1290 406
1291 396
1292 479
1293 407
1294 437
1295 418
1296 453
1297 452
1298 458
1299 453
1300 466
1301 476
1302 477
1303 509
1304 450
1305 526
1306 516
1307 579
1308 605
1309 531
1310 587
1311 574
1312 521
1313 598
1314 546
1315 572
1316 598
1317 570
1318 589
1319 603
1320 626
1321 594
1322 616
1323 607
1324 603
1325 631
1326 637
1327 640
1328 638
1329 665
1330 646
1331 676
1332 667
1333 654
1334 633
1335 681
1336 618
1337 658
1338 633
1339 695
1340 643
1341 660
1342 708
1343 663
1344 704
1345 694
1346 646
1347 701
1348 666
1349 670
1350 657
1351 656
1352 640
1353 685
1354 669
1355 632
1356 637
1357 595
1358 675
1359 619
1360 646
1361 674
1362 648
1363 638
1364 572
1365 570
1366 669
1367 644
1368 585
1369 627
1370 564
1371 601
1372 560
1373 590
1374 602
1375 578
1376 537
1377 544
1378 534
1379 536
1380 509
1381 512
1382 488
1383 505
1384 441
1385 475
1386 496
1387 439
1388 467
1389 467
1390 440
1391 412
1392 412
1393 417
1394 400
1395 378
1396 378
1397 384
1398 380
1399 390
1400 369
1401 327
1402 349
1403 322
1404 309
1405 312
1406 290
1407 333
1408 313
1409 316
1410 282
1411 233
1412 253
1413 245
1414 243
1415 212
1416 220
1417 202
1418 203
1419 200
1420 200
1421 186
1422 163
1423 166
1424 186
1425 151
1426 142
1427 138
1428 156
1429 143
1430 137
1431 123
1432 137
1433 113
1434 126
1435 108
1436 107
1437 102
1438 93
1439 105
1440 88
1441 78
1442 77
1443 88
1444 78
1445 71
1446 62
1447 59
1448 63
1449 47
1450 47
1451 58
1452 57
1453 49
1454 46
1455 28
1456 31
1457 36
1458 39
1459 37
1460 23
1461 25
1462 23
1463 28
1464 20
1465 16
1466 20
1467 20
1468 23
1469 14
1470 12
1471 10
1472 14
1473 12
1474 9
1475 14
1476 14
1477 15
1478 14
1479 8
1480 3
1481 5
1482 7
1483 2
1484 7
1485 5
1486 8
1487 6
1488 2
1490 4
1491 2
1492 1
1493 3
1494 5
1495 2
1496 2
1497 1
1499 3
1500 1
1502 2
1503 3
1504 1
1505 1
1506 1
1507 2
1509 1
1511 2
1512 1
1513 1
1518 1
1522 1
1543 1
