N J h mean_R_sq err_mean_R_sq mean_R_gyr_sq err_mean_R_gyr_sq 
400 0.891 0 719.356 7.21765 325.848 1.33684
1000 692
1001 682
1002 606
1003 625
1004 537
1005 539
1006 462
1007 471
1008 486
1009 420
1010 407
1011 353
1012 395
1013 374
1014 325
1015 312
1016 301
1017 278
1018 251
1019 208
1020 225
1021 191
1022 194
1023 190
1024 164
1025 172
1026 149
1027 156
1028 130
1029 136
1030 127
1031 104
1032 111
1033 107
1034 83
1035 113
1036 98
1037 79
1038 88
1039 89
1040 63
1041 52
1042 58
1043 49
1044 56
1045 59
1046 60
1047 51
1048 56
1049 46
1050 44
1051 36
1052 46
1053 35
1054 43
1055 39
1056 30
1057 34
1058 28
1059 24
1060 37
1061 33
1062 26
1063 31
1064 24
1065 18
1066 17
1067 29
1068 19
1069 20
1070 18
1071 12
1072 11
1073 14
1074 12
1075 8
1076 13
1077 9
1078 9
1079 10
1080 8
1081 5
1082 12
1083 8
1084 5
1085 5
1086 7
1087 9
1088 8
1089 3
1090 8
1091 6
1092 5
1093 12
1094 3
1095 7
1096 4
1097 6
1098 5
1099 9
1100 4
1101 3
1102 4
1103 5
1104 5
1105 5
1106 6
1107 6
1108 5
1109 6
1110 2
1111 4
1114 5
1116 4
1118 1
1119 1
1120 4
1121 2
1122 6
1123 1
1124 3
1125 3
1126 1
1129 1
1130 1
1131 3
1133 1
1134 2
1135 1
1136 1
1137 1
1139 2
1140 2
1141 2
1142 2
1144 2
1145 1
1146 1
1148 3
1149 1
1152 1
1154 1
1155 1
1157 2
1158 3
1159 3
1160 3
1165 1
1171 1
1172 1
1173 1
1176 2
1180 1
1181 3
1185 1
1192 1
1197 1
1200 1
1202 1
1213 1
1218 1
1219 1
1220 1
1245 1
1246 1
1249 1
1255 1
1265 1
1269 1
1283 1
1304 1
1309 1
