N J h mean_R_sq err_mean_R_sq mean_R_gyr_sq err_mean_R_gyr_sq 
550 0.93 0 192.347 2.30302 1601.87 3.18395
1000 58
1001 60
1002 51
1003 54
1004 41
1005 62
1006 55
1007 50
1008 49
1009 50
1010 31
1011 48
1012 34
1013 40
1014 41
1015 52
1016 46
1017 38
1018 48
1019 31
1020 39
1021 47
1022 40
1023 41
1024 37
1025 34
1026 43
1027 42
1028 37
1029 34
1030 38
1031 37
1032 35
1033 45
1034 41
1035 44
1036 39
1037 31
1038 33
1039 35
1040 50
1041 32
1042 24
1043 43
1044 31
1045 36
1046 45
1047 39
1048 47
1049 31
1050 31
1051 53
1052 35
1053 34
1054 39
1055 41
1056 40
1057 48
1058 35
1059 30
1060 40
1061 30
1062 36
1063 43
1064 41
1065 51
1066 51
1067 53
1068 42
1069 39
1070 34
1071 43
1072 40
1073 40
1074 43
1075 50
1076 61
1077 52
1078 56
1079 51
1080 45
1081 43
1082 42
1083 37
1084 59
1085 55
1086 57
1087 50
1088 46
1089 60
1090 50
1091 64
1092 68
1093 56
1094 63
1095 62
1096 50
1097 58
1098 64
1099 43
1100 52
1101 67
1102 57
1103 56
1104 55
1105 59
1106 70
1107 60
1108 80
1109 64
1110 55
1111 63
1112 60
1113 61
1114 68
1115 72
1116 71
1117 68
1118 55
1119 67
1120 60
1121 69
1122 72
1123 86
1124 69
1125 57
1126 74
1127 57
1128 77
1129 69
1130 75
1131 91
1132 72
1133 74
1134 87
1135 77
1136 79
1137 79
1138 89
1139 92
1140 75
1141 93
1142 91
1143 94
1144 77
1145 88
1146 95
1147 81
1148 101
1149 89
1150 93
1151 99
1152 90
1153 99
1154 91
1155 105
1156 95
1157 112
1158 97
1159 111
1160 91
1161 100
1162 92
1163 95
1164 118
1165 112
1166 105
1167 104
1168 98
1169 110
1170 106
1171 96
1172 102
1173 108
1174 102
1175 116
1176 103
1177 111
1178 101
1179 125
1180 122
1181 109
1182 111
1183 111
1184 113
1185 143
1186 118
1187 124
1188 126
1189 129
1190 120
1191 137
1192 142
1193 110
1194 134
1195 127
1196 126
1197 133
1198 142
1199 140
1200 142
1201 150
1202 131
1203 128
1204 123
1205 138
1206 141
1207 127
1208 126
1209 149
1210 127
1211 146
1212 144
1213 128
1214 139
1215 145
1216 154
1217 147
1218 152
1219 163
1220 143
1221 146
1222 152
1223 135
1224 126
1225 165
1226 129
1227 178
1228 146
1229 153
1230 134
1231 172
1232 133
1233 142
1234 150
1235 152
1236 147
1237 148
1238 141
1239 155
1240 154
1241 156
1242 142
1243 166
1244 151
1245 152
1246 156
1247 163
1248 134
1249 153
1250 158
1251 176
1252 156
1253 166
1254 146
1255 141
1256 151
1257 154
1258 136
1259 145
1260 128
1261 129
1262 175
1263 151
1264 139
1265 156
1266 175
1267 165
1268 139
1269 150
1270 146
1271 132
1272 145
1273 141
1274 159
1275 114
1276 136
1277 149
1278 140
1279 138
1280 143
1281 152
1282 157
1283 143
1284 141
1285 137
1286 120
1287 139
1288 134
1289 126
1290 152
1291 172
1292 152
1293 134
1294 150
1295 147
1296 136
1297 142
1298 123
1299 141
1300 162
1301 143
1302 126
1303 126
1304 143
1305 136
1306 125
1307 127
1308 135
1309 138
1310 115
1311 100
1312 134
1313 110
1314 109
1315 115
1316 124
1317 111
1318 97
1319 101
1320 114
1321 125
1322 131
1323 123
1324 111
1325 111
1326 103
1327 116
1328 129
1329 133
1330 102
1331 125
1332 118
1333 104
1334 104
1335 108
1336 113
1337 113
1338 99
1339 88
1340 117
1341 109
1342 110
1343 93
1344 109
1345 89
1346 95
1347 90
1348 71
1349 84
1350 97
1351 89
1352 88
1353 79
1354 93
1355 89
1356 89
1357 83
1358 103
1359 82
1360 80
1361 80
1362 79
1363 71
1364 73
1365 77
1366 83
1367 68
1368 81
1369 66
1370 78
1371 74
1372 57
1373 68
1374 76
1375 64
1376 59
1377 56
1378 61
1379 76
1380 74
1381 49
1382 44
1383 55
1384 55
1385 56
1386 47
1387 63
1388 43
1389 44
1390 45
1391 42
1392 48
1393 48
1394 39
1395 49
1396 49
1397 39
1398 37
1399 45
1400 49
1401 48
1402 39
1403 28
1404 36
1405 48
1406 34
1407 34
1408 34
1409 31
1410 20
1411 34
1412 30
1413 30
1414 32
1415 35
1416 32
1417 32
1418 29
1419 24
1420 35
1421 17
1422 18
1423 28
1424 21
1425 26
1426 23
1427 21
1428 17
1429 27
1430 20
1431 24
1432 19
1433 26
1434 22
1435 23
1436 19
1437 23
1438 20
1439 9
1440 18
1441 13
1442 19
1443 15
1444 14
1445 9
1446 11
1447 12
1448 16
1449 18
1450 11
1451 10
1452 11
1453 10
1454 5
1455 10
1456 11
1457 7
1458 18
1459 8
1460 9
1461 3
1462 10
1463 7
1464 3
1465 10
1466 6
1467 6
1468 7
1469 7
1470 2
1471 5
1472 7
1473 5
1474 3
1475 6
1476 4
1477 2
1478 4
1479 3
1480 5
1481 2
1482 3
1483 3
1484 4
1485 2
1486 2
1487 3
1488 2
1489 3
1490 1
1491 1
1492 2
1494 3
1495 1
1496 3
1497 3
1498 2
1500 2
1502 4
1503 2
1504 1
1506 1
1508 3
1509 1
1510 2
1512 1
1513 1
1515 1
1516 2
1522 2
1523 1
1525 1
1528 1
1531 2
1542 1
1546 1
1549 1
