N J h mean_R_sq err_mean_R_sq mean_R_gyr_sq err_mean_R_gyr_sq 
400 0.895 0 708.388 13.4016 335.765 3.43686
733 1
810 1
855 1
857 1
889 1
892 1
916 1
932 1
939 1
953 1
955 1
967 1
973 1
978 1
986 1
993 1
998 1
1005 1
1018 1
1019 1
1029 1
1031 1
1035 1
1037 1
1041 1
1044 1
1058 1
1062 1
1063 1
1064 1
1071 2
1074 1
1075 1
1076 1
1077 1
1081 2
1084 1
1086 2
1087 2
1088 1
1090 1
1092 1
1093 1
1095 1
1096 1
1098 1
1099 2
1100 1
1106 1
1110 2
1111 1
1112 1
1113 2
1115 1
1118 1
1119 2
1120 2
1123 1
1124 1
1126 1
1127 1
1129 1
1130 2
1131 2
1132 2
1133 1
1134 2
1135 2
1136 3
1137 2
1139 1
1140 5
1142 5
1143 1
1144 1
1146 1
1147 1
1148 2
1149 2
1150 1
1151 1
1152 1
1153 1
1154 3
1155 3
1157 2
1158 1
1159 3
1161 2
1162 2
1163 5
1164 5
1166 2
1167 3
1168 2
1169 5
1170 2
1171 1
1172 3
1173 1
1174 7
1175 5
1176 2
1177 3
1178 2
1180 2
1181 4
1182 2
1183 4
1184 2
1185 1
1187 7
1188 6
1189 1
1190 1
1191 4
1192 6
1194 6
1195 3
1196 6
1197 4
1198 6
1199 7
1200 3
1201 4
1202 2
1203 5
1204 4
1205 4
1206 1
1207 2
1208 5
1209 3
1210 3
1211 6
1212 4
1213 7
1214 4
1215 3
1216 2
1217 7
1218 5
1219 3
1220 12
1221 7
1222 5
1223 8
1224 3
1225 4
1226 6
1227 7
1228 8
1229 4
1230 7
1231 6
1232 6
1233 9
1234 6
1235 7
1236 5
1237 5
1238 3
1239 2
1240 8
1241 7
1242 3
1243 4
1244 7
1245 5
1246 5
1247 6
1248 3
1249 3
1250 5
1251 6
1252 4
1253 8
1254 6
1255 8
1256 7
1257 8
1258 4
1259 13
1260 11
1261 11
1262 8
1263 7
1264 7
1265 8
1266 11
1267 12
1268 8
1269 9
1270 6
1271 11
1272 9
1273 4
1274 9
1275 5
1276 8
1277 9
1278 14
1279 11
1280 7
1281 13
1282 9
1283 3
1284 7
1285 12
1286 8
1287 11
1288 7
1289 17
1290 12
1291 11
1292 13
1293 12
1294 10
1295 7
1296 10
1297 16
1298 6
1299 9
1300 16
1301 11
1302 13
1303 8
1304 20
1305 9
1306 18
1307 14
1308 14
1309 19
1310 12
1311 12
1312 18
1313 12
1314 16
1315 17
1316 7
1317 11
1318 13
1319 15
1320 16
1321 14
1322 8
1323 15
1324 14
1325 12
1326 13
1327 9
1328 13
1329 14
1330 10
1331 10
1332 13
1333 9
1334 13
1335 7
1336 11
1337 20
1338 7
1339 13
1340 12
1341 14
1342 12
1343 10
1344 17
1345 13
1346 10
1347 11
1348 4
1349 10
1350 16
1351 13
1352 14
1353 5
1354 13
1355 9
1356 9
1357 12
1358 5
1359 11
1360 13
1361 10
1362 13
1363 7
1364 19
1365 13
1366 10
1367 12
1368 6
1369 11
1370 16
1371 6
1372 6
1373 12
1374 10
1375 13
1376 6
1377 6
1378 8
1379 6
1380 4
1381 13
1382 13
1383 8
1384 13
1385 9
1386 8
1387 10
1388 10
1389 9
1390 6
1391 9
1392 8
1393 9
1394 10
1395 8
1396 12
1397 6
1398 7
1399 5
1400 4
1401 12
1402 9
1403 10
1404 4
1405 4
1406 5
1408 2
1409 6
1410 4
1411 4
1412 4
1413 4
1414 7
1415 10
1416 5
1417 4
1418 3
1419 11
1420 6
1421 3
1422 2
1423 3
1424 3
1425 3
1426 1
1427 5
1428 5
1429 5
1431 3
1432 1
1433 4
1434 5
1435 4
1436 3
1437 4
1438 3
1439 4
1440 3
1441 2
1442 2
1443 1
1444 3
1445 3
1446 2
1448 7
1449 1
1450 1
1451 2
1452 3
1453 4
1454 2
1457 1
1458 1
1461 1
1462 3
1464 1
1465 1
1466 2
1467 1
1468 1
1471 1
1472 1
1475 3
1477 1
1482 1
1489 2
1491 1
1499 2
1503 1
1505 1
1527 1
