N J h mean_R_sq err_mean_R_sq mean_R_gyr_sq err_mean_R_gyr_sq 
550 0.888 0 1008.99 4.69558 595.882 1.74382
1000 2555
1001 2396
1002 2238
1003 2005
1004 1877
1005 1689
1006 1540
1007 1527
1008 1398
1009 1243
1010 1177
1011 1102
1012 952
1013 942
1014 873
1015 833
1016 735
1017 736
1018 633
1019 555
1020 564
1021 538
1022 510
1023 437
1024 418
1025 357
1026 367
1027 357
1028 309
1029 323
1030 277
1031 260
1032 219
1033 259
1034 203
1035 196
1036 169
1037 153
1038 157
1039 135
1040 142
1041 148
1042 140
1043 115
1044 101
1045 106
1046 101
1047 71
1048 96
1049 83
1050 77
1051 58
1052 62
1053 70
1054 54
1055 61
1056 77
1057 60
1058 43
1059 42
1060 39
1061 55
1062 34
1063 45
1064 31
1065 40
1066 38
1067 30
1068 31
1069 37
1070 26
1071 24
1072 34
1073 18
1074 25
1075 25
1076 30
1077 23
1078 20
1079 13
1080 16
1081 13
1082 23
1083 15
1084 19
1085 19
1086 8
1087 13
1088 19
1089 17
1090 7
1091 10
1092 10
1093 10
1094 11
1095 7
1096 8
1097 7
1098 12
1099 4
1100 12
1101 6
1102 8
1103 6
1104 6
1105 5
1106 8
1107 12
1108 7
1109 11
1110 7
1111 7
1112 3
1113 7
1114 6
1115 7
1116 8
1117 4
1118 3
1119 1
1121 4
1122 6
1123 5
1124 3
1125 3
1126 2
1127 1
1128 3
1129 3
1130 1
1131 2
1132 3
1133 1
1134 3
1135 5
1136 4
1137 3
1138 3
1140 2
1141 2
1142 3
1143 1
1144 2
1145 1
1146 3
1148 3
1149 4
1150 5
1151 3
1153 3
1155 3
1156 1
1158 1
1159 4
1162 1
1163 2
1164 1
1165 1
1167 4
1168 3
1169 3
1170 2
1171 1
1172 1
1173 4
1174 3
1175 1
1176 1
1177 2
1178 4
1179 3
1181 1
1183 1
1185 2
1186 2
1188 1
1189 1
1190 2
1191 1
1192 1
1193 2
1194 3
1195 2
1196 1
1200 2
1202 3
1204 1
1205 1
1213 1
1215 1
1216 1
1220 1
1223 1
1224 2
1226 1
1230 1
1235 1
1236 1
1245 1
1266 1
1275 1
1287 1
1320 1
1321 1
1332 1
