N J h mean_R_sq err_mean_R_sq mean_R_gyr_sq err_mean_R_gyr_sq 
600 0.882 0 1162.36 15.4748 677.185 4.32138
1000 473
1001 424
1002 390
1003 348
1004 298
1005 274
1006 281
1007 237
1008 240
1009 229
1010 197
1011 167
1012 150
1013 136
1014 110
1015 119
1016 127
1017 87
1018 104
1019 95
1020 75
1021 64
1022 57
1023 62
1024 54
1025 63
1026 44
1027 37
1028 49
1029 37
1030 24
1031 31
1032 33
1033 24
1034 18
1035 21
1036 23
1037 25
1038 10
1039 16
1040 19
1041 12
1042 12
1043 12
1044 13
1045 13
1046 3
1047 11
1048 8
1049 10
1050 8
1051 9
1052 4
1053 4
1054 5
1055 5
1056 6
1057 4
1058 7
1059 5
1060 3
1061 7
1062 3
1063 1
1064 2
1065 1
1066 4
1067 2
1069 4
1070 1
1071 2
1072 1
1073 2
1074 2
1075 2
1076 1
1077 1
1079 2
1080 5
1081 1
1083 4
1086 1
1087 1
1089 1
1090 1
1091 2
1094 2
1095 1
1097 2
1098 1
1101 1
1105 1
1109 2
1111 1
1116 1
1122 1
1126 1
1127 1
1132 1
1149 1
1150 1
1171 1
