N J h mean_R_sq err_mean_R_sq mean_R_gyr_sq err_mean_R_gyr_sq 
700 0.86 0 1513.66 10.9866 811.072 2.65576
1000 3211
1001 2754
1002 2484
1003 2176
1004 1927
1005 1697
1006 1497
1007 1324
1008 1157
1009 1003
1010 896
1011 828
1012 725
1013 712
1014 575
1015 527
1016 448
1017 409
1018 340
1019 294
1020 257
1021 230
1022 198
1023 177
1024 174
1025 138
1026 131
1027 117
1028 93
1029 90
1030 92
1031 75
1032 69
1033 64
1034 47
1035 51
1036 37
1037 27
1038 33
1039 32
1040 18
1041 24
1042 28
1043 24
1044 19
1045 16
1046 14
1047 17
1048 7
1049 7
1050 13
1051 13
1052 3
1053 9
1054 7
1055 2
1056 5
1057 5
1058 4
1059 7
1060 5
1061 2
1062 2
1063 3
1064 3
1065 2
1066 2
1067 1
1068 2
1069 1
1070 1
1071 3
1073 1
1074 1
1075 2
1077 1
1078 1
1079 2
1080 1
1089 1
1095 1
1100 1
1112 1
1123 1
