N J h mean_R_sq err_mean_R_sq mean_R_gyr_sq err_mean_R_gyr_sq 
700 0.86 0 1524.29 3.50172 808.505 0.955388
983 1
1003 1
1033 2
1035 1
1044 1
1055 1
1057 1
1069 1
1073 1
1075 1
1086 1
1089 1
1090 1
1095 1
1096 1
1098 1
1101 1
1103 2
1104 2
1105 1
1106 2
1107 1
1109 1
1110 2
1112 1
1116 2
1118 2
1120 2
1122 3
1126 2
1128 3
1129 4
1130 1
1131 1
1132 1
1135 1
1136 3
1137 2
1138 1
1139 2
1140 3
1141 1
1142 5
1144 2
1145 1
1146 5
1147 2
1148 3
1149 2
1150 4
1151 5
1152 3
1153 4
1154 2
1155 3
1156 6
1157 4
1158 2
1159 3
1160 1
1161 4
1162 2
1163 6
1164 6
1165 5
1166 4
1167 9
1168 6
1169 5
1170 2
1171 7
1172 8
1173 10
1174 9
1175 6
1177 4
1178 9
1179 8
1180 3
1181 4
1182 11
1183 7
1184 8
1185 14
1186 8
1187 13
1188 7
1189 14
1190 9
1191 11
1192 11
1193 15
1194 14
1195 7
1196 9
1197 12
1198 18
1199 13
1200 12
1201 21
1202 13
1203 22
1204 16
1205 17
1206 19
1207 28
1208 17
1209 24
1210 21
1211 18
1212 20
1213 25
1214 28
1215 21
1216 28
1217 33
1218 32
1219 41
1220 28
1221 24
1222 35
1223 39
1224 45
1225 46
1226 47
1227 54
1228 39
1229 34
1230 53
1231 46
1232 50
1233 49
1234 51
1235 56
1236 72
1237 60
1238 69
1239 65
1240 60
1241 72
1242 73
1243 95
1244 81
1245 88
1246 95
1247 85
1248 86
1249 76
1250 96
1251 87
1252 115
1253 111
1254 124
1255 115
1256 115
1257 140
1258 115
1259 124
1260 153
1261 164
1262 130
1263 164
1264 158
1265 150
1266 158
1267 178
1268 182
1269 203
1270 194
1271 161
1272 197
1273 186
1274 214
1275 229
1276 240
1277 256
1278 246
1279 248
1280 257
1281 256
1282 288
1283 278
1284 292
1285 284
1286 322
1287 352
1288 320
1289 337
1290 286
1291 372
1292 388
1293 403
1294 378
1295 395
1296 409
1297 430
1298 442
1299 489
1300 489
1301 484
1302 527
1303 537
1304 490
1305 540
1306 585
1307 541
1308 588
1309 575
1310 583
1311 620
1312 597
1313 617
1314 659
1315 700
1316 684
1317 709
1318 731
1319 789
1320 803
1321 787
1322 800
1323 856
1324 786
1325 883
1326 864
1327 933
1328 922
1329 880
1330 871
1331 957
1332 930
1333 988
1334 974
1335 1022
1336 1098
1337 1070
1338 1032
1339 1072
1340 1061
1341 1026
1342 1095
1343 1138
1344 1179
1345 1230
1346 1227
1347 1251
1348 1186
1349 1172
1350 1272
1351 1274
1352 1296
1353 1290
1354 1323
1355 1291
1356 1346
1357 1306
1358 1275
1359 1394
1360 1405
1361 1380
1362 1380
1363 1401
1364 1391
1365 1382
1366 1445
1367 1423
1368 1414
1369 1469
1370 1546
1371 1435
1372 1434
1373 1482
1374 1467
1375 1488
1376 1474
1377 1470
1378 1404
1379 1462
1380 1454
1381 1472
1382 1444
1383 1465
1384 1430
1385 1387
1386 1463
1387 1320
1388 1460
1389 1362
1390 1424
1391 1439
1392 1412
1393 1421
1394 1382
1395 1362
1396 1386
1397 1358
1398 1282
1399 1324
1400 1271
1401 1284
1402 1285
1403 1217
1404 1286
1405 1185
1406 1209
1407 1163
1408 1117
1409 1167
1410 1127
1411 1122
1412 1163
1413 1054
1414 982
1415 982
1416 993
1417 982
1418 936
1419 951
1420 877
1421 926
1422 880
1423 775
1424 843
1425 821
1426 780
1427 783
1428 734
1429 676
1430 700
1431 672
1432 705
1433 670
1434 641
1435 605
1436 604
1437 606
1438 552
1439 549
1440 501
1441 484
1442 513
1443 504
1444 439
1445 436
1446 415
1447 402
1448 368
1449 389
1450 352
1451 349
1452 320
1453 352
1454 295
1455 292
1456 258
1457 257
1458 254
1459 273
1460 235
1461 243
1462 214
1463 202
1464 190
1465 199
1466 155
1467 147
1468 140
1469 162
1470 139
1471 141
1472 124
1473 105
1474 138
1475 79
1476 106
1477 113
1478 85
1479 78
1480 81
1481 80
1482 68
1483 76
1484 59
1485 69
1486 51
1487 51
1488 49
1489 48
1490 42
1491 43
1492 32
1493 27
1494 39
1495 19
1496 18
1497 27
1498 17
1499 23
1500 21
1501 23
1502 23
1503 10
1504 17
1505 19
1506 11
1507 13
1508 9
1509 4
1510 10
1511 9
1512 4
1513 10
1514 9
1515 6
1516 1
1517 4
1518 2
1519 8
1520 7
1521 7
1522 5
1523 3
1524 1
1526 5
1528 1
1529 2
1530 2
1532 1
1534 1
1537 1
1538 1
1543 2
1549 1
1563 1
