N J h mean_R_sq err_mean_R_sq mean_R_gyr_sq err_mean_R_gyr_sq 
400 0.91 0 600.213 5.32116 390.484 1.57023
1000 737
1001 733
1002 690
1003 630
1004 603
1005 598
1006 565
1007 541
1008 508
1009 519
1010 470
1011 417
1012 479
1013 416
1014 392
1015 368
1016 335
1017 364
1018 353
1019 323
1020 258
1021 249
1022 268
1023 240
1024 212
1025 236
1026 226
1027 250
1028 218
1029 199
1030 199
1031 213
1032 172
1033 166
1034 166
1035 136
1036 157
1037 133
1038 125
1039 117
1040 144
1041 111
1042 126
1043 120
1044 125
1045 111
1046 109
1047 109
1048 97
1049 86
1050 90
1051 71
1052 103
1053 63
1054 76
1055 69
1056 79
1057 64
1058 77
1059 62
1060 64
1061 61
1062 68
1063 51
1064 64
1065 48
1066 58
1067 63
1068 58
1069 49
1070 55
1071 42
1072 39
1073 51
1074 38
1075 46
1076 38
1077 45
1078 45
1079 36
1080 34
1081 36
1082 32
1083 35
1084 39
1085 26
1086 31
1087 33
1088 26
1089 27
1090 29
1091 28
1092 30
1093 25
1094 29
1095 31
1096 24
1097 28
1098 33
1099 24
1100 20
1101 26
1102 23
1103 16
1104 15
1105 17
1106 17
1107 22
1108 17
1109 26
1110 21
1111 23
1112 14
1113 15
1114 15
1115 16
1116 17
1117 14
1118 13
1119 19
1120 18
1121 18
1122 14
1123 16
1124 23
1125 18
1126 18
1127 18
1128 13
1129 13
1130 12
1131 9
1132 16
1133 8
1134 8
1135 15
1136 9
1137 15
1138 13
1139 10
1140 17
1141 17
1142 9
1143 11
1144 10
1145 11
1146 7
1147 7
1148 15
1149 9
1150 9
1151 5
1152 10
1153 10
1154 9
1155 7
1156 12
1157 5
1158 9
1159 7
1160 4
1161 4
1162 9
1163 6
1164 15
1165 9
1166 4
1167 6
1168 9
1169 10
1170 7
1171 15
1172 17
1173 5
1174 8
1175 6
1176 8
1177 5
1178 7
1179 8
1180 6
1181 8
1182 1
1183 8
1184 7
1185 4
1186 9
1187 3
1188 8
1189 10
1190 2
1191 10
1192 9
1193 6
1194 6
1195 6
1196 8
1197 1
1198 5
1199 4
1200 3
1201 5
1202 5
1204 3
1205 2
1206 3
1207 6
1208 3
1209 2
1210 2
1211 7
1212 5
1213 5
1214 6
1215 4
1216 1
1217 5
1218 5
1219 2
1220 9
1221 2
1222 5
1223 1
1224 2
1225 1
1226 3
1227 3
1228 2
1229 6
1231 3
1232 2
1233 6
1234 4
1236 3
1237 3
1238 4
1239 2
1240 4
1241 1
1242 1
1243 1
1244 1
1245 5
1247 3
1248 4
1249 5
1250 1
1251 2
1252 2
1253 2
1254 2
1255 1
1256 4
1257 1
1258 3
1259 2
1260 4
1261 2
1262 3
1263 2
1264 2
1265 2
1266 2
1267 3
1269 1
1270 3
1271 2
1272 3
1273 2
1274 2
1275 1
1276 3
1277 2
1278 2
1279 2
1280 2
1281 1
1283 1
1284 1
1286 2
1287 1
1289 1
1291 1
1292 1
1294 5
1295 2
1296 1
1300 1
1301 1
1302 4
1303 1
1305 1
1306 1
1310 1
1312 4
1314 1
1318 1
1319 2
1320 2
1321 1
1325 1
1331 2
1333 1
1342 1
1346 1
1357 1
1359 1
1362 1
1376 1
1386 1
1392 1
1393 1
1403 1
1408 1
