N J h mean_R_sq err_mean_R_sq mean_R_gyr_sq err_mean_R_gyr_sq 
600 0.876 0 1188.02 13.8019 655.801 4.25868
961 1
964 1
976 1
999 1
1030 1
1041 1
1044 1
1049 1
1050 2
1055 1
1060 1
1072 1
1078 1
1081 1
1084 1
1085 1
1091 1
1094 1
1095 2
1097 1
1099 2
1104 2
1108 1
1112 2
1114 1
1118 1
1119 1
1122 2
1123 1
1124 2
1127 3
1132 2
1134 1
1137 1
1138 2
1139 1
1140 1
1141 1
1143 2
1144 1
1146 1
1147 1
1148 1
1149 2
1152 1
1153 2
1154 2
1156 1
1157 3
1158 2
1159 1
1161 1
1162 2
1163 1
1164 2
1165 1
1166 3
1167 1
1168 2
1170 1
1171 2
1172 1
1174 3
1176 1
1177 1
1178 3
1179 3
1180 3
1181 2
1182 3
1183 3
1184 2
1185 4
1186 1
1187 2
1188 3
1189 1
1190 5
1191 1
1192 7
1193 4
1194 5
1195 7
1196 2
1197 4
1198 2
1199 1
1200 3
1201 5
1202 4
1203 4
1204 6
1205 3
1206 4
1207 2
1208 4
1209 5
1211 5
1212 3
1213 2
1214 5
1215 5
1216 5
1217 3
1218 1
1219 2
1220 5
1221 2
1222 4
1223 7
1224 8
1225 9
1226 6
1227 4
1228 4
1229 6
1230 4
1231 4
1232 6
1233 11
1234 7
1235 5
1236 4
1237 6
1238 8
1239 6
1240 8
1241 9
1242 13
1243 9
1244 8
1245 18
1246 4
1247 11
1248 7
1249 8
1250 10
1251 6
1252 8
1253 11
1254 9
1255 8
1256 12
1257 12
1258 12
1259 13
1260 14
1261 13
1262 13
1263 10
1264 16
1265 13
1266 11
1267 20
1268 20
1269 13
1270 18
1271 14
1272 14
1273 12
1274 17
1275 17
1276 30
1277 18
1278 19
1279 14
1280 20
1281 22
1282 19
1283 19
1284 18
1285 18
1286 24
1287 21
1288 29
1289 17
1290 13
1291 16
1292 22
1293 26
1294 19
1295 22
1296 38
1297 19
1298 26
1299 32
1300 24
1301 25
1302 29
1303 27
1304 29
1305 23
1306 37
1307 32
1308 40
1309 33
1310 24
1311 37
1312 32
1313 31
1314 41
1315 35
1316 31
1317 41
1318 28
1319 30
1320 31
1321 36
1322 46
1323 32
1324 31
1325 44
1326 43
1327 44
1328 37
1329 37
1330 34
1331 45
1332 36
1333 38
1334 45
1335 41
1336 37
1337 45
1338 41
1339 35
1340 38
1341 29
1342 43
1343 43
1344 45
1345 41
1346 37
1347 34
1348 43
1349 39
1350 48
1351 50
1352 44
1353 48
1354 38
1355 36
1356 50
1357 38
1358 40
1359 46
1360 44
1361 36
1362 41
1363 52
1364 36
1365 42
1366 55
1367 38
1368 37
1369 47
1370 34
1371 34
1372 30
1373 36
1374 37
1375 47
1376 32
1377 45
1378 46
1379 34
1380 45
1381 38
1382 33
1383 38
1384 41
1385 29
1386 35
1387 30
1388 26
1389 33
1390 38
1391 32
1392 36
1393 34
1394 32
1395 35
1396 28
1397 33
1398 23
1399 30
1400 40
1401 28
1402 29
1403 30
1404 15
1405 25
1406 30
1407 26
1408 32
1409 20
1410 24
1411 24
1412 24
1413 15
1414 21
1415 25
1416 19
1417 17
1418 17
1419 15
1420 21
1421 29
1422 14
1423 14
1424 11
1425 20
1426 12
1427 9
1428 15
1429 20
1430 22
1431 15
1432 12
1433 15
1434 11
1435 11
1436 9
1437 12
1438 16
1439 8
1440 12
1441 7
1442 9
1443 10
1444 6
1445 9
1446 8
1447 7
1448 9
1449 11
1450 11
1451 7
1452 6
1453 5
1454 4
1455 7
1456 5
1457 8
1458 5
1459 5
1460 4
1461 2
1462 6
1463 3
1464 3
1466 5
1467 1
1468 3
1469 1
1470 3
1471 2
1472 1
1473 2
1474 2
1475 2
1476 1
1477 5
1478 2
1479 4
1481 3
1487 2
1488 2
1489 1
1493 1
1496 2
1498 1
1500 1
1505 1
1511 1
1512 1
1518 1
