N J h mean_R_sq err_mean_R_sq mean_R_gyr_sq err_mean_R_gyr_sq 
700 0.891 0 1198.08 15.7179 1035.12 7.78553
1000 923
1001 839
1002 736
1003 614
1004 593
1005 530
1006 477
1007 482
1008 421
1009 393
1010 348
1011 319
1012 306
1013 259
1014 252
1015 227
1016 190
1017 177
1018 181
1019 174
1020 138
1021 147
1022 129
1023 133
1024 115
1025 119
1026 123
1027 93
1028 87
1029 84
1030 69
1031 78
1032 63
1033 60
1034 64
1035 57
1036 44
1037 50
1038 27
1039 34
1040 36
1041 32
1042 31
1043 33
1044 31
1045 34
1046 29
1047 29
1048 17
1049 23
1050 17
1051 23
1052 24
1053 28
1054 22
1055 20
1056 21
1057 14
1058 21
1059 17
1060 15
1061 8
1062 11
1063 13
1064 7
1065 14
1066 10
1067 6
1068 10
1069 6
1070 10
1071 10
1072 5
1073 7
1074 9
1075 9
1076 11
1077 9
1078 8
1079 8
1080 8
1081 6
1082 11
1083 5
1084 6
1085 7
1086 7
1087 13
1088 2
1089 7
1090 3
1091 7
1092 5
1093 13
1094 5
1095 2
1096 12
1097 3
1098 11
1099 8
1100 5
1101 1
1102 6
1103 4
1104 6
1105 4
1106 2
1107 3
1108 2
1109 5
1110 4
1111 4
1112 4
1113 2
1114 7
1115 3
1116 2
1117 3
1118 1
1119 4
1120 5
1121 1
1122 2
1123 5
1124 2
1125 1
1126 3
1127 8
1128 3
1129 1
1130 3
1131 1
1132 2
1133 7
1134 3
1135 4
1136 3
1137 2
1138 8
1139 2
1140 2
1141 1
1142 5
1144 4
1145 3
1146 2
1147 3
1149 3
1150 3
1151 6
1152 5
1154 3
1157 4
1158 2
1159 1
1161 2
1162 1
1163 2
1164 1
1165 3
1166 1
1167 2
1168 2
1169 1
1170 2
1171 1
1172 2
1173 1
1174 4
1175 2
1176 3
1177 2
1179 1
1180 3
1181 1
1182 1
1183 2
1184 1
1185 3
1186 2
1191 1
1192 1
1193 1
1195 2
1198 1
1199 3
1200 1
1202 1
1203 1
1204 2
1206 2
1207 1
1208 1
1210 2
1212 1
1216 1
1218 1
1219 2
1220 3
1221 2
1223 3
1225 2
1226 1
1228 1
1229 1
1230 1
1231 3
1235 1
1236 1
1237 1
1238 1
1239 2
1241 2
1242 1
1243 2
1244 1
1245 1
1248 1
1251 1
1253 2
1256 1
1257 1
1259 1
1260 1
1263 1
1266 3
1268 1
1273 2
1279 1
1284 2
1285 1
1286 1
1287 1
1296 1
1301 1
1313 1
1315 1
1323 1
1330 1
1343 1
1346 1
