N J h mean_R_sq err_mean_R_sq mean_R_gyr_sq err_mean_R_gyr_sq 
700 0.88 0 1365.73 10.5665 901.664 4.07131
711 1
792 1
811 1
835 1
850 1
854 1
857 1
887 1
895 1
901 1
906 1
909 1
917 1
919 1
940 1
943 1
951 1
953 2
958 1
965 2
969 1
977 1
986 1
989 1
998 2
999 1
1001 1
1003 1
1012 1
1014 1
1016 1
1017 1
1019 2
1021 1
1024 2
1025 1
1027 1
1028 1
1033 2
1035 1
1036 1
1038 3
1039 1
1041 1
1042 1
1044 1
1048 1
1053 1
1054 2
1056 1
1057 1
1060 1
1067 1
1070 1
1071 2
1072 1
1073 2
1075 2
1076 1
1078 3
1079 1
1080 2
1081 2
1083 1
1084 2
1085 3
1088 1
1090 1
1091 3
1092 4
1094 3
1095 1
1097 1
1098 2
1099 2
1100 1
1102 1
1103 1
1104 1
1105 2
1106 1
1107 1
1108 3
1109 3
1110 1
1112 4
1113 2
1114 1
1115 1
1117 1
1118 2
1119 1
1121 1
1122 4
1123 2
1124 4
1125 3
1126 1
1128 1
1129 3
1130 3
1131 3
1132 4
1133 3
1134 3
1136 1
1137 1
1138 6
1139 2
1140 2
1142 4
1143 4
1145 3
1146 1
1147 1
1149 7
1150 3
1151 2
1152 4
1153 4
1154 2
1155 4
1156 6
1157 8
1158 4
1159 3
1160 3
1161 5
1162 3
1163 3
1164 4
1165 4
1166 4
1167 4
1168 3
1169 2
1170 3
1171 7
1172 4
1173 1
1174 3
1175 6
1176 6
1177 5
1178 2
1179 5
1180 6
1181 7
1182 3
1183 9
1184 4
1185 8
1186 10
1187 11
1188 8
1189 5
1190 7
1191 4
1192 4
1193 11
1194 10
1195 11
1196 10
1197 6
1198 8
1199 8
1200 8
1201 11
1202 15
1203 11
1204 11
1205 6
1206 9
1207 13
1208 15
1209 9
1210 13
1211 14
1212 16
1213 14
1214 12
1215 11
1216 14
1217 16
1218 15
1219 14
1220 19
1221 26
1222 18
1223 17
1224 15
1225 21
1226 25
1227 27
1228 15
1229 13
1230 12
1231 17
1232 33
1233 17
1234 19
1235 20
1236 28
1237 21
1238 18
1239 24
1240 25
1241 24
1242 26
1243 21
1244 31
1245 22
1246 32
1247 20
1248 32
1249 30
1250 31
1251 31
1252 44
1253 40
1254 28
1255 26
1256 24
1257 22
1258 27
1259 36
1260 39
1261 36
1262 42
1263 32
1264 41
1265 42
1266 56
1267 44
1268 46
1269 42
1270 37
1271 40
1272 34
1273 50
1274 34
1275 43
1276 45
1277 38
1278 58
1279 46
1280 60
1281 49
1282 55
1283 61
1284 47
1285 67
1286 58
1287 54
1288 59
1289 69
1290 68
1291 60
1292 71
1293 58
1294 67
1295 60
1296 71
1297 58
1298 69
1299 67
1300 90
1301 66
1302 69
1303 73
1304 83
1305 74
1306 85
1307 92
1308 80
1309 100
1310 76
1311 87
1312 75
1313 82
1314 75
1315 97
1316 92
1317 93
1318 87
1319 84
1320 78
1321 121
1322 80
1323 97
1324 72
1325 103
1326 108
1327 79
1328 101
1329 86
1330 94
1331 91
1332 109
1333 104
1334 91
1335 103
1336 110
1337 102
1338 109
1339 100
1340 112
1341 124
1342 102
1343 90
1344 97
1345 106
1346 98
1347 91
1348 94
1349 89
1350 88
1351 102
1352 90
1353 101
1354 90
1355 73
1356 97
1357 92
1358 93
1359 85
1360 104
1361 103
1362 99
1363 94
1364 101
1365 87
1366 102
1367 83
1368 94
1369 96
1370 98
1371 78
1372 91
1373 88
1374 82
1375 93
1376 79
1377 77
1378 64
1379 88
1380 77
1381 66
1382 79
1383 85
1384 55
1385 61
1386 64
1387 70
1388 66
1389 59
1390 79
1391 70
1392 70
1393 57
1394 51
1395 50
1396 59
1397 59
1398 42
1399 48
1400 58
1401 46
1402 49
1403 38
1404 44
1405 55
1406 53
1407 46
1408 35
1409 31
1410 43
1411 37
1412 46
1413 33
1414 43
1415 30
1416 30
1417 31
1418 25
1419 37
1420 35
1421 34
1422 33
1423 27
1424 30
1425 20
1426 14
1427 26
1428 25
1429 19
1430 15
1431 14
1432 22
1433 15
1434 15
1435 18
1436 16
1437 17
1438 15
1439 11
1440 9
1441 11
1442 7
1443 16
1444 11
1445 7
1446 6
1447 9
1448 6
1449 6
1450 8
1451 6
1452 7
1453 4
1454 6
1455 7
1456 7
1457 7
1458 9
1459 8
1460 5
1461 2
1462 3
1463 3
1464 3
1465 3
1466 1
1467 5
1468 2
1469 4
1470 2
1471 5
1472 2
1473 2
1474 4
1475 2
1476 3
1477 2
1479 2
1480 1
1481 1
1482 2
1483 1
1485 2
1487 1
1488 2
1489 1
1490 2
1500 1
1503 1
