N J h mean_R_sq err_mean_R_sq mean_R_gyr_sq err_mean_R_gyr_sq 
600 0.9 0 892.44 8.6097 879.86 4.73468
1000 1276
1001 1251
1002 1140
1003 1090
1004 968
1005 879
1006 889
1007 790
1008 733
1009 689
1010 692
1011 631
1012 561
1013 570
1014 522
1015 475
1016 479
1017 457
1018 351
1019 400
1020 334
1021 290
1022 296
1023 277
1024 253
1025 261
1026 234
1027 252
1028 222
1029 219
1030 175
1031 182
1032 187
1033 152
1034 155
1035 136
1036 161
1037 144
1038 130
1039 130
1040 123
1041 109
1042 104
1043 104
1044 105
1045 103
1046 88
1047 79
1048 69
1049 85
1050 97
1051 89
1052 84
1053 64
1054 58
1055 67
1056 67
1057 60
1058 60
1059 58
1060 54
1061 48
1062 43
1063 47
1064 42
1065 48
1066 57
1067 49
1068 46
1069 60
1070 48
1071 44
1072 51
1073 36
1074 37
1075 41
1076 39
1077 35
1078 41
1079 33
1080 29
1081 39
1082 26
1083 34
1084 39
1085 28
1086 24
1087 27
1088 24
1089 35
1090 30
1091 28
1092 34
1093 28
1094 32
1095 28
1096 27
1097 26
1098 38
1099 21
1100 23
1101 19
1102 28
1103 28
1104 21
1105 32
1106 23
1107 20
1108 28
1109 22
1110 30
1111 25
1112 23
1113 28
1114 28
1115 16
1116 19
1117 19
1118 24
1119 21
1120 24
1121 25
1122 17
1123 23
1124 26
1125 14
1126 18
1127 27
1128 15
1129 15
1130 10
1131 22
1132 21
1133 18
1134 18
1135 13
1136 21
1137 16
1138 11
1139 16
1140 15
1141 14
1142 14
1143 12
1144 18
1145 19
1146 17
1147 13
1148 13
1149 18
1150 9
1151 17
1152 17
1153 10
1154 13
1155 8
1156 13
1157 12
1158 14
1159 17
1160 14
1161 11
1162 17
1163 11
1164 17
1165 10
1166 14
1167 12
1168 17
1169 11
1170 12
1171 10
1172 12
1173 12
1174 12
1175 13
1176 12
1177 10
1178 16
1179 16
1180 12
1181 11
1182 9
1183 16
1184 11
1185 12
1186 12
1187 10
1188 8
1189 13
1190 6
1191 9
1192 12
1193 7
1194 11
1195 10
1196 8
1197 6
1198 15
1199 10
1200 7
1201 16
1202 18
1203 10
1204 9
1205 4
1206 6
1207 8
1208 7
1209 4
1210 11
1211 7
1212 10
1213 8
1214 6
1215 9
1216 13
1217 5
1218 8
1219 7
1220 4
1221 8
1222 5
1223 10
1224 10
1225 5
1226 5
1227 6
1229 3
1230 11
1231 8
1232 9
1233 11
1234 5
1235 4
1236 8
1237 5
1238 8
1239 10
1240 3
1241 5
1242 7
1243 6
1244 4
1245 6
1246 4
1247 2
1248 4
1249 6
1250 8
1251 5
1252 5
1253 1
1254 2
1255 2
1256 2
1257 5
1258 5
1259 4
1260 4
1261 2
1262 2
1263 2
1264 4
1265 5
1266 6
1267 4
1268 3
1269 6
1270 3
1272 9
1273 2
1274 2
1275 1
1276 7
1277 6
1278 3
1279 4
1281 2
1282 3
1283 2
1284 3
1285 2
1286 1
1287 3
1288 3
1289 5
1290 4
1291 3
1292 4
1293 4
1294 1
1296 1
1297 5
1298 1
1299 3
1300 3
1301 2
1302 3
1303 3
1304 2
1305 3
1306 2
1307 1
1309 1
1310 3
1312 2
1313 3
1314 4
1315 2
1316 2
1319 2
1320 2
1323 2
1327 1
1328 1
1329 1
1331 1
1332 1
1333 2
1334 2
1339 5
1340 1
1341 1
1342 1
1343 2
1346 1
1347 1
1348 1
1350 1
1351 1
1353 2
1363 1
1364 2
1367 1
1368 1
1372 3
1388 1
1390 1
1395 1
1415 1
1443 1
