N J h mean_R_sq err_mean_R_sq mean_R_gyr_sq err_mean_R_gyr_sq 
600 0.885 0 1074.52 44.0529 713.281 16.5593
965 1
985 1
990 1
1008 1
1035 1
1059 1
1083 1
1086 1
1093 1
1097 1
1103 1
1114 1
1126 1
1149 1
1150 1
1151 1
1153 2
1170 1
1171 1
1179 1
1180 2
1182 1
1188 1
1190 3
1191 1
1194 1
1195 1
1197 1
1201 1
1202 1
1204 1
1205 2
1206 3
1207 1
1208 2
1210 1
1212 1
1213 2
1214 1
1215 3
1218 2
1221 1
1222 3
1223 3
1224 3
1225 2
1226 2
1228 1
1229 1
1230 2
1233 2
1234 2
1236 2
1237 5
1238 1
1239 1
1240 2
1241 2
1242 2
1243 1
1244 2
1245 2
1246 2
1247 1
1248 2
1249 1
1250 1
1251 3
1252 2
1253 1
1255 1
1256 2
1257 1
1258 3
1259 4
1260 1
1261 3
1262 2
1264 3
1265 2
1266 1
1267 2
1268 2
1269 2
1270 3
1271 1
1273 4
1274 2
1275 2
1276 2
1277 2
1278 1
1279 5
1280 2
1281 1
1282 6
1283 2
1284 2
1285 4
1286 5
1287 2
1289 1
1290 2
1291 2
1292 6
1293 3
1294 5
1295 3
1296 5
1297 6
1298 4
1299 2
1300 5
1302 6
1303 8
1304 5
1305 2
1306 2
1307 2
1308 2
1309 8
1310 1
1312 6
1313 3
1314 7
1315 3
1316 1
1317 6
1318 1
1319 3
1320 6
1321 4
1322 2
1323 4
1324 5
1325 6
1326 2
1327 1
1328 3
1329 6
1330 2
1331 3
1332 2
1333 6
1334 2
1335 4
1336 7
1337 5
1338 2
1339 2
1340 2
1341 5
1342 7
1343 2
1344 3
1345 5
1346 2
1347 1
1348 2
1349 1
1350 4
1351 2
1353 5
1354 4
1355 3
1356 3
1359 7
1360 4
1361 3
1362 5
1363 6
1364 5
1365 5
1366 6
1367 8
1368 4
1369 2
1370 4
1371 1
1372 1
1373 1
1375 4
1376 1
1378 5
1379 4
1380 4
1382 1
1383 3
1384 4
1385 1
1386 3
1387 2
1388 2
1389 2
1390 3
1391 2
1392 3
1394 1
1395 4
1396 5
1398 1
1400 1
1401 4
1402 2
1403 1
1404 3
1405 4
1406 4
1407 2
1408 3
1409 1
1410 1
1411 1
1412 1
1414 1
1416 3
1420 4
1421 1
1422 1
1424 1
1425 1
1427 2
1429 3
1431 1
1434 1
1435 1
1437 1
1439 1
1440 2
1441 1
1443 1
1444 1
1445 1
1446 1
1454 1
1459 1
1468 2
1469 1
1491 1
1503 1
