N J h mean_R_sq err_mean_R_sq mean_R_gyr_sq err_mean_R_gyr_sq 
600 0.894 0 1013 5.17695 770.893 2.71372
390 1
429 1
437 1
445 1
456 1
457 1
458 1
464 1
476 1
487 1
498 1
499 1
509 1
514 1
522 2
524 2
528 1
529 2
534 1
535 1
538 1
539 1
542 1
544 1
545 1
549 1
551 1
552 1
553 1
554 1
555 1
556 2
557 1
562 1
570 1
572 2
577 1
580 2
581 2
582 1
583 1
584 1
585 1
587 2
588 2
589 1
592 1
593 1
594 1
595 2
597 4
598 1
599 1
600 1
603 2
604 1
605 2
606 1
610 1
611 3
612 1
614 1
615 1
617 1
618 1
619 1
620 2
621 2
623 1
624 2
625 2
626 3
628 4
629 2
632 2
633 2
634 1
635 1
637 2
638 4
639 1
640 2
641 2
643 2
644 1
645 4
647 1
648 2
649 1
650 3
651 2
652 3
653 2
654 1
655 3
656 3
657 1
658 2
659 1
660 4
661 3
662 1
663 1
664 3
665 3
666 4
667 4
668 3
670 3
671 4
672 4
673 1
674 3
675 1
676 2
677 1
678 2
679 4
680 2
681 3
682 1
683 3
684 2
685 1
686 4
687 6
688 3
689 1
690 4
691 4
692 3
693 7
694 4
695 1
696 2
697 6
698 4
699 6
700 1
701 6
702 2
703 5
704 3
705 4
706 2
707 4
708 3
709 5
710 8
711 3
712 4
713 3
714 2
715 5
716 4
717 3
718 3
719 4
720 5
721 3
722 4
723 3
724 4
725 4
726 3
727 4
728 3
729 3
730 8
731 8
732 10
733 5
734 6
735 6
736 2
737 6
738 4
739 6
740 5
741 4
742 5
743 8
744 4
745 3
746 8
747 4
748 16
749 8
750 1
751 6
752 7
753 4
754 11
755 8
756 6
757 7
758 5
759 6
760 7
761 4
762 9
763 3
764 12
765 10
766 5
767 11
768 14
769 14
770 9
771 9
772 6
773 4
774 9
775 7
776 12
777 17
778 12
779 11
780 7
781 12
782 11
783 11
784 12
785 15
786 10
787 13
788 19
789 14
790 11
791 4
792 14
793 11
794 12
795 10
796 17
797 14
798 11
799 13
800 17
801 18
802 16
803 19
804 18
805 17
806 11
807 12
808 19
809 18
810 16
811 12
812 15
813 18
814 18
815 11
816 21
817 16
818 14
819 24
820 24
821 19
822 15
823 16
824 28
825 34
826 27
827 20
828 19
829 30
830 31
831 27
832 29
833 34
834 31
835 28
836 36
837 36
838 31
839 29
840 28
841 32
842 38
843 26
844 39
845 36
846 36
847 33
848 38
849 35
850 43
851 52
852 33
853 36
854 37
855 47
856 34
857 42
858 60
859 46
860 43
861 45
862 49
863 47
864 41
865 45
866 52
867 51
868 41
869 42
870 67
871 54
872 61
873 56
874 61
875 60
876 64
877 54
878 52
879 68
880 69
881 46
882 57
883 64
884 55
885 69
886 71
887 60
888 65
889 77
890 69
891 71
892 75
893 71
894 64
895 82
896 72
897 76
898 80
899 89
900 78
901 92
902 88
903 96
904 102
905 87
906 103
907 99
908 91
909 96
910 98
911 99
912 108
913 111
914 110
915 93
916 121
917 110
918 90
919 97
920 103
921 114
922 106
923 109
924 103
925 115
926 124
927 135
928 128
929 126
930 124
931 116
932 119
933 120
934 132
935 132
936 133
937 133
938 139
939 144
940 145
941 120
942 151
943 130
944 148
945 150
946 136
947 150
948 141
949 126
950 120
951 165
952 121
953 164
954 133
955 158
956 142
957 159
958 162
959 154
960 165
961 171
962 162
963 169
964 165
965 151
966 163
967 174
968 155
969 162
970 166
971 170
972 158
973 179
974 175
975 195
976 156
977 171
978 172
979 170
980 188
981 173
982 180
983 178
984 151
985 182
986 172
987 157
988 170
989 157
990 157
991 154
992 182
993 182
994 164
995 143
996 148
997 167
998 151
999 171
1000 184
1001 193
1002 175
1003 181
1004 151
1005 199
1006 147
1007 185
1008 137
1009 174
1010 173
1011 169
1012 183
1013 154
1014 167
1015 165
1016 177
1017 183
1018 180
1019 157
1020 160
1021 169
1022 157
1023 133
1024 171
1025 154
1026 158
1027 167
1028 156
1029 156
1030 162
1031 141
1032 169
1033 153
1034 136
1035 152
1036 160
1037 141
1038 136
1039 138
1040 146
1041 146
1042 151
1043 163
1044 130
1045 138
1046 140
1047 157
1048 132
1049 127
1050 148
1051 142
1052 169
1053 149
1054 135
1055 150
1056 139
1057 143
1058 133
1059 120
1060 140
1061 131
1062 129
1063 121
1064 117
1065 129
1066 145
1067 119
1068 119
1069 112
1070 120
1071 137
1072 109
1073 113
1074 112
1075 96
1076 108
1077 117
1078 122
1079 124
1080 108
1081 94
1082 100
1083 101
1084 118
1085 96
1086 94
1087 123
1088 104
1089 109
1090 105
1091 83
1092 106
1093 83
1094 92
1095 77
1096 79
1097 96
1098 97
1099 70
1100 74
1101 82
1102 90
1103 76
1104 80
1105 78
1106 95
1107 73
1108 73
1109 71
1110 71
1111 71
1112 57
1113 70
1114 79
1115 62
1116 66
1117 77
1118 66
1119 63
1120 59
1121 50
1122 58
1123 70
1124 63
1125 48
1126 53
1127 60
1128 53
1129 57
1130 52
1131 65
1132 42
1133 49
1134 37
1135 49
1136 49
1137 41
1138 44
1139 45
1140 41
1141 40
1142 46
1143 37
1144 37
1145 41
1146 44
1147 43
1148 36
1149 32
1150 37
1151 43
1152 32
1153 30
1154 39
1155 39
1156 35
1157 30
1158 30
1159 36
1160 33
1161 29
1162 27
1163 25
1164 35
1165 32
1166 28
1167 23
1168 27
1169 30
1170 29
1171 26
1172 30
1173 13
1174 21
1175 33
1176 25
1177 18
1178 22
1179 23
1180 18
1181 24
1182 18
1183 17
1184 24
1185 19
1186 15
1187 22
1188 14
1189 22
1190 11
1191 14
1192 22
1193 20
1194 9
1195 20
1196 19
1197 17
1198 14
1199 12
1200 18
1201 15
1202 12
1203 18
1204 12
1205 16
1206 11
1207 13
1208 13
1209 12
1210 11
1211 15
1212 13
1213 10
1214 11
1215 9
1216 13
1217 7
1218 10
1219 10
1220 7
1221 11
1222 14
1223 6
1224 15
1225 9
1226 7
1227 13
1228 10
1229 5
1230 8
1231 11
1232 11
1233 10
1234 7
1235 7
1236 5
1237 10
1238 8
1239 6
1240 11
1241 9
1242 4
1243 8
1244 9
1245 7
1246 4
1247 7
1248 4
1249 8
1250 6
1251 4
1252 12
1253 6
1254 7
1255 2
1256 9
1257 5
1258 6
1259 6
1260 1
1261 5
1262 5
1263 6
1264 5
1265 3
1266 6
1267 2
1268 2
1269 5
1270 3
1271 3
1272 2
1274 5
1275 5
1276 5
1277 8
1278 6
1279 3
1280 7
1281 5
1282 8
1283 4
1284 3
1285 4
1286 2
1287 8
1288 2
1289 3
1290 2
1291 4
1292 4
1293 3
1294 2
1295 3
1296 1
1297 3
1298 8
1299 5
1301 3
1302 3
1303 2
1304 1
1305 1
1306 6
1307 1
1308 8
1309 3
1310 3
1311 4
1312 1
1313 1
1314 5
1315 3
1316 2
1317 2
1318 2
1319 8
1320 2
1321 2
1322 2
1323 5
1325 6
1326 3
1327 1
1328 3
1329 5
1330 2
1331 2
1332 1
1333 2
1335 2
1336 2
1337 1
1338 1
1339 2
1340 1
1341 1
1343 4
1344 2
1345 1
1346 1
1347 4
1348 2
1350 3
1351 2
1352 4
1353 3
1354 2
1355 1
1356 2
1357 2
1358 1
1362 1
1363 1
1365 3
1366 2
1367 1
1368 1
1370 1
1371 3
1372 4
1373 2
1374 2
1375 2
1376 3
1377 1
1378 2
1380 1
1381 2
1382 1
1384 4
1385 1
1386 1
1387 2
1389 3
1391 1
1393 3
1394 2
1397 2
1400 2
1401 1
1402 3
1403 2
1405 1
1406 1
1408 2
1409 2
1410 3
1414 2
1415 2
1417 4
1418 2
1419 1
1420 1
1421 1
1423 1
1424 1
1425 1
1426 1
1427 4
1429 5
1431 1
1432 2
1433 1
1435 1
1439 1
1440 1
1441 1
1443 1
1446 1
1464 1
1466 1
1468 2
1470 3
1473 1
1482 1
1484 1
1490 1
1491 2
1499 1
1506 3
1510 1
1519 1
1537 2
1546 1
1563 1
