N J h mean_R_sq err_mean_R_sq mean_R_gyr_sq err_mean_R_gyr_sq 
400 0.9 0 672.017 1.42734 348.952 0.381358
1000 10737
1001 10179
1002 9653
1003 9109
1004 8715
1005 8259
1006 7786
1007 7229
1008 6924
1009 6785
1010 6323
1011 5938
1012 5686
1013 5310
1014 5216
1015 4752
1016 4521
1017 4345
1018 4164
1019 3970
1020 3675
1021 3581
1022 3302
1023 3219
1024 3070
1025 2924
1026 2774
1027 2603
1028 2566
1029 2363
1030 2284
1031 2188
1032 2071
1033 1960
1034 1824
1035 1763
1036 1600
1037 1697
1038 1574
1039 1569
1040 1462
1041 1357
1042 1297
1043 1178
1044 1232
1045 1083
1046 1113
1047 1055
1048 973
1049 965
1050 894
1051 875
1052 789
1053 794
1054 817
1055 773
1056 661
1057 676
1058 641
1059 675
1060 624
1061 557
1062 570
1063 553
1064 524
1065 510
1066 442
1067 463
1068 462
1069 385
1070 407
1071 354
1072 385
1073 337
1074 371
1075 293
1076 300
1077 302
1078 316
1079 279
1080 271
1081 276
1082 261
1083 244
1084 252
1085 262
1086 247
1087 234
1088 218
1089 222
1090 166
1091 187
1092 183
1093 164
1094 178
1095 173
1096 172
1097 153
1098 148
1099 186
1100 135
1101 153
1102 139
1103 151
1104 152
1105 116
1106 124
1107 121
1108 125
1109 127
1110 109
1111 103
1112 117
1113 96
1114 84
1115 89
1116 80
1117 89
1118 103
1119 90
1120 88
1121 87
1122 70
1123 71
1124 78
1125 77
1126 84
1127 63
1128 73
1129 74
1130 65
1131 72
1132 69
1133 53
1134 59
1135 55
1136 67
1137 60
1138 55
1139 53
1140 54
1141 52
1142 50
1143 38
1144 52
1145 51
1146 46
1147 47
1148 39
1149 53
1150 36
1151 42
1152 44
1153 40
1154 35
1155 42
1156 32
1157 35
1158 38
1159 42
1160 23
1161 38
1162 26
1163 21
1164 34
1165 24
1166 29
1167 27
1168 23
1169 27
1170 32
1171 37
1172 31
1173 28
1174 30
1175 20
1176 15
1177 23
1178 25
1179 21
1180 18
1181 19
1182 28
1183 26
1184 29
1185 19
1186 26
1187 25
1188 19
1189 15
1190 16
1191 10
1192 14
1193 19
1194 14
1195 13
1196 23
1197 16
1198 15
1199 16
1200 21
1201 17
1202 18
1203 15
1204 22
1205 16
1206 11
1207 15
1208 20
1209 7
1210 13
1211 15
1212 3
1213 8
1214 14
1215 11
1216 8
1217 14
1218 13
1219 5
1220 8
1221 14
1222 13
1223 8
1224 10
1225 8
1226 10
1227 8
1228 8
1229 7
1230 10
1231 12
1232 10
1233 8
1234 12
1235 2
1236 7
1237 8
1238 6
1239 8
1240 5
1241 10
1242 9
1243 9
1244 8
1245 7
1246 5
1247 9
1248 4
1249 7
1250 7
1251 5
1252 4
1253 6
1254 7
1255 11
1256 6
1257 7
1258 6
1259 6
1260 3
1261 6
1262 7
1263 9
1264 5
1265 5
1266 6
1267 5
1268 1
1269 2
1270 1
1271 1
1272 4
1273 6
1274 2
1275 6
1276 3
1277 4
1278 6
1279 5
1280 2
1281 1
1283 2
1284 4
1286 1
1287 5
1288 4
1289 1
1290 2
1291 3
1292 3
1293 2
1294 1
1295 1
1296 2
1298 1
1299 1
1301 4
1302 2
1303 1
1304 1
1305 3
1307 1
1308 1
1309 1
1310 3
1311 2
1312 2
1313 3
1314 2
1315 1
1316 4
1317 2
1318 2
1319 4
1320 1
1321 4
1322 1
1323 3
1324 1
1325 1
1328 1
1329 3
1330 2
1332 1
1334 1
1336 2
1337 1
1338 1
1339 1
1340 2
1342 2
1343 2
1347 1
1348 1
1349 1
1359 1
1360 1
1368 1
1375 1
1377 1
1379 1
1382 1
1387 1
1390 1
1397 2
1398 1
1400 1
1432 1
1433 1
1462 1
