N J h mean_R_sq err_mean_R_sq mean_R_gyr_sq err_mean_R_gyr_sq 
600 0.871 0 1226.48 2.99929 634.294 0.979874
856 1
893 1
911 1
922 1
958 1
962 1
969 2
987 2
997 1
1000 1
1001 1
1006 1
1007 1
1008 1
1011 1
1015 1
1016 1
1021 2
1025 1
1028 2
1030 1
1031 1
1032 2
1033 1
1034 1
1036 2
1037 1
1040 3
1042 1
1044 1
1045 3
1046 1
1048 1
1050 1
1052 1
1053 1
1054 1
1055 2
1057 2
1059 2
1060 2
1061 2
1062 1
1065 2
1066 4
1067 1
1068 3
1069 1
1070 2
1071 3
1072 1
1073 2
1074 2
1075 2
1076 2
1077 6
1079 2
1080 2
1081 3
1082 2
1084 1
1085 5
1086 1
1087 4
1088 2
1089 1
1090 2
1091 2
1092 2
1093 3
1094 4
1095 3
1096 1
1097 2
1098 3
1099 8
1100 3
1101 1
1102 4
1103 1
1104 3
1105 1
1106 1
1107 3
1108 4
1109 1
1110 6
1111 2
1112 3
1113 3
1114 2
1115 4
1116 3
1117 6
1118 6
1119 4
1120 5
1121 3
1122 7
1123 8
1124 5
1125 4
1126 7
1127 2
1128 7
1129 9
1130 8
1131 14
1132 7
1133 6
1134 5
1135 6
1136 6
1137 8
1138 8
1139 6
1140 6
1141 5
1142 11
1143 5
1144 6
1145 9
1146 14
1147 7
1148 8
1149 11
1150 5
1151 14
1152 9
1153 15
1154 12
1155 10
1156 14
1157 16
1158 14
1159 21
1160 13
1161 10
1162 12
1163 10
1164 21
1165 11
1166 12
1167 14
1168 17
1169 18
1170 17
1171 19
1172 30
1173 22
1174 16
1175 22
1176 25
1177 27
1178 16
1179 18
1180 33
1181 18
1182 25
1183 22
1184 38
1185 29
1186 23
1187 33
1188 29
1189 37
1190 34
1191 27
1192 25
1193 38
1194 41
1195 43
1196 33
1197 39
1198 43
1199 43
1200 41
1201 56
1202 40
1203 46
1204 57
1205 50
1206 34
1207 37
1208 52
1209 64
1210 65
1211 52
1212 63
1213 64
1214 66
1215 57
1216 67
1217 69
1218 70
1219 72
1220 76
1221 76
1222 86
1223 71
1224 92
1225 83
1226 103
1227 88
1228 86
1229 115
1230 86
1231 104
1232 98
1233 109
1234 96
1235 128
1236 121
1237 122
1238 115
1239 124
1240 129
1241 126
1242 150
1243 127
1244 138
1245 160
1246 157
1247 155
1248 123
1249 158
1250 161
1251 164
1252 147
1253 186
1254 188
1255 199
1256 189
1257 185
1258 208
1259 205
1260 218
1261 232
1262 218
1263 232
1264 240
1265 233
1266 227
1267 268
1268 236
1269 262
1270 295
1271 256
1272 283
1273 309
1274 307
1275 313
1276 330
1277 302
1278 308
1279 331
1280 362
1281 341
1282 346
1283 385
1284 348
1285 372
1286 363
1287 416
1288 444
1289 404
1290 425
1291 389
1292 448
1293 416
1294 448
1295 448
1296 473
1297 513
1298 482
1299 497
1300 486
1301 518
1302 507
1303 541
1304 562
1305 563
1306 513
1307 565
1308 575
1309 583
1310 625
1311 612
1312 637
1313 621
1314 617
1315 703
1316 655
1317 659
1318 688
1319 642
1320 694
1321 694
1322 672
1323 724
1324 750
1325 727
1326 753
1327 722
1328 756
1329 765
1330 777
1331 824
1332 829
1333 812
1334 811
1335 809
1336 804
1337 874
1338 869
1339 843
1340 855
1341 857
1342 805
1343 854
1344 934
1345 886
1346 877
1347 853
1348 922
1349 855
1350 868
1351 888
1352 939
1353 898
1354 941
1355 948
1356 944
1357 897
1358 919
1359 941
1360 888
1361 968
1362 928
1363 920
1364 929
1365 994
1366 955
1367 911
1368 913
1369 916
1370 942
1371 951
1372 879
1373 900
1374 872
1375 938
1376 908
1377 867
1378 847
1379 912
1380 948
1381 857
1382 939
1383 867
1384 918
1385 784
1386 827
1387 843
1388 847
1389 794
1390 795
1391 777
1392 774
1393 785
1394 766
1395 745
1396 733
1397 751
1398 771
1399 720
1400 773
1401 685
1402 683
1403 682
1404 619
1405 616
1406 598
1407 635
1408 645
1409 588
1410 610
1411 572
1412 580
1413 524
1414 504
1415 535
1416 534
1417 495
1418 514
1419 467
1420 466
1421 494
1422 430
1423 453
1424 429
1425 403
1426 418
1427 408
1428 373
1429 346
1430 373
1431 337
1432 340
1433 318
1434 323
1435 284
1436 313
1437 283
1438 252
1439 275
1440 269
1441 254
1442 228
1443 228
1444 211
1445 220
1446 208
1447 186
1448 185
1449 181
1450 156
1451 176
1452 167
1453 190
1454 155
1455 172
1456 123
1457 128
1458 137
1459 115
1460 119
1461 112
1462 108
1463 107
1464 101
1465 72
1466 113
1467 80
1468 79
1469 85
1470 69
1471 58
1472 59
1473 58
1474 71
1475 34
1476 47
1477 51
1478 47
1479 45
1480 44
1481 42
1482 40
1483 37
1484 30
1485 31
1486 24
1487 27
1488 21
1489 25
1490 28
1491 15
1492 21
1493 17
1494 15
1495 20
1496 18
1497 15
1498 14
1499 15
1500 13
1501 5
1502 10
1503 9
1504 10
1505 9
1506 10
1507 8
1508 5
1509 5
1510 6
1511 7
1512 2
1513 6
1514 4
1515 1
1516 2
1517 6
1518 5
1519 2
1520 4
1521 3
1523 2
1524 4
1525 3
1526 2
1527 2
1528 1
1530 1
1531 2
1533 1
1535 2
1541 1
