N J h mean_R_sq err_mean_R_sq mean_R_gyr_sq err_mean_R_gyr_sq 
550 0.879 0 1073.35 28.6331 572.793 10.1163
1000 73
1001 88
1002 62
1003 59
1004 81
1005 51
1006 32
1007 46
1008 41
1009 37
1010 36
1011 32
1012 34
1013 19
1014 18
1015 24
1016 21
1017 20
1018 17
1019 17
1020 8
1021 11
1022 11
1023 10
1024 6
1025 15
1026 10
1027 9
1028 6
1029 5
1030 10
1031 7
1032 5
1033 6
1034 9
1035 2
1036 4
1037 4
1038 4
1039 2
1040 3
1041 2
1042 3
1043 3
1044 4
1046 2
1047 5
1048 1
1049 3
1050 2
1051 1
1052 1
1056 1
1057 1
1059 1
1061 1
1062 1
1063 1
1064 1
1069 1
1080 1
1083 2
1084 1
1089 1
1093 1
1096 1
1108 1
1163 1
