N J h mean_R_sq err_mean_R_sq mean_R_gyr_sq err_mean_R_gyr_sq 
500 0.881 0 954.378 6.83361 471.971 1.78616
530 1
562 1
599 2
628 1
662 1
664 1
668 1
671 1
675 1
694 1
696 1
704 1
712 1
714 1
715 2
717 1
719 2
722 1
728 1
730 1
731 2
732 1
734 2
735 1
736 1
737 1
738 1
739 1
740 1
741 1
744 1
746 1
747 3
748 1
749 1
750 2
751 3
752 3
753 1
754 3
755 4
756 1
757 2
758 4
760 1
761 2
762 1
763 4
767 1
768 2
769 3
771 1
772 3
773 2
774 2
775 2
776 2
777 2
779 5
780 1
781 1
782 3
783 2
784 2
785 1
786 2
787 1
788 6
789 3
790 2
791 1
792 5
793 3
794 6
795 2
796 4
797 5
798 7
799 4
800 2
801 4
802 2
803 6
804 7
805 2
806 8
807 5
808 5
809 7
810 7
811 7
812 8
813 3
814 6
815 3
816 7
817 6
818 11
819 5
820 3
821 5
822 9
823 7
824 7
825 9
826 11
827 9
828 8
829 16
830 8
831 10
832 10
833 15
834 11
835 9
836 10
837 9
838 15
839 10
840 15
841 10
842 10
843 14
844 13
845 10
846 12
847 15
848 21
849 17
850 26
851 16
852 19
853 11
854 14
855 12
856 18
857 21
858 20
859 16
860 12
861 17
862 17
863 14
864 19
865 10
866 22
867 18
868 23
869 22
870 20
871 22
872 20
873 20
874 21
875 28
876 20
877 20
878 24
879 28
880 25
881 15
882 29
883 15
884 23
885 33
886 30
887 25
888 30
889 28
890 33
891 23
892 40
893 29
894 35
895 27
896 26
897 35
898 39
899 49
900 48
901 29
902 30
903 40
904 25
905 35
906 52
907 37
908 34
909 31
910 43
911 36
912 37
913 46
914 49
915 46
916 50
917 44
918 38
919 43
920 46
921 41
922 43
923 47
924 50
925 39
926 55
927 44
928 41
929 47
930 54
931 64
932 57
933 43
934 57
935 56
936 71
937 49
938 50
939 58
940 57
941 56
942 58
943 69
944 47
945 58
946 71
947 63
948 59
949 51
950 68
951 58
952 47
953 72
954 79
955 59
956 61
957 56
958 73
959 74
960 70
961 66
962 53
963 67
964 76
965 62
966 64
967 71
968 75
969 64
970 78
971 59
972 76
973 78
974 84
975 64
976 67
977 79
978 77
979 58
980 75
981 86
982 75
983 77
984 63
985 52
986 72
987 75
988 65
989 76
990 74
991 82
992 89
993 54
994 74
995 74
996 83
997 83
998 89
999 64
1000 85
1001 73
1002 66
1003 82
1004 68
1005 68
1006 88
1007 75
1008 67
1009 93
1010 84
1011 90
1012 82
1013 67
1014 69
1015 79
1016 74
1017 71
1018 95
1019 64
1020 70
1021 84
1022 77
1023 48
1024 70
1025 79
1026 69
1027 61
1028 81
1029 67
1030 63
1031 63
1032 63
1033 72
1034 73
1035 67
1036 47
1037 69
1038 68
1039 76
1040 75
1041 64
1042 54
1043 63
1044 67
1045 67
1046 67
1047 55
1048 70
1049 63
1050 63
1051 59
1052 56
1053 75
1054 59
1055 58
1056 64
1057 49
1058 58
1059 55
1060 56
1061 53
1062 60
1063 62
1064 59
1065 62
1066 53
1067 58
1068 65
1069 43
1070 55
1071 48
1072 62
1073 48
1074 53
1075 59
1076 56
1077 42
1078 56
1079 58
1080 57
1081 48
1082 46
1083 38
1084 44
1085 28
1086 56
1087 37
1088 28
1089 43
1090 45
1091 37
1092 35
1093 55
1094 33
1095 33
1096 34
1097 31
1098 39
1099 38
1100 38
1101 34
1102 31
1103 39
1104 38
1105 28
1106 32
1107 29
1108 33
1109 28
1110 26
1111 29
1112 35
1113 33
1114 29
1115 27
1116 28
1117 30
1118 28
1119 22
1120 19
1121 23
1122 19
1123 17
1124 24
1125 22
1126 29
1127 22
1128 15
1129 16
1130 15
1131 28
1132 16
1133 21
1134 17
1135 24
1136 24
1137 23
1138 15
1139 16
1140 31
1141 13
1142 15
1143 13
1144 14
1145 13
1146 11
1147 13
1148 20
1149 8
1150 18
1151 12
1152 15
1153 12
1154 14
1155 10
1156 10
1157 8
1158 14
1159 13
1160 9
1161 13
1162 12
1163 9
1164 8
1165 8
1166 17
1167 8
1168 15
1169 11
1170 10
1171 9
1172 13
1173 10
1174 5
1175 10
1176 6
1177 11
1178 10
1179 11
1180 9
1181 8
1182 4
1183 5
1184 7
1185 3
1186 7
1187 6
1188 5
1189 9
1190 3
1191 3
1192 8
1193 6
1194 3
1195 8
1196 4
1197 7
1198 6
1199 3
1200 4
1201 6
1202 1
1203 3
1204 4
1205 4
1206 5
1207 5
1208 2
1209 2
1210 4
1211 5
1212 8
1213 2
1214 2
1215 1
1216 4
1217 3
1218 1
1219 2
1220 6
1221 2
1222 3
1223 2
1224 2
1225 2
1226 1
1227 2
1228 2
1229 4
1230 1
1231 2
1232 1
1233 4
1235 1
1236 2
1240 1
1243 1
1245 1
1246 1
1247 3
1251 1
1252 2
1254 1
1255 2
1256 1
1257 1
1260 1
1261 3
1263 1
1264 1
1265 1
1266 1
1269 1
1271 1
1272 1
1274 1
1277 1
1281 1
1286 1
1289 1
1290 1
1294 1
1297 1
1300 1
1301 1
1327 1
1331 1
1333 1
1336 1
1344 1
1348 1
1351 1
1360 1
1363 1
1397 1
1444 1
