N J h mean_R_sq err_mean_R_sq mean_R_gyr_sq err_mean_R_gyr_sq 
700 0.87 0 1455.24 3.56346 847.109 1.10851
620 1
662 1
674 1
685 1
689 3
692 1
699 1
702 1
710 2
715 1
716 1
719 1
720 1
726 1
727 1
729 2
731 1
732 2
733 1
734 3
735 2
737 1
738 1
739 1
740 4
743 1
745 1
746 2
748 4
749 3
750 2
751 1
752 4
753 3
754 1
755 3
756 3
757 3
758 7
759 1
760 3
761 3
762 2
763 5
764 3
765 2
766 5
767 2
768 5
769 1
770 5
771 3
772 7
773 5
774 6
775 9
776 9
777 7
778 12
779 5
780 6
781 5
782 8
783 11
784 11
785 12
786 7
787 8
788 9
789 5
790 8
791 13
792 4
793 11
794 9
795 10
796 8
797 14
798 12
799 17
800 9
801 15
802 13
803 13
804 23
805 15
806 22
807 16
808 18
809 19
810 19
811 13
812 15
813 31
814 16
815 28
816 22
817 23
818 23
819 19
820 33
821 25
822 39
823 22
824 25
825 37
826 38
827 39
828 32
829 51
830 40
831 36
832 58
833 53
834 44
835 59
836 45
837 52
838 52
839 61
840 55
841 67
842 69
843 73
844 76
845 67
846 72
847 87
848 69
849 75
850 77
851 96
852 81
853 86
854 77
855 101
856 91
857 107
858 102
859 113
860 121
861 115
862 129
863 115
864 132
865 145
866 147
867 138
868 143
869 131
870 175
871 142
872 148
873 171
874 158
875 166
876 176
877 192
878 196
879 187
880 187
881 197
882 218
883 226
884 210
885 210
886 255
887 221
888 248
889 238
890 243
891 229
892 260
893 306
894 270
895 244
896 314
897 293
898 297
899 329
900 342
901 327
902 362
903 349
904 342
905 361
906 364
907 375
908 356
909 401
910 395
911 424
912 418
913 405
914 489
915 433
916 444
917 472
918 474
919 463
920 471
921 485
922 504
923 511
924 494
925 504
926 522
927 587
928 558
929 561
930 565
931 575
932 571
933 595
934 607
935 599
936 629
937 618
938 646
939 661
940 668
941 658
942 661
943 662
944 692
945 720
946 697
947 732
948 731
949 744
950 755
951 745
952 765
953 771
954 814
955 791
956 761
957 764
958 851
959 833
960 844
961 866
962 907
963 816
964 907
965 896
966 890
967 879
968 905
969 898
970 824
971 908
972 901
973 911
974 888
975 896
976 893
977 940
978 968
979 896
980 945
981 903
982 973
983 950
984 1021
985 966
986 972
987 1025
988 1002
989 1052
990 982
991 1016
992 929
993 961
994 980
995 958
996 1069
997 964
998 1017
999 957
1000 970
1001 996
1002 977
1003 975
1004 959
1005 1006
1006 1016
1007 998
1008 1012
1009 1022
1010 938
1011 926
1012 1038
1013 1034
1014 937
1015 968
1016 923
1017 927
1018 935
1019 981
1020 930
1021 967
1022 950
1023 944
1024 925
1025 926
1026 911
1027 896
1028 884
1029 866
1030 917
1031 858
1032 851
1033 876
1034 908
1035 929
1036 868
1037 861
1038 814
1039 850
1040 811
1041 798
1042 796
1043 756
1044 769
1045 810
1046 797
1047 805
1048 776
1049 725
1050 770
1051 724
1052 705
1053 710
1054 701
1055 686
1056 685
1057 678
1058 677
1059 675
1060 622
1061 627
1062 648
1063 613
1064 647
1065 647
1066 618
1067 581
1068 553
1069 536
1070 548
1071 578
1072 570
1073 559
1074 550
1075 520
1076 494
1077 544
1078 462
1079 493
1080 482
1081 485
1082 435
1083 433
1084 443
1085 410
1086 417
1087 382
1088 405
1089 402
1090 359
1091 362
1092 350
1093 366
1094 339
1095 347
1096 346
1097 356
1098 357
1099 343
1100 294
1101 326
1102 304
1103 283
1104 273
1105 290
1106 266
1107 278
1108 292
1109 277
1110 244
1111 225
1112 242
1113 255
1114 197
1115 219
1116 220
1117 224
1118 214
1119 217
1120 205
1121 229
1122 196
1123 170
1124 179
1125 180
1126 167
1127 145
1128 136
1129 129
1130 131
1131 152
1132 124
1133 120
1134 115
1135 111
1136 138
1137 109
1138 92
1139 104
1140 110
1141 118
1142 96
1143 102
1144 74
1145 100
1146 79
1147 96
1148 94
1149 66
1150 79
1151 91
1152 62
1153 73
1154 60
1155 81
1156 67
1157 82
1158 47
1159 55
1160 62
1161 58
1162 47
1163 66
1164 38
1165 42
1166 48
1167 49
1168 55
1169 50
1170 41
1171 42
1172 35
1173 37
1174 32
1175 29
1176 36
1177 32
1178 28
1179 30
1180 28
1181 26
1182 25
1183 32
1184 21
1185 28
1186 26
1187 24
1188 22
1189 21
1190 27
1191 26
1192 25
1193 11
1194 27
1195 16
1196 16
1197 10
1198 14
1199 16
1200 17
1201 15
1202 13
1203 13
1204 17
1205 6
1206 5
1207 11
1208 8
1209 10
1210 7
1211 9
1212 7
1213 10
1214 6
1215 5
1216 8
1217 4
1218 14
1219 7
1220 9
1221 9
1222 9
1223 1
1224 2
1225 4
1226 2
1227 5
1228 3
1229 2
1230 3
1231 4
1232 7
1233 8
1234 2
1235 4
1236 1
1237 7
1238 1
1239 1
1240 4
1241 1
1242 4
1243 7
1245 2
1246 3
1248 1
1249 1
1250 1
1251 2
1252 2
1254 1
1255 1
1256 4
1257 4
1258 1
1259 1
1260 2
1261 1
1262 1
1263 2
1266 2
1269 1
1270 1
1271 2
1274 2
1275 1
1277 1
1278 1
1281 1
1282 1
1283 1
1284 2
1285 1
1286 3
1287 1
1289 1
1297 2
1299 1
1300 2
1301 2
1305 1
1310 1
1311 1
1319 1
1330 1
1331 1
1356 1
