N J h mean_R_sq err_mean_R_sq mean_R_gyr_sq err_mean_R_gyr_sq 
600 0.87 0 1231.42 3.1067 633.533 1.11194
1000 16885
1001 15542
1002 13953
1003 12782
1004 11418
1005 10241
1006 9441
1007 8454
1008 7849
1009 6897
1010 6119
1011 5823
1012 5183
1013 4646
1014 4256
1015 3824
1016 3452
1017 3222
1018 2894
1019 2680
1020 2409
1021 2157
1022 2029
1023 1756
1024 1651
1025 1417
1026 1356
1027 1194
1028 1132
1029 977
1030 925
1031 844
1032 722
1033 682
1034 660
1035 591
1036 543
1037 496
1038 411
1039 396
1040 361
1041 335
1042 294
1043 270
1044 239
1045 209
1046 198
1047 187
1048 185
1049 160
1050 137
1051 142
1052 126
1053 139
1054 93
1055 82
1056 95
1057 96
1058 71
1059 82
1060 76
1061 64
1062 61
1063 49
1064 61
1065 44
1066 52
1067 47
1068 30
1069 29
1070 27
1071 23
1072 25
1073 25
1074 13
1075 27
1076 17
1077 18
1078 21
1079 13
1080 17
1081 16
1082 6
1083 8
1084 14
1085 9
1086 19
1087 13
1088 12
1089 12
1090 3
1091 6
1092 10
1093 4
1094 7
1095 8
1096 2
1097 4
1098 1
1099 3
1100 4
1101 2
1102 2
1103 7
1104 2
1105 3
1106 7
1107 2
1108 4
1109 1
1110 2
1111 2
1112 3
1113 3
1114 2
1115 2
1116 5
1117 2
1118 2
1119 2
1121 1
1122 2
1123 1
1124 2
1125 1
1126 1
1127 1
1129 2
1130 4
1133 1
1134 1
1137 1
1138 1
1140 1
1142 1
1147 1
1148 1
1151 1
1157 1
1158 1
1160 1
1161 2
1166 1
1172 1
1181 1
1227 1
1230 1
