N J h mean_R_sq err_mean_R_sq mean_R_gyr_sq err_mean_R_gyr_sq 
550 0.85 0 1217.67 4.67358 498.843 1.03102
1000 5394
1001 4712
1002 4293
1003 3775
1004 3400
1005 2998
1006 2905
1007 2493
1008 2288
1009 2000
1010 1804
1011 1620
1012 1542
1013 1367
1014 1235
1015 1121
1016 952
1017 883
1018 784
1019 706
1020 672
1021 588
1022 517
1023 459
1024 432
1025 412
1026 315
1027 336
1028 283
1029 221
1030 209
1031 216
1032 168
1033 168
1034 135
1035 114
1036 105
1037 114
1038 99
1039 78
1040 76
1041 57
1042 73
1043 52
1044 57
1045 45
1046 37
1047 33
1048 40
1049 30
1050 21
1051 18
1052 26
1053 18
1054 19
1055 13
1056 13
1057 15
1058 11
1059 11
1060 9
1061 6
1062 4
1063 11
1064 8
1065 10
1066 4
1067 6
1068 6
1069 9
1070 1
1071 5
1072 3
1073 1
1074 1
1075 3
1076 1
1077 3
1078 3
1079 2
1080 3
1081 2
1082 2
1083 2
1084 1
1086 3
1087 1
1088 2
1090 1
1092 1
1093 1
1098 1
1106 1
1111 1
1116 1
1125 1
1130 1
