N J h mean_R_sq err_mean_R_sq mean_R_gyr_sq err_mean_R_gyr_sq 
500 0.873 0 951.524 27.7667 460.048 8.18446
952 1
1025 1
1031 1
1039 1
1108 1
1123 1
1128 2
1131 1
1132 1
1156 1
1158 1
1162 1
1165 1
1169 1
1174 1
1182 1
1184 1
1185 1
1194 1
1195 1
1196 1
1197 1
1199 2
1200 2
1201 1
1204 2
1209 1
1210 1
1211 1
1214 3
1217 1
1219 1
1223 1
1226 1
1229 2
1230 3
1233 5
1234 4
1235 2
1236 3
1238 2
1239 2
1240 2
1243 1
1244 1
1246 4
1248 1
1250 2
1252 3
1253 2
1254 2
1255 2
1256 2
1257 3
1258 1
1259 2
1260 2
1261 2
1262 4
1263 2
1264 1
1265 2
1266 3
1267 1
1268 3
1270 1
1271 1
1272 5
1273 2
1275 3
1276 2
1277 4
1278 2
1279 2
1280 1
1281 2
1282 3
1283 5
1284 2
1285 2
1286 3
1287 5
1288 4
1289 4
1290 5
1291 6
1292 4
1293 3
1294 4
1295 3
1296 4
1297 6
1298 3
1299 4
1300 6
1301 4
1302 7
1303 5
1304 10
1305 9
1306 5
1307 3
1308 5
1309 2
1310 5
1311 8
1312 2
1313 9
1314 4
1315 3
1316 3
1317 4
1318 11
1319 6
1320 7
1321 9
1322 4
1323 9
1324 9
1325 7
1326 7
1327 10
1328 5
1329 5
1330 6
1331 6
1332 13
1333 11
1334 6
1335 6
1336 3
1337 5
1338 9
1339 8
1340 8
1341 6
1342 4
1343 9
1344 9
1345 7
1346 3
1347 8
1348 6
1349 6
1350 10
1351 8
1352 12
1353 7
1354 9
1355 6
1356 3
1357 4
1358 8
1359 6
1360 7
1361 9
1362 5
1363 11
1364 5
1365 8
1366 5
1367 2
1368 9
1369 12
1370 11
1371 4
1372 10
1373 4
1374 11
1375 7
1376 11
1377 7
1378 5
1379 6
1380 10
1381 3
1382 13
1383 5
1384 8
1385 7
1386 3
1387 10
1388 7
1389 9
1390 7
1391 4
1392 4
1393 5
1394 5
1395 4
1396 3
1397 4
1398 5
1399 4
1400 2
1401 6
1402 6
1403 8
1404 5
1405 6
1406 6
1407 9
1408 4
1409 5
1410 3
1411 5
1412 9
1413 4
1415 11
1416 3
1417 3
1418 2
1419 4
1420 8
1421 3
1422 5
1423 3
1424 4
1425 6
1426 4
1427 5
1428 7
1429 3
1430 2
1431 4
1432 3
1433 2
1434 2
1435 3
1436 1
1437 2
1439 4
1440 4
1441 3
1443 1
1444 3
1445 4
1446 5
1447 1
1448 2
1449 2
1450 2
1452 2
1453 1
1454 2
1458 1
1463 3
1464 3
1466 2
1468 1
1469 1
1470 1
1472 1
1473 2
1475 1
1476 1
1477 1
1480 1
1483 1
1490 1
1495 1
1496 1
1497 1
1503 1
