N J h mean_R_sq err_mean_R_sq mean_R_gyr_sq err_mean_R_gyr_sq 
550 0.888 0 1005.65 4.03104 596.602 1.50064
516 1
532 1
536 1
552 1
581 1
585 1
586 1
591 1
593 1
597 1
608 1
610 1
612 1
614 1
629 1
630 1
632 1
635 2
640 2
646 1
652 1
653 1
656 1
657 2
661 1
665 3
666 1
667 1
669 2
671 2
674 5
675 1
676 1
677 1
680 1
681 1
683 1
684 1
685 4
686 2
689 1
690 2
691 3
692 2
693 2
696 2
697 2
698 1
699 1
700 1
701 2
702 1
703 6
704 1
705 1
707 1
708 1
710 1
711 4
712 1
713 3
716 4
717 3
718 2
719 5
720 3
721 1
722 2
723 2
724 3
725 7
726 3
727 4
728 3
729 2
730 3
731 4
732 1
733 2
734 3
735 2
736 3
737 4
738 4
739 4
740 3
741 4
742 5
743 5
744 3
745 6
746 11
747 5
748 6
749 3
750 8
751 4
752 9
753 4
754 2
755 2
756 5
757 8
758 7
759 11
760 2
761 7
762 8
763 5
764 2
765 10
766 9
767 8
768 5
769 3
770 6
771 12
772 3
773 12
774 12
775 8
776 8
777 12
778 2
779 13
780 8
781 12
782 15
783 7
784 15
785 10
786 17
787 10
788 12
789 5
790 14
791 13
792 15
793 14
794 9
795 5
796 13
797 16
798 13
799 12
800 10
801 14
802 19
803 16
804 13
805 15
806 21
807 20
808 17
809 22
810 19
811 17
812 22
813 19
814 29
815 21
816 25
817 19
818 20
819 25
820 21
821 24
822 14
823 28
824 33
825 23
826 38
827 34
828 33
829 32
830 40
831 24
832 25
833 26
834 32
835 32
836 42
837 37
838 39
839 35
840 42
841 42
842 38
843 40
844 30
845 53
846 36
847 43
848 44
849 41
850 59
851 46
852 46
853 50
854 51
855 46
856 57
857 58
858 45
859 41
860 61
861 52
862 52
863 48
864 62
865 69
866 72
867 74
868 66
869 66
870 58
871 72
872 80
873 74
874 67
875 84
876 78
877 66
878 75
879 79
880 80
881 86
882 78
883 80
884 95
885 98
886 90
887 80
888 82
889 85
890 86
891 90
892 107
893 104
894 110
895 110
896 108
897 109
898 102
899 106
900 106
901 96
902 136
903 103
904 101
905 115
906 123
907 118
908 99
909 123
910 128
911 155
912 133
913 148
914 129
915 130
916 134
917 134
918 121
919 156
920 141
921 143
922 117
923 166
924 142
925 176
926 170
927 147
928 149
929 159
930 178
931 159
932 158
933 157
934 166
935 177
936 169
937 171
938 171
939 182
940 196
941 163
942 152
943 160
944 202
945 187
946 204
947 215
948 197
949 201
950 183
951 192
952 193
953 176
954 200
955 200
956 220
957 198
958 234
959 201
960 223
961 211
962 218
963 227
964 220
965 224
966 211
967 225
968 233
969 234
970 231
971 220
972 217
973 212
974 236
975 236
976 226
977 216
978 182
979 222
980 220
981 235
982 243
983 242
984 230
985 235
986 243
987 251
988 228
989 238
990 201
991 231
992 230
993 232
994 246
995 242
996 256
997 224
998 228
999 252
1000 231
1001 215
1002 233
1003 232
1004 227
1005 221
1006 248
1007 225
1008 232
1009 255
1010 243
1011 238
1012 230
1013 240
1014 236
1015 243
1016 210
1017 227
1018 219
1019 210
1020 242
1021 251
1022 211
1023 225
1024 215
1025 249
1026 206
1027 224
1028 213
1029 237
1030 209
1031 233
1032 223
1033 184
1034 213
1035 238
1036 196
1037 209
1038 207
1039 212
1040 209
1041 213
1042 225
1043 188
1044 219
1045 206
1046 211
1047 194
1048 178
1049 182
1050 194
1051 194
1052 210
1053 181
1054 196
1055 178
1056 189
1057 193
1058 192
1059 189
1060 156
1061 185
1062 176
1063 185
1064 155
1065 177
1066 163
1067 164
1068 173
1069 168
1070 155
1071 156
1072 166
1073 153
1074 148
1075 163
1076 134
1077 175
1078 129
1079 144
1080 154
1081 156
1082 131
1083 127
1084 120
1085 138
1086 115
1087 115
1088 133
1089 131
1090 113
1091 133
1092 115
1093 126
1094 125
1095 122
1096 149
1097 109
1098 112
1099 114
1100 128
1101 102
1102 119
1103 97
1104 109
1105 100
1106 106
1107 101
1108 93
1109 95
1110 92
1111 89
1112 76
1113 82
1114 71
1115 82
1116 87
1117 88
1118 95
1119 73
1120 74
1121 70
1122 85
1123 73
1124 89
1125 60
1126 67
1127 67
1128 81
1129 65
1130 63
1131 62
1132 77
1133 69
1134 54
1135 68
1136 55
1137 40
1138 57
1139 63
1140 46
1141 53
1142 53
1143 64
1144 53
1145 67
1146 46
1147 52
1148 47
1149 45
1150 55
1151 52
1152 46
1153 40
1154 36
1155 34
1156 51
1157 43
1158 36
1159 41
1160 30
1161 36
1162 36
1163 31
1164 35
1165 29
1166 44
1167 33
1168 25
1169 26
1170 22
1171 22
1172 32
1173 21
1174 32
1175 24
1176 34
1177 24
1178 19
1179 23
1180 27
1181 23
1182 23
1183 25
1184 24
1185 17
1186 18
1187 19
1188 16
1189 16
1190 20
1191 17
1192 12
1193 19
1194 16
1195 16
1196 11
1197 11
1198 13
1199 15
1200 21
1201 17
1202 8
1203 9
1204 12
1205 23
1206 13
1207 6
1208 7
1209 14
1210 15
1211 10
1212 10
1213 7
1214 9
1215 10
1216 10
1217 17
1218 13
1219 8
1220 13
1221 8
1222 8
1223 7
1224 11
1225 3
1226 8
1227 9
1228 6
1229 12
1230 11
1231 6
1232 5
1233 6
1234 6
1235 4
1236 8
1237 6
1238 6
1239 7
1240 6
1241 8
1242 9
1243 2
1244 5
1245 4
1246 3
1247 7
1248 4
1249 3
1250 3
1251 1
1252 3
1253 6
1254 3
1255 4
1256 4
1257 5
1258 7
1259 9
1260 2
1261 3
1262 3
1263 7
1264 2
1265 3
1266 4
1267 2
1268 6
1269 4
1270 7
1271 3
1272 2
1273 2
1274 2
1275 2
1277 2
1278 1
1279 1
1280 3
1281 4
1282 3
1284 2
1285 3
1286 1
1287 1
1288 2
1289 3
1290 2
1291 5
1292 1
1293 1
1294 2
1295 2
1296 1
1297 2
1298 1
1299 1
1300 1
1301 1
1302 5
1304 2
1305 2
1307 1
1310 2
1313 2
1315 2
1316 2
1319 1
1320 1
1322 1
1324 2
1325 3
1327 3
1329 1
1331 2
1335 2
1336 1
1338 2
1341 1
1343 1
1347 1
1349 1
1350 1
1353 1
1355 1
1356 1
1357 2
1358 1
1361 1
1363 1
1367 1
1369 1
1374 2
1379 1
1382 1
1383 1
1384 2
1385 1
1386 2
1391 1
1398 1
1399 1
1402 1
1407 1
1408 1
1415 1
1417 2
1421 1
1422 1
1423 1
1438 1
1448 1
1449 1
1450 1
1451 2
1452 1
1457 1
