N J h mean_R_sq err_mean_R_sq mean_R_gyr_sq err_mean_R_gyr_sq 
600 0.85 0 1346.14 5.36856 587.053 1.71535
1088 1
1121 1
1125 1
1128 1
1138 1
1141 1
1155 1
1156 1
1158 1
1162 1
1163 1
1164 1
1165 1
1173 1
1174 1
1177 1
1178 1
1179 1
1181 4
1182 1
1183 2
1184 1
1185 2
1187 2
1188 2
1189 1
1190 1
1191 1
1193 2
1194 3
1195 2
1196 1
1198 2
1199 1
1200 1
1201 2
1202 4
1204 3
1205 2
1206 1
1208 1
1209 6
1210 1
1211 1
1212 2
1213 2
1214 3
1215 2
1216 2
1217 7
1218 2
1219 6
1220 7
1221 4
1222 4
1223 4
1224 6
1225 3
1226 2
1227 6
1228 7
1229 4
1230 5
1231 7
1232 9
1233 15
1234 6
1235 6
1236 4
1237 8
1238 8
1239 5
1240 9
1241 9
1242 15
1243 8
1244 13
1245 6
1246 10
1247 7
1248 11
1249 13
1250 13
1251 15
1252 14
1253 13
1254 9
1255 12
1256 14
1257 24
1258 21
1259 18
1260 15
1261 16
1262 19
1263 19
1264 21
1265 20
1266 30
1267 28
1268 21
1269 21
1270 22
1271 30
1272 30
1273 30
1274 39
1275 37
1276 40
1277 36
1278 37
1279 36
1280 34
1281 44
1282 39
1283 42
1284 32
1285 42
1286 50
1287 60
1288 45
1289 59
1290 62
1291 56
1292 62
1293 52
1294 63
1295 65
1296 74
1297 69
1298 77
1299 60
1300 84
1301 62
1302 70
1303 73
1304 80
1305 94
1306 90
1307 90
1308 103
1309 109
1310 94
1311 103
1312 94
1313 112
1314 105
1315 133
1316 135
1317 112
1318 109
1319 124
1320 148
1321 144
1322 145
1323 132
1324 167
1325 158
1326 137
1327 141
1328 150
1329 180
1330 196
1331 156
1332 162
1333 177
1334 202
1335 181
1336 187
1337 189
1338 218
1339 230
1340 221
1341 231
1342 216
1343 233
1344 205
1345 233
1346 213
1347 222
1348 224
1349 231
1350 261
1351 285
1352 245
1353 283
1354 274
1355 273
1356 289
1357 252
1358 290
1359 283
1360 287
1361 308
1362 291
1363 298
1364 308
1365 296
1366 336
1367 298
1368 327
1369 291
1370 319
1371 311
1372 332
1373 349
1374 315
1375 311
1376 319
1377 346
1378 396
1379 320
1380 354
1381 362
1382 374
1383 359
1384 362
1385 332
1386 342
1387 382
1388 415
1389 356
1390 342
1391 371
1392 355
1393 369
1394 322
1395 343
1396 347
1397 373
1398 357
1399 363
1400 339
1401 368
1402 376
1403 359
1404 333
1405 334
1406 319
1407 376
1408 330
1409 366
1410 353
1411 319
1412 325
1413 283
1414 303
1415 308
1416 319
1417 318
1418 308
1419 273
1420 281
1421 310
1422 285
1423 298
1424 292
1425 322
1426 280
1427 237
1428 296
1429 266
1430 273
1431 262
1432 214
1433 244
1434 269
1435 235
1436 258
1437 218
1438 239
1439 219
1440 224
1441 199
1442 183
1443 199
1444 175
1445 196
1446 202
1447 165
1448 173
1449 169
1450 176
1451 169
1452 128
1453 143
1454 141
1455 132
1456 138
1457 135
1458 144
1459 147
1460 118
1461 110
1462 131
1463 105
1464 113
1465 93
1466 90
1467 96
1468 80
1469 81
1470 82
1471 95
1472 76
1473 65
1474 68
1475 70
1476 66
1477 56
1478 69
1479 61
1480 59
1481 44
1482 49
1483 44
1484 46
1485 55
1486 45
1487 41
1488 35
1489 34
1490 39
1491 33
1492 26
1493 22
1494 32
1495 21
1496 30
1497 20
1498 23
1499 26
1500 17
1501 17
1502 18
1503 24
1504 15
1505 10
1506 11
1507 12
1508 12
1509 11
1510 6
1511 8
1512 11
1513 10
1514 10
1515 8
1516 3
1517 8
1518 7
1519 7
1520 5
1521 5
1522 6
1523 7
1524 9
1525 6
1526 4
1528 6
1530 3
1531 2
1532 2
1533 2
1534 3
1536 6
1537 2
1538 4
1539 2
1540 4
1541 1
1542 2
1543 2
1544 4
1545 3
1546 1
1547 1
1548 1
1549 1
1551 3
1553 1
1561 1
1573 1
