N J h mean_R_sq err_mean_R_sq mean_R_gyr_sq err_mean_R_gyr_sq 
600 0.83 0 1432 5.56756 554.864 1.33185
721 1
747 1
749 1
752 2
766 1
767 1
768 1
769 1
774 4
777 1
778 1
780 2
785 3
786 1
787 1
788 1
789 3
790 4
791 1
792 1
793 1
794 1
795 3
796 2
797 1
799 1
800 2
801 2
803 4
804 2
805 2
806 2
807 1
808 4
809 3
810 3
811 4
812 4
813 3
814 6
815 1
816 4
817 2
818 4
819 5
820 10
821 12
822 5
823 7
824 5
825 9
826 8
827 5
828 8
829 9
830 9
831 12
832 9
833 7
834 11
835 8
836 11
837 8
838 8
839 12
840 10
841 10
842 6
843 12
844 7
845 9
846 16
847 18
848 13
849 16
850 9
851 18
852 22
853 17
854 23
855 11
856 26
857 20
858 16
859 20
860 22
861 26
862 21
863 26
864 27
865 28
866 25
867 21
868 28
869 35
870 32
871 25
872 32
873 31
874 34
875 42
876 40
877 37
878 43
879 54
880 37
881 51
882 31
883 49
884 53
885 59
886 56
887 73
888 51
889 64
890 71
891 58
892 56
893 59
894 78
895 74
896 88
897 81
898 62
899 75
900 85
901 74
902 88
903 86
904 97
905 72
906 89
907 111
908 112
909 101
910 94
911 113
912 101
913 97
914 93
915 109
916 115
917 119
918 142
919 126
920 137
921 122
922 143
923 132
924 144
925 146
926 141
927 136
928 159
929 158
930 156
931 151
932 171
933 178
934 158
935 160
936 177
937 167
938 185
939 174
940 169
941 171
942 208
943 164
944 193
945 214
946 212
947 187
948 215
949 205
950 191
951 218
952 207
953 241
954 224
955 236
956 216
957 226
958 221
959 221
960 226
961 254
962 233
963 241
964 236
965 233
966 236
967 250
968 254
969 236
970 244
971 245
972 250
973 271
974 243
975 283
976 261
977 262
978 268
979 260
980 303
981 274
982 279
983 261
984 270
985 250
986 272
987 271
988 298
989 298
990 257
991 303
992 303
993 257
994 259
995 274
996 280
997 262
998 298
999 311
1000 297
1001 305
1002 293
1003 279
1004 270
1005 281
1006 261
1007 307
1008 283
1009 278
1010 282
1011 297
1012 274
1013 321
1014 288
1015 270
1016 252
1017 271
1018 238
1019 281
1020 295
1021 250
1022 241
1023 259
1024 265
1025 282
1026 248
1027 282
1028 257
1029 288
1030 276
1031 245
1032 227
1033 260
1034 237
1035 242
1036 233
1037 237
1038 220
1039 237
1040 255
1041 214
1042 221
1043 221
1044 214
1045 220
1046 231
1047 234
1048 211
1049 191
1050 209
1051 227
1052 187
1053 183
1054 207
1055 185
1056 198
1057 208
1058 146
1059 178
1060 163
1061 193
1062 171
1063 189
1064 169
1065 163
1066 172
1067 152
1068 151
1069 151
1070 168
1071 176
1072 130
1073 161
1074 156
1075 141
1076 120
1077 108
1078 124
1079 134
1080 127
1081 126
1082 112
1083 104
1084 97
1085 102
1086 103
1087 122
1088 95
1089 86
1090 96
1091 85
1092 82
1093 90
1094 85
1095 84
1096 91
1097 93
1098 83
1099 79
1100 84
1101 65
1102 68
1103 72
1104 65
1105 74
1106 59
1107 72
1108 78
1109 57
1110 52
1111 47
1112 68
1113 53
1114 48
1115 41
1116 50
1117 37
1118 43
1119 40
1120 49
1121 40
1122 41
1123 35
1124 54
1125 34
1126 34
1127 28
1128 40
1129 29
1130 35
1131 24
1132 29
1133 37
1134 29
1135 35
1136 22
1137 32
1138 20
1139 34
1140 24
1141 34
1142 20
1143 16
1144 23
1145 17
1146 22
1147 21
1148 26
1149 16
1150 23
1151 14
1152 7
1153 12
1154 14
1155 15
1156 11
1157 14
1158 13
1159 13
1160 15
1161 19
1162 12
1163 7
1164 10
1165 11
1166 6
1167 13
1168 9
1169 6
1170 8
1171 12
1172 7
1173 8
1174 6
1175 3
1176 7
1177 4
1178 7
1179 2
1180 6
1181 3
1182 8
1183 4
1184 4
1185 3
1186 1
1187 3
1189 4
1190 3
1191 2
1193 2
1194 1
1195 4
1196 4
1197 4
1198 3
1200 1
1202 1
1203 2
1204 2
1205 2
1206 2
1207 1
1210 1
1214 1
1215 2
1216 1
1220 1
1224 3
1229 1
1230 1
1238 2
1239 1
1241 1
