N J h mean_R_sq err_mean_R_sq mean_R_gyr_sq err_mean_R_gyr_sq 
600 0.93 0 168.801 2.67752 2004 5.6597
364 1
365 1
375 2
381 1
387 1
391 1
396 1
400 1
405 2
407 1
408 1
411 1
413 2
414 2
415 1
420 1
422 1
423 2
424 1
425 1
429 2
430 2
432 4
433 1
434 2
437 1
438 4
439 2
440 3
441 1
442 1
443 3
445 5
446 2
447 3
448 2
449 3
450 2
451 1
452 2
453 1
455 2
456 4
457 3
458 3
459 2
460 3
461 1
462 2
463 1
464 4
465 4
466 4
467 6
468 3
469 6
470 3
471 3
472 3
473 3
474 4
475 3
476 3
477 2
478 3
479 3
480 3
481 3
482 2
483 5
484 2
485 7
486 3
487 4
488 3
489 1
490 4
491 10
492 7
493 4
494 3
495 4
496 4
497 7
498 10
499 7
500 7
501 8
502 11
503 9
504 5
505 4
506 9
507 9
508 5
509 8
510 6
511 10
512 9
513 9
514 5
515 8
516 5
517 9
518 7
519 8
520 14
521 7
522 9
523 9
524 9
525 7
526 8
527 8
528 5
529 5
530 9
531 9
532 11
533 14
534 14
535 5
536 10
537 9
538 8
539 15
540 8
541 15
542 9
543 12
544 14
545 6
546 18
547 10
548 10
549 12
550 12
551 11
552 7
553 16
554 12
555 11
556 20
557 11
558 16
559 14
560 11
561 13
562 17
563 11
564 13
565 10
566 6
567 9
568 13
569 13
570 11
571 22
572 16
573 10
574 14
575 19
576 14
577 15
578 20
579 13
580 18
581 10
582 12
583 12
584 15
585 13
586 17
587 16
588 24
589 20
590 15
591 18
592 15
593 19
594 14
595 12
596 11
597 20
598 18
599 23
600 18
601 8
602 11
603 18
604 25
605 24
606 28
607 24
608 22
609 12
610 33
611 14
612 15
613 18
614 16
615 10
616 12
617 22
618 23
619 16
620 20
621 20
622 13
623 24
624 20
625 21
626 19
627 25
628 27
629 17
630 18
631 14
632 17
633 24
634 27
635 18
636 22
637 20
638 18
639 26
640 32
641 21
642 23
643 25
644 31
645 18
646 24
647 24
648 20
649 27
650 18
651 21
652 17
653 26
654 26
655 22
656 25
657 21
658 18
659 20
660 21
661 23
662 21
663 29
664 17
665 22
666 27
667 23
668 17
669 23
670 20
671 18
672 25
673 25
674 16
675 28
676 30
677 19
678 23
679 25
680 21
681 23
682 17
683 22
684 19
685 16
686 11
687 16
688 22
689 24
690 18
691 17
692 13
693 19
694 26
695 27
696 18
697 29
698 17
699 22
700 22
701 18
702 18
703 16
704 21
705 21
706 20
707 27
708 19
709 14
710 20
711 20
712 17
713 17
714 25
715 21
716 23
717 24
718 15
719 21
720 25
721 24
722 22
723 27
724 24
725 19
726 22
727 23
728 21
729 17
730 23
731 17
732 22
733 22
734 20
735 14
736 26
737 18
738 17
739 16
740 17
741 24
742 20
743 17
744 20
745 15
746 12
747 17
748 13
749 15
750 12
751 21
752 14
753 15
754 19
755 16
756 21
757 20
758 21
759 16
760 16
761 15
762 10
763 24
764 25
765 18
766 19
767 14
768 15
769 20
770 18
771 15
772 10
773 15
774 23
775 17
776 15
777 10
778 13
779 9
780 16
781 13
782 11
783 15
784 16
785 15
786 14
787 11
788 15
789 13
790 9
791 13
792 16
793 10
794 15
795 13
796 18
797 14
798 10
799 10
800 17
801 17
802 14
803 14
804 12
805 14
806 18
807 8
808 10
809 10
810 8
811 9
812 15
813 10
814 10
815 11
816 16
817 15
818 11
819 11
820 9
821 9
822 5
823 10
824 8
825 12
826 8
827 16
828 11
829 5
830 7
831 14
832 12
833 9
834 8
835 9
836 8
837 5
838 10
839 14
840 11
841 6
842 8
843 14
844 7
845 12
846 7
847 5
848 6
849 7
850 10
851 5
852 13
853 10
854 7
855 7
856 8
857 8
858 7
859 5
860 6
861 11
862 2
863 10
864 11
865 8
866 2
867 7
868 9
869 9
870 9
871 6
872 10
873 10
874 7
875 6
876 6
877 7
878 7
879 9
880 6
881 8
882 6
883 11
884 7
885 11
886 4
887 10
888 5
889 7
890 3
891 6
892 6
893 3
894 5
895 5
896 5
897 4
898 5
899 3
900 5
901 7
902 2
903 5
904 3
905 9
906 3
907 5
908 4
909 6
910 7
911 3
912 6
913 7
914 4
915 3
916 5
917 2
918 2
919 5
920 2
921 2
922 5
923 9
924 1
925 2
926 3
927 3
928 4
929 1
930 2
931 2
932 4
933 2
934 2
935 1
936 7
937 6
938 5
939 4
940 2
941 3
942 2
943 4
944 2
945 5
946 3
947 3
948 3
949 3
950 7
951 3
952 2
953 2
955 2
957 1
958 4
959 3
960 1
961 4
962 3
965 1
966 4
967 2
968 1
969 1
970 5
971 1
972 3
973 2
974 3
975 1
977 3
978 3
979 2
980 1
981 1
983 2
984 5
985 3
986 2
987 3
990 2
991 2
992 1
993 4
994 1
995 2
997 2
1000 2
1001 2
1002 4
1003 1
1004 1
1005 1
1008 2
1010 1
1011 1
1012 2
1014 1
1015 3
1016 4
1018 1
1020 3
1021 1
1022 3
1023 1
1024 1
1027 2
1028 2
1029 1
1033 2
1035 2
1036 2
1037 1
1038 2
1039 1
1040 4
1042 3
1043 1
1044 1
1045 1
1046 1
1047 2
1048 3
1049 2
1050 3
1051 2
1053 1
1054 1
1055 2
1056 2
1063 3
1065 1
1066 1
1067 1
1068 2
1069 1
1070 1
1072 1
1075 1
1076 2
1080 1
1083 1
1086 2
1089 2
1091 1
1092 1
1094 1
1095 2
1099 1
1105 1
1106 1
1108 1
1116 1
1119 1
1121 1
1122 1
1124 1
1126 2
1127 1
1128 3
1138 1
1139 1
1142 1
1147 2
1148 1
1150 1
1152 1
1153 2
1156 2
1157 1
1159 2
1160 2
1162 1
1163 3
1165 1
1166 1
1170 1
1176 1
1180 1
1182 1
1184 1
1188 1
1197 1
1201 2
1204 1
1211 1
1213 1
1214 1
1215 1
1226 1
1227 1
1229 1
1230 2
1232 1
1233 1
1236 1
1237 1
1239 1
1240 2
1245 1
1247 1
1252 1
1262 1
1263 1
1265 1
1266 1
1269 1
1289 1
1296 1
1298 1
1299 1
1309 1
1319 1
1326 1
1329 1
1336 1
1362 1
1367 1
