N J h mean_R_sq err_mean_R_sq mean_R_gyr_sq err_mean_R_gyr_sq 
600 0.91 0 551.875 6.38914 1300.06 6.25279
340 1
343 1
349 1
350 1
356 1
358 2
366 1
367 1
376 1
379 1
382 2
384 1
385 1
387 1
389 2
392 1
394 2
395 2
396 1
397 2
398 1
399 3
400 1
402 4
403 1
404 1
405 3
406 2
407 3
408 1
409 1
410 2
411 3
412 6
413 1
414 4
415 6
416 2
418 3
419 3
420 3
421 2
422 4
423 3
424 1
425 4
426 2
427 1
428 1
429 3
430 3
431 2
432 2
433 2
434 3
435 5
436 1
437 7
438 3
439 7
440 2
441 3
443 5
444 3
445 7
446 8
447 8
448 3
449 6
450 4
451 7
452 7
453 2
454 5
455 3
456 4
457 4
458 8
459 14
460 5
461 4
462 4
463 7
464 7
465 7
466 6
467 6
468 8
469 7
470 8
471 6
472 7
473 15
474 7
475 7
476 10
477 3
478 5
479 9
480 9
481 1
482 10
483 7
484 5
485 8
486 2
487 7
488 7
489 5
490 5
491 10
492 12
493 9
494 8
495 7
496 8
497 10
498 10
499 8
500 12
501 14
502 9
503 6
504 10
505 7
506 14
507 14
508 15
509 11
510 12
511 17
512 23
513 10
514 9
515 8
516 16
517 9
518 13
519 13
520 15
521 15
522 14
523 14
524 13
525 14
526 8
527 16
528 16
529 9
530 18
531 16
532 16
533 16
534 13
535 16
536 15
537 19
538 20
539 10
540 26
541 6
542 21
543 13
544 11
545 13
546 12
547 21
548 16
549 9
550 17
551 18
552 22
553 18
554 13
555 14
556 19
557 14
558 17
559 12
560 11
561 26
562 13
563 30
564 18
565 16
566 25
567 27
568 12
569 21
570 15
571 17
572 19
573 22
574 26
575 20
576 15
577 22
578 15
579 11
580 23
581 14
582 14
583 24
584 11
585 17
586 13
587 17
588 23
589 16
590 22
591 22
592 22
593 20
594 17
595 17
596 30
597 27
598 23
599 16
600 17
601 22
602 19
603 18
604 27
605 25
606 24
607 23
608 24
609 15
610 21
611 20
612 24
613 15
614 27
615 18
616 16
617 24
618 13
619 34
620 12
621 22
622 16
623 25
624 20
625 25
626 21
627 21
628 22
629 19
630 25
631 25
632 24
633 28
634 22
635 23
636 15
637 23
638 34
639 28
640 22
641 19
642 15
643 28
644 19
645 17
646 23
647 22
648 29
649 30
650 23
651 23
652 25
653 19
654 27
655 17
656 26
657 22
658 29
659 30
660 25
661 25
662 21
663 19
664 21
665 26
666 32
667 27
668 21
669 26
670 23
671 26
672 31
673 28
674 20
675 26
676 27
677 23
678 23
679 29
680 22
681 27
682 33
683 22
684 18
685 26
686 30
687 16
688 34
689 28
690 34
691 23
692 15
693 23
694 29
695 22
696 23
697 38
698 31
699 31
700 23
701 26
702 28
703 17
704 31
705 30
706 23
707 31
708 23
709 25
710 27
711 27
712 26
713 32
714 24
715 25
716 40
717 28
718 29
719 37
720 29
721 25
722 27
723 23
724 23
725 30
726 32
727 22
728 19
729 32
730 27
731 24
732 22
733 26
734 26
735 29
736 22
737 28
738 31
739 29
740 24
741 28
742 29
743 29
744 40
745 27
746 36
747 23
748 29
749 32
750 30
751 28
752 25
753 29
754 32
755 30
756 33
757 32
758 33
759 36
760 29
761 36
762 27
763 32
764 34
765 32
766 34
767 28
768 30
769 36
770 29
771 29
772 37
773 42
774 33
775 48
776 39
777 26
778 40
779 31
780 36
781 31
782 46
783 27
784 28
785 31
786 32
787 35
788 30
789 34
790 39
791 30
792 32
793 35
794 42
795 38
796 28
797 29
798 35
799 31
800 44
801 39
802 39
803 42
804 34
805 35
806 38
807 44
808 33
809 42
810 50
811 33
812 43
813 37
814 42
815 32
816 42
817 36
818 43
819 32
820 37
821 47
822 38
823 40
824 42
825 44
826 36
827 43
828 42
829 56
830 36
831 43
832 51
833 58
834 44
835 46
836 50
837 47
838 42
839 56
840 45
841 49
842 45
843 50
844 41
845 44
846 48
847 51
848 36
849 37
850 62
851 70
852 49
853 50
854 50
855 52
856 50
857 54
858 55
859 52
860 58
861 64
862 51
863 60
864 48
865 60
866 54
867 62
868 72
869 54
870 52
871 58
872 62
873 50
874 59
875 46
876 43
877 55
878 70
879 65
880 50
881 56
882 66
883 68
884 61
885 52
886 64
887 82
888 75
889 63
890 70
891 67
892 78
893 83
894 74
895 65
896 64
897 58
898 79
899 77
900 66
901 73
902 65
903 79
904 47
905 75
906 68
907 71
908 84
909 79
910 71
911 97
912 88
913 81
914 55
915 87
916 69
917 70
918 78
919 83
920 83
921 78
922 90
923 74
924 83
925 74
926 75
927 86
928 76
929 99
930 96
931 83
932 81
933 89
934 91
935 101
936 83
937 89
938 95
939 79
940 83
941 98
942 99
943 93
944 97
945 83
946 86
947 104
948 93
949 93
950 86
951 86
952 96
953 95
954 91
955 104
956 97
957 97
958 119
959 101
960 89
961 107
962 121
963 112
964 91
965 96
966 88
967 79
968 109
969 100
970 105
971 104
972 93
973 87
974 109
975 114
976 98
977 101
978 104
979 99
980 98
981 114
982 105
983 97
984 100
985 100
986 87
987 100
988 118
989 115
990 112
991 109
992 117
993 114
994 92
995 106
996 105
997 98
998 112
999 106
1000 105
1001 111
1002 86
1003 127
1004 91
1005 111
1006 114
1007 90
1008 97
1009 104
1010 108
1011 120
1012 108
1013 116
1014 101
1015 91
1016 100
1017 103
1018 102
1019 87
1020 97
1021 94
1022 114
1023 108
1024 106
1025 96
1026 96
1027 103
1028 84
1029 88
1030 105
1031 116
1032 104
1033 97
1034 108
1035 102
1036 108
1037 111
1038 104
1039 95
1040 105
1041 100
1042 104
1043 110
1044 73
1045 94
1046 126
1047 94
1048 97
1049 105
1050 88
1051 76
1052 97
1053 103
1054 83
1055 91
1056 95
1057 84
1058 78
1059 87
1060 94
1061 74
1062 93
1063 91
1064 81
1065 97
1066 87
1067 81
1068 76
1069 87
1070 74
1071 85
1072 96
1073 81
1074 86
1075 95
1076 67
1077 77
1078 80
1079 87
1080 82
1081 81
1082 83
1083 72
1084 77
1085 95
1086 77
1087 72
1088 83
1089 77
1090 88
1091 73
1092 73
1093 71
1094 70
1095 62
1096 79
1097 60
1098 61
1099 77
1100 64
1101 73
1102 78
1103 64
1104 91
1105 55
1106 78
1107 84
1108 69
1109 58
1110 75
1111 65
1112 73
1113 78
1114 60
1115 56
1116 80
1117 68
1118 49
1119 54
1120 57
1121 48
1122 46
1123 54
1124 67
1125 54
1126 49
1127 45
1128 47
1129 59
1130 62
1131 43
1132 53
1133 52
1134 58
1135 65
1136 43
1137 51
1138 52
1139 47
1140 58
1141 40
1142 45
1143 49
1144 51
1145 60
1146 43
1147 45
1148 50
1149 44
1150 48
1151 50
1152 52
1153 41
1154 49
1155 44
1156 49
1157 41
1158 32
1159 44
1160 53
1161 48
1162 53
1163 49
1164 43
1165 38
1166 42
1167 51
1168 48
1169 39
1170 45
1171 47
1172 43
1173 38
1174 53
1175 38
1176 48
1177 32
1178 43
1179 44
1180 39
1181 43
1182 38
1183 40
1184 26
1185 42
1186 39
1187 35
1188 44
1189 49
1190 37
1191 35
1192 40
1193 47
1194 37
1195 31
1196 39
1197 35
1198 36
1199 38
1200 37
1201 47
1202 41
1203 41
1204 34
1205 36
1206 35
1207 32
1208 40
1209 40
1210 31
1211 33
1212 28
1213 28
1214 42
1215 31
1216 34
1217 37
1218 40
1219 38
1220 29
1221 42
1222 16
1223 41
1224 38
1225 28
1226 37
1227 33
1228 38
1229 34
1230 31
1231 27
1232 33
1233 31
1234 31
1235 36
1236 29
1237 51
1238 37
1239 46
1240 29
1241 43
1242 29
1243 24
1244 33
1245 17
1246 24
1247 23
1248 31
1249 34
1250 23
1251 32
1252 24
1253 36
1254 26
1255 32
1256 29
1257 36
1258 23
1259 45
1260 31
1261 28
1262 29
1263 29
1264 39
1265 22
1266 38
1267 24
1268 24
1269 26
1270 34
1271 33
1272 30
1273 41
1274 24
1275 26
1276 37
1277 31
1278 30
1279 17
1280 27
1281 33
1282 39
1283 31
1284 23
1285 34
1286 25
1287 18
1288 21
1289 19
1290 30
1291 22
1292 37
1293 38
1294 28
1295 26
1296 29
1297 33
1298 26
1299 26
1300 27
1301 19
1302 30
1303 18
1304 28
1305 29
1306 38
1307 19
1308 22
1309 19
1310 23
1311 25
1312 27
1313 33
1314 36
1315 21
1316 33
1317 27
1318 34
1319 27
1320 24
1321 26
1322 28
1323 24
1324 24
1325 24
1326 24
1327 28
1328 22
1329 21
1330 25
1331 30
1332 23
1333 27
1334 23
1335 24
1336 27
1337 26
1338 28
1339 23
1340 20
1341 21
1342 24
1343 33
1344 20
1345 27
1346 25
1347 25
1348 28
1349 34
1350 22
1351 25
1352 32
1353 27
1354 31
1355 22
1356 25
1357 34
1358 22
1359 26
1360 18
1361 22
1362 26
1363 25
1364 21
1365 28
1366 25
1367 18
1368 20
1369 29
1370 28
1371 30
1372 28
1373 32
1374 25
1375 17
1376 21
1377 18
1378 23
1379 19
1380 18
1381 12
1382 24
1383 18
1384 35
1385 27
1386 19
1387 12
1388 20
1389 12
1390 20
1391 17
1392 26
1393 18
1394 17
1395 24
1396 19
1397 20
1398 22
1399 23
1400 20
1401 14
1402 25
1403 22
1404 19
1405 12
1406 18
1407 23
1408 17
1409 22
1410 18
1411 16
1412 23
1413 17
1414 17
1415 29
1416 13
1417 16
1418 15
1419 17
1420 18
1421 13
1422 17
1423 21
1424 21
1425 19
1426 17
1427 31
1428 17
1429 14
1430 17
1431 16
1432 17
1433 18
1434 18
1435 10
1436 19
1437 15
1438 11
1439 16
1440 19
1441 18
1442 16
1443 17
1444 25
1445 18
1446 22
1447 16
1448 19
1449 12
1450 15
1451 15
1452 10
1453 14
1454 13
1455 11
1456 13
1457 18
1458 17
1459 16
1460 13
1461 17
1462 18
1463 14
1464 18
1465 15
1466 18
1467 12
1468 10
1469 20
1470 16
1471 13
1472 8
1473 11
1474 11
1475 15
1476 16
1477 14
1478 11
1479 9
1480 16
1481 9
1482 14
1483 14
1484 7
1485 14
1486 14
1487 11
1488 15
1489 10
1490 20
1491 9
1492 16
1493 8
1494 12
1495 11
1496 9
1497 6
1498 16
1499 10
1500 11
1501 9
1502 10
1503 8
1504 9
1505 5
1506 5
1507 12
1508 4
1509 8
1510 6
1511 9
1512 4
1513 6
1514 15
1515 7
1516 7
1517 7
1518 4
1519 10
1520 10
1521 10
1522 8
1523 4
1524 10
1525 6
1526 12
1527 8
1528 8
1529 4
1530 4
1531 6
1532 5
1533 4
1534 8
1535 10
1536 4
1537 4
1538 8
1539 10
1540 6
1541 9
1542 6
1543 5
1544 2
1545 6
1546 4
1547 3
1548 3
1549 8
1550 1
1551 4
1552 2
1553 3
1554 5
1555 4
1556 4
1557 3
1558 6
1559 8
1560 3
1561 5
1562 3
1563 2
1564 1
1565 1
1566 3
1567 1
1568 6
1569 1
1570 2
1571 1
1572 4
1573 2
1574 5
1575 1
1576 5
1577 5
1578 6
1579 1
1580 3
1581 2
1582 3
1583 3
1584 2
1585 3
1586 3
1587 1
1588 1
1589 2
1590 2
1591 1
1592 3
1593 1
1594 1
1595 3
1596 2
1597 1
1599 1
1600 3
1601 1
1602 3
1604 2
1610 1
1611 1
1613 2
1614 1
1615 1
1616 1
1619 2
1621 1
1622 1
1624 2
1626 1
1631 1
1632 1
1635 1
1649 1
1661 1
1663 1
1670 1
1672 1
