N J h mean_R_sq err_mean_R_sq mean_R_gyr_sq err_mean_R_gyr_sq 
500 0.894 0 867.113 3.91865 517.558 1.21819
615 1
626 1
633 1
656 1
662 1
664 1
667 1
679 1
682 1
693 2
700 1
707 1
709 1
713 1
717 1
725 1
731 1
736 1
747 1
751 1
756 1
759 1
760 2
763 1
767 1
770 2
771 1
774 1
777 1
778 1
782 1
783 1
784 1
786 1
789 1
790 3
791 1
792 1
794 1
795 1
797 1
799 1
800 1
803 2
804 1
806 2
807 3
808 1
810 2
811 2
813 1
816 2
818 2
821 1
822 1
824 2
825 2
826 1
827 1
828 1
829 2
830 1
834 1
835 1
836 1
837 1
838 1
839 2
840 2
841 2
842 1
844 1
845 1
846 2
847 1
848 3
852 1
853 3
854 3
855 2
856 2
857 2
858 2
859 4
861 3
862 1
863 1
864 3
865 4
866 2
867 5
869 2
870 2
871 1
873 2
875 2
876 1
877 3
878 1
879 4
880 4
881 4
882 1
883 1
884 5
885 4
890 2
891 1
893 1
894 2
895 1
896 2
897 2
898 1
899 1
900 2
901 3
904 1
905 2
906 2
908 2
909 1
910 1
911 2
912 2
913 4
914 5
915 2
916 1
917 5
918 1
919 1
920 4
921 2
922 2
923 4
924 2
925 2
926 3
927 2
928 2
929 1
930 4
931 3
932 5
933 5
934 3
935 3
936 4
938 3
939 2
940 3
941 5
942 4
944 6
945 2
946 4
947 5
948 2
949 3
950 6
951 1
952 2
953 1
954 1
955 6
956 5
957 4
958 5
959 1
960 5
961 5
962 4
963 3
964 4
965 4
966 5
967 7
968 5
969 4
970 4
971 5
972 4
973 4
974 6
975 5
976 8
977 3
978 2
979 2
980 1
981 6
982 5
983 5
984 2
985 3
986 6
987 4
988 2
989 4
990 6
991 1
992 3
993 3
994 5
995 9
996 6
997 8
998 2
999 6
1000 4
1001 6
1002 1
1003 7
1004 2
1005 4
1006 9
1007 5
1008 4
1009 10
1010 6
1011 6
1012 4
1013 5
1014 7
1015 6
1016 10
1017 4
1018 8
1019 7
1020 11
1021 6
1022 10
1023 4
1024 6
1025 4
1026 11
1027 10
1028 5
1029 9
1030 7
1031 5
1032 10
1033 7
1034 15
1035 9
1036 4
1037 14
1038 6
1039 7
1040 5
1041 10
1042 4
1043 5
1044 8
1045 6
1046 5
1047 8
1048 14
1049 10
1050 12
1051 8
1052 11
1053 8
1054 8
1055 10
1056 13
1057 13
1058 10
1059 12
1060 9
1061 11
1062 12
1063 6
1064 9
1065 13
1066 6
1067 5
1068 11
1069 10
1070 11
1071 7
1072 13
1073 10
1074 15
1075 11
1076 14
1077 12
1078 13
1079 8
1080 13
1081 15
1082 12
1083 20
1084 17
1085 14
1086 23
1087 16
1088 13
1089 21
1090 12
1091 8
1092 19
1093 20
1094 19
1095 21
1096 14
1097 12
1098 19
1099 14
1100 27
1101 20
1102 21
1103 26
1104 11
1105 27
1106 15
1107 18
1108 16
1109 19
1110 16
1111 17
1112 15
1113 25
1114 19
1115 16
1116 19
1117 25
1118 37
1119 17
1120 14
1121 30
1122 19
1123 28
1124 26
1125 35
1126 24
1127 20
1128 26
1129 29
1130 22
1131 26
1132 34
1133 25
1134 26
1135 26
1136 38
1137 33
1138 31
1139 34
1140 20
1141 31
1142 26
1143 21
1144 27
1145 35
1146 33
1147 31
1148 34
1149 29
1150 36
1151 20
1152 27
1153 38
1154 35
1155 33
1156 34
1157 33
1158 30
1159 34
1160 40
1161 46
1162 43
1163 27
1164 43
1165 45
1166 40
1167 57
1168 57
1169 39
1170 51
1171 48
1172 46
1173 45
1174 42
1175 38
1176 51
1177 66
1178 49
1179 55
1180 45
1181 52
1182 57
1183 57
1184 52
1185 48
1186 49
1187 38
1188 49
1189 55
1190 77
1191 81
1192 56
1193 69
1194 52
1195 56
1196 68
1197 84
1198 66
1199 74
1200 71
1201 74
1202 71
1203 81
1204 80
1205 76
1206 79
1207 83
1208 81
1209 91
1210 82
1211 78
1212 68
1213 95
1214 92
1215 93
1216 91
1217 93
1218 95
1219 97
1220 116
1221 87
1222 111
1223 109
1224 82
1225 116
1226 87
1227 78
1228 105
1229 99
1230 126
1231 121
1232 96
1233 127
1234 115
1235 137
1236 112
1237 118
1238 136
1239 132
1240 132
1241 149
1242 121
1243 135
1244 148
1245 139
1246 122
1247 142
1248 125
1249 156
1250 161
1251 164
1252 167
1253 144
1254 146
1255 161
1256 176
1257 152
1258 185
1259 165
1260 152
1261 150
1262 154
1263 153
1264 163
1265 180
1266 173
1267 189
1268 191
1269 187
1270 163
1271 189
1272 172
1273 149
1274 187
1275 192
1276 182
1277 204
1278 200
1279 170
1280 189
1281 220
1282 179
1283 248
1284 214
1285 216
1286 223
1287 210
1288 227
1289 229
1290 221
1291 238
1292 219
1293 226
1294 230
1295 255
1296 243
1297 213
1298 244
1299 253
1300 224
1301 276
1302 231
1303 220
1304 236
1305 261
1306 272
1307 261
1308 202
1309 249
1310 243
1311 218
1312 249
1313 228
1314 243
1315 257
1316 229
1317 243
1318 229
1319 272
1320 248
1321 247
1322 238
1323 240
1324 227
1325 263
1326 239
1327 261
1328 241
1329 244
1330 241
1331 236
1332 251
1333 233
1334 252
1335 229
1336 242
1337 225
1338 245
1339 253
1340 224
1341 203
1342 260
1343 227
1344 250
1345 243
1346 208
1347 217
1348 226
1349 241
1350 232
1351 232
1352 219
1353 231
1354 237
1355 201
1356 212
1357 215
1358 249
1359 195
1360 190
1361 238
1362 219
1363 220
1364 206
1365 200
1366 215
1367 213
1368 194
1369 215
1370 173
1371 174
1372 178
1373 158
1374 186
1375 165
1376 189
1377 173
1378 169
1379 165
1380 178
1381 176
1382 168
1383 149
1384 144
1385 168
1386 171
1387 131
1388 135
1389 143
1390 141
1391 138
1392 113
1393 125
1394 133
1395 135
1396 134
1397 103
1398 116
1399 139
1400 116
1401 112
1402 104
1403 110
1404 109
1405 97
1406 105
1407 94
1408 84
1409 103
1410 92
1411 85
1412 81
1413 78
1414 86
1415 72
1416 69
1417 89
1418 73
1419 53
1420 44
1421 61
1422 60
1423 52
1424 66
1425 56
1426 70
1427 63
1428 56
1429 51
1430 54
1431 52
1432 45
1433 44
1434 37
1435 39
1436 32
1437 31
1438 39
1439 22
1440 31
1441 34
1442 27
1443 29
1444 24
1445 32
1446 22
1447 21
1448 24
1449 11
1450 22
1451 15
1452 20
1453 22
1454 15
1455 17
1456 17
1457 17
1458 16
1459 8
1460 12
1461 12
1462 9
1463 15
1464 14
1465 9
1466 11
1467 15
1468 3
1469 5
1470 6
1471 8
1472 6
1473 11
1474 13
1475 5
1476 7
1477 5
1478 4
1479 6
1480 3
1481 5
1482 3
1483 1
1484 7
1485 8
1486 6
1487 3
1488 4
1489 1
1491 2
1492 2
1494 1
1495 2
1496 1
1497 2
1498 3
1500 1
1503 1
1504 2
1507 1
1510 1
1513 1
1516 2
1521 1
1525 1
1526 1
1527 1
1536 2
