N J h mean_R_sq err_mean_R_sq mean_R_gyr_sq err_mean_R_gyr_sq 
700 0.894 0 1126.77 28.8602 1116.23 22.5425
1000 176
1001 125
1002 120
1003 129
1004 107
1005 96
1006 107
1007 99
1008 84
1009 79
1010 71
1011 65
1012 56
1013 56
1014 56
1015 47
1016 50
1017 45
1018 31
1019 34
1020 25
1021 27
1022 41
1023 31
1024 23
1025 33
1026 22
1027 26
1028 16
1029 17
1030 12
1031 12
1032 10
1033 12
1034 16
1035 9
1036 12
1037 10
1038 10
1039 10
1040 12
1041 11
1042 3
1043 13
1044 11
1045 4
1046 7
1047 8
1048 4
1049 8
1050 5
1051 7
1052 6
1053 2
1054 8
1055 6
1056 1
1057 3
1058 9
1059 3
1060 4
1061 4
1062 6
1063 1
1064 3
1065 2
1066 4
1067 7
1068 4
1069 3
1070 3
1071 2
1072 3
1073 5
1074 3
1075 3
1076 1
1077 6
1078 7
1079 4
1080 4
1081 2
1082 4
1083 1
1084 6
1085 1
1086 3
1087 3
1088 2
1089 1
1090 4
1091 2
1092 3
1094 1
1095 2
1097 1
1098 2
1099 1
1101 4
1103 1
1106 2
1107 1
1109 2
1110 3
1112 1
1113 2
1114 3
1115 3
1116 3
1117 1
1118 3
1119 2
1122 3
1123 3
1126 4
1127 1
1128 1
1129 1
1132 1
1133 1
1134 1
1136 1
1138 1
1139 2
1140 1
1141 1
1142 1
1143 2
1145 1
1146 2
1150 1
1151 2
1152 1
1153 1
1155 2
1156 2
1161 5
1162 1
1163 2
1164 1
1165 1
1168 1
1170 1
1173 3
1174 2
1176 5
1177 1
1181 1
1186 1
1191 1
1192 1
1193 3
1194 1
1196 1
1199 1
1200 1
1201 1
1202 2
1204 1
1205 1
1208 1
1212 1
1217 1
1222 3
1223 1
1224 1
1225 1
1226 1
1227 1
1232 1
1233 1
1234 2
1237 1
1238 1
1243 1
1244 1
1246 1
1247 1
1249 1
1251 1
1257 1
1258 1
1259 1
1261 2
1269 1
1271 1
1272 1
1275 1
1294 2
1300 1
1358 1
