N J h mean_R_sq err_mean_R_sq mean_R_gyr_sq err_mean_R_gyr_sq 
400 0.882 0 760.859 1.90397 312.412 0.444867
783 2
795 1
850 1
854 1
863 1
866 1
871 1
876 1
878 1
885 1
886 1
888 1
890 1
892 1
893 2
896 1
897 1
901 1
905 2
906 1
909 2
913 1
916 1
917 2
920 2
921 1
926 1
927 1
929 1
930 1
931 2
933 2
934 1
935 1
937 1
940 1
941 1
943 1
944 1
948 1
949 2
950 1
952 2
954 1
955 1
956 1
957 4
958 2
959 1
961 2
962 1
963 1
964 2
965 1
966 1
967 2
968 1
969 6
970 1
971 1
972 1
973 1
974 2
975 2
976 2
980 3
981 3
982 3
983 1
984 3
985 1
986 3
987 2
989 4
990 1
991 2
993 2
994 4
995 1
996 1
997 8
998 2
999 3
1000 4
1001 2
1002 2
1003 1
1004 3
1005 3
1006 4
1007 2
1008 5
1009 2
1010 2
1011 1
1012 2
1013 2
1014 2
1016 5
1018 4
1019 3
1020 4
1021 6
1022 3
1023 3
1024 2
1026 4
1027 4
1028 7
1029 2
1030 5
1031 10
1032 1
1033 5
1034 4
1035 5
1036 9
1037 6
1038 6
1039 12
1040 7
1041 6
1042 4
1043 6
1044 3
1045 2
1046 8
1047 3
1048 8
1049 6
1050 4
1051 4
1052 8
1053 9
1054 10
1055 4
1056 4
1057 4
1058 5
1059 6
1060 10
1061 6
1062 6
1063 4
1064 12
1065 7
1066 7
1067 7
1068 5
1069 10
1070 9
1071 9
1072 5
1073 13
1074 9
1075 10
1076 12
1077 10
1078 13
1079 14
1080 6
1081 14
1082 7
1083 8
1084 15
1085 12
1086 16
1087 13
1088 9
1089 15
1090 14
1091 15
1092 7
1093 9
1094 10
1095 13
1096 19
1097 13
1098 20
1099 15
1100 14
1101 12
1102 13
1103 13
1104 17
1105 10
1106 15
1107 22
1108 10
1109 15
1110 13
1111 17
1112 29
1113 12
1114 20
1115 14
1116 20
1117 22
1118 20
1119 28
1120 24
1121 29
1122 28
1123 26
1124 22
1125 17
1126 18
1127 29
1128 29
1129 22
1130 27
1131 33
1132 24
1133 32
1134 18
1135 35
1136 33
1137 33
1138 24
1139 32
1140 41
1141 34
1142 28
1143 35
1144 34
1145 33
1146 44
1147 42
1148 35
1149 46
1150 44
1151 46
1152 49
1153 40
1154 44
1155 46
1156 53
1157 58
1158 53
1159 39
1160 60
1161 47
1162 54
1163 50
1164 54
1165 50
1166 50
1167 49
1168 50
1169 65
1170 65
1171 55
1172 68
1173 62
1174 55
1175 57
1176 78
1177 76
1178 77
1179 81
1180 77
1181 93
1182 95
1183 74
1184 86
1185 74
1186 87
1187 97
1188 91
1189 81
1190 91
1191 96
1192 94
1193 91
1194 103
1195 111
1196 102
1197 107
1198 112
1199 123
1200 99
1201 115
1202 114
1203 117
1204 116
1205 117
1206 126
1207 138
1208 142
1209 138
1210 142
1211 147
1212 146
1213 114
1214 137
1215 146
1216 144
1217 175
1218 166
1219 177
1220 154
1221 168
1222 160
1223 176
1224 194
1225 159
1226 188
1227 184
1228 201
1229 218
1230 194
1231 203
1232 220
1233 217
1234 234
1235 229
1236 253
1237 236
1238 216
1239 254
1240 241
1241 242
1242 245
1243 260
1244 280
1245 271
1246 268
1247 263
1248 252
1249 272
1250 311
1251 295
1252 330
1253 320
1254 316
1255 331
1256 344
1257 317
1258 314
1259 323
1260 329
1261 356
1262 336
1263 337
1264 345
1265 366
1266 353
1267 397
1268 386
1269 392
1270 409
1271 386
1272 427
1273 415
1274 376
1275 419
1276 389
1277 433
1278 437
1279 446
1280 460
1281 496
1282 475
1283 511
1284 481
1285 494
1286 473
1287 496
1288 477
1289 500
1290 526
1291 548
1292 527
1293 524
1294 555
1295 539
1296 522
1297 547
1298 537
1299 595
1300 578
1301 562
1302 567
1303 625
1304 579
1305 620
1306 658
1307 619
1308 579
1309 652
1310 654
1311 656
1312 661
1313 621
1314 640
1315 688
1316 667
1317 682
1318 681
1319 707
1320 726
1321 688
1322 677
1323 702
1324 724
1325 746
1326 739
1327 727
1328 718
1329 757
1330 729
1331 809
1332 711
1333 712
1334 760
1335 751
1336 805
1337 721
1338 739
1339 753
1340 745
1341 721
1342 830
1343 811
1344 819
1345 817
1346 808
1347 770
1348 759
1349 754
1350 796
1351 773
1352 778
1353 793
1354 837
1355 823
1356 823
1357 766
1358 803
1359 827
1360 816
1361 791
1362 753
1363 771
1364 736
1365 805
1366 755
1367 764
1368 816
1369 765
1370 777
1371 769
1372 752
1373 779
1374 750
1375 745
1376 807
1377 747
1378 770
1379 706
1380 740
1381 740
1382 680
1383 725
1384 677
1385 712
1386 687
1387 751
1388 686
1389 673
1390 638
1391 695
1392 595
1393 624
1394 635
1395 668
1396 635
1397 664
1398 635
1399 606
1400 651
1401 617
1402 568
1403 559
1404 540
1405 580
1406 592
1407 519
1408 572
1409 552
1410 524
1411 475
1412 491
1413 483
1414 518
1415 487
1416 461
1417 461
1418 452
1419 427
1420 391
1421 427
1422 419
1423 401
1424 413
1425 407
1426 422
1427 361
1428 350
1429 352
1430 341
1431 353
1432 342
1433 337
1434 319
1435 325
1436 302
1437 316
1438 297
1439 292
1440 290
1441 271
1442 260
1443 270
1444 254
1445 223
1446 249
1447 254
1448 216
1449 224
1450 198
1451 224
1452 176
1453 192
1454 170
1455 185
1456 195
1457 166
1458 157
1459 158
1460 125
1461 134
1462 130
1463 127
1464 140
1465 129
1466 120
1467 131
1468 107
1469 97
1470 113
1471 93
1472 102
1473 116
1474 98
1475 89
1476 70
1477 97
1478 84
1479 68
1480 66
1481 74
1482 83
1483 79
1484 67
1485 56
1486 38
1487 54
1488 44
1489 52
1490 54
1491 37
1492 44
1493 42
1494 31
1495 34
1496 37
1497 30
1498 21
1499 31
1500 30
1501 33
1502 27
1503 17
1504 25
1505 14
1506 21
1507 21
1508 21
1509 11
1510 21
1511 15
1512 18
1513 9
1514 23
1515 8
1516 11
1517 13
1518 7
1519 11
1520 14
1521 11
1522 7
1523 10
1524 7
1525 7
1526 8
1527 6
1528 11
1529 8
1530 3
1531 5
1532 8
1533 2
1534 3
1535 2
1536 5
1537 3
1538 4
1539 3
1540 3
1541 4
1542 2
1543 2
1544 4
1545 2
1546 1
1547 2
1548 2
1550 4
1551 1
1552 4
1553 1
1554 2
1555 1
1556 1
1557 2
1558 1
1559 1
1562 1
1569 2
1570 1
1572 1
1574 1
1576 1
1577 1
1581 1
