N J h mean_R_sq err_mean_R_sq mean_R_gyr_sq err_mean_R_gyr_sq 
550 0.904 0 740.578 26.4916 799.283 18.4114
425 1
430 1
436 1
465 1
492 1
526 1
535 1
536 1
544 1
545 1
549 1
551 1
555 1
558 2
560 1
563 1
570 1
571 1
584 2
591 1
592 1
593 1
598 1
605 1
607 1
610 1
617 1
621 1
623 1
627 1
629 1
632 1
636 1
638 1
639 1
640 1
649 1
653 1
664 1
666 1
667 1
672 2
675 1
676 1
678 1
679 1
681 1
682 1
683 1
689 1
690 1
692 1
702 2
704 1
705 1
707 1
708 1
710 2
711 1
713 1
716 1
721 3
731 1
733 2
734 1
735 1
738 2
740 1
742 2
743 2
745 1
746 2
751 1
752 2
755 2
757 1
759 1
760 1
761 1
762 1
765 1
775 1
779 3
780 1
782 1
783 1
785 1
788 2
789 1
790 1
791 2
793 3
796 2
800 2
802 1
803 1
807 2
808 1
809 1
810 1
811 1
812 1
813 1
814 1
815 3
816 1
817 1
818 2
819 4
820 2
821 1
825 1
827 2
828 1
829 3
831 5
833 1
834 3
836 1
837 2
838 2
839 1
841 1
842 1
844 3
846 2
847 5
848 4
849 5
850 1
851 1
852 7
853 2
854 2
855 1
856 4
858 2
859 3
861 1
862 1
863 4
864 3
865 5
866 1
868 4
869 1
870 2
871 3
872 2
873 7
874 6
877 7
878 4
879 5
880 5
883 2
884 3
885 2
886 2
887 1
888 5
889 5
890 2
891 4
892 5
893 1
894 7
895 1
896 2
897 5
898 3
899 2
900 2
901 3
902 3
903 2
904 3
905 3
906 2
907 3
908 5
909 1
910 4
911 4
912 2
913 5
914 6
915 7
916 2
917 3
918 6
919 1
920 8
921 4
922 5
923 5
924 1
925 1
926 7
927 5
928 3
929 6
930 2
931 6
932 5
933 2
934 3
935 2
936 5
937 2
938 6
939 6
940 5
941 5
942 8
943 8
944 4
945 6
946 2
947 3
948 4
949 7
950 5
951 10
952 9
953 6
954 5
955 4
956 8
957 5
958 8
959 2
960 6
961 5
962 9
963 2
964 2
965 2
966 2
967 5
968 8
969 3
970 3
971 7
972 4
973 13
974 6
975 4
976 3
977 9
978 3
979 4
980 2
981 3
983 8
984 8
985 9
986 7
987 5
988 9
989 6
990 5
991 11
992 2
993 4
994 7
995 2
996 9
997 9
998 6
999 11
1000 3
1001 4
1002 6
1003 6
1004 9
1005 5
1006 1
1007 7
1008 6
1009 7
1010 3
1011 5
1012 5
1013 7
1014 13
1015 4
1016 6
1017 4
1018 8
1019 7
1020 8
1021 5
1022 6
1023 8
1024 5
1025 2
1026 7
1027 4
1028 8
1029 2
1030 7
1031 8
1032 4
1033 2
1034 7
1035 5
1036 5
1037 6
1038 7
1039 5
1040 5
1041 4
1042 4
1043 4
1044 6
1045 8
1046 9
1047 3
1048 3
1049 8
1050 4
1051 2
1052 4
1053 4
1054 4
1055 3
1056 8
1057 4
1058 2
1059 5
1060 4
1061 7
1062 4
1063 3
1064 8
1065 2
1066 3
1067 2
1068 6
1069 3
1070 5
1071 3
1072 1
1073 3
1074 6
1075 6
1076 3
1077 6
1078 5
1079 1
1080 6
1081 2
1082 4
1083 10
1084 2
1085 3
1086 1
1087 5
1088 2
1089 2
1090 1
1091 3
1092 4
1093 2
1094 1
1095 5
1096 3
1097 3
1098 2
1099 4
1100 1
1101 3
1102 3
1103 3
1104 3
1105 1
1106 5
1107 2
1108 4
1109 3
1110 3
1111 5
1113 2
1115 3
1116 5
1117 3
1118 7
1119 2
1120 3
1121 2
1122 3
1123 4
1124 1
1125 5
1126 5
1127 3
1128 3
1129 3
1130 1
1131 2
1132 1
1134 3
1136 3
1137 4
1138 1
1139 2
1140 4
1142 1
1143 3
1144 1
1145 2
1146 1
1147 2
1148 3
1149 2
1150 8
1151 3
1152 2
1153 2
1154 1
1155 4
1156 1
1157 2
1158 2
1159 6
1160 2
1161 3
1162 1
1163 2
1164 2
1165 1
1166 2
1167 1
1168 1
1170 2
1171 4
1172 1
1174 1
1175 1
1176 4
1177 1
1178 1
1179 2
1180 1
1183 4
1184 1
1189 1
1190 1
1191 2
1192 1
1195 2
1196 2
1197 1
1198 1
1199 2
1203 1
1204 1
1206 1
1208 1
1209 2
1210 2
1211 3
1213 1
1215 1
1219 1
1224 1
1226 1
1227 2
1229 2
1230 4
1235 1
1236 1
1239 1
1241 1
1242 1
1244 1
1247 1
1248 1
1250 1
1251 1
1252 2
1253 1
1254 1
1257 1
1258 1
1260 1
1262 1
1263 1
1264 2
1266 1
1267 1
1268 1
1270 2
1274 1
1276 3
1277 1
1281 2
1285 1
1286 1
1287 1
1288 1
1289 1
1293 1
1294 2
1295 1
1297 1
1299 1
1300 1
1302 1
1307 2
1313 1
1314 1
1315 1
1317 1
1321 1
1324 2
1329 1
1333 1
1334 1
1339 1
1340 2
1347 1
1351 1
1352 1
1353 1
1357 1
1360 1
1365 1
1371 2
1376 1
1379 1
1385 1
1401 1
1413 1
1422 1
1428 1
1430 1
1432 1
1437 1
1440 2
1447 1
1460 1
1462 1
1472 1
1484 1
1498 1
1515 1
1528 1
1539 1
1547 1
