N J h mean_R_sq err_mean_R_sq mean_R_gyr_sq err_mean_R_gyr_sq 
400 0.83 0 908.314 4.0219 270.984 0.527931
1 4
3 6
5 26
9 27
11 22
13 30
17 42
19 27
21 34
25 44
27 27
29 67
33 42
35 43
37 18
41 87
43 28
45 71
49 66
51 45
53 63
57 59
59 56
61 90
65 109
67 20
69 91
73 54
75 53
77 87
81 104
83 75
85 36
89 139
91 48
93 48
97 47
99 85
101 169
105 94
107 77
109 80
113 108
115 46
117 93
121 78
123 47
125 135
129 137
131 104
133 41
137 102
139 81
141 95
145 104
147 55
149 171
153 146
155 102
157 74
161 166
163 21
165 98
169 79
171 99
173 160
177 52
179 123
181 127
185 187
187 49
189 170
193 45
195 81
197 106
201 123
203 94
205 82
209 216
211 84
213 110
217 75
219 100
221 164
225 151
227 108
229 95
233 130
235 49
237 119
241 155
243 80
245 149
249 111
251 154
253 44
257 158
259 80
261 189
265 72
267 34
269 197
273 84
275 102
277 53
281 187
283 47
285 163
289 82
291 81
293 193
297 162
299 158
301 66
305 179
307 60
309 135
313 77
315 121
317 77
321 207
323 84
325 123
329 203
331 56
333 101
337 72
339 98
341 277
345 72
347 88
349 138
353 161
355 68
357 80
361 99
363 57
365 158
369 203
371 124
373 85
377 161
379 44
381 201
385 74
387 94
389 210
393 96
395 136
397 65
401 183
403 33
405 163
409 111
411 102
413 186
417 98
419 168
421 86
425 235
427 26
429 140
433 114
435 71
437 187
441 186
443 74
445 78
449 169
451 103
453 102
457 77
459 123
461 243
465 118
467 116
469 115
473 101
475 79
477 121
481 127
483 53
485 151
489 161
491 143
493 103
497 199
499 41
501 133
505 53
507 47
509 232
513 130
515 92
517 87
521 227
523 61
525 148
529 84
531 132
533 84
537 88
539 148
541 74
545 244
547 48
549 230
553 51
555 55
557 126
561 122
563 132
565 83
569 238
571 78
573 121
577 44
579 106
581 188
585 158
587 92
589 99
593 141
595 45
597 80
601 127
603 79
605 157
609 99
611 158
613 69
617 79
619 66
621 194
625 90
627 69
629 213
633 123
635 114
637 107
641 207
643 28
645 91
649 130
651 107
653 96
657 129
659 141
661 88
665 136
667 55
669 77
673 75
675 98
677 153
681 112
683 65
685 67
689 227
691 50
693 134
697 44
699 125
701 204
705 127
707 54
709 50
713 155
715 34
717 89
721 98
723 45
725 167
729 151
731 138
733 66
737 123
739 63
741 119
745 79
747 108
749 172
753 66
755 114
757 54
761 203
763 36
765 95
769 114
771 62
773 131
777 75
779 100
781 112
785 88
787 59
789 163
793 29
795 41
797 159
801 178
803 102
805 80
809 146
811 59
813 66
817 55
819 92
821 129
825 132
827 73
829 86
833 139
835 53
837 80
841 61
843 56
845 132
849 106
851 78
853 51
857 157
859 57
861 97
865 65
867 54
869 144
873 90
875 105
877 32
881 183
883 26
885 88
889 57
891 71
893 98
897 70
899 124
901 96
905 103
907 27
909 169
913 53
915 66
917 74
921 85
923 88
925 49
929 148
931 57
933 64
937 76
939 69
941 182
945 122
947 35
949 55
953 136
955 29
957 55
961 41
963 72
965 180
969 85
971 112
973 56
977 88
979 62
981 104
985 107
987 60
989 112
993 47
995 58
997 50
1001 156
1003 36
1005 56
1009 70
1011 94
1013 89
1017 81
1019 105
1021 86
1025 141
1027 34
1029 120
1033 39
1035 69
1037 69
1041 126
1043 37
1045 63
1049 123
1051 23
1053 108
1057 58
1059 44
1061 81
1065 48
1067 87
1069 109
1073 70
1075 44
1077 96
1081 46
1083 40
1085 96
1089 112
1091 90
1093 18
1097 103
1099 32
1101 85
1105 48
1107 49
1109 141
1113 51
1115 64
1117 33
1121 116
1123 36
1125 103
1129 61
1131 42
1133 70
1137 76
1139 76
1141 66
1145 59
1147 32
1149 50
1153 41
1155 39
1157 72
1161 122
1163 35
1165 54
1169 114
1171 53
1173 59
1177 31
1179 77
1181 129
1185 31
1187 45
1189 55
1193 86
1195 41
1197 61
1201 53
1203 25
1205 116
1209 101
1211 63
1213 15
1217 72
1219 24
1221 78
1225 49
1227 16
1229 87
1233 60
1235 57
1237 35
1241 73
1243 18
1245 87
1249 74
1251 66
1253 61
1257 41
1259 78
1261 46
1265 104
1267 25
1269 72
1273 44
1275 43
1277 72
1281 57
1283 46
1285 21
1289 87
1291 40
1293 65
1297 23
1299 26
1301 98
1305 89
1307 43
1309 45
1313 56
1315 27
1317 45
1321 49
1323 40
1325 83
1329 82
1331 53
1333 34
1337 50
1339 42
1341 78
1345 34
1347 21
1349 122
1353 29
1355 51
1357 28
1361 107
1363 24
1365 28
1369 31
1371 55
1373 24
1377 66
1379 55
1381 41
1385 90
1387 14
1389 58
1393 27
1395 29
1397 37
1401 55
1403 50
1405 49
1409 58
1411 12
1413 81
1417 27
1419 36
1421 97
1425 41
1427 46
1429 32
1433 57
1435 18
1437 35
1441 57
1443 38
1445 62
1449 80
1451 46
1453 18
1457 41
1459 53
1461 49
1465 31
1467 16
1469 92
1473 44
1475 47
1477 26
1481 100
1483 17
1485 57
1489 41
1491 36
1493 40
1497 25
1499 38
1501 26
1505 61
1507 10
1509 83
1513 22
1515 34
1517 83
1521 50
1523 20
1525 53
1529 83
1531 32
1533 39
1537 22
1539 59
1541 56
1545 28
1547 44
1549 23
1553 53
1555 8
1557 53
1561 49
1563 15
1565 38
1569 35
1571 54
1573 35
1577 42
1579 25
1581 56
1585 38
1587 19
1589 63
1593 15
1595 33
1597 21
1601 75
1603 19
1605 13
1609 35
1611 32
1613 55
1617 30
1619 41
1621 15
1625 49
1627 19
1629 58
1633 17
1635 23
1637 43
1641 63
1643 23
1645 25
1649 63
1651 24
1653 17
1657 21
1659 17
1661 55
1665 71
1667 30
1669 28
1673 37
1675 24
1677 15
1681 26
1683 29
1685 61
1689 44
1691 35
1693 24
1697 26
1699 29
1701 76
1705 22
1707 24
1709 35
1713 38
1715 35
1717 20
1721 31
1723 12
1725 38
1729 26
1731 11
1733 28
1737 24
1739 43
1741 34
1745 36
1747 9
1749 38
1753 26
1755 31
1757 29
1761 18
1763 28
1765 23
1769 44
1771 16
1773 32
1777 40
1779 17
1781 69
1785 26
1787 16
1789 26
1793 30
1795 14
1797 19
1801 26
1803 20
1805 49
1809 38
1811 36
1813 14
1817 31
1819 22
1821 36
1825 17
1827 24
1829 41
1833 17
1835 16
1837 22
1841 33
1843 11
1845 28
1849 18
1851 33
1853 27
1857 22
1859 24
1861 31
1865 35
1867 7
1869 49
1873 11
1875 11
1877 28
1881 44
1883 17
1885 12
1889 51
1891 20
1893 15
1897 6
1899 22
1901 27
1905 19
1907 19
1909 16
1913 21
1915 12
1917 30
1921 32
1923 15
1925 49
1929 12
1931 23
1933 10
1937 37
1939 14
1941 24
1945 11
1947 15
1949 41
1953 25
1955 6
1957 9
1961 14
1963 9
1965 29
1969 20
1971 27
1973 28
1977 26
1979 27
1981 13
1985 21
1987 8
1989 31
1993 10
1995 12
1997 31
2001 27
2003 14
2005 22
2009 33
2011 10
2013 10
2017 4
2019 11
2021 43
2025 22
2027 14
2029 24
2033 10
2035 8
2037 19
2041 15
2043 22
2045 23
2049 16
2051 18
2053 7
2057 24
2059 12
2061 29
2065 9
2067 4
2069 19
2073 17
2075 21
2077 5
2081 31
2083 9
2085 13
2089 17
2091 12
2093 31
2097 25
2099 14
2101 9
2105 23
2107 8
2109 27
2113 3
2115 11
2117 14
2121 20
2123 16
2125 14
2129 29
2131 15
2133 19
2137 7
2139 5
2141 44
2145 10
2147 11
2149 14
2153 15
2155 9
2157 11
2161 16
2163 8
2165 16
2169 27
2171 13
2173 11
2177 17
2179 4
2181 14
2185 9
2187 11
2189 21
2193 11
2195 20
2197 14
2201 30
2203 5
2205 13
2209 5
2211 12
2213 18
2217 16
2219 26
2221 10
2225 30
2227 3
2229 26
2233 2
2235 10
2237 13
2241 16
2243 8
2245 16
2249 15
2251 8
2253 18
2257 7
2259 22
2261 30
2265 10
2267 9
2269 12
2273 20
2275 7
2277 8
2281 8
2283 5
2285 23
2289 11
2291 16
2293 4
2297 15
2299 9
2301 15
2305 6
2307 11
2309 19
2313 9
2315 17
2317 3
2321 33
2323 5
2325 8
2329 12
2331 18
2333 14
2337 12
2339 15
2341 10
2345 12
2347 3
2349 15
2353 6
2355 8
2357 19
2361 15
2363 7
2365 9
2369 26
2371 6
2373 7
2377 3
2379 9
2381 10
2385 8
2387 10
2389 13
2393 16
2395 3
2397 7
2401 7
2403 5
2405 15
2409 19
2411 13
2413 9
2417 8
2419 5
2421 22
2425 5
2427 9
2429 20
2433 7
2435 10
2437 4
2441 17
2443 4
2445 5
2449 11
2451 2
2453 20
2457 10
2459 9
2461 10
2465 10
2467 4
2469 15
2473 2
2475 11
2477 13
2481 12
2483 7
2485 7
2489 11
2491 2
2493 12
2497 5
2499 3
2501 14
2505 10
2507 8
2509 8
2513 11
2515 4
2517 6
2521 5
2523 3
2525 18
2529 8
2531 8
2533 4
2537 10
2539 4
2541 7
2545 3
2547 5
2549 20
2553 4
2555 4
2557 2
2561 17
2563 2
2565 10
2569 6
2571 5
2573 11
2577 5
2579 7
2581 10
2585 5
2587 2
2589 2
2593 3
2595 6
2597 17
2601 8
2603 14
2605 6
2609 16
2611 3
2613 2
2617 1
2619 6
2621 12
2625 12
2627 10
2629 6
2633 5
2635 4
2637 6
2641 4
2643 4
2645 7
2649 9
2651 7
2653 4
2657 3
2659 7
2661 3
2665 8
2667 3
2669 15
2673 9
2675 6
2677 4
2681 10
2685 7
2689 3
2691 11
2693 9
2697 7
2699 5
2701 6
2705 6
2707 6
2709 3
2713 1
2715 3
2717 5
2721 11
2723 5
2725 3
2729 18
2731 4
2733 1
2739 14
2741 6
2745 9
2747 9
2749 3
2753 5
2755 1
2757 10
2761 10
2763 7
2765 11
2769 5
2771 16
2773 3
2777 7
2779 5
2781 4
2785 7
2787 3
2789 13
2793 9
2795 2
2797 1
2801 14
2803 1
2805 9
2809 3
2811 8
2813 14
2817 6
2819 2
2821 3
2825 6
2827 3
2829 4
2833 5
2835 5
2837 6
2841 8
2843 4
2845 2
2849 11
2853 3
2857 2
2859 7
2861 9
2865 6
2867 3
2869 5
2873 9
2875 1
2877 5
2881 5
2883 3
2885 6
2889 10
2891 3
2897 6
2899 3
2901 7
2905 3
2907 2
2909 8
2913 4
2915 3
2917 4
2921 9
2923 1
2925 6
2929 1
2931 4
2933 4
2937 1
2939 4
2941 2
2945 9
2947 1
2949 1
2953 5
2955 2
2957 6
2961 6
2963 5
2965 3
2969 1
2973 2
2977 5
2979 6
2981 2
2987 1
2989 3
2993 3
2995 2
2997 1
3001 6
3003 1
3005 5
3009 3
3011 3
3013 4
3017 7
3019 1
3021 3
3025 2
3027 4
3029 4
3033 1
3041 6
3043 2
3045 4
3049 1
3051 5
3053 5
3057 5
3059 7
3061 1
3065 12
3067 1
3069 5
3073 2
3075 8
3077 6
3081 3
3083 3
3085 1
3089 3
3091 1
3093 3
3097 2
3099 5
3101 2
3107 2
3109 3
3113 2
3115 2
3117 2
3121 3
3125 3
3129 8
3131 1
3133 1
3137 6
3141 6
3145 2
3147 1
3149 4
3153 2
3155 1
3157 6
3161 2
3163 1
3165 3
3169 3
3171 2
3173 2
3177 2
3179 3
3181 3
3185 6
3187 2
3189 7
3195 4
3197 6
3201 2
3203 1
3205 1
3209 10
3211 2
3217 3
3219 2
3221 5
3225 5
3227 2
3229 1
3233 6
3237 3
3241 3
3243 1
3245 4
3249 1
3251 5
3253 1
3257 2
3259 1
3261 2
3265 1
3267 1
3269 3
3273 3
3275 3
3281 3
3283 3
3285 3
3289 2
3291 1
3293 3
3297 2
3299 4
3301 1
3305 2
3307 1
3309 3
3315 1
3317 4
3321 3
3323 1
3325 1
3329 1
3331 1
3333 1
3337 3
3339 4
3341 6
3345 2
3347 2
3349 2
3353 3
3355 1
3357 1
3361 1
3363 1
3365 1
3369 2
3371 2
3377 2
3379 1
3381 3
3387 1
3389 2
3393 2
3395 3
3397 1
3401 4
3405 2
3409 2
3411 3
3413 1
3417 1
3419 2
3421 6
3425 3
3429 3
3433 1
3435 2
3437 1
3443 2
3449 5
3453 1
3457 1
3465 1
3467 2
3473 1
3475 1
3477 3
3481 1
3483 2
3485 5
3489 4
3491 2
3501 1
3507 2
3509 2
3513 3
3515 2
3517 1
3521 3
3523 1
3525 2
3531 1
3533 1
3537 4
3539 4
3541 1
3545 2
3549 4
3553 1
3555 1
3557 2
3561 3
3563 1
3569 1
3571 1
3577 1
3581 2
3585 2
3587 2
3593 3
3597 2
3601 1
3605 5
3617 3
3621 2
3625 1
3637 1
3643 2
3645 1
3649 4
3651 1
3653 4
3659 1
3661 1
3665 1
3667 1
3673 3
3675 1
3681 1
3685 1
3689 2
3693 1
3701 2
3705 2
3713 1
3715 1
3717 2
3721 1
3723 1
3731 1
3737 3
3739 2
3745 1
3749 1
3755 1
3771 2
3773 3
3777 1
3779 1
3785 3
3787 1
3789 3
3793 1
3801 1
3809 1
3813 1
3819 1
3821 1
3827 1
3835 2
3841 3
3845 1
3849 1
3851 2
3853 1
3857 2
3861 3
3865 2
3869 1
3877 1
3881 1
3885 1
3891 1
3897 1
3899 1
3901 1
3909 1
3913 1
3915 1
3925 2
3931 1
3933 1
3941 1
3949 1
3953 2
3961 2
3965 1
3969 1
3977 1
3979 3
3981 1
3993 2
3995 1
4001 2
4003 1
4013 1
4019 1
4025 3
4037 2
4045 3
4049 1
4061 2
4069 2
4073 6
4081 1
4085 1
4089 1
4091 2
4099 1
4101 1
4105 1
4109 2
4115 1
4121 1
4131 1
4133 1
4149 1
4157 1
4169 1
4185 1
4189 1
4205 1
4209 1
4225 2
4229 1
4233 1
4235 1
4241 1
4245 1
4249 1
4265 1
4267 1
4277 1
4291 1
4293 1
4297 3
4301 1
4313 1
4317 4
4325 4
4353 1
4355 1
4369 1
4385 1
4389 1
4393 1
4401 1
4409 1
4419 1
4421 2
4441 1
4443 1
4451 2
4461 1
4465 2
4467 1
4469 1
4493 1
4497 1
4505 1
4515 1
4573 1
4581 1
4587 1
4601 1
4621 1
4641 1
4667 1
4713 2
4717 1
4733 1
4793 1
4833 1
4875 1
4891 1
4897 1
4913 2
4941 1
4957 1
5003 1
5045 1
5059 1
5099 1
5109 1
5125 1
5209 1
5249 1
5285 1
5289 2
5305 1
5475 1
5525 1
5581 1
5819 1
6025 1
6203 1
6389 1
6843 1
