N J h mean_R_sq err_mean_R_sq mean_R_gyr_sq err_mean_R_gyr_sq 
550 0.894 0 940.225 3.06642 635.899 1.04399
1 11
3 21
5 77
9 87
11 74
13 76
17 118
19 73
21 128
25 92
27 89
29 215
33 136
35 166
37 63
41 272
43 68
45 203
49 190
51 127
53 192
57 127
59 187
61 209
65 267
67 56
69 221
73 112
75 152
77 240
81 282
83 190
85 136
89 389
91 123
93 156
97 127
99 182
101 402
105 228
107 186
109 178
113 226
115 108
117 300
121 199
123 124
125 325
129 343
131 280
133 128
137 253
139 182
141 215
145 199
147 140
149 363
153 353
155 220
157 140
161 398
163 61
165 181
169 177
171 258
173 368
177 130
179 249
181 256
185 410
187 97
189 420
193 104
195 215
197 239
201 297
203 190
205 184
209 488
211 155
213 185
217 190
219 165
221 371
225 314
227 237
229 215
233 299
235 72
237 254
241 260
243 175
245 340
249 284
251 319
253 83
257 340
259 184
261 425
265 178
267 99
269 496
273 165
275 211
277 128
281 392
283 119
285 357
289 191
291 148
293 392
297 323
299 303
301 141
305 315
307 123
309 255
313 182
315 238
317 188
321 405
323 153
325 286
329 474
331 94
333 193
337 129
339 213
341 544
345 136
347 184
349 230
353 279
355 174
357 143
361 199
363 163
365 333
369 424
371 268
373 192
377 287
379 88
381 342
385 137
387 185
389 336
393 226
395 276
397 104
401 341
403 60
405 308
409 301
411 214
413 341
417 176
419 292
421 157
425 481
427 60
429 242
433 192
435 121
437 328
441 344
443 144
445 125
449 300
451 193
453 182
457 108
459 237
461 488
465 244
467 221
469 226
473 181
475 156
477 275
481 221
483 109
485 342
489 309
491 231
493 160
497 339
499 85
501 242
505 99
507 132
509 431
513 209
515 182
517 159
521 422
523 135
525 256
529 167
531 261
533 141
537 166
539 242
541 138
545 426
547 77
549 396
553 102
555 98
557 228
561 216
563 217
565 126
569 428
571 137
573 209
577 101
579 192
581 347
585 313
587 171
589 210
593 314
595 94
597 128
601 238
603 126
605 278
609 181
611 213
613 107
617 133
619 141
621 380
625 132
627 108
629 437
633 219
635 262
637 162
641 318
643 60
645 180
649 247
651 151
653 168
657 249
659 245
661 201
665 273
667 80
669 139
673 125
675 203
677 313
681 223
683 118
685 144
689 446
691 103
693 241
697 73
699 203
701 333
705 243
707 126
709 117
713 253
715 88
717 154
721 172
723 86
725 325
729 253
731 250
733 144
737 182
739 78
741 238
745 150
747 188
749 286
753 110
755 222
757 95
761 364
763 70
765 187
769 189
771 113
773 244
777 141
779 199
781 181
785 151
787 107
789 291
793 72
795 70
797 258
801 302
803 165
805 150
809 247
811 125
813 105
817 95
819 161
821 279
825 234
827 102
829 208
833 227
835 88
837 129
841 107
843 112
845 240
849 227
851 146
853 77
857 274
859 99
861 200
865 136
867 100
869 252
873 151
875 199
877 72
881 305
883 52
885 188
889 108
891 126
893 226
897 126
899 220
901 167
905 183
907 45
909 318
913 100
915 113
917 150
921 123
923 131
925 90
929 249
931 99
933 134
937 135
939 116
941 310
945 196
947 72
949 93
953 224
955 63
957 111
961 101
963 144
965 315
969 169
971 187
973 69
977 142
979 128
981 180
985 132
987 104
989 215
993 84
995 96
997 91
1001 233
1003 51
1005 113
1009 123
1011 146
1013 149
1017 166
1019 165
1021 129
1025 238
1027 49
1029 190
1033 80
1035 110
1037 108
1041 205
1043 84
1045 99
1049 289
1051 49
1053 222
1057 85
1059 65
1061 140
1065 94
1067 124
1069 167
1073 138
1075 83
1077 140
1081 87
1083 63
1085 178
1089 177
1091 175
1093 54
1097 202
1099 58
1101 148
1105 99
1107 80
1109 277
1113 76
1115 115
1117 79
1121 225
1123 48
1125 182
1129 85
1131 80
1133 139
1137 113
1139 153
1141 115
1145 121
1147 49
1149 73
1153 101
1155 85
1157 128
1161 226
1163 55
1165 84
1169 224
1171 61
1173 119
1177 55
1179 140
1181 197
1185 78
1187 75
1189 103
1193 161
1195 88
1197 96
1201 65
1203 52
1205 216
1209 196
1211 133
1213 57
1217 124
1219 51
1221 143
1225 108
1227 27
1229 156
1233 118
1235 90
1237 49
1241 129
1243 32
1245 144
1249 134
1251 118
1253 141
1257 84
1259 131
1261 85
1265 161
1267 39
1269 138
1273 87
1275 77
1277 148
1281 94
1283 103
1285 60
1289 140
1291 81
1293 112
1297 50
1299 69
1301 226
1305 158
1307 87
1309 95
1313 86
1315 49
1317 88
1321 93
1323 56
1325 169
1329 127
1331 104
1333 85
1337 103
1339 56
1341 173
1345 63
1347 41
1349 205
1353 60
1355 83
1357 47
1361 229
1363 49
1365 61
1369 70
1371 88
1373 53
1377 118
1379 108
1381 108
1385 188
1387 31
1389 100
1393 67
1395 81
1397 87
1401 83
1403 101
1405 93
1409 135
1411 25
1413 109
1417 49
1419 76
1421 208
1425 90
1427 84
1429 67
1433 120
1435 30
1437 70
1441 101
1443 51
1445 111
1449 144
1451 71
1453 36
1457 69
1459 68
1461 89
1465 48
1467 26
1469 156
1473 107
1475 101
1477 30
1481 175
1483 32
1485 105
1489 60
1491 59
1493 58
1497 59
1499 79
1501 68
1505 119
1507 12
1509 119
1513 43
1515 67
1517 134
1521 102
1523 39
1525 88
1529 142
1531 60
1533 72
1537 39
1539 100
1541 93
1545 63
1547 70
1549 45
1553 104
1555 20
1557 121
1561 87
1563 32
1565 75
1569 80
1571 91
1573 61
1577 84
1579 46
1581 103
1585 71
1587 53
1589 133
1593 48
1595 82
1597 33
1601 147
1603 27
1605 44
1609 54
1611 74
1613 94
1617 71
1619 65
1621 51
1625 108
1627 39
1629 103
1633 26
1635 38
1637 87
1641 98
1643 57
1645 36
1649 117
1651 31
1653 34
1657 27
1659 30
1661 128
1665 98
1667 52
1669 55
1673 67
1675 31
1677 36
1681 46
1683 34
1685 114
1689 81
1691 93
1693 47
1697 63
1699 56
1701 98
1705 29
1707 55
1709 81
1713 80
1715 62
1717 26
1721 96
1723 24
1725 82
1729 45
1731 30
1733 69
1737 44
1739 75
1741 51
1745 67
1747 22
1749 79
1753 36
1755 67
1757 49
1761 39
1763 46
1765 39
1769 115
1771 28
1773 66
1777 56
1779 42
1781 118
1785 46
1787 32
1789 45
1793 60
1795 31
1797 46
1801 62
1803 22
1805 68
1809 84
1811 60
1813 34
1817 80
1819 37
1821 67
1825 40
1827 37
1829 81
1833 39
1835 37
1837 51
1841 72
1843 32
1845 67
1849 45
1851 49
1853 73
1857 36
1859 47
1861 52
1865 78
1867 20
1869 61
1873 22
1875 41
1877 49
1881 79
1883 52
1885 30
1889 141
1891 35
1893 39
1897 32
1899 40
1901 63
1905 53
1907 31
1909 51
1913 56
1915 19
1917 60
1921 63
1923 34
1925 102
1929 38
1931 65
1933 28
1937 73
1939 30
1941 31
1945 26
1947 30
1949 93
1953 57
1955 39
1957 29
1961 47
1963 12
1965 67
1969 31
1971 38
1973 60
1977 31
1979 69
1981 29
1985 59
1987 20
1989 70
1993 32
1995 22
1997 53
2001 81
2003 26
2005 40
2009 62
2011 24
2013 19
2017 12
2019 42
2021 90
2025 66
2027 25
2029 46
2033 28
2035 25
2037 39
2041 41
2043 32
2045 56
2049 48
2051 52
2053 23
2057 59
2059 12
2061 70
2065 35
2067 24
2069 49
2073 31
2075 62
2077 26
2081 71
2083 18
2085 40
2089 66
2091 24
2093 46
2097 49
2099 53
2101 15
2105 74
2107 20
2109 35
2113 13
2115 17
2117 40
2121 43
2123 29
2125 23
2129 61
2131 27
2133 75
2137 25
2139 22
2141 84
2145 28
2147 25
2149 23
2153 44
2155 24
2157 24
2161 42
2163 14
2165 26
2169 73
2171 32
2173 26
2177 35
2179 17
2181 59
2185 24
2187 29
2189 66
2193 26
2195 29
2197 37
2201 55
2203 8
2205 41
2209 20
2211 43
2213 36
2217 31
2219 50
2221 10
2225 47
2227 13
2229 38
2233 11
2235 17
2237 30
2241 47
2243 21
2245 24
2249 32
2251 14
2253 26
2257 28
2259 35
2261 58
2265 29
2267 27
2269 20
2273 40
2275 23
2277 13
2281 21
2283 3
2285 46
2289 23
2291 39
2293 9
2297 40
2299 21
2301 38
2305 20
2307 18
2309 49
2313 34
2315 29
2317 18
2321 63
2323 11
2325 24
2329 39
2331 39
2333 24
2337 26
2339 41
2341 21
2345 46
2347 3
2349 51
2353 18
2355 22
2357 24
2361 17
2363 15
2365 20
2369 50
2371 24
2373 13
2377 6
2379 23
2381 35
2385 29
2387 15
2389 24
2393 38
2395 13
2397 25
2401 23
2403 10
2405 19
2409 26
2411 34
2413 26
2417 26
2419 13
2421 53
2425 18
2427 16
2429 38
2433 14
2435 32
2437 18
2441 57
2443 10
2445 22
2449 31
2451 10
2453 32
2457 27
2459 28
2461 25
2465 20
2467 3
2469 41
2473 10
2475 18
2477 26
2481 28
2483 26
2485 21
2489 18
2491 20
2493 14
2497 17
2499 19
2501 34
2505 30
2507 11
2509 18
2513 17
2515 4
2517 16
2521 19
2523 10
2525 42
2529 37
2531 18
2533 8
2537 47
2539 12
2541 24
2545 13
2547 16
2549 36
2553 17
2555 11
2557 4
2561 33
2563 2
2565 48
2569 21
2571 15
2573 22
2577 8
2579 13
2581 18
2585 31
2587 3
2589 16
2593 10
2595 17
2597 29
2601 23
2603 19
2605 8
2609 37
2611 8
2613 13
2617 13
2619 19
2621 43
2625 21
2627 19
2629 13
2633 13
2635 12
2637 27
2641 7
2643 11
2645 26
2649 27
2651 21
2653 18
2657 15
2659 15
2661 30
2665 16
2667 9
2669 38
2673 23
2675 19
2677 13
2681 34
2683 2
2685 13
2689 15
2691 21
2693 17
2697 10
2699 7
2701 12
2705 38
2707 5
2709 10
2713 7
2715 7
2717 21
2721 25
2723 10
2725 12
2729 36
2731 8
2733 25
2737 8
2739 7
2741 23
2745 24
2747 12
2749 11
2753 12
2755 5
2757 29
2761 15
2763 16
2765 22
2769 15
2771 26
2773 7
2777 19
2779 6
2781 20
2785 12
2787 2
2789 34
2793 11
2795 9
2797 9
2801 19
2803 5
2805 14
2809 8
2811 11
2813 27
2817 24
2819 21
2821 11
2825 28
2827 8
2829 13
2833 9
2835 11
2837 11
2841 17
2843 11
2845 14
2849 13
2851 8
2853 14
2857 8
2859 12
2861 29
2865 9
2867 11
2869 14
2873 23
2875 10
2877 12
2881 7
2883 7
2885 11
2889 30
2891 11
2893 5
2897 11
2899 7
2901 19
2905 6
2907 5
2909 20
2913 5
2915 19
2917 7
2921 23
2923 6
2925 36
2929 16
2931 10
2933 14
2937 9
2939 19
2941 16
2945 18
2947 7
2949 9
2953 6
2955 8
2957 19
2961 24
2963 9
2965 8
2969 13
2971 4
2973 8
2977 10
2979 4
2981 24
2985 12
2987 8
2989 8
2993 19
2995 6
2997 10
3001 11
3003 2
3005 7
3009 11
3011 12
3013 8
3017 18
3019 2
3021 7
3025 3
3027 6
3029 22
3033 16
3035 7
3037 7
3041 30
3043 6
3045 9
3049 8
3051 17
3053 10
3057 9
3059 11
3061 10
3065 19
3067 3
3069 29
3073 6
3075 5
3077 10
3081 15
3083 6
3085 5
3089 10
3091 6
3093 10
3097 6
3099 7
3101 15
3105 8
3107 12
3109 5
3113 10
3115 3
3117 5
3121 7
3123 4
3125 9
3129 9
3131 4
3133 4
3137 11
3139 3
3141 13
3145 10
3147 10
3149 10
3153 4
3155 12
3157 3
3161 14
3163 7
3165 7
3169 5
3171 4
3173 7
3177 13
3179 8
3181 11
3185 21
3189 10
3193 5
3195 8
3197 15
3201 6
3203 6
3205 6
3209 13
3211 6
3213 2
3217 5
3219 5
3221 7
3225 19
3227 4
3229 7
3233 11
3237 7
3241 7
3243 1
3245 6
3249 12
3251 9
3253 7
3257 8
3259 4
3261 6
3265 6
3267 5
3269 12
3273 2
3275 11
3277 5
3281 12
3283 2
3285 11
3289 8
3291 5
3293 10
3297 4
3299 4
3301 6
3305 6
3307 2
3309 11
3313 4
3315 2
3317 12
3321 11
3323 2
3325 7
3329 16
3331 5
3333 4
3337 5
3339 5
3341 10
3345 6
3347 6
3349 5
3353 9
3355 4
3357 11
3361 7
3363 6
3365 14
3369 3
3371 7
3373 4
3377 4
3379 4
3381 12
3385 4
3387 5
3389 7
3393 12
3395 8
3401 11
3403 1
3405 11
3409 12
3411 2
3413 9
3417 4
3419 13
3421 4
3425 9
3429 10
3433 6
3435 8
3437 3
3441 7
3443 6
3445 3
3449 12
3451 4
3453 1
3457 3
3459 5
3461 11
3465 6
3467 4
3469 7
3473 3
3475 5
3477 8
3481 7
3483 8
3485 9
3489 8
3491 6
3493 4
3497 1
3499 2
3501 6
3505 3
3507 2
3509 10
3513 5
3515 4
3517 4
3521 6
3523 2
3525 2
3529 3
3531 3
3533 8
3537 9
3539 4
3541 7
3545 5
3547 6
3549 11
3553 7
3555 7
3557 7
3561 10
3563 4
3565 2
3569 5
3571 5
3573 6
3577 4
3579 3
3581 8
3587 4
3589 4
3593 5
3595 2
3597 7
3601 6
3603 3
3605 9
3609 6
3611 6
3613 6
3617 10
3619 5
3621 5
3625 4
3627 4
3629 11
3633 3
3635 4
3637 2
3641 9
3643 4
3645 5
3649 3
3651 2
3653 6
3657 2
3659 3
3661 6
3665 7
3667 1
3669 4
3673 2
3675 1
3677 2
3681 11
3683 2
3685 5
3689 11
3691 2
3697 1
3699 4
3701 9
3705 6
3707 2
3709 5
3713 5
3715 2
3717 5
3721 3
3723 3
3725 11
3729 6
3731 6
3733 2
3737 4
3739 2
3741 5
3745 1
3747 2
3749 4
3753 6
3755 3
3757 5
3761 4
3765 4
3769 2
3771 6
3773 5
3777 3
3779 3
3781 4
3785 2
3787 1
3789 9
3793 4
3795 3
3797 2
3801 3
3803 2
3805 3
3809 5
3811 2
3813 2
3817 1
3819 2
3821 6
3825 5
3827 4
3829 5
3833 5
3841 1
3845 3
3849 6
3851 4
3853 7
3857 4
3859 3
3861 6
3865 1
3867 1
3869 7
3873 1
3875 4
3877 3
3881 5
3885 4
3889 2
3891 3
3893 6
3897 2
3899 2
3901 5
3905 6
3907 2
3909 4
3915 3
3917 4
3921 3
3923 4
3925 6
3929 9
3931 3
3933 5
3937 3
3939 3
3941 1
3945 5
3947 6
3949 2
3953 2
3955 2
3957 1
3961 1
3963 1
3965 5
3969 6
3971 3
3973 4
3977 4
3979 2
3981 4
3987 2
3989 8
3993 3
3995 7
3997 1
4001 6
4003 1
4005 3
4011 3
4013 2
4017 1
4019 3
4021 6
4025 2
4027 1
4029 1
4033 3
4037 5
4041 4
4043 1
4045 1
4049 5
4051 1
4053 3
4057 1
4059 4
4061 6
4065 3
4067 2
4069 2
4073 3
4075 1
4077 4
4081 1
4083 1
4089 4
4091 10
4097 1
4099 2
4101 4
4105 2
4107 1
4109 1
4113 3
4115 3
4121 2
4123 2
4125 3
4131 4
4133 4
4137 4
4139 2
4145 2
4147 2
4149 2
4155 3
4157 2
4161 4
4163 2
4169 6
4171 5
4173 1
4177 3
4181 2
4185 4
4189 2
4193 2
4197 1
4201 2
4203 1
4205 2
4209 1
4211 1
4213 3
4217 1
4219 1
4221 4
4225 2
4227 1
4229 4
4233 1
4235 2
4241 2
4243 1
4245 2
4249 1
4251 1
4253 1
4257 1
4259 5
4261 1
4265 6
4267 1
4269 2
4275 1
4277 2
4281 2
4285 1
4289 5
4291 1
4297 1
4301 4
4307 1
4309 2
4313 1
4321 2
4325 4
4329 4
4331 4
4333 1
4341 3
4345 2
4347 1
4353 2
4361 3
4365 1
4369 2
4371 1
4373 2
4377 2
4379 2
4385 2
4387 2
4389 4
4393 1
4397 1
4401 4
4405 1
4409 3
4413 2
4419 2
4421 2
4429 1
4433 2
4437 2
4441 2
4445 1
4449 3
4457 1
4461 3
4465 2
4467 1
4469 1
4473 1
4475 1
4481 1
4483 1
4485 1
4489 1
4493 1
4499 1
4501 1
4505 1
4513 2
4515 2
4517 1
4521 3
4525 1
4529 3
4531 1
4533 1
4539 1
4541 2
4553 1
4555 1
4561 2
4569 2
4571 2
4573 2
4577 1
4581 3
4589 2
4593 1
4595 2
4597 4
4601 4
4605 1
4611 1
4613 1
4617 1
4621 1
4625 3
4629 3
4635 1
4637 2
4641 1
4643 1
4649 2
4651 2
4653 3
4661 1
4675 1
4677 3
4683 1
4689 4
4697 1
4699 1
4707 1
4709 4
4713 2
4715 1
4721 3
4725 2
4729 1
4731 1
4733 1
4739 1
4741 1
4745 2
4747 2
4749 2
4753 2
4757 2
4761 2
4769 1
4773 1
4779 1
4781 4
4785 1
4789 1
4793 1
4797 2
4801 2
4805 2
4819 1
4829 2
4835 1
4837 1
4841 3
4849 2
4851 1
4853 1
4859 1
4861 1
4873 1
4877 1
4883 1
4899 1
4901 1
4925 1
4929 1
4931 1
4937 1
4941 1
4945 2
4947 2
4963 1
4971 1
4981 1
4985 1
4989 1
4993 1
5001 1
5009 2
5011 1
5027 1
5029 2
5037 1
5045 1
5049 3
5065 1
5083 1
5089 1
5091 1
5097 1
5099 1
5105 1
5123 1
5131 1
5141 2
5155 1
5157 1
5165 1
5169 1
5177 2
5189 3
5197 1
5201 2
5205 2
5209 1
5211 1
5213 1
5217 1
5221 1
5229 1
5237 1
5249 1
5253 1
5261 3
5269 2
5283 1
5299 1
5301 1
5307 1
5309 3
5313 1
5329 1
5369 1
5377 1
5379 1
5381 2
5387 1
5421 1
5429 1
5441 1
5461 1
5465 1
5467 1
5469 1
5473 1
5477 1
5493 1
5499 1
5505 1
5507 1
5513 1
5517 1
5525 1
5529 2
5555 1
5569 1
5585 1
5587 1
5603 1
5617 1
5621 1
5661 1
5705 1
5717 2
5721 1
5731 1
5801 1
5813 2
5819 1
5833 1
5845 1
5853 2
5865 1
5885 1
5901 1
5949 1
5969 1
5993 1
6005 1
6027 1
6045 1
6089 1
6105 1
6133 1
6147 1
6157 1
6177 1
6221 1
6345 1
6425 1
6485 1
6489 1
6611 1
6645 1
6661 1
6781 1
6821 1
6985 1
7045 1
7497 1
7549 1
7565 2
