N J h mean_R_sq err_mean_R_sq mean_R_gyr_sq err_mean_R_gyr_sq 
400 0.873 0 773.467 7.10605 300.488 1.53215
1 2
3 1
5 7
9 6
11 9
13 5
17 7
19 10
21 9
25 7
27 6
29 9
33 11
35 7
37 3
41 16
43 2
45 11
49 8
51 6
53 14
57 7
59 6
61 14
65 18
67 5
69 14
73 9
75 12
77 13
81 26
83 10
85 10
89 26
91 6
93 8
97 7
99 14
101 38
105 12
107 13
109 18
113 17
115 6
117 19
121 14
123 12
125 28
129 25
131 25
133 8
137 16
139 10
141 17
145 20
147 4
149 22
153 22
155 19
157 14
161 28
163 4
165 13
169 15
171 26
173 32
177 6
179 22
181 18
185 26
187 11
189 32
193 8
195 10
197 20
201 21
203 20
205 17
209 29
211 15
213 11
217 14
219 18
221 25
225 19
227 19
229 17
233 24
235 5
237 20
241 23
243 16
245 21
249 20
251 24
253 5
257 24
259 16
261 27
265 14
267 9
269 40
273 14
275 17
277 8
281 26
283 9
285 30
289 14
291 20
293 28
297 21
299 26
301 8
305 24
307 10
309 18
313 14
315 19
317 13
321 48
323 12
325 33
329 39
331 9
333 12
337 12
339 27
341 32
345 12
347 8
349 16
353 31
355 14
357 12
361 16
363 9
365 30
369 39
371 22
373 18
377 20
379 6
381 35
385 4
387 9
389 31
393 19
395 17
397 9
401 32
403 10
405 26
409 13
411 10
413 23
417 8
419 21
421 19
425 39
427 3
429 12
433 12
435 2
437 17
441 22
443 6
445 5
449 34
451 11
453 16
457 8
459 16
461 26
465 14
467 18
469 30
473 12
475 9
477 20
481 18
483 9
485 25
489 24
491 20
493 20
497 26
499 12
501 22
505 11
507 10
509 31
513 23
515 15
517 11
521 38
523 14
525 29
529 12
531 24
533 16
537 15
539 16
541 17
545 25
547 4
549 30
553 12
555 5
557 16
561 15
563 20
565 10
569 33
571 6
573 15
577 9
579 17
581 24
585 22
587 15
589 18
593 16
595 8
597 8
601 15
603 7
605 32
609 16
611 17
613 4
617 8
619 14
621 29
625 14
627 1
629 31
633 16
635 14
637 14
641 20
643 4
645 16
649 19
651 12
653 13
657 20
659 12
661 14
665 23
667 6
669 7
673 13
675 13
677 31
681 18
683 11
685 7
689 31
691 4
693 16
697 9
699 15
701 20
705 25
707 6
709 7
713 19
715 4
717 17
721 7
723 6
725 19
729 11
731 14
733 10
737 13
739 5
741 19
745 7
747 7
749 27
753 7
755 19
757 3
761 33
763 7
765 7
769 9
771 7
773 10
777 7
779 11
781 11
785 16
787 5
789 13
793 4
795 3
797 23
801 25
803 8
805 10
809 19
811 6
813 7
817 4
819 16
821 16
825 15
827 5
829 8
833 13
835 10
837 9
841 4
843 7
845 18
849 16
851 9
853 12
857 13
859 9
861 10
865 11
867 4
869 15
873 20
875 7
877 7
881 23
883 5
885 8
889 6
891 13
893 12
897 7
899 18
901 9
905 7
907 1
909 21
913 5
915 15
917 11
921 7
923 10
925 10
929 22
931 6
933 5
937 10
939 5
941 27
945 16
947 9
949 5
953 12
955 6
957 11
961 12
963 11
965 20
969 8
971 14
973 5
977 9
979 9
981 13
985 9
987 8
989 11
993 3
995 6
997 7
1001 20
1003 1
1005 7
1009 5
1011 11
1013 11
1017 14
1019 12
1021 8
1025 17
1027 3
1029 10
1033 5
1035 7
1037 14
1041 20
1043 7
1045 7
1049 16
1051 2
1053 9
1057 5
1059 7
1061 7
1065 6
1067 9
1069 14
1073 8
1075 4
1077 9
1083 2
1085 11
1089 10
1091 6
1093 4
1097 13
1099 2
1101 8
1105 4
1107 8
1109 19
1113 6
1115 7
1117 9
1121 15
1123 2
1125 16
1129 6
1131 10
1133 13
1137 7
1139 9
1141 6
1145 7
1147 1
1149 7
1153 3
1155 6
1157 6
1161 23
1163 5
1165 6
1169 13
1171 4
1173 10
1177 1
1179 7
1181 14
1185 1
1187 6
1189 2
1193 11
1195 3
1197 1
1201 4
1203 3
1205 14
1209 13
1211 9
1213 2
1217 10
1219 2
1221 5
1225 6
1227 1
1229 16
1233 6
1235 8
1237 3
1241 8
1243 6
1245 7
1249 9
1251 9
1253 9
1257 3
1259 8
1261 10
1265 9
1267 2
1269 9
1273 9
1275 9
1277 7
1281 2
1283 7
1285 1
1289 9
1291 1
1293 6
1297 1
1299 2
1301 11
1305 14
1307 5
1309 8
1313 6
1315 2
1317 6
1321 4
1323 2
1325 9
1329 10
1331 6
1333 5
1337 7
1339 9
1341 11
1345 2
1347 2
1349 8
1353 2
1355 6
1357 5
1361 13
1363 1
1365 3
1369 5
1371 8
1373 5
1377 15
1379 5
1381 4
1385 7
1387 1
1389 11
1393 2
1395 2
1397 4
1401 4
1403 5
1405 6
1409 5
1411 3
1413 7
1417 1
1419 5
1421 13
1425 9
1427 6
1433 1
1435 1
1437 4
1441 6
1443 3
1445 9
1449 14
1451 2
1453 2
1457 6
1459 5
1461 3
1465 4
1467 2
1469 12
1473 2
1475 6
1477 5
1481 16
1483 3
1485 4
1489 3
1491 3
1493 4
1497 2
1499 1
1501 6
1505 11
1509 7
1515 5
1517 1
1521 2
1523 4
1525 4
1529 6
1531 4
1533 7
1537 1
1539 3
1541 6
1545 5
1547 2
1553 13
1557 4
1561 4
1563 2
1565 6
1569 3
1571 4
1573 1
1577 2
1579 2
1581 4
1585 3
1587 2
1589 9
1593 2
1595 3
1597 5
1601 8
1603 1
1605 4
1609 5
1611 4
1613 5
1617 4
1619 2
1621 2
1625 7
1627 2
1629 9
1633 1
1635 3
1637 4
1641 2
1643 2
1645 4
1649 5
1653 2
1657 2
1659 1
1661 5
1665 2
1667 2
1669 4
1673 3
1677 2
1681 5
1683 4
1685 6
1689 3
1691 5
1693 2
1697 1
1699 3
1701 12
1705 1
1707 4
1709 4
1713 6
1715 4
1717 2
1721 5
1723 1
1725 2
1729 1
1731 1
1733 1
1737 3
1739 2
1745 7
1747 2
1749 2
1753 2
1755 3
1757 2
1763 1
1765 1
1769 6
1771 1
1773 1
1777 3
1781 11
1785 3
1787 3
1789 3
1793 5
1795 1
1797 4
1801 2
1803 3
1805 2
1809 3
1811 3
1817 1
1819 2
1821 2
1825 1
1829 4
1833 2
1837 2
1841 1
1845 2
1849 1
1851 2
1853 2
1857 1
1861 3
1865 5
1869 3
1873 5
1875 3
1877 2
1881 6
1883 1
1885 2
1889 6
1891 2
1893 2
1897 3
1899 2
1901 6
1905 2
1907 3
1909 2
1913 4
1915 1
1917 5
1921 1
1925 4
1929 4
1931 1
1933 4
1937 2
1939 1
1941 2
1945 1
1947 2
1949 7
1953 1
1955 7
1957 2
1965 1
1973 4
1977 1
1979 3
1981 3
1985 2
1989 2
1993 1
1995 3
1997 4
2001 2
2009 3
2011 1
2013 1
2019 4
2021 3
2025 2
2027 1
2029 1
2033 4
2035 2
2037 1
2041 2
2043 5
2045 3
2049 1
2051 3
2053 1
2057 1
2059 2
2061 4
2065 2
2069 6
2073 3
2075 1
2077 1
2081 4
2091 1
2093 5
2101 1
2105 7
2109 2
2117 5
2125 1
2129 4
2131 2
2137 2
2139 1
2141 1
2145 2
2147 2
2149 2
2153 2
2157 2
2161 1
2163 2
2165 2
2169 2
2173 2
2177 1
2179 1
2181 3
2185 1
2187 2
2189 3
2193 2
2195 3
2201 4
2205 3
2209 2
2213 2
2217 3
2219 3
2221 2
2225 3
2229 2
2233 1
2241 1
2243 2
2245 2
2251 1
2253 2
2257 1
2261 1
2267 1
2273 1
2285 4
2291 1
2293 1
2301 2
2309 2
2313 2
2321 3
2329 1
2331 1
2333 2
2337 1
2339 1
2349 3
2353 1
2361 2
2363 1
2369 3
2371 1
2377 1
2379 1
2381 4
2387 2
2389 1
2393 3
2405 2
2409 1
2411 1
2413 1
2419 2
2421 4
2425 1
2427 1
2429 2
2435 1
2441 2
2445 2
2453 1
2459 1
2461 1
2469 4
2473 1
2475 1
2481 2
2489 3
2491 2
2493 2
2497 1
2501 2
2505 1
2509 1
2513 1
2523 1
2529 1
2531 1
2537 2
2539 1
2555 1
2565 1
2573 1
2579 1
2589 1
2593 1
2603 1
2605 1
2627 1
2645 1
2649 1
2653 1
2657 1
2669 1
2675 3
2691 2
2693 1
2699 2
2701 1
2705 1
2713 1
2721 1
2729 2
2741 1
2765 1
2771 1
2779 1
2789 2
2793 1
2817 1
2825 1
2835 2
2841 1
2843 1
2857 1
2861 3
2869 1
2873 2
2883 1
2897 1
2905 1
2909 2
2915 1
2921 1
2923 1
2945 3
2963 1
2969 1
2977 1
2989 1
3019 1
3029 3
3083 1
3085 1
3109 1
3115 1
3123 1
3125 1
3129 1
3137 1
3177 1
3181 1
3197 1
3219 1
3233 1
3289 1
3309 1
3313 1
3353 1
3365 2
3379 1
3421 1
3435 1
3461 1
3537 2
3549 1
3555 1
3643 1
3683 1
3761 1
3825 1
3981 1
4557 1
