N J h mean_R_sq err_mean_R_sq mean_R_gyr_sq err_mean_R_gyr_sq 
700 0.871 0 1448.33 6.92612 851.22 1.99698
1 6
3 8
5 16
9 12
11 14
13 13
17 38
19 9
21 20
25 21
27 11
29 47
33 29
35 24
37 14
41 52
43 12
45 47
49 25
51 23
53 32
57 26
59 43
61 28
65 54
67 11
69 53
73 32
75 23
77 55
81 47
83 35
85 22
89 96
91 25
93 30
97 20
99 30
101 72
105 37
107 30
109 35
113 51
115 22
117 84
121 50
123 27
125 92
129 78
131 62
133 36
137 51
139 29
141 54
145 45
147 28
149 94
153 81
155 42
157 36
161 102
163 8
165 68
169 46
171 69
173 95
177 24
179 77
181 52
185 100
187 24
189 99
193 19
195 51
197 67
201 66
203 49
205 35
209 141
211 40
213 38
217 65
219 53
221 88
225 76
227 66
229 74
233 77
235 18
237 77
241 68
243 44
245 68
249 74
251 82
253 16
257 89
259 38
261 97
265 52
267 25
269 137
273 53
275 45
277 35
281 114
283 36
285 97
289 49
291 49
293 98
297 92
299 95
301 57
305 77
307 27
309 70
313 45
315 65
317 70
321 118
323 46
325 71
329 131
331 39
333 54
337 56
339 74
341 148
345 50
347 52
349 81
353 91
355 34
357 51
361 62
363 41
365 115
369 147
371 78
373 47
377 83
379 35
381 89
385 48
387 49
389 102
393 77
395 83
397 34
401 101
403 24
405 98
409 73
411 63
413 97
417 54
419 75
421 50
425 159
427 23
429 79
433 59
435 38
437 111
441 131
443 46
445 45
449 123
451 59
453 76
457 46
459 71
461 154
465 67
467 78
469 69
473 65
475 46
477 95
481 94
483 41
485 90
489 94
491 84
493 62
497 134
499 39
501 76
505 44
507 49
509 150
513 72
515 61
517 52
521 155
523 47
525 74
529 59
531 80
533 53
537 52
539 83
541 44
545 168
547 27
549 143
553 32
555 36
557 84
561 56
563 79
565 65
569 161
571 51
573 60
577 35
579 68
581 112
585 95
587 41
589 76
593 85
595 27
597 50
601 104
603 43
605 126
609 64
611 95
613 39
617 43
619 50
621 148
625 44
627 32
629 150
633 76
635 99
637 71
641 112
643 28
645 58
649 76
651 49
653 67
657 78
659 98
661 89
665 108
667 28
669 57
673 48
675 80
677 135
681 81
683 51
685 48
689 162
691 34
693 87
697 28
699 84
701 135
705 86
707 38
709 31
713 94
715 28
717 65
721 54
723 24
725 115
729 108
731 90
733 49
737 84
739 55
741 94
745 63
747 85
749 129
753 50
755 103
757 35
761 155
763 26
765 74
769 80
771 52
773 91
777 52
779 72
781 64
785 64
787 35
789 123
793 25
795 26
797 104
801 123
803 60
805 56
809 121
811 47
813 54
817 43
819 60
821 92
825 76
827 55
829 68
833 111
835 33
837 60
841 48
843 47
845 101
849 78
851 61
853 26
857 102
859 41
861 77
865 57
867 43
869 126
873 76
875 85
877 30
881 145
883 19
885 92
889 58
891 73
893 87
897 61
899 78
901 76
905 87
907 16
909 140
913 33
915 51
917 69
921 58
923 65
925 49
929 113
931 45
933 45
937 58
939 59
941 138
945 109
947 31
949 41
953 101
955 14
957 49
961 53
963 61
965 146
969 78
971 88
973 39
977 63
979 56
981 78
985 93
987 47
989 119
993 40
995 45
997 34
1001 104
1003 32
1005 44
1009 66
1011 63
1013 81
1017 76
1019 75
1021 63
1025 115
1027 16
1029 92
1033 33
1035 52
1037 62
1041 95
1043 38
1045 42
1049 138
1051 36
1053 117
1057 53
1059 36
1061 98
1065 39
1067 79
1069 80
1073 71
1075 47
1077 70
1081 41
1083 42
1085 81
1089 74
1091 95
1093 22
1097 86
1099 26
1101 70
1105 53
1107 36
1109 145
1113 50
1115 65
1117 36
1121 119
1123 23
1125 94
1129 47
1131 43
1133 88
1137 44
1139 80
1141 70
1145 42
1147 33
1149 38
1153 48
1155 43
1157 83
1161 129
1163 33
1165 54
1169 132
1171 30
1173 56
1177 30
1179 78
1181 108
1185 45
1187 50
1189 47
1193 86
1195 42
1197 54
1201 43
1203 43
1205 85
1209 107
1211 56
1213 30
1217 87
1219 35
1221 76
1225 58
1227 24
1229 84
1233 68
1235 57
1237 37
1241 86
1243 21
1245 84
1249 64
1251 69
1253 88
1257 50
1259 70
1261 47
1265 108
1267 32
1269 66
1273 45
1275 38
1277 76
1281 50
1283 48
1285 23
1289 84
1291 36
1293 47
1297 25
1299 22
1301 118
1305 129
1307 59
1309 48
1313 50
1315 24
1317 47
1321 55
1323 41
1325 94
1329 86
1331 49
1333 54
1337 55
1339 34
1341 78
1345 44
1347 30
1349 124
1353 40
1355 43
1357 27
1361 122
1363 21
1365 31
1369 41
1371 38
1373 39
1377 68
1379 69
1381 43
1385 88
1387 11
1389 56
1393 39
1395 48
1397 56
1401 48
1403 45
1405 59
1409 62
1411 16
1413 76
1417 23
1419 29
1421 108
1425 52
1427 62
1429 45
1433 59
1435 13
1437 38
1441 65
1443 26
1445 82
1449 103
1451 44
1453 29
1457 47
1459 52
1461 58
1465 30
1467 24
1469 111
1473 54
1475 50
1477 34
1481 102
1483 24
1485 54
1489 37
1491 38
1493 35
1497 29
1499 43
1501 42
1505 72
1507 12
1509 79
1513 29
1515 44
1517 81
1521 78
1523 28
1525 42
1529 94
1531 38
1533 40
1537 38
1539 66
1541 67
1545 35
1547 41
1549 21
1553 71
1555 13
1557 79
1561 52
1563 25
1565 45
1569 58
1571 58
1573 29
1577 51
1579 30
1581 60
1585 33
1587 25
1589 91
1593 32
1595 53
1597 21
1601 76
1603 21
1605 28
1609 41
1611 51
1613 70
1617 50
1619 47
1621 38
1625 76
1627 25
1629 91
1633 17
1635 22
1637 81
1641 69
1643 32
1645 30
1649 81
1651 27
1653 24
1657 15
1659 23
1661 81
1665 86
1667 38
1669 38
1673 41
1675 23
1677 28
1681 27
1683 30
1685 76
1689 46
1691 62
1693 24
1697 40
1699 36
1701 83
1705 26
1707 46
1709 71
1713 43
1715 45
1717 23
1721 74
1723 13
1725 66
1729 40
1731 25
1733 54
1737 23
1739 66
1741 42
1745 63
1747 19
1749 54
1753 26
1755 41
1757 42
1761 29
1763 32
1765 39
1769 100
1771 18
1773 42
1777 39
1779 27
1781 94
1785 58
1787 13
1789 39
1793 44
1795 32
1797 36
1801 38
1803 15
1805 43
1809 47
1811 58
1813 26
1817 67
1819 19
1821 52
1825 39
1827 35
1829 51
1833 34
1835 28
1837 32
1841 56
1843 15
1845 43
1849 34
1851 53
1853 49
1857 23
1859 34
1861 60
1865 74
1867 15
1869 48
1873 11
1875 32
1877 44
1881 59
1883 29
1885 21
1889 93
1891 20
1893 23
1897 15
1899 28
1901 51
1905 31
1907 36
1909 26
1913 51
1915 16
1917 35
1921 48
1923 18
1925 72
1929 40
1931 39
1933 17
1937 54
1939 16
1941 29
1945 21
1947 14
1949 82
1953 48
1955 27
1957 15
1961 28
1963 15
1965 38
1969 25
1971 35
1973 43
1977 41
1979 50
1981 25
1985 36
1987 14
1989 60
1993 22
1995 18
1997 42
2001 60
2003 17
2005 33
2009 70
2011 16
2013 19
2017 21
2019 44
2021 72
2025 49
2027 27
2029 40
2033 28
2035 17
2037 22
2041 43
2043 37
2045 49
2049 42
2051 42
2053 13
2057 49
2059 17
2061 46
2065 26
2067 15
2069 39
2073 17
2075 39
2077 14
2081 55
2083 23
2085 28
2089 36
2091 23
2093 39
2097 34
2099 37
2101 17
2105 49
2107 23
2109 41
2113 15
2115 19
2117 41
2121 32
2123 25
2125 29
2129 58
2131 25
2133 43
2137 9
2139 17
2141 67
2145 38
2147 29
2149 22
2153 25
2155 21
2157 28
2161 40
2163 11
2165 12
2169 63
2171 26
2173 21
2177 37
2179 12
2181 30
2185 16
2187 25
2189 58
2193 25
2195 26
2197 19
2201 51
2203 10
2205 28
2209 21
2211 24
2213 38
2217 27
2219 41
2221 16
2225 56
2227 11
2229 41
2233 10
2235 29
2237 23
2241 37
2243 24
2245 28
2249 32
2251 15
2253 26
2257 25
2259 33
2261 64
2265 21
2267 21
2269 27
2273 44
2275 18
2277 17
2281 22
2283 10
2285 56
2289 27
2291 16
2293 8
2297 34
2299 23
2301 29
2305 18
2307 12
2309 54
2313 45
2315 30
2317 17
2321 48
2323 11
2325 21
2329 23
2331 36
2333 24
2337 18
2339 30
2341 22
2345 40
2347 12
2349 38
2353 14
2355 25
2357 28
2361 32
2363 17
2365 25
2369 55
2371 15
2373 20
2377 11
2379 19
2381 21
2385 20
2387 21
2389 20
2393 33
2395 10
2397 20
2401 16
2403 16
2405 39
2409 28
2411 36
2413 21
2417 32
2419 12
2421 43
2425 27
2427 17
2429 40
2433 12
2435 27
2437 10
2441 45
2443 12
2445 20
2449 28
2451 19
2453 36
2457 21
2459 32
2461 22
2465 29
2467 8
2469 30
2473 10
2475 29
2477 23
2481 29
2483 27
2485 14
2489 42
2491 19
2493 20
2497 20
2499 31
2501 45
2505 16
2507 20
2509 21
2513 17
2515 12
2517 24
2521 11
2523 12
2525 46
2529 32
2531 17
2533 5
2537 33
2539 16
2541 26
2545 17
2547 17
2549 32
2553 12
2555 11
2557 12
2561 33
2563 4
2565 35
2569 9
2571 22
2573 25
2577 17
2579 29
2581 27
2585 18
2587 11
2589 18
2593 15
2595 14
2597 46
2601 17
2603 27
2605 10
2609 51
2611 10
2613 16
2617 10
2619 12
2621 30
2625 36
2627 26
2629 14
2633 13
2635 14
2637 34
2641 14
2643 10
2645 38
2649 23
2651 31
2653 9
2657 21
2659 13
2661 27
2665 21
2667 5
2669 35
2673 32
2675 23
2677 11
2681 41
2683 5
2685 14
2689 10
2691 20
2693 27
2697 11
2699 13
2701 17
2705 34
2707 3
2709 24
2713 11
2715 7
2717 14
2721 24
2723 12
2725 16
2729 37
2731 12
2733 14
2737 4
2739 14
2741 30
2745 20
2747 10
2749 26
2753 13
2755 3
2757 16
2761 16
2763 11
2765 26
2769 19
2771 24
2773 9
2777 25
2779 15
2781 25
2785 14
2787 7
2789 49
2793 13
2795 13
2797 14
2801 30
2803 7
2805 20
2809 10
2811 14
2813 37
2817 19
2819 14
2821 16
2825 21
2827 9
2829 17
2833 16
2835 9
2837 20
2841 26
2843 11
2845 16
2849 29
2851 7
2853 9
2857 9
2859 15
2861 32
2865 20
2867 11
2869 21
2873 22
2875 14
2877 15
2881 9
2883 15
2885 16
2889 43
2891 23
2893 8
2897 16
2899 11
2901 17
2905 8
2907 6
2909 36
2913 13
2915 17
2917 9
2921 16
2923 4
2925 34
2929 18
2931 16
2933 25
2937 10
2939 21
2941 12
2945 23
2947 5
2949 10
2953 13
2955 6
2957 14
2961 21
2963 12
2965 11
2969 20
2971 7
2973 14
2977 10
2979 15
2981 34
2985 10
2987 18
2989 13
2993 19
2995 6
2997 12
3001 12
3003 6
3005 19
3009 17
3011 16
3013 11
3017 16
3019 8
3021 11
3025 18
3027 10
3029 16
3033 17
3035 10
3037 10
3041 34
3043 7
3045 8
3049 8
3051 18
3053 16
3057 5
3059 16
3061 15
3065 26
3067 6
3069 26
3073 10
3075 10
3077 17
3081 17
3083 5
3085 12
3089 14
3091 4
3093 16
3097 5
3099 17
3101 21
3105 14
3107 13
3109 15
3113 15
3115 8
3117 8
3121 7
3123 9
3125 14
3129 16
3131 14
3133 3
3137 15
3139 1
3141 21
3145 4
3147 4
3149 30
3153 14
3155 11
3157 9
3161 15
3163 5
3165 5
3169 14
3171 9
3173 11
3177 15
3179 9
3181 14
3185 22
3187 4
3189 17
3193 4
3195 12
3197 21
3201 8
3203 5
3205 6
3209 26
3211 5
3213 11
3217 1
3219 6
3221 16
3225 22
3227 4
3229 10
3233 22
3235 4
3237 7
3241 7
3243 2
3245 5
3249 15
3251 9
3253 8
3257 7
3259 9
3261 12
3265 11
3267 9
3269 17
3273 13
3275 17
3277 7
3281 18
3283 5
3285 17
3289 15
3291 6
3293 12
3297 3
3299 15
3301 16
3305 18
3307 3
3309 22
3313 6
3315 4
3317 18
3321 18
3323 11
3325 6
3329 26
3331 11
3333 8
3337 9
3339 10
3341 20
3345 10
3347 6
3349 5
3353 15
3355 5
3357 10
3361 9
3363 7
3365 33
3369 6
3371 13
3373 8
3377 13
3379 12
3381 9
3385 5
3387 7
3389 7
3393 12
3395 7
3397 5
3401 23
3403 4
3405 12
3409 12
3411 10
3413 13
3417 5
3419 11
3421 9
3425 16
3427 4
3429 17
3433 3
3435 7
3437 11
3441 6
3443 2
3445 6
3449 19
3451 3
3453 4
3457 5
3459 7
3461 24
3465 8
3467 10
3469 5
3473 13
3475 5
3477 8
3481 9
3483 10
3485 16
3489 11
3491 11
3493 8
3497 5
3499 8
3501 9
3505 11
3507 3
3509 11
3513 7
3515 7
3517 8
3521 10
3523 2
3525 8
3529 9
3531 6
3533 5
3537 9
3539 7
3541 9
3545 13
3547 3
3549 14
3553 7
3555 7
3557 9
3561 13
3563 11
3565 4
3569 7
3571 7
3573 9
3577 3
3579 6
3581 4
3585 8
3587 11
3589 8
3593 15
3595 5
3597 4
3601 10
3603 8
3605 17
3609 12
3611 16
3613 4
3617 12
3619 5
3621 3
3625 13
3627 7
3629 16
3633 3
3635 5
3637 2
3641 20
3643 3
3645 5
3649 3
3651 7
3653 11
3657 4
3659 9
3661 5
3665 10
3667 4
3669 12
3673 7
3675 4
3677 5
3681 15
3685 6
3689 16
3691 6
3693 3
3697 7
3699 14
3701 22
3705 4
3707 3
3709 9
3713 10
3715 7
3717 12
3721 8
3723 3
3725 17
3729 6
3731 9
3733 1
3737 7
3739 4
3741 11
3745 3
3747 9
3749 8
3753 10
3755 5
3757 5
3761 5
3763 3
3765 6
3769 7
3771 5
3773 16
3777 2
3779 15
3781 4
3785 6
3787 1
3789 7
3793 5
3795 8
3797 4
3801 5
3803 4
3805 3
3809 13
3811 3
3813 8
3817 6
3819 3
3821 15
3825 14
3827 10
3829 5
3833 3
3835 5
3837 4
3841 12
3843 4
3845 12
3849 12
3851 6
3853 2
3857 12
3859 5
3861 5
3865 4
3867 5
3869 11
3873 7
3875 9
3877 5
3881 11
3885 9
3889 6
3891 9
3893 5
3897 5
3899 2
3901 4
3905 12
3907 2
3909 16
3913 4
3915 9
3917 6
3921 2
3923 4
3925 5
3929 10
3931 6
3933 9
3937 5
3939 5
3941 6
3945 2
3947 5
3949 3
3953 14
3955 4
3957 2
3961 12
3965 6
3969 9
3971 3
3973 4
3977 10
3979 5
3981 10
3985 2
3987 1
3989 15
3993 7
3995 5
3997 3
4001 8
4003 3
4005 4
4009 2
4011 6
4013 7
4017 5
4019 4
4021 8
4025 9
4027 1
4029 5
4033 6
4035 1
4037 10
4041 4
4043 4
4045 7
4049 8
4051 4
4053 5
4057 2
4059 6
4061 18
4065 5
4067 5
4069 5
4073 8
4075 1
4077 4
4081 7
4083 3
4085 7
4089 8
4091 6
4093 3
4097 3
4099 2
4101 3
4105 8
4107 4
4109 10
4113 6
4115 2
4117 4
4121 11
4123 2
4125 4
4129 7
4131 5
4133 9
4137 1
4139 5
4141 3
4145 5
4147 3
4149 7
4153 2
4157 5
4161 6
4163 2
4165 5
4169 10
4171 3
4173 8
4177 7
4179 5
4181 10
4185 2
4187 1
4189 3
4193 7
4195 2
4197 3
4201 2
4203 1
4205 5
4209 4
4211 3
4213 2
4217 2
4219 2
4221 4
4225 4
4229 10
4233 2
4235 6
4237 2
4241 7
4243 2
4245 7
4249 6
4251 3
4253 5
4257 5
4259 9
4261 3
4265 4
4267 1
4269 3
4275 1
4277 5
4281 5
4283 4
4285 2
4289 14
4291 5
4293 3
4297 2
4299 3
4301 9
4305 3
4307 3
4309 1
4313 3
4315 1
4317 2
4321 2
4323 1
4325 9
4329 9
4331 3
4333 1
4337 2
4339 1
4341 9
4345 4
4347 4
4349 5
4353 3
4355 2
4357 3
4361 10
4363 2
4365 7
4369 4
4371 3
4373 9
4377 2
4379 1
4381 6
4385 3
4387 1
4389 10
4393 1
4395 2
4397 3
4401 9
4403 2
4405 2
4409 5
4411 4
4413 3
4419 2
4421 10
4425 2
4427 5
4429 6
4433 4
4435 1
4437 5
4441 4
4443 4
4445 5
4449 4
4451 5
4453 7
4457 2
4459 1
4461 5
4465 1
4467 4
4469 10
4473 5
4475 2
4477 5
4481 1
4483 1
4485 4
4489 7
4491 2
4493 1
4497 2
4499 5
4501 6
4505 1
4507 2
4509 4
4513 1
4515 5
4517 3
4521 8
4523 4
4525 3
4529 5
4531 4
4533 1
4537 2
4539 3
4541 6
4545 3
4547 3
4549 2
4553 4
4555 1
4557 2
4561 1
4563 3
4565 5
4569 2
4571 4
4577 3
4579 1
4581 3
4585 1
4587 2
4589 8
4593 3
4595 3
4597 5
4601 4
4605 5
4609 4
4611 5
4613 2
4617 2
4619 3
4625 7
4629 2
4633 4
4635 1
4637 5
4641 5
4643 4
4645 1
4649 6
4651 2
4653 1
4657 3
4659 2
4661 7
4665 4
4667 1
4669 2
4673 4
4675 1
4677 4
4681 2
4683 1
4685 1
4689 5
4691 2
4697 5
4705 1
4707 4
4709 4
4713 3
4715 5
4717 2
4721 9
4725 3
4729 4
4731 3
4733 2
4737 2
4739 4
4741 5
4745 2
4747 1
4749 7
4753 2
4755 1
4757 3
4761 1
4763 3
4765 4
4769 4
4771 1
4773 1
4777 1
4779 2
4781 8
4785 1
4787 3
4789 2
4793 3
4795 1
4797 1
4801 3
4803 2
4805 6
4809 3
4811 5
4817 4
4819 2
4821 1
4825 1
4829 4
4835 6
4837 2
4841 2
4845 1
4849 1
4851 3
4853 6
4857 1
4859 5
4861 3
4865 4
4867 1
4869 1
4873 2
4875 5
4877 4
4881 3
4883 3
4885 3
4889 3
4891 3
4893 1
4897 2
4899 3
4901 3
4905 6
4907 1
4909 1
4913 1
4921 2
4923 1
4925 2
4929 2
4931 2
4933 2
4937 3
4939 2
4941 4
4947 1
4949 6
4953 1
4955 2
4957 1
4961 6
4963 2
4965 3
4969 5
4973 2
4977 2
4979 4
4981 1
4985 2
4987 1
4989 1
4995 4
4997 1
5001 3
5003 1
5005 1
5009 1
5017 1
5019 1
5021 5
5025 1
5027 3
5033 1
5035 1
5037 2
5041 1
5043 5
5045 2
5049 4
5051 1
5053 1
5065 1
5067 1
5069 3
5073 3
5075 1
5081 2
5085 3
5093 1
5099 2
5101 3
5105 2
5107 1
5109 4
5113 1
5115 2
5117 2
5121 4
5123 3
5125 1
5129 3
5133 1
5137 2
5139 2
5141 1
5145 3
5147 1
5149 2
5153 2
5157 1
5161 1
5165 4
5169 2
5171 2
5177 2
5185 1
5187 1
5189 2
5193 1
5195 1
5201 4
5203 2
5205 2
5211 4
5213 2
5219 3
5225 4
5227 2
5229 1
5237 1
5243 1
5249 3
5251 2
5253 1
5259 1
5261 2
5265 4
5267 1
5269 1
5275 2
5277 2
5281 2
5285 4
5297 1
5299 1
5301 4
5305 1
5309 6
5313 1
5315 1
5321 1
5323 1
5325 3
5333 2
5337 4
5339 1
5341 1
5345 1
5353 1
5355 2
5361 3
5363 1
5369 6
5373 2
5379 3
5381 4
5385 3
5389 2
5393 2
5397 2
5401 3
5403 3
5405 2
5409 1
5411 1
5413 1
5417 1
5421 6
5429 2
5437 1
5441 5
5445 4
5449 2
5453 3
5457 1
5465 5
5469 1
5473 1
5475 1
5483 1
5485 1
5489 2
5491 1
5493 1
5497 1
5499 2
5501 1
5513 1
5521 2
5525 2
5529 2
5531 1
5533 1
5537 2
5541 1
5547 2
5549 1
5561 4
5565 1
5569 3
5571 1
5573 3
5577 1
5579 5
5581 1
5585 1
5589 2
5593 1
5597 3
5609 2
5613 1
5617 3
5619 2
5621 2
5629 1
5633 2
5641 1
5643 1
5645 4
5649 3
5659 1
5665 1
5667 1
5669 1
5673 1
5677 1
5683 1
5691 2
5693 3
5705 1
5713 1
5715 2
5721 1
5723 2
5729 3
5733 3
5737 1
5739 2
5741 6
5745 1
5753 2
5765 1
5769 1
5771 1
5773 1
5777 1
5779 2
5781 1
5789 2
5797 2
5801 1
5809 1
5813 1
5819 1
5821 3
5837 2
5841 1
5843 2
5849 5
5859 1
5861 2
5865 1
5867 2
5869 2
5875 1
5877 1
5885 2
5893 2
5897 1
5905 1
5907 2
5909 3
5915 1
5921 1
5925 3
5937 1
5939 1
5947 1
5949 1
5953 2
5955 2
5969 3
5971 2
5977 1
5979 1
5981 1
5985 1
5993 2
5997 2
6005 2
6009 2
6013 1
6017 2
6025 1
6033 1
6035 1
6041 4
6053 1
6057 2
6059 2
6061 2
6067 3
6075 1
6077 2
6081 2
6089 3
6093 1
6101 2
6105 1
6113 1
6117 2
6121 1
6125 1
6129 1
6137 1
6161 2
6163 1
6165 1
6173 1
6177 2
6185 1
6187 1
6197 1
6201 2
6203 1
6205 1
6213 1
6219 1
6225 1
6227 1
6237 2
6241 1
6253 1
6269 1
6291 1
6309 1
6315 1
6321 3
6341 1
6345 2
6347 2
6349 1
6353 2
6361 1
6369 1
6371 1
6379 1
6381 1
6389 3
6393 1
6403 1
6405 1
6409 1
6417 1
6421 2
6429 4
6441 1
6449 2
6459 1
6465 1
6473 2
6485 1
6497 1
6499 1
6501 3
6509 1
6515 1
6521 1
6525 2
6529 1
6541 1
6557 1
6561 2
6569 1
6587 1
6589 1
6629 1
6635 1
6641 1
6645 1
6653 1
6659 1
6665 1
6667 1
6681 1
6683 1
6697 1
6701 2
6707 1
6709 2
6725 2
6731 1
6753 1
6757 1
6781 2
6841 1
6861 2
6869 1
6873 1
6881 2
6893 1
6897 2
6913 1
6917 1
6925 1
6933 1
6945 1
6965 1
6971 1
6985 1
6987 1
6993 1
7001 1
7019 3
7043 1
7101 1
7125 1
7149 1
7157 1
7181 1
7195 1
7233 1
7241 1
7301 2
7325 1
7331 1
7337 1
7341 1
7347 1
7361 1
7373 1
7381 1
7413 1
7449 1
7457 1
7489 1
7541 2
7549 1
7565 1
7573 1
7587 1
7597 1
7601 1
7633 1
7641 1
7669 1
7675 1
7681 1
7685 1
7713 1
7731 1
7733 2
7737 1
7761 1
7781 1
7789 1
7811 2
7827 1
7861 1
7865 1
7901 1
7973 1
8011 1
8021 1
8035 1
8165 1
8201 1
8205 1
8345 1
8353 1
8409 1
8517 1
8525 1
8845 1
8885 1
8901 1
8945 1
9029 1
9409 1
9467 1
9513 1
9873 1
9995 1
10285 1
10425 1
10585 1
