N J h mean_R_sq err_mean_R_sq mean_R_gyr_sq err_mean_R_gyr_sq 
550 0.91 0 626.609 9.24276 933.602 7.4814
1 10
3 6
5 34
9 46
11 31
13 41
17 75
19 37
21 67
25 47
27 40
29 104
33 79
35 68
37 33
41 130
43 34
45 95
49 69
51 58
53 96
57 57
59 88
61 90
65 116
67 29
69 93
73 54
75 65
77 111
81 103
83 95
85 50
89 137
91 49
93 52
97 33
99 79
101 176
105 76
107 60
109 59
113 75
115 45
117 90
121 72
123 26
125 98
129 98
131 79
133 29
137 80
139 51
141 71
145 55
147 44
149 127
153 99
155 74
157 50
161 133
163 19
165 54
169 36
171 79
173 103
177 25
179 84
181 59
185 112
187 27
189 104
193 29
195 50
197 71
201 77
203 41
205 52
209 134
211 37
213 53
217 47
219 49
221 89
225 58
227 69
229 51
233 60
235 22
237 54
241 54
243 34
245 70
249 64
251 74
253 23
257 84
259 37
261 81
265 40
267 19
269 97
273 43
275 44
277 31
281 81
283 25
285 69
289 44
291 36
293 79
297 56
299 67
301 39
305 68
307 22
309 37
313 29
315 45
317 27
321 65
323 30
325 46
329 79
331 30
333 37
337 23
339 44
341 103
345 25
347 28
349 47
353 53
355 24
357 26
361 37
363 27
365 58
369 74
371 41
373 33
377 50
379 26
381 59
385 16
387 44
389 76
393 44
395 43
397 17
401 58
403 8
405 61
409 35
411 40
413 47
417 34
419 48
421 22
425 86
427 9
429 42
433 24
435 14
437 38
441 57
443 30
445 15
449 46
451 35
453 26
457 22
459 35
461 51
465 49
467 30
469 33
473 25
475 24
477 42
481 33
483 12
485 40
489 34
491 33
493 27
497 41
499 9
501 36
505 14
507 18
509 52
513 25
515 20
517 22
521 53
523 17
525 42
529 22
531 43
533 24
537 18
539 36
541 20
545 67
547 8
549 55
553 10
555 16
557 29
561 28
563 28
565 15
569 57
571 16
573 21
577 11
579 25
581 53
585 43
587 19
589 20
593 46
595 8
597 32
601 34
603 15
605 38
609 29
611 27
613 17
617 22
619 13
621 49
625 20
627 17
629 71
633 28
635 18
637 24
641 28
643 12
645 30
649 33
651 34
653 29
657 25
659 33
661 25
665 25
667 8
669 17
673 16
675 14
677 46
681 32
683 9
685 14
689 51
691 13
693 29
697 16
699 25
701 45
705 27
707 11
709 9
713 29
715 11
717 22
721 18
723 9
725 29
729 31
731 24
733 12
737 24
739 7
741 17
745 22
747 15
749 30
753 18
755 29
757 12
761 45
763 14
765 27
769 23
771 17
773 32
777 21
779 16
781 16
785 14
787 7
789 30
793 12
795 9
797 14
801 40
803 22
805 11
809 26
811 18
813 14
817 9
819 21
821 29
825 25
827 14
829 21
833 29
835 8
837 21
841 15
843 12
845 32
849 19
851 20
853 5
857 32
859 21
861 24
865 15
867 14
869 23
873 21
875 20
877 10
881 29
883 2
885 32
889 11
891 10
893 20
897 14
899 24
901 19
905 12
907 2
909 28
913 9
915 16
917 12
921 14
923 21
925 12
929 27
931 16
933 9
937 15
939 12
941 36
945 23
947 4
949 7
953 26
955 6
957 7
961 12
963 9
965 37
969 19
971 14
973 5
977 6
979 13
981 24
985 15
987 10
989 26
993 4
995 7
997 12
1001 20
1003 6
1005 10
1009 12
1011 15
1013 19
1017 14
1019 13
1021 10
1025 23
1027 6
1029 19
1033 6
1035 24
1037 12
1041 19
1043 12
1045 20
1049 25
1051 5
1053 18
1057 9
1059 8
1061 16
1065 8
1067 8
1069 15
1073 13
1075 7
1077 7
1081 5
1083 5
1085 15
1089 23
1091 14
1093 5
1097 20
1099 13
1101 20
1105 12
1107 3
1109 29
1113 6
1115 6
1117 10
1121 23
1123 1
1125 21
1129 12
1131 8
1133 16
1137 10
1139 15
1141 13
1145 16
1147 5
1149 8
1153 7
1155 10
1157 15
1161 23
1163 3
1165 9
1169 12
1171 6
1173 7
1177 4
1179 15
1181 23
1185 6
1187 10
1189 10
1193 17
1195 8
1197 5
1201 8
1203 5
1205 16
1209 28
1211 9
1213 5
1217 10
1219 7
1221 23
1225 11
1227 1
1229 13
1233 18
1235 17
1237 4
1241 10
1243 4
1245 7
1249 15
1251 6
1253 14
1257 11
1259 9
1261 6
1265 14
1267 1
1269 12
1273 12
1275 6
1277 9
1281 10
1283 3
1285 6
1289 29
1291 9
1293 11
1297 2
1299 6
1301 18
1305 17
1307 4
1309 8
1313 11
1315 2
1317 11
1321 9
1323 11
1325 15
1329 18
1331 10
1333 7
1337 4
1339 9
1341 15
1345 6
1347 4
1349 23
1353 8
1355 8
1357 6
1361 9
1363 6
1365 7
1369 3
1371 8
1373 4
1377 9
1379 10
1381 7
1385 13
1387 3
1389 5
1393 4
1395 6
1397 7
1401 3
1403 9
1405 13
1409 12
1411 2
1413 7
1417 10
1419 10
1421 14
1425 8
1427 12
1429 5
1433 10
1435 4
1437 10
1441 7
1443 3
1445 13
1449 13
1451 10
1453 7
1457 8
1459 4
1461 8
1465 3
1467 5
1469 21
1473 10
1475 14
1477 7
1481 9
1483 3
1485 7
1489 3
1491 7
1493 5
1497 6
1499 5
1501 9
1505 5
1507 1
1509 13
1513 4
1515 8
1517 8
1521 5
1523 2
1525 6
1529 13
1531 7
1533 8
1537 1
1539 12
1541 8
1545 7
1547 11
1549 2
1553 12
1555 1
1557 9
1561 6
1563 3
1565 3
1569 3
1571 6
1573 7
1577 3
1579 2
1581 13
1585 4
1587 3
1589 9
1593 2
1595 6
1597 1
1601 14
1603 1
1605 2
1609 4
1611 6
1613 3
1617 5
1619 5
1621 1
1625 13
1627 3
1629 11
1633 3
1635 5
1637 8
1641 13
1643 2
1645 1
1649 15
1651 3
1653 4
1657 3
1659 2
1661 8
1665 9
1667 7
1669 6
1673 9
1675 4
1677 3
1681 6
1683 5
1685 10
1689 5
1691 7
1697 5
1699 1
1701 5
1705 4
1707 1
1709 5
1713 4
1715 1
1717 3
1721 8
1723 1
1725 6
1729 9
1731 1
1733 8
1737 4
1739 4
1741 3
1745 6
1749 13
1753 6
1755 7
1757 8
1761 2
1763 5
1765 3
1769 11
1771 1
1773 2
1777 6
1779 6
1781 9
1785 6
1787 1
1789 5
1793 4
1795 2
1797 5
1801 3
1803 1
1805 5
1809 12
1811 7
1813 2
1817 9
1819 4
1821 3
1825 5
1827 4
1829 2
1833 3
1835 3
1837 4
1841 3
1843 3
1845 5
1849 1
1851 3
1853 6
1859 6
1861 4
1865 4
1867 1
1869 3
1873 1
1875 5
1877 3
1881 7
1883 2
1889 8
1891 7
1893 1
1897 5
1899 4
1901 6
1905 3
1907 4
1909 2
1913 4
1915 1
1917 4
1921 4
1925 8
1929 6
1931 2
1933 4
1937 6
1939 3
1941 4
1945 1
1947 2
1949 9
1953 8
1955 1
1957 1
1961 7
1963 1
1965 7
1969 2
1971 8
1973 7
1977 3
1979 7
1981 3
1985 5
1987 1
1989 8
1993 1
1995 2
1997 4
2001 6
2003 3
2005 6
2009 3
2011 1
2013 1
2017 1
2019 3
2021 6
2025 4
2027 1
2029 4
2033 2
2037 2
2041 3
2043 3
2045 8
2049 5
2051 2
2053 2
2057 4
2059 1
2061 4
2065 1
2067 3
2069 3
2073 2
2075 3
2077 3
2081 8
2083 1
2085 1
2089 5
2091 1
2093 6
2097 7
2099 3
2105 3
2107 1
2109 6
2113 2
2115 1
2117 3
2121 4
2123 3
2125 1
2129 3
2131 2
2133 5
2137 4
2139 4
2141 6
2145 2
2147 4
2149 3
2153 3
2155 2
2157 1
2161 3
2165 8
2169 6
2173 2
2177 2
2179 1
2181 1
2185 2
2187 3
2189 5
2193 1
2195 1
2197 2
2201 2
2205 2
2209 1
2211 3
2213 3
2217 1
2219 6
2221 1
2225 9
2227 1
2229 4
2233 2
2235 3
2237 1
2241 7
2243 1
2245 1
2249 4
2253 1
2257 2
2259 6
2261 3
2267 4
2269 1
2273 3
2275 3
2277 1
2283 1
2285 4
2297 5
2301 4
2305 2
2309 3
2313 3
2315 1
2317 1
2321 5
2325 1
2329 1
2331 3
2333 2
2339 4
2341 2
2345 4
2349 3
2355 1
2357 2
2361 2
2363 2
2369 4
2371 1
2373 2
2377 2
2379 2
2381 1
2385 4
2387 5
2389 1
2393 4
2395 1
2401 4
2403 2
2405 2
2409 2
2411 3
2413 2
2417 2
2419 1
2421 2
2425 2
2427 3
2429 3
2433 1
2435 2
2441 2
2445 3
2449 2
2453 1
2459 2
2461 1
2465 2
2469 2
2473 1
2475 1
2477 1
2481 2
2483 3
2485 1
2489 1
2493 1
2497 5
2499 3
2501 6
2505 4
2507 3
2509 1
2521 3
2523 1
2525 1
2529 3
2531 1
2533 1
2537 2
2541 4
2545 2
2547 2
2553 1
2555 2
2557 1
2561 3
2563 1
2565 2
2571 1
2573 2
2577 1
2581 1
2585 3
2595 2
2597 1
2601 1
2603 4
2609 5
2613 1
2621 2
2625 1
2629 1
2635 2
2641 1
2643 1
2649 1
2651 2
2653 1
2657 1
2661 1
2665 1
2667 2
2669 1
2675 3
2677 1
2681 1
2691 1
2693 3
2697 2
2699 1
2701 3
2709 2
2715 1
2721 4
2725 1
2729 2
2731 2
2739 2
2741 5
2745 3
2747 5
2749 2
2755 1
2761 1
2763 2
2765 1
2771 2
2785 1
2789 1
2793 3
2795 2
2801 2
2809 2
2811 2
2813 2
2817 1
2819 3
2825 1
2829 2
2833 1
2835 2
2841 2
2845 1
2849 3
2853 1
2859 1
2861 1
2867 1
2885 1
2889 1
2891 1
2897 1
2901 1
2913 1
2921 2
2925 2
2941 1
2945 2
2949 1
2965 1
2971 1
2977 1
2981 3
2993 2
3011 1
3027 1
3029 2
3041 1
3045 1
3049 2
3057 1
3059 3
3061 1
3067 1
3077 2
3083 1
3093 1
3101 1
3107 2
3113 1
3123 1
3125 2
3131 1
3137 1
3139 1
3141 2
3149 2
3155 2
3161 2
3165 1
3171 1
3177 2
3185 1
3189 1
3205 1
3209 1
3219 1
3221 3
3233 3
3235 2
3241 2
3249 2
3251 1
3261 1
3275 2
3277 1
3283 1
3285 1
3289 2
3299 1
3307 1
3317 1
3323 1
3329 1
3339 1
3341 1
3345 1
3349 1
3353 1
3365 1
3373 1
3377 2
3393 1
3405 1
3409 4
3417 1
3419 2
3429 1
3461 1
3465 1
3475 1
3485 1
3493 1
3501 1
3513 1
3533 2
3545 1
3561 1
3563 1
3569 1
3573 1
3581 1
3593 1
3605 1
3609 1
3611 1
3625 1
3629 1
3633 1
3645 1
3653 1
3669 1
3689 1
3705 1
3729 2
3741 2
3745 2
3749 1
3757 1
3765 2
3769 1
3773 2
3779 1
3849 1
3861 1
3875 1
3881 2
3905 1
3907 1
3933 1
3949 1
3953 1
3977 1
3989 2
4005 1
4009 1
4033 1
4059 1
4091 1
4107 1
4109 1
4113 1
4161 1
4211 1
4235 1
4305 1
4373 1
4401 1
4421 2
4465 1
4541 1
4625 1
4635 1
4741 1
4781 1
4861 1
4981 1
5017 1
5125 1
5309 1
5347 1
5361 1
5389 1
6083 1
6417 1
6665 1
