N J h mean_R_sq err_mean_R_sq mean_R_gyr_sq err_mean_R_gyr_sq 
700 0.895 0 1081.73 9.52364 1153.91 7.93346
1 2
3 5
5 21
9 24
11 16
13 22
17 39
19 16
21 38
25 26
27 18
29 58
33 40
35 34
37 32
41 83
43 16
45 57
49 48
51 43
53 64
57 40
59 53
61 63
65 73
67 20
69 70
73 39
75 24
77 56
81 65
83 55
85 38
89 101
91 27
93 26
97 30
99 56
101 112
105 60
107 42
109 42
113 56
115 28
117 61
121 38
123 23
125 80
129 79
131 69
133 30
137 56
139 45
141 57
145 50
147 24
149 94
153 79
155 54
157 39
161 91
163 11
165 49
169 38
171 59
173 95
177 28
179 48
181 56
185 83
187 24
189 73
193 25
195 44
197 50
201 75
203 46
205 45
209 80
211 36
213 34
217 37
219 40
221 77
225 57
227 51
229 54
233 50
235 18
237 60
241 65
243 44
245 67
249 57
251 78
253 23
257 64
259 39
261 95
265 31
267 24
269 102
273 25
275 48
277 29
281 73
283 23
285 69
289 38
291 38
293 82
297 71
299 68
301 32
305 71
307 29
309 40
313 28
315 49
317 44
321 88
323 29
325 69
329 105
331 36
333 37
337 28
339 44
341 117
345 30
347 31
349 52
353 60
355 36
357 36
361 41
363 31
365 62
369 85
371 67
373 41
377 53
379 22
381 73
385 20
387 37
389 73
393 39
395 53
397 17
401 63
403 14
405 56
409 52
411 35
413 82
417 37
419 66
421 22
425 73
427 13
429 52
433 42
435 35
437 54
441 63
443 28
445 19
449 52
451 46
453 29
457 25
459 44
461 79
465 51
467 46
469 44
473 32
475 25
477 52
481 36
483 19
485 59
489 44
491 56
493 37
497 64
499 14
501 36
505 19
507 34
509 74
513 34
515 33
517 23
521 93
523 34
525 59
529 43
531 49
533 41
537 37
539 51
541 26
545 90
547 11
549 77
553 24
555 31
557 40
561 43
563 50
565 25
569 87
571 22
573 36
577 17
579 44
581 64
585 57
587 30
589 39
593 68
595 18
597 30
601 48
603 24
605 57
609 31
611 54
613 28
617 25
619 22
621 68
625 16
627 22
629 92
633 38
635 42
637 23
641 61
643 12
645 41
649 39
651 35
653 36
657 43
659 56
661 34
665 53
667 19
669 28
673 31
675 33
677 64
681 44
683 15
685 19
689 81
691 21
693 42
697 19
699 43
701 78
705 54
707 29
709 19
713 49
715 18
717 33
721 23
723 20
725 60
729 61
731 44
733 31
737 35
739 24
741 45
745 20
747 39
749 68
753 15
755 52
757 17
761 67
763 11
765 34
769 32
771 28
773 41
777 35
779 44
781 28
785 30
787 20
789 65
793 13
795 18
797 62
801 71
803 19
805 25
809 61
811 15
813 22
817 14
819 38
821 59
825 46
827 23
829 37
833 44
835 20
837 34
841 21
843 19
845 56
849 50
851 39
853 14
857 41
859 31
861 46
865 32
867 20
869 57
873 25
875 39
877 15
881 59
883 7
885 38
889 23
891 27
893 39
897 34
899 32
901 41
905 47
907 10
909 55
913 16
915 22
917 31
921 27
923 23
925 21
929 52
931 22
933 25
937 33
939 16
941 58
945 50
947 13
949 16
953 46
955 11
957 24
961 14
963 17
965 80
969 38
971 50
973 14
977 35
979 24
981 43
985 35
987 21
989 48
993 23
995 20
997 12
1001 72
1003 8
1005 21
1009 31
1011 37
1013 44
1017 39
1019 31
1021 23
1025 51
1027 9
1029 42
1033 16
1035 33
1037 30
1041 44
1043 20
1045 20
1049 51
1051 21
1053 35
1057 16
1059 12
1061 29
1065 24
1067 19
1069 40
1073 29
1075 17
1077 28
1081 20
1083 17
1085 39
1089 35
1091 38
1093 7
1097 31
1099 13
1101 25
1105 18
1107 17
1109 51
1113 15
1115 27
1117 20
1121 52
1123 8
1125 42
1129 19
1131 18
1133 30
1137 18
1139 35
1141 23
1145 37
1147 10
1149 27
1153 16
1155 20
1157 27
1161 36
1163 12
1165 22
1169 49
1171 15
1173 25
1177 15
1179 32
1181 55
1185 13
1187 23
1189 17
1193 43
1195 17
1197 21
1201 16
1203 5
1205 41
1209 41
1211 27
1213 9
1217 29
1219 12
1221 31
1225 11
1227 9
1229 32
1233 28
1235 28
1237 12
1241 32
1243 8
1245 24
1249 28
1251 24
1253 33
1257 17
1259 21
1261 28
1265 43
1267 12
1269 30
1273 18
1275 35
1277 24
1281 19
1283 25
1285 12
1289 29
1291 17
1293 16
1297 13
1299 19
1301 36
1305 37
1307 14
1309 27
1313 15
1315 12
1317 25
1321 24
1323 14
1325 36
1329 42
1331 19
1333 13
1337 20
1339 15
1341 37
1345 16
1347 13
1349 65
1353 12
1355 17
1357 15
1361 57
1363 7
1365 8
1369 15
1371 8
1373 12
1377 25
1379 20
1381 20
1385 35
1387 4
1389 19
1393 11
1395 17
1397 17
1401 12
1403 21
1405 27
1409 18
1411 8
1413 19
1417 19
1419 13
1421 36
1425 24
1427 29
1429 18
1433 42
1435 5
1437 17
1441 24
1443 20
1445 35
1449 43
1451 20
1453 7
1457 23
1459 20
1461 21
1465 7
1467 14
1469 46
1473 18
1475 15
1477 13
1481 37
1483 18
1485 15
1489 17
1491 16
1493 18
1497 10
1499 18
1501 18
1505 25
1507 2
1509 50
1513 9
1515 18
1517 30
1521 32
1523 15
1525 21
1529 39
1531 10
1533 10
1537 7
1539 16
1541 19
1545 24
1547 17
1549 13
1553 29
1555 4
1557 33
1561 21
1563 11
1565 15
1569 17
1571 29
1573 13
1577 25
1579 13
1581 30
1585 17
1587 8
1589 29
1593 10
1595 23
1597 11
1601 28
1603 4
1605 11
1609 17
1611 20
1613 23
1617 16
1619 19
1621 10
1625 37
1627 4
1629 35
1633 12
1635 8
1637 26
1641 23
1643 11
1645 6
1649 38
1651 12
1653 6
1657 4
1659 8
1661 26
1665 27
1667 17
1669 16
1673 18
1675 6
1677 12
1681 6
1683 10
1685 37
1689 12
1691 15
1693 9
1697 12
1699 17
1701 19
1705 5
1707 12
1709 26
1713 19
1715 14
1717 6
1721 35
1723 3
1725 22
1729 15
1731 13
1733 22
1737 12
1739 17
1741 11
1745 20
1747 4
1749 16
1753 8
1755 18
1757 16
1761 11
1763 10
1765 8
1769 29
1771 14
1773 17
1777 11
1779 11
1781 38
1785 9
1787 12
1789 12
1793 17
1795 10
1797 8
1801 13
1803 1
1805 18
1809 15
1811 17
1813 5
1817 19
1819 7
1821 24
1825 9
1827 15
1829 13
1833 14
1835 12
1837 9
1841 22
1843 5
1845 20
1849 12
1851 16
1853 17
1857 13
1859 14
1861 23
1865 28
1867 3
1869 20
1873 4
1875 7
1877 15
1881 31
1883 11
1885 2
1889 30
1891 7
1893 11
1897 5
1899 13
1901 14
1905 5
1907 7
1909 12
1913 14
1915 7
1917 13
1921 13
1923 7
1925 28
1929 9
1931 12
1933 7
1937 22
1939 7
1941 5
1945 7
1947 7
1949 23
1953 19
1955 11
1957 4
1961 11
1963 4
1965 11
1969 7
1971 12
1973 11
1977 14
1979 17
1981 12
1985 21
1987 3
1989 13
1993 10
1995 6
1997 8
2001 12
2003 8
2005 15
2009 18
2011 4
2013 7
2017 3
2019 9
2021 24
2025 16
2027 5
2029 11
2033 12
2035 6
2037 9
2041 14
2043 11
2045 10
2049 20
2051 9
2053 10
2057 21
2059 6
2061 12
2065 6
2067 3
2069 12
2073 4
2075 11
2077 8
2081 17
2083 9
2085 12
2089 18
2091 7
2093 15
2097 7
2099 11
2101 9
2105 12
2107 8
2109 8
2113 2
2115 11
2117 11
2121 6
2123 9
2125 5
2129 14
2131 7
2133 18
2137 7
2139 4
2141 24
2145 7
2147 7
2149 10
2153 13
2155 13
2157 3
2161 11
2163 9
2165 9
2169 18
2171 11
2173 10
2177 17
2179 6
2181 13
2185 7
2187 9
2189 19
2193 8
2195 14
2197 14
2201 26
2203 6
2205 10
2209 7
2211 9
2213 12
2217 8
2219 13
2221 1
2225 11
2227 6
2229 11
2233 3
2235 3
2237 16
2241 13
2243 6
2245 12
2249 5
2251 4
2253 11
2257 7
2259 9
2261 19
2265 5
2267 4
2269 6
2273 18
2275 8
2277 9
2281 3
2283 2
2285 11
2289 6
2291 10
2293 4
2297 7
2299 8
2301 11
2305 7
2307 3
2309 18
2313 15
2315 8
2317 4
2321 13
2323 4
2325 5
2329 3
2331 6
2333 11
2337 9
2339 7
2341 15
2345 13
2347 1
2349 15
2353 6
2355 7
2357 14
2361 13
2363 5
2365 4
2369 12
2371 5
2373 8
2377 1
2379 4
2381 8
2385 8
2387 6
2389 2
2393 10
2395 4
2397 7
2401 5
2403 8
2405 10
2409 12
2411 9
2413 8
2417 8
2419 4
2421 20
2425 8
2427 8
2429 5
2433 3
2435 10
2437 3
2441 17
2445 13
2449 10
2451 8
2453 18
2457 10
2459 7
2461 12
2465 6
2467 8
2469 8
2473 5
2475 2
2477 11
2481 12
2483 5
2485 5
2489 6
2491 2
2493 8
2497 8
2499 8
2501 9
2505 13
2507 3
2509 7
2513 6
2515 2
2517 4
2521 9
2523 4
2525 13
2529 11
2531 5
2533 1
2537 7
2539 1
2541 11
2545 1
2547 6
2549 11
2553 2
2555 2
2557 4
2561 9
2563 2
2565 10
2569 4
2571 13
2573 7
2577 5
2579 8
2581 3
2585 13
2587 3
2589 8
2593 1
2595 2
2597 11
2601 12
2603 3
2605 2
2609 15
2611 2
2613 2
2617 4
2619 5
2621 9
2625 2
2627 2
2629 10
2633 6
2635 3
2637 10
2641 2
2643 5
2645 5
2649 8
2651 9
2653 6
2657 5
2659 4
2661 6
2665 7
2667 1
2669 14
2673 5
2675 4
2677 2
2681 14
2683 3
2685 4
2689 5
2691 4
2693 5
2697 2
2699 7
2701 9
2705 10
2707 2
2709 8
2713 6
2715 1
2717 7
2721 4
2723 2
2725 7
2729 9
2731 2
2733 5
2737 3
2739 6
2741 8
2745 9
2747 6
2749 5
2753 2
2755 1
2757 3
2761 4
2763 4
2765 3
2769 4
2771 7
2773 1
2777 4
2779 5
2781 8
2785 11
2787 1
2789 6
2793 5
2795 4
2797 2
2801 11
2803 2
2805 2
2809 3
2811 2
2813 6
2817 9
2819 11
2821 3
2825 6
2827 4
2829 3
2833 4
2835 7
2837 8
2841 6
2843 5
2845 4
2849 5
2851 3
2853 5
2857 4
2859 6
2861 10
2865 8
2867 9
2869 6
2873 9
2875 1
2877 4
2881 2
2883 5
2885 5
2889 4
2891 5
2893 1
2897 2
2899 2
2901 6
2905 4
2907 6
2909 9
2913 2
2915 5
2917 3
2921 15
2923 2
2925 8
2929 3
2931 2
2933 4
2937 4
2939 9
2941 2
2945 5
2947 2
2949 3
2953 4
2955 3
2957 7
2961 4
2963 2
2965 4
2969 8
2971 5
2973 1
2977 3
2979 2
2981 8
2985 4
2987 3
2989 5
2993 5
2995 3
2997 4
3001 7
3003 2
3005 3
3009 3
3011 4
3013 5
3017 6
3021 5
3025 5
3027 2
3029 10
3035 5
3041 8
3043 3
3045 3
3049 1
3051 2
3053 5
3057 4
3059 3
3061 1
3065 10
3069 4
3073 1
3075 1
3077 7
3081 11
3085 1
3091 3
3093 1
3099 4
3101 5
3105 1
3107 2
3109 4
3113 7
3115 2
3117 1
3121 6
3123 4
3125 3
3129 4
3131 4
3133 2
3137 3
3139 2
3141 8
3145 3
3147 2
3149 4
3153 5
3155 5
3157 2
3161 4
3163 3
3165 1
3169 2
3171 2
3173 7
3177 3
3179 4
3181 6
3185 3
3187 1
3189 4
3193 3
3197 6
3201 5
3203 1
3205 2
3209 7
3211 2
3213 1
3217 1
3221 5
3225 9
3227 7
3229 4
3233 5
3235 2
3237 1
3241 1
3243 1
3245 4
3249 1
3251 5
3257 4
3259 1
3261 5
3265 2
3267 5
3269 4
3273 2
3275 5
3277 3
3281 6
3285 7
3289 2
3291 1
3293 3
3297 2
3299 1
3301 1
3305 3
3309 3
3315 1
3317 3
3321 10
3323 3
3329 7
3331 2
3333 3
3337 1
3339 2
3341 4
3345 3
3347 1
3349 1
3353 1
3355 1
3357 3
3361 1
3365 5
3371 2
3373 2
3377 6
3379 1
3381 4
3385 2
3387 2
3389 5
3393 7
3395 3
3397 1
3401 6
3403 1
3405 2
3409 3
3411 2
3413 5
3421 1
3425 6
3429 4
3433 2
3435 1
3441 3
3443 1
3445 1
3449 7
3451 1
3457 1
3461 7
3465 6
3467 3
3469 2
3473 1
3477 1
3485 5
3489 5
3491 4
3493 3
3497 2
3499 1
3501 4
3505 2
3507 2
3513 2
3515 1
3521 5
3523 1
3525 3
3529 4
3531 1
3533 3
3537 2
3541 2
3545 5
3547 2
3549 5
3553 3
3555 6
3557 2
3561 5
3563 2
3565 1
3569 2
3573 1
3577 2
3579 1
3581 2
3585 2
3587 3
3589 2
3593 2
3595 2
3597 1
3601 2
3603 3
3605 1
3609 3
3611 2
3613 3
3617 8
3621 1
3625 4
3629 2
3633 1
3635 1
3637 2
3641 3
3643 1
3645 4
3649 3
3657 4
3659 2
3665 4
3667 1
3669 3
3673 1
3675 3
3677 3
3681 3
3683 1
3689 7
3697 1
3699 2
3701 2
3707 2
3709 3
3713 3
3715 1
3717 1
3721 2
3725 1
3729 2
3731 4
3733 3
3737 2
3739 1
3741 1
3745 2
3747 1
3749 2
3753 4
3757 2
3761 3
3763 1
3765 1
3769 1
3771 2
3773 2
3779 2
3781 1
3785 3
3789 5
3793 2
3797 5
3801 1
3809 1
3811 2
3813 2
3817 2
3819 4
3821 8
3825 5
3827 3
3829 2
3837 1
3843 1
3845 4
3849 1
3857 1
3859 2
3861 7
3869 1
3875 3
3877 1
3881 6
3885 1
3889 1
3891 2
3893 1
3897 3
3899 3
3901 2
3907 2
3909 1
3915 2
3921 2
3925 2
3929 5
3933 2
3937 1
3941 2
3945 2
3949 1
3953 4
3961 2
3963 1
3965 4
3969 1
3971 1
3977 3
3979 1
3981 1
3987 1
3989 2
3993 2
3995 4
4001 2
4009 1
4011 4
4013 2
4017 3
4019 2
4021 3
4025 4
4029 1
4037 1
4041 1
4049 4
4051 2
4053 1
4059 2
4061 1
4065 4
4067 3
4069 1
4073 1
4085 1
4089 2
4091 3
4093 1
4101 1
4107 2
4109 1
4113 1
4121 2
4123 2
4125 2
4131 3
4133 3
4147 1
4149 4
4157 3
4161 2
4163 1
4173 2
4177 2
4187 2
4193 1
4195 1
4201 2
4205 2
4209 1
4211 2
4213 2
4217 1
4221 4
4225 2
4229 2
4233 2
4237 3
4241 2
4253 1
4257 2
4259 2
4267 1
4269 1
4275 2
4277 1
4281 1
4283 1
4285 1
4289 2
4293 2
4297 1
4299 1
4305 1
4309 1
4313 2
4317 1
4321 1
4323 1
4329 4
4331 1
4337 1
4341 2
4345 1
4353 1
4355 1
4361 1
4363 1
4369 1
4377 5
4379 2
4385 4
4393 1
4395 1
4401 2
4413 1
4419 1
4421 1
4433 1
4437 2
4441 1
4443 1
4449 1
4451 1
4457 2
4461 1
4465 1
4469 3
4473 1
4475 1
4477 1
4481 2
4491 1
4497 1
4505 2
4507 1
4509 3
4513 1
4521 3
4523 1
4529 2
4531 2
4533 2
4537 1
4541 3
4545 1
4547 1
4549 1
4557 1
4563 1
4581 4
4587 1
4589 2
4595 2
4601 2
4609 1
4611 1
4613 2
4617 2
4619 1
4627 1
4635 1
4649 1
4651 2
4653 2
4659 1
4667 1
4673 2
4677 1
4681 1
4697 1
4705 1
4709 2
4721 2
4725 1
4731 1
4733 1
4737 1
4739 1
4745 4
4755 1
4761 1
4769 1
4779 1
4781 1
4785 1
4793 1
4801 2
4805 2
4811 1
4817 1
4819 1
4821 1
4829 2
4833 1
4835 2
4837 1
4841 3
4857 1
4865 2
4867 1
4875 1
4877 1
4893 2
4897 1
4905 3
4913 2
4917 2
4931 1
4933 1
4941 1
4945 1
4949 1
4965 1
4973 1
4979 3
4985 1
4995 1
5013 1
5021 1
5033 2
5037 1
5045 1
5069 1
5075 1
5077 1
5081 2
5091 1
5099 1
5105 1
5109 2
5113 1
5115 1
5121 1
5125 1
5131 1
5139 1
5161 2
5181 1
5219 2
5225 2
5243 2
5281 1
5285 1
5309 1
5317 1
5365 1
5369 1
5387 1
5395 1
5409 1
5411 1
5441 1
5465 1
5485 1
5521 1
5531 3
5537 2
5539 1
5541 1
5561 1
5589 1
5601 1
5621 1
5645 1
5649 1
5661 1
5681 1
5715 1
5721 1
5729 1
5733 1
5737 1
5741 2
5765 1
5769 1
5771 1
5777 1
5801 1
5811 1
5817 1
5825 1
5835 1
5893 1
5971 1
5979 1
6009 2
6013 1
6029 1
6077 1
6081 1
6089 1
6091 1
6129 1
6133 1
6161 1
6177 1
6181 1
6203 1
6301 1
6317 1
6393 1
6411 1
6425 1
6429 1
6453 1
6457 1
6485 1
6515 1
6571 1
6661 1
6739 1
6785 1
6929 1
7029 2
7173 1
7245 1
7257 1
7355 1
7357 1
7475 1
7725 1
7909 1
7937 1
8021 1
8025 1
8093 1
8459 1
8553 1
8921 1
