N J h mean_R_sq err_mean_R_sq mean_R_gyr_sq err_mean_R_gyr_sq 
400 0.898 0 684.886 1.35275 344.474 0.400068
1 33
3 59
5 161
9 220
11 155
13 179
17 335
19 175
21 340
25 201
27 169
29 467
33 284
35 321
37 149
41 605
43 160
45 473
49 331
51 328
53 425
57 292
59 468
61 486
65 574
67 145
69 599
73 283
75 339
77 549
81 622
83 362
85 289
89 818
91 267
93 246
97 280
99 390
101 960
105 524
107 406
109 400
113 532
115 243
117 691
121 417
123 237
125 761
129 775
131 637
133 261
137 474
139 376
141 501
145 450
147 283
149 807
153 693
155 500
157 351
161 894
163 119
165 462
169 390
171 528
173 831
177 228
179 566
181 560
185 880
187 221
189 920
193 218
195 462
197 533
201 626
203 419
205 410
209 1119
211 326
213 443
217 418
219 378
221 794
225 621
227 482
229 510
233 576
235 197
237 591
241 568
243 451
245 679
249 561
251 655
253 185
257 818
259 378
261 788
265 348
267 175
269 941
273 386
275 445
277 250
281 882
283 272
285 715
289 356
291 330
293 750
297 681
299 657
301 337
305 625
307 250
309 490
313 344
315 511
317 403
321 816
323 324
325 538
329 983
331 235
333 424
337 306
339 457
341 1052
345 303
347 351
349 541
353 562
355 303
357 294
361 391
363 332
365 724
369 905
371 564
373 352
377 565
379 216
381 663
385 291
387 368
389 754
393 441
395 564
397 210
401 685
403 129
405 581
409 534
411 414
413 633
417 357
419 590
421 324
425 902
427 116
429 511
433 415
435 258
437 671
441 683
443 301
445 230
449 640
451 350
453 372
457 237
459 471
461 830
465 494
467 376
469 464
473 338
475 276
477 468
481 408
483 247
485 576
489 566
491 499
493 329
497 646
499 141
501 410
505 230
507 246
509 783
513 388
515 301
517 322
521 851
523 243
525 525
529 307
531 445
533 291
537 253
539 445
541 238
545 794
547 151
549 722
553 149
555 194
557 435
561 371
563 445
565 293
569 760
571 247
573 373
577 188
579 389
581 642
585 547
587 288
589 356
593 540
595 168
597 277
601 461
603 233
605 579
609 362
611 421
613 223
617 258
619 193
621 651
625 226
627 151
629 723
633 410
635 401
637 291
641 548
643 134
645 326
649 394
651 303
653 257
657 366
659 427
661 337
665 454
667 141
669 201
673 206
675 362
677 545
681 338
683 210
685 217
689 771
691 172
693 439
697 159
699 354
701 594
705 388
707 231
709 159
713 376
715 139
717 300
721 254
723 142
725 486
729 449
731 395
733 217
737 294
739 149
741 416
745 222
747 278
749 477
753 181
755 401
757 124
761 603
763 126
765 314
769 277
771 170
773 381
777 267
779 323
781 288
785 212
787 149
789 417
793 130
795 105
797 434
801 487
803 244
805 191
809 443
811 186
813 184
817 136
819 284
821 405
825 377
827 169
829 298
833 366
835 155
837 202
841 170
843 150
845 381
849 378
851 264
853 121
857 369
859 164
861 323
865 173
867 149
869 402
873 233
875 316
877 126
881 442
883 64
885 247
889 167
891 196
893 325
897 188
899 341
901 258
905 285
907 82
909 493
913 134
915 162
917 220
921 226
923 218
925 150
929 365
931 147
933 179
937 213
939 187
941 518
945 335
947 76
949 125
953 309
955 74
957 164
961 159
963 193
965 417
969 229
971 282
973 117
977 198
979 145
981 277
985 233
987 146
989 334
993 92
995 178
997 120
1001 382
1003 60
1005 142
1009 168
1011 212
1013 201
1017 218
1019 229
1021 197
1025 338
1027 57
1029 273
1033 91
1035 153
1037 168
1041 314
1043 141
1045 110
1049 336
1051 83
1053 273
1057 145
1059 94
1061 213
1065 137
1067 180
1069 216
1073 178
1075 104
1077 185
1081 132
1083 91
1085 249
1089 239
1091 246
1093 79
1097 288
1099 87
1101 194
1105 107
1107 96
1109 342
1113 133
1115 151
1117 100
1121 314
1123 77
1125 239
1129 110
1131 108
1133 202
1137 127
1139 217
1141 150
1145 189
1147 78
1149 102
1153 106
1155 116
1157 170
1161 308
1163 84
1165 131
1169 330
1171 85
1173 149
1177 87
1179 197
1181 308
1185 101
1187 106
1189 118
1193 199
1195 76
1197 115
1201 104
1203 62
1205 253
1209 245
1211 171
1213 62
1217 151
1219 76
1221 213
1225 127
1227 38
1229 215
1233 137
1235 143
1237 52
1241 192
1243 36
1245 171
1249 178
1251 138
1253 179
1257 101
1259 162
1261 114
1265 201
1267 58
1269 156
1273 107
1275 104
1277 176
1281 107
1283 123
1285 56
1289 207
1291 91
1293 120
1297 80
1299 80
1301 243
1305 185
1307 141
1309 90
1313 102
1315 62
1317 93
1321 119
1323 86
1325 182
1329 167
1331 100
1333 94
1337 91
1339 59
1341 174
1345 73
1347 57
1349 235
1353 62
1355 93
1357 68
1361 234
1363 52
1365 69
1369 69
1371 105
1373 77
1377 136
1379 115
1381 99
1385 196
1387 35
1389 94
1393 71
1395 103
1397 89
1401 107
1403 118
1405 88
1409 120
1411 35
1413 120
1417 42
1419 102
1421 191
1425 95
1427 106
1429 77
1433 124
1435 35
1437 89
1441 107
1443 53
1445 126
1449 165
1451 87
1453 44
1457 95
1459 89
1461 99
1465 51
1467 34
1469 198
1473 93
1475 106
1477 48
1481 152
1483 55
1485 119
1489 64
1491 76
1493 81
1497 60
1499 73
1501 76
1505 120
1507 21
1509 116
1513 45
1515 59
1517 135
1521 97
1523 39
1525 105
1529 140
1531 66
1533 66
1537 48
1539 80
1541 102
1545 69
1547 62
1549 47
1553 111
1555 24
1557 118
1561 82
1563 28
1565 76
1569 56
1571 102
1573 56
1577 88
1579 41
1581 100
1585 62
1587 46
1589 130
1593 37
1595 100
1597 25
1601 159
1603 31
1605 27
1609 73
1611 86
1613 109
1617 69
1619 61
1621 48
1625 120
1627 41
1629 127
1633 34
1635 40
1637 92
1641 112
1643 40
1645 37
1649 106
1651 39
1653 37
1657 37
1659 28
1661 112
1665 114
1667 47
1669 56
1673 67
1675 29
1677 44
1681 44
1683 51
1685 122
1689 63
1691 56
1693 45
1697 54
1699 42
1701 83
1705 27
1707 44
1709 66
1713 66
1715 71
1717 44
1721 87
1723 23
1725 70
1729 48
1731 34
1733 51
1737 39
1739 59
1741 59
1745 84
1747 18
1749 82
1753 53
1755 57
1757 53
1761 30
1763 47
1765 45
1769 90
1771 26
1773 54
1777 39
1779 30
1781 98
1785 54
1787 33
1789 39
1793 56
1795 26
1797 49
1801 55
1803 21
1805 63
1809 78
1811 79
1813 24
1817 70
1819 25
1821 57
1825 49
1827 34
1829 67
1833 35
1835 25
1837 41
1841 75
1843 25
1845 57
1849 36
1851 44
1853 49
1857 28
1859 43
1861 57
1865 77
1867 12
1869 56
1873 13
1875 35
1877 38
1881 79
1883 55
1885 25
1889 82
1891 15
1893 27
1897 26
1899 44
1901 43
1905 27
1907 26
1909 36
1913 49
1915 16
1917 34
1921 44
1923 29
1925 70
1929 33
1931 48
1933 20
1937 41
1939 19
1941 33
1945 11
1947 16
1949 92
1953 43
1955 39
1957 14
1961 34
1963 27
1965 41
1969 15
1971 31
1973 50
1977 43
1979 57
1981 21
1985 49
1987 13
1989 44
1993 31
1995 13
1997 50
2001 49
2003 16
2005 32
2009 52
2011 21
2013 18
2017 12
2019 32
2021 76
2025 44
2027 20
2029 35
2033 27
2035 18
2037 18
2041 36
2043 32
2045 45
2049 34
2051 25
2053 16
2057 46
2059 15
2061 54
2065 19
2067 14
2069 25
2073 15
2075 35
2077 13
2081 56
2083 18
2085 25
2089 33
2091 24
2093 29
2097 31
2099 24
2101 20
2105 47
2107 18
2109 36
2113 8
2115 22
2117 32
2121 30
2123 18
2125 16
2129 39
2131 15
2133 46
2137 14
2139 18
2141 57
2145 28
2147 15
2149 22
2153 22
2155 16
2157 29
2161 24
2163 12
2165 29
2169 43
2171 20
2173 11
2177 31
2179 13
2181 24
2185 21
2187 15
2189 34
2193 23
2195 20
2197 21
2201 48
2203 5
2205 31
2209 23
2211 22
2213 25
2217 17
2219 31
2221 14
2225 35
2227 6
2229 29
2233 9
2235 18
2237 15
2241 34
2243 20
2245 14
2249 20
2251 4
2253 21
2257 11
2259 23
2261 34
2265 19
2267 11
2269 19
2273 24
2275 14
2277 5
2281 12
2283 8
2285 36
2289 13
2291 27
2293 3
2297 20
2299 14
2301 30
2305 8
2307 12
2309 31
2313 28
2315 27
2317 9
2321 31
2323 1
2325 14
2329 18
2331 24
2333 21
2337 18
2339 16
2341 15
2345 23
2347 4
2349 34
2353 2
2355 17
2357 26
2361 18
2363 8
2365 14
2369 32
2371 10
2373 12
2377 10
2379 8
2381 14
2385 17
2387 9
2389 16
2393 25
2395 8
2397 10
2401 9
2403 8
2405 15
2409 17
2411 18
2413 9
2417 20
2419 4
2421 30
2425 14
2427 8
2429 25
2433 5
2435 16
2437 4
2441 41
2443 8
2445 9
2449 10
2451 6
2453 14
2457 12
2459 16
2461 14
2465 20
2467 5
2469 20
2473 10
2475 7
2477 12
2481 19
2483 26
2485 12
2489 12
2491 6
2493 15
2497 8
2499 9
2501 16
2505 17
2507 9
2509 6
2513 13
2515 3
2517 8
2521 11
2523 11
2525 29
2529 23
2531 12
2533 5
2537 21
2539 9
2541 15
2545 3
2547 9
2549 33
2553 7
2555 7
2557 7
2561 18
2563 5
2565 15
2569 7
2571 6
2573 8
2577 7
2579 16
2581 10
2585 13
2587 3
2589 13
2593 8
2595 8
2597 11
2601 12
2603 16
2605 2
2609 20
2611 3
2613 10
2617 8
2619 7
2621 17
2625 12
2627 4
2629 3
2633 11
2635 6
2637 14
2641 4
2643 9
2645 11
2649 10
2651 11
2653 4
2657 5
2659 6
2661 10
2665 3
2667 4
2669 9
2673 13
2675 12
2677 9
2681 17
2683 2
2685 8
2689 4
2691 10
2693 12
2697 3
2699 7
2701 10
2705 11
2707 3
2709 13
2713 3
2715 2
2717 13
2721 9
2723 3
2725 6
2729 18
2731 5
2733 7
2737 8
2739 7
2741 14
2745 6
2747 5
2749 8
2753 5
2755 1
2757 5
2761 7
2763 5
2765 11
2769 8
2771 17
2773 4
2777 5
2779 5
2781 7
2785 6
2787 2
2789 15
2793 8
2795 1
2797 5
2801 9
2803 5
2805 12
2809 4
2811 5
2813 15
2817 6
2819 8
2821 3
2825 6
2827 4
2829 9
2833 3
2835 2
2837 13
2841 8
2843 8
2845 8
2849 8
2851 3
2853 2
2857 4
2859 4
2861 13
2865 9
2867 7
2869 3
2873 9
2875 2
2877 10
2881 4
2883 1
2885 5
2889 12
2891 10
2893 2
2897 6
2899 3
2901 6
2905 4
2907 3
2909 12
2913 4
2915 9
2917 2
2921 5
2923 1
2925 6
2929 7
2931 7
2933 7
2937 4
2939 6
2941 4
2945 12
2947 3
2949 7
2953 2
2955 4
2957 10
2961 10
2963 1
2965 1
2969 7
2971 6
2973 7
2977 3
2979 5
2981 8
2985 6
2987 5
2989 3
2993 6
2995 1
2997 5
3001 3
3003 3
3005 6
3009 4
3011 4
3013 4
3017 6
3019 1
3021 3
3025 1
3029 10
3033 1
3035 3
3037 5
3041 5
3043 1
3045 6
3049 4
3051 2
3053 1
3057 4
3059 4
3061 1
3065 10
3067 1
3069 9
3073 2
3075 2
3077 4
3081 5
3085 2
3089 4
3091 3
3093 8
3097 3
3099 4
3101 3
3105 3
3107 3
3109 3
3113 3
3115 1
3117 2
3121 2
3123 2
3125 6
3129 2
3131 2
3133 3
3137 7
3139 3
3141 9
3145 3
3147 4
3149 2
3153 2
3155 2
3157 2
3161 2
3169 1
3171 5
3173 3
3177 5
3179 3
3181 3
3185 6
3187 1
3189 6
3195 3
3197 7
3201 3
3203 2
3205 1
3209 7
3211 1
3217 1
3221 6
3225 5
3227 2
3229 5
3233 4
3237 2
3241 3
3245 2
3249 1
3251 6
3253 4
3257 1
3261 5
3265 6
3267 1
3269 4
3273 2
3275 2
3277 2
3281 5
3283 1
3285 4
3289 4
3291 1
3293 3
3297 2
3299 5
3301 1
3305 2
3307 1
3309 1
3315 1
3317 5
3321 2
3323 1
3329 4
3331 4
3339 2
3341 3
3345 1
3347 1
3349 2
3353 2
3357 5
3363 2
3365 4
3369 4
3371 1
3373 2
3377 5
3379 1
3381 2
3385 1
3387 2
3389 4
3393 1
3395 1
3401 5
3403 1
3405 1
3409 1
3413 1
3421 4
3425 2
3429 1
3433 2
3435 2
3441 4
3445 1
3449 7
3451 2
3457 3
3459 1
3461 5
3465 2
3473 1
3483 1
3485 6
3491 1
3493 1
3497 2
3499 1
3501 2
3509 4
3513 2
3515 1
3521 3
3523 1
3525 1
3529 2
3531 1
3533 4
3537 2
3539 2
3545 4
3547 1
3549 2
3553 3
3555 1
3557 1
3561 2
3563 1
3569 4
3571 2
3579 1
3585 1
3587 1
3589 2
3593 1
3601 2
3605 5
3609 3
3611 1
3617 1
3621 1
3625 2
3627 1
3629 1
3635 2
3637 1
3645 2
3649 1
3651 1
3653 2
3657 1
3669 5
3673 2
3675 2
3681 1
3685 2
3689 2
3691 1
3697 1
3699 2
3701 3
3705 2
3713 1
3717 2
3721 3
3725 4
3733 1
3739 1
3741 1
3747 1
3763 1
3773 2
3781 1
3785 1
3787 1
3795 1
3797 1
3801 2
3811 1
3813 4
3817 1
3819 1
3827 1
3829 1
3833 2
3837 1
3841 1
3845 1
3849 2
3851 1
3861 1
3865 1
3873 1
3875 3
3877 1
3881 3
3889 1
3891 2
3897 1
3905 2
3909 1
3915 2
3917 2
3929 1
3933 2
3941 1
3947 2
3953 1
3961 3
3965 1
3969 1
3977 1
3981 1
3989 1
3995 1
4001 1
4003 1
4017 1
4019 1
4021 1
4025 1
4041 2
4045 1
4049 1
4051 1
4061 1
4073 1
4081 1
4089 1
4101 1
4107 1
4109 2
4121 1
4125 1
4137 2
4139 2
4157 1
4161 2
4169 1
4189 1
4195 1
4205 1
4209 1
4211 1
4219 1
4241 4
4257 3
4261 2
4265 1
4275 1
4277 1
4285 2
4289 1
4299 1
4307 1
4313 1
4357 1
4381 1
4403 1
4437 1
4465 1
4469 2
4483 1
4491 1
4493 1
4497 1
4505 1
4545 1
4553 1
4581 1
4605 1
4653 1
4691 1
4713 1
4729 1
4739 1
4841 1
4905 1
4929 1
4939 1
4945 1
4965 1
5011 1
5049 1
5089 1
5099 1
5141 1
5161 1
5201 1
5213 1
5219 1
5337 1
5433 1
5465 1
5653 1
5709 1
5849 1
5851 1
