N J h mean_R_sq err_mean_R_sq mean_R_gyr_sq err_mean_R_gyr_sq 
400 0.894 0 707.568 11.1148 332.453 2.36617
3 1
5 3
9 3
11 5
13 2
17 7
19 2
21 9
25 3
27 2
29 5
33 2
35 7
37 2
41 10
43 1
45 5
49 8
51 9
53 10
57 8
59 9
61 9
65 10
67 1
69 12
73 5
75 4
77 13
81 4
83 6
85 4
89 12
91 7
93 6
97 7
99 11
101 25
105 15
107 7
109 7
113 12
115 6
117 19
121 6
123 10
125 10
129 19
131 19
133 4
137 10
139 9
141 4
145 3
147 3
149 15
153 5
155 16
157 6
161 13
163 2
165 6
169 4
171 12
173 15
177 2
179 6
181 13
185 20
187 3
189 17
193 5
195 8
197 10
201 8
203 10
205 8
209 29
211 5
213 7
217 11
219 12
221 17
225 12
227 10
229 5
233 10
235 3
237 6
241 11
243 11
245 23
249 6
251 13
253 7
257 18
259 7
261 24
265 6
267 3
269 19
273 8
275 15
277 7
281 23
283 3
285 16
289 5
291 5
293 11
297 14
299 10
301 10
305 9
307 5
309 3
313 7
315 10
317 7
321 20
323 4
325 7
329 14
331 5
333 10
337 6
339 13
341 22
345 10
347 7
349 6
353 13
355 6
357 8
361 9
363 7
365 17
369 14
371 12
373 6
377 17
379 1
381 17
385 8
387 6
389 15
393 11
395 8
397 3
401 13
403 4
405 14
409 6
411 6
413 18
417 6
419 9
421 12
425 18
427 3
429 10
433 9
435 8
437 13
441 17
443 5
445 5
449 13
451 7
453 7
457 6
459 9
461 22
465 9
467 5
469 4
473 9
475 7
477 12
481 9
483 8
485 8
489 15
491 7
493 9
497 15
499 3
501 12
505 3
507 3
509 11
513 13
515 6
517 4
521 8
523 4
525 15
529 6
531 9
533 9
537 5
539 7
541 3
545 19
547 2
549 18
553 1
555 3
557 11
561 9
563 8
565 3
569 5
571 2
573 5
577 4
579 7
581 15
585 8
587 11
589 6
593 13
595 2
597 5
601 6
603 4
605 9
609 3
611 10
613 7
617 5
619 2
621 11
625 3
627 2
629 15
633 6
635 12
637 8
641 17
643 3
645 6
649 6
651 10
653 6
657 10
659 8
661 13
665 8
667 6
669 2
673 6
675 10
677 7
681 6
685 6
689 13
691 3
693 10
697 6
699 7
701 13
705 6
707 3
709 6
713 10
715 1
717 6
721 4
723 5
725 14
729 6
731 14
733 8
737 6
739 2
741 7
745 8
747 5
749 9
753 3
755 10
757 1
761 13
763 2
765 2
769 8
771 3
773 13
777 4
779 4
781 6
785 7
787 2
789 11
793 5
795 4
797 6
801 14
803 12
805 6
809 11
811 3
813 5
817 2
819 7
821 11
825 13
827 2
829 3
833 7
835 1
837 7
841 4
843 1
845 8
849 6
851 3
853 2
857 9
859 2
861 5
865 2
867 4
869 8
873 5
875 6
877 3
881 9
883 3
885 5
889 4
891 4
893 7
897 2
899 2
901 7
905 3
907 2
909 13
913 3
915 2
917 3
921 3
923 2
925 3
929 8
931 4
933 6
937 3
939 5
941 9
945 8
947 2
949 2
953 4
955 4
957 4
961 5
963 2
965 12
969 3
971 8
973 1
977 9
979 3
981 4
985 6
987 6
989 7
993 4
995 1
997 3
1001 6
1003 1
1005 5
1009 5
1011 3
1013 9
1017 5
1019 3
1021 4
1025 7
1027 2
1029 13
1035 1
1037 3
1041 5
1043 3
1045 3
1049 6
1051 2
1053 10
1057 3
1059 2
1061 1
1065 2
1067 3
1069 7
1073 3
1075 3
1077 1
1083 3
1085 3
1089 5
1091 5
1093 4
1097 6
1099 2
1101 5
1105 3
1107 1
1109 3
1113 5
1115 3
1121 3
1123 3
1125 5
1131 2
1133 3
1137 1
1139 5
1141 6
1145 3
1147 4
1153 2
1155 1
1157 4
1161 5
1163 3
1165 5
1169 10
1171 2
1173 1
1177 1
1179 7
1181 5
1185 4
1187 3
1193 9
1195 4
1197 4
1201 3
1205 4
1209 5
1211 7
1213 2
1217 6
1219 2
1221 8
1225 1
1229 8
1233 4
1235 3
1237 2
1241 3
1243 1
1245 3
1249 8
1251 6
1253 3
1257 5
1259 2
1261 2
1265 5
1269 8
1273 1
1275 3
1277 8
1281 3
1283 4
1289 3
1291 2
1293 4
1297 1
1299 1
1305 5
1307 1
1309 3
1315 1
1317 1
1321 4
1323 2
1325 4
1329 2
1331 4
1333 2
1337 2
1339 1
1341 3
1345 1
1347 3
1349 4
1353 2
1355 2
1357 1
1361 4
1363 2
1365 1
1369 2
1371 2
1377 4
1379 3
1381 2
1385 3
1387 2
1389 1
1393 1
1395 1
1397 3
1401 2
1403 1
1405 2
1409 3
1413 3
1417 2
1419 3
1421 6
1425 4
1427 3
1433 3
1441 2
1443 1
1445 3
1449 4
1451 3
1459 4
1461 3
1469 2
1473 1
1475 3
1477 1
1481 4
1483 1
1489 1
1491 2
1497 6
1499 2
1505 3
1513 1
1515 1
1517 2
1521 4
1523 2
1525 2
1529 6
1533 1
1537 1
1539 4
1541 1
1545 2
1547 2
1549 1
1553 1
1555 1
1557 4
1561 2
1563 3
1569 3
1573 2
1577 2
1579 4
1581 5
1585 2
1587 1
1589 5
1593 1
1595 4
1601 2
1603 2
1605 1
1609 2
1613 1
1625 1
1629 2
1637 1
1641 5
1649 1
1657 1
1661 1
1667 2
1669 1
1673 1
1675 1
1677 1
1681 1
1685 1
1689 2
1691 1
1697 1
1699 1
1701 5
1709 2
1713 1
1717 1
1721 3
1725 1
1733 5
1737 1
1739 3
1741 1
1745 2
1749 1
1755 1
1757 1
1761 1
1763 1
1765 1
1769 3
1777 1
1781 3
1785 1
1787 2
1789 3
1795 1
1797 2
1803 2
1805 4
1809 3
1811 1
1813 3
1817 1
1819 1
1821 1
1835 1
1837 2
1841 2
1849 2
1851 1
1853 1
1861 2
1869 1
1875 1
1877 2
1881 2
1883 1
1889 4
1891 1
1899 2
1907 1
1909 3
1915 1
1917 1
1925 2
1931 4
1937 1
1941 1
1953 1
1955 1
1957 1
1961 2
1965 1
1969 1
1971 1
1977 3
1979 1
1985 1
1989 1
1993 1
2001 1
2005 1
2009 5
2013 1
2021 3
2037 1
2049 1
2057 2
2069 1
2073 1
2077 1
2081 2
2083 1
2085 2
2091 1
2093 1
2099 2
2107 2
2117 1
2121 1
2129 2
2137 1
2141 1
2155 2
2163 1
2165 2
2189 1
2201 3
2205 1
2211 1
2213 1
2217 1
2249 1
2289 2
2291 1
2301 2
2307 1
2321 1
2323 1
2325 1
2361 1
2369 2
2385 1
2395 1
2411 1
2425 1
2429 1
2441 1
2449 1
2465 1
2473 1
2477 1
2483 1
2501 1
2509 1
2521 1
2525 1
2529 2
2531 1
2537 1
2565 1
2571 2
2573 1
2589 1
2603 1
2617 1
2625 1
2633 1
2637 2
2651 1
2673 1
2691 1
2699 2
2709 2
2717 1
2721 1
2747 1
2755 1
2763 1
2773 1
2795 1
2801 1
2821 1
2843 2
2929 1
2939 1
2957 1
3045 1
3077 1
3101 1
3129 1
3157 1
3313 1
3321 1
3325 1
3329 1
3355 1
3361 1
3409 1
3461 1
3467 1
3501 1
3797 1
4179 1
4369 1
