N J h mean_R_sq err_mean_R_sq mean_R_gyr_sq err_mean_R_gyr_sq 
600 0.871 0 1233.87 9.87786 633.776 2.8465
3 2
5 2
9 4
11 5
13 5
17 5
19 4
21 16
25 4
27 4
29 16
33 4
35 6
37 2
41 19
43 8
45 12
49 10
51 8
53 11
57 14
59 13
61 13
65 18
67 5
69 13
73 7
75 9
77 21
81 22
83 14
85 7
89 38
91 9
93 14
97 9
99 10
101 30
105 26
107 10
109 18
113 5
115 11
117 36
121 17
123 13
125 23
129 20
131 19
133 7
137 20
139 16
141 14
145 18
147 9
149 23
153 18
155 10
157 12
161 25
163 3
165 18
169 21
171 24
173 45
177 8
179 21
181 21
185 24
187 8
189 33
193 6
195 15
197 19
201 14
203 16
205 13
209 38
211 9
213 16
217 15
219 26
221 36
225 22
227 18
229 28
233 20
235 6
237 17
241 17
243 22
245 23
249 25
251 23
253 7
257 27
259 14
261 26
265 19
267 4
269 25
273 18
275 22
277 9
281 34
283 13
285 31
289 16
291 12
293 32
297 23
299 27
301 16
305 30
307 16
309 20
313 10
315 25
317 12
321 35
323 7
325 29
329 42
331 11
333 21
337 14
339 20
341 56
345 14
347 14
349 18
353 19
355 9
357 14
361 13
363 17
365 48
369 31
371 31
373 15
377 31
379 11
381 39
385 8
387 21
389 46
393 25
395 20
397 5
401 35
403 8
405 25
409 22
411 20
413 21
417 24
419 27
421 16
425 71
427 6
429 23
433 19
435 13
437 30
441 29
443 13
445 12
449 44
451 17
453 15
457 9
459 19
461 44
465 23
467 17
469 18
473 15
475 16
477 32
481 22
483 13
485 32
489 19
491 20
493 16
497 30
499 11
501 24
505 7
507 18
509 46
513 16
515 18
517 20
521 48
523 8
525 28
529 20
531 23
533 11
537 10
539 19
541 15
545 33
547 8
549 41
553 8
555 5
557 28
561 28
563 17
565 20
569 52
571 12
573 19
577 8
579 28
581 37
585 39
587 21
589 21
593 32
595 8
597 15
601 19
603 12
605 26
609 30
611 31
613 16
617 9
619 12
621 45
625 20
627 13
629 50
633 31
635 31
637 23
641 24
643 8
645 23
649 16
651 14
653 16
657 27
659 25
661 24
665 22
667 12
669 20
673 15
675 18
677 39
681 30
683 11
685 14
689 42
691 13
693 27
697 5
699 32
701 41
705 27
707 17
709 9
713 30
715 13
717 17
721 21
723 9
725 25
729 32
731 27
733 20
737 25
739 14
741 24
745 18
747 23
749 33
753 14
755 22
757 9
761 50
763 11
765 19
769 11
771 15
773 29
777 15
779 25
781 23
785 21
787 13
789 43
793 9
795 11
797 24
801 35
803 17
805 15
809 34
811 13
813 13
817 9
819 18
821 24
825 28
827 15
829 13
833 28
835 19
837 17
841 10
843 16
845 31
849 23
851 17
853 5
857 25
859 13
861 31
865 17
867 19
869 40
873 23
875 32
877 6
881 35
883 4
885 31
889 18
891 20
893 28
897 16
899 35
901 18
905 23
907 6
909 34
913 7
915 14
917 15
921 19
923 18
925 14
929 34
931 14
933 10
937 14
939 18
941 53
945 31
947 8
949 15
953 18
955 9
957 18
961 15
963 17
965 36
969 19
971 23
973 9
977 12
979 11
981 22
985 24
987 12
989 27
993 12
995 15
997 14
1001 40
1003 8
1005 8
1009 27
1011 21
1013 32
1017 22
1019 25
1021 16
1025 22
1027 12
1029 27
1033 10
1035 24
1037 13
1041 24
1043 11
1045 12
1049 25
1051 11
1053 22
1057 14
1059 8
1061 14
1065 11
1067 15
1069 20
1073 14
1075 7
1077 16
1081 8
1083 9
1085 28
1089 21
1091 21
1093 4
1097 28
1099 11
1101 10
1105 11
1107 14
1109 38
1113 16
1115 17
1117 10
1121 33
1123 12
1125 24
1129 4
1131 16
1133 24
1137 10
1139 27
1141 11
1145 16
1147 12
1149 7
1153 11
1155 13
1157 14
1161 43
1163 13
1165 16
1169 32
1171 9
1173 18
1177 8
1179 20
1181 22
1185 8
1187 12
1189 14
1193 29
1195 7
1197 20
1201 7
1203 8
1205 24
1209 31
1211 18
1213 4
1217 24
1219 10
1221 19
1225 20
1227 3
1229 24
1233 9
1235 19
1237 5
1241 19
1243 8
1245 18
1249 22
1251 17
1253 15
1257 14
1259 25
1261 13
1265 25
1267 8
1269 19
1273 8
1275 13
1277 25
1281 11
1283 12
1285 9
1289 23
1291 8
1293 13
1297 5
1299 7
1301 29
1305 22
1307 8
1309 8
1313 17
1315 8
1317 6
1321 12
1323 7
1325 23
1329 20
1331 9
1333 18
1337 19
1339 8
1341 29
1345 8
1347 8
1349 29
1353 8
1355 18
1357 15
1361 43
1363 11
1365 8
1369 11
1371 14
1373 11
1377 20
1379 16
1381 13
1385 17
1387 3
1389 16
1393 9
1395 9
1397 13
1401 11
1403 17
1405 15
1409 24
1411 3
1413 18
1417 8
1419 12
1421 24
1425 9
1427 15
1429 15
1433 13
1435 4
1437 16
1441 9
1443 5
1445 23
1449 12
1451 22
1453 3
1457 5
1459 11
1461 17
1465 4
1467 4
1469 22
1473 11
1475 15
1477 5
1481 25
1483 6
1485 14
1489 8
1491 9
1493 11
1497 8
1499 20
1501 16
1505 17
1507 1
1509 18
1513 10
1515 12
1517 21
1521 12
1523 8
1525 12
1529 22
1531 7
1533 8
1537 7
1539 11
1541 17
1545 11
1547 16
1549 6
1553 27
1555 2
1557 18
1561 10
1563 9
1565 11
1569 14
1571 13
1573 10
1577 13
1579 10
1581 14
1585 11
1587 4
1589 20
1593 4
1595 22
1597 6
1601 23
1603 8
1605 6
1609 8
1611 14
1613 19
1617 17
1619 17
1621 4
1625 14
1627 3
1629 23
1633 6
1635 7
1637 16
1641 17
1643 8
1645 8
1649 13
1651 3
1653 7
1657 7
1659 10
1661 20
1665 17
1667 8
1669 10
1673 13
1675 2
1677 8
1681 5
1683 9
1685 20
1689 14
1691 13
1693 12
1697 13
1699 11
1701 14
1705 5
1707 3
1709 17
1713 10
1715 20
1717 12
1721 17
1723 2
1725 19
1729 13
1731 4
1733 15
1737 6
1739 10
1741 6
1745 16
1749 17
1753 7
1755 10
1757 10
1761 9
1763 8
1765 6
1769 17
1771 9
1773 11
1777 4
1779 9
1781 12
1785 15
1787 4
1789 7
1793 13
1795 4
1797 9
1801 9
1803 6
1805 14
1809 15
1811 16
1813 13
1817 10
1819 5
1821 10
1825 6
1827 10
1829 8
1833 6
1835 6
1837 3
1841 9
1843 4
1845 13
1849 9
1851 10
1853 10
1857 7
1859 11
1861 13
1865 14
1867 6
1869 11
1873 2
1875 9
1877 6
1881 17
1883 9
1885 1
1889 25
1891 5
1893 7
1897 4
1899 6
1901 9
1905 4
1907 6
1909 6
1913 9
1915 3
1917 10
1921 10
1923 2
1925 12
1931 20
1933 3
1937 10
1939 2
1941 9
1947 1
1949 10
1953 8
1955 6
1957 3
1961 6
1963 2
1965 11
1969 3
1971 7
1973 4
1977 16
1979 11
1981 8
1985 4
1987 2
1989 14
1993 7
1995 1
1997 13
2001 14
2003 4
2005 10
2009 13
2011 5
2013 6
2019 9
2021 16
2025 6
2027 1
2029 10
2033 6
2035 3
2037 4
2041 10
2043 9
2045 13
2049 9
2051 13
2053 6
2057 16
2059 6
2061 15
2065 2
2067 1
2069 14
2073 3
2075 12
2077 6
2081 8
2083 1
2085 10
2089 7
2091 3
2093 11
2097 5
2099 9
2101 5
2105 13
2107 4
2109 8
2113 3
2115 2
2117 8
2121 11
2123 7
2125 7
2129 11
2131 7
2133 8
2137 2
2139 4
2141 11
2145 7
2147 7
2149 4
2153 3
2155 3
2157 5
2161 5
2163 3
2165 7
2169 17
2171 6
2173 10
2177 11
2179 6
2181 8
2185 9
2187 4
2189 11
2193 2
2195 5
2197 4
2201 10
2203 1
2205 15
2209 3
2211 3
2213 8
2217 4
2219 6
2221 3
2225 8
2227 1
2229 9
2233 3
2235 4
2237 11
2241 7
2243 10
2245 6
2249 10
2251 1
2253 8
2257 4
2259 7
2261 13
2265 6
2267 5
2269 2
2273 8
2275 4
2277 3
2281 3
2283 1
2285 8
2289 4
2291 8
2293 1
2297 6
2299 2
2301 12
2305 6
2307 3
2309 14
2313 5
2315 3
2317 2
2321 13
2323 5
2325 7
2329 1
2331 8
2333 4
2339 9
2341 5
2345 9
2347 1
2349 8
2353 1
2355 3
2357 4
2361 4
2363 5
2365 8
2369 7
2371 7
2373 9
2377 1
2379 3
2381 9
2385 6
2387 7
2389 9
2393 5
2395 6
2397 9
2401 4
2403 4
2405 7
2409 4
2411 4
2413 2
2417 5
2419 5
2421 11
2425 5
2427 6
2429 13
2433 1
2435 8
2437 3
2441 17
2443 1
2445 2
2449 6
2451 5
2453 7
2457 3
2459 4
2461 6
2465 6
2467 2
2469 8
2473 4
2475 6
2477 8
2481 6
2483 4
2485 4
2489 5
2493 5
2497 8
2499 2
2501 9
2505 1
2507 3
2509 2
2513 3
2515 2
2517 5
2521 4
2523 5
2525 9
2529 5
2531 4
2533 4
2537 7
2539 4
2541 5
2547 3
2549 15
2553 4
2555 2
2557 2
2561 3
2565 7
2569 3
2571 3
2573 5
2577 4
2579 9
2581 3
2585 5
2587 1
2589 3
2593 6
2595 3
2597 4
2601 2
2609 12
2611 1
2613 4
2617 5
2619 4
2621 10
2625 3
2627 3
2629 1
2633 3
2635 1
2637 10
2641 3
2643 1
2645 5
2649 6
2651 2
2653 2
2657 2
2659 4
2661 6
2665 3
2667 1
2669 11
2673 8
2675 6
2677 1
2681 11
2683 2
2685 2
2689 5
2691 6
2693 2
2697 2
2699 1
2701 10
2705 8
2707 1
2709 4
2713 1
2715 2
2717 7
2721 7
2723 2
2725 1
2729 9
2731 2
2733 3
2737 2
2739 4
2741 4
2745 6
2747 2
2749 1
2753 1
2755 3
2757 7
2761 2
2763 3
2765 4
2769 5
2771 4
2773 2
2777 1
2779 3
2781 3
2785 5
2787 2
2789 4
2793 5
2797 3
2801 6
2803 1
2805 8
2811 3
2813 5
2817 5
2819 7
2821 2
2825 3
2827 4
2829 1
2833 4
2837 5
2841 7
2843 3
2845 4
2849 7
2851 3
2853 1
2857 1
2859 8
2861 8
2865 4
2869 5
2873 7
2875 1
2877 3
2881 4
2883 1
2885 4
2889 8
2891 3
2893 1
2897 5
2899 5
2901 5
2905 1
2907 2
2909 7
2913 2
2915 6
2917 1
2921 4
2925 6
2929 3
2931 2
2933 2
2937 2
2939 1
2941 2
2945 4
2947 1
2949 1
2953 4
2957 4
2961 7
2963 4
2969 1
2971 2
2973 1
2977 3
2979 5
2981 5
2985 4
2987 6
2989 6
2993 2
2997 1
3001 3
3005 4
3009 6
3011 3
3013 4
3017 2
3021 5
3025 2
3027 2
3029 5
3033 1
3035 4
3037 3
3041 7
3045 3
3049 3
3051 4
3053 1
3057 2
3059 2
3061 1
3065 7
3069 4
3073 2
3077 1
3081 3
3083 1
3089 2
3093 1
3097 3
3099 1
3101 4
3105 2
3107 2
3109 1
3113 2
3115 1
3121 2
3123 1
3125 6
3129 2
3131 2
3133 1
3137 3
3141 3
3145 1
3147 4
3149 3
3153 3
3155 2
3157 1
3161 4
3163 1
3165 1
3169 1
3171 1
3177 6
3179 2
3185 7
3187 1
3189 1
3195 1
3197 2
3201 1
3205 3
3209 6
3213 2
3219 1
3221 6
3225 2
3227 2
3229 2
3233 1
3235 1
3237 1
3241 5
3243 1
3245 4
3249 5
3251 5
3253 2
3257 1
3259 2
3261 2
3265 1
3267 2
3269 1
3273 2
3275 2
3277 2
3281 4
3283 2
3285 5
3289 3
3293 3
3297 1
3299 3
3301 1
3305 3
3307 1
3309 1
3317 4
3321 4
3323 1
3329 5
3331 2
3333 2
3341 2
3345 2
3347 1
3349 2
3353 3
3355 1
3357 3
3361 1
3363 1
3365 3
3369 2
3373 3
3377 3
3379 2
3381 3
3387 1
3389 3
3393 1
3401 1
3403 1
3409 2
3411 2
3419 3
3425 5
3429 1
3437 2
3441 1
3443 1
3445 2
3449 1
3451 2
3453 5
3459 1
3461 6
3465 2
3467 1
3473 4
3475 1
3477 1
3485 3
3489 1
3491 2
3493 2
3499 1
3501 4
3509 3
3513 2
3515 1
3517 1
3521 3
3525 2
3529 1
3531 1
3533 6
3537 2
3539 1
3545 2
3549 2
3555 3
3557 1
3561 4
3563 2
3569 1
3573 1
3577 2
3579 2
3581 2
3587 2
3589 2
3593 1
3605 2
3611 1
3613 1
3617 5
3619 1
3621 2
3625 2
3627 3
3629 7
3633 1
3641 2
3649 1
3651 2
3657 1
3659 1
3665 1
3673 1
3681 2
3685 3
3689 1
3691 1
3697 1
3699 1
3701 7
3705 2
3707 2
3709 1
3715 3
3717 1
3721 1
3723 2
3729 1
3731 2
3737 4
3741 1
3745 2
3749 2
3753 1
3755 1
3757 1
3761 4
3771 2
3773 1
3777 2
3781 1
3785 1
3793 3
3795 1
3797 2
3801 1
3803 2
3805 2
3809 1
3817 2
3819 2
3821 1
3825 1
3829 1
3833 1
3841 2
3845 1
3849 2
3851 2
3857 5
3867 1
3875 2
3881 1
3885 3
3889 1
3891 1
3893 1
3899 2
3901 1
3905 2
3907 1
3909 3
3917 1
3921 1
3923 1
3925 3
3929 2
3931 3
3933 1
3937 1
3941 1
3947 1
3949 1
3955 1
3957 1
3961 2
3965 4
3969 1
3971 3
3973 1
3977 1
3981 4
3985 1
3989 1
3995 2
3997 1
4001 1
4005 1
4009 1
4011 2
4013 1
4017 2
4019 1
4021 1
4033 1
4037 3
4041 1
4043 1
4045 2
4049 2
4053 1
4059 1
4061 4
4065 2
4067 1
4073 2
4081 1
4083 1
4085 1
4089 1
4093 1
4101 1
4105 1
4107 1
4115 3
4117 1
4121 2
4137 1
4145 1
4149 1
4157 2
4163 1
4165 1
4171 1
4177 1
4189 1
4195 1
4205 2
4213 1
4217 1
4221 2
4227 1
4229 3
4233 1
4235 1
4241 1
4259 2
4261 2
4265 1
4267 1
4269 1
4275 1
4281 1
4289 2
4291 1
4299 1
4323 1
4325 1
4337 1
4355 3
4379 1
4387 2
4395 1
4425 2
4429 2
4433 1
4449 1
4453 1
4457 1
4473 2
4475 1
4481 1
4489 1
4499 1
4507 1
4509 1
4517 1
4523 1
4529 1
4539 1
4541 2
4553 1
4565 1
4569 1
4571 1
4577 1
4581 1
4585 1
4595 1
4597 1
4601 1
4605 1
4611 1
4625 3
4629 2
4665 3
4685 2
4691 1
4697 1
4705 1
4707 1
4715 1
4739 1
4747 1
4753 1
4755 1
4757 1
4769 1
4779 2
4781 2
4803 1
4811 2
4817 2
4857 1
4861 1
4869 2
4901 2
4945 1
4949 1
4973 1
4979 1
5001 2
5011 1
5075 1
5077 1
5085 1
5101 1
5121 2
5141 1
5169 1
5193 1
5217 1
5221 1
5245 1
5301 1
5305 1
5357 1
5385 1
5389 2
5417 2
5445 1
5459 1
5465 1
5477 1
5481 1
5499 1
5513 2
5565 1
5577 1
5621 1
5645 1
5681 1
5693 1
5741 1
5801 1
5813 1
5821 2
5897 1
5899 1
6037 1
6069 1
6089 1
6105 1
6107 1
6229 1
6249 1
6349 1
6537 1
6601 1
6921 1
7011 1
7049 1
7545 1
7573 1
8251 1
8333 1
8731 1
10197 1
