N J h mean_R_sq err_mean_R_sq mean_R_gyr_sq err_mean_R_gyr_sq 
700 0.895 0 1076.98 24.836 1135.81 24.014
0 4
1 8
2 7
3 9
4 7
5 10
6 6
7 8
8 4
9 8
10 7
11 5
12 10
13 12
14 14
15 10
16 15
17 10
18 7
19 12
20 10
21 21
22 18
23 14
24 14
25 12
26 15
27 9
28 20
29 18
30 21
31 17
32 21
33 21
34 22
35 24
36 18
37 31
38 30
39 23
40 26
41 23
42 35
43 43
44 36
45 31
46 54
47 39
48 46
49 34
50 41
51 42
52 47
53 40
54 49
55 39
56 59
57 44
58 45
59 48
60 49
61 50
62 50
63 50
64 59
65 46
66 64
67 48
68 51
69 61
70 52
71 62
72 59
73 48
74 52
75 66
76 59
77 56
78 58
79 50
80 48
81 51
82 50
83 56
84 51
85 41
86 58
87 43
88 53
89 45
90 44
91 52
92 31
93 40
94 36
95 26
96 30
97 25
98 29
99 32
100 27
101 23
102 26
103 17
104 30
105 15
106 16
107 18
108 16
109 26
110 23
111 10
112 13
113 17
114 14
115 8
116 8
117 7
118 11
119 6
120 6
121 8
122 5
123 9
124 4
125 5
126 6
127 6
128 2
129 2
130 2
131 2
132 1
133 1
134 1
135 1
136 1
139 1
142 1
