N J h mean_R_sq err_mean_R_sq mean_R_gyr_sq err_mean_R_gyr_sq 
500 0.89 0 900.796 1.66772 502.298 0.618378
0 563
1 1117
2 1097
3 1105
4 1055
5 1077
6 1184
7 1200
8 1236
9 1270
10 1383
11 1416
12 1469
13 1589
14 1627
15 1736
16 1709
17 1815
18 1905
19 1976
20 2218
21 2212
22 2306
23 2547
24 2521
25 2650
26 2701
27 2832
28 2956
29 3090
30 3201
31 3372
32 3450
33 3511
34 3672
35 3672
36 3900
37 3974
38 3938
39 4059
40 4180
41 4320
42 4312
43 4313
44 4355
45 4369
46 4509
47 4351
48 4365
49 4294
50 4289
51 4218
52 4139
53 4093
54 4007
55 3935
56 3684
57 3631
58 3502
59 3333
60 3161
61 3053
62 2999
63 2725
64 2546
65 2471
66 2275
67 2056
68 1918
69 1666
70 1557
71 1429
72 1313
73 1186
74 1044
75 884
76 838
77 719
78 589
79 549
80 422
81 370
82 360
83 283
84 223
85 214
86 173
87 120
88 121
89 101
90 70
91 46
92 49
93 44
94 28
95 25
96 16
97 13
98 11
99 3
100 5
102 1
103 4
104 2
105 4
107 1
108 1
109 1
