N J h mean_R_sq err_mean_R_sq mean_R_gyr_sq err_mean_R_gyr_sq 
500 0.881 0 961.498 2.57991 472.317 0.627694
0 446
1 824
2 826
3 880
4 886
5 908
6 872
7 941
8 972
9 966
10 1041
11 1053
12 1126
13 1179
14 1186
15 1358
16 1259
17 1341
18 1423
19 1469
20 1588
21 1628
22 1713
23 1705
24 1873
25 1880
26 2035
27 2072
28 2160
29 2164
30 2333
31 2345
32 2362
33 2581
34 2660
35 2660
36 2708
37 2729
38 2782
39 2740
40 2893
41 2860
42 2933
43 2841
44 2925
45 2815
46 2787
47 2947
48 2886
49 2765
50 2794
51 2637
52 2564
53 2579
54 2445
55 2414
56 2373
57 2192
58 2140
59 2040
60 1902
61 1769
62 1711
63 1566
64 1482
65 1364
66 1247
67 1163
68 1045
69 878
70 892
71 735
72 651
73 625
74 515
75 442
76 399
77 365
78 297
79 276
80 204
81 180
82 171
83 144
84 117
85 98
86 73
87 47
88 58
89 44
90 28
91 21
92 20
93 17
94 15
95 9
96 5
97 7
98 2
99 4
100 2
101 1
102 2
103 2
