N J h mean_R_sq err_mean_R_sq mean_R_gyr_sq err_mean_R_gyr_sq 
500 0.86 0 1063.94 3.06086 431.912 0.722333
0 325
1 639
2 610
3 653
4 634
5 643
6 660
7 663
8 683
9 738
10 762
11 829
12 828
13 804
14 869
15 894
16 951
17 995
18 991
19 1017
20 1057
21 1071
22 1154
23 1180
24 1273
25 1382
26 1398
27 1310
28 1428
29 1493
30 1499
31 1564
32 1577
33 1579
34 1586
35 1681
36 1576
37 1598
38 1661
39 1686
40 1635
41 1632
42 1679
43 1688
44 1694
45 1592
46 1590
47 1591
48 1550
49 1416
50 1512
51 1455
52 1320
53 1293
54 1217
55 1192
56 1150
57 1098
58 1031
59 919
60 933
61 849
62 745
63 673
64 666
65 597
66 521
67 455
68 474
69 391
70 319
71 296
72 299
73 222
74 242
75 163
76 178
77 130
78 139
79 103
80 94
81 76
82 70
83 50
84 37
85 34
86 24
87 28
88 21
89 18
90 16
91 7
92 9
93 9
94 3
95 5
96 1
97 2
98 1
99 2
104 1
110 1
