N J h mean_R_sq err_mean_R_sq mean_R_gyr_sq err_mean_R_gyr_sq 
400 0.888 0 754.995 25.1131 317.847 5.93534
0 3
1 5
2 7
3 7
4 7
5 11
6 10
7 11
8 10
9 12
10 8
11 11
12 6
13 12
14 17
15 10
16 11
17 10
18 8
19 16
20 14
21 10
22 21
23 15
24 18
25 13
26 11
27 27
28 10
29 15
30 21
31 15
32 18
33 12
34 24
35 18
36 13
37 20
38 19
39 9
40 16
41 21
42 23
43 20
44 14
45 14
46 19
47 11
48 15
49 15
50 14
51 13
52 7
53 11
54 4
55 7
56 6
57 7
58 5
59 7
60 6
61 3
62 4
63 3
64 2
65 3
66 1
67 3
69 2
70 1
72 1
75 3
76 1
79 1
82 1
