N J h mean_R_sq err_mean_R_sq mean_R_gyr_sq err_mean_R_gyr_sq 
550 0.904 0 775.342 3.37521 777.499 1.78259
0 160
1 327
2 313
3 298
4 303
5 346
6 341
7 341
8 380
9 366
10 401
11 428
12 425
13 460
14 491
15 465
16 534
17 513
18 616
19 619
20 629
21 716
22 724
23 742
24 763
25 821
26 875
27 916
28 1000
29 977
30 1042
31 1127
32 1172
33 1201
34 1290
35 1340
36 1453
37 1412
38 1518
39 1602
40 1585
41 1628
42 1733
43 1693
44 1827
45 1872
46 1901
47 1998
48 2031
49 2043
50 2203
51 2195
52 2216
53 2223
54 2283
55 2346
56 2263
57 2266
58 2368
59 2315
60 2330
61 2245
62 2346
63 2342
64 2281
65 2257
66 2229
67 2129
68 2112
69 2149
70 2012
71 1916
72 1927
73 1881
74 1852
75 1802
76 1817
77 1559
78 1585
79 1490
80 1443
81 1287
82 1282
83 1233
84 1176
85 1139
86 1034
87 910
88 897
89 878
90 724
91 698
92 658
93 587
94 489
95 468
96 415
97 408
98 320
99 287
100 263
101 205
102 194
103 159
104 135
105 113
106 88
107 65
108 60
109 41
110 33
111 40
112 17
113 13
114 9
115 7
116 11
117 3
118 3
119 5
120 2
121 1
123 1
124 1
