N J h mean_R_sq err_mean_R_sq mean_R_gyr_sq err_mean_R_gyr_sq 
500 0.876 0 978.103 11.7892 456.709 2.77723
0 22
1 51
2 37
3 44
4 46
5 47
6 59
7 47
8 42
9 44
10 49
11 60
12 62
13 50
14 61
15 59
16 71
17 60
18 68
19 76
20 93
21 81
22 85
23 87
24 75
25 107
26 97
27 110
28 109
29 98
30 123
31 110
32 113
33 131
34 111
35 135
36 131
37 130
38 130
39 108
40 153
41 138
42 145
43 146
44 134
45 119
46 135
47 127
48 142
49 127
50 130
51 116
52 131
53 132
54 120
55 122
56 87
57 87
58 103
59 82
60 96
61 78
62 70
63 69
64 49
65 57
66 54
67 51
68 46
69 62
70 37
71 32
72 28
73 28
74 18
75 24
76 18
77 10
78 9
79 16
80 5
81 7
82 6
83 6
84 5
85 4
86 3
87 4
88 4
89 2
91 2
92 2
94 1
96 1
