N J h mean_R_sq err_mean_R_sq mean_R_gyr_sq err_mean_R_gyr_sq 
550 0.87 0 1125.14 2.60977 535.317 0.792589
0 424
1 843
2 898
3 878
4 931
5 903
6 940
7 917
8 942
9 988
10 1026
11 1062
12 1101
13 1166
14 1234
15 1182
16 1272
17 1443
18 1433
19 1456
20 1499
21 1626
22 1587
23 1702
24 1809
25 1805
26 1898
27 1949
28 1976
29 2099
30 2185
31 2181
32 2362
33 2383
34 2486
35 2400
36 2606
37 2680
38 2649
39 2734
40 2797
41 2793
42 2822
43 2904
44 2825
45 2799
46 2774
47 2810
48 2883
49 2918
50 2830
51 2738
52 2759
53 2694
54 2721
55 2552
56 2667
57 2521
58 2444
59 2368
60 2173
61 2175
62 2039
63 1941
64 1827
65 1713
66 1615
67 1546
68 1486
69 1323
70 1272
71 1165
72 1100
73 989
74 919
75 835
76 782
77 640
78 592
79 498
80 488
81 407
82 378
83 302
84 239
85 217
86 190
87 180
88 141
89 124
90 103
91 100
92 99
93 58
94 52
95 45
96 40
97 20
98 30
99 18
100 14
101 16
102 11
103 2
104 6
105 4
106 2
107 2
108 1
109 2
110 2
113 1
118 1
