N J h mean_R_sq err_mean_R_sq mean_R_gyr_sq err_mean_R_gyr_sq 
500 0.882 0 937.525 13.7617 475.679 4.17444
0 9
1 12
2 13
3 16
4 23
5 20
6 23
7 23
8 23
9 19
10 26
11 12
12 23
13 19
14 22
15 29
16 19
17 25
18 38
19 38
20 28
21 49
22 32
23 28
24 49
25 41
26 41
27 48
28 41
29 49
30 49
31 47
32 59
33 41
34 43
35 56
36 59
37 53
38 65
39 57
40 69
41 64
42 63
43 61
44 66
45 65
46 63
47 63
48 56
49 58
50 50
51 55
52 57
53 50
54 54
55 49
56 50
57 58
58 67
59 40
60 46
61 31
62 34
63 38
64 36
65 27
66 30
67 23
68 28
69 17
70 25
71 19
72 17
73 9
74 18
75 7
76 11
77 12
78 6
79 4
80 7
81 7
82 4
83 1
84 6
85 3
86 3
87 1
89 3
95 1
