N J h mean_R_sq err_mean_R_sq mean_R_gyr_sq err_mean_R_gyr_sq 
600 0.891 0 1048.03 6.46024 738.612 2.26783
0 62
1 128
2 118
3 128
4 148
5 123
6 131
7 134
8 153
9 126
10 153
11 156
12 167
13 169
14 176
15 159
16 195
17 183
18 209
19 233
20 241
21 242
22 240
23 283
24 260
25 304
26 282
27 330
28 313
29 353
30 396
31 390
32 393
33 440
34 415
35 447
36 485
37 456
38 516
39 503
40 551
41 548
42 518
43 574
44 601
45 654
46 603
47 582
48 625
49 679
50 688
51 659
52 687
53 667
54 662
55 708
56 718
57 705
58 703
59 717
60 611
61 706
62 735
63 687
64 685
65 648
66 656
67 630
68 661
69 634
70 619
71 534
72 540
73 556
74 530
75 525
76 446
77 414
78 404
79 398
80 390
81 345
82 299
83 290
84 259
85 218
86 222
87 221
88 207
89 168
90 156
91 139
92 119
93 106
94 102
95 94
96 80
97 55
98 60
99 54
100 43
101 43
102 25
103 32
104 20
105 25
106 24
107 18
108 18
109 12
110 7
111 7
112 5
113 9
114 7
115 4
116 2
119 1
120 2
121 1
122 1
130 1
