N J h mean_R_sq err_mean_R_sq mean_R_gyr_sq err_mean_R_gyr_sq 
500 0.88 0 962.084 5.08127 467.983 1.08518
0 101
1 216
2 218
3 214
4 242
5 227
6 244
7 244
8 234
9 229
10 286
11 274
12 276
13 297
14 295
15 318
16 347
17 324
18 340
19 361
20 442
21 392
22 411
23 476
24 521
25 520
26 486
27 493
28 558
29 556
30 576
31 615
32 650
33 657
34 639
35 674
36 662
37 687
38 708
39 721
40 725
41 726
42 726
43 700
44 698
45 754
46 729
47 709
48 733
49 684
50 679
51 720
52 629
53 616
54 616
55 578
56 563
57 536
58 533
59 470
60 492
61 393
62 403
63 343
64 334
65 357
66 270
67 289
68 257
69 238
70 202
71 208
72 156
73 126
74 124
75 112
76 99
77 79
78 77
79 64
80 56
81 48
82 44
83 33
84 25
85 18
86 21
87 18
88 10
89 12
90 8
91 6
92 6
93 4
94 3
95 2
96 2
98 2
99 2
101 1
