N J h mean_R_sq err_mean_R_sq mean_R_gyr_sq err_mean_R_gyr_sq 
400 0.89 0 722.153 4.75019 325.496 1.4868
0 108
1 157
2 157
3 158
4 174
5 160
6 209
7 193
8 205
9 211
10 215
11 197
12 235
13 234
14 267
15 287
16 295
17 270
18 347
19 319
20 327
21 359
22 378
23 379
24 361
25 400
26 421
27 430
28 452
29 455
30 476
31 484
32 467
33 480
34 494
35 453
36 467
37 501
38 458
39 446
40 438
41 456
42 434
43 457
44 429
45 404
46 384
47 383
48 343
49 331
50 294
51 276
52 288
53 247
54 229
55 213
56 161
57 170
58 127
59 141
60 105
61 89
62 109
63 67
64 60
65 62
66 43
67 31
68 28
69 21
70 25
71 15
72 14
73 11
74 8
75 6
76 6
77 1
78 2
79 2
80 1
83 1
88 1
