N J h mean_R_sq err_mean_R_sq mean_R_gyr_sq err_mean_R_gyr_sq 
700 0.86 0 1513.66 10.9866 811.072 2.65576
0 49
1 109
2 84
3 90
4 104
5 100
6 119
7 131
8 141
9 144
10 116
11 136
12 136
13 129
14 123
15 157
16 146
17 149
18 138
19 179
20 172
21 176
22 190
23 203
24 220
25 226
26 202
27 225
28 251
29 243
30 281
31 262
32 267
33 279
34 297
35 301
36 295
37 327
38 306
39 338
40 373
41 330
42 343
43 362
44 380
45 396
46 406
47 410
48 394
49 413
50 423
51 444
52 390
53 439
54 436
55 458
56 438
57 464
58 460
59 399
60 467
61 435
62 451
63 446
64 482
65 431
66 415
67 396
68 434
69 445
70 396
71 411
72 362
73 405
74 353
75 371
76 354
77 334
78 304
79 274
80 298
81 271
82 255
83 237
84 230
85 228
86 186
87 192
88 182
89 152
90 164
91 142
92 117
93 124
94 103
95 91
96 92
97 73
98 78
99 67
100 59
101 61
102 55
103 45
104 29
105 32
106 24
107 19
108 18
109 17
110 15
111 13
112 7
113 14
114 5
115 6
116 7
117 3
118 4
119 8
120 3
121 2
122 2
124 1
127 1
128 1
132 1
