N J h mean_R_sq err_mean_R_sq mean_R_gyr_sq err_mean_R_gyr_sq 
550 0.901 0 827.719 6.033 720.543 2.8504
0 31
1 95
2 83
3 92
4 93
5 85
6 84
7 113
8 107
9 108
10 92
11 125
12 110
13 121
14 140
15 156
16 128
17 155
18 167
19 158
20 163
21 208
22 203
23 204
24 223
25 273
26 246
27 252
28 253
29 305
30 290
31 320
32 363
33 293
34 326
35 404
36 400
37 443
38 432
39 487
40 461
41 452
42 484
43 511
44 516
45 520
46 518
47 554
48 532
49 616
50 527
51 542
52 569
53 619
54 604
55 587
56 623
57 609
58 605
59 585
60 619
61 604
62 567
63 545
64 542
65 574
66 548
67 518
68 468
69 467
70 504
71 464
72 465
73 444
74 416
75 398
76 398
77 374
78 350
79 312
80 295
81 273
82 230
83 216
84 253
85 187
86 197
87 198
88 155
89 139
90 124
91 123
92 116
93 91
94 86
95 75
96 76
97 56
98 51
99 51
100 37
101 17
102 22
103 24
104 16
105 8
106 9
107 11
108 1
109 4
110 8
111 2
112 1
113 1
114 1
115 1
116 1
118 1
