N J h mean_R_sq err_mean_R_sq mean_R_gyr_sq err_mean_R_gyr_sq 
600 0.873 0 1214.47 2.63393 640.508 0.886529
0 346
1 709
2 757
3 708
4 801
5 746
6 724
7 785
8 765
9 786
10 872
11 900
12 911
13 954
14 964
15 978
16 1074
17 1070
18 1101
19 1204
20 1331
21 1305
22 1347
23 1422
24 1390
25 1518
26 1529
27 1712
28 1732
29 1785
30 1826
31 1971
32 1943
33 1955
34 2074
35 2120
36 2248
37 2256
38 2428
39 2412
40 2484
41 2492
42 2487
43 2498
44 2769
45 2629
46 2788
47 2715
48 2795
49 2787
50 2738
51 2773
52 2749
53 2775
54 2699
55 2801
56 2827
57 2649
58 2721
59 2757
60 2564
61 2607
62 2472
63 2484
64 2347
65 2245
66 2161
67 2074
68 2083
69 2005
70 1898
71 1709
72 1749
73 1530
74 1444
75 1407
76 1318
77 1238
78 1061
79 1062
80 911
81 837
82 802
83 720
84 649
85 584
86 508
87 426
88 399
89 385
90 303
91 279
92 231
93 220
94 186
95 162
96 139
97 117
98 90
99 65
100 64
101 49
102 37
103 28
104 27
105 26
106 25
107 21
108 13
109 13
110 8
111 6
112 6
113 3
114 3
115 1
116 1
117 1
118 1
119 1
120 1
121 1
