N J h mean_R_sq err_mean_R_sq mean_R_gyr_sq err_mean_R_gyr_sq 
550 0.93 0 191.504 1.18814 1600.3 1.99107
0 1
1 9
2 4
3 7
4 4
5 5
6 8
7 5
8 7
9 6
10 9
11 5
12 6
13 13
14 9
15 15
16 16
17 9
18 15
19 19
20 12
21 10
22 19
23 15
24 14
25 20
26 19
27 19
28 29
29 33
30 26
31 30
32 28
33 38
34 35
35 46
36 48
37 52
38 52
39 64
40 47
41 45
42 65
43 52
44 51
45 77
46 71
47 82
48 86
49 92
50 102
51 106
52 111
53 120
54 166
55 153
56 178
57 198
58 188
59 198
60 233
61 252
62 260
63 279
64 308
65 358
66 394
67 445
68 453
69 543
70 578
71 610
72 706
73 808
74 822
75 982
76 1047
77 1220
78 1274
79 1394
80 1617
81 1721
82 1923
83 2088
84 2291
85 2433
86 2620
87 2813
88 2927
89 3033
90 3278
91 3492
92 3478
93 3600
94 3748
95 3730
96 3583
97 3612
98 3400
99 3437
100 3297
101 3123
102 2961
103 2671
104 2399
105 2220
106 1947
107 1776
108 1556
109 1309
110 1143
111 906
112 751
113 633
114 492
115 375
116 305
117 236
118 170
119 137
120 91
121 72
122 50
123 45
124 28
125 17
126 9
127 10
128 5
129 2
130 1
131 3
