N J h mean_R_sq err_mean_R_sq mean_R_gyr_sq err_mean_R_gyr_sq 
550 0.888 0 999.097 40.0121 614.048 11.3641
1 3
2 1
3 3
4 2
5 2
6 3
7 2
8 5
9 3
10 7
11 1
12 3
13 9
14 1
15 3
16 4
17 6
18 4
19 3
20 5
21 6
22 10
23 6
24 6
25 10
26 8
27 6
28 8
29 7
30 6
31 10
32 8
33 12
34 14
35 6
36 18
37 9
38 16
39 11
40 6
41 8
42 10
43 13
44 13
45 15
46 17
47 12
48 17
49 17
50 14
51 11
52 20
53 14
54 13
55 10
56 12
57 15
58 13
59 12
60 6
61 11
62 5
63 14
64 11
65 9
66 6
67 11
68 12
69 9
70 3
71 8
72 6
73 2
74 6
75 9
76 7
77 8
78 6
79 6
80 9
81 3
82 2
83 5
84 3
85 2
86 3
87 2
88 3
90 1
92 1
93 1
