N J h mean_R_sq err_mean_R_sq mean_R_gyr_sq err_mean_R_gyr_sq 
600 0.881 0 1148.5 10.093 670.582 2.68615
0 29
1 68
2 75
3 65
4 92
5 64
6 69
7 80
8 61
9 67
10 74
11 99
12 75
13 87
14 88
15 107
16 105
17 131
18 94
19 142
20 139
21 111
22 109
23 144
24 121
25 160
26 151
27 166
28 184
29 161
30 183
31 192
32 198
33 200
34 202
35 221
36 236
37 239
38 226
39 273
40 245
41 233
42 283
43 296
44 256
45 261
46 290
47 276
48 316
49 290
50 276
51 322
52 319
53 275
54 323
55 312
56 289
57 292
58 292
59 300
60 307
61 316
62 292
63 283
64 304
65 270
66 257
67 225
68 252
69 228
70 221
71 196
72 209
73 188
74 197
75 192
76 162
77 144
78 125
79 128
80 111
81 104
82 101
83 81
84 75
85 65
86 71
87 62
88 57
89 46
90 38
91 38
92 27
93 24
94 33
95 21
96 21
97 15
98 11
99 7
100 14
101 9
102 8
103 7
104 2
105 1
106 2
107 6
108 1
109 2
110 3
111 2
115 3
121 1
