N J h mean_R_sq err_mean_R_sq mean_R_gyr_sq err_mean_R_gyr_sq 
600 0.901 0 894.926 19.6711 903.501 13.3998
0 5
1 11
2 10
3 12
4 5
5 8
6 8
7 11
8 13
9 9
10 9
11 8
12 7
13 8
14 10
15 13
16 7
17 16
18 16
19 20
20 11
21 20
22 21
23 25
24 21
25 20
26 28
27 27
28 19
29 21
30 24
31 39
32 30
33 34
34 31
35 36
36 29
37 40
38 34
39 45
40 41
41 45
42 42
43 65
44 42
45 50
46 62
47 63
48 39
49 46
50 77
51 60
52 52
53 49
54 70
55 62
56 53
57 57
58 62
59 66
60 62
61 66
62 74
63 69
64 72
65 54
66 71
67 63
68 76
69 81
70 64
71 62
72 60
73 66
74 70
75 64
76 50
77 59
78 50
79 38
80 44
81 51
82 49
83 42
84 42
85 48
86 41
87 41
88 38
89 44
90 35
91 43
92 35
93 28
94 20
95 22
96 20
97 23
98 28
99 30
100 16
101 20
102 13
103 15
104 9
105 11
106 7
107 8
108 5
109 6
110 5
111 5
112 3
113 2
114 3
115 2
116 1
117 2
119 1
120 2
121 1
122 2
125 1
