N J h mean_R_sq err_mean_R_sq mean_R_gyr_sq err_mean_R_gyr_sq 
400 0.891 0 720.483 2.44803 326.285 0.605594
0 258
1 482
2 503
3 537
4 560
5 529
6 570
7 534
8 616
9 635
10 605
11 683
12 736
13 749
14 824
15 813
16 853
17 955
18 987
19 1037
20 1076
21 1089
22 1107
23 1195
24 1227
25 1256
26 1242
27 1355
28 1330
29 1402
30 1378
31 1462
32 1491
33 1505
34 1468
35 1528
36 1477
37 1503
38 1461
39 1532
40 1493
41 1399
42 1371
43 1325
44 1312
45 1249
46 1168
47 1139
48 1095
49 1013
50 996
51 831
52 841
53 731
54 695
55 597
56 585
57 498
58 448
59 398
60 360
61 303
62 257
63 221
64 208
65 170
66 156
67 121
68 110
69 68
70 66
71 55
72 33
73 37
74 36
75 17
76 14
77 16
78 2
79 4
80 1
81 2
82 1
83 3
84 1
85 1
86 1
88 1
