N J h mean_R_sq err_mean_R_sq mean_R_gyr_sq err_mean_R_gyr_sq 
500 0.904 0 738.903 4.2088 606.084 2.16134
0 58
1 108
2 101
3 117
4 113
5 128
6 110
7 152
8 130
9 133
10 144
11 141
12 154
13 180
14 174
15 185
16 205
17 211
18 215
19 219
20 242
21 284
22 303
23 280
24 289
25 326
26 364
27 318
28 350
29 387
30 426
31 428
32 439
33 444
34 460
35 459
36 536
37 517
38 536
39 586
40 542
41 595
42 603
43 613
44 623
45 692
46 658
47 712
48 640
49 641
50 742
51 684
52 694
53 720
54 715
55 716
56 696
57 666
58 646
59 622
60 614
61 634
62 597
63 568
64 563
65 548
66 534
67 515
68 471
69 449
70 381
71 382
72 392
73 343
74 300
75 316
76 278
77 275
78 239
79 206
80 214
81 157
82 180
83 150
84 131
85 110
86 84
87 74
88 69
89 58
90 66
91 48
92 36
93 28
94 25
95 22
96 14
97 14
98 7
99 7
100 6
101 9
102 5
103 2
104 1
105 1
106 3
112 1
