N J h mean_R_sq err_mean_R_sq mean_R_gyr_sq err_mean_R_gyr_sq 
500 0.882 0 948.856 4.23365 473.716 1.02666
0 162
1 320
2 323
3 326
4 365
5 343
6 340
7 354
8 398
9 374
10 399
11 434
12 439
13 461
14 449
15 474
16 497
17 525
18 551
19 557
20 606
21 600
22 658
23 699
24 750
25 767
26 744
27 843
28 846
29 821
30 824
31 895
32 957
33 921
34 988
35 1026
36 1066
37 1101
38 1053
39 1103
40 1103
41 1071
42 1130
43 1124
44 1099
45 1108
46 1122
47 1150
48 1099
49 1124
50 1069
51 1071
52 982
53 956
54 975
55 880
56 859
57 806
58 816
59 722
60 739
61 692
62 616
63 612
64 563
65 559
66 445
67 446
68 403
69 388
70 308
71 311
72 259
73 252
74 182
75 189
76 157
77 130
78 98
79 86
80 81
81 81
82 69
83 71
84 58
85 29
86 31
87 20
88 20
89 22
90 19
91 10
92 4
93 7
94 4
95 1
96 2
97 1
98 2
99 3
100 2
102 2
