N J h mean_R_sq err_mean_R_sq mean_R_gyr_sq err_mean_R_gyr_sq 
600 0.885 0 1109.05 13.0142 695.992 4.92731
0 5
1 23
2 23
3 19
4 21
5 22
6 25
7 19
8 25
9 22
10 27
11 17
12 30
13 29
14 23
15 33
16 23
17 22
18 38
19 35
20 35
21 40
22 28
23 53
24 45
25 32
26 57
27 52
28 55
29 60
30 53
31 54
32 61
33 63
34 69
35 80
36 67
37 77
38 65
39 77
40 81
41 77
42 93
43 86
44 89
45 90
46 84
47 94
48 89
49 94
50 92
51 94
52 95
53 106
54 120
55 103
56 84
57 86
58 102
59 92
60 94
61 91
62 90
63 108
64 97
65 101
66 82
67 85
68 77
69 71
70 76
71 84
72 70
73 72
74 50
75 67
76 67
77 46
78 54
79 41
80 45
81 35
82 35
83 32
84 28
85 20
86 28
87 27
88 20
89 11
90 20
91 22
92 16
93 14
94 16
95 10
96 7
97 4
98 4
99 4
100 2
101 4
102 3
103 5
104 2
105 2
106 1
107 1
114 1
116 2
