N J h mean_R_sq err_mean_R_sq mean_R_gyr_sq err_mean_R_gyr_sq 
550 0.9 0 847.913 7.79581 702.933 4.02564
0 23
1 43
2 50
3 43
4 47
5 38
6 40
7 56
8 46
9 59
10 63
11 50
12 54
13 53
14 61
15 74
16 66
17 78
18 88
19 95
20 76
21 104
22 92
23 110
24 118
25 120
26 119
27 115
28 111
29 152
30 127
31 147
32 137
33 166
34 179
35 174
36 195
37 189
38 173
39 189
40 193
41 208
42 230
43 212
44 197
45 234
46 239
47 261
48 224
49 250
50 240
51 248
52 260
53 270
54 263
55 261
56 276
57 271
58 254
59 250
60 258
61 263
62 251
63 233
64 218
65 256
66 258
67 268
68 223
69 231
70 199
71 182
72 193
73 182
74 193
75 165
76 157
77 143
78 158
79 120
80 132
81 97
82 118
83 93
84 88
85 92
86 68
87 64
88 79
89 58
90 62
91 43
92 37
93 42
94 30
95 27
96 25
97 20
98 24
99 17
100 13
101 9
102 8
103 5
104 10
105 5
106 4
107 2
108 4
109 4
110 2
112 3
113 1
115 1
