N J h mean_R_sq err_mean_R_sq mean_R_gyr_sq err_mean_R_gyr_sq 
550 0.86 0 1178.68 2.03309 515.612 0.556481
0 646
1 1335
2 1301
3 1332
4 1320
5 1400
6 1458
7 1496
8 1509
9 1579
10 1565
11 1620
12 1636
13 1815
14 1834
15 1836
16 1876
17 2067
18 2127
19 2233
20 2288
21 2422
22 2524
23 2599
24 2629
25 2706
26 2824
27 2876
28 2943
29 3082
30 3304
31 3254
32 3376
33 3517
34 3499
35 3679
36 3732
37 3726
38 3635
39 3814
40 3992
41 3860
42 3829
43 3966
44 3896
45 4002
46 4055
47 4021
48 3940
49 3846
50 3820
51 3778
52 3744
53 3714
54 3401
55 3423
56 3458
57 3314
58 3130
59 3050
60 2887
61 2806
62 2628
63 2558
64 2338
65 2265
66 2121
67 1942
68 1762
69 1651
70 1570
71 1407
72 1283
73 1194
74 1110
75 956
76 879
77 775
78 714
79 621
80 579
81 483
82 403
83 362
84 350
85 286
86 235
87 184
88 172
89 159
90 122
91 86
92 94
93 65
94 56
95 47
96 27
97 39
98 28
99 22
100 20
101 17
102 9
103 9
104 4
105 7
106 4
107 3
108 2
109 1
110 1
111 1
112 1
113 1
