N J h mean_R_sq err_mean_R_sq mean_R_gyr_sq err_mean_R_gyr_sq 
1600 1.485 0 1054.63 27.1966 356.002 3.30796
291 1
311 1
319 1
324 1
330 1
340 1
341 1
344 2
354 2
357 1
359 1
360 1
362 1
364 1
365 2
367 1
369 1
370 1
371 1
373 1
374 4
375 1
377 1
378 1
379 1
381 1
382 1
383 2
384 1
385 1
386 1
387 1
389 1
391 1
392 1
396 3
398 2
399 1
400 1
401 1
402 2
403 2
404 1
405 1
406 2
407 2
408 2
409 1
410 1
412 3
413 2
414 1
416 1
417 2
419 3
420 1
421 1
423 3
424 1
425 2
426 4
427 3
428 1
431 2
433 2
434 2
435 2
436 3
437 1
438 1
439 4
440 1
441 2
442 1
443 2
445 3
446 2
447 3
448 4
449 4
451 2
452 1
453 2
454 3
455 1
456 1
457 3
458 2
459 4
460 4
461 3
462 1
463 2
465 5
466 1
467 3
469 3
470 1
471 2
472 3
473 4
474 3
475 1
476 1
477 4
478 1
479 2
480 5
481 4
482 4
483 2
485 3
486 4
487 3
488 2
490 3
491 5
492 4
493 3
495 4
496 6
497 3
499 4
500 1
501 2
502 2
503 1
504 1
505 5
506 1
507 1
508 5
509 5
510 4
511 1
512 1
513 3
514 1
515 5
516 3
517 1
518 6
519 2
520 1
521 3
522 2
523 4
525 5
526 2
527 3
528 1
529 2
530 3
531 2
532 7
533 3
534 2
535 1
536 4
537 3
538 4
539 2
540 2
541 4
542 5
543 2
544 3
545 1
546 3
547 1
548 6
549 3
550 4
551 4
552 5
553 4
554 1
555 1
556 1
557 2
558 4
559 3
560 1
561 5
562 5
563 3
564 2
565 1
566 5
567 2
568 4
569 5
570 6
571 2
572 6
573 3
574 5
575 4
576 3
577 4
578 3
579 5
580 2
582 7
583 7
584 3
585 2
586 2
587 5
588 3
589 3
590 5
591 1
593 5
595 4
596 6
597 4
598 1
599 2
600 1
601 2
602 1
603 6
604 3
605 4
606 3
607 2
610 4
611 2
612 2
613 3
614 5
615 2
616 2
617 1
618 3
619 5
620 3
621 3
622 4
623 1
624 4
625 2
626 7
627 2
628 3
629 3
630 5
631 3
632 2
633 3
634 3
635 5
636 3
638 6
639 2
640 1
641 1
642 1
644 6
645 4
646 3
647 1
648 1
649 2
650 2
651 5
652 1
653 5
654 2
655 3
656 2
657 3
658 2
659 4
660 4
661 5
662 3
663 1
664 2
665 2
666 1
667 4
668 5
669 4
670 3
671 1
672 1
673 1
674 2
675 6
676 3
678 1
679 2
680 1
681 3
682 2
683 1
684 2
685 2
686 5
687 2
688 2
689 2
690 6
691 3
692 2
693 1
694 2
695 4
696 5
697 2
698 3
699 1
700 3
701 4
702 2
703 3
704 4
705 1
706 1
707 3
708 5
709 1
710 2
711 3
712 3
713 2
714 1
715 4
716 4
717 3
718 4
719 1
720 2
721 3
722 4
723 3
724 4
725 1
726 3
727 1
728 2
729 1
730 5
731 2
732 4
733 1
734 2
735 3
736 1
737 2
738 2
739 2
740 1
741 2
742 2
744 2
745 3
746 2
747 3
748 2
749 1
750 2
751 5
752 1
753 5
754 2
755 1
756 4
757 6
758 4
759 2
760 6
761 3
762 2
763 1
764 1
765 2
766 1
767 2
768 4
769 5
770 2
771 3
772 4
773 2
774 5
775 1
776 4
777 2
778 2
779 1
780 3
781 4
782 1
783 2
784 5
785 6
786 4
787 2
789 3
790 8
791 3
792 4
793 1
794 4
795 2
796 4
797 2
798 1
799 3
800 5
801 5
802 2
803 4
804 4
805 5
806 2
807 2
808 3
809 4
810 4
811 1
812 1
813 6
814 2
815 4
816 4
817 1
818 3
819 3
820 4
821 4
823 5
824 5
825 2
826 3
827 5
828 2
829 2
830 3
831 2
832 1
834 4
835 3
837 4
838 2
840 1
841 1
842 1
843 4
844 1
845 2
846 5
847 3
848 5
849 6
850 1
851 3
852 2
853 2
854 2
855 2
856 5
857 4
858 2
859 5
860 2
861 2
862 4
863 2
864 1
865 4
866 3
867 2
868 4
869 5
870 4
871 3
872 3
873 3
874 3
875 4
876 7
877 3
878 3
879 1
880 3
881 4
882 3
883 4
884 1
885 4
886 4
887 5
888 4
889 1
890 1
891 4
892 1
893 2
894 1
896 3
897 1
898 5
899 1
900 2
901 2
902 3
903 2
904 3
905 6
906 5
907 1
908 4
910 2
911 3
912 4
913 2
914 2
915 5
916 2
917 4
918 4
920 1
921 4
922 4
923 1
924 3
925 1
926 2
928 3
929 3
930 1
931 4
932 3
934 3
935 3
936 5
937 4
938 3
939 4
940 5
941 2
942 6
943 2
944 2
945 5
946 5
947 4
948 1
949 2
950 1
951 1
952 1
953 3
955 1
956 3
958 2
959 4
961 1
962 3
963 2
964 1
965 2
966 1
967 1
968 1
969 2
970 3
971 3
972 4
973 4
974 3
976 1
977 5
978 3
979 2
981 2
982 3
983 3
984 1
985 2
986 4
988 4
989 4
990 4
991 2
992 3
993 4
994 3
995 4
997 1
998 4
999 2
1000 2
1001 3
1002 4
1003 4
1004 2
1005 4
1006 4
1007 5
1008 4
1009 2
1010 2
1011 3
1012 1
1013 2
1014 4
1015 1
1016 5
1017 4
1018 2
1019 2
1020 1
1021 2
1022 1
1023 2
1024 2
1025 2
1026 2
1027 2
1028 3
1029 1
1030 4
1031 4
1032 2
1033 2
1034 3
1035 4
1038 5
1039 2
1040 2
1042 2
1043 3
1044 5
1045 3
1046 2
1047 1
1048 3
1049 1
1050 2
1051 2
1052 1
1053 1
1054 4
1055 2
1056 2
1057 2
1058 3
1059 2
1060 3
1061 4
1062 2
1063 4
1064 4
1065 1
1067 2
1069 6
1070 7
1071 1
1072 1
1073 1
1074 3
1075 1
1076 2
1077 4
1078 5
1079 1
1080 4
1081 2
1082 3
1083 3
1084 2
1085 1
1086 2
1087 1
1088 5
1089 5
1090 4
1091 3
1092 1
1093 3
1094 3
1095 3
1096 3
1097 5
1098 2
1099 2
1101 2
1103 2
1104 5
1105 2
1106 2
1107 4
1108 5
1109 1
1110 2
1111 6
1112 4
1113 3
1114 2
1115 4
1116 3
1117 5
1118 1
1119 3
1120 1
1121 3
1123 2
1124 5
1125 2
1126 3
1127 2
1128 5
1129 3
1130 1
1131 4
1132 2
1133 5
1134 3
1135 1
1136 3
1137 3
1138 3
1139 6
1140 1
1141 4
1142 2
1143 2
1144 8
1145 3
1146 4
1147 2
1148 7
1149 4
1150 3
1151 3
1152 2
1153 2
1154 4
1156 4
1157 4
1159 9
1160 1
1161 1
1162 2
1164 1
1165 1
1166 3
1167 3
1168 4
1169 8
1170 2
1171 2
1172 2
1173 2
1174 2
1175 4
1176 1
1177 2
1178 1
1179 2
1180 4
1181 1
1182 2
1183 2
1185 7
1186 3
1187 3
1188 5
1189 1
1190 4
1191 4
1192 2
1193 3
1194 1
1195 3
1196 4
1197 3
1198 3
1199 2
1200 3
1202 2
1203 2
1204 2
1205 3
1206 1
1207 2
1208 2
1209 1
1210 5
1211 4
1212 6
1213 4
1214 3
1215 1
1217 3
1219 2
1220 3
1221 2
1222 5
1223 1
1224 1
1225 4
1226 2
1227 3
1228 3
1229 2
1230 3
1231 3
1232 4
1233 3
1234 4
1235 4
1236 2
1237 2
1238 5
1240 3
1242 1
1243 2
1244 3
1245 5
1246 2
1247 5
1248 2
1249 1
1250 1
1251 3
1252 2
1253 5
1254 3
1255 4
1256 4
1257 3
1258 2
1259 2
1260 3
1261 2
1262 2
1263 1
1264 6
1265 4
1266 4
1267 3
1268 2
1269 3
1270 3
1271 4
1272 7
1273 4
1274 4
1275 2
1276 2
1277 5
1279 3
1280 2
1281 1
1282 2
1283 1
1284 1
1285 2
1286 2
1287 3
1289 2
1290 4
1291 1
1292 3
1293 1
1294 3
1295 1
1296 5
1297 4
1298 1
1299 1
1300 6
1301 5
1302 4
1303 4
1304 3
1305 4
1306 5
1307 3
1308 3
1309 4
1310 2
1311 6
1312 5
1313 2
1314 1
1315 5
1316 2
1317 5
1318 4
1321 4
1322 1
1323 4
1324 2
1325 2
1326 2
1328 1
1329 5
1330 4
1331 4
1332 2
1333 4
1334 1
1335 2
1336 2
1337 3
1339 3
1340 3
1341 5
1342 3
1343 3
1344 4
1345 4
1346 2
1347 3
1348 6
1349 5
1350 4
1351 5
1352 1
1353 1
1354 3
1355 2
1356 2
1357 2
1358 4
1359 5
1360 2
1361 4
1362 5
1363 3
1364 1
1365 2
1366 4
1367 2
1368 5
1369 1
1370 5
1371 1
1372 2
1373 4
1374 6
1375 2
1376 8
1377 3
1378 3
1380 4
1381 1
1382 2
1383 5
1384 6
1385 2
1386 3
1387 3
1388 2
1389 7
1390 2
1391 4
1392 1
1393 3
1394 8
1395 3
1396 10
1397 2
1398 1
1399 3
1400 4
1401 5
1402 4
1403 4
1404 4
1405 3
1406 3
1407 4
1408 5
1409 4
1410 1
1411 5
1412 4
1413 3
1414 3
1415 2
1416 3
1417 3
1418 5
1419 2
1420 3
1421 5
1422 3
1423 1
1424 1
1425 1
1426 7
1427 2
1429 2
1430 4
1431 2
1432 2
1433 2
1434 2
1435 8
1436 4
1437 3
1438 6
1439 3
1440 1
1441 3
1443 2
1444 2
1445 3
1446 5
1447 2
1448 3
1449 2
1450 5
1451 2
1452 6
1453 4
1454 4
1455 2
1456 3
1457 3
1459 2
1460 2
1461 2
1462 3
1463 2
1464 2
1465 2
1466 6
1467 5
1468 2
1469 1
1470 2
1471 2
1472 1
1473 2
1474 4
1475 4
1476 2
1477 4
1478 3
1479 2
1480 4
1481 4
1482 2
1483 2
1484 5
1485 2
1487 2
1488 4
1489 1
1490 5
1491 8
1492 1
1493 3
1494 4
1495 5
1496 5
1497 4
1498 4
1499 1
1500 3
1501 1
1502 4
1503 2
1504 1
1505 4
1506 2
1507 5
1508 2
1509 4
1510 2
1511 3
1512 4
1513 3
1515 1
1516 3
1517 2
1518 4
1519 1
1520 6
1521 3
1522 1
1523 3
1524 4
1526 1
1527 4
1529 2
1530 2
1531 1
1532 3
1533 1
1534 1
1535 3
1536 4
1537 3
1538 5
1539 2
1540 2
1541 1
1542 2
1543 2
1544 6
1545 1
1546 2
1547 2
1548 3
1549 4
1550 6
1551 3
1552 3
1554 4
1555 5
1556 4
1557 1
1558 1
1559 1
1560 2
1561 2
1562 3
1563 2
1564 2
1565 1
1566 4
1567 2
1568 6
1569 4
1570 4
1571 1
1572 1
1573 2
1575 2
1576 1
1577 1
1578 1
1580 1
1581 2
1582 1
1584 1
1585 1
1586 1
1588 1
1589 2
1590 4
1591 3
1592 1
1594 2
1595 1
1597 1
1599 1
1600 1
1601 6
1603 2
1604 1
1606 1
1607 3
1608 2
1612 2
1613 1
1615 2
1617 1
1619 1
1627 1
1628 1
1632 1
1635 1
1636 1
1638 1
1641 1
1645 1
1650 1
1654 1
1657 1
1659 1
