N J h mean_R_sq err_mean_R_sq mean_R_gyr_sq err_mean_R_gyr_sq 
4900 1.47 0 5304.7 2585.49 1329.08 312.632
537 1
541 1
542 1
543 2
545 2
546 1
548 2
549 2
550 5
551 2
552 3
553 5
554 7
555 6
556 4
557 10
558 5
559 5
560 9
561 8
562 11
563 13
564 10
565 10
566 14
567 19
568 19
569 25
570 22
571 37
572 23
573 35
574 31
575 43
576 37
577 40
578 45
579 50
580 51
581 62
582 37
583 48
584 55
585 51
586 45
587 62
588 57
589 49
590 38
591 58
592 64
593 49
594 46
595 48
596 39
597 46
598 41
599 41
600 37
601 46
602 43
603 33
604 41
605 27
606 32
607 32
608 35
609 18
610 19
611 21
612 31
613 22
614 23
615 23
616 13
617 13
618 11
619 12
620 16
621 11
622 10
623 8
624 8
625 7
626 11
627 4
628 7
629 5
630 5
631 3
632 1
633 1
634 1
635 5
637 2
638 3
643 1
649 2
736 1
769 1
846 1
872 1
