N J h mean_R_sq err_mean_R_sq mean_R_gyr_sq err_mean_R_gyr_sq 
2500 1.311 0 23034.8 444.632 3490.37 44.6896
763 1
765 1
767 1
788 1
794 1
796 1
799 1
805 1
813 1
814 1
816 1
823 2
824 1
825 2
827 1
830 4
831 2
832 1
834 1
835 3
836 2
837 3
838 1
839 1
840 2
842 2
843 2
844 2
845 3
846 3
848 3
849 4
850 1
853 4
854 3
855 4
856 3
857 4
859 2
860 3
861 9
862 1
863 2
864 2
865 2
866 8
867 6
868 6
869 5
870 3
871 3
872 3
873 2
874 5
875 7
876 8
877 7
878 4
879 4
880 2
881 6
882 6
883 10
884 9
885 5
886 9
887 6
888 7
889 8
890 8
891 12
892 7
893 2
894 6
895 5
896 6
897 7
898 11
899 9
900 9
901 11
902 11
903 13
904 11
905 11
906 16
907 8
908 15
909 13
910 14
911 14
912 18
913 14
914 11
915 18
916 11
917 21
918 19
919 7
920 21
921 17
922 12
923 15
924 17
925 16
926 15
927 15
928 13
929 13
930 16
931 20
932 17
933 25
934 25
935 20
936 21
937 22
938 20
939 22
940 17
941 21
942 28
943 21
944 19
945 21
946 24
947 20
948 27
949 24
950 29
951 27
952 26
953 28
954 28
955 22
956 33
957 25
958 32
959 29
960 35
961 30
962 31
963 31
964 27
965 29
966 25
967 26
968 26
969 24
970 30
971 37
972 24
973 32
974 23
975 31
976 24
977 25
978 36
979 23
980 32
981 28
982 31
983 28
984 29
985 25
986 31
987 35
988 27
989 31
990 31
991 22
992 30
993 33
994 29
995 21
996 19
997 29
998 30
999 28
1000 22
1001 30
1002 34
1003 28
1004 30
1005 24
1006 30
1007 35
1008 33
1009 35
1010 21
1011 28
1012 24
1013 28
1014 23
1015 35
1016 30
1017 26
1018 31
1019 30
1020 22
1021 23
1022 24
1023 33
1024 29
1025 24
1026 27
1027 33
1028 36
1029 25
1030 32
1031 29
1032 24
1033 35
1034 16
1035 30
1036 31
1037 21
1038 25
1039 23
1040 26
1041 21
1042 23
1043 24
1044 23
1045 24
1046 20
1047 13
1048 29
1049 21
1050 17
1051 21
1052 21
1053 26
1054 13
1055 20
1056 26
1057 19
1058 28
1059 14
1060 27
1061 18
1062 19
1063 25
1064 18
1065 20
1066 21
1067 12
1068 22
1069 21
1070 18
1071 19
1072 15
1073 24
1074 18
1075 13
1076 8
1077 23
1078 14
1079 22
1080 16
1081 14
1082 14
1083 14
1084 17
1085 14
1086 14
1087 9
1088 19
1089 12
1090 14
1091 11
1092 10
1093 8
1094 13
1095 17
1096 8
1097 12
1098 10
1099 13
1100 12
1101 5
1102 6
1103 5
1104 10
1105 12
1106 8
1107 5
1108 8
1109 6
1110 11
1111 6
1112 6
1113 11
1114 9
1115 7
1116 2
1117 8
1118 6
1119 9
1120 1
1121 4
1122 7
1123 2
1124 6
1125 7
1126 4
1127 7
1128 9
1129 6
1130 6
1131 2
1132 4
1133 4
1134 5
1135 4
1136 1
1137 5
1138 7
1139 2
1140 3
1141 5
1142 2
1143 2
1144 6
1145 3
1146 1
1147 4
1148 2
1149 2
1150 4
1151 1
1152 1
1153 2
1154 5
1155 3
1156 2
1157 3
1158 2
1159 4
1160 3
1161 3
1162 1
1163 1
1164 1
1165 2
1166 1
1167 1
1168 2
1169 3
1170 1
1171 1
1173 2
1174 1
1175 1
1177 1
1178 1
1179 3
1181 2
1184 1
1191 1
1192 1
1200 1
1202 1
1205 1
1206 1
1211 1
