N J h mean_R_sq err_mean_R_sq mean_R_gyr_sq err_mean_R_gyr_sq 
3600 1.31 0 41271.5 1698.51 5983.7 204.978
841 1
842 1
848 1
849 1
852 1
854 1
856 1
857 3
858 1
860 1
863 3
868 1
872 1
873 1
875 1
876 2
882 1
884 1
888 3
889 4
890 1
891 3
892 3
894 2
895 3
896 3
897 1
898 1
899 3
900 5
901 3
902 3
903 2
904 3
905 2
906 6
907 1
908 1
909 3
910 2
911 4
912 5
913 2
914 4
915 6
916 3
917 4
918 4
919 6
920 1
922 6
923 2
924 4
925 7
926 6
927 2
928 7
929 7
930 4
931 9
932 8
933 7
934 3
935 4
936 4
937 8
938 2
939 8
940 7
941 3
942 8
943 11
944 6
945 8
946 6
947 6
948 3
949 8
950 5
951 10
952 8
953 6
954 12
955 6
956 9
957 7
958 7
959 7
960 10
961 12
962 16
963 13
964 12
965 13
966 6
967 9
968 4
969 4
970 16
971 12
972 12
973 8
974 6
975 13
976 12
977 14
978 8
979 8
980 9
981 8
982 7
983 13
984 12
985 6
986 11
987 14
988 11
989 12
990 11
991 9
992 18
993 9
994 10
995 5
996 10
997 12
998 13
999 13
1000 14
1001 12
1002 10
1003 11
1004 12
1005 9
1006 10
1007 5
1008 13
1009 9
1010 8
1011 11
1012 10
1013 11
1014 19
1015 11
1016 9
1017 16
1018 8
1019 12
1020 4
1021 10
1022 7
1023 12
1024 5
1025 19
1026 11
1027 8
1028 10
1029 10
1030 17
1031 10
1032 14
1033 9
1034 11
1035 7
1036 11
1037 12
1038 12
1039 8
1040 13
1041 5
1042 9
1043 17
1044 11
1045 10
1046 4
1047 8
1048 11
1049 9
1050 7
1051 8
1052 3
1053 5
1054 7
1055 3
1056 4
1057 7
1058 7
1059 4
1060 12
1061 5
1062 4
1063 7
1064 6
1065 6
1066 5
1067 8
1068 9
1069 9
1070 6
1071 12
1072 6
1073 7
1074 3
1075 4
1076 4
1077 4
1078 4
1079 5
1080 7
1081 5
1082 4
1083 3
1084 4
1085 1
1086 3
1087 3
1088 3
1089 2
1091 5
1092 5
1094 3
1095 4
1096 5
1097 1
1098 4
1099 1
1100 2
1101 2
1103 1
1104 1
1105 3
1108 2
1110 4
1111 2
1113 2
1115 1
1116 3
1117 1
1118 3
1120 1
1121 1
1123 1
1125 1
1126 1
1128 1
1129 1
1130 1
1133 4
1134 1
1137 1
1138 2
1142 1
1143 1
1148 1
1168 1
1175 1
1205 1
