N J h mean_R_sq err_mean_R_sq mean_R_gyr_sq err_mean_R_gyr_sq 
2916 1.323 0 25147.2 321.257 3821.3 35.9203
1000 1219
1001 1107
1002 957
1003 886
1004 754
1005 721
1006 597
1007 491
1008 466
1009 428
1010 390
1011 394
1012 307
1013 286
1014 227
1015 212
1016 197
1017 175
1018 158
1019 155
1020 117
1021 116
1022 84
1023 83
1024 98
1025 72
1026 63
1027 61
1028 51
1029 47
1030 32
1031 35
1032 42
1033 39
1034 25
1035 18
1036 21
1037 20
1038 11
1039 16
1040 20
1041 10
1042 13
1043 11
1044 5
1045 5
1046 6
1047 7
1048 1
1049 3
1050 8
1051 3
1052 1
1053 1
1054 1
1055 6
1057 3
1058 3
1059 3
1061 1
1062 1
1063 1
1065 1
1067 1
1068 2
1069 1
1070 1
1077 1
1097 1
