N J h mean_R_sq err_mean_R_sq mean_R_gyr_sq err_mean_R_gyr_sq 
4900 1.41 0 5322.25 691.7 1458.96 82.6443
1000 140
1001 112
1002 125
1003 126
1004 113
1005 108
1006 110
1007 129
1008 109
1009 130
1010 119
1011 108
1012 100
1013 87
1014 104
1015 110
1016 113
1017 105
1018 112
1019 114
1020 97
1021 119
1022 106
1023 88
1024 112
1025 92
1026 91
1027 87
1028 85
1029 94
1030 75
1031 100
1032 93
1033 106
1034 82
1035 75
1036 95
1037 77
1038 67
1039 80
1040 84
1041 71
1042 88
1043 80
1044 56
1045 85
1046 82
1047 85
1048 74
1049 70
1050 79
1051 55
1052 66
1053 66
1054 59
1055 69
1056 68
1057 70
1058 64
1059 57
1060 66
1061 67
1062 64
1063 55
1064 60
1065 57
1066 47
1067 58
1068 56
1069 50
1070 43
1071 61
1072 42
1073 52
1074 55
1075 59
1076 57
1077 40
1078 47
1079 45
1080 52
1081 41
1082 53
1083 29
1084 51
1085 42
1086 48
1087 32
1088 37
1089 41
1090 44
1091 44
1092 40
1093 31
1094 39
1095 35
1096 41
1097 49
1098 36
1099 31
1100 37
1101 43
1102 35
1103 28
1104 34
1105 28
1106 33
1107 32
1108 32
1109 26
1110 33
1111 26
1112 27
1113 32
1114 17
1115 36
1116 27
1117 27
1118 24
1119 33
1120 31
1121 33
1122 26
1123 36
1124 20
1125 18
1126 20
1127 23
1128 20
1129 24
1130 19
1131 16
1132 21
1133 20
1134 18
1135 17
1136 10
1137 15
1138 19
1139 12
1140 18
1141 25
1142 19
1143 12
1144 14
1145 12
1146 9
1147 11
1148 18
1149 14
1150 16
1151 14
1152 7
1153 10
1154 13
1155 17
1156 18
1157 17
1158 6
1159 12
1160 8
1161 8
1162 12
1163 8
1164 11
1165 9
1166 11
1167 14
1168 9
1169 10
1170 9
1171 7
1172 15
1173 3
1174 7
1175 10
1176 5
1177 3
1178 7
1179 6
1180 6
1181 6
1182 7
1183 5
1184 5
1185 6
1186 3
1187 7
1188 3
1189 9
1190 6
1191 5
1192 3
1193 1
1194 8
1195 4
1196 3
1197 4
1198 3
1199 3
1200 1
1201 5
1202 4
1203 3
1204 1
1205 4
1207 2
1208 1
1209 4
1210 5
1212 3
1213 2
1215 2
1216 3
1217 1
1218 4
1219 2
1220 3
1222 1
1224 2
1225 2
1227 3
1229 3
1231 1
1232 2
1233 2
1234 1
1236 2
1237 2
1238 3
1239 2
1241 1
1243 2
1244 2
1245 1
1246 1
1247 2
1248 2
1250 1
1252 2
1253 1
1255 1
1256 1
1258 1
1262 1
1266 1
1270 1
1275 1
1289 1
1291 1
