N J h mean_R_sq err_mean_R_sq mean_R_gyr_sq err_mean_R_gyr_sq 
1600 1.38 0 4113.26 428.04 798.534 47.6586
711 1
728 1
732 1
736 2
739 1
741 1
743 1
747 1
749 2
750 1
752 1
754 1
756 1
757 1
759 1
760 1
762 2
763 2
764 3
765 1
769 1
770 1
771 2
773 3
774 1
776 3
777 2
778 2
780 4
781 3
782 4
783 1
786 1
788 3
789 1
790 2
792 2
793 4
794 1
795 4
796 1
797 1
798 2
799 2
801 3
802 3
803 3
804 2
805 3
806 3
807 4
808 4
809 4
810 5
811 3
812 4
813 3
815 2
816 3
817 3
818 1
819 6
820 3
821 4
822 2
823 5
825 1
826 2
827 2
828 5
829 2
830 4
831 3
832 6
833 3
834 1
835 3
837 2
838 1
839 5
840 2
841 3
842 1
843 3
844 1
846 2
847 5
848 5
849 1
850 2
851 7
852 3
853 4
854 2
855 4
856 1
860 2
861 2
862 4
863 4
864 3
865 3
866 3
867 3
868 2
871 2
873 1
878 1
879 1
880 2
881 1
882 1
883 1
885 1
886 2
887 2
888 2
891 1
895 2
897 1
900 2
901 1
903 2
904 2
908 1
909 1
918 1
919 2
921 1
930 1
931 1
974 1
