N J h mean_R_sq err_mean_R_sq mean_R_gyr_sq err_mean_R_gyr_sq 
900 1.305 0 5750.04 262.711 889.358 23.2314
1000 15
1001 12
1002 14
1003 9
1004 9
1005 15
1006 10
1007 8
1008 9
1009 9
1010 13
1011 10
1012 11
1013 6
1014 7
1015 6
1016 9
1017 5
1018 9
1019 8
1020 2
1021 5
1022 1
1023 8
1025 3
1026 4
1027 4
1028 5
1029 6
1030 1
1031 4
1032 3
1033 1
1034 3
1035 2
1036 3
1037 2
1038 3
1039 4
1040 2
1042 3
1043 3
1044 4
1045 1
1047 1
1051 1
1052 4
1053 1
1055 2
1059 1
1062 1
1063 1
1064 2
1066 2
1067 2
1068 1
1069 1
1076 1
1078 1
1081 1
1084 1
1099 1
1109 1
1111 1
1122 1
