N J h mean_R_sq err_mean_R_sq mean_R_gyr_sq err_mean_R_gyr_sq 
3600 1.42 0 3885.77 700.52 1058.67 95.6417
1000 40
1001 37
1002 47
1003 45
1004 44
1005 36
1006 41
1007 39
1008 42
1009 42
1010 44
1011 37
1012 33
1013 42
1014 35
1015 33
1016 40
1017 33
1018 26
1019 44
1020 50
1021 40
1022 38
1023 41
1024 30
1025 41
1026 34
1027 29
1028 41
1029 40
1030 31
1031 38
1032 39
1033 26
1034 41
1035 40
1036 33
1037 44
1038 30
1039 35
1040 47
1041 46
1042 36
1043 30
1044 38
1045 34
1046 38
1047 37
1048 32
1049 33
1050 29
1051 34
1052 40
1053 37
1054 27
1055 38
1056 38
1057 38
1058 35
1059 33
1060 38
1061 35
1062 30
1063 39
1064 27
1065 33
1066 29
1067 29
1068 31
1069 33
1070 32
1071 29
1072 37
1073 27
1074 28
1075 20
1076 30
1077 30
1078 29
1079 31
1080 37
1081 36
1082 27
1083 35
1084 27
1085 25
1086 29
1087 29
1088 30
1089 24
1090 19
1091 23
1092 21
1093 28
1094 27
1095 23
1096 26
1097 27
1098 31
1099 35
1100 31
1101 27
1102 26
1103 31
1104 18
1105 31
1106 31
1107 23
1108 23
1109 24
1110 24
1111 23
1112 23
1113 24
1114 19
1115 29
1116 33
1117 21
1118 15
1119 24
1120 25
1121 18
1122 30
1123 20
1124 18
1125 20
1126 22
1127 22
1128 19
1129 16
1130 23
1131 28
1132 19
1133 15
1134 33
1135 20
1136 23
1137 15
1138 15
1139 17
1140 18
1141 16
1142 20
1143 13
1144 15
1145 16
1146 16
1147 16
1148 19
1149 18
1150 24
1151 10
1152 11
1153 8
1154 11
1155 15
1156 13
1157 10
1158 10
1159 17
1160 15
1161 16
1162 9
1163 11
1164 11
1165 9
1166 14
1167 19
1168 9
1169 19
1170 14
1171 15
1172 13
1173 16
1174 5
1175 11
1176 10
1177 8
1178 9
1179 10
1180 18
1181 8
1182 12
1183 11
1184 14
1185 16
1186 7
1187 8
1188 8
1189 6
1190 5
1191 11
1192 7
1193 9
1194 9
1195 9
1196 9
1197 7
1198 7
1199 7
1200 10
1201 8
1202 5
1203 6
1204 2
1205 6
1206 4
1207 8
1208 6
1209 7
1210 8
1211 3
1212 7
1213 5
1214 8
1215 9
1216 6
1217 3
1218 2
1219 8
1220 10
1221 7
1222 6
1223 3
1224 2
1225 4
1226 1
1227 7
1228 4
1229 4
1230 2
1231 7
1232 4
1233 4
1234 4
1235 5
1236 6
1237 3
1238 2
1239 6
1240 3
1241 5
1242 2
1243 2
1244 2
1245 2
1246 1
1247 3
1248 2
1249 3
1250 2
1251 6
1253 1
1254 2
1255 2
1257 1
1258 4
1259 2
1260 3
1261 2
1262 2
1263 4
1264 2
1265 3
1266 1
1268 3
1269 2
1270 1
1272 2
1273 1
1274 2
1275 1
1276 1
1277 1
1278 1
1279 2
1280 2
1281 1
1282 1
1283 2
1284 2
1285 1
1286 2
1287 2
1289 2
1290 3
1292 3
1293 2
1294 1
1300 1
1301 2
1302 2
1303 1
1304 1
1305 1
1306 1
1307 1
1310 3
1313 1
1315 1
1322 1
1324 1
1329 1
1338 1
1346 1
1367 1
1381 1
