N J h mean_R_sq err_mean_R_sq mean_R_gyr_sq err_mean_R_gyr_sq 
3600 1.38 0 9579.92 1830.64 1934.16 301.742
670 1
695 1
705 1
709 2
713 2
714 1
715 1
717 1
720 1
721 2
722 2
723 1
724 1
725 5
726 2
727 2
728 1
729 6
730 2
731 2
732 6
733 4
734 3
735 3
736 6
737 6
738 7
739 5
740 9
741 8
742 6
743 5
744 9
745 7
746 12
747 13
748 10
749 13
750 12
751 9
752 17
753 18
754 14
755 11
756 17
757 24
758 16
759 22
760 16
761 21
762 22
763 18
764 28
765 29
766 28
767 28
768 26
769 38
770 24
771 35
772 49
773 34
774 39
775 36
776 32
777 46
778 38
779 45
780 45
781 59
782 49
783 45
784 58
785 45
786 50
787 59
788 55
789 61
790 40
791 52
792 55
793 51
794 61
795 52
796 63
797 64
798 55
799 45
800 48
801 65
802 65
803 59
804 59
805 72
806 44
807 56
808 52
809 51
810 51
811 51
812 44
813 57
814 48
815 65
816 49
817 61
818 62
819 51
820 39
821 47
822 44
823 32
824 37
825 56
826 49
827 48
828 33
829 38
830 45
831 45
832 33
833 32
834 32
835 29
836 22
837 30
838 35
839 24
840 30
841 28
842 16
843 29
844 36
845 22
846 19
847 18
848 17
849 18
850 21
851 22
852 13
853 16
854 15
855 5
856 17
857 12
858 11
859 12
860 8
861 14
862 8
863 7
864 8
865 3
866 5
867 5
868 7
869 9
870 5
871 5
872 3
873 4
874 2
875 1
876 7
877 2
878 3
879 1
880 1
881 1
882 1
883 1
884 2
885 2
886 1
887 1
888 5
889 1
890 1
893 1
896 1
897 2
900 1
901 1
902 1
904 1
912 2
913 1
921 1
924 1
