N J h mean_R_sq err_mean_R_sq mean_R_gyr_sq err_mean_R_gyr_sq 
3600 1.41 0 3880.9 227.595 1086.63 37.9806
605 1
617 1
623 1
626 1
628 2
629 1
630 1
631 1
632 1
633 2
634 2
636 1
638 2
639 3
640 3
642 1
643 5
645 2
646 4
647 3
648 6
649 2
650 7
651 6
652 6
653 12
654 9
655 11
656 16
657 7
658 11
659 12
660 25
661 25
662 17
663 20
664 18
665 31
666 37
667 21
668 30
669 29
670 39
671 31
672 34
673 31
674 39
675 40
676 41
677 54
678 45
679 51
680 45
681 57
682 61
683 63
684 59
685 64
686 66
687 65
688 78
689 99
690 78
691 91
692 66
693 106
694 99
695 102
696 97
697 100
698 84
699 96
700 108
701 113
702 108
703 136
704 120
705 121
706 128
707 125
708 141
709 94
710 126
711 113
712 113
713 115
714 130
715 132
716 125
717 125
718 114
719 110
720 131
721 111
722 124
723 98
724 124
725 98
726 91
727 103
728 109
729 114
730 93
731 125
732 104
733 91
734 82
735 89
736 88
737 78
738 83
739 73
740 73
741 63
742 66
743 61
744 59
745 59
746 51
747 53
748 61
749 41
750 35
751 44
752 54
753 54
754 37
755 43
756 33
757 33
758 28
759 26
760 34
761 24
762 26
763 27
764 21
765 14
766 25
767 19
768 23
769 16
770 17
771 14
772 8
773 14
774 16
775 13
776 9
777 9
778 9
779 6
780 10
781 9
782 6
783 5
784 6
785 6
786 6
787 3
788 6
789 7
790 3
791 3
792 3
793 1
794 1
795 2
796 3
797 1
798 3
799 2
800 1
801 2
802 1
804 2
805 1
806 1
809 1
810 1
813 1
819 1
