N J h mean_R_sq err_mean_R_sq mean_R_gyr_sq err_mean_R_gyr_sq 
1225 1.405 0 1924.39 56.0268 434.345 6.19952
1000 11
1001 9
1002 12
1003 12
1004 7
1005 12
1006 9
1007 5
1008 11
1009 9
1010 9
1011 5
1012 12
1013 11
1014 11
1015 10
1016 7
1017 7
1018 10
1019 6
1020 9
1021 9
1022 8
1023 7
1024 6
1025 5
1026 6
1027 7
1028 11
1029 9
1030 7
1031 7
1032 7
1033 10
1034 6
1035 5
1036 8
1037 8
1038 10
1039 15
1040 8
1041 13
1042 10
1043 7
1044 7
1045 6
1046 7
1047 7
1048 8
1049 4
1050 6
1051 7
1052 7
1053 8
1054 10
1055 7
1056 11
1057 4
1058 5
1059 9
1060 8
1061 6
1062 5
1063 7
1064 7
1065 9
1066 6
1067 5
1068 8
1069 8
1070 11
1071 10
1072 7
1073 4
1074 6
1075 7
1076 5
1077 10
1078 3
1079 7
1080 2
1081 9
1082 8
1083 2
1084 7
1085 11
1086 8
1087 7
1088 5
1089 6
1090 9
1091 5
1092 5
1093 2
1094 14
1095 5
1096 7
1097 2
1098 8
1099 8
1100 2
1101 2
1102 3
1103 9
1104 2
1105 10
1106 6
1107 3
1108 4
1109 5
1110 2
1111 3
1112 8
1113 3
1114 6
1115 7
1116 5
1117 3
1118 6
1119 3
1120 6
1121 4
1122 5
1123 4
1124 7
1125 3
1126 3
1127 4
1128 3
1129 2
1130 2
1131 5
1132 5
1133 4
1134 2
1135 5
1136 1
1137 6
1138 5
1139 4
1141 7
1142 2
1143 2
1144 5
1145 2
1146 4
1147 1
1148 4
1149 7
1150 3
1151 3
1152 3
1153 1
1154 3
1155 2
1156 2
1157 1
1158 1
1160 4
1161 2
1162 1
1163 4
1164 2
1165 3
1166 4
1167 4
1168 3
1169 4
1171 3
1172 7
1173 4
1174 3
1175 3
1177 1
1178 3
1179 2
1180 1
1181 5
1182 2
1183 2
1184 1
1185 7
1186 3
1187 1
1188 1
1190 3
1191 2
1192 3
1193 3
1195 1
1197 4
1198 1
1199 1
1201 3
1202 4
1203 2
1206 3
1207 1
1208 1
1209 2
1210 3
1211 4
1212 2
1214 1
1215 2
1216 1
1217 2
1218 1
1219 1
1220 3
1221 1
1222 1
1224 1
1225 3
1226 4
1231 4
1236 1
1240 3
1241 2
1243 1
1244 3
1245 1
1248 1
1249 1
1251 1
1252 2
1254 1
1255 2
1256 2
1257 1
1259 1
1261 1
1262 1
1263 1
1264 2
1268 1
1272 1
1274 1
1275 2
1276 1
1277 2
1279 1
1281 1
1282 1
1286 2
1287 2
1288 1
1296 1
1297 1
1303 1
1304 1
1309 1
1312 1
1315 1
1320 1
1321 1
1322 1
1325 2
1327 1
1336 1
1337 1
1353 1
1420 1
