N J h mean_R_sq err_mean_R_sq mean_R_gyr_sq err_mean_R_gyr_sq 
1600 1.365 0 5750.95 144.454 988.373 15.0447
712 1
733 1
744 1
747 1
749 1
751 1
753 1
756 1
758 1
759 1
760 1
764 2
765 1
766 1
767 1
769 1
770 2
771 1
772 1
773 1
774 1
776 2
777 1
778 2
779 2
780 4
781 3
782 2
783 2
784 2
785 2
786 2
787 1
788 5
789 4
790 4
791 4
792 5
793 5
794 3
795 4
796 4
797 4
798 2
799 5
800 4
801 6
802 5
803 4
804 5
805 9
806 5
807 2
808 4
809 3
810 8
811 5
812 7
813 8
814 7
815 5
816 1
817 1
818 6
819 8
820 10
821 7
822 9
823 7
824 8
825 11
826 8
827 12
828 13
829 8
830 8
831 20
832 12
833 10
834 10
835 12
836 10
837 11
838 11
839 12
840 11
841 12
842 17
843 13
844 15
845 17
846 5
847 14
848 13
849 15
850 18
851 20
852 11
853 15
854 10
855 18
856 12
857 15
858 22
859 9
860 23
861 12
862 20
863 14
864 24
865 17
866 13
867 17
868 10
869 19
870 19
871 18
872 16
873 16
874 16
875 13
876 15
877 11
878 7
879 15
880 16
881 11
882 15
883 14
884 8
885 14
886 13
887 13
888 12
889 20
890 7
891 12
892 17
893 13
894 18
895 16
896 6
897 10
898 17
899 12
900 11
901 11
902 10
903 10
904 9
905 12
906 15
907 8
908 11
909 10
910 5
911 10
912 6
913 16
914 6
915 13
916 9
917 11
918 7
919 9
920 15
921 13
922 10
923 2
924 9
925 7
926 8
927 8
928 4
929 7
930 7
931 4
932 9
933 3
934 4
935 8
936 9
937 2
938 5
939 2
940 4
941 4
942 6
943 4
944 2
945 3
946 5
947 2
948 2
949 3
950 1
951 3
952 3
954 4
955 3
956 2
957 2
958 2
959 3
963 1
964 4
965 3
966 1
967 2
968 1
969 2
970 1
972 3
973 1
977 3
978 1
979 1
980 2
982 1
988 1
989 1
994 2
996 2
1014 1
1017 1
1024 1
