N J h mean_R_sq err_mean_R_sq mean_R_gyr_sq err_mean_R_gyr_sq 
2500 1.323 0 19829.1 263.396 3054.31 32.3339
695 1
713 1
745 1
752 1
754 1
755 1
758 1
761 1
763 2
769 2
771 1
773 1
775 1
776 2
777 1
781 2
783 2
785 1
787 2
790 1
791 1
793 2
794 1
795 1
796 1
798 2
799 3
801 2
802 2
803 1
804 1
805 3
806 4
807 2
809 1
810 7
811 1
812 1
814 2
815 3
816 1
817 2
818 1
819 4
820 3
821 6
822 2
823 2
824 3
825 5
826 6
827 7
828 3
829 6
830 3
831 4
832 10
833 4
834 1
835 5
836 8
837 4
838 6
839 4
840 5
841 9
842 3
843 9
844 5
845 12
846 5
847 6
848 5
849 4
850 9
851 11
852 9
853 11
854 9
855 9
856 8
857 6
858 4
859 8
860 17
861 6
862 15
863 12
864 16
865 12
866 6
867 10
868 4
869 18
870 7
871 10
872 11
873 15
874 19
875 19
876 16
877 15
878 18
879 19
880 20
881 16
882 17
883 18
884 21
885 9
886 13
887 19
888 19
889 12
890 16
891 15
892 12
893 25
894 19
895 20
896 25
897 26
898 16
899 22
900 27
901 33
902 27
903 34
904 23
905 26
906 26
907 31
908 31
909 36
910 43
911 33
912 28
913 39
914 27
915 32
916 40
917 28
918 37
919 31
920 37
921 34
922 24
923 27
924 32
925 42
926 32
927 35
928 34
929 37
930 46
931 33
932 43
933 39
934 39
935 37
936 41
937 47
938 46
939 36
940 41
941 47
942 39
943 39
944 44
945 39
946 64
947 53
948 50
949 59
950 50
951 41
952 57
953 48
954 50
955 55
956 48
957 58
958 47
959 55
960 36
961 47
962 49
963 66
964 58
965 53
966 52
967 53
968 58
969 50
970 61
971 49
972 57
973 49
974 69
975 59
976 55
977 63
978 41
979 63
980 51
981 68
982 56
983 60
984 66
985 56
986 56
987 70
988 63
989 52
990 57
991 59
992 55
993 66
994 58
995 59
996 66
997 65
998 61
999 67
1000 62
1001 75
1002 63
1003 57
1004 66
1005 75
1006 62
1007 66
1008 65
1009 66
1010 56
1011 70
1012 55
1013 55
1014 56
1015 61
1016 55
1017 65
1018 69
1019 76
1020 57
1021 52
1022 57
1023 62
1024 58
1025 56
1026 53
1027 53
1028 69
1029 43
1030 50
1031 66
1032 63
1033 46
1034 54
1035 43
1036 58
1037 57
1038 45
1039 64
1040 49
1041 47
1042 65
1043 41
1044 54
1045 58
1046 42
1047 56
1048 60
1049 56
1050 58
1051 42
1052 41
1053 45
1054 28
1055 50
1056 51
1057 46
1058 47
1059 48
1060 49
1061 38
1062 51
1063 40
1064 41
1065 49
1066 39
1067 41
1068 39
1069 55
1070 38
1071 42
1072 34
1073 42
1074 30
1075 44
1076 36
1077 31
1078 46
1079 39
1080 31
1081 30
1082 34
1083 41
1084 29
1085 31
1086 38
1087 25
1088 34
1089 22
1090 20
1091 28
1092 31
1093 36
1094 23
1095 23
1096 28
1097 24
1098 19
1099 27
1100 32
1101 27
1102 25
1103 25
1104 17
1105 22
1106 33
1107 17
1108 19
1109 25
1110 24
1111 16
1112 19
1113 20
1114 13
1115 18
1116 19
1117 22
1118 13
1119 15
1120 14
1121 12
1122 14
1123 22
1124 13
1125 13
1126 13
1127 10
1128 11
1129 11
1130 14
1131 10
1132 9
1133 8
1134 9
1135 10
1136 11
1137 13
1138 8
1139 7
1140 9
1141 9
1142 8
1143 10
1144 6
1145 10
1146 6
1147 5
1148 13
1149 16
1150 6
1151 7
1152 8
1153 8
1154 3
1155 4
1156 8
1157 7
1158 4
1159 8
1160 3
1161 1
1162 7
1163 3
1164 8
1165 3
1166 3
1167 4
1168 5
1169 3
1170 3
1171 2
1172 1
1173 1
1174 3
1175 6
1176 1
1177 5
1178 4
1179 2
1181 4
1183 4
1184 2
1185 2
1186 1
1188 1
1190 1
1191 4
1192 1
1193 1
1194 1
1195 4
1196 2
1197 2
1199 1
1201 4
1203 1
1204 2
1205 1
1207 3
1208 3
1209 1
1210 1
1211 2
1212 1
1213 1
1218 1
1219 1
1222 1
1225 1
1227 2
1236 1
1242 1
1247 1
1248 1
1251 1
1252 1
1256 1
1295 1
