N J h mean_R_sq err_mean_R_sq mean_R_gyr_sq err_mean_R_gyr_sq 
2500 1.347 0 13411.2 837.369 2251.5 99.6739
817 1
818 1
828 1
830 1
832 1
835 1
836 1
837 2
838 2
841 1
842 1
843 3
845 1
846 3
847 1
848 1
849 1
850 1
851 1
852 3
853 1
854 1
855 2
856 2
857 1
860 4
861 2
862 2
863 2
864 6
865 2
866 4
867 4
868 1
869 6
870 3
871 6
872 8
873 6
874 10
875 6
876 3
877 3
878 3
879 4
880 7
881 4
882 6
883 3
884 5
885 6
886 4
887 7
888 4
889 5
890 6
891 10
892 4
893 6
894 5
895 1
896 9
897 9
898 10
899 8
900 10
901 5
902 7
903 11
904 5
905 9
906 5
907 13
908 8
909 14
910 10
911 8
912 12
913 9
914 6
915 3
916 9
917 10
918 8
919 11
920 6
921 5
922 11
923 8
924 7
925 9
926 8
927 7
928 6
929 6
930 8
931 6
932 15
933 7
934 3
935 11
936 6
937 10
938 6
939 6
940 8
941 5
942 7
943 2
944 3
945 3
946 8
947 5
948 3
949 7
950 7
951 7
952 5
953 6
955 4
956 6
957 4
958 1
959 2
960 5
961 2
962 2
963 5
965 2
966 2
967 2
970 3
972 2
974 1
975 1
976 1
977 1
978 4
981 1
984 2
986 1
988 1
989 1
992 2
994 1
998 1
