N J h mean_R_sq err_mean_R_sq mean_R_gyr_sq err_mean_R_gyr_sq 
4900 1.34 0 42759.2 2407.52 6537.9 338.88
1000 1587
1001 1350
1002 1141
1003 1041
1004 852
1005 801
1006 636
1007 581
1008 496
1009 444
1010 404
1011 355
1012 310
1013 256
1014 220
1015 189
1016 181
1017 143
1018 135
1019 112
1020 96
1021 81
1022 70
1023 64
1024 59
1025 45
1026 38
1027 44
1028 25
1029 28
1030 35
1031 28
1032 17
1033 16
1034 19
1035 14
1036 11
1037 9
1038 6
1039 14
1040 6
1041 5
1042 4
1043 2
1044 6
1045 4
1046 4
1047 3
1048 2
1050 3
1052 2
1054 2
1056 1
1057 2
