N J h mean_R_sq err_mean_R_sq mean_R_gyr_sq err_mean_R_gyr_sq 
900 1.365 0 2907.54 38.0279 513.03 3.20384
689 2
692 1
700 1
704 1
710 1
716 1
717 1
718 2
719 1
720 2
724 2
725 1
729 1
730 1
732 3
733 2
734 1
735 3
736 2
739 3
740 1
741 3
742 3
743 2
744 2
745 1
746 1
747 2
748 3
749 1
750 4
751 3
752 3
753 3
754 3
755 1
756 3
757 4
758 7
759 5
760 3
761 1
762 3
763 3
764 8
765 3
766 4
767 5
768 4
769 3
770 4
771 4
772 2
773 9
774 14
775 10
776 2
777 5
778 7
779 12
780 5
781 11
782 7
783 9
784 15
785 10
786 11
787 13
788 8
789 7
790 8
791 17
792 13
793 12
794 8
795 17
796 18
797 16
798 18
799 14
800 17
801 17
802 16
803 16
804 22
805 14
806 17
807 22
808 22
809 12
810 16
811 20
812 15
813 17
814 16
815 19
816 29
817 28
818 24
819 29
820 24
821 21
822 21
823 13
824 19
825 34
826 21
827 17
828 27
829 36
830 18
831 26
832 35
833 35
834 28
835 29
836 28
837 34
838 32
839 32
840 31
841 34
842 24
843 38
844 38
845 34
846 38
847 43
848 30
849 34
850 39
851 37
852 34
853 46
854 44
855 52
856 41
857 43
858 41
859 47
860 47
861 43
862 40
863 31
864 33
865 45
866 56
867 34
868 45
869 37
870 71
871 42
872 42
873 37
874 46
875 32
876 49
877 42
878 45
879 56
880 45
881 48
882 45
883 47
884 52
885 41
886 44
887 58
888 38
889 46
890 40
891 48
892 51
893 49
894 54
895 40
896 53
897 56
898 45
899 42
900 49
901 44
902 35
903 42
904 38
905 37
906 34
907 34
908 46
909 35
910 39
911 33
912 41
913 38
914 41
915 38
916 34
917 57
918 32
919 32
920 41
921 34
922 41
923 34
924 40
925 41
926 40
927 33
928 39
929 40
930 34
931 26
932 36
933 26
934 36
935 36
936 38
937 35
938 20
939 23
940 35
941 25
942 15
943 27
944 31
945 30
946 27
947 20
948 25
949 18
950 30
951 33
952 21
953 24
954 16
955 27
956 25
957 15
958 24
959 18
960 19
961 16
962 17
963 18
964 13
965 15
966 14
967 11
968 9
969 10
970 8
971 17
972 11
973 17
974 7
975 13
976 5
977 12
978 9
979 12
980 15
981 12
982 12
983 7
984 12
985 4
986 4
987 12
988 9
989 8
990 4
991 10
992 9
993 6
994 3
995 5
996 3
997 7
998 8
999 4
1000 6
1001 6
1002 1
1003 2
1004 4
1005 5
1006 5
1007 3
1008 3
1009 2
1010 3
1011 4
1012 3
1013 4
1014 4
1015 5
1016 3
1017 4
1018 1
1020 3
1021 3
1022 3
1024 4
1025 2
1027 4
1028 4
1030 2
1032 1
1036 2
1041 1
1049 1
1054 1
1062 1
1064 1
1076 1
1077 1
