N J h mean_R_sq err_mean_R_sq mean_R_gyr_sq err_mean_R_gyr_sq 
3600 1.38 0 9579.92 1830.64 1934.16 301.742
592 1
619 1
634 1
642 1
643 1
656 1
661 1
663 1
668 1
681 1
682 1
687 1
693 2
696 2
702 1
704 1
706 1
709 1
711 2
712 2
715 1
723 1
724 1
725 1
726 1
727 1
730 1
731 1
732 3
734 2
735 1
736 2
738 2
740 1
744 1
745 1
746 2
749 2
751 1
752 2
753 3
754 1
756 1
757 2
758 1
759 2
762 2
763 3
764 4
765 6
766 1
767 1
768 2
770 1
771 2
772 3
773 3
774 3
775 2
776 5
777 4
778 2
779 3
780 2
781 3
782 2
783 5
784 1
785 3
786 2
787 2
788 5
790 1
791 3
792 2
793 4
794 2
795 6
796 4
797 3
798 2
799 3
800 2
801 4
802 3
803 2
804 2
805 6
806 5
807 6
808 4
809 5
810 8
811 2
812 5
813 5
814 3
815 7
816 2
817 8
818 3
819 6
820 9
821 4
822 4
823 4
824 3
825 5
826 1
827 3
828 8
829 9
830 3
831 4
832 6
833 8
834 3
835 4
836 7
837 5
838 2
839 10
840 11
841 10
842 9
843 8
844 7
845 10
846 3
847 7
848 5
849 5
850 10
851 4
852 9
853 5
854 5
855 9
856 5
857 7
858 10
859 8
860 2
861 11
862 10
863 10
864 8
865 5
866 7
867 6
868 11
869 8
870 5
871 3
872 5
873 9
874 5
875 5
876 8
877 10
878 15
879 7
880 7
881 11
882 12
883 11
884 12
885 5
886 5
887 6
888 8
889 11
890 9
891 4
892 12
893 6
894 9
895 10
896 8
897 9
898 15
899 8
900 9
901 14
902 5
903 17
904 11
905 12
906 9
907 6
908 12
909 8
910 13
911 9
912 18
913 15
914 14
915 10
916 13
917 11
918 11
919 17
920 9
921 9
922 14
923 16
924 15
925 13
926 10
927 9
928 14
929 9
930 12
931 13
932 20
933 17
934 19
935 18
936 12
937 22
938 8
939 11
940 12
941 11
942 13
943 16
944 16
945 12
946 15
947 11
948 15
949 8
950 16
951 18
952 12
953 9
954 17
955 15
956 11
957 9
958 16
959 19
960 19
961 17
962 15
963 17
964 12
965 17
966 14
967 11
968 16
969 18
970 23
971 12
972 14
973 14
974 19
975 16
976 10
977 13
978 15
979 11
980 14
981 19
982 16
983 17
984 20
985 13
986 13
987 6
988 15
989 10
990 14
991 18
992 18
993 18
994 20
995 21
996 12
997 13
998 19
999 18
1000 14
1001 17
1002 13
1003 11
1004 13
1005 15
1006 12
1007 12
1008 16
1009 15
1010 16
1011 13
1012 16
1013 9
1014 13
1015 10
1016 9
1017 20
1018 18
1019 19
1020 20
1021 13
1022 16
1023 16
1024 14
1025 14
1026 11
1027 16
1028 10
1029 21
1030 17
1031 11
1032 14
1033 13
1034 12
1035 14
1036 14
1037 12
1038 15
1039 16
1040 12
1041 13
1042 10
1043 17
1044 17
1045 10
1046 22
1047 14
1048 14
1049 17
1050 16
1051 8
1052 18
1053 12
1054 19
1055 14
1056 12
1057 14
1058 14
1059 12
1060 12
1061 17
1062 11
1063 7
1064 19
1065 7
1066 11
1067 22
1068 11
1069 12
1070 11
1071 17
1072 10
1073 15
1074 15
1075 10
1076 11
1077 16
1078 14
1079 5
1080 11
1081 15
1082 13
1083 17
1084 9
1085 19
1086 9
1087 14
1088 12
1089 6
1090 12
1091 8
1092 13
1093 15
1094 13
1095 7
1096 7
1097 10
1098 8
1099 14
1100 7
1101 8
1102 10
1103 12
1104 4
1105 11
1106 12
1107 10
1108 9
1109 5
1110 11
1111 9
1112 7
1113 14
1114 11
1115 15
1116 9
1117 8
1118 7
1119 9
1120 4
1121 12
1122 8
1123 7
1124 9
1125 4
1126 8
1127 8
1128 9
1129 7
1130 5
1131 10
1132 11
1133 6
1134 12
1135 8
1136 12
1137 6
1138 6
1139 7
1140 7
1141 4
1142 9
1143 10
1144 10
1145 9
1146 5
1147 4
1148 8
1149 7
1150 6
1151 7
1152 7
1153 6
1154 7
1155 4
1156 5
1157 8
1158 5
1159 8
1160 3
1161 3
1162 7
1163 5
1164 5
1165 8
1166 3
1167 9
1168 5
1169 4
1170 3
1171 4
1172 6
1173 5
1174 3
1175 9
1176 3
1177 7
1178 7
1179 6
1180 5
1181 3
1182 3
1183 4
1184 4
1185 3
1186 5
1187 6
1188 4
1189 7
1190 1
1191 4
1192 4
1193 3
1194 2
1195 5
1196 2
1197 1
1198 4
1199 8
1200 4
1202 5
1203 5
1204 2
1205 4
1206 7
1207 2
1208 1
1209 2
1210 2
1211 5
1212 3
1213 4
1214 1
1215 4
1216 2
1217 2
1218 3
1219 7
1220 3
1221 1
1222 2
1223 1
1224 3
1225 3
1226 2
1228 4
1229 2
1230 1
1231 1
1232 2
1233 1
1234 1
1235 1
1236 2
1237 2
1241 2
1242 1
1243 2
1244 1
1246 1
1247 4
1248 1
1253 3
1254 1
1255 1
1256 1
1257 1
1258 1
1259 3
1260 2
1261 1
1262 1
1263 1
1265 1
1266 1
1267 1
1268 2
1274 2
1275 3
1277 2
1279 1
1282 1
1284 1
1285 1
1286 2
1287 1
1290 1
1291 1
1292 1
1294 1
1295 1
1297 2
1298 1
1299 2
1304 1
1306 1
1308 2
1311 1
1322 1
1334 1
1335 1
1336 1
1338 1
1340 1
1350 1
1361 1
1364 2
1377 1
1390 1
1392 1
