N J h mean_R_sq err_mean_R_sq mean_R_gyr_sq err_mean_R_gyr_sq 
2500 1.411 0 2970.75 440.35 793.107 69.0179
448 1
482 1
508 1
509 1
511 1
521 1
525 1
531 1
542 1
543 1
550 1
566 1
571 1
573 1
575 1
577 1
580 1
583 1
591 1
592 1
594 1
599 1
603 2
604 1
605 1
609 1
611 1
612 1
614 1
617 1
621 1
622 1
623 1
627 3
630 1
631 1
634 1
636 1
638 1
639 2
640 1
642 1
644 1
645 1
646 1
648 2
651 2
653 1
654 1
659 1
664 1
669 1
670 4
673 1
676 1
677 1
678 2
679 1
680 1
686 1
690 2
691 1
693 1
698 2
699 1
700 1
701 1
702 2
703 1
704 1
705 2
707 2
708 2
709 1
710 1
711 2
714 1
716 1
718 1
719 1
720 1
721 3
722 1
723 1
724 1
727 1
729 3
732 1
733 1
734 1
736 1
737 1
738 2
739 2
742 1
748 2
749 1
750 1
751 1
752 1
753 2
754 2
755 1
756 1
758 1
764 4
765 1
766 1
767 4
769 1
770 1
771 1
772 1
773 2
775 1
777 1
778 3
779 1
781 1
786 4
788 3
789 1
790 1
791 1
793 2
794 2
795 1
798 1
799 1
802 2
804 2
805 3
806 2
807 1
808 2
809 3
810 1
811 1
812 2
815 2
816 2
817 1
818 1
819 2
820 2
821 1
822 1
823 2
824 1
825 2
826 2
827 3
828 3
830 1
831 1
832 1
833 3
834 3
835 1
838 2
839 1
840 2
841 2
842 3
845 1
847 2
850 2
851 3
852 2
853 2
857 2
858 1
859 2
860 1
861 2
862 1
863 3
864 1
865 2
866 3
869 1
870 2
872 2
873 2
874 3
875 2
876 3
877 2
878 1
879 1
880 3
881 1
882 4
884 1
885 3
886 1
887 2
888 3
890 5
891 1
892 1
894 2
895 3
896 1
897 2
898 1
899 2
900 2
901 3
902 3
903 3
904 3
905 1
907 2
909 1
910 2
911 1
912 1
913 2
914 1
915 4
916 1
917 1
919 1
920 2
922 3
923 3
924 1
927 1
928 2
929 2
930 1
931 1
933 3
934 2
935 1
937 2
938 3
939 1
940 1
941 1
942 1
943 2
944 5
945 3
946 4
947 1
949 1
950 2
951 1
953 3
954 1
955 1
956 1
957 5
958 3
959 1
960 2
961 4
962 6
964 1
965 1
966 1
967 2
968 1
970 1
972 2
973 2
974 1
975 1
976 2
977 2
978 2
980 1
982 4
983 4
984 2
986 3
987 4
988 1
989 3
990 1
991 2
992 1
993 1
994 4
995 2
996 2
998 1
999 2
1000 1
1002 2
1003 1
1004 1
1005 3
1006 4
1007 2
1009 1
1010 1
1011 2
1012 2
1013 3
1014 5
1015 3
1016 3
1017 3
1018 1
1019 2
1020 2
1021 2
1022 3
1023 5
1024 1
1026 1
1028 3
1030 1
1031 1
1032 2
1033 2
1035 1
1037 1
1038 3
1039 3
1040 1
1041 3
1042 2
1043 2
1044 1
1046 3
1047 2
1049 3
1050 2
1051 1
1052 3
1053 1
1054 1
1055 1
1056 3
1057 2
1058 1
1060 3
1061 3
1063 2
1065 2
1067 2
1068 2
1069 3
1071 1
1072 3
1073 4
1075 1
1076 2
1077 1
1078 2
1079 2
1080 1
1082 1
1083 4
1084 2
1085 2
1086 3
1087 2
1088 2
1090 2
1091 2
1092 3
1093 2
1094 3
1095 2
1096 5
1097 3
1098 2
1099 1
1100 3
1101 3
1102 5
1104 2
1105 3
1106 1
1107 3
1108 1
1109 3
1110 2
1111 5
1112 2
1113 2
1114 3
1115 3
1116 1
1117 2
1118 1
1119 3
1120 4
1121 3
1122 2
1123 1
1125 1
1127 1
1128 1
1129 1
1130 2
1131 2
1133 4
1134 2
1136 3
1137 1
1138 1
1139 3
1140 3
1141 1
1142 1
1143 4
1144 5
1146 4
1147 3
1148 1
1149 6
1150 2
1151 2
1152 3
1153 2
1155 3
1156 1
1161 2
1162 1
1163 2
1164 2
1166 1
1167 2
1168 3
1169 1
1171 2
1172 1
1173 2
1174 1
1177 1
1178 1
1179 1
1180 1
1181 2
1182 1
1183 1
1184 1
1185 1
1186 1
1189 1
1190 3
1191 1
1192 2
1193 2
1195 2
1197 4
1198 2
1200 1
1201 1
1202 1
1203 2
1204 1
1206 2
1207 2
1208 1
1210 1
1211 3
1213 2
1214 2
1215 3
1216 3
1217 1
1220 2
1221 1
1222 3
1223 3
1225 2
1226 1
1227 1
1229 2
1233 1
1234 1
1235 2
1237 1
1238 1
1241 2
1242 2
1243 1
1244 1
1245 1
1248 1
1249 2
1252 3
1253 2
1254 2
1255 1
1256 2
1257 1
1259 2
1262 1
1264 1
1265 2
1266 2
1267 1
1269 5
1273 1
1274 1
1276 1
1278 1
1279 2
1280 1
1282 1
1283 1
1284 3
1288 1
1289 1
1290 1
1292 1
1293 1
1296 1
1297 3
1299 1
1300 1
1301 1
1303 1
1304 1
1307 3
1308 2
1310 1
1311 1
1312 1
1316 3
1317 1
1318 1
1322 1
1324 2
1326 1
1329 1
1336 1
1339 1
1343 1
1344 1
1347 1
1348 1
1349 1
1350 1
1355 1
1356 1
1358 2
1359 1
1360 1
1361 1
1362 1
1364 2
1365 1
1368 1
1369 2
1380 1
1388 2
1389 1
1403 1
1405 1
1408 1
1414 1
1419 1
1423 1
1456 1
1468 1
1469 1
1474 1
1475 1
1486 1
1502 1
1569 1
