N J h mean_R_sq err_mean_R_sq mean_R_gyr_sq err_mean_R_gyr_sq 
4900 1.44 0 4910.1 1633.4 1326.68 178.555
418 1
436 1
446 1
456 2
463 1
467 1
471 1
478 2
479 1
482 1
485 1
486 1
489 2
490 1
492 2
494 1
495 2
500 1
502 1
504 2
505 1
506 2
507 1
509 1
510 2
512 1
515 1
516 3
517 2
518 1
519 1
520 1
521 2
522 3
523 2
524 1
525 2
527 3
528 2
530 2
531 1
532 2
533 2
534 2
537 1
538 3
539 1
540 1
541 3
543 3
544 3
546 2
548 1
549 3
550 1
551 2
552 2
554 1
555 1
556 1
557 1
558 1
559 3
560 1
563 1
564 2
565 5
566 1
567 5
568 1
569 4
570 2
571 1
572 2
573 3
574 3
575 1
576 2
577 2
578 5
579 4
580 3
581 1
582 3
583 3
584 1
587 1
588 1
590 2
591 3
592 7
593 3
594 3
595 1
596 1
597 1
598 1
599 6
602 2
603 2
604 2
606 11
607 2
608 2
609 1
610 5
611 2
612 5
613 2
614 4
615 1
616 4
617 3
618 2
619 4
620 3
621 5
622 3
623 3
624 3
625 3
626 7
627 3
628 2
629 3
630 2
631 6
632 1
633 3
634 2
635 2
636 4
637 6
638 2
639 8
640 3
641 6
642 3
643 6
644 5
645 5
646 2
647 4
648 4
649 2
652 1
653 1
654 1
655 2
656 3
658 3
659 2
660 3
661 2
662 3
663 4
664 2
665 7
666 4
667 6
668 3
669 5
670 3
671 4
672 4
673 4
674 4
675 3
676 4
677 6
678 2
679 5
680 2
681 3
682 5
683 3
684 3
685 7
686 6
687 2
688 4
689 6
690 1
691 7
692 1
693 4
694 2
695 3
696 3
697 5
698 6
699 3
700 7
701 9
702 4
703 6
704 4
705 5
706 1
707 4
708 4
709 10
710 1
711 8
712 7
713 4
714 4
715 2
716 2
717 3
718 4
719 6
720 4
721 6
722 3
723 2
724 5
725 5
726 6
727 3
728 7
729 1
730 5
731 6
732 6
733 4
734 3
735 8
736 3
737 5
738 9
739 6
740 2
741 2
742 4
743 4
744 5
745 6
746 4
747 4
748 5
749 7
750 4
751 1
752 1
753 3
754 3
755 3
756 3
757 6
758 6
759 8
760 4
761 6
762 6
763 5
764 4
765 8
766 2
767 5
768 7
770 6
771 8
772 6
773 5
774 5
775 2
776 4
777 1
778 5
779 6
780 8
781 1
782 1
783 5
784 5
785 5
786 7
787 2
788 3
789 7
790 1
791 5
792 5
793 3
794 3
795 7
796 4
797 6
798 7
799 4
800 6
801 10
802 3
803 4
804 5
805 2
806 4
807 11
808 6
809 3
810 10
811 2
812 3
813 4
814 1
815 10
816 4
817 4
818 4
819 6
820 8
821 4
822 4
823 5
824 3
825 4
826 5
827 4
828 4
829 1
830 4
831 2
832 3
833 5
834 4
835 6
836 2
837 5
838 7
839 4
840 7
841 4
842 4
843 6
844 6
845 5
846 2
847 4
848 3
849 6
850 5
851 7
852 6
853 4
854 6
855 4
856 4
857 6
858 5
859 7
860 6
861 4
862 9
863 3
864 4
865 4
866 2
867 6
868 2
869 4
870 6
871 6
872 3
873 6
874 1
875 3
876 4
877 5
878 3
879 2
880 4
881 4
882 6
883 7
884 2
885 2
886 5
887 6
888 2
889 4
890 2
891 1
892 7
893 4
894 3
895 3
896 6
897 8
898 3
899 4
900 4
901 6
902 5
903 3
904 8
905 3
906 4
907 10
908 10
909 3
910 1
911 7
912 1
913 5
914 2
915 2
916 5
917 2
918 1
919 6
920 3
921 1
922 5
923 3
924 9
925 3
926 8
927 3
928 6
929 4
930 3
931 6
932 2
933 4
934 4
935 6
936 4
937 8
938 7
939 3
940 5
941 8
942 4
944 6
945 5
946 7
947 5
948 7
949 5
950 9
952 2
953 9
954 4
955 3
956 4
957 3
958 3
959 6
960 2
961 6
962 5
963 5
964 4
965 4
966 5
967 3
968 2
969 5
970 4
971 5
972 4
973 5
974 4
975 2
976 5
977 5
978 5
979 5
980 4
981 6
982 4
983 5
984 3
985 6
986 3
987 2
988 3
989 1
990 4
991 9
992 4
993 4
994 7
995 3
996 5
997 4
998 3
999 6
1000 4
1001 4
1002 4
1003 4
1004 3
1005 6
1006 3
1007 7
1008 6
1009 6
1010 5
1011 9
1012 2
1013 5
1014 2
1015 4
1016 5
1018 4
1019 4
1020 4
1021 4
1022 5
1023 7
1024 3
1025 3
1026 6
1027 10
1028 7
1029 3
1030 7
1031 1
1032 4
1033 7
1034 4
1035 8
1036 7
1037 2
1038 4
1039 5
1040 3
1041 5
1042 8
1043 4
1044 1
1045 6
1046 11
1047 8
1048 4
1049 8
1050 2
1051 7
1052 8
1053 4
1054 6
1055 5
1056 3
1057 3
1058 2
1059 4
1060 4
1061 5
1062 10
1063 6
1064 3
1065 7
1066 6
1067 6
1068 8
1069 2
1070 6
1071 6
1072 2
1073 2
1074 4
1075 7
1076 3
1077 7
1078 6
1079 3
1080 1
1081 4
1082 5
1083 3
1084 8
1085 5
1086 9
1087 2
1088 5
1089 4
1090 6
1091 8
1092 4
1093 6
1094 5
1095 8
1096 7
1097 3
1098 5
1099 6
1100 4
1101 5
1102 5
1103 4
1104 3
1105 5
1106 4
1107 4
1108 3
1109 5
1110 7
1111 5
1112 4
1113 5
1114 5
1115 5
1116 5
1117 8
1118 5
1119 4
1120 4
1121 3
1122 3
1123 4
1124 4
1125 2
1126 3
1127 12
1128 6
1129 11
1130 8
1131 4
1132 6
1133 6
1134 5
1135 3
1136 2
1137 4
1138 4
1139 1
1141 3
1142 5
1143 2
1144 4
1145 3
1146 5
1147 6
1148 5
1149 2
1150 4
1151 2
1152 5
1153 2
1154 8
1155 6
1156 10
1157 3
1158 2
1159 5
1160 5
1161 8
1162 4
1163 5
1164 6
1165 9
1166 5
1167 2
1168 5
1169 4
1170 4
1171 7
1172 10
1173 3
1174 7
1175 5
1176 7
1177 6
1178 3
1179 5
1181 2
1182 5
1183 5
1184 12
1185 6
1186 7
1187 7
1188 4
1189 5
1190 1
1191 5
1192 4
1193 4
1194 5
1195 3
1196 5
1197 4
1198 3
1199 2
1200 1
1201 7
1202 7
1203 5
1204 2
1205 6
1206 5
1207 5
1208 3
1209 5
1210 5
1211 2
1212 5
1213 6
1214 6
1215 4
1216 9
1217 3
1218 8
1219 2
1220 3
1221 5
1222 6
1223 2
1224 4
1225 6
1226 5
1227 6
1228 2
1229 6
1230 2
1231 4
1232 2
1233 4
1234 5
1235 2
1236 6
1237 5
1238 2
1239 3
1240 5
1241 6
1242 1
1243 4
1244 3
1245 4
1246 4
1247 6
1248 5
1249 4
1250 9
1251 4
1252 2
1253 7
1254 4
1256 6
1257 2
1258 7
1259 1
1260 3
1261 5
1262 4
1263 2
1264 6
1265 5
1266 1
1267 5
1268 3
1269 7
1270 6
1271 5
1272 6
1273 8
1274 3
1275 4
1276 7
1277 5
1278 4
1279 6
1280 5
1281 3
1282 4
1283 4
1284 5
1285 3
1286 5
1287 4
1288 5
1289 3
1290 2
1291 4
1292 3
1293 3
1294 4
1295 3
1296 5
1297 1
1298 2
1299 3
1300 2
1301 8
1302 4
1303 1
1304 4
1305 4
1306 5
1307 9
1308 1
1309 6
1310 5
1311 4
1312 3
1313 4
1314 1
1315 1
1316 2
1317 5
1318 5
1319 7
1320 3
1321 2
1322 3
1323 4
1324 5
1325 4
1326 3
1327 5
1328 6
1329 2
1330 3
1331 4
1332 4
1333 4
1334 6
1335 6
1336 3
1337 3
1338 2
1339 5
1340 6
1341 3
1342 4
1343 3
1344 4
1345 2
1346 4
1347 2
1348 2
1349 3
1350 3
1351 5
1352 2
1353 3
1354 4
1355 2
1356 5
1357 3
1359 3
1361 5
1362 5
1364 3
1365 2
1366 3
1367 1
1368 1
1370 2
1371 3
1372 1
1373 5
1374 5
1375 4
1377 6
1378 3
1379 6
1380 2
1381 2
1382 3
1383 1
1384 2
1385 3
1386 3
1387 6
1388 4
1389 4
1390 5
1391 2
1392 4
1393 3
1394 2
1395 3
1396 4
1397 4
1398 2
1399 3
1400 4
1401 2
1402 1
1403 3
1404 2
1405 4
1406 4
1408 2
1410 1
1411 2
1412 3
1413 2
1414 2
1415 4
1416 3
1417 1
1418 2
1419 2
1420 5
1421 2
1422 5
1423 3
1425 5
1426 1
1427 3
1428 3
1429 2
1430 2
1431 2
1432 2
1433 2
1434 2
1435 2
1436 5
1437 1
1438 1
1439 3
1440 4
1441 3
1444 1
1445 1
1447 1
1448 2
1449 2
1450 2
1451 1
1452 2
1453 1
1454 2
1457 2
1458 3
1459 2
1460 2
1461 1
1462 2
1464 2
1465 1
1466 2
1467 1
1469 2
1471 3
1473 3
1474 1
1476 1
1477 1
1480 1
1481 2
1482 1
1483 3
1484 1
1485 1
1486 1
1488 1
1491 1
1492 1
1495 1
1496 1
1498 1
1499 1
1501 1
1502 1
1505 1
1507 1
1508 1
1511 1
1513 1
1514 1
1517 1
1518 2
1519 1
1520 1
1521 1
1528 2
1530 1
1536 1
1539 1
1541 1
1563 2
1564 1
1566 1
1570 1
1580 1
1587 1
1593 1
1594 1
