N J h mean_R_sq err_mean_R_sq mean_R_gyr_sq err_mean_R_gyr_sq 
2916 1.371 0 15515.9 4182.76 2508.05 551.439
744 1
756 2
763 1
765 2
766 1
767 1
768 1
778 1
780 1
781 1
782 1
784 1
785 1
786 3
788 1
791 1
792 2
794 1
796 2
797 3
799 1
800 4
801 1
802 2
803 3
804 1
805 2
806 1
807 5
808 3
809 2
810 1
811 6
812 8
813 3
814 5
815 3
816 3
817 3
818 1
819 2
820 2
821 2
822 2
823 5
824 2
825 1
826 4
827 5
828 3
829 5
830 4
831 5
832 3
833 3
834 2
835 4
836 1
837 3
838 5
839 2
840 5
841 6
842 5
843 7
844 5
845 7
847 2
848 6
849 2
850 5
852 5
853 4
854 4
856 1
857 2
858 4
859 3
860 3
861 3
862 3
863 2
864 1
865 3
866 2
867 1
868 1
869 5
870 3
871 4
872 2
873 2
875 1
876 3
878 3
879 3
880 1
883 1
888 3
889 3
891 3
893 1
895 1
896 1
897 1
898 3
899 1
901 2
902 1
909 1
910 2
913 1
915 1
916 1
920 1
930 1
