N J h mean_R_sq err_mean_R_sq mean_R_gyr_sq err_mean_R_gyr_sq 
2500 1.501 0 1434.52 18.4418 512.067 1.27681
492 1
507 1
508 1
510 2
514 2
515 3
516 2
518 3
519 6
520 3
521 3
522 3
523 6
524 3
525 5
526 5
527 11
528 6
529 4
530 3
531 14
532 3
533 10
534 15
535 10
536 17
537 14
538 26
539 23
540 25
541 24
542 27
543 43
544 34
545 44
546 36
547 46
548 40
549 42
550 43
551 41
552 47
553 45
554 50
555 60
556 50
557 66
558 64
559 71
560 62
561 68
562 70
563 77
564 98
565 80
566 76
567 88
568 89
569 84
570 81
571 77
572 69
573 65
574 77
575 86
576 86
577 78
578 60
579 70
580 92
581 63
582 70
583 87
584 79
585 86
586 61
587 76
588 82
589 56
590 64
591 64
592 48
593 61
594 48
595 39
596 56
597 49
598 44
599 59
600 38
601 33
602 26
603 27
604 32
605 28
606 38
607 29
608 30
609 26
610 12
611 17
612 17
613 23
614 14
615 18
616 11
617 16
618 11
619 14
620 5
621 11
622 8
623 9
624 9
625 12
626 4
627 8
628 5
630 1
631 1
632 3
633 3
634 2
635 5
636 4
637 4
638 1
639 1
640 1
641 2
642 2
643 1
644 1
645 3
646 1
647 1
649 1
652 1
655 1
