N J h mean_R_sq err_mean_R_sq mean_R_gyr_sq err_mean_R_gyr_sq 
1225 1.425 0 1471.43 43.3447 367.835 3.5131
371 1
393 1
398 1
424 1
437 1
467 1
491 1
496 1
499 1
501 2
503 1
505 1
514 2
517 1
520 1
521 1
523 1
526 1
527 1
528 1
532 1
536 1
540 1
541 2
542 1
543 1
544 1
549 3
552 1
553 2
555 1
559 1
561 1
562 1
567 1
570 1
571 1
573 2
574 2
575 1
576 1
582 3
585 1
586 1
588 2
590 3
594 2
595 1
598 1
600 2
601 2
602 2
603 6
605 1
606 1
608 1
609 1
611 1
612 2
613 1
614 2
616 2
617 2
618 2
620 1
621 2
622 1
623 3
624 1
625 1
627 2
628 1
630 2
632 1
634 3
635 1
636 2
637 1
638 2
639 1
640 1
641 2
642 1
643 4
644 1
645 1
649 1
650 1
651 1
653 2
655 1
656 1
657 3
658 1
659 1
660 2
662 2
663 3
664 2
665 1
666 1
668 1
669 2
671 1
672 2
673 2
676 2
678 3
679 1
680 2
681 2
685 1
686 3
687 1
688 2
689 1
690 3
691 2
692 1
693 1
694 3
695 2
696 1
698 3
699 1
700 1
701 2
702 1
703 2
704 1
705 1
706 2
707 2
709 1
711 2
713 3
714 2
715 3
718 2
719 3
720 1
721 1
723 3
725 2
727 1
728 1
729 2
731 1
732 1
733 1
734 1
735 4
736 1
737 1
738 1
739 3
740 1
741 1
743 3
744 5
746 1
747 1
748 3
749 1
751 2
752 2
755 2
756 3
757 1
758 6
759 3
760 1
763 2
764 1
766 1
767 1
768 1
770 2
771 1
772 1
774 3
776 1
777 5
778 2
780 2
782 1
783 2
787 3
788 3
789 3
790 1
791 1
793 1
794 1
795 2
796 1
797 2
798 2
800 3
801 4
802 1
803 2
804 1
805 2
807 2
809 1
810 1
811 3
812 4
813 1
814 4
815 1
816 2
818 1
820 1
821 2
822 2
823 2
824 4
827 2
828 4
829 1
830 1
831 1
832 1
833 1
835 3
836 1
837 3
838 3
839 2
840 1
842 1
844 3
845 1
846 2
847 3
848 1
849 1
850 1
853 2
855 3
856 2
857 1
858 1
859 1
860 2
861 1
862 2
863 1
864 3
865 1
866 2
867 2
869 1
872 1
873 1
874 3
875 1
876 2
877 3
879 6
880 2
881 5
882 1
883 1
884 2
886 3
887 2
888 3
889 1
890 2
891 2
892 3
893 3
894 1
895 3
896 1
897 1
900 2
901 2
902 1
903 2
904 1
905 2
906 2
907 1
908 3
909 1
910 1
911 1
912 2
913 1
916 2
917 6
918 1
919 1
920 3
921 2
922 5
923 1
925 2
928 2
929 3
930 3
932 2
933 1
934 2
935 2
938 1
939 1
940 1
941 2
942 1
943 3
944 1
945 3
947 1
948 1
949 2
950 2
951 1
952 1
955 2
956 2
957 1
958 4
960 2
961 1
962 1
963 5
964 2
965 1
966 4
967 1
969 1
970 2
971 1
973 2
974 3
975 4
976 1
977 3
978 1
979 2
980 1
982 1
983 1
984 1
985 4
987 3
988 3
989 2
991 1
992 6
994 2
995 4
996 1
999 3
1000 2
1001 3
1002 3
1003 4
1004 1
1005 1
1007 1
1008 1
1009 2
1010 1
1011 2
1012 2
1013 2
1014 3
1016 1
1017 3
1018 2
1020 1
1021 2
1022 2
1023 1
1025 2
1026 1
1027 1
1028 2
1029 1
1030 4
1031 2
1032 2
1036 1
1037 3
1039 3
1040 6
1041 2
1044 1
1045 3
1046 1
1047 1
1048 4
1050 2
1052 3
1053 1
1054 1
1055 1
1056 3
1057 3
1058 1
1061 2
1063 1
1064 3
1065 2
1066 2
1067 1
1068 1
1069 3
1070 1
1071 1
1072 1
1073 1
1074 4
1075 1
1076 3
1077 3
1082 3
1083 1
1084 2
1086 3
1087 1
1088 3
1089 2
1090 1
1092 1
1093 4
1094 1
1095 2
1097 3
1098 1
1099 2
1101 3
1102 3
1103 2
1105 4
1106 1
1107 2
1108 1
1111 1
1112 1
1113 1
1115 5
1116 1
1117 2
1118 4
1119 1
1120 1
1121 3
1122 3
1123 2
1124 2
1125 2
1127 1
1128 1
1129 2
1130 4
1132 1
1133 1
1134 3
1135 2
1136 2
1138 1
1139 2
1140 3
1141 1
1142 3
1143 1
1144 1
1145 1
1146 2
1147 2
1148 3
1149 1
1150 3
1151 3
1152 1
1153 5
1154 2
1155 3
1156 1
1157 2
1158 2
1159 2
1160 1
1161 2
1162 1
1163 1
1165 1
1166 4
1167 2
1168 1
1169 1
1170 1
1171 4
1173 2
1174 2
1175 3
1176 2
1177 1
1179 2
1180 2
1181 3
1182 2
1183 1
1184 1
1186 4
1187 2
1188 1
1189 1
1190 4
1193 2
1194 2
1195 1
1197 3
1198 3
1199 2
1202 4
1204 1
1205 3
1206 2
1207 1
1208 1
1209 2
1210 2
1213 1
1215 3
1216 2
1218 3
1221 1
1222 2
1223 3
1226 5
1227 2
1229 1
1230 1
1231 1
1233 2
1234 1
1235 2
1237 1
1238 3
1239 4
1240 4
1241 2
1242 2
1243 1
1244 1
1245 3
1246 1
1247 2
1248 1
1249 4
1250 1
1251 2
1253 3
1254 1
1255 1
1256 1
1257 5
1258 4
1259 2
1260 2
1261 2
1266 1
1268 2
1270 2
1271 1
1272 3
1275 1
1277 1
1278 4
1280 1
1282 1
1283 1
1284 2
1285 1
1287 1
1288 3
1291 2
1292 3
1294 2
1295 2
1296 2
1298 4
1299 2
1300 3
1301 1
1303 2
1304 1
1305 2
1306 3
1307 2
1308 1
1309 2
1310 3
1311 2
1312 2
1314 2
1316 3
1317 1
1320 1
1321 1
1322 3
1323 2
1326 2
1327 2
1330 1
1331 1
1332 3
1333 1
1334 2
1335 4
1336 3
1338 2
1339 1
1341 1
1342 1
1344 2
1345 2
1347 3
1350 1
1351 2
1352 1
1353 1
1355 2
1356 1
1357 1
1359 1
1361 2
1362 1
1364 1
1366 2
1367 1
1369 1
1371 1
1372 1
1374 1
1375 1
1378 1
1379 1
1383 1
1384 1
1385 1
1388 2
1391 2
1393 2
1394 1
1395 3
1396 1
1397 2
1398 2
1399 1
1400 1
1401 1
1402 2
1403 1
1406 1
1407 1
1408 1
1411 1
1416 1
1417 1
1418 1
1421 2
1422 1
1425 1
1427 1
1428 1
1431 1
1433 1
1434 2
1436 1
1437 1
1441 1
1442 1
1443 1
1445 1
1449 1
1450 1
1453 1
1455 1
1456 4
1458 2
1459 1
1460 1
1461 1
1464 1
1465 1
1466 1
1467 1
1468 1
1469 1
1472 1
1474 1
1476 1
1480 1
1482 1
1485 2
1488 1
1489 1
1490 1
1491 1
1496 1
1499 2
1503 1
1516 1
1524 1
1529 1
1548 1
1552 1
1553 1
1562 1
1573 1
1588 1
1607 1
1614 1
1619 1
