N J h mean_R_sq err_mean_R_sq mean_R_gyr_sq err_mean_R_gyr_sq 
4900 1.43 0 3588.98 63.9354 1173.47 8.52578
456 1
462 1
464 1
467 1
468 1
471 1
472 1
476 1
478 1
480 1
483 1
485 1
486 1
491 1
494 1
496 1
498 2
499 2
500 1
501 1
506 1
508 2
510 1
511 1
512 2
513 1
515 1
517 1
519 2
520 1
522 5
523 1
524 1
525 1
527 2
528 6
529 4
530 2
531 1
532 1
534 2
535 1
539 3
540 1
541 2
542 1
543 2
544 1
545 4
546 2
547 2
548 2
549 4
550 3
551 1
552 4
553 3
554 2
555 2
557 2
558 4
560 4
561 2
562 3
563 2
564 2
565 3
566 1
567 1
568 6
569 1
570 1
572 2
573 2
574 2
575 4
576 5
577 3
578 2
579 1
581 2
582 3
583 4
584 3
585 3
586 4
587 1
588 5
589 3
590 8
591 2
592 2
593 4
594 3
595 6
596 1
597 1
598 8
599 4
600 5
601 6
602 2
603 9
604 5
605 8
606 5
607 4
608 6
609 4
610 3
611 6
612 3
613 7
614 7
615 4
616 5
617 4
618 5
619 1
620 5
621 7
622 4
623 6
624 4
625 6
626 1
627 4
628 7
629 6
630 8
631 3
632 2
633 3
634 4
635 10
636 4
637 9
638 7
639 5
640 7
641 9
642 7
643 5
644 4
645 3
646 7
647 7
648 11
649 9
650 6
651 2
652 6
653 11
654 8
655 5
656 11
657 4
658 9
659 1
660 9
661 1
662 10
663 7
664 9
665 6
666 4
667 4
668 2
669 4
670 5
671 4
672 10
673 13
674 10
675 10
676 4
677 4
678 4
679 6
680 8
681 7
682 5
683 5
684 3
685 8
686 5
687 5
688 8
689 13
690 10
691 4
692 12
693 7
694 9
695 5
696 12
697 8
698 7
699 6
700 14
701 12
702 8
703 10
704 4
705 8
706 8
707 9
708 9
709 7
710 13
711 8
712 13
713 10
714 11
715 9
716 6
717 7
718 17
719 4
720 8
721 9
722 8
723 9
724 12
725 7
726 13
727 9
728 13
729 8
730 12
731 5
732 8
733 10
734 5
735 8
736 12
737 6
738 10
739 12
740 6
741 6
742 12
743 7
744 9
745 9
746 5
747 9
748 8
749 10
750 7
751 9
752 7
753 10
754 8
755 14
756 12
757 10
758 6
759 14
760 9
761 13
762 13
763 8
764 12
765 12
766 11
767 13
768 7
769 13
770 6
771 11
772 10
773 5
774 12
775 12
776 12
777 11
778 15
779 12
780 5
781 9
782 10
783 8
784 9
785 5
786 8
787 7
788 15
789 7
790 10
791 9
792 3
793 7
794 6
795 16
796 6
797 13
798 10
799 9
800 13
801 10
802 10
803 6
804 17
805 8
806 12
807 13
808 19
809 13
810 13
811 9
812 14
813 14
814 15
815 15
816 9
817 7
818 16
819 11
820 18
821 11
822 9
823 9
824 7
825 14
826 11
827 8
828 11
829 12
830 8
831 13
832 13
833 10
834 11
835 7
836 7
837 12
838 6
839 14
840 12
841 8
842 8
843 10
844 15
845 11
846 11
847 7
848 9
849 14
850 7
851 9
852 11
853 9
854 12
855 8
856 8
857 8
858 13
859 12
860 14
861 11
862 15
863 18
864 12
865 13
866 11
867 9
868 11
869 10
870 11
871 7
872 13
873 12
874 10
875 14
876 11
877 11
878 9
879 10
880 7
881 12
882 18
883 8
884 16
885 13
886 13
887 10
888 15
889 7
890 11
891 12
892 12
893 8
894 9
895 10
896 15
897 14
898 9
899 12
900 12
901 10
902 11
903 15
904 14
905 19
906 12
907 11
908 8
909 8
910 15
911 12
912 11
913 8
914 10
915 15
916 9
917 8
918 11
919 17
920 14
921 11
922 13
923 9
924 13
925 17
926 10
927 12
928 15
929 11
930 14
931 9
932 14
933 14
934 11
935 14
936 7
937 10
938 14
939 14
940 8
941 21
942 17
943 9
944 16
945 11
946 11
947 5
948 12
949 9
950 11
951 14
952 9
953 13
954 20
955 19
956 10
957 6
958 12
959 19
960 11
961 15
962 12
963 12
964 13
965 16
966 8
967 9
968 4
969 14
970 10
971 13
972 15
973 13
974 14
975 19
976 9
977 12
978 13
979 13
980 8
981 11
982 12
983 15
984 15
985 7
986 12
987 12
988 12
989 13
990 12
991 4
992 15
993 12
994 12
995 15
996 10
997 8
998 12
999 12
1000 13
1001 12
1002 15
1003 10
1004 11
1005 11
1006 11
1007 11
1008 7
1009 14
1010 11
1011 5
1012 15
1013 9
1014 10
1015 17
1016 14
1017 13
1018 9
1019 13
1020 5
1021 14
1022 14
1023 18
1024 10
1025 8
1026 11
1027 10
1028 16
1029 11
1030 10
1031 14
1032 14
1033 12
1034 8
1035 19
1036 14
1037 9
1038 8
1039 11
1040 13
1041 4
1042 6
1043 7
1044 14
1045 16
1046 8
1047 12
1048 6
1049 17
1050 16
1051 15
1052 10
1053 16
1054 15
1055 8
1056 13
1057 17
1058 15
1059 6
1060 10
1061 11
1062 12
1063 12
1064 12
1065 14
1066 5
1067 13
1068 17
1069 11
1070 8
1071 9
1072 18
1073 10
1074 8
1075 20
1076 9
1077 14
1078 13
1079 11
1080 10
1081 11
1082 7
1083 13
1084 12
1085 9
1086 12
1087 6
1088 13
1089 8
1090 16
1091 9
1092 14
1093 9
1094 17
1095 17
1096 12
1097 11
1098 14
1099 8
1100 10
1101 14
1102 18
1103 14
1104 17
1105 17
1106 11
1107 17
1108 8
1109 12
1110 7
1111 20
1112 14
1113 12
1114 25
1115 12
1116 10
1117 10
1118 12
1119 11
1120 10
1121 18
1122 10
1123 15
1124 13
1125 17
1126 15
1127 12
1128 10
1129 14
1130 10
1131 10
1132 10
1133 13
1134 13
1135 11
1136 7
1137 17
1138 14
1139 12
1140 9
1141 7
1142 9
1143 4
1144 18
1145 12
1146 6
1147 9
1148 9
1149 11
1150 5
1151 10
1152 10
1153 8
1154 18
1155 14
1156 16
1157 9
1158 8
1159 10
1160 9
1161 14
1162 14
1163 15
1164 13
1165 9
1166 14
1167 10
1168 12
1169 14
1170 14
1171 10
1172 15
1173 14
1174 13
1175 15
1176 13
1177 9
1178 12
1179 8
1180 14
1181 6
1182 10
1183 15
1184 13
1185 17
1186 13
1187 6
1188 13
1189 13
1190 16
1191 10
1192 13
1193 12
1194 10
1195 10
1196 14
1197 9
1198 8
1199 12
1200 13
1201 9
1202 11
1203 14
1204 16
1205 16
1206 8
1207 11
1208 7
1209 11
1210 13
1211 9
1212 8
1213 11
1214 7
1215 9
1216 12
1217 10
1218 7
1219 11
1220 4
1221 11
1222 13
1223 10
1224 8
1225 12
1226 8
1227 6
1228 11
1229 8
1230 15
1231 13
1232 6
1233 11
1234 12
1235 2
1236 13
1237 9
1238 6
1239 11
1240 10
1241 6
1242 12
1243 4
1244 12
1245 14
1246 12
1247 11
1248 9
1249 12
1250 5
1251 16
1252 15
1253 2
1254 13
1255 4
1256 6
1257 8
1258 8
1259 7
1260 7
1261 13
1262 10
1263 14
1264 6
1265 11
1266 7
1267 13
1268 12
1269 10
1270 13
1271 9
1272 10
1273 14
1274 10
1275 8
1276 9
1277 12
1278 8
1279 11
1280 9
1281 10
1282 9
1283 8
1284 8
1285 6
1286 8
1287 9
1288 10
1289 8
1290 8
1291 11
1292 7
1293 11
1294 9
1295 8
1296 6
1297 9
1298 6
1299 5
1300 4
1301 12
1302 6
1303 10
1304 8
1305 8
1306 7
1307 9
1308 12
1309 10
1310 7
1311 10
1312 9
1313 9
1314 10
1315 10
1316 8
1317 9
1318 5
1319 8
1320 16
1321 5
1322 13
1323 11
1324 5
1325 12
1326 6
1327 4
1328 7
1329 5
1330 8
1331 9
1332 6
1333 3
1334 8
1335 9
1336 5
1337 10
1338 6
1339 14
1340 6
1341 7
1342 5
1343 3
1344 17
1345 7
1346 2
1347 5
1348 9
1349 10
1350 7
1351 10
1352 4
1353 7
1354 8
1355 3
1356 9
1357 9
1358 5
1359 2
1360 12
1361 5
1362 1
1363 11
1364 6
1365 11
1366 2
1367 5
1368 5
1369 5
1370 6
1371 4
1372 6
1373 7
1374 8
1375 4
1376 7
1377 3
1378 11
1379 9
1380 5
1381 5
1382 7
1383 5
1384 1
1385 7
1386 5
1387 4
1388 4
1389 3
1390 3
1391 8
1392 9
1393 3
1394 6
1395 10
1396 10
1397 2
1398 2
1399 5
1400 3
1401 5
1402 5
1403 3
1404 7
1405 3
1406 7
1407 7
1408 8
1409 3
1410 6
1411 3
1412 3
1413 3
1414 3
1415 2
1416 2
1417 1
1418 5
1419 4
1420 8
1421 7
1422 3
1423 5
1424 4
1425 1
1427 3
1428 4
1429 2
1430 1
1431 2
1433 6
1434 3
1436 5
1438 1
1439 5
1440 2
1441 2
1442 2
1443 3
1444 4
1445 7
1446 2
1448 2
1449 1
1450 1
1451 3
1452 2
1453 3
1455 3
1456 3
1457 3
1458 1
1459 2
1460 2
1461 1
1462 6
1463 1
1464 4
1466 2
1468 2
1469 1
1470 2
1471 4
1472 1
1473 2
1474 2
1476 2
1477 1
1478 2
1479 1
1480 2
1483 2
1485 1
1487 1
1488 3
1493 1
1498 1
1499 4
1500 3
1501 1
1502 2
1503 1
1504 1
1506 1
1507 1
1508 1
1511 1
1513 2
1514 1
1519 2
1520 2
1521 1
1522 1
1524 1
1525 2
1528 2
1535 1
1552 1
1553 1
1558 1
1560 1
1562 1
