N J h mean_R_sq err_mean_R_sq mean_R_gyr_sq err_mean_R_gyr_sq 
1600 1.505 0 1009.34 16.1185 338.109 1.19979
498 1
505 1
507 1
509 1
510 1
513 2
515 1
516 2
518 1
519 1
520 1
521 1
523 2
525 3
526 2
527 4
528 1
529 5
530 5
531 3
532 4
533 7
534 4
535 7
536 6
537 8
538 7
539 2
540 9
541 4
542 15
543 10
544 9
545 14
546 16
547 10
548 17
549 23
550 20
551 14
552 27
553 24
554 20
555 29
556 24
557 23
558 18
559 29
560 25
561 28
562 22
563 31
564 34
565 31
566 40
567 44
568 33
569 30
570 41
571 38
572 49
573 43
574 40
575 43
576 48
577 37
578 41
579 43
580 48
581 38
582 42
583 43
584 37
585 47
586 49
587 57
588 42
589 47
590 44
591 55
592 48
593 52
594 45
595 48
596 47
597 41
598 40
599 46
600 37
601 38
602 45
603 39
604 49
605 34
606 37
607 32
608 28
609 42
610 31
611 36
612 20
613 38
614 28
615 29
616 26
617 28
618 15
619 14
620 21
621 21
622 21
623 26
624 18
625 14
626 20
627 19
628 19
629 14
630 21
631 17
632 15
633 18
634 11
635 13
636 21
637 12
638 7
639 7
640 9
641 10
642 3
643 6
644 7
645 5
646 8
647 10
648 4
649 7
650 4
651 5
652 3
653 2
654 3
655 4
656 3
657 3
658 2
659 1
660 1
661 4
662 1
663 1
664 2
666 1
668 1
669 1
670 2
671 1
672 1
674 2
675 1
678 2
689 1
693 1
