N J h mean_R_sq err_mean_R_sq mean_R_gyr_sq err_mean_R_gyr_sq 
2916 1.516 0 1897.25 343.14 635.383 54.3084
286 1
318 1
322 1
324 1
327 1
330 2
333 1
335 1
341 1
342 1
344 1
348 1
350 2
353 2
358 2
360 3
361 1
362 1
364 1
366 1
369 1
372 2
373 1
376 2
377 1
378 1
379 1
382 2
383 2
384 2
386 1
388 1
389 2
390 1
391 1
392 3
395 1
396 3
397 1
398 2
399 1
400 3
401 1
402 2
403 3
404 1
406 1
408 3
409 2
410 2
412 2
413 1
414 1
416 3
418 3
420 1
421 2
424 2
425 2
426 1
427 2
428 2
429 2
430 4
431 4
433 1
435 1
436 3
437 2
438 4
439 2
440 4
442 1
443 5
444 4
445 1
446 1
447 2
449 6
450 3
451 1
452 2
453 1
455 2
456 3
457 1
458 1
459 3
460 2
461 5
462 5
463 2
464 4
465 2
466 2
467 1
469 4
470 2
471 2
472 1
473 3
474 3
475 5
476 1
477 1
478 6
479 1
480 3
481 2
482 3
483 1
484 5
485 2
486 2
487 3
488 1
489 2
490 1
491 4
493 1
494 3
496 2
497 2
498 7
499 7
500 6
501 3
502 5
503 2
504 3
505 3
506 1
507 3
509 2
510 4
511 2
512 2
513 2
514 1
515 7
516 3
517 1
518 6
519 1
520 7
521 3
522 1
523 1
524 2
525 3
526 3
527 3
528 3
529 3
530 2
531 1
532 4
533 1
534 2
535 8
536 3
537 5
538 1
539 3
540 6
541 4
542 1
543 6
544 4
546 2
547 4
548 7
549 1
550 4
551 5
552 1
553 3
554 1
555 2
556 1
557 2
558 2
559 4
560 3
561 3
562 4
563 3
564 3
565 2
566 3
567 3
568 1
569 1
570 2
571 1
572 3
573 1
574 2
576 2
577 1
578 3
579 5
580 4
581 5
582 3
583 2
584 4
585 2
587 1
588 1
589 2
590 2
591 2
592 3
594 3
595 4
597 5
598 3
599 1
600 2
602 1
603 3
604 4
605 1
606 2
608 3
609 3
610 4
612 1
614 1
615 2
616 1
617 2
618 1
619 2
620 2
622 2
623 1
624 2
625 3
626 3
628 3
629 2
630 3
631 3
632 1
633 2
634 2
635 1
639 1
640 4
641 4
642 3
643 1
644 5
645 6
646 3
647 1
648 2
649 1
650 2
651 3
652 2
654 2
655 3
656 1
657 1
658 3
659 3
660 3
661 2
662 1
663 2
665 1
667 3
668 3
669 1
670 3
671 1
673 1
674 3
675 1
678 4
679 1
680 2
681 2
682 2
683 3
684 4
685 2
687 3
688 2
689 2
692 3
693 2
695 1
696 1
697 1
698 3
699 3
700 1
701 2
702 1
703 2
704 1
705 1
707 2
709 3
710 2
711 4
713 1
714 2
715 3
716 2
717 1
718 2
720 1
721 2
722 5
723 2
724 1
725 3
726 1
728 4
729 2
730 1
731 2
732 1
734 6
735 4
737 1
739 2
740 1
741 3
742 3
743 3
744 1
745 4
746 1
747 2
748 5
749 2
750 5
752 1
754 2
755 2
756 3
757 1
758 3
759 2
760 1
761 1
763 3
764 1
765 2
766 3
767 1
768 4
769 3
770 3
772 2
773 1
774 2
775 3
776 2
777 1
779 3
780 1
781 6
783 2
784 1
785 3
786 1
787 1
788 2
790 2
791 1
793 2
795 1
796 3
797 2
798 3
800 1
802 2
804 1
805 2
806 3
807 3
808 1
809 3
810 4
811 3
812 2
813 2
814 2
815 3
816 3
817 1
818 3
819 2
821 1
822 1
823 1
824 3
825 4
827 3
828 1
829 1
830 1
831 3
832 2
833 3
834 3
835 2
836 1
838 4
839 1
840 1
841 3
842 2
843 2
845 3
846 2
847 1
848 2
850 2
851 1
852 2
853 3
854 1
855 2
857 4
858 1
859 1
860 2
861 1
862 2
863 1
864 2
865 1
866 2
867 2
868 2
870 3
871 1
872 1
873 3
874 4
875 1
876 1
878 2
879 3
880 3
881 3
882 2
884 3
885 2
886 4
887 4
888 1
889 4
890 4
891 2
894 1
895 2
896 1
898 3
899 2
900 2
902 3
903 2
904 3
905 2
906 2
907 1
908 1
911 2
912 1
913 3
915 4
916 3
917 2
919 1
920 2
921 3
923 2
924 2
926 3
927 4
928 4
929 1
930 2
932 3
933 3
934 2
936 3
937 2
938 1
940 4
941 3
943 3
944 2
945 4
946 5
947 2
948 1
949 2
950 2
952 3
953 1
954 1
955 1
956 2
957 1
958 2
959 3
960 1
961 1
962 2
963 1
964 1
965 2
967 1
969 2
970 1
971 2
975 2
976 3
977 1
978 2
979 7
981 1
982 1
983 1
984 1
985 1
986 1
987 4
988 4
989 1
990 2
991 2
992 1
993 1
994 2
998 2
1000 1
1001 1
1002 2
1003 4
1004 4
1005 2
1006 1
1007 1
1009 3
1010 1
1011 4
1012 2
1014 3
1015 3
1016 1
1017 1
1018 5
1019 2
1020 4
1021 2
1022 1
1023 4
1025 5
1026 1
1029 3
1030 4
1031 1
1032 1
1033 2
1034 4
1035 2
1036 2
1037 1
1038 1
1039 5
1040 1
1041 2
1042 2
1043 2
1044 1
1046 3
1047 1
1048 1
1049 1
1050 3
1051 1
1052 3
1055 2
1057 1
1058 1
1060 2
1061 3
1063 1
1065 1
1066 1
1067 2
1068 2
1069 2
1070 3
1071 2
1072 1
1073 1
1075 4
1076 2
1077 1
1078 1
1079 2
1080 1
1082 1
1084 3
1085 1
1086 1
1087 1
1088 1
1089 1
1090 4
1091 1
1092 2
1093 1
1094 1
1095 1
1096 1
1097 2
1098 3
1099 1
1100 3
1103 2
1104 1
1105 1
1106 1
1107 4
1108 2
1109 4
1111 1
1112 6
1114 2
1116 4
1117 1
1119 3
1120 2
1121 1
1122 1
1123 1
1125 3
1126 1
1127 1
1128 1
1129 3
1130 1
1131 3
1132 2
1133 2
1134 2
1136 1
1138 1
1139 1
1140 4
1141 1
1142 2
1143 2
1144 1
1145 5
1146 2
1147 2
1148 2
1149 2
1150 1
1151 2
1152 1
1153 1
1154 1
1155 2
1156 5
1157 1
1159 4
1161 2
1163 2
1164 2
1165 4
1166 3
1167 2
1168 1
1169 2
1170 3
1171 2
1172 2
1173 2
1174 1
1176 4
1179 3
1180 1
1183 2
1185 2
1186 5
1187 3
1188 4
1189 5
1190 1
1191 1
1192 4
1193 1
1195 1
1197 2
1198 1
1199 4
1200 1
1201 2
1202 1
1204 2
1206 1
1207 2
1208 3
1209 3
1210 1
1211 1
1212 1
1214 2
1215 1
1216 5
1218 3
1219 1
1220 2
1222 1
1223 2
1225 1
1226 2
1227 1
1228 2
1229 1
1230 1
1231 5
1232 2
1233 1
1234 1
1235 3
1236 1
1237 1
1238 3
1239 4
1241 4
1242 1
1243 4
1245 2
1246 1
1247 2
1248 3
1249 8
1250 1
1252 1
1253 4
1254 3
1255 1
1256 3
1259 1
1260 4
1261 2
1263 1
1264 2
1265 3
1266 2
1267 2
1268 1
1269 1
1270 2
1271 1
1272 1
1273 2
1274 4
1275 3
1276 4
1277 1
1279 1
1280 4
1281 1
1282 3
1283 5
1284 4
1286 1
1287 1
1288 1
1290 2
1291 3
1293 3
1294 4
1295 3
1296 3
1297 1
1298 3
1299 1
1300 2
1301 3
1304 2
1305 5
1306 1
1308 1
1309 1
1310 1
1312 2
1313 2
1314 1
1316 1
1318 3
1319 3
1321 5
1322 5
1323 3
1324 3
1325 1
1326 5
1327 3
1328 1
1329 2
1331 2
1332 2
1333 1
1335 2
1336 1
1337 2
1338 2
1339 1
1341 1
1342 1
1343 1
1344 1
1345 3
1346 1
1348 4
1349 4
1350 2
1351 3
1352 2
1353 6
1354 2
1355 2
1356 5
1357 4
1358 1
1359 1
1360 4
1363 2
1364 2
1365 3
1366 1
1367 2
1368 4
1369 3
1370 2
1371 1
1372 1
1374 4
1375 4
1376 2
1377 3
1378 5
1379 2
1380 2
1381 1
1382 2
1383 4
1384 2
1385 4
1386 2
1387 2
1388 2
1389 2
1390 3
1392 3
1394 3
1395 1
1396 4
1397 4
1398 3
1399 1
1400 4
1401 2
1402 4
1403 4
1404 6
1405 3
1407 1
1408 2
1409 4
1410 1
1411 4
1412 6
1413 6
1414 3
1415 1
1416 3
1417 2
1418 1
1419 1
1421 1
1422 1
1424 1
1426 4
1427 1
1428 5
1429 2
1431 4
1432 2
1433 2
1434 2
1435 2
1436 6
1437 1
1438 1
1439 5
1440 3
1441 1
1443 2
1444 2
1445 1
1446 3
1447 3
1448 3
1449 2
1450 2
1451 5
1452 3
1453 1
1454 4
1455 2
1456 3
1457 2
1459 4
1460 1
1461 1
1462 2
1463 5
1464 4
1465 1
1466 1
1467 3
1468 6
1469 3
1470 4
1471 2
1472 4
1473 2
1474 5
1475 2
1476 1
1477 2
1478 2
1479 1
1480 3
1481 2
1482 2
1483 3
1484 2
1485 3
1486 3
1487 3
1488 2
1489 1
1490 2
1491 5
1492 1
1493 3
1494 1
1495 3
1496 2
1497 4
1499 4
1500 2
1501 1
1502 2
1504 3
1505 3
1506 1
1507 1
1508 1
1509 4
1510 3
1511 6
1512 5
1514 3
1516 3
1517 1
1518 2
1519 3
1520 1
1521 3
1522 4
1524 2
1525 3
1526 4
1527 1
1528 6
1529 2
1530 2
1531 3
1532 2
1534 1
1535 4
1536 2
1537 2
1538 1
1539 4
1540 1
1541 1
1542 3
1543 5
1544 4
1545 5
1546 2
1547 3
1548 2
1551 2
1552 1
1553 2
1554 1
1556 2
1557 4
1558 2
1559 4
1560 3
1561 1
1562 2
1563 2
1565 2
1566 2
1567 5
1568 4
1569 3
1571 2
1572 2
1573 1
1574 3
1575 3
1576 2
1577 3
1578 2
1579 1
1580 3
1581 1
1584 2
1585 1
1586 3
1587 3
1588 3
1589 3
1591 3
1592 1
1593 2
1594 1
1595 2
1596 1
1597 1
1600 3
1601 2
1602 2
1603 6
1604 2
1605 2
1606 1
1607 1
1609 1
1610 3
1612 1
1613 2
1614 1
1615 1
1616 2
1617 2
1619 2
1621 1
1622 3
1623 1
1624 2
1625 1
1626 1
1627 1
1628 1
1629 1
1631 2
1632 1
1635 2
1637 1
1638 1
1639 1
1641 1
1642 1
1643 1
1644 1
1645 1
1647 1
1651 2
1656 2
1657 1
1661 1
1664 1
1665 1
1666 1
1667 2
1668 1
1669 1
1670 1
1674 1
1693 1
