N J h mean_R_sq err_mean_R_sq mean_R_gyr_sq err_mean_R_gyr_sq 
2500 1.323 0 20291.9 467.616 3106.27 54.3444
837 1
856 1
861 1
869 2
876 1
877 1
880 1
881 1
882 4
883 5
884 2
885 2
886 2
887 3
888 1
889 2
890 4
891 6
892 3
894 7
895 5
896 7
897 5
898 4
899 8
900 7
901 10
902 5
903 3
904 14
905 5
906 11
907 9
908 4
909 13
910 13
911 11
912 14
913 9
914 17
915 7
916 16
917 12
918 18
919 14
920 24
921 19
922 23
923 22
924 14
925 21
926 21
927 23
928 31
929 32
930 20
931 24
932 33
933 38
934 31
935 44
936 32
937 40
938 43
939 44
940 39
941 46
942 49
943 41
944 48
945 43
946 38
947 54
948 41
949 57
950 38
951 47
952 65
953 43
954 59
955 65
956 59
957 53
958 70
959 57
960 86
961 64
962 62
963 75
964 69
965 71
966 54
967 59
968 59
969 68
970 55
971 60
972 78
973 55
974 75
975 77
976 55
977 79
978 68
979 57
980 61
981 55
982 70
983 58
984 67
985 52
986 49
987 50
988 61
989 58
990 58
991 47
992 42
993 43
994 45
995 50
996 45
997 36
998 43
999 33
1000 45
1001 55
1002 36
1003 36
1004 40
1005 29
1006 30
1007 31
1008 30
1009 29
1010 19
1011 31
1012 24
1013 19
1014 15
1015 20
1016 16
1017 9
1018 21
1019 17
1020 18
1021 14
1022 16
1023 18
1024 9
1025 16
1026 10
1027 8
1028 7
1029 6
1030 11
1031 5
1032 5
1033 9
1034 5
1035 7
1036 5
1037 2
1038 3
1039 5
1040 2
1041 3
1042 5
1043 3
1044 1
1045 3
1046 2
1048 1
1049 2
1050 2
1051 2
1052 3
1053 2
1054 1
1055 1
1064 1
1065 1
1066 1
1071 1
