N J h mean_R_sq err_mean_R_sq mean_R_gyr_sq err_mean_R_gyr_sq 
2916 1.471 0 2280.13 484.088 723.92 91.1073
535 1
536 1
537 1
540 2
542 2
543 1
544 7
546 1
547 1
548 2
549 2
550 2
551 5
552 4
553 4
554 5
555 6
556 1
557 4
558 10
559 5
560 5
561 16
562 10
563 12
564 11
565 16
566 20
567 18
568 18
569 16
570 29
571 14
572 25
573 21
574 29
575 25
576 26
577 37
578 57
579 47
580 45
581 46
582 45
583 32
584 61
585 63
586 68
587 49
588 57
589 67
590 68
591 62
592 54
593 42
594 70
595 77
596 73
597 68
598 87
599 62
600 72
601 90
602 103
603 74
604 78
605 74
606 76
607 80
608 94
609 86
610 88
611 84
612 78
613 65
614 67
615 69
616 54
617 62
618 64
619 68
620 61
621 65
622 60
623 61
624 41
625 54
626 59
627 37
628 45
629 37
630 43
631 47
632 29
633 41
634 26
635 33
636 19
637 35
638 21
639 22
640 24
641 22
642 21
643 16
644 8
645 22
646 14
647 16
648 15
649 13
650 14
651 13
652 9
653 9
654 7
655 6
656 5
657 6
658 10
659 7
660 4
661 1
662 4
663 2
664 5
665 6
666 4
667 2
668 1
670 2
672 1
673 1
675 2
676 3
677 3
678 1
679 1
681 1
683 2
685 2
687 1
688 2
691 1
693 1
755 1
763 1
780 1
781 1
783 1
787 1
788 1
801 1
802 1
804 1
807 1
837 1
