N J h mean_R_sq err_mean_R_sq mean_R_gyr_sq err_mean_R_gyr_sq 
4900 1.4 0 6595.2 711.092 1646.72 77.0701
570 1
580 1
583 1
605 1
609 1
611 1
616 2
622 1
626 1
627 1
629 1
630 1
631 1
633 1
636 1
637 1
638 2
639 2
640 1
641 1
643 2
646 1
648 2
651 1
655 3
658 1
661 1
662 1
663 1
664 2
665 1
669 1
673 1
677 2
678 1
680 3
681 1
682 4
683 2
684 1
686 2
687 1
688 2
689 3
690 2
691 1
693 3
694 3
695 1
696 1
698 2
699 1
701 1
702 1
703 1
705 3
706 1
707 2
708 2
709 1
710 4
711 1
712 1
713 3
714 4
715 1
716 1
717 3
718 2
719 2
720 2
721 4
722 4
723 10
724 3
725 2
726 2
727 3
728 2
729 3
730 3
731 1
732 4
733 4
734 4
735 1
736 4
737 2
738 5
739 3
740 3
741 1
742 4
743 1
744 4
745 4
746 3
747 3
748 4
749 3
750 3
751 6
752 1
753 3
754 3
755 4
756 4
757 2
758 6
759 6
760 2
761 5
762 5
763 4
764 5
765 5
766 2
767 6
769 6
770 5
771 8
772 3
773 5
774 6
775 4
776 7
777 1
778 4
779 3
781 4
782 7
783 3
784 5
785 8
786 7
787 4
788 11
789 3
790 6
791 5
792 6
793 5
794 6
795 9
796 7
797 4
798 5
799 7
800 9
801 6
802 11
803 8
804 9
805 9
806 5
807 4
808 5
809 8
810 6
811 3
812 6
813 5
814 5
815 8
816 6
817 4
818 12
819 2
820 5
821 9
822 5
823 10
824 6
825 5
826 9
827 10
828 8
829 9
830 7
831 5
832 10
833 7
834 5
835 4
836 7
837 13
838 9
839 8
840 10
841 11
842 14
843 3
844 10
845 6
846 13
847 5
848 8
849 3
850 13
851 9
852 14
853 16
854 10
855 6
856 8
857 11
858 14
859 5
860 7
861 10
862 6
863 12
864 7
865 6
866 8
867 10
868 9
869 9
870 12
871 11
872 13
873 5
874 6
875 13
876 13
877 8
878 13
879 8
880 10
881 8
882 10
883 8
884 11
885 10
886 12
887 8
888 7
889 14
890 13
891 12
892 16
893 6
894 8
895 12
896 10
897 10
898 8
899 21
900 14
901 13
902 13
903 11
904 8
905 5
906 8
907 11
908 9
909 10
910 12
911 13
912 10
913 12
914 7
915 3
916 14
917 8
918 17
919 8
920 13
921 16
922 14
923 11
924 9
925 6
926 10
927 7
928 13
929 14
930 17
931 7
932 10
933 10
934 8
935 18
936 18
937 15
938 12
939 15
940 8
941 9
942 11
943 12
944 13
945 14
946 17
947 15
948 11
949 13
950 12
951 11
952 10
953 9
954 14
955 11
956 16
957 9
958 10
959 20
960 15
961 15
962 19
963 13
964 10
965 11
966 18
967 8
968 12
969 14
970 13
971 11
972 12
973 21
974 16
975 7
976 17
977 9
978 18
979 7
980 17
981 15
982 10
983 15
984 11
985 19
986 13
987 15
988 14
989 13
990 11
991 15
992 12
993 17
994 16
995 17
996 15
997 16
998 13
999 12
1000 17
1001 17
1002 4
1003 17
1004 18
1005 16
1006 18
1007 11
1008 16
1009 16
1010 20
1011 13
1012 13
1013 19
1014 13
1015 17
1016 11
1017 11
1018 16
1019 13
1020 15
1021 16
1022 14
1023 17
1024 7
1025 10
1026 16
1027 7
1028 8
1029 15
1030 14
1031 19
1032 8
1033 12
1034 9
1035 19
1036 11
1037 15
1038 13
1039 12
1040 18
1041 14
1042 18
1043 18
1044 15
1045 16
1046 11
1047 17
1048 18
1049 12
1050 12
1051 18
1052 10
1053 10
1054 21
1055 12
1056 12
1057 11
1058 12
1059 12
1060 9
1061 18
1062 11
1063 9
1064 16
1065 10
1066 19
1067 9
1068 13
1069 13
1070 8
1071 16
1072 11
1073 5
1074 11
1075 15
1076 12
1077 10
1078 7
1079 12
1080 13
1081 10
1082 10
1083 11
1084 16
1085 15
1086 17
1087 13
1088 12
1089 14
1090 13
1091 14
1092 7
1093 12
1094 16
1095 8
1096 10
1097 11
1098 16
1099 11
1100 14
1101 12
1102 12
1103 13
1104 8
1105 9
1106 11
1107 3
1108 13
1109 10
1110 10
1111 10
1112 10
1113 7
1114 5
1115 15
1116 7
1117 7
1118 9
1119 9
1120 12
1121 12
1122 9
1123 10
1124 11
1125 7
1126 11
1127 9
1128 7
1129 11
1130 9
1131 10
1132 16
1133 6
1134 5
1135 13
1136 10
1137 6
1138 11
1139 12
1140 4
1141 6
1142 13
1143 8
1144 8
1145 8
1146 7
1147 11
1148 11
1149 13
1150 7
1151 8
1152 4
1153 6
1154 6
1155 7
1156 7
1157 9
1158 8
1159 6
1160 5
1161 5
1162 8
1163 8
1164 3
1165 11
1166 10
1167 5
1168 11
1169 11
1170 8
1171 6
1172 8
1173 8
1174 4
1175 7
1176 8
1177 8
1178 6
1179 5
1180 9
1181 9
1182 4
1183 6
1184 7
1185 6
1186 8
1187 6
1188 4
1189 3
1190 8
1191 5
1192 6
1193 8
1194 7
1195 15
1196 9
1197 3
1198 5
1199 5
1200 10
1201 5
1202 8
1203 6
1204 7
1205 8
1206 9
1207 5
1208 6
1209 8
1210 4
1211 10
1212 4
1213 5
1214 7
1215 2
1216 5
1217 3
1218 6
1219 3
1220 5
1221 3
1222 3
1223 6
1224 3
1225 6
1226 7
1227 10
1228 5
1229 6
1230 6
1231 4
1232 4
1233 6
1234 7
1235 1
1236 6
1237 4
1238 3
1239 6
1240 6
1241 6
1242 3
1243 2
1244 8
1245 3
1246 5
1247 7
1249 2
1250 2
1251 3
1252 3
1253 3
1254 2
1255 7
1256 6
1258 3
1259 6
1260 3
1261 1
1262 2
1263 4
1264 5
1265 5
1266 5
1267 3
1269 3
1270 3
1272 3
1273 2
1274 3
1275 3
1276 2
1277 2
1278 3
1279 1
1280 3
1281 7
1282 2
1283 2
1284 2
1285 1
1286 2
1287 3
1288 3
1289 3
1292 2
1293 2
1294 2
1295 3
1296 3
1297 3
1298 2
1300 1
1301 1
1303 4
1304 2
1306 3
1307 2
1308 2
1310 1
1311 1
1313 1
1314 2
1315 1
1316 2
1317 3
1318 2
1320 3
1323 1
1324 1
1328 2
1329 1
1330 2
1331 2
1332 4
1333 2
1334 2
1336 1
1338 2
1340 1
1343 2
1344 1
1345 2
1346 1
1347 1
1349 2
1350 1
1351 1
1355 1
1358 1
1362 1
1364 1
1365 1
1368 2
1372 1
1375 1
1377 2
1378 1
1379 1
1381 2
1382 1
1387 1
1389 2
1399 1
1401 1
1404 1
1405 1
1429 1
1433 1
1435 1
1441 1
1449 1
1451 1
1482 1
