N J h mean_R_sq err_mean_R_sq mean_R_gyr_sq err_mean_R_gyr_sq 
1600 1.335 0 10031 829.373 1559.31 94.8441
85 1
181 1
277 1
293 1
305 2
313 1
361 1
377 1
401 1
425 1
461 1
485 1
509 1
697 1
725 1
793 1
865 1
985 1
1049 1
1105 1
1217 1
1225 1
1229 1
1301 1
1417 1
1429 1
1433 1
1445 1
1565 1
1625 1
1765 1
1873 1
1921 1
1945 1
1989 1
2009 1
2041 1
2053 1
2057 1
2061 1
2125 1
2173 1
2225 1
2257 1
2377 1
2389 1
2465 1
2509 1
2533 1
2545 1
2561 1
2581 1
2665 2
2677 1
2701 1
2813 1
2825 1
2861 1
3085 1
3089 1
3145 2
3181 1
3205 1
3277 1
3281 2
3361 1
3481 1
3613 1
3653 1
3737 1
3757 2
3961 1
3965 1
3985 1
4005 2
4045 1
4097 1
4121 1
4133 1
4145 1
4149 1
4157 1
4265 1
4285 1
4397 1
4481 1
4505 2
4621 1
4777 1
4849 1
4909 1
4913 1
4985 1
5009 1
5085 1
5197 1
5345 1
5381 1
5465 1
5501 1
5525 1
5717 1
5729 1
5737 1
5777 1
5825 1
5837 2
5849 1
5965 1
6113 1
6125 1
6165 1
6201 1
6245 1
6309 1
6329 1
6385 1
6521 1
6565 2
6661 1
6705 1
6805 1
6845 1
6849 1
6869 1
6929 1
7093 1
7173 1
7477 1
7517 1
7529 1
7669 1
7681 1
7685 1
7717 1
7785 1
7825 1
7841 1
7913 1
7933 1
7969 1
8021 2
8081 1
8089 1
8125 1
8181 1
8245 1
8249 1
8405 2
8573 1
8577 1
8689 1
8725 3
8917 1
9089 1
9173 1
9189 1
9197 1
9265 1
9333 1
9365 1
9389 1
9553 1
9673 1
9685 1
9721 1
9745 1
9797 1
9805 1
9829 1
9945 1
9985 1
10057 1
10081 1
10133 1
10301 1
10405 1
10441 1
10445 1
10513 1
10597 1
10625 1
10629 1
10685 2
10705 1
10777 1
10877 1
10897 1
11101 1
11125 1
11177 1
11225 1
11437 1
11461 1
11773 1
11833 1
12025 1
12053 2
12209 1
12337 1
12349 1
12393 1
12517 1
12665 1
13061 1
13077 1
13181 1
13325 2
13345 1
13441 1
13505 1
13553 1
13565 1
13625 1
13949 1
14161 2
14261 2
14449 1
14841 1
14909 1
14933 1
14977 1
15241 1
15245 1
15325 1
15329 1
15605 1
15725 1
15901 1
16165 1
16273 1
16385 1
16613 1
16645 2
16649 1
17113 1
17433 1
17557 1
17649 1
17973 1
18421 1
18989 1
19069 1
19193 1
19225 1
19265 1
19661 1
19721 1
19885 2
19961 1
20285 1
20557 1
20693 1
20857 1
21149 1
21169 1
21281 1
21313 1
21905 1
22345 1
22369 1
23465 1
24049 1
24625 1
24785 1
25433 1
25857 1
27261 1
29077 1
32125 1
33037 1
33865 1
38261 1
38849 1
40045 1
46633 1
55261 1
63025 1
72297 1
