N J h mean_R_sq err_mean_R_sq mean_R_gyr_sq err_mean_R_gyr_sq 
900 1.365 0 3088.58 96.7998 528.7 8.42135
1 1
5 3
13 1
17 1
41 1
53 2
61 1
85 3
89 2
101 2
109 1
113 3
121 1
125 2
145 4
149 1
153 1
157 1
169 4
173 1
181 3
185 2
205 1
221 2
229 1
233 2
241 2
245 4
257 2
265 4
269 1
281 2
289 1
293 2
305 6
317 2
325 4
333 3
337 2
349 1
353 2
361 1
365 2
369 5
373 4
377 5
389 1
397 1
405 2
409 1
425 2
433 3
445 1
449 2
457 1
481 3
493 3
505 3
509 3
521 3
533 2
545 1
557 1
565 6
569 1
577 2
585 1
593 4
601 1
605 2
613 2
625 3
629 3
637 1
641 1
657 2
661 3
673 2
689 1
697 6
701 2
709 1
725 6
729 2
733 1
745 4
761 2
765 1
769 3
773 1
785 3
793 2
797 1
801 1
809 1
821 2
833 2
845 4
857 1
865 3
873 1
877 1
901 2
905 2
909 2
925 2
929 5
937 1
949 1
965 5
977 1
981 2
997 1
1017 1
1021 1
1025 2
1033 4
1037 2
1061 1
1069 1
1073 3
1089 1
1093 1
1105 6
1117 2
1125 2
1153 2
1165 4
1181 3
1189 1
1193 2
1201 3
1205 2
1213 5
1217 3
1225 3
1233 1
1241 4
1249 2
1261 4
1277 1
1285 2
1297 4
1301 1
1305 1
1313 1
1325 3
1341 2
1345 4
1361 1
1369 1
1373 1
1377 1
1381 2
1385 4
1409 1
1413 2
1417 1
1429 1
1433 4
1445 3
1465 1
1469 1
1481 1
1489 1
1513 5
1517 1
1525 2
1537 2
1549 1
1557 1
1565 2
1573 1
1585 2
1609 1
1613 3
1621 1
1625 4
1629 3
1637 1
1649 1
1657 1
1665 1
1669 1
1681 2
1685 3
1709 1
1717 4
1733 1
1737 1
1741 1
1745 3
1753 2
1765 3
1769 1
1781 2
1789 1
1801 1
1805 1
1825 3
1845 2
1849 1
1853 1
1861 2
1873 1
1877 1
1885 8
1889 1
1913 1
1921 2
1933 4
1945 3
1961 1
1973 1
1985 3
1989 1
1993 1
1997 3
2029 1
2041 4
2045 1
2053 1
2061 1
2069 1
2089 1
2097 1
2105 4
2117 2
2125 1
2137 1
2141 1
2153 2
2165 2
2173 3
2197 3
2205 1
2213 1
2221 1
2225 1
2237 3
2245 1
2249 1
2269 2
2273 1
2281 1
2293 1
2297 2
2305 1
2313 1
2329 4
2377 1
2381 1
2385 2
2401 1
2405 3
2417 3
2421 4
2425 3
2441 1
2465 2
2473 1
2501 2
2509 2
2525 2
2533 1
2545 1
2549 1
2561 1
2581 4
2593 1
2605 2
2621 1
2637 1
2657 1
2665 3
2669 1
2677 1
2689 1
2725 1
2729 1
2745 1
2749 1
2777 1
2785 2
2789 1
2797 1
2813 3
2825 1
2837 1
2845 1
2857 1
2873 3
2885 2
2897 1
2925 1
2929 2
2953 1
2957 1
2965 2
2969 4
2977 1
2993 3
2997 1
3005 1
3065 1
3077 6
3085 1
3089 2
3121 1
3133 2
3137 1
3145 2
3161 4
3169 1
3185 2
3205 4
3209 1
3217 1
3221 1
3233 1
3265 2
3277 3
3285 2
3293 3
3301 1
3305 2
3329 1
3341 1
3349 4
3357 1
3361 3
3365 2
3373 1
3385 3
3389 2
3393 2
3413 2
3425 1
3445 2
3457 1
3461 2
3469 1
3497 3
3501 1
3509 1
3517 2
3533 1
3541 1
3545 2
3577 2
3589 1
3617 2
3625 1
3637 3
3645 1
3649 1
3653 3
3665 2
3681 1
3701 2
3709 1
3725 1
3733 1
3737 1
3757 2
3761 1
3805 2
3809 2
3825 2
3833 1
3865 1
3869 2
3881 1
3889 1
3893 1
3897 2
3917 2
3925 2
3961 1
3965 3
3969 1
3973 1
3989 1
4001 1
4005 1
4013 1
4033 1
4057 1
4069 1
4093 1
4097 2
4105 1
4121 1
4129 1
4141 1
4145 2
4153 2
4225 3
4229 1
4253 1
4285 1
4297 1
4321 3
4325 1
4329 1
4349 1
4361 1
4365 1
4381 1
4385 2
4397 1
4405 1
4409 1
4421 1
4441 1
4469 1
4493 1
4505 2
4513 1
4525 1
4545 1
4549 1
4553 1
4633 1
4637 2
4657 1
4689 1
4709 1
4721 1
4753 1
4765 2
4777 1
4797 3
4805 1
4817 1
4849 1
4877 1
4885 1
4901 2
4913 1
4925 1
4937 1
4981 2
4985 1
5009 1
5017 1
5045 2
5069 1
5077 2
5085 1
5105 2
5125 1
5165 2
5185 1
5209 1
5213 1
5233 1
5245 1
5261 1
5297 1
5337 2
5341 1
5365 1
5429 2
5449 2
5513 1
5525 1
5537 1
5557 1
5581 1
5585 2
5617 1
5625 1
5661 1
5713 1
5737 1
5741 2
5809 1
5825 2
5881 1
5941 1
5953 1
5965 1
5993 2
6025 1
6029 1
6065 1
6109 1
6121 1
6137 1
6165 1
6173 1
6185 1
6205 2
6245 1
6253 1
6269 1
6277 1
6305 3
6389 1
6401 1
6409 2
6413 1
6421 1
6425 1
6437 1
6469 1
6473 2
6497 1
6505 1
6525 2
6529 1
6565 1
6605 1
6641 1
6661 1
6705 2
6737 1
6773 1
6805 1
6953 1
6961 1
7001 1
7013 1
7045 1
7065 1
7081 1
7109 1
7121 1
7177 1
7225 1
7241 2
7265 1
7381 1
7397 2
7405 1
7565 1
7569 1
7625 1
7677 1
7713 1
7745 1
7913 1
7925 1
7957 1
7993 1
8017 1
8021 2
8069 1
8077 1
8125 2
8181 1
8245 1
8325 1
8381 2
8405 1
8425 1
8605 1
8641 1
8737 1
8765 1
8821 1
8833 2
8849 1
8885 1
8989 1
9113 1
9265 1
9325 2
9385 1
9425 2
9473 1
9505 1
9577 1
9621 1
9661 1
9781 1
9805 1
9833 1
10121 1
10141 1
10225 1
10285 1
10517 1
10585 1
10625 1
10645 1
10777 1
11185 1
11425 1
11465 1
11597 1
11713 1
11773 1
12017 1
12413 1
12625 1
12629 2
12905 1
13345 1
13465 1
13549 1
13897 1
13973 1
16529 1
16965 1
17197 1
17505 1
