N J h mean_R_sq err_mean_R_sq mean_R_gyr_sq err_mean_R_gyr_sq 
2500 1.335 0 16760.6 326.339 2633.25 30.5575
5 1
9 1
13 1
17 2
25 3
29 1
41 1
45 1
49 1
53 1
61 2
65 3
85 3
89 2
97 2
101 1
109 2
113 1
117 2
121 2
125 1
145 5
149 2
153 4
157 1
169 2
173 3
181 1
185 3
193 1
197 1
205 5
221 8
225 4
229 1
233 1
241 3
245 2
257 1
261 2
265 6
277 2
281 3
289 2
305 8
313 2
317 1
325 3
333 2
337 1
349 1
353 3
361 1
365 4
369 3
373 1
377 4
389 2
397 3
401 5
405 1
409 2
421 2
425 8
445 5
449 1
457 2
461 2
477 3
481 6
485 5
493 4
505 2
509 7
521 1
533 5
541 1
545 4
549 1
557 2
565 4
569 4
577 1
585 2
593 2
601 3
605 2
613 1
617 3
629 4
637 1
641 1
653 4
657 1
661 3
673 3
677 2
685 7
689 5
697 3
701 4
725 6
733 4
745 2
757 2
761 4
765 3
769 1
773 1
785 2
793 7
797 5
801 3
809 1
821 2
833 3
841 2
845 6
853 3
857 2
865 7
873 2
877 3
881 3
901 3
905 2
909 3
925 11
929 1
937 1
941 4
949 4
953 3
961 3
965 3
977 5
981 2
985 2
997 2
1009 3
1013 2
1017 3
1021 4
1025 5
1033 4
1037 3
1061 1
1069 1
1073 6
1093 5
1097 3
1105 6
1109 3
1117 1
1125 8
1129 2
1145 3
1153 2
1157 6
1165 2
1181 5
1189 6
1193 2
1201 3
1205 3
1213 3
1217 2
1225 4
1229 1
1233 1
1241 2
1249 2
1261 5
1277 1
1285 2
1297 3
1301 3
1305 5
1313 1
1321 1
1325 2
1341 1
1345 1
1361 2
1369 1
1373 1
1377 2
1381 2
1385 7
1405 3
1409 4
1413 3
1417 5
1421 3
1429 1
1433 1
1445 4
1453 2
1465 3
1469 3
1481 3
1489 1
1493 2
1513 3
1517 6
1525 10
1537 2
1549 3
1553 3
1557 1
1565 8
1573 3
1585 6
1597 3
1601 2
1609 2
1613 2
1621 3
1625 6
1629 7
1637 4
1649 5
1657 1
1665 2
1669 4
1681 4
1685 2
1693 4
1697 2
1709 4
1717 7
1721 1
1733 3
1737 2
1741 3
1745 1
1753 2
1765 2
1769 1
1773 2
1777 1
1781 6
1789 2
1801 3
1805 2
1813 4
1825 4
1845 3
1849 2
1853 3
1861 2
1865 3
1873 2
1877 1
1885 14
1889 3
1901 1
1913 3
1921 4
1937 4
1945 4
1949 2
1961 4
1973 2
1985 5
1989 5
1993 1
1997 2
2005 3
2009 2
2017 3
2025 7
2029 1
2041 3
2045 2
2057 2
2061 1
2069 1
2081 1
2089 5
2105 1
2113 4
2117 5
2125 7
2129 4
2137 2
2141 1
2153 2
2165 4
2169 3
2173 7
2197 3
2205 3
2221 4
2225 12
2237 2
2245 2
2249 6
2257 5
2269 3
2273 1
2281 1
2285 1
2293 2
2297 4
2305 5
2309 1
2329 2
2333 2
2349 1
2353 5
2357 2
2377 3
2381 4
2385 7
2389 3
2393 1
2405 10
2421 5
2425 6
2437 1
2441 2
2465 10
2473 3
2477 2
2493 2
2501 8
2509 5
2525 7
2529 2
2533 5
2545 3
2557 1
2561 4
2581 3
2593 3
2597 1
2601 1
2605 1
2621 3
2633 3
2645 4
2665 10
2669 4
2677 1
2689 1
2693 3
2701 3
2705 4
2713 3
2725 8
2729 3
2741 5
2745 3
2749 5
2753 5
2777 2
2785 3
2789 3
2801 2
2809 2
2813 7
2825 4
2833 3
2837 5
2845 5
2857 3
2861 1
2873 6
2885 4
2897 1
2909 4
2917 1
2925 10
2929 3
2941 3
2953 1
2957 3
2965 2
2969 2
2977 7
2989 2
2993 6
2997 1
3001 3
3005 5
3025 4
3029 5
3033 2
3041 3
3049 6
3065 3
3077 5
3085 4
3089 2
3109 1
3121 1
3125 6
3133 6
3137 5
3141 2
3145 16
3161 3
3177 2
3181 2
3185 4
3205 7
3209 4
3217 1
3229 3
3233 4
3253 1
3257 3
3265 9
3277 1
3281 3
3285 6
3293 6
3301 3
3305 5
3313 3
3321 1
3329 7
3341 8
3349 5
3357 2
3361 3
3365 5
3385 4
3389 2
3393 6
3413 1
3425 7
3433 2
3445 12
3449 2
3457 2
3461 3
3469 3
3481 1
3485 10
3497 4
3501 4
3505 2
3517 3
3529 6
3533 5
3541 2
3545 6
3557 2
3573 3
3577 1
3581 4
3589 3
3593 1
3601 5
3609 2
3613 6
3617 2
3625 8
3637 1
3645 3
3649 4
3653 6
3665 4
3673 2
3677 1
3681 4
3697 3
3701 2
3709 6
3721 3
3725 5
3733 1
3737 7
3757 11
3761 3
3769 3
3785 6
3789 1
3793 4
3797 3
3805 3
3809 3
3821 2
3825 6
3833 3
3845 3
3853 1
3865 7
3869 3
3877 4
3881 3
3889 2
3893 5
3897 2
3917 3
3925 5
3929 3
3961 5
3965 9
3969 1
3973 4
3977 9
3985 6
3989 1
4001 4
4005 3
4021 1
4033 6
4041 5
4049 1
4069 5
4073 1
4093 1
4097 4
4105 6
4113 3
4121 3
4129 3
4133 5
4141 7
4145 5
4149 2
4153 1
4157 1
4165 3
4177 2
4181 3
4201 1
4205 6
4217 5
4225 11
4229 4
4241 3
4253 1
4261 1
4265 4
4273 2
4285 3
4289 2
4293 1
4297 3
4321 5
4325 4
4329 6
4337 5
4349 2
4357 2
4361 3
4365 4
4369 2
4373 2
4381 4
4385 4
4397 4
4405 4
4437 3
4441 4
4453 1
4457 3
4469 3
4477 3
4481 6
4489 1
4493 3
4505 8
4513 1
4517 1
4525 7
4537 3
4545 7
4553 6
4561 1
4573 5
4581 1
4589 3
4597 2
4621 2
4625 9
4633 3
4637 4
4645 7
4649 4
4657 7
4673 5
4685 8
4689 1
4693 5
4705 3
4709 2
4717 2
4721 4
4729 2
4745 13
4753 1
4765 4
4777 2
4789 3
4793 5
4797 4
4801 2
4805 3
4813 1
4817 4
4825 10
4849 4
4869 1
4877 1
4885 2
4889 1
4901 5
4905 4
4909 2
4913 7
4925 4
4933 2
4937 1
4949 3
4957 5
4961 5
4969 2
4973 2
4981 8
4985 4
4993 3
5013 5
5017 2
5021 3
5045 8
5057 1
5065 5
5069 5
5077 1
5081 1
5085 3
5101 5
5105 4
5113 1
5121 1
5125 3
5141 8
5153 3
5161 4
5165 5
5185 11
5189 2
5193 3
5197 4
5209 2
5213 6
5233 6
5245 1
5249 10
5261 1
5265 4
5273 3
5281 2
5297 5
5305 5
5309 2
5317 4
5321 2
5329 2
5333 2
5341 2
5345 1
5353 2
5365 16
5381 2
5389 2
5393 2
5409 1
5413 4
5417 3
5429 6
5437 1
5441 1
5445 3
5449 3
5465 4
5473 1
5477 3
5485 2
5501 4
5513 4
5517 2
5521 3
5525 16
5537 1
5545 2
5553 2
5557 1
5569 3
5573 1
5581 2
5585 8
5597 4
5617 6
5625 8
5629 3
5641 3
5645 1
5653 1
5657 1
5661 2
5669 1
5689 3
5693 3
5713 4
5717 2
5725 12
5729 3
5737 2
5741 8
5765 4
5777 9
5785 9
5801 5
5809 3
5813 1
5825 8
5837 4
5849 1
5861 1
5869 2
5881 1
5897 3
5905 4
5913 1
5917 1
5933 4
5941 2
5945 8
5949 5
5953 1
5965 7
5981 3
5989 5
5993 3
6001 4
6005 9
6025 6
6029 4
6037 4
6053 2
6057 3
6065 2
6073 1
6085 3
6093 2
6101 3
6109 4
6113 2
6125 3
6133 6
6137 5
6145 7
6161 7
6165 6
6173 4
6185 6
6197 4
6201 7
6205 9
6221 2
6229 1
6241 1
6245 3
6253 4
6257 2
6269 2
6273 4
6277 2
6301 2
6305 12
6309 1
6317 2
6329 1
6337 4
6341 8
6353 1
6361 1
6373 1
6381 1
6385 3
6389 4
6397 5
6401 6
6409 8
6421 1
6425 5
6437 3
6445 1
6449 2
6469 5
6473 1
6481 1
6485 4
6497 6
6505 4
6521 2
6525 6
6529 4
6553 6
6561 2
6565 3
6577 2
6581 1
6597 1
6605 7
6613 6
6617 4
6625 8
6637 1
6641 3
6649 5
6653 1
6661 4
6673 6
6689 3
6697 4
6705 5
6709 2
6713 1
6725 7
6733 4
6737 1
6749 8
6757 3
6761 2
6773 2
6781 2
6793 1
6805 5
6813 1
6817 3
6829 2
6833 3
6841 1
6845 7
6849 1
6857 1
6865 6
6869 1
6877 2
6885 6
6893 4
6905 3
6917 3
6921 2
6925 7
6929 10
6949 3
6953 4
6957 4
6961 4
6977 2
6989 1
7001 1
7013 3
7025 5
7033 6
7045 6
7057 2
7065 3
7069 3
7081 4
7085 11
7093 2
7105 5
7109 1
7121 2
7129 1
7137 7
7141 2
7145 6
7157 4
7165 6
7173 1
7177 1
7193 2
7209 1
7225 13
7229 4
7237 2
7241 6
7261 9
7265 7
7281 2
7289 7
7297 3
7301 4
7309 3
7321 1
7325 9
7333 1
7345 6
7349 4
7361 3
7369 4
7373 6
7389 4
7393 2
7397 6
7405 2
7417 2
7421 8
7433 5
7445 1
7453 3
7457 2
7461 3
7465 4
7477 6
7481 1
7489 4
7497 5
7501 5
7517 2
7529 3
7537 4
7541 6
7561 2
7565 10
7569 1
7573 1
7577 4
7585 7
7589 2
7605 5
7621 2
7625 11
7633 3
7669 1
7673 3
7677 4
7681 1
7685 12
7693 1
7709 5
7713 3
7717 1
7741 1
7745 4
7753 2
7757 2
7765 5
7769 6
7785 3
7789 4
7801 2
7813 1
7817 3
7825 4
7829 3
7837 3
7841 4
7853 3
7857 2
7865 7
7873 2
7877 3
7897 5
7901 1
7913 2
7921 3
7925 6
7929 4
7933 2
7937 2
7949 5
7957 8
7969 6
7985 6
7993 1
8005 3
8009 2
8017 2
8021 3
8033 4
8045 6
8053 5
8065 5
8069 1
8077 3
8081 2
8089 2
8093 4
8101 2
8105 3
8109 5
8117 1
8125 5
8145 8
8149 4
8161 2
8177 4
8181 2
8185 4
8209 3
8221 4
8233 1
8237 1
8245 10
8249 2
8269 4
8273 1
8281 5
8285 3
8293 1
8297 4
8317 1
8321 5
8325 6
8329 2
8333 2
8345 1
8353 1
8357 4
8361 2
8369 4
8377 2
8381 7
8389 6
8405 5
8425 9
8429 1
8433 3
8461 1
8465 4
8469 1
8473 6
8477 4
8485 3
8497 4
8501 2
8513 2
8521 4
8537 3
8541 1
8545 5
8573 1
8577 1
8581 2
8585 6
8593 6
8597 2
8605 7
8609 2
8621 4
8629 2
8633 5
8641 8
8649 3
8653 2
8665 6
8669 2
8677 2
8681 4
8685 4
8689 3
8693 5
8705 2
8713 1
8725 2
8737 1
8741 3
8749 4
8761 2
8765 5
8793 1
8801 6
8821 3
8825 6
8829 4
8833 2
8837 1
8845 5
8849 1
8857 2
8861 3
8865 7
8869 4
8885 6
8893 1
8905 3
8917 5
8929 3
8933 1
8941 3
8945 7
8957 8
8969 5
8989 4
8993 2
9001 3
9005 5
9013 1
9025 4
9029 3
9041 4
9049 4
9061 15
9065 6
9077 7
9081 2
9089 4
9109 4
9113 1
9117 4
9125 8
9133 3
9137 1
9153 2
9157 2
9161 4
9169 3
9173 4
9189 1
9193 3
9197 6
9209 1
9217 6
9225 9
9241 2
9245 1
9257 4
9265 11
9293 3
9297 2
9305 3
9325 10
9333 3
9337 3
9341 2
9349 2
9365 6
9377 2
9385 4
9389 5
9397 4
9409 4
9413 2
9421 3
9425 13
9433 2
9437 1
9441 1
9445 7
9457 4
9461 2
9469 4
9473 2
9477 3
9497 2
9505 3
9509 5
9521 2
9529 6
9533 2
9549 1
9553 5
9565 4
9577 8
9593 2
9601 5
9605 7
9629 3
9649 2
9653 3
9657 10
9661 3
9665 7
9673 8
9677 1
9685 7
9689 1
9697 2
9701 4
9721 1
9725 8
9733 1
9745 3
9749 4
9769 1
9773 6
9781 2
9797 2
9801 3
9805 7
9809 5
9817 4
9829 4
9837 2
9857 1
9865 10
9873 1
9881 8
9893 2
9901 1
9925 10
9929 2
9941 2
9945 7
9949 3
9953 6
9965 5
9973 5
9981 2
9985 1
9997 2
10001 9
10009 1
10025 6
10037 3
10045 6
10049 2
10057 6
10061 4
10069 1
10081 3
10085 4
10093 1
10121 9
10125 3
10133 3
10141 5
10145 4
10161 4
10169 1
10177 2
10181 4
10193 1
10201 2
10205 3
10217 1
10225 8
10237 3
10249 5
10253 2
10265 8
10273 4
10285 3
10289 1
10301 1
10305 6
10309 4
10313 2
10321 6
10333 1
10337 3
10345 5
10357 2
10361 3
10369 3
10377 2
10397 5
10405 6
10413 5
10421 5
10429 3
10433 2
10441 7
10445 4
10453 6
10457 1
10469 2
10477 1
10485 6
10489 1
10501 3
10513 3
10517 7
10525 6
10529 4
10537 5
10565 7
10573 3
10585 5
10589 2
10597 3
10601 2
10609 2
10613 1
10625 15
10629 1
10645 4
10657 3
10673 4
10685 2
10693 4
10701 4
10729 3
10733 2
10737 2
10753 3
10765 7
10777 7
10781 1
10805 3
10817 4
10825 5
10829 2
10837 3
10841 6
10845 8
10853 1
10861 4
10865 9
10877 3
10889 1
10897 4
10909 1
10917 6
10933 7
10949 1
10953 2
10961 7
10973 2
10985 12
11009 5
11025 5
11029 6
11041 8
11045 2
11057 1
11061 3
11065 6
11069 3
11089 5
11093 1
11097 2
11101 2
11105 2
11113 1
11125 7
11141 6
11149 1
11161 1
11169 6
11173 4
11177 1
11185 8
11213 2
11225 6
11237 8
11245 9
11257 2
11261 1
11273 3
11281 7
11285 6
11317 2
11329 3
11345 9
11349 2
11357 4
11365 4
11369 1
11393 2
11401 5
11405 6
11413 7
11417 3
11425 4
11437 1
11441 8
11453 5
11461 3
11465 5
11485 3
11489 1
11493 1
11497 4
11509 3
11513 3
11521 4
11525 6
11545 2
11549 1
11565 5
11581 1
11593 2
11597 3
11617 3
11621 2
11629 5
11633 2
11645 6
11657 2
11665 8
11673 1
11677 5
11689 1
11705 4
11713 8
11717 1
11729 3
11737 2
11745 7
11765 8
11773 4
11777 1
11785 1
11789 1
11801 1
11809 4
11813 3
11817 4
11821 1
11849 7
11861 6
11881 5
11885 4
11897 1
11905 6
11917 3
11925 10
11941 3
11945 4
11953 3
11965 1
11969 1
11981 2
12005 3
12013 4
12017 4
12025 15
12037 4
12041 2
12049 3
12053 7
12069 2
12073 3
12077 5
12085 4
12105 5
12109 2
12125 10
12161 1
12181 7
12185 8
12193 2
12205 6
12209 2
12233 7
12241 2
12253 1
12269 2
12277 3
12281 2
12289 1
12301 1
12317 1
12321 1
12325 4
12329 2
12337 7
12349 3
12357 7
12365 5
12373 4
12377 1
12385 2
12389 3
12393 1
12401 1
12409 2
12413 1
12421 3
12429 2
12433 2
12437 1
12461 4
12465 3
12469 4
12473 2
12493 2
12497 3
12505 7
12517 1
12541 2
12545 6
12553 3
12557 3
12569 3
12577 3
12589 1
12601 2
12605 5
12613 2
12625 10
12629 3
12637 3
12641 1
12645 7
12665 6
12689 1
12697 3
12701 4
12713 2
12717 3
12721 1
12725 5
12745 4
12753 3
12769 5
12773 6
12781 2
12785 1
12789 1
12805 7
12809 2
12821 1
12829 4
12833 2
12841 3
12853 1
12861 2
12869 1
12889 2
12893 1
12897 2
12905 5
12913 3
12917 1
12937 2
12941 1
12953 1
12961 3
12965 1
12973 2
12985 2
12997 4
13001 3
13005 6
13009 1
13021 2
13025 6
13033 1
13037 2
13045 3
13049 1
13061 3
13073 5
13077 2
13085 3
13093 1
13105 1
13109 2
13117 6
13121 3
13141 6
13165 6
13169 7
13181 2
13185 7
13189 2
13213 9
13217 2
13221 2
13225 4
13229 2
13241 1
13249 2
13253 4
13261 3
13273 5
13285 1
13289 4
13309 2
13313 2
13325 9
13329 2
13337 3
13345 9
13357 1
13369 1
13381 2
13385 2
13397 3
13401 1
13417 1
13421 2
13429 1
13437 1
13441 3
13445 3
13457 1
13465 7
13469 1
13477 2
13481 9
13505 4
13525 8
13537 2
13549 3
13553 3
13565 5
13573 2
13577 1
13597 1
13613 3
13617 6
13621 2
13625 4
13633 2
13637 5
13645 2
13649 2
13653 5
13669 3
13673 3
13681 1
13689 1
13693 1
13697 3
13705 5
13709 1
13725 4
13729 1
13745 3
13753 2
13757 2
13765 4
13781 2
13789 3
13793 5
13801 3
13817 3
13833 2
13837 4
13841 4
13873 1
13877 1
13885 3
13897 6
13901 1
13921 5
13925 9
13933 1
13945 5
13949 6
13957 5
13969 4
13973 2
13977 4
13985 4
13997 1
14005 6
14009 2
14013 2
14029 2
14033 2
14045 7
14065 12
14085 2
14089 1
14093 1
14125 11
14149 3
14153 1
14157 1
14161 3
14165 5
14173 4
14177 3
14185 5
14197 2
14209 2
14213 5
14221 2
14225 3
14249 1
14257 1
14265 2
14281 4
14285 7
14293 3
14297 6
14305 2
14309 3
14321 3
14341 3
14357 1
14365 9
14369 1
14381 2
14389 5
14393 1
14401 2
14417 3
14425 7
14437 4
14453 3
14461 3
14473 3
14485 4
14489 3
14501 3
14517 1
14521 4
14537 2
14545 2
14549 2
14557 2
14561 3
14569 4
14585 3
14589 1
14593 2
14621 5
14625 6
14629 2
14633 2
14641 1
14645 9
14653 3
14661 2
14677 5
14681 4
14689 2
14701 7
14705 13
14713 5
14717 3
14733 2
14737 3
14741 1
14753 1
14761 1
14765 6
14785 4
14797 2
14801 1
14821 3
14825 6
14837 3
14841 5
14845 1
14869 1
14885 3
14893 4
14897 2
14909 3
14929 2
14933 3
14945 3
14957 3
14965 3
14969 2
14977 5
14985 1
14989 4
15005 2
15013 3
15017 1
15021 2
15025 5
15041 3
15049 1
15053 1
15073 1
15077 2
15101 2
15109 6
15121 1
15125 4
15133 3
15137 3
15145 4
15149 2
15161 3
15165 3
15173 1
15185 3
15205 2
15217 1
15229 1
15233 2
15237 1
15241 1
15245 4
15269 1
15273 4
15277 1
15289 3
15293 1
15305 4
15313 2
15317 5
15325 3
15329 2
15337 1
15349 2
15353 3
15361 4
15373 1
15381 2
15385 10
15397 3
15413 1
15425 5
15445 4
15457 9
15461 2
15473 3
15481 2
15489 2
15497 2
15509 5
15529 4
15533 1
15541 1
15545 1
15569 1
15577 3
15581 1
15597 1
15605 3
15613 4
15625 4
15629 2
15633 1
15649 2
15661 1
15665 6
15669 1
15677 5
15685 3
15689 3
15705 3
15725 11
15733 4
15749 2
15761 2
15769 4
15773 1
15777 1
15793 3
15797 1
15805 4
15809 3
15817 1
15821 6
15845 4
15857 2
15877 4
15881 1
15885 1
15889 3
15905 2
15921 7
15925 3
15929 4
15937 3
15949 3
15957 4
15973 2
15977 5
16001 2
16021 2
16025 1
16029 3
16033 1
16045 3
16057 2
16061 1
16069 1
16073 2
16085 1
16105 5
16109 3
16133 3
16141 3
16145 1
16153 2
16165 1
16189 2
16201 5
16209 2
16217 2
16229 1
16237 5
16241 1
16265 5
16273 1
16277 2
16285 2
16301 5
16317 3
16325 7
16333 1
16337 2
16349 2
16361 1
16369 1
16381 2
16385 8
16393 8
16405 5
16409 4
16417 4
16421 4
16425 2
16433 2
16441 5
16453 2
16465 2
16477 1
16481 2
16493 1
16501 5
16505 3
16513 4
16525 6
16529 3
16553 3
16561 1
16565 8
16573 3
16577 1
16601 5
16605 3
16609 4
16613 3
16633 2
16641 1
16645 3
16649 1
16657 2
16673 5
16677 4
16693 2
16705 3
16717 1
16729 2
16741 1
16745 6
16749 2
16757 2
16769 1
16781 2
16785 2
16801 4
16805 2
16825 4
16837 6
16861 2
16865 4
16889 1
16893 1
16897 2
16909 5
16913 2
16921 3
16925 2
16937 1
16945 2
16949 2
16965 12
16993 1
17001 2
17009 1
17021 2
17029 1
17033 3
17065 5
17069 9
17077 1
17093 2
17101 4
17109 1
17113 5
17117 2
17125 6
17137 3
17141 5
17153 1
17161 1
17165 3
17173 7
17177 5
17197 1
17209 2
17221 1
17225 12
17245 4
17257 2
17261 2
17285 4
17289 7
17297 3
17305 2
17317 1
17341 2
17345 3
17357 1
17377 5
17389 1
17397 3
17401 2
17405 1
17417 3
17425 10
17429 5
17433 5
17449 1
17473 1
17477 1
17485 6
17489 2
17497 3
17505 5
17509 3
17525 2
17533 4
17545 4
17557 2
17569 2
17573 3
17581 3
17585 1
17593 3
17597 2
17609 1
17629 4
17645 2
17649 1
17657 1
17665 2
17669 2
17681 1
17689 2
17713 2
17725 3
17737 1
17741 3
17749 1
17753 1
17757 3
17761 2
17777 2
17785 2
17789 2
17797 5
17833 7
17837 3
17849 5
17861 4
17865 3
17873 2
17885 3
17893 5
17901 3
17905 1
17909 1
17921 1
17929 2
17945 13
17953 2
17957 3
17965 2
17973 2
17977 1
17989 2
18005 7
18013 2
18037 1
18041 1
18045 2
18061 1
18065 5
18077 1
18081 2
18085 5
18097 1
18121 1
18125 7
18149 1
18153 1
18173 4
18185 2
18217 2
18225 1
18229 1
18233 1
18241 5
18245 11
18253 1
18257 3
18261 3
18265 6
18269 2
18277 2
18281 1
18289 3
18313 1
18317 7
18325 6
18329 1
18341 2
18365 2
18369 2
18385 2
18397 3
18401 3
18405 5
18409 2
18413 1
18421 1
18457 1
18461 1
18473 3
18477 1
18481 2
18485 7
18493 1
18497 2
18505 3
18513 1
18517 2
18541 1
18545 1
18549 2
18553 2
18581 1
18589 2
18605 2
18617 3
18625 3
18629 4
18637 1
18649 1
18661 2
18665 3
18685 4
18709 1
18713 1
18721 2
18737 1
18749 1
18757 3
18761 2
18769 1
18773 2
18785 10
18793 2
18797 5
18805 2
18833 3
18845 2
18853 3
18857 2
18869 2
18873 2
18889 2
18901 2
18913 2
18917 1
18925 2
18937 2
18965 2
18973 3
18985 3
18989 1
18997 1
19001 1
19009 1
19013 1
19017 1
19025 5
19045 5
19061 3
19069 2
19073 1
19081 1
19093 1
19097 7
19105 1
19109 3
19121 1
19125 5
19133 2
19141 2
19157 2
19161 1
19165 4
19169 1
19181 1
19193 2
19213 3
19225 3
19237 2
19253 3
19265 4
19269 1
19273 1
19277 5
19289 2
19309 2
19321 1
19325 6
19333 1
19337 2
19345 4
19357 1
19373 4
19377 3
19381 1
19385 6
19405 4
19409 3
19417 2
19421 1
19429 4
19433 2
19441 1
19445 4
19449 2
19457 2
19465 5
19477 3
19485 4
19489 1
19493 4
19501 1
19517 3
19521 1
19549 2
19557 3
19577 1
19585 1
19597 1
19601 2
19609 3
19625 3
19633 3
19637 6
19645 4
19661 2
19669 6
19697 4
19717 3
19721 3
19729 3
19753 2
19769 4
19773 1
19777 3
19793 1
19805 2
19825 4
19841 2
19845 4
19861 1
19865 3
19885 5
19889 2
19897 4
19913 2
19917 2
19925 1
19937 2
19961 1
19981 5
19993 3
20005 1
20017 2
20021 1
20025 3
20029 1
20041 2
20065 2
20077 6
20089 1
20101 3
20105 2
20113 1
20117 2
20137 2
20161 1
20165 4
20173 1
20177 1
20189 5
20205 1
20213 8
20221 2
20225 3
20233 4
20241 1
20245 1
20249 2
20261 1
20281 4
20285 4
20313 3
20329 2
20333 2
20345 1
20353 1
20357 3
20365 2
20369 1
20381 1
20393 2
20417 4
20421 2
20441 1
20449 3
20453 3
20465 3
20485 9
20513 5
20525 3
20529 1
20533 1
20549 1
20557 4
20561 2
20565 4
20593 1
20605 6
20609 1
20617 2
20629 1
20637 1
20641 4
20645 9
20665 1
20673 2
20705 10
20717 1
20725 5
20737 4
20745 3
20749 3
20761 4
20765 3
20781 1
20785 2
20789 1
20809 1
20813 5
20825 4
20849 1
20857 2
20869 1
20885 2
20893 3
20897 3
20905 5
20917 1
20921 1
20929 1
20933 4
20961 1
20969 4
20981 1
20997 1
21001 2
21005 6
21013 2
21017 1
21025 4
21029 1
21037 3
21041 2
21061 3
21069 3
21073 1
21089 1
21097 4
21101 2
21121 1
21125 6
21141 2
21145 1
21149 3
21169 1
21177 1
21193 1
21205 1
21213 1
21217 2
21221 1
21233 2
21253 2
21257 3
21277 4
21281 4
21289 2
21305 1
21313 2
21325 7
21349 6
21361 4
21365 2
21377 4
21389 1
21425 5
21433 2
21437 4
21445 2
21449 4
21473 2
21481 1
21485 3
21493 3
21509 3
21521 3
21529 1
21533 1
21537 2
21541 1
21569 2
21577 2
21589 1
21605 5
21609 1
21613 2
21625 9
21645 1
21649 2
21661 1
21673 1
21677 2
21685 3
21689 1
21697 3
21701 1
21709 3
21713 5
21737 1
21757 4
21773 4
21785 4
21805 1
21809 2
21817 2
21821 1
21825 5
21841 1
21845 3
21853 2
21865 4
21893 1
21901 2
21905 3
21925 5
21933 1
21941 3
21953 1
21961 1
21969 3
21977 1
21985 3
22001 1
22009 2
22013 1
22021 1
22025 4
22045 3
22049 2
22061 3
22069 3
22073 2
22093 1
22105 1
22109 2
22129 1
22157 1
22181 1
22185 5
22193 1
22201 2
22205 6
22213 1
22217 1
22229 1
22237 1
22257 2
22261 1
22265 5
22273 2
22277 2
22285 1
22293 1
22301 3
22313 5
22321 5
22345 5
22349 1
22369 3
22373 3
22381 1
22385 1
22397 5
22405 4
22417 1
22433 1
22437 1
22445 2
22457 1
22465 3
22469 2
22501 1
22509 1
22525 4
22529 1
22541 1
22549 2
22573 2
22581 2
22585 3
22601 4
22621 2
22625 4
22633 2
22637 1
22669 2
22681 1
22685 4
22697 1
22709 1
22717 1
22721 2
22725 3
22745 4
22753 1
22761 3
22765 2
22769 1
22777 2
22789 2
22797 3
22801 2
22805 1
22817 2
22829 2
22837 3
22849 2
22853 1
22861 1
22865 3
22873 4
22877 1
22905 1
22937 2
22945 2
22949 3
22973 2
22985 3
22993 3
22997 2
23013 2
23017 1
23029 1
23049 1
23053 3
23057 1
23101 2
23105 1
23125 5
23129 2
23137 2
23141 2
23153 2
23165 7
23173 1
23185 5
23197 2
23209 1
23225 4
23229 1
23245 2
23257 3
23269 3
23273 3
23285 2
23293 1
23297 2
23321 1
23333 2
23341 3
23357 2
23365 2
23377 3
23393 3
23413 2
23417 1
23425 3
23445 2
23461 1
23465 1
23477 1
23481 2
23497 3
23509 1
23525 2
23533 4
23545 7
23549 2
23561 3
23569 1
23581 3
23585 3
23605 1
23629 2
23645 2
23657 4
23665 1
23669 1
23677 1
23697 1
23717 3
23725 9
23729 3
23733 1
23741 1
23753 1
23765 3
23773 1
23797 1
23801 2
23805 1
23809 3
23825 3
23837 1
23857 1
23885 8
23893 5
23909 1
23913 2
23945 2
23953 2
23957 1
23965 1
23981 1
23985 2
23993 1
24001 1
24005 1
24021 2
24025 1
24037 2
24041 3
24049 2
24065 1
24077 2
24085 3
24089 3
24121 2
24125 9
24133 2
24137 2
24157 2
24161 2
24181 1
24193 2
24197 2
24217 1
24221 3
24229 3
24237 2
24245 5
24281 2
24293 2
24305 1
24313 2
24317 1
24341 2
24349 2
24361 3
24373 3
24385 1
24389 1
24401 1
24417 2
24421 3
24425 2
24433 1
24445 3
24457 3
24461 2
24469 3
24473 2
24481 1
24505 4
24509 1
24525 4
24533 1
24545 2
24557 2
24561 3
24565 6
24593 1
24601 3
24625 4
24641 2
24649 2
24653 4
24665 4
24669 1
24685 1
24697 2
24701 3
24709 1
24713 3
24737 2
24741 2
24745 4
24749 3
24781 2
24793 4
24797 1
24809 1
24841 3
24845 1
24853 2
24865 2
24869 1
24877 1
24889 1
24901 2
24905 2
24925 4
24929 2
24949 2
24961 1
24965 3
24973 2
24977 2
24989 2
25009 3
25045 2
25049 1
25057 1
25065 2
25085 5
25097 1
25105 1
25117 1
25121 1
25129 1
25133 5
25153 1
25169 1
25177 2
25181 1
25209 1
25225 4
25229 1
25253 1
25261 1
25281 1
25285 5
25297 2
25301 5
25317 1
25321 1
25325 3
25345 3
25349 1
25353 1
25381 2
25385 3
25397 3
25425 3
25433 1
25453 1
25457 1
25469 2
25477 2
25493 2
25497 2
25505 1
25525 3
25529 3
25537 1
25541 1
25549 2
25561 1
25565 3
25577 1
25589 2
25601 1
25605 1
25609 4
25621 2
25625 5
25633 1
25657 3
25677 2
25681 5
25705 6
25713 1
25721 4
25733 2
25749 1
25765 2
25769 4
25777 1
25789 2
25793 1
25801 1
25805 4
25825 4
25857 1
25877 5
25909 1
25921 1
25925 9
25945 1
25957 4
25961 1
25981 1
25985 1
25997 2
26017 1
26021 2
26029 1
26041 1
26045 2
26065 4
26073 5
26077 1
26093 1
26113 2
26117 2
26129 5
26161 2
26165 1
26181 1
26185 1
26189 2
26221 2
26225 2
26233 2
26237 1
26245 2
26253 1
26269 3
26293 2
26297 1
26305 2
26309 1
26317 1
26321 1
26325 2
26329 2
26333 2
26353 1
26361 3
26365 2
26393 2
26401 3
26405 1
26437 1
26441 2
26469 2
26485 5
26489 1
26497 1
26509 1
26513 2
26525 1
26533 4
26557 1
26569 1
26573 3
26577 2
26585 7
26605 4
26613 1
26641 1
26645 2
26665 1
26669 1
26681 1
26685 2
26689 3
26721 2
26725 1
26741 5
26765 7
26773 2
26777 1
26793 4
26813 2
26825 6
26849 1
26861 1
26869 2
26881 1
26893 1
26897 4
26905 4
26937 1
26941 3
26945 2
26969 3
26973 1
26989 1
26993 1
27017 1
27053 2
27073 1
27077 1
27121 1
27145 2
27149 2
27157 4
27161 1
27169 1
27173 2
27185 3
27205 1
27217 1
27233 1
27245 1
27253 1
27257 1
27277 2
27289 1
27293 1
27297 1
27325 3
27333 1
27337 1
27353 2
27361 1
27365 7
27369 1
27385 2
27389 3
27397 1
27421 1
27437 1
27469 1
27481 1
27505 2
27509 1
27521 2
27529 1
27541 2
27557 1
27565 3
27581 1
27585 4
27593 1
27605 2
27613 1
27625 3
27637 2
27653 1
27685 4
27689 1
27697 1
27701 1
27709 1
27725 2
27757 3
27781 3
27785 3
27801 4
27809 1
27829 1
27833 2
27845 3
27857 2
27869 2
27877 1
27881 2
27893 1
27901 2
27917 2
27925 2
27953 1
27981 1
27985 3
27989 1
27997 1
28009 1
28033 2
28057 2
28069 1
28093 3
28145 1
28157 3
28181 1
28193 2
28197 2
28205 3
28213 3
28225 2
28233 1
28249 3
28265 2
28273 1
28285 1
28289 1
28305 4
28309 1
28333 1
28345 4
28349 1
28373 1
28381 2
28397 2
28409 1
28417 1
28429 1
28433 1
28465 1
28493 1
28505 3
28517 2
28521 2
28537 1
28541 1
28549 1
28561 1
28565 3
28577 1
28593 2
28621 2
28625 2
28629 2
28645 4
28657 1
28665 3
28669 3
28673 2
28685 3
28697 1
28705 4
28717 1
28729 2
28741 2
28745 1
28753 1
28757 2
28781 2
28813 1
28817 2
28825 1
28837 1
28849 4
28873 1
28881 2
28885 8
28901 1
28909 2
28913 3
28925 2
28981 2
29033 1
29045 1
29065 1
29069 3
29077 1
29081 1
29097 3
29105 2
29125 2
29173 1
29185 2
29189 3
29209 2
29221 1
29237 4
29241 1
29245 1
29257 1
29261 1
29273 1
29277 1
29285 3
29297 2
29321 1
29341 4
29345 1
29353 3
29377 1
29385 1
29389 1
29405 2
29429 2
29449 2
29453 1
29461 1
29473 3
29485 3
29493 1
29497 2
29521 1
29525 1
29529 1
29565 2
29569 1
29573 3
29593 1
29597 2
29637 2
29653 4
29665 2
29669 2
29705 3
29709 2
29717 1
29725 3
29745 1
29761 2
29809 1
29825 2
29857 3
29861 2
29873 1
29881 1
29905 1
29921 1
29933 4
29945 3
29957 1
29961 2
29965 3
29989 1
30005 4
30013 1
30017 1
30025 2
30029 1
30053 1
30069 1
30073 2
30097 1
30109 1
30125 2
30137 1
30145 2
30157 2
30161 1
30185 3
30193 1
30209 3
30213 1
30233 1
30249 1
30253 1
30265 1
30269 1
30277 2
30301 2
30325 1
30329 1
30341 1
30361 4
30365 1
30389 1
30397 1
30413 3
30421 1
30425 3
30465 4
30469 1
30497 2
30505 3
30517 1
30529 1
30537 2
30545 1
30553 2
30565 1
30577 1
30581 1
30625 1
30629 2
30641 1
30649 1
30661 3
30665 2
30673 3
30685 3
30697 1
30725 2
30733 2
30749 2
30769 1
30781 2
30805 1
30809 1
30825 2
30841 1
30869 2
30893 2
30897 2
30901 5
30925 3
30937 1
30949 1
31001 3
31005 2
31013 1
31025 1
31049 2
31057 3
31069 1
31085 1
31097 1
31105 1
31109 3
31113 1
31117 3
31121 2
31153 2
31177 2
31189 1
31213 1
31249 1
31265 3
31313 3
31321 1
31333 1
31365 3
31373 1
31393 1
31409 2
31429 2
31433 2
31481 1
31501 3
31513 2
31525 6
31541 2
31545 1
31601 1
31609 1
31613 2
31645 1
31657 1
31681 1
31693 1
31697 2
31705 4
31709 2
31721 1
31733 2
31741 1
31753 3
31769 1
31781 1
31813 1
31817 1
31849 1
31853 2
31865 1
31905 1
31909 1
31921 2
31925 2
31937 1
31945 1
31981 1
31985 3
31997 1
32005 5
32017 1
32045 6
32069 1
32089 1
32105 2
32117 1
32125 2
32149 1
32157 2
32161 3
32185 1
32229 1
32245 2
32257 1
32301 3
32309 1
32317 1
32321 2
32341 1
32353 1
32377 1
32381 2
32401 1
32405 1
32409 1
32485 4
32489 1
32513 1
32517 1
32525 2
32533 1
32537 2
32549 1
32561 1
32569 1
32597 1
32605 2
32625 1
32633 1
32653 1
32657 3
32677 1
32689 1
32693 2
32701 1
32733 1
32741 2
32749 1
32773 2
32789 2
32797 1
32801 1
32805 1
32825 6
32841 2
32861 4
32869 1
32885 4
32917 1
32929 7
32933 2
32957 2
32985 4
33001 1
33013 2
33017 2
33029 2
33037 1
33049 1
33053 1
33057 2
33085 4
33109 1
33113 1
33125 6
33129 1
33133 1
33137 2
33149 1
33161 1
33169 1
33205 2
33245 6
33265 1
33293 2
33301 2
33309 1
33317 1
33329 2
33337 3
33361 2
33365 3
33381 1
33413 1
33485 1
33493 1
33533 1
33545 1
33553 3
33625 3
33629 2
33633 1
33637 1
33665 2
33709 1
33749 1
33761 2
33769 1
33785 1
33813 1
33829 1
33849 2
33853 1
33857 1
33865 2
33881 1
33905 4
33961 1
33977 2
33997 1
34001 1
34021 2
34025 2
34037 1
34057 1
34073 1
34081 1
34085 1
34117 4
34121 1
34129 2
34137 1
34141 1
34157 1
34205 1
34217 1
34225 3
34241 1
34249 1
34253 1
34301 1
34313 1
34425 1
34457 2
34465 4
34469 1
34481 5
34525 2
34541 1
34549 1
34585 1
34589 2
34597 1
34621 1
34625 2
34645 2
34669 1
34677 1
34697 1
34709 4
34717 2
34721 1
34729 1
34745 2
34765 1
34785 1
34829 1
34877 2
34893 1
34897 1
34901 1
34933 1
34945 5
34949 2
34957 1
34985 1
35005 2
35017 1
35033 1
35037 1
35053 1
35065 1
35069 2
35073 1
35113 2
35125 1
35137 2
35141 1
35153 2
35165 1
35177 1
35249 1
35253 1
35261 5
35281 1
35285 2
35325 2
35333 1
35345 1
35369 1
35401 1
35405 4
35425 3
35437 1
35453 1
35465 2
35477 1
35525 1
35537 2
35545 1
35569 1
35593 1
35605 2
35633 1
35641 2
35649 3
35653 1
35657 2
35677 1
35705 2
35725 1
35729 1
35737 1
35753 1
35785 1
35797 1
35821 1
35865 1
35869 2
35881 1
35897 2
35909 2
35917 1
35953 2
35957 1
35977 2
36017 1
36037 1
36045 2
36125 6
36145 1
36149 3
36185 2
36189 1
36205 2
36221 2
36229 1
36241 1
36257 1
36265 2
36269 2
36277 1
36293 1
36313 1
36325 1
36329 1
36341 1
36361 2
36389 3
36397 2
36405 1
36441 1
36445 2
36461 1
36485 1
36505 3
36513 1
36541 1
36545 1
36569 1
36581 1
36621 3
36625 4
36637 1
36665 2
36677 1
36697 1
36709 1
36713 1
36725 3
36733 1
36737 1
36745 1
36749 1
36761 1
36809 2
36837 2
36881 1
36889 1
36913 2
36945 3
36965 1
36985 1
37013 1
37057 1
37085 1
37097 1
37105 2
37153 1
37157 1
37161 1
37189 1
37193 2
37225 3
37265 1
37285 2
37309 1
37313 1
37325 3
37333 1
37349 2
37393 2
37409 1
37441 1
37445 1
37481 1
37489 1
37501 1
37505 3
37517 1
37529 1
37553 1
37561 1
37585 1
37589 1
37613 1
37637 2
37645 1
37673 1
37693 1
37705 2
37757 3
37805 1
37813 1
37825 2
37837 1
37861 1
37873 1
37889 1
37925 1
37949 1
37957 1
38021 1
38025 2
38033 2
38041 1
38081 1
38089 3
38113 1
38125 2
38165 2
38177 1
38233 3
38277 1
38281 1
38293 1
38321 1
38329 1
38333 1
38349 3
38369 1
38393 3
38405 1
38425 1
38453 1
38461 1
38465 1
38497 1
38509 1
38545 4
38585 2
38593 1
38601 1
38637 1
38641 2
38673 1
38701 2
38725 1
38729 1
38785 2
38845 1
38861 1
38897 1
38909 4
38925 1
38945 2
38953 1
38961 1
38977 1
38981 1
38993 1
39005 1
39033 1
39073 1
39101 2
39125 1
39141 1
39145 1
39229 1
39253 2
39265 1
39285 2
39289 1
39313 2
39317 1
39321 1
39325 1
39357 1
39365 2
39373 1
39385 1
39397 1
39429 4
39465 1
39485 2
39505 1
39533 1
39569 1
39605 1
39625 1
39637 1
39641 1
39673 1
39685 2
39701 2
39733 1
39749 1
39761 2
39833 1
39845 2
39925 1
39929 1
40001 1
40025 3
40069 1
40097 1
40105 2
40113 1
40129 2
40165 1
40193 1
40221 1
40229 1
40241 1
40277 1
40293 1
40321 1
40325 1
40333 4
40349 1
40385 1
40445 2
40477 2
40493 1
40505 2
40525 1
40545 6
40573 1
40609 1
40613 1
40625 1
40653 2
40657 1
40661 1
40681 1
40729 1
40745 1
40757 1
40781 1
40801 2
40805 1
40833 1
40877 2
40885 5
40925 2
40933 1
40977 1
41029 1
41033 1
41053 1
41077 1
41113 2
41117 1
41157 1
41197 1
41209 1
41221 1
41225 2
41229 1
41233 2
41245 2
41269 1
41273 2
41329 3
41353 1
41365 3
41369 1
41405 2
41425 1
41485 1
41521 1
41533 2
41557 1
41593 1
41605 1
41641 1
41665 2
41681 1
41693 1
41697 2
41717 1
41761 1
41777 1
41785 1
41869 1
41873 2
41893 1
41905 1
42025 2
42029 1
42121 2
42125 1
42137 1
42145 1
42165 1
42169 1
42173 1
42181 3
42197 1
42241 2
42289 1
42345 1
42349 3
42365 1
42397 1
42453 1
42461 1
42485 1
42505 1
42517 1
42569 1
42601 1
42653 2
42685 2
42689 1
42709 1
42809 1
42841 1
42865 1
42877 1
42881 1
42885 1
42901 1
42905 2
42913 1
42925 4
42929 1
42949 2
43009 2
43101 1
43137 1
43165 2
43169 2
43181 2
43201 1
43209 1
43273 1
43289 1
43297 1
43317 2
43405 1
43433 1
43465 1
43517 1
43525 1
43537 2
43553 1
43573 1
43621 2
43625 1
43633 1
43685 2
43705 1
43709 1
43733 1
43745 2
43765 2
43789 1
43793 2
43801 1
43805 1
43849 3
43853 1
43873 1
43877 1
43889 1
43957 1
43961 1
43993 2
44057 1
44105 1
44125 3
44149 1
44185 1
44197 2
44225 4
44257 1
44269 1
44325 1
44353 1
44425 2
44437 1
44501 1
44525 2
44533 1
44557 1
44573 3
44617 1
44657 1
44713 1
44729 1
44785 3
44797 1
44845 1
44861 2
44881 1
44977 1
45041 1
45053 1
45065 1
45113 1
45125 1
45133 1
45137 1
45205 1
45293 1
45305 2
45313 2
45325 2
45349 1
45373 2
45385 1
45389 2
45421 1
45445 1
45513 1
45557 1
45617 1
45665 1
45677 1
45765 1
45769 1
45841 1
45865 1
45909 1
45917 2
45945 1
45985 1
46049 1
46073 1
46085 2
46089 1
46105 2
46121 2
46125 2
46205 2
46217 1
46241 2
46261 2
46269 1
46273 2
46285 1
46309 1
46325 2
46385 1
46429 1
46457 2
46501 1
46513 1
46517 2
46597 2
46625 1
46685 1
46693 2
46813 1
46917 1
46925 1
46945 1
46993 1
47009 2
47017 1
47041 1
47093 1
47097 1
47125 3
47153 1
47185 1
47197 1
47205 2
47225 1
47237 1
47241 2
47273 1
47305 1
47381 1
47385 1
47437 1
47477 1
47501 2
47545 1
47569 3
47605 1
47609 1
47645 1
47669 1
47681 1
47693 1
47717 1
47737 1
47749 1
47753 1
47765 1
47797 1
47821 1
47825 1
47837 1
47885 1
47977 2
48037 1
48053 1
48061 1
48069 1
48113 1
48161 1
48177 1
48193 1
48217 1
48229 1
48245 2
48285 1
48305 1
48361 1
48401 1
48485 1
48497 1
48501 2
48537 1
48581 2
48681 1
48717 1
48725 1
48745 2
48869 2
48893 1
48929 1
49025 2
49045 1
49121 1
49141 1
49205 1
49213 2
49261 1
49349 1
49405 1
49409 1
49453 2
49465 1
49477 1
49529 1
49589 1
49617 1
49673 1
49681 1
49725 2
49757 1
49793 2
49825 1
49829 1
49833 1
49865 1
49925 1
49977 1
50005 1
50081 1
50089 1
50125 2
50129 1
50221 1
50225 1
50245 1
50285 1
50357 1
50405 1
50461 1
50489 1
50513 1
50537 1
50557 1
50609 1
50617 1
50665 1
50705 1
50717 1
50773 1
50777 1
50805 1
50833 1
50861 1
50929 1
50969 2
50993 1
51017 1
51077 1
51145 1
51157 1
51185 1
51193 1
51201 2
51217 1
51257 1
51265 1
51301 1
51417 1
51449 1
51493 1
51525 1
51533 1
51561 1
51669 1
51757 1
51769 1
51785 1
51797 1
51805 1
51845 1
51881 1
51917 1
51921 1
51949 1
51985 1
51993 1
52033 2
52037 1
52065 2
52105 2
52145 1
52205 1
52281 1
52285 2
52301 1
52317 1
52369 1
52425 1
52429 1
52453 1
52457 1
52565 2
52577 1
52625 1
52765 1
52825 2
52925 2
52981 1
53077 1
53113 1
53161 1
53189 1
53209 1
53353 1
53365 1
53461 2
53465 1
53489 2
53505 2
53541 1
53881 1
53885 2
54077 1
54085 2
54125 1
54185 1
54225 2
54265 1
54317 1
54545 1
54601 1
54641 1
54689 1
54745 1
54785 1
54865 1
55009 1
55021 1
55093 1
55129 1
55145 1
55189 1
55201 1
55205 1
55225 1
55261 1
55305 1
55369 2
55449 1
55477 1
55577 1
55709 1
55849 1
56033 1
56113 1
56225 2
56233 1
56269 1
56321 1
56533 1
56537 1
56549 1
56701 1
56765 1
56773 1
56797 2
56845 1
56873 1
56941 1
56953 1
56965 1
57025 1
57125 1
57377 1
57445 1
57493 1
57661 1
57713 1
57901 1
57913 1
57917 2
58097 2
58117 1
58145 1
58365 1
58473 1
58505 1
58645 1
58657 1
58661 1
58761 1
58769 1
59005 1
59045 1
59189 1
59197 1
59209 1
59245 1
59449 1
59461 1
59597 1
59665 1
59789 1
59957 1
60125 1
60185 1
60201 1
60209 1
60353 1
60525 1
60613 1
60649 1
60793 1
60953 1
61045 1
61069 1
61253 1
61309 1
61625 1
61637 1
61729 1
61885 1
61973 1
62101 1
62165 1
62177 1
62197 1
62325 1
62361 1
62541 1
62609 1
62705 1
62785 1
63041 1
63229 1
63485 1
63725 1
63837 1
63869 1
64021 1
64165 1
64289 1
64441 1
64621 1
64661 1
64685 1
64817 1
64877 2
65137 1
65165 1
65221 1
65525 1
65561 1
65881 1
66097 1
66149 1
66197 1
66457 1
66625 1
66749 1
66853 1
67033 1
67085 1
67105 1
67277 1
67405 1
67625 1
67657 1
67825 1
68085 1
68125 1
68185 1
68389 1
68689 1
69049 1
69337 1
69373 1
69725 1
69737 1
69925 1
69985 1
70061 1
70093 1
70321 1
71045 1
72769 1
73225 1
73449 1
74513 1
74953 1
76185 1
78145 1
78149 1
78209 1
78373 1
78977 1
79209 1
79285 1
79965 1
80221 1
80737 1
81709 1
82825 1
82849 1
82945 1
82969 1
83053 1
83729 1
84485 1
86333 1
87013 1
87029 1
88661 1
88981 1
91753 1
96241 1
96673 1
97073 1
109765 1
175321 1
235481 1
