N J h mean_R_sq err_mean_R_sq mean_R_gyr_sq err_mean_R_gyr_sq 
4900 1.34 0 43016.8 2938.81 6597.59 414.629
13 1
37 1
65 2
85 1
101 1
109 1
137 1
169 1
173 2
193 1
205 1
221 2
225 2
245 1
265 2
277 2
281 1
289 1
305 3
317 2
325 1
333 1
349 2
353 2
369 2
373 1
377 1
397 1
425 1
445 2
477 1
481 2
485 1
493 3
505 3
521 1
533 1
545 1
549 1
557 4
565 3
569 1
585 2
593 3
605 1
617 2
625 1
629 3
657 5
673 1
677 1
685 2
697 1
709 2
725 1
745 1
757 1
761 1
765 3
773 1
785 1
809 2
821 1
845 1
857 1
881 1
901 1
905 2
925 3
937 1
941 1
965 4
977 1
997 2
1009 1
1021 3
1025 1
1037 3
1053 1
1069 1
1073 1
1097 1
1105 4
1109 1
1129 1
1157 3
1165 1
1189 3
1205 1
1225 4
1229 2
1237 1
1241 3
1249 2
1261 3
1285 1
1289 1
1297 2
1305 2
1313 1
1325 4
1345 1
1369 2
1373 1
1377 1
1385 1
1405 2
1409 2
1413 1
1421 1
1429 1
1445 3
1469 1
1481 1
1493 1
1513 1
1521 2
1525 2
1557 4
1565 3
1585 3
1597 1
1601 2
1613 1
1625 2
1637 1
1649 1
1665 1
1669 2
1685 3
1693 1
1697 2
1717 2
1745 1
1765 1
1769 2
1773 1
1777 1
1801 1
1825 1
1853 2
1861 2
1865 1
1877 2
1885 1
1889 1
1913 1
1921 4
1933 1
1937 2
1945 1
1961 3
1973 1
1985 1
1989 1
1993 2
1997 1
2005 1
2017 1
2025 1
2029 1
2041 1
2045 1
2069 1
2081 1
2089 1
2113 1
2117 3
2125 1
2129 1
2153 1
2161 2
2169 1
2197 2
2213 2
2225 3
2237 1
2245 4
2249 2
2269 2
2273 2
2285 1
2341 1
2353 1
2357 1
2377 1
2381 2
2385 2
2389 1
2405 3
2425 2
2437 1
2465 2
2473 1
2493 1
2501 1
2509 1
2525 2
2533 2
2545 1
2549 1
2581 2
2597 1
2601 2
2605 1
2609 1
2617 2
2621 1
2657 1
2665 4
2669 1
2689 1
2693 1
2705 1
2725 2
2741 1
2745 2
2785 5
2801 1
2809 1
2813 1
2833 1
2845 4
2917 1
2925 1
2929 1
2941 1
2957 1
2965 1
2969 2
2993 1
2997 1
3001 4
3005 3
3025 1
3033 5
3037 2
3049 1
3065 3
3077 1
3085 3
3089 2
3109 1
3125 2
3133 1
3141 1
3145 1
3169 1
3181 2
3205 3
3233 1
3249 1
3257 1
3281 3
3285 5
3293 1
3305 2
3313 1
3329 2
3341 1
3349 3
3357 1
3385 3
3389 1
3393 1
3425 2
3433 3
3445 2
3457 1
3469 2
3485 4
3497 2
3505 2
3533 1
3545 3
3581 1
3601 4
3609 1
3613 1
3625 2
3637 1
3645 1
3649 1
3653 3
3665 2
3697 1
3709 3
3721 2
3725 3
3737 2
3757 2
3785 5
3789 1
3793 2
3797 2
3809 1
3825 4
3845 2
3853 1
3869 1
3881 2
3889 1
3925 2
3961 6
3973 5
4001 1
4013 1
4021 1
4033 2
4057 1
4073 1
4097 2
4105 5
4121 3
4129 1
4141 1
4157 2
4165 1
4181 5
4225 3
4241 1
4253 1
4261 1
4273 1
4285 3
4293 1
4297 1
4321 2
4325 2
4349 1
4357 1
4365 2
4369 1
4381 3
4385 1
4405 1
4409 1
4421 1
4453 1
4469 2
4489 1
4493 1
4505 4
4525 1
4537 2
4545 3
4549 3
4561 2
4573 2
4581 3
4589 3
4621 1
4625 2
4633 3
4637 3
4645 1
4657 1
4685 2
4689 1
4705 2
4709 2
4733 1
4745 6
4753 2
4777 2
4789 1
4797 1
4801 1
4805 3
4813 2
4825 1
4849 2
4869 1
4885 3
4901 3
4905 1
4909 1
4913 1
4925 1
4937 2
4957 1
4961 4
4981 2
4985 2
4993 2
5009 1
5013 3
5017 3
5021 1
5045 1
5057 2
5069 2
5077 1
5081 2
5085 3
5101 1
5105 3
5121 2
5125 1
5141 1
5153 1
5161 2
5165 1
5185 3
5193 1
5209 1
5213 3
5237 1
5245 3
5249 4
5281 2
5297 1
5309 1
5317 1
5321 2
5337 2
5345 1
5365 5
5381 3
5389 3
5429 1
5473 2
5501 2
5513 1
5517 1
5521 1
5525 5
5537 1
5545 1
5553 1
5557 2
5569 1
5573 1
5581 2
5597 3
5617 3
5625 2
5645 1
5661 3
5669 1
5693 1
5701 1
5713 1
5717 1
5725 3
5737 1
5749 1
5769 2
5777 1
5785 5
5801 2
5809 1
5813 3
5821 2
5825 4
5837 1
5849 1
5857 2
5877 1
5881 1
5905 2
5913 2
5917 1
5941 3
5945 5
5949 1
5965 2
5989 1
5993 3
6001 3
6005 1
6025 4
6029 2
6037 1
6089 1
6093 1
6101 1
6109 1
6121 3
6137 1
6161 1
6165 4
6173 3
6201 2
6205 3
6217 1
6221 2
6229 2
6245 2
6253 4
6257 1
6269 2
6301 1
6305 1
6309 1
6341 1
6353 1
6361 1
6373 1
6381 1
6385 1
6389 1
6397 1
6409 6
6425 5
6437 1
6445 2
6469 1
6473 1
6481 1
6485 2
6505 2
6525 5
6565 2
6597 2
6605 1
6625 5
6637 1
6641 3
6653 3
6673 1
6701 1
6705 1
6725 2
6737 1
6749 2
6773 3
6781 1
6793 1
6805 2
6845 1
6857 1
6865 2
6885 2
6905 4
6917 2
6925 3
6949 1
6953 1
6957 1
6977 1
6989 2
6997 2
7013 2
7025 4
7033 1
7045 1
7057 1
7065 2
7085 2
7093 4
7121 2
7129 1
7137 1
7141 1
7157 2
7165 1
7193 2
7209 1
7213 2
7225 7
7237 1
7241 2
7253 3
7261 5
7265 3
7289 1
7297 1
7309 1
7321 1
7325 4
7333 1
7345 1
7361 2
7373 1
7381 1
7389 3
7397 2
7405 2
7417 1
7421 3
7433 1
7445 1
7453 1
7457 1
7465 4
7489 1
7501 3
7517 1
7529 2
7537 3
7561 1
7565 2
7569 1
7585 5
7589 2
7605 2
7621 1
7625 4
7633 3
7649 1
7677 1
7685 5
7709 3
7717 1
7741 1
7753 1
7765 2
7769 1
7785 5
7789 1
7801 1
7817 2
7825 2
7829 1
7837 2
7841 2
7873 2
7877 2
7893 1
7897 1
7921 3
7925 2
7929 4
7933 1
7937 1
7957 2
7969 1
7985 1
8005 5
8009 1
8017 2
8021 2
8033 2
8045 4
8053 1
8065 2
8069 2
8077 1
8081 2
8093 1
8101 1
8105 4
8109 1
8117 1
8125 7
8145 2
8149 1
8161 3
8177 5
8185 1
8221 3
8233 1
8245 6
8269 2
8273 2
8285 1
8317 1
8321 1
8325 2
8329 1
8333 2
8345 1
8353 1
8357 2
8361 1
8377 3
8405 2
8425 1
8461 1
8465 1
8469 1
8473 1
8485 2
8497 1
8501 1
8513 3
8537 2
8541 2
8545 2
8577 1
8581 1
8585 8
8593 2
8597 1
8605 5
8609 1
8621 1
8629 1
8633 3
8641 1
8649 1
8665 1
8669 1
8677 3
8705 2
8713 1
8725 3
8741 2
8753 1
8765 4
8793 1
8801 2
8825 2
8833 1
8837 1
8845 3
8849 2
8861 2
8865 1
8869 2
8885 1
8893 1
8905 5
8917 3
8929 2
8933 3
8945 1
8957 3
8973 1
8989 5
8993 2
9005 2
9013 2
9025 3
9041 3
9049 1
9061 2
9065 1
9077 1
9081 1
9089 2
9109 1
9113 2
9125 4
9133 2
9153 1
9161 1
9169 1
9173 1
9193 3
9197 2
9221 1
9225 2
9241 1
9245 1
9257 1
9265 7
9277 3
9305 3
9325 1
9333 3
9365 2
9385 1
9389 1
9397 3
9413 1
9421 2
9425 6
9441 1
9457 2
9461 3
9473 1
9477 1
9505 3
9509 3
9521 3
9529 2
9549 1
9553 2
9565 1
9593 1
9601 1
9605 2
9613 1
9621 1
9629 1
9649 1
9653 2
9657 2
9665 2
9673 1
9677 1
9685 2
9689 2
9697 4
9701 2
9721 2
9725 3
9733 2
9745 1
9749 1
9773 3
9781 1
9801 1
9805 3
9809 2
9817 1
9833 2
9837 1
9841 1
9881 1
9893 1
9925 2
9945 2
9953 2
9965 3
9973 1
9981 1
9985 1
9997 1
10001 1
10009 3
10025 3
10045 3
10049 2
10057 1
10061 1
10081 1
10085 1
10093 1
10121 3
10125 2
10169 2
10181 1
10193 1
10201 1
10205 5
10217 1
10229 4
10237 1
10249 1
10265 2
10285 2
10301 1
10305 2
10309 2
10333 2
10337 1
10345 1
10357 2
10361 1
10397 3
10405 1
10413 2
10421 4
10445 2
10485 1
10489 4
10501 1
10517 1
10525 3
10537 1
10553 2
10565 2
10573 1
10585 1
10597 1
10609 1
10625 3
10673 2
10685 1
10693 1
10701 1
10705 1
10729 2
10737 1
10765 4
10769 1
10777 2
10789 2
10805 4
10809 2
10817 1
10825 3
10829 4
10837 1
10841 1
10845 1
10853 1
10861 1
10865 7
10877 3
10897 3
10909 1
10917 1
10933 3
10937 1
10961 2
10973 2
10985 3
11009 2
11029 1
11041 3
11045 3
11061 1
11093 1
11097 1
11105 2
11113 1
11125 2
11141 2
11149 1
11161 2
11169 2
11173 1
11177 3
11185 1
11197 2
11213 1
11221 1
11237 1
11245 5
11273 1
11281 4
11285 2
11317 1
11321 1
11329 3
11345 1
11353 1
11357 3
11365 2
11369 1
11401 1
11405 2
11413 2
11417 1
11437 2
11441 1
11461 2
11497 1
11509 4
11513 2
11521 3
11545 5
11549 2
11565 1
11597 1
11601 1
11617 1
11629 2
11645 3
11657 3
11681 2
11701 1
11705 2
11709 1
11713 2
11729 2
11745 2
11765 4
11773 4
11785 3
11789 1
11801 2
11809 1
11817 1
11833 3
11849 2
11861 2
11881 2
11885 1
11905 5
11917 2
11925 4
11933 1
11941 1
11945 3
11953 1
11965 3
11981 1
12013 2
12017 2
12025 6
12041 2
12049 1
12069 1
12073 1
12077 1
12085 2
12101 1
12105 1
12109 2
12125 2
12137 1
12161 3
12181 1
12193 1
12205 1
12209 1
12241 1
12277 2
12289 1
12301 1
12321 2
12325 7
12329 2
12365 3
12385 3
12389 3
12393 1
12429 2
12433 1
12461 2
12469 3
12497 1
12505 1
12545 1
12553 1
12557 3
12569 1
12589 1
12601 2
12605 1
12613 1
12625 4
12629 3
12637 1
12641 1
12645 1
12653 1
12665 4
12697 1
12701 4
12717 1
12725 3
12745 2
12753 2
12757 2
12769 1
12773 1
12785 5
12789 1
12805 6
12809 1
12829 1
12833 1
12841 1
12861 2
12869 3
12889 2
12897 1
12905 1
12913 1
12937 1
12941 1
12953 2
12961 2
12965 1
12985 2
12997 4
13001 1
13009 2
13021 1
13025 3
13033 1
13037 1
13045 2
13049 1
13061 3
13073 1
13077 3
13093 1
13117 1
13121 1
13141 2
13165 1
13169 4
13181 1
13189 1
13217 1
13221 4
13225 2
13229 1
13241 1
13249 2
13261 2
13273 1
13297 1
13325 5
13329 1
13345 5
13357 1
13369 1
13381 2
13385 2
13397 3
13401 1
13429 3
13445 1
13465 1
13481 1
13505 2
13537 1
13549 1
13565 1
13577 1
13613 1
13617 2
13621 1
13625 2
13633 1
13637 1
13645 2
13649 1
13669 1
13681 1
13697 2
13705 2
13709 2
13725 5
13729 1
13745 2
13753 1
13757 2
13765 3
13769 1
13781 1
13793 3
13801 1
13817 4
13833 1
13837 3
13873 1
13897 2
13913 2
13921 2
13925 3
13933 1
13941 2
13957 1
13969 1
13973 2
13977 1
13985 2
13997 1
14005 3
14009 1
14029 1
14033 1
14045 3
14057 3
14065 1
14081 2
14085 2
14089 2
14093 1
14149 1
14153 1
14161 3
14165 2
14177 1
14185 2
14197 1
14209 1
14221 1
14225 1
14249 1
14257 4
14261 1
14265 1
14281 1
14285 3
14293 1
14297 1
14305 2
14309 2
14321 1
14357 2
14365 3
14381 1
14389 1
14393 3
14401 1
14409 1
14417 2
14425 3
14437 2
14453 1
14461 1
14473 1
14485 1
14501 2
14517 1
14545 5
14549 1
14557 1
14561 2
14569 1
14585 1
14589 2
14593 2
14625 7
14629 1
14645 8
14661 2
14681 2
14689 2
14701 3
14705 1
14733 1
14741 1
14765 9
14785 2
14797 1
14825 3
14837 2
14841 3
14845 1
14885 2
14893 2
14909 3
14929 1
14933 1
14945 3
14965 3
14969 2
14977 3
14989 2
15005 1
15017 1
15021 1
15025 4
15049 4
15061 2
15073 3
15109 1
15125 1
15129 1
15145 3
15173 1
15205 2
15229 1
15233 1
15237 1
15245 3
15273 1
15277 1
15289 1
15293 4
15305 2
15317 7
15325 3
15329 1
15341 2
15349 2
15353 1
15373 2
15377 1
15381 1
15385 3
15397 1
15401 1
15413 1
15425 4
15453 1
15457 3
15461 3
15473 1
15481 1
15493 2
15497 1
15509 3
15533 1
15541 2
15545 2
15569 2
15577 3
15597 1
15601 1
15613 1
15625 4
15629 1
15633 2
15665 1
15677 1
15685 3
15689 1
15705 2
15725 6
15737 1
15761 1
15769 1
15773 1
15793 1
15805 2
15817 1
15821 2
15877 2
15881 1
15905 2
15913 1
15921 3
15925 3
15929 3
15937 1
15949 2
15957 1
15977 1
15993 2
15997 3
16021 2
16025 2
16029 3
16033 1
16057 2
16061 2
16073 1
16081 1
16085 2
16105 1
16109 1
16133 5
16145 2
16153 1
16165 6
16189 1
16201 3
16209 3
16217 1
16241 1
16253 1
16265 2
16273 1
16277 1
16325 2
16369 1
16381 2
16393 2
16405 4
16409 2
16425 1
16433 2
16441 3
16453 2
16465 5
16477 1
16481 1
16493 2
16501 1
16505 1
16525 1
16529 1
16553 1
16565 3
16577 1
16589 2
16601 4
16605 1
16613 1
16633 1
16641 2
16645 2
16657 1
16661 1
16693 1
16705 4
16733 2
16741 1
16745 4
16769 2
16781 2
16801 4
16805 1
16825 2
16829 3
16837 3
16857 1
16861 2
16865 1
16889 1
16897 3
16925 2
16937 1
16945 2
16949 1
16965 8
16981 1
16993 2
17021 1
17041 1
17053 2
17057 2
17069 2
17101 1
17113 2
17125 2
17141 2
17153 1
17165 3
17177 1
17189 1
17217 1
17225 3
17245 3
17285 1
17297 1
17305 4
17321 1
17333 2
17345 1
17357 2
17377 1
17425 5
17433 4
17449 3
17473 2
17485 4
17489 1
17509 2
17525 2
17541 1
17545 1
17557 1
17561 2
17573 1
17581 2
17585 2
17593 2
17609 1
17629 5
17645 2
17649 1
17665 1
17669 1
17681 1
17689 2
17705 3
17725 2
17741 4
17749 2
17753 2
17761 1
17777 1
17785 2
17789 1
17797 2
17861 3
17881 2
17885 5
17893 4
17905 3
17929 1
17937 3
17945 3
17973 3
17989 3
18005 1
18029 1
18045 1
18049 1
18065 2
18089 1
18121 2
18125 2
18149 1
18173 3
18181 2
18185 1
18225 1
18241 6
18245 2
18257 1
18261 1
18265 4
18289 1
18301 1
18317 2
18325 3
18353 1
18365 1
18369 2
18397 1
18401 2
18421 1
18473 2
18477 2
18481 1
18485 1
18493 2
18497 1
18505 2
18517 1
18521 2
18549 1
18553 3
18577 1
18581 3
18589 2
18593 1
18605 4
18625 4
18629 2
18649 1
18665 3
18685 2
18701 1
18709 2
18713 2
18721 5
18729 1
18737 4
18757 1
18761 1
18769 2
18785 5
18797 1
18805 2
18833 2
18845 1
18853 4
18869 2
18889 2
18901 1
18913 1
18925 2
18937 3
18945 1
18965 2
18973 2
18985 1
18989 1
19001 2
19013 1
19017 1
19025 9
19045 5
19053 2
19069 1
19093 4
19097 3
19109 2
19125 2
19161 1
19165 1
19169 1
19193 1
19225 4
19233 2
19249 1
19253 3
19265 1
19269 2
19277 1
19289 1
19301 2
19309 1
19321 1
19325 2
19337 3
19345 3
19357 1
19373 1
19377 2
19381 1
19385 2
19405 1
19429 2
19433 1
19441 2
19445 3
19465 3
19469 1
19477 1
19485 2
19489 1
19493 1
19501 1
19517 1
19521 2
19541 3
19549 4
19585 2
19601 1
19609 1
19625 3
19633 3
19637 2
19645 5
19661 1
19669 1
19681 2
19697 2
19709 1
19717 1
19721 2
19769 4
19777 1
19793 1
19805 5
19825 4
19845 4
19853 1
19865 5
19885 4
19897 2
19925 3
19945 2
19961 1
19981 3
20005 1
20017 1
20021 1
20025 3
20065 1
20077 2
20089 1
20133 2
20137 2
20149 1
20165 6
20189 1
20205 2
20213 1
20221 1
20225 4
20241 2
20245 1
20249 1
20269 1
20281 1
20285 2
20313 2
20329 1
20345 5
20353 1
20357 3
20413 2
20449 1
20453 2
20457 1
20465 1
20477 2
20485 1
20509 1
20513 2
20521 1
20525 2
20529 1
20557 3
20561 2
20565 2
20593 1
20605 1
20609 1
20637 2
20645 4
20665 3
20673 2
20681 3
20689 3
20693 2
20705 6
20717 1
20737 1
20745 5
20753 1
20761 6
20765 1
20773 2
20781 1
20785 1
20789 2
20809 1
20813 5
20817 3
20825 5
20849 1
20869 1
20893 1
20905 2
20917 2
20921 1
20961 4
20969 3
20981 2
20997 2
21013 1
21017 2
21025 1
21029 1
21037 1
21041 3
21053 4
21069 2
21073 1
21085 1
21125 4
21141 3
21145 4
21149 1
21177 2
21205 3
21217 1
21233 2
21265 3
21269 1
21277 3
21281 1
21289 1
21305 2
21325 2
21341 1
21349 2
21361 1
21365 3
21401 2
21425 2
21433 1
21437 2
21445 2
21449 1
21465 2
21473 2
21481 2
21485 2
21509 1
21517 2
21521 1
21529 2
21537 2
21541 3
21569 4
21605 3
21617 3
21625 3
21645 2
21649 1
21677 1
21685 3
21697 2
21701 2
21709 3
21737 1
21745 2
21757 2
21785 2
21805 1
21809 1
21821 1
21825 3
21845 1
21853 3
21865 3
21881 3
21905 5
21925 1
21933 1
21937 1
21941 2
21977 1
21985 4
22001 1
22009 1
22021 1
22069 1
22073 2
22105 4
22109 1
22117 3
22129 1
22181 3
22185 3
22201 1
22213 2
22217 3
22237 2
22257 1
22261 1
22265 1
22273 1
22293 2
22313 1
22321 3
22345 1
22373 3
22381 3
22397 2
22409 1
22417 2
22433 3
22437 1
22445 1
22457 1
22501 1
22509 1
22525 3
22565 1
22581 3
22585 1
22589 1
22601 5
22633 2
22637 2
22669 1
22681 2
22685 2
22725 4
22745 2
22753 1
22765 4
22777 1
22789 1
22797 1
22805 1
22817 1
22829 1
22837 1
22849 3
22853 2
22861 1
22865 4
22873 1
22901 1
22905 2
22941 2
22945 3
22985 2
22997 6
23013 2
23041 1
23049 3
23057 1
23081 1
23101 1
23113 2
23125 6
23129 3
23137 5
23141 1
23153 1
23165 4
23173 1
23197 2
23201 3
23209 2
23225 1
23229 2
23257 2
23269 1
23273 1
23285 2
23293 2
23321 2
23329 1
23337 1
23341 2
23357 1
23365 4
23369 1
23373 1
23377 3
23393 1
23409 1
23413 3
23461 1
23465 1
23525 4
23533 1
23545 4
23549 1
23569 2
23581 1
23585 4
23589 1
23593 1
23605 2
23609 1
23645 3
23657 1
23665 3
23669 2
23677 1
23697 1
23701 1
23725 3
23729 3
23741 1
23761 2
23773 1
23797 3
23801 1
23805 2
23809 1
23825 4
23833 1
23837 1
23857 1
23869 1
23873 1
23885 4
23893 2
23913 1
23917 1
23929 1
23941 3
23953 5
23957 1
23965 1
23981 1
23985 3
24005 4
24021 1
24049 1
24065 4
24085 1
24089 3
24093 1
24109 1
24113 1
24121 2
24133 2
24137 1
24157 1
24169 1
24193 1
24197 1
24217 1
24221 1
24229 1
24245 1
24281 1
24293 2
24305 4
24313 2
24337 1
24341 1
24345 4
24349 4
24361 1
24385 2
24389 1
24413 1
24425 4
24433 1
24445 1
24461 1
24469 2
24473 1
24481 1
24505 4
24517 1
24525 2
24533 2
24545 1
24557 1
24561 1
24565 1
24593 3
24601 2
24625 3
24649 1
24653 3
24665 2
24677 1
24685 1
24701 3
24705 1
24713 1
24737 2
24745 1
24781 1
24797 1
24805 2
24809 1
24821 2
24845 4
24853 2
24865 3
24869 2
24889 1
24901 1
24905 3
24917 2
24925 1
24929 1
24953 2
24961 1
24973 4
24993 1
25009 1
25045 3
25049 1
25057 1
25065 2
25073 2
25085 4
25097 1
25105 1
25117 3
25129 2
25133 3
25153 1
25169 3
25173 3
25177 1
25181 2
25189 3
25225 4
25253 1
25261 1
25285 2
25297 2
25301 1
25313 1
25317 1
25321 2
25325 1
25337 2
25345 3
25349 1
25381 2
25397 3
25405 1
25409 1
25425 1
25433 2
25453 2
25457 1
25469 1
25477 1
25493 6
25505 1
25525 1
25529 2
25533 1
25537 1
25541 1
25561 1
25565 2
25589 2
25601 2
25605 2
25609 1
25621 1
25625 3
25633 2
25649 1
25681 1
25693 3
25705 2
25721 1
25749 1
25765 3
25769 4
25777 3
25789 4
25801 2
25805 2
25825 1
25849 1
25857 1
25877 1
25889 1
25921 1
25925 5
25937 4
25945 3
25961 1
25965 3
25985 2
26017 1
26029 1
26045 1
26053 1
26065 2
26073 1
26093 2
26117 1
26129 3
26141 1
26161 2
26165 2
26185 4
26189 1
26209 1
26225 2
26233 2
26237 1
26245 6
26249 2
26261 1
26269 1
26281 1
26297 1
26305 3
26309 2
26317 3
26321 1
26325 1
26329 2
26377 2
26393 1
26401 2
26405 1
26413 3
26441 1
26469 3
26485 1
26489 1
26497 1
26513 1
26525 1
26533 1
26545 2
26569 1
26573 1
26585 2
26597 1
26605 3
26613 1
26645 2
26665 1
26669 4
26685 2
26693 2
26701 2
26705 2
26717 1
26725 5
26729 1
26765 6
26777 1
26793 1
26801 1
26825 5
26869 1
26897 1
26901 2
26905 3
26921 1
26937 1
26941 1
26945 3
26953 1
26965 1
26969 2
26977 2
26981 1
26989 1
27009 1
27017 2
27045 1
27053 1
27065 1
27073 2
27077 1
27085 1
27101 1
27109 3
27121 1
27145 5
27149 1
27157 3
27161 1
27173 1
27185 2
27197 2
27205 1
27217 3
27225 3
27233 1
27241 1
27245 1
27253 2
27257 1
27277 1
27281 1
27289 1
27297 1
27325 6
27329 1
27333 1
27353 1
27365 2
27389 3
27397 1
27409 2
27421 1
27441 2
27449 1
27457 1
27469 1
27505 2
27509 3
27521 1
27529 1
27549 2
27557 3
27565 3
27585 2
27593 1
27605 3
27613 1
27617 1
27625 7
27637 1
27653 3
27673 3
27677 2
27685 1
27701 3
27709 1
27725 1
27733 1
27757 4
27765 4
27773 1
27781 5
27785 3
27793 3
27809 2
27817 1
27829 2
27845 3
27857 1
27865 3
27881 1
27905 2
27941 1
27953 1
27981 1
27985 3
27989 1
27997 1
28009 1
28013 1
28033 4
28037 1
28057 3
28069 3
28085 2
28089 2
28093 2
28097 1
28109 1
28121 1
28145 1
28157 3
28169 1
28193 2
28197 1
28213 2
28225 1
28249 5
28269 1
28285 1
28289 1
28305 4
28309 1
28333 1
28345 5
28349 2
28373 1
28397 1
28409 1
28417 1
28421 2
28445 3
28449 1
28465 1
28477 1
28493 1
28517 1
28537 2
28561 1
28565 3
28577 1
28585 1
28593 1
28597 1
28601 1
28625 2
28645 1
28661 1
28665 3
28685 3
28717 1
28745 1
28753 2
28757 2
28781 1
28789 1
28793 1
28813 1
28817 1
28825 2
28845 1
28849 1
28885 3
28909 3
28913 2
28925 2
28949 1
28953 2
28981 3
28989 1
29005 1
29021 1
29045 4
29053 1
29061 1
29065 3
29069 1
29077 1
29097 1
29101 1
29125 1
29129 1
29153 1
29161 1
29173 1
29185 1
29189 3
29209 1
29237 1
29245 3
29261 1
29305 3
29313 1
29321 3
29333 1
29341 4
29345 1
29353 1
29385 1
29401 1
29405 3
29449 1
29461 1
29485 4
29489 2
29493 1
29497 1
29525 3
29529 2
29537 1
29549 1
29569 1
29573 1
29585 4
29597 1
29629 1
29633 1
29641 1
29653 1
29665 5
29705 4
29725 5
29741 2
29753 1
29761 3
29789 1
29801 1
29825 2
29833 2
29837 1
29857 1
29861 2
29873 1
29881 2
29889 2
29905 2
29917 1
29929 1
29945 2
29957 3
29965 2
29989 1
30005 3
30013 3
30017 2
30025 1
30037 2
30053 1
30073 2
30089 2
30109 1
30125 3
30137 1
30141 1
30145 2
30157 2
30169 1
30181 1
30185 1
30193 2
30209 1
30213 1
30249 1
30253 2
30265 3
30269 2
30277 3
30285 2
30301 2
30313 1
30325 4
30329 4
30341 2
30357 1
30361 4
30397 2
30421 1
30425 2
30445 3
30465 4
30469 1
30493 3
30497 2
30501 1
30505 2
30517 1
30529 2
30537 1
30545 4
30557 2
30577 1
30581 1
30589 1
30605 1
30617 4
30625 2
30629 2
30641 1
30649 1
30661 1
30665 1
30685 1
30697 1
30713 1
30717 1
30725 1
30733 1
30757 1
30769 1
30773 2
30805 4
30809 1
30817 1
30821 1
30825 1
30865 3
30897 1
30901 1
30937 1
30941 1
30949 2
30953 2
30977 1
30985 4
31001 3
31005 3
31013 1
31025 2
31033 1
31037 3
31041 1
31049 1
31057 2
31061 2
31085 1
31105 1
31117 1
31121 1
31145 2
31149 1
31153 2
31177 2
31181 1
31189 1
31193 1
31201 1
31221 1
31225 1
31249 1
31265 4
31277 1
31285 4
31329 1
31333 1
31365 4
31385 1
31417 2
31421 1
31429 1
31433 1
31469 1
31473 1
31501 3
31505 1
31513 1
31525 1
31529 1
31541 1
31545 4
31573 2
31609 5
31613 2
31637 1
31645 4
31653 2
31681 1
31685 1
31693 3
31697 3
31705 2
31709 2
31729 1
31733 2
31765 1
31781 2
31797 1
31805 1
31853 1
31873 3
31905 1
31909 1
31925 3
31937 1
31945 4
31957 1
31985 1
32005 4
32017 3
32029 1
32045 4
32057 2
32065 1
32089 2
32105 2
32113 1
32117 3
32125 3
32161 2
32185 1
32189 2
32201 1
32213 1
32225 4
32233 1
32245 1
32257 1
32261 1
32269 2
32297 2
32301 2
32309 1
32317 2
32341 2
32345 1
32365 2
32393 3
32401 2
32425 4
32429 1
32449 1
32481 2
32485 4
32489 1
32497 2
32513 1
32525 2
32533 1
32549 1
32553 1
32569 1
32605 1
32617 2
32621 2
32625 4
32633 2
32645 1
32657 2
32677 2
32693 1
32761 2
32765 1
32773 1
32777 2
32797 1
32825 7
32841 2
32845 3
32861 2
32869 1
32877 1
32905 3
32929 2
32941 1
32957 1
32969 2
33001 4
33017 3
33025 2
33029 1
33053 1
33065 2
33085 2
33109 1
33125 1
33133 4
33137 1
33169 1
33173 1
33181 2
33185 2
33197 1
33205 1
33241 3
33245 1
33265 3
33289 2
33293 2
33301 1
33305 1
33317 1
33329 2
33337 3
33353 1
33361 1
33365 1
33377 1
33409 1
33437 3
33445 2
33457 1
33469 1
33485 2
33517 1
33525 2
33545 1
33553 2
33565 1
33569 2
33613 1
33625 2
33633 1
33637 1
33653 3
33661 1
33685 3
33709 5
33745 2
33761 3
33773 2
33785 2
33809 1
33813 2
33829 2
33853 1
33857 1
33865 5
33881 2
33893 1
33905 2
33917 1
33977 1
33989 1
34025 7
34037 3
34057 2
34065 1
34073 2
34081 1
34101 1
34117 2
34121 1
34129 1
34137 1
34157 1
34165 2
34213 2
34225 4
34229 2
34249 1
34261 1
34281 1
34285 1
34289 3
34313 1
34345 1
34373 3
34389 1
34425 1
34429 1
34445 1
34457 1
34465 2
34481 1
34501 1
34525 4
34541 2
34553 2
34585 1
34589 1
34605 2
34621 1
34625 3
34645 4
34669 2
34673 1
34677 1
34693 1
34697 6
34709 1
34717 3
34721 3
34741 1
34745 1
34765 5
34781 1
34805 1
34829 2
34841 2
34885 1
34933 1
34945 5
34949 1
34957 2
34973 2
34981 1
34985 1
35009 2
35017 2
35033 1
35037 2
35065 1
35081 1
35089 1
35113 1
35137 1
35141 2
35165 1
35173 2
35177 2
35209 2
35225 2
35249 2
35253 1
35257 1
35269 1
35285 2
35293 1
35317 1
35325 2
35345 2
35353 2
35369 1
35393 1
35405 4
35425 1
35449 2
35465 3
35509 1
35525 2
35533 2
35537 1
35545 2
35557 2
35569 1
35597 1
35605 3
35617 1
35633 2
35641 2
35645 1
35649 1
35653 4
35685 1
35689 2
35705 4
35721 1
35729 2
35737 1
35757 2
35785 1
35789 4
35793 2
35797 1
35821 2
35825 3
35837 1
35865 1
35873 2
35885 3
35897 1
35909 2
35921 1
35953 4
35957 2
35965 2
35989 4
36009 1
36073 2
36117 2
36125 2
36145 1
36149 1
36181 2
36193 2
36205 3
36217 1
36221 3
36229 1
36257 1
36265 1
36293 2
36297 2
36305 1
36325 5
36329 3
36353 1
36361 1
36373 2
36397 1
36405 1
36413 2
36441 1
36469 1
36473 2
36481 1
36485 3
36493 2
36513 1
36517 1
36541 1
36569 1
36601 2
36605 3
36621 1
36625 3
36629 1
36661 3
36665 1
36677 1
36713 1
36721 1
36725 5
36733 1
36737 2
36745 2
36749 2
36761 2
36805 2
36809 1
36829 2
36837 1
36853 1
36865 1
36877 1
36881 2
36905 3
36941 5
36945 2
36965 2
36985 4
36997 1
37013 1
37025 2
37049 1
37057 1
37089 3
37093 1
37097 1
37105 1
37117 2
37153 3
37157 2
37161 2
37189 1
37193 2
37217 1
37225 3
37249 1
37265 1
37285 1
37309 1
37325 1
37333 2
37337 1
37349 3
37377 1
37381 1
37385 1
37393 1
37405 1
37409 2
37413 1
37441 1
37469 1
37481 1
37485 2
37489 1
37493 1
37501 3
37537 1
37561 2
37577 1
37585 5
37589 1
37613 2
37621 1
37629 2
37633 2
37645 2
37673 1
37681 1
37685 1
37705 1
37729 2
37745 1
37805 4
37809 1
37817 2
37825 2
37837 2
37845 2
37853 1
37861 1
37865 1
37873 1
37877 1
37897 1
37921 2
37925 4
37945 3
37949 1
38021 2
38025 5
38029 2
38033 1
38041 1
38069 1
38077 1
38081 2
38089 1
38105 1
38113 1
38125 1
38149 1
38165 4
38177 3
38189 1
38221 1
38233 2
38237 1
38245 1
38293 3
38357 1
38369 5
38377 2
38385 1
38389 2
38393 1
38425 7
38441 1
38449 1
38457 2
38461 2
38465 1
38477 2
38497 2
38501 1
38509 2
38537 2
38545 6
38557 1
38565 3
38573 1
38585 1
38593 1
38609 3
38637 2
38641 1
38669 1
38673 1
38677 1
38701 2
38725 4
38749 1
38765 2
38785 2
38809 3
38813 1
38825 2
38845 1
38849 2
38873 1
38889 1
38897 2
38909 3
38917 2
38925 2
38933 1
38945 2
38953 2
38961 1
38993 1
39005 2
39013 1
39065 4
39073 3
39085 3
39089 1
39101 1
39125 5
39145 1
39181 1
39185 4
39205 1
39213 1
39233 1
39241 1
39253 2
39265 2
39285 1
39289 2
39293 1
39313 1
39317 1
39325 3
39341 1
39349 2
39357 2
39377 1
39385 1
39397 3
39409 2
39437 3
39461 1
39465 1
39469 1
39485 1
39493 1
39505 3
39521 1
39533 1
39553 1
39565 1
39573 2
39581 2
39593 3
39605 1
39617 1
39625 1
39637 1
39645 2
39661 1
39673 1
39681 1
39685 1
39701 2
39745 1
39749 1
39761 1
39785 3
39789 1
39793 1
39797 2
39817 2
39845 1
39857 2
39877 1
39901 1
39925 2
39929 1
39933 4
39953 1
39965 2
40001 5
40009 1
40013 2
40025 1
40037 1
40045 1
40093 1
40097 2
40105 2
40113 2
40121 2
40141 1
40157 1
40169 1
40193 1
40225 2
40229 1
40253 1
40277 1
40289 1
40321 1
40333 1
40345 1
40357 2
40361 1
40385 1
40405 1
40409 1
40417 2
40429 2
40433 1
40441 4
40445 2
40477 3
40493 1
40501 1
40505 3
40525 1
40529 1
40545 2
40573 2
40577 3
40589 1
40609 1
40613 3
40625 3
40673 1
40693 1
40697 1
40725 2
40729 1
40745 2
40757 3
40781 1
40805 1
40829 1
40837 2
40849 1
40861 1
40877 2
40885 4
40905 4
40961 2
40977 2
41029 1
41033 1
41057 2
41093 3
41105 2
41113 1
41185 1
41209 1
41213 2
41225 3
41245 4
41269 1
41273 3
41301 1
41341 1
41345 1
41353 2
41373 2
41381 2
41405 3
41413 1
41449 1
41453 1
41465 1
41497 1
41533 1
41537 2
41549 1
41557 2
41585 1
41589 1
41597 2
41605 3
41617 1
41621 1
41625 3
41665 4
41693 1
41725 1
41729 1
41733 1
41761 1
41765 1
41773 1
41785 2
41797 1
41801 1
41805 2
41849 1
41861 3
41885 2
41893 1
41905 2
41969 1
41993 1
42013 1
42025 4
42029 3
42041 1
42057 1
42109 2
42121 1
42125 2
42145 1
42157 1
42165 1
42173 3
42233 1
42237 1
42241 2
42325 1
42337 1
42341 1
42345 3
42365 2
42385 4
42401 2
42425 2
42437 1
42445 3
42453 1
42461 1
42473 1
42485 2
42489 1
42505 1
42517 3
42557 1
42569 1
42577 1
42589 2
42601 4
42605 1
42653 2
42661 2
42685 1
42689 2
42705 2
42725 2
42737 1
42761 1
42773 1
42777 1
42797 2
42809 3
42821 1
42829 3
42857 1
42865 2
42881 2
42913 1
42925 2
42929 1
42937 1
42949 1
42961 1
42965 2
42993 4
43045 1
43061 2
43069 1
43093 1
43105 3
43117 1
43137 2
43165 1
43173 2
43189 1
43201 1
43205 1
43237 1
43261 1
43265 2
43273 1
43277 2
43289 3
43297 1
43313 2
43317 2
43333 3
43345 1
43397 1
43425 2
43433 1
43457 2
43465 3
43489 2
43513 3
43517 1
43525 3
43537 1
43541 2
43553 1
43565 1
43573 1
43577 1
43621 2
43625 3
43649 1
43657 1
43669 1
43685 1
43705 1
43709 2
43733 1
43745 1
43765 2
43801 2
43805 1
43825 3
43849 2
43877 1
43893 1
43937 1
43957 1
43961 1
43965 1
43969 2
44005 1
44021 1
44053 1
44081 1
44105 1
44109 3
44117 1
44125 2
44141 3
44165 3
44185 1
44197 2
44201 1
44217 1
44225 4
44245 1
44273 2
44285 2
44305 2
44325 2
44329 1
44353 1
44389 1
44397 1
44417 1
44425 4
44453 1
44465 2
44469 2
44489 2
44501 1
44525 2
44573 3
44581 2
44585 5
44613 1
44621 1
44633 1
44649 1
44665 2
44701 1
44705 1
44713 1
44717 1
44749 1
44757 1
44761 2
44785 2
44789 1
44809 1
44829 1
44837 1
44861 1
44865 2
44881 2
44893 1
44917 1
44921 2
44937 1
44941 1
44945 3
44953 2
44965 2
44969 1
44977 2
45005 1
45013 1
45025 1
45029 1
45037 2
45053 1
45065 1
45077 1
45097 3
45125 2
45133 2
45153 2
45169 2
45197 1
45209 1
45233 1
45253 2
45281 1
45293 1
45301 3
45305 6
45325 2
45337 1
45349 1
45369 1
45377 1
45385 1
45405 1
45421 1
45433 1
45445 2
45461 1
45473 2
45481 1
45509 1
45541 1
45545 1
45565 2
45589 1
45613 2
45621 1
45625 3
45641 1
45665 3
45677 1
45697 1
45721 2
45737 1
45757 1
45765 1
45769 2
45781 1
45785 3
45797 1
45805 1
45817 2
45821 1
45845 2
45865 3
45869 1
45877 2
45893 1
45901 1
45913 2
45929 1
45945 1
46017 1
46021 1
46033 1
46073 2
46085 1
46105 1
46121 1
46141 1
46153 1
46157 2
46169 2
46205 1
46213 2
46217 1
46229 1
46261 2
46269 1
46273 1
46285 2
46289 2
46313 1
46325 5
46337 2
46369 2
46377 1
46381 1
46385 2
46393 1
46429 1
46441 1
46449 1
46465 1
46477 1
46489 1
46501 2
46517 2
46525 3
46537 1
46549 1
46597 3
46601 3
46625 2
46637 2
46657 1
46665 1
46685 1
46693 2
46697 1
46701 1
46705 1
46733 1
46757 1
46773 1
46793 1
46813 3
46817 1
46825 1
46829 1
46853 1
46881 1
46909 2
46917 3
46925 1
46933 1
46945 3
46969 1
46985 1
47009 2
47017 1
47021 2
47045 1
47057 1
47065 2
47093 1
47097 1
47125 5
47133 1
47161 1
47189 2
47205 2
47209 1
47225 1
47233 3
47241 1
47249 3
47269 1
47273 1
47281 2
47297 1
47305 1
47309 1
47345 1
47385 2
47389 2
47413 1
47437 2
47457 1
47485 1
47489 3
47513 1
47521 1
47525 1
47533 1
47545 5
47549 2
47581 1
47605 3
47617 1
47645 1
47665 3
47669 1
47701 1
47713 2
47745 1
47753 4
47797 1
47801 1
47809 2
47821 4
47825 1
47853 2
47857 1
47873 1
47885 3
47917 1
47933 2
47965 3
47969 1
48017 1
48025 2
48033 2
48049 1
48053 1
48073 1
48109 3
48121 1
48137 1
48145 2
48149 1
48161 1
48245 1
48253 1
48285 4
48305 3
48325 2
48337 1
48353 1
48361 1
48365 2
48373 5
48397 1
48425 2
48449 2
48473 1
48485 1
48497 1
48505 2
48529 1
48533 4
48581 2
48589 1
48605 2
48617 1
48625 2
48637 1
48649 1
48661 2
48665 2
48673 1
48677 1
48717 1
48725 4
48733 1
48749 3
48753 1
48841 2
48845 2
48853 1
48857 1
48865 1
48889 1
48893 2
48905 1
48913 1
48929 1
48933 1
48969 1
48997 2
49025 1
49033 1
49037 1
49041 1
49045 1
49085 1
49097 2
49117 1
49141 1
49145 2
49185 1
49193 2
49237 3
49241 1
49249 1
49253 1
49293 1
49297 1
49309 4
49325 3
49333 1
49349 1
49361 3
49365 2
49393 1
49405 1
49409 1
49417 1
49421 1
49429 1
49441 2
49453 1
49457 1
49465 2
49505 1
49509 1
49529 1
49561 1
49601 2
49613 1
49617 2
49625 2
49653 2
49661 1
49669 1
49725 2
49733 1
49741 1
49745 1
49765 3
49801 1
49813 3
49829 2
49865 2
49873 3
49877 2
49897 1
49905 1
49925 2
49985 3
49993 1
49997 1
50005 4
50013 1
50053 1
50069 1
50077 3
50081 1
50089 1
50093 1
50101 2
50125 1
50185 1
50213 1
50225 2
50245 2
50265 2
50269 1
50285 2
50305 1
50321 1
50341 1
50345 1
50425 1
50453 2
50465 1
50489 2
50509 3
50513 1
50537 1
50549 1
50569 1
50593 2
50609 1
50625 2
50629 1
50661 2
50705 1
50717 1
50725 1
50737 2
50769 1
50789 1
50801 2
50821 1
50837 1
50873 1
50921 1
50929 2
50957 1
50965 1
50969 1
51005 2
51025 2
51077 1
51085 1
51097 1
51101 2
51109 1
51125 2
51133 1
51145 4
51185 3
51193 1
51197 1
51209 1
51229 1
51245 1
51265 2
51309 1
51313 1
51325 1
51409 1
51413 1
51417 2
51425 2
51437 1
51445 1
51461 1
51473 1
51521 1
51533 2
51545 3
51565 2
51597 1
51613 2
51649 1
51665 1
51673 1
51701 5
51741 1
51749 1
51757 1
51769 1
51781 1
51785 1
51797 1
51833 1
51845 2
51857 1
51893 1
51913 1
51917 1
51985 3
52009 1
52013 1
52025 2
52033 1
52065 2
52081 1
52105 2
52133 1
52153 1
52165 1
52169 3
52237 3
52265 1
52273 1
52281 2
52309 1
52313 1
52317 1
52321 1
52357 2
52361 1
52381 1
52389 1
52429 1
52441 2
52445 2
52453 1
52457 1
52477 2
52505 2
52529 1
52533 3
52577 2
52585 1
52597 1
52609 1
52621 1
52625 1
52637 1
52645 1
52685 2
52749 2
52777 1
52813 1
52821 1
52825 1
52837 1
52849 1
52853 2
52861 1
52865 1
52873 3
52889 1
52897 1
52901 1
52925 5
52937 1
52949 4
52993 1
53005 1
53017 1
53033 1
53045 1
53065 1
53077 1
53089 1
53113 2
53125 2
53149 1
53173 1
53197 1
53225 1
53253 2
53261 2
53269 2
53293 1
53309 3
53329 2
53365 4
53381 1
53401 1
53425 3
53441 1
53453 2
53465 1
53469 1
53477 1
53505 4
53509 2
53525 2
53541 1
53549 1
53557 1
53569 1
53573 4
53593 1
53609 1
53617 1
53645 1
53653 1
53677 2
53685 1
53689 1
53761 2
53777 1
53813 1
53825 1
53833 2
53845 2
53873 1
53881 1
53885 3
53905 1
53917 1
53937 1
53969 1
53989 1
54013 1
54025 2
54029 1
54041 1
54049 1
54077 1
54085 1
54113 1
54125 3
54161 1
54185 1
54205 1
54225 1
54265 2
54269 1
54289 1
54293 2
54301 1
54305 1
54317 1
54325 5
54353 3
54361 1
54409 1
54421 1
54433 1
54445 3
54477 1
54485 3
54497 1
54513 1
54541 2
54557 1
54613 2
54641 1
54657 1
54665 4
54673 1
54685 1
54709 1
54713 1
54749 2
54781 1
54785 2
54797 1
54805 2
54821 1
54829 1
54837 1
54841 2
54865 2
54877 2
54893 1
54909 1
54925 1
54941 2
54965 3
54977 1
55117 1
55125 2
55133 1
55145 1
55189 1
55205 2
55241 2
55261 1
55285 1
55289 3
55305 2
55313 2
55325 1
55345 1
55357 1
55369 3
55381 1
55393 1
55441 1
55449 1
55457 1
55477 2
55481 2
55485 1
55505 1
55549 1
55553 1
55557 1
55565 1
55585 1
55589 1
55597 1
55609 1
55625 5
55681 1
55697 1
55705 1
55709 1
55717 1
55733 1
55745 1
55757 2
55805 1
55809 1
55829 2
55845 3
55849 2
55865 2
55885 3
55889 1
55921 3
55925 2
55933 1
55981 4
55985 2
56009 1
56041 1
56057 1
56093 1
56101 2
56105 1
56117 1
56125 3
56129 3
56173 1
56185 1
56209 1
56225 2
56237 1
56257 1
56277 1
56285 1
56305 1
56321 2
56421 1
56425 3
56429 1
56437 1
56457 1
56477 1
56489 1
56509 1
56549 1
56569 1
56585 1
56621 1
56645 1
56653 4
56657 1
56669 1
56693 1
56701 1
56709 1
56745 2
56765 2
56781 1
56785 3
56789 3
56797 2
56813 1
56825 1
56849 2
56857 1
56869 4
56873 1
56897 1
56933 4
56953 1
56961 2
56965 1
56989 1
56993 1
57005 2
57049 1
57065 1
57069 1
57077 1
57085 2
57089 1
57097 1
57125 2
57161 1
57205 1
57217 1
57221 1
57245 1
57265 1
57269 2
57325 1
57341 1
57377 2
57425 1
57517 1
57521 1
57557 1
57601 1
57609 2
57613 1
57625 2
57641 1
57661 2
57681 2
57709 1
57713 2
57725 2
57773 1
57781 1
57809 1
57825 1
57889 3
57913 1
57929 1
57933 1
57961 1
57965 1
57973 1
58013 1
58021 2
58041 1
58061 1
58081 1
58085 1
58097 2
58105 2
58109 1
58117 2
58133 1
58145 2
58153 2
58165 3
58201 1
58217 1
58225 4
58261 2
58301 2
58321 2
58361 2
58369 1
58393 1
58409 1
58493 1
58505 1
58545 2
58549 1
58565 3
58573 2
58585 1
58601 1
58633 1
58645 1
58669 1
58685 2
58693 1
58721 2
58741 1
58753 1
58769 1
58825 1
58841 1
58853 1
58865 2
58897 2
58901 1
58925 3
58977 1
59021 3
59057 1
59085 1
59089 1
59105 2
59121 1
59149 1
59153 1
59189 4
59193 2
59233 1
59237 4
59245 2
59281 1
59305 2
59321 1
59333 2
59373 2
59405 2
59437 1
59445 2
59449 3
59497 1
59525 3
59533 1
59537 1
59545 1
59557 1
59581 1
59585 4
59597 1
59625 1
59653 1
59657 1
59665 2
59669 1
59681 1
59705 2
59725 2
59733 1
59753 1
59765 1
59777 3
59825 3
59833 1
59881 1
59893 2
59897 1
59957 2
60001 1
60017 1
60029 2
60061 1
60065 4
60073 1
60077 1
60125 2
60185 2
60201 1
60229 2
60245 1
60265 2
60281 1
60289 1
60293 1
60337 1
60349 1
60365 1
60373 1
60377 1
60413 1
60449 2
60469 1
60485 1
60505 1
60509 2
60525 1
60541 1
60569 1
60589 1
60625 3
60633 1
60661 1
60713 2
60721 1
60741 1
60745 1
60757 1
60773 1
60785 2
60805 2
60813 1
60817 1
60889 1
60905 1
60925 1
60937 1
60941 2
60957 2
60965 4
60985 1
60997 1
61009 2
61013 1
61029 1
61045 2
61049 2
61073 1
61109 1
61133 1
61141 1
61165 1
61181 2
61213 1
61217 1
61265 2
61297 1
61309 2
61333 1
61357 1
61417 1
61421 1
61445 2
61461 1
61489 2
61529 1
61549 1
61561 1
61569 1
61585 3
61609 1
61613 4
61625 2
61637 1
61645 1
61657 2
61685 3
61729 1
61753 2
61821 1
61825 1
61865 2
61885 2
61913 2
61925 1
61933 1
61973 1
62005 1
62017 1
62021 2
62033 1
62101 3
62105 2
62137 2
62145 1
62177 1
62185 2
62189 1
62197 5
62257 1
62269 4
62281 2
62325 1
62329 1
62345 4
62365 1
62389 2
62413 1
62417 1
62437 1
62449 1
62453 1
62465 1
62525 3
62561 1
62569 2
62577 2
62581 1
62585 1
62593 2
62597 2
62609 1
62633 1
62641 1
62677 1
62705 1
62729 1
62753 1
62765 1
62773 1
62785 2
62893 1
62901 2
62941 4
62957 1
62965 2
63017 1
63025 1
63065 1
63073 1
63097 1
63101 1
63113 1
63125 3
63149 1
63169 1
63185 1
63193 1
63197 1
63225 4
63229 1
63257 1
63317 1
63325 1
63401 2
63405 1
63485 2
63505 2
63521 1
63541 1
63557 1
63585 1
63601 1
63621 2
63625 2
63649 1
63673 1
63713 1
63729 1
63765 2
63781 2
63785 1
63865 3
63869 2
63901 1
63913 1
63925 1
63945 1
63949 1
64013 1
64025 1
64033 1
64073 1
64117 1
64121 1
64153 1
64157 1
64161 1
64165 1
64181 3
64213 2
64289 1
64297 1
64345 4
64349 1
64409 1
64413 1
64417 1
64441 1
64445 1
64453 2
64465 3
64481 1
64493 1
64513 2
64525 1
64529 2
64549 2
64553 1
64565 3
64585 1
64593 1
64597 1
64609 1
64649 1
64685 4
64693 1
64721 1
64737 2
64753 2
64805 2
64817 1
64825 1
64849 2
64877 1
64881 1
64901 1
64925 1
65041 1
65117 1
65125 1
65129 1
65133 2
65137 1
65169 1
65185 1
65221 1
65237 1
65273 1
65277 1
65293 1
65305 1
65349 1
65365 1
65413 2
65453 2
65461 1
65477 1
65509 1
65525 1
65545 1
65561 1
65585 2
65601 2
65605 2
65609 1
65617 1
65633 1
65677 1
65705 2
65713 1
65741 1
65749 1
65761 1
65773 4
65789 1
65809 2
65825 1
65845 1
65885 1
65889 1
65897 1
65905 1
65917 2
65925 2
65929 3
65969 1
65997 1
66001 1
66041 2
66049 1
66065 1
66105 2
66125 1
66141 1
66193 1
66197 1
66205 1
66265 2
66321 1
66357 1
66389 1
66425 1
66445 1
66461 1
66485 1
66533 1
66541 2
66545 1
66589 2
66601 1
66613 2
66625 4
66629 1
66637 2
66653 1
66673 1
66685 1
66721 1
66725 1
66749 1
66753 1
66789 2
66797 2
66809 1
66833 1
66845 2
66917 1
66973 1
66985 1
67009 1
67033 2
67057 1
67085 1
67097 1
67145 1
67181 1
67205 1
67213 1
67297 2
67345 1
67385 1
67401 2
67405 3
67493 1
67509 1
67541 1
67565 2
67589 1
67609 3
67653 2
67657 2
67681 1
67685 1
67717 1
67721 2
67745 1
67757 1
67769 1
67789 1
67813 1
67825 1
67829 1
67961 1
67973 1
67985 1
68029 2
68041 1
68049 2
68093 1
68165 1
68193 1
68209 1
68221 1
68225 1
68237 5
68245 1
68269 1
68317 2
68329 1
68345 2
68357 1
68405 1
68441 1
68445 3
68561 2
68581 1
68597 1
68625 1
68633 1
68669 1
68681 1
68697 1
68725 2
68741 1
68753 1
68797 3
68813 2
68825 2
68833 1
68857 1
68965 2
69005 2
69017 1
69029 1
69049 1
69085 3
69093 1
69109 1
69165 1
69173 1
69185 3
69193 1
69197 1
69237 1
69281 1
69313 2
69341 1
69365 1
69381 2
69385 1
69425 1
69485 1
69541 1
69577 1
69625 2
69665 2
69673 1
69677 1
69705 1
69725 2
69745 2
69829 1
69865 3
69869 1
69953 1
69997 2
70013 1
70045 1
70069 2
70093 3
70109 1
70121 3
70145 2
70181 2
70201 1
70209 1
70261 1
70285 1
70309 2
70325 2
70369 3
70397 1
70405 1
70409 2
70429 1
70445 1
70465 1
70529 1
70533 1
70601 1
70625 2
70669 1
70681 1
70713 1
70745 2
70769 1
70781 2
70805 2
70825 1
70849 1
70853 1
70865 1
70893 1
70925 2
70937 1
70969 1
70997 1
71045 2
71065 3
71069 1
71073 1
71105 1
71109 1
71125 1
71149 1
71177 1
71189 1
71201 1
71217 2
71261 1
71285 1
71289 1
71305 1
71317 1
71341 1
71381 1
71405 3
71417 1
71453 1
71465 1
71485 1
71525 1
71541 1
71545 4
71705 1
71721 1
71741 1
71749 1
71785 1
71789 1
71825 3
71857 1
71861 1
71881 1
71917 2
71945 1
71965 1
71989 1
72001 1
72005 1
72041 2
72045 1
72053 1
72109 1
72113 1
72125 2
72133 1
72185 1
72189 1
72217 1
72221 1
72229 1
72253 2
72265 1
72305 1
72313 1
72397 2
72437 1
72493 1
72533 1
72553 1
72557 1
72585 3
72593 1
72605 1
72661 1
72665 1
72685 2
72721 1
72725 1
72729 1
72761 1
72773 2
72781 1
72785 2
72817 1
72845 1
72901 1
72929 1
72961 1
72965 1
72977 1
72981 2
73013 1
73021 1
73037 1
73061 1
73109 1
73125 2
73145 1
73189 1
73193 1
73225 2
73261 1
73265 1
73305 1
73345 2
73357 1
73385 1
73405 1
73417 1
73433 1
73445 1
73449 1
73477 1
73481 1
73505 1
73517 1
73561 1
73565 1
73585 2
73613 1
73665 1
73685 2
73709 1
73765 1
73781 2
73789 1
73793 3
73825 1
73897 1
73933 1
73961 1
74033 1
74069 3
74077 2
74113 2
74197 1
74201 1
74205 1
74237 1
74241 1
74269 2
74293 1
74333 1
74341 1
74381 1
74413 1
74425 4
74465 2
74477 1
74533 1
74545 2
74581 1
74629 1
74653 1
74665 2
74717 1
74725 1
74821 1
74825 2
74857 1
74861 1
74885 2
74889 1
74925 1
74929 1
74933 1
74945 1
74953 1
74969 1
75025 2
75065 2
75101 2
75105 1
75125 1
75149 2
75157 2
75193 1
75205 1
75245 1
75265 2
75337 1
75353 1
75377 1
75385 1
75413 1
75429 2
75433 1
75437 2
75457 2
75501 1
75517 3
75605 1
75625 1
75665 1
75709 1
75721 1
75725 3
75769 1
75773 1
75797 1
75825 2
75841 1
75861 1
75893 1
75917 1
75941 1
75949 1
75973 1
76085 1
76109 1
76141 2
76145 1
76149 1
76177 1
76185 1
76205 1
76249 1
76273 1
76293 2
76301 1
76365 1
76381 1
76385 1
76457 1
76481 1
76509 1
76525 1
76585 2
76625 1
76645 1
76705 1
76733 1
76745 1
76801 1
76869 1
76905 1
76925 1
76961 1
77065 1
77069 1
77125 1
77129 1
77141 1
77193 1
77265 2
77269 1
77293 1
77305 1
77317 1
77333 1
77377 1
77405 2
77417 2
77449 1
77465 1
77513 1
77537 3
77545 1
77573 1
77617 1
77633 2
77681 1
77705 2
77725 2
77741 1
77753 1
77761 1
77797 1
77837 2
77845 1
77849 1
77857 3
77909 2
78013 2
78021 1
78025 1
78093 1
78121 1
78145 1
78173 1
78181 1
78201 1
78205 1
78209 1
78229 1
78241 1
78245 1
78305 1
78325 1
78385 3
78433 1
78445 2
78493 2
78497 1
78521 2
78541 1
78557 1
78625 3
78633 1
78649 1
78665 1
78677 1
78689 1
78697 1
78721 1
78741 1
78773 1
78817 1
78829 1
78841 1
78845 1
78865 2
78893 1
78965 1
78977 1
78985 1
79045 1
79061 1
79105 2
79129 1
79133 1
79157 1
79169 2
79193 1
79201 1
79217 2
79229 1
79273 1
79285 1
79385 1
79389 1
79417 2
79429 1
79445 1
79489 1
79505 1
79537 1
79561 1
79565 1
79601 1
79605 2
79613 1
79621 1
79637 3
79661 1
79721 1
79745 2
79749 1
79781 1
79785 1
79837 2
79865 1
79913 1
79921 1
79973 1
79985 1
79997 1
80005 1
80053 1
80093 1
80149 1
80153 1
80165 1
80221 1
80305 1
80401 1
80405 1
80449 1
80461 1
80497 1
80505 1
80525 2
80557 2
80581 1
80613 1
80621 1
80665 2
80777 1
80821 1
80825 2
80929 1
80953 1
80957 1
80989 1
81049 1
81101 1
81113 1
81133 1
81145 1
81161 1
81225 1
81229 2
81233 1
81241 1
81261 1
81269 1
81289 2
81293 1
81325 1
81353 1
81365 3
81413 1
81425 1
81461 1
81469 1
81497 1
81577 1
81585 1
81617 1
81629 1
81693 1
81713 1
81733 1
81745 1
81801 1
81881 2
81917 1
81929 1
81965 1
81973 1
82053 1
82105 1
82125 1
82157 1
82165 1
82241 1
82273 2
82325 2
82333 1
82337 1
82373 2
82421 1
82469 1
82505 1
82525 2
82549 1
82613 1
82625 4
82637 2
82693 2
82773 1
82849 1
82853 2
82909 2
82953 1
83025 1
83045 1
83065 1
83077 1
83161 1
83221 1
83385 1
83453 1
83509 1
83525 2
83537 1
83717 1
83725 3
83749 1
83785 1
83821 1
83861 1
83921 1
83997 1
84005 1
84089 2
84109 2
84133 1
84169 1
84185 1
84257 1
84325 1
84337 1
84349 1
84377 1
84401 1
84461 1
84485 1
84505 1
84509 1
84589 1
84593 1
84605 1
84681 2
84697 1
84761 1
84817 1
84853 1
84857 1
84881 1
84933 1
84937 1
84941 2
84965 1
84969 1
84989 1
85005 1
85045 1
85145 1
85205 1
85213 1
85273 2
85277 1
85285 1
85289 1
85309 1
85325 1
85345 1
85357 2
85457 1
85517 1
85541 2
85549 1
85553 1
85565 1
85625 3
85649 1
85685 1
85793 1
85805 1
85829 1
85865 2
85885 1
85969 2
85973 1
85985 3
86125 1
86225 1
86281 1
86285 1
86333 1
86389 1
86437 3
86465 1
86477 1
86485 1
86517 1
86525 1
86557 1
86605 2
86633 1
86665 1
86681 1
86749 1
86761 1
86797 1
86909 1
86945 1
86993 1
87025 1
87093 1
87121 1
87125 1
87165 1
87181 1
87217 1
87281 1
87289 1
87309 1
87365 1
87397 1
87413 1
87421 1
87425 1
87445 1
87509 1
87517 1
87581 1
87601 1
87625 1
87649 1
87673 1
87697 1
87725 1
87737 1
87741 1
87781 1
87785 2
87833 1
87869 2
87917 1
87925 1
88049 1
88145 1
88153 1
88173 1
88181 1
88189 1
88201 1
88225 2
88245 1
88273 1
88321 1
88325 1
88337 1
88349 1
88393 1
88453 2
88469 1
88525 2
88565 2
88577 2
88625 1
88705 2
88745 2
88785 1
88857 1
88885 2
88933 1
88981 1
88985 3
89021 2
89029 1
89185 1
89245 3
89261 1
89297 1
89325 2
89329 1
89365 1
89381 1
89489 2
89505 1
89545 1
89577 1
89645 1
89653 2
89681 1
89765 1
89801 1
89809 1
89829 1
90025 1
90077 1
90113 1
90133 1
90145 1
90157 1
90173 1
90185 1
90197 1
90217 1
90253 1
90305 1
90457 1
90473 1
90557 1
90625 1
90641 1
90653 1
90721 1
90729 1
90857 2
90865 2
90913 2
90973 1
90989 1
90997 2
91001 1
91061 1
91073 1
91089 1
91145 2
91205 1
91225 1
91277 2
91297 1
91325 4
91337 1
91417 2
91429 1
91453 1
91585 1
91629 1
91645 1
91669 1
91681 1
91873 1
91933 1
91957 1
92045 1
92061 1
92065 1
92105 2
92237 1
92269 1
92357 1
92385 2
92413 1
92425 1
92461 1
92465 1
92485 1
92497 1
92557 1
92569 1
92585 1
92677 1
92709 1
92717 1
92745 2
92773 1
92905 2
92909 1
92945 1
93025 1
93041 2
93049 1
93109 1
93145 3
93217 1
93245 1
93325 1
93349 1
93361 1
93393 1
93425 1
93517 1
93545 2
93661 1
93685 1
93701 1
93749 2
93805 2
93889 1
93925 1
93965 1
93969 2
94113 1
94153 1
94265 1
94301 1
94345 1
94365 1
94393 1
94397 1
94401 1
94597 1
94637 1
94673 1
94681 1
94693 1
94873 1
94889 1
94925 1
95045 1
95141 2
95149 1
95173 1
95177 1
95261 1
95465 1
95485 1
95497 1
95509 1
95545 1
95593 1
95625 1
95629 1
95633 1
95845 2
95905 1
95929 1
95965 1
96037 1
96157 2
96237 1
96253 1
96265 1
96269 1
96353 1
96361 1
96385 1
96421 1
96437 1
96505 1
96517 1
96541 1
96545 1
96589 1
96597 1
96633 1
96661 1
96673 1
96677 1
96685 1
96725 1
96777 1
96841 1
96857 1
96869 1
96889 2
96925 2
96941 1
97045 1
97165 1
97225 2
97245 1
97357 1
97469 1
97569 1
97745 2
97777 1
97785 1
97861 1
97925 1
98005 1
98113 1
98125 1
98397 1
98405 1
98429 1
98433 1
98489 1
98605 1
98701 1
98773 1
98845 2
98881 1
98993 1
99025 1
99205 1
99265 1
99377 1
99433 1
99445 1
99529 1
99549 1
99557 1
99569 2
99709 1
99713 1
99721 1
99749 1
99853 1
99905 1
100021 1
100085 1
100105 1
100237 1
100249 1
100273 1
100309 1
100357 1
100489 1
100517 1
100549 1
100585 1
100589 1
100609 1
100633 1
100745 1
100817 1
100861 1
100865 1
100873 2
100973 1
100997 1
101025 1
101105 1
101201 1
101205 1
101225 2
101293 1
101305 1
101309 1
101425 2
101537 1
101557 1
101565 1
101725 1
101765 1
101789 1
101825 1
101945 1
101969 1
102029 1
102089 1
102105 1
102213 1
102257 1
102265 1
102385 1
102397 1
102533 2
102541 1
102569 2
102617 1
102629 1
102717 1
102745 1
103025 1
103057 1
103129 2
103153 1
103273 1
103357 1
103361 1
103421 1
103585 1
103685 1
103689 2
103709 1
103725 1
103853 1
103905 1
103981 1
104045 1
104081 1
104085 1
104117 1
104213 1
104233 1
104333 1
104365 1
104409 1
104437 1
104585 1
104605 1
104681 2
104717 1
104737 2
104845 1
105057 1
105065 1
105093 1
105125 2
105185 2
105205 1
105401 1
105417 2
105485 1
105625 2
105653 1
105881 1
105885 3
105929 1
106021 1
106285 1
106289 1
106301 1
106417 1
106445 2
106625 1
106657 1
106709 2
106721 1
106749 2
106793 1
106825 3
106861 1
106873 1
106921 1
106933 1
107101 1
107117 1
107161 1
107189 1
107201 1
107225 1
107245 1
107505 1
107593 1
107653 1
107705 1
107753 1
107761 1
107857 1
108025 1
108085 1
108161 1
108193 1
108197 1
108209 1
108289 1
108293 1
108313 1
108373 1
108441 1
108593 1
108709 1
108821 1
108873 1
108917 1
108945 1
108953 1
109045 1
109105 1
109157 1
109225 3
109325 1
109429 1
109565 1
109633 1
109645 1
109805 1
109913 1
110045 1
110149 1
110221 1
110533 1
110741 2
110765 1
110905 1
110961 1
110969 1
111005 1
111025 1
111281 1
111325 1
111361 1
111605 2
111725 1
111829 1
111861 1
111889 1
111901 2
112149 1
112201 1
112297 1
112361 1
112421 1
112517 1
112549 1
112553 2
112625 1
112829 1
112977 1
113033 1
113077 1
113173 1
113357 1
113425 2
113473 1
113809 1
114145 1
114269 1
114497 1
114713 1
114745 3
114761 1
114865 1
114881 1
114889 1
114985 1
115021 1
115169 1
115217 1
115265 1
115277 1
115285 1
115389 1
115393 1
115469 1
115749 1
115821 1
115825 1
116037 1
116077 1
116217 2
116285 1
116453 1
116485 1
116609 1
116649 2
116705 1
116797 1
116849 2
116857 1
117125 1
117181 1
117305 1
117377 1
117437 1
117517 1
117589 1
117765 1
117785 1
117877 1
118145 1
118325 1
118457 1
118505 1
118585 1
118697 1
118889 1
119005 1
119365 1
119417 1
119425 1
119465 1
119473 1
119489 1
119601 1
119929 1
119969 1
120033 1
120041 1
120049 1
120089 1
120105 1
120233 1
120377 1
120409 1
120445 1
120465 1
120541 1
120553 2
120653 1
120689 1
120761 1
120805 1
120893 1
121073 1
121085 1
121105 1
121177 1
121225 1
121585 1
121673 1
121833 1
121925 1
121945 1
122085 1
122105 1
122285 1
122305 1
122477 1
122497 1
122697 1
122725 1
122921 1
122989 1
123149 1
123425 1
123489 1
123529 1
123565 1
123685 1
123941 1
124073 1
124445 1
124505 1
124601 1
124625 1
124709 1
124745 1
124865 2
125393 2
125425 1
125505 2
125677 1
126193 1
126197 1
126653 1
126785 1
127049 1
127057 1
127465 1
127553 1
127657 1
127709 1
127997 1
128329 1
128369 1
128417 1
128489 1
128537 1
128693 1
128729 1
128813 1
128845 1
128861 1
128941 1
128945 1
129005 2
129205 1
129361 1
129529 1
129545 1
129601 1
129781 1
129917 1
130225 1
130373 1
130381 1
130597 1
130645 1
130805 1
130829 1
130905 1
130957 1
130981 1
131017 1
131069 1
131093 1
131105 2
131245 1
131525 1
131825 1
131965 1
132269 1
132425 1
132737 1
132817 1
133013 1
133157 1
133237 2
133453 1
133681 1
134125 1
134845 1
135409 1
135529 1
135745 1
135881 1
136421 1
136665 1
136685 1
136765 1
136793 1
136921 1
137209 1
137245 1
137285 1
137449 1
137605 1
137629 1
137633 1
137861 1
137965 1
137993 1
138157 1
138357 1
138533 1
138581 1
138613 1
139133 1
139729 1
139949 2
139993 1
140229 1
140405 1
140537 1
140557 1
140621 1
140845 1
140905 1
142085 1
142165 1
142385 1
142433 1
142685 1
142745 1
143333 1
143345 1
143461 1
143597 1
144125 1
144377 1
144449 1
144629 1
144729 1
144833 1
144945 1
145225 1
145241 1
145289 1
145385 1
145489 1
145529 1
145625 1
145925 1
146233 1
146393 1
146549 1
146705 1
146753 1
147049 1
147313 1
147681 1
147733 1
147949 1
148469 1
148801 1
149605 1
149657 1
149813 1
151313 1
151645 1
152909 1
154193 1
154669 1
155357 1
156073 1
156449 1
157581 1
157625 1
158153 2
158161 1
159205 1
159289 1
159345 1
159625 1
159865 1
160085 1
160641 1
161449 1
161461 1
162205 1
162893 1
163125 1
164709 1
164897 1
166825 1
173449 1
173713 1
176461 1
178069 1
178669 1
178765 1
180781 1
182165 1
186173 1
188105 1
192609 1
194625 1
197489 1
202481 1
212881 1
219301 1
319093 1
379465 1
438201 1
459037 1
473009 1
474673 1
494189 1
496577 1
505025 1
507845 1
508225 1
509965 1
512393 1
520469 1
548145 1
581893 1
586665 1
687941 1
779697 1
835497 1
886265 1
999025 1
1587325 1
1656945 1
1677281 1
1729289 1
1858293 1
2036393 1
2271373 1
2289233 1
