N J h mean_R_sq err_mean_R_sq mean_R_gyr_sq err_mean_R_gyr_sq 
1600 1.35 0 7264.87 313.002 1227.61 36.0769
9 1
13 1
25 2
37 2
49 1
53 1
61 1
65 1
85 1
109 1
117 2
125 3
145 2
149 2
153 3
173 2
193 2
197 1
205 3
221 1
229 1
241 1
265 1
269 1
289 1
305 2
325 1
333 1
337 1
353 1
365 2
405 2
409 1
425 2
433 1
445 3
457 2
461 1
477 1
493 3
509 1
529 1
533 2
545 3
569 2
577 1
585 2
593 1
605 2
613 2
657 1
685 1
697 1
709 1
745 4
765 1
769 2
793 2
797 1
845 1
873 1
877 1
901 1
905 2
909 2
925 3
953 1
1009 1
1017 1
1025 3
1033 1
1037 1
1049 2
1073 1
1105 1
1129 1
1153 2
1165 2
1189 1
1201 2
1229 2
1261 2
1285 2
1297 1
1305 1
1325 1
1345 3
1369 1
1373 1
1385 1
1417 3
1465 3
1469 1
1513 1
1521 1
1525 2
1553 1
1621 2
1629 2
1649 3
1665 2
1669 2
1693 1
1733 1
1737 1
1765 2
1801 1
1813 1
1825 1
1845 1
1849 1
1853 1
1865 1
1873 1
1885 2
1921 2
1945 2
1949 1
1961 2
1985 1
1997 1
2005 1
2025 1
2041 1
2045 1
2057 1
2061 1
2089 1
2097 1
2105 1
2117 1
2125 2
2129 1
2153 2
2165 1
2173 1
2197 2
2209 1
2213 2
2225 2
2245 1
2257 1
2273 1
2281 1
2305 2
2309 1
2313 1
2329 2
2353 1
2377 1
2385 1
2405 3
2421 1
2425 1
2437 1
2441 1
2465 2
2493 2
2501 1
2509 1
2525 1
2545 1
2549 1
2581 1
2593 1
2605 1
2621 1
2665 3
2669 1
2677 1
2705 1
2725 2
2729 1
2745 1
2785 1
2809 1
2813 2
2825 1
2837 1
2873 2
2885 1
2909 1
2925 2
2929 1
2941 1
2965 2
2969 1
2977 2
2993 1
3001 1
3049 1
3061 1
3065 1
3085 1
3089 1
3141 1
3145 3
3161 1
3169 1
3185 1
3233 1
3265 1
3277 1
3281 1
3285 2
3293 3
3301 1
3305 2
3329 1
3349 2
3357 1
3361 2
3365 1
3385 2
3393 1
3425 1
3433 1
3445 3
3485 1
3497 1
3509 1
3517 3
3577 1
3589 1
3625 2
3677 1
3681 2
3697 2
3709 1
3721 1
3725 1
3737 1
3793 1
3797 1
3805 1
3809 1
3825 5
3833 2
3845 2
3865 1
3889 2
3917 1
3925 1
3973 3
3977 1
4001 2
4033 2
4041 1
4045 1
4057 2
4069 1
4093 1
4097 1
4105 1
4121 1
4141 1
4145 1
4177 3
4181 1
4205 4
4225 1
4229 1
4253 1
4265 1
4293 1
4349 1
4365 1
4369 1
4381 2
4385 1
4405 1
4453 1
4457 1
4505 1
4525 1
4581 1
4589 2
4625 2
4637 1
4645 1
4657 1
4709 1
4733 2
4745 4
4765 2
4777 1
4789 1
4797 1
4825 2
4885 1
4901 1
4905 1
4925 1
4937 1
4949 1
4957 1
4961 1
5045 1
5057 1
5065 1
5069 1
5105 1
5113 1
5125 4
5141 1
5161 1
5165 1
5185 2
5193 2
5209 1
5233 1
5265 2
5305 3
5317 1
5321 1
5337 2
5353 2
5365 2
5389 3
5429 1
5441 1
5485 1
5521 1
5525 3
5545 3
5557 1
5617 2
5625 2
5645 1
5653 2
5657 1
5713 1
5725 1
5729 1
5769 1
5785 1
5809 1
5825 1
5837 1
5861 1
5869 1
5913 1
5953 1
5993 1
6001 2
6065 1
6113 1
6125 1
6133 1
6161 1
6165 1
6185 2
6205 3
6221 1
6245 1
6277 1
6305 1
6361 1
6373 2
6381 1
6385 1
6401 1
6421 2
6445 1
6481 1
6485 1
6497 1
6521 1
6561 1
6565 1
6569 1
6577 1
6597 1
6605 2
6613 1
6625 3
6637 2
6689 1
6701 1
6705 3
6713 1
6733 1
6737 1
6749 1
6757 1
6857 1
6865 1
6885 1
6905 2
6925 2
6957 1
6977 1
7025 1
7045 1
7057 1
7065 1
7081 1
7085 1
7109 1
7137 2
7141 1
7145 1
7225 4
7241 1
7325 1
7345 1
7369 1
7381 1
7393 1
7405 1
7457 1
7529 1
7541 1
7561 1
7585 2
7589 1
7621 1
7625 1
7633 2
7685 1
7693 1
7741 3
7793 1
7813 2
7837 1
7873 1
7901 2
7913 1
7925 1
7949 1
7969 1
8081 2
8093 1
8101 1
8125 3
8145 2
8149 1
8177 1
8233 1
8245 1
8269 1
8281 1
8317 1
8345 1
8425 3
8433 1
8473 1
8497 1
8541 1
8577 1
8581 1
8585 1
8597 1
8605 1
8621 1
8685 2
8725 1
8741 1
8749 1
8765 1
8825 1
8845 1
8861 1
8917 1
8933 1
8957 1
8969 1
8989 1
8993 1
9001 1
9005 2
9041 1
9077 1
9089 1
9109 1
9125 4
9221 1
9277 1
9281 1
9293 1
9325 1
9365 1
9425 1
9457 1
9509 1
9605 2
9665 1
9725 1
9805 1
9837 1
9857 1
9865 1
9945 1
9949 1
10001 1
10045 1
10057 1
10069 1
10121 1
10181 1
10217 1
10229 2
10273 2
10285 1
10289 1
10305 1
10309 1
10345 1
10405 1
10429 1
10441 1
10537 1
10565 1
10573 1
10625 3
10685 1
10753 1
10861 1
10889 1
10985 4
10993 1
11125 1
11213 1
11225 1
11245 2
11285 1
11405 1
11417 1
11441 1
11453 1
11465 1
11485 1
11513 1
11601 1
11621 1
11677 1
11709 1
11737 1
11897 1
11925 1
11981 1
12005 1
12013 1
12025 1
12049 2
12181 1
12277 1
12329 1
12337 1
12349 1
12373 1
12385 1
12437 1
12569 1
12601 1
12641 1
12645 1
12725 1
12745 1
12773 1
12805 1
12841 1
12893 1
12961 2
12985 1
12997 1
13005 1
13049 1
13093 1
13185 1
13345 1
13369 1
13417 1
13465 1
13565 1
13705 1
13709 1
13725 2
13769 1
13793 1
13817 1
13897 1
13925 1
13933 1
14149 1
14153 1
14161 1
14173 1
14209 1
14225 2
14341 1
14425 1
14557 1
14645 1
14677 1
14785 1
14801 1
14841 1
14885 1
15005 2
15073 1
15133 1
15137 1
15145 2
15273 1
15353 1
15385 1
15425 1
15733 1
15805 2
15821 1
15845 1
15857 1
15905 1
15929 1
15977 1
16097 1
16145 1
16333 1
16349 1
16393 1
16405 1
16409 1
16613 1
16785 1
16893 1
17057 1
17077 1
17209 1
17321 1
17393 1
17425 1
17525 1
17533 1
17645 2
17757 1
17833 1
17901 1
17945 1
18081 1
18277 1
18313 1
18405 1
18577 1
18605 1
18649 1
18721 1
18945 1
18989 1
19325 1
19385 1
19441 1
19573 1
19625 1
19981 1
20177 1
20189 1
20225 1
20393 1
20737 1
21005 1
21041 1
21097 1
21425 1
21473 1
21625 1
21825 1
21913 1
21941 1
21953 1
22181 1
22293 1
22685 1
22921 1
23797 1
23857 1
24245 1
24317 1
24677 1
24949 1
25285 1
25777 1
27529 1
27757 1
27865 1
28305 1
28561 1
29221 1
29861 1
30825 1
31225 1
31981 1
32161 1
32213 1
33641 1
34081 1
35921 1
38365 1
42885 1
48341 1
101341 1
