N J h mean_R_sq err_mean_R_sq mean_R_gyr_sq err_mean_R_gyr_sq 
2916 1.501 0 2231.89 604.794 678.857 85.4664
1 5
5 8
9 2
13 6
17 5
25 16
29 9
37 9
41 8
45 13
49 6
53 8
61 16
65 16
73 8
81 4
85 6
89 9
97 12
101 7
109 14
113 12
117 6
121 8
125 15
137 16
145 14
149 10
153 7
157 15
169 7
173 9
181 10
185 27
193 10
197 7
205 25
221 14
225 21
229 12
233 7
241 7
245 8
257 10
261 8
265 22
269 13
277 8
281 6
289 8
293 6
305 24
313 6
317 10
325 22
333 9
337 7
349 6
353 11
361 7
365 16
369 5
373 9
377 13
389 11
397 8
401 11
405 9
409 15
421 5
425 24
433 11
445 16
449 6
457 5
461 8
477 7
481 25
485 23
493 19
505 21
509 12
521 8
529 3
533 21
541 7
545 13
549 7
557 13
565 20
569 9
577 11
585 14
593 11
601 11
605 5
613 9
617 16
625 34
629 18
637 7
641 6
653 10
657 3
661 6
673 12
677 5
685 15
689 21
697 9
701 7
709 7
725 27
729 5
733 6
745 23
757 15
761 8
765 21
769 10
773 7
785 16
793 17
797 8
801 10
809 10
821 8
829 7
833 3
841 8
845 35
853 5
857 8
865 15
873 9
877 4
881 11
901 14
905 19
909 15
925 29
929 7
937 3
941 10
949 13
953 11
961 3
965 16
977 6
981 8
985 11
997 9
1009 9
1013 8
1017 4
1021 10
1025 20
1033 8
1037 13
1049 9
1053 4
1061 11
1069 6
1073 15
1089 3
1093 3
1097 5
1105 27
1109 7
1117 6
1125 14
1129 6
1145 13
1153 6
1157 12
1165 16
1181 6
1189 7
1193 7
1201 6
1205 7
1213 7
1217 3
1225 8
1229 8
1233 8
1237 7
1241 12
1249 4
1261 13
1277 8
1285 15
1289 5
1297 6
1301 6
1305 10
1313 17
1321 10
1325 24
1341 10
1345 15
1361 5
1369 5
1373 9
1377 9
1381 2
1385 14
1405 14
1409 5
1413 6
1417 17
1421 10
1429 10
1433 6
1445 25
1453 5
1465 17
1469 14
1481 2
1489 8
1493 8
1513 6
1517 7
1521 5
1525 14
1537 11
1549 2
1553 4
1557 7
1565 4
1573 2
1585 14
1597 4
1601 5
1609 8
1613 12
1621 9
1625 13
1629 5
1637 5
1649 14
1657 2
1665 9
1669 5
1681 5
1685 14
1693 12
1697 7
1709 6
1717 9
1721 1
1733 5
1737 4
1741 4
1745 15
1753 4
1765 5
1769 7
1773 8
1777 3
1781 10
1789 1
1801 7
1805 4
1813 3
1825 19
1845 11
1849 2
1853 8
1861 2
1865 10
1873 2
1877 3
1885 22
1889 6
1901 8
1913 6
1921 9
1933 6
1937 6
1945 8
1949 6
1961 9
1973 4
1985 11
1989 6
1993 5
1997 4
2005 6
2009 3
2017 4
2025 3
2041 6
2045 8
2053 7
2057 4
2061 4
2069 4
2081 8
2089 7
2097 7
2105 6
2113 5
2117 9
2125 16
2129 2
2137 3
2141 4
2153 5
2161 5
2165 7
2169 4
2173 8
2197 8
2205 3
2209 4
2213 5
2221 2
2225 17
2237 5
2245 8
2249 17
2257 14
2269 3
2273 4
2281 5
2285 6
2293 3
2297 5
2305 10
2309 5
2313 8
2329 4
2333 9
2341 4
2349 4
2353 5
2357 5
2377 5
2381 1
2385 5
2389 1
2393 3
2401 2
2405 17
2417 1
2421 2
2425 10
2437 5
2441 1
2465 13
2473 4
2477 2
2493 2
2501 4
2509 6
2521 2
2525 2
2529 3
2533 3
2545 10
2549 3
2557 2
2561 9
2581 8
2593 2
2597 2
2601 2
2605 7
2609 3
2617 5
2621 5
2633 3
2637 4
2645 5
2657 1
2665 16
2669 10
2677 3
2689 3
2693 1
2701 8
2705 4
2713 5
2725 12
2729 3
2741 3
2745 5
2749 4
2753 10
2777 5
2789 4
2797 8
2801 2
2809 7
2813 6
2817 1
2825 8
2833 4
2837 4
2845 9
2853 3
2857 4
2861 3
2873 8
2885 4
2897 2
2909 1
2917 4
2925 7
2929 3
2941 4
2953 4
2957 4
2965 4
2969 1
2977 7
2989 1
2993 6
2997 1
3001 1
3005 8
3025 6
3029 3
3033 3
3037 3
3049 4
3065 3
3077 6
3085 2
3089 4
3121 5
3125 6
3133 5
3137 4
3141 1
3145 7
3161 7
3169 3
3177 3
3181 2
3185 9
3205 5
3209 2
3221 1
3229 1
3233 3
3249 1
3253 1
3257 1
3265 3
3277 4
3281 3
3285 6
3293 5
3301 2
3305 4
3313 2
3321 4
3329 4
3341 5
3349 1
3357 2
3361 3
3365 2
3373 3
3385 4
3389 1
3393 5
3425 5
3433 1
3445 7
3457 1
3461 1
3469 2
3481 1
3485 4
3497 3
3501 1
3505 4
3509 1
3529 2
3533 6
3541 1
3545 4
3557 3
3577 3
3589 5
3593 2
3601 2
3609 4
3613 2
3617 5
3625 8
3637 2
3645 3
3649 2
3653 4
3665 2
3677 2
3681 4
3697 3
3701 1
3721 2
3725 4
3733 1
3737 1
3757 4
3761 3
3769 2
3785 5
3789 1
3793 2
3797 1
3805 3
3809 5
3825 3
3833 2
3845 1
3853 3
3865 4
3869 4
3877 2
3881 4
3889 2
3893 3
3897 1
3917 1
3925 8
3961 3
3965 4
3973 1
3977 3
3985 1
3989 2
4001 1
4005 1
4013 2
4021 2
4033 4
4045 3
4049 3
4057 1
4069 3
4073 2
4093 1
4105 5
4121 1
4145 2
4157 2
4165 2
4177 1
4181 3
4201 1
4225 4
4229 1
4241 1
4253 1
4273 1
4285 2
4289 1
4293 2
4321 1
4325 3
4329 1
4337 1
4349 1
4357 2
4361 2
4365 1
4369 1
4381 6
4405 1
4437 1
4441 2
4453 2
4457 1
4469 2
4481 1
4493 2
4505 1
4513 1
4517 1
4525 3
4545 2
4561 1
4573 2
4589 3
4597 1
4621 1
4625 2
4633 1
4637 2
4645 2
4649 1
4685 1
4705 2
4709 1
4717 1
4729 1
4745 3
4765 1
4777 1
4789 1
4801 2
4813 1
4825 3
4861 2
4869 1
4877 1
4885 1
4901 3
4905 2
4913 2
4933 2
4941 1
4957 1
4969 2
4985 1
5009 1
5021 1
5045 1
5057 1
5077 1
5085 1
5105 3
5125 4
5141 1
5165 2
5185 3
5193 1
5213 1
5245 1
5249 2
5273 1
5305 1
5309 2
5333 1
5337 1
5341 1
5345 1
5353 1
5381 1
5441 1
5445 1
5465 1
5517 1
5525 2
5545 1
5581 1
5597 1
5645 1
5653 1
5661 3
5669 2
5689 2
5713 1
5717 1
5725 1
5749 1
5769 1
5777 1
5809 1
5905 1
5913 1
5941 1
5945 1
5949 1
6001 1
6005 1
6025 1
6037 1
6057 1
6065 1
6109 1
6173 1
6201 1
6341 3
6385 1
6389 1
6425 2
6505 1
6521 1
6525 1
6529 1
6597 1
6641 1
6709 1
6757 1
6761 2
6929 1
7121 1
7141 1
7145 1
7165 1
7361 1
7421 1
7565 1
7605 1
7625 1
7837 1
7969 1
8105 1
8185 1
8325 1
8345 1
8497 1
8597 1
8869 1
9065 1
9677 1
9893 1
10289 1
10361 1
11257 1
11465 1
12869 1
13285 1
13505 1
13705 1
13725 1
14009 1
14481 1
14549 1
15845 1
16145 1
16325 1
17261 1
18085 1
18241 1
18265 1
18325 1
18545 1
18589 1
19097 1
19125 1
19253 1
20457 1
21361 1
21485 1
21953 1
23365 1
24705 1
33525 1
35425 1
48069 1
49249 1
53145 1
255713 1
466465 1
540225 1
546137 1
