N J h mean_R_sq err_mean_R_sq mean_R_gyr_sq err_mean_R_gyr_sq 
1600 1.465 0 1169.84 24.36 369.135 2.52578
1 3
5 7
9 7
13 10
17 10
25 13
29 10
37 15
41 12
45 9
49 4
53 10
61 12
65 27
73 12
81 3
85 21
89 14
97 9
101 9
109 12
113 11
117 12
121 4
125 21
137 7
145 22
149 10
153 8
157 12
169 15
173 13
181 4
185 22
193 10
197 11
205 27
221 28
225 15
229 11
233 5
241 12
245 14
257 15
261 13
265 27
269 9
277 11
281 16
289 17
293 7
305 18
313 5
317 8
325 36
333 12
337 9
349 10
353 10
361 8
365 28
369 13
373 10
377 15
389 10
397 6
401 9
405 16
409 6
421 8
425 24
433 7
441 3
445 23
449 9
457 5
461 10
477 9
481 15
485 16
493 20
505 17
509 8
521 13
529 9
533 16
541 9
545 15
549 10
557 6
565 20
569 15
577 8
585 16
593 9
601 14
605 6
613 7
617 11
625 13
629 17
637 9
641 10
653 8
657 12
661 9
673 13
677 16
685 11
689 22
697 17
701 6
709 4
725 16
729 5
733 9
745 21
757 6
761 8
765 10
769 6
773 11
785 19
793 21
797 14
801 9
809 11
821 4
829 8
833 11
841 13
845 25
853 4
857 9
865 16
873 8
877 13
881 4
901 12
905 14
909 7
925 21
929 9
937 7
941 6
949 13
953 11
961 6
965 17
977 8
981 9
985 10
997 10
1009 9
1013 10
1017 7
1021 7
1025 20
1033 6
1037 10
1049 3
1053 6
1061 10
1069 6
1073 10
1089 4
1093 10
1097 6
1105 25
1109 5
1117 8
1125 17
1129 11
1145 11
1153 12
1157 4
1165 17
1181 7
1189 19
1193 2
1201 8
1205 12
1213 10
1217 4
1225 13
1229 5
1233 4
1237 2
1241 11
1249 5
1261 12
1277 8
1285 11
1289 11
1297 7
1301 4
1305 12
1313 7
1321 11
1325 15
1341 6
1345 6
1361 6
1369 9
1373 6
1377 3
1381 6
1385 13
1405 6
1409 11
1413 9
1417 2
1421 7
1429 6
1433 4
1445 14
1453 3
1465 6
1469 12
1481 4
1489 5
1493 9
1513 9
1517 11
1521 9
1525 15
1537 10
1549 3
1553 5
1557 3
1565 3
1573 6
1585 12
1597 5
1601 4
1609 2
1613 6
1621 5
1625 16
1629 3
1637 3
1649 11
1657 8
1665 13
1669 4
1681 7
1685 15
1693 1
1697 5
1709 4
1717 12
1721 3
1733 4
1737 2
1741 6
1745 8
1753 3
1765 5
1769 10
1773 6
1777 2
1781 13
1789 4
1801 3
1805 1
1813 5
1825 8
1845 12
1849 1
1853 5
1861 4
1865 3
1873 5
1877 6
1885 12
1889 5
1901 1
1913 3
1921 7
1933 5
1937 5
1945 4
1949 3
1961 4
1973 5
1985 4
1989 10
1993 4
1997 6
2005 5
2025 3
2041 8
2045 6
2057 2
2061 4
2069 2
2081 6
2089 2
2105 3
2113 4
2117 6
2125 10
2129 4
2137 2
2141 3
2153 1
2161 4
2165 4
2169 4
2173 6
2197 4
2205 3
2209 4
2213 2
2221 1
2225 8
2237 2
2245 4
2249 1
2257 5
2273 1
2281 2
2285 6
2293 2
2297 4
2305 6
2313 1
2329 3
2333 3
2341 2
2349 3
2353 3
2357 5
2377 3
2381 3
2385 8
2393 2
2401 2
2405 9
2417 3
2421 5
2425 6
2437 1
2441 3
2465 9
2473 2
2477 1
2493 1
2501 3
2509 6
2525 10
2529 1
2533 1
2545 1
2557 1
2561 4
2581 2
2593 2
2597 3
2601 2
2605 5
2617 3
2621 2
2633 1
2637 3
2645 2
2657 1
2665 7
2669 7
2677 1
2689 1
2693 1
2701 2
2705 2
2713 4
2725 6
2729 2
2741 3
2745 4
2749 1
2753 2
2777 1
2797 1
2801 2
2813 2
2817 1
2825 7
2837 2
2845 1
2853 1
2857 1
2861 2
2873 1
2885 3
2909 1
2925 2
2929 3
2941 2
2957 1
2965 3
2969 1
2977 1
2989 2
2997 1
3001 2
3005 3
3025 2
3029 3
3041 2
3049 1
3061 2
3065 1
3085 3
3089 2
3109 2
3125 6
3137 1
3141 5
3145 5
3161 4
3177 1
3181 2
3205 1
3221 1
3233 3
3253 2
3257 2
3265 2
3277 2
3281 1
3301 1
3305 1
3321 1
3341 4
3349 1
3365 2
3373 1
3385 2
3393 3
3413 1
3425 5
3433 1
3445 1
3461 1
3469 2
3485 2
3497 2
3505 2
3557 1
3573 1
3577 2
3613 1
3617 1
3625 1
3637 1
3645 1
3649 1
3653 1
3665 1
3677 2
3697 1
3725 2
3733 1
3757 2
3761 1
3785 2
3789 1
3809 1
3821 1
3825 1
3833 1
3845 2
3869 1
3877 1
3889 1
3897 1
3925 2
3929 1
3961 1
3965 1
3973 2
3985 1
4005 2
4021 1
4041 1
4045 1
4049 1
4069 1
4121 1
4133 1
4141 2
4145 1
4149 1
4153 1
4157 1
4181 1
4205 3
4225 1
4241 2
4273 1
4285 1
4321 1
4329 1
4365 1
4437 1
4441 1
4513 1
4517 1
4525 1
4553 2
4573 1
4625 2
4637 1
4685 2
4693 1
4733 1
4745 1
4793 2
4797 1
4817 1
4849 1
4885 1
4925 3
5101 1
5125 3
5197 1
5353 1
5389 1
5525 1
5573 1
5617 1
5625 1
5629 1
5693 1
5777 1
5801 1
5837 1
6205 1
6241 1
6245 1
6617 1
6917 1
7345 1
7901 1
10237 1
