N J h mean_R_sq err_mean_R_sq mean_R_gyr_sq err_mean_R_gyr_sq 
2916 1.441 0 2308.9 142.574 718.2 19.8671
1 4
5 11
9 8
13 11
17 10
25 22
29 12
37 13
41 15
45 15
49 7
53 18
61 18
65 32
73 16
81 14
85 33
89 16
97 14
101 23
109 9
113 13
117 14
121 7
125 38
137 18
145 28
149 17
153 20
157 18
169 28
173 23
181 19
185 42
193 22
197 19
205 38
221 27
225 31
229 18
233 16
241 21
245 16
257 15
261 19
265 25
269 13
277 22
281 17
289 23
293 20
305 37
313 13
317 22
325 65
333 16
337 12
349 20
353 18
361 6
365 21
369 15
373 27
377 38
389 14
397 20
401 12
405 16
409 16
421 15
425 45
433 17
441 10
445 41
449 22
457 26
461 18
477 20
481 25
485 45
493 34
505 40
509 24
521 20
529 13
533 33
541 21
545 30
549 14
557 18
565 29
569 20
577 16
585 43
593 23
601 14
605 13
613 17
617 22
625 43
629 26
637 18
641 19
653 14
657 15
661 10
673 13
677 19
685 36
689 34
697 40
701 18
709 20
725 60
729 8
733 23
745 38
757 12
761 12
765 37
769 16
773 22
785 30
793 31
797 13
801 19
809 20
821 11
829 18
833 17
841 31
845 43
853 17
857 6
865 40
873 15
877 16
881 15
901 33
905 28
909 12
925 57
929 17
937 12
941 17
949 36
953 21
961 6
965 27
977 18
981 26
985 35
997 12
1009 15
1013 22
1017 20
1021 19
1025 45
1033 21
1037 33
1049 14
1053 14
1061 13
1069 17
1073 27
1089 5
1093 22
1097 13
1105 66
1109 20
1117 16
1125 29
1129 14
1145 33
1153 12
1157 24
1165 30
1181 17
1189 20
1193 9
1201 10
1205 32
1213 13
1217 10
1225 29
1229 14
1233 19
1237 23
1241 19
1249 18
1261 25
1277 12
1285 22
1289 10
1297 16
1301 17
1305 32
1313 30
1321 12
1325 41
1341 10
1345 22
1361 15
1369 25
1373 11
1377 11
1381 13
1385 24
1405 32
1409 9
1413 8
1417 19
1421 10
1429 17
1433 10
1445 33
1453 8
1465 20
1469 27
1481 11
1489 18
1493 17
1513 20
1517 27
1521 24
1525 35
1537 24
1549 9
1553 7
1557 14
1565 27
1573 14
1585 24
1597 9
1601 10
1609 10
1613 9
1621 14
1625 53
1629 11
1637 11
1649 25
1657 10
1665 27
1669 11
1681 29
1685 11
1693 15
1697 8
1709 9
1717 24
1721 12
1733 7
1737 12
1741 8
1745 25
1753 6
1765 23
1769 26
1773 15
1777 13
1781 20
1789 6
1801 6
1805 13
1813 7
1825 27
1845 25
1849 5
1853 33
1861 12
1865 12
1873 7
1877 15
1885 43
1889 8
1901 6
1913 8
1921 22
1933 11
1937 25
1945 18
1949 9
1961 26
1973 12
1985 16
1989 17
1993 10
1997 11
2005 21
2009 9
2017 11
2025 12
2029 7
2041 20
2045 27
2053 14
2057 12
2061 11
2069 12
2081 7
2089 16
2097 15
2105 21
2113 12
2117 18
2125 36
2129 9
2137 10
2141 10
2153 9
2161 14
2165 22
2169 12
2173 21
2197 22
2205 7
2209 2
2213 12
2221 6
2225 20
2237 10
2245 13
2249 17
2257 18
2269 12
2273 10
2281 12
2285 18
2293 8
2297 11
2305 26
2309 5
2313 11
2329 13
2333 7
2341 7
2349 11
2353 15
2357 9
2377 9
2381 11
2385 18
2389 10
2393 13
2401 6
2405 26
2417 11
2421 9
2425 32
2437 4
2441 9
2465 31
2473 7
2477 8
2493 8
2501 21
2509 27
2521 12
2525 26
2529 6
2533 11
2545 14
2549 8
2557 5
2561 22
2581 9
2593 6
2597 3
2601 12
2605 19
2609 7
2617 12
2621 9
2633 10
2637 14
2645 7
2657 13
2665 32
2669 15
2677 7
2689 8
2693 14
2701 9
2705 14
2713 5
2725 14
2729 7
2741 19
2745 25
2749 4
2753 10
2777 9
2785 8
2789 8
2797 9
2801 8
2809 8
2813 19
2817 10
2825 16
2833 8
2837 6
2845 15
2853 6
2857 10
2861 10
2873 23
2885 13
2897 10
2909 6
2917 11
2925 18
2929 14
2941 24
2953 8
2957 11
2965 10
2969 4
2977 12
2989 13
2993 12
2997 12
3001 12
3005 12
3025 14
3029 14
3033 10
3037 4
3041 11
3049 8
3061 5
3065 13
3077 14
3085 19
3089 5
3109 8
3121 6
3125 26
3133 10
3137 7
3141 3
3145 23
3161 11
3169 10
3177 7
3181 6
3185 10
3205 4
3209 8
3217 7
3221 5
3229 2
3233 12
3249 1
3253 9
3257 3
3265 8
3277 10
3281 10
3285 10
3293 12
3301 4
3305 14
3313 3
3321 5
3329 8
3341 16
3349 12
3357 5
3361 4
3365 14
3373 6
3385 11
3389 9
3393 15
3413 6
3425 22
3433 8
3445 20
3449 2
3457 5
3461 6
3469 7
3481 3
3485 28
3497 9
3501 7
3505 5
3509 6
3517 5
3529 7
3533 6
3541 3
3545 6
3557 6
3573 5
3577 7
3581 6
3589 13
3593 6
3601 7
3609 6
3613 5
3617 6
3625 19
3637 2
3645 6
3649 5
3653 9
3665 8
3673 4
3677 5
3681 4
3697 8
3701 4
3709 3
3721 6
3725 15
3733 2
3737 13
3757 11
3761 5
3769 9
3785 8
3789 1
3793 2
3797 5
3805 10
3809 13
3821 6
3825 15
3833 4
3845 5
3853 6
3865 9
3869 14
3877 4
3881 5
3889 4
3893 12
3897 8
3917 3
3925 9
3929 5
3961 17
3965 19
3969 2
3973 10
3977 13
3985 12
3989 3
4001 7
4005 11
4013 4
4021 6
4033 8
4041 4
4045 10
4049 6
4057 4
4069 16
4073 6
4093 5
4097 8
4105 10
4113 6
4121 13
4129 4
4133 4
4141 9
4145 6
4149 1
4153 2
4157 8
4165 12
4177 5
4181 6
4201 2
4205 12
4217 4
4225 20
4229 3
4241 5
4253 3
4261 2
4265 1
4273 7
4285 5
4289 7
4293 5
4297 4
4321 5
4325 11
4329 5
4337 3
4349 7
4357 4
4361 4
4365 4
4369 7
4373 5
4381 9
4385 4
4397 1
4405 9
4409 3
4437 4
4441 2
4453 6
4457 4
4469 7
4477 6
4481 3
4489 1
4505 10
4513 3
4517 1
4525 7
4537 9
4545 2
4549 6
4553 6
4561 8
4573 6
4581 4
4589 7
4597 7
4621 2
4625 10
4633 6
4637 1
4645 9
4649 1
4657 3
4673 3
4685 8
4689 5
4693 3
4705 6
4709 7
4717 5
4721 3
4729 1
4733 4
4745 13
4753 4
4761 2
4765 9
4777 8
4789 1
4793 1
4797 6
4801 1
4805 1
4813 2
4817 4
4825 8
4849 6
4861 3
4869 4
4885 4
4889 2
4901 7
4905 5
4909 1
4913 3
4925 7
4933 2
4937 1
4941 1
4949 4
4961 3
4969 2
4973 1
4981 5
4985 7
4993 1
5009 4
5013 1
5017 2
5045 7
5057 3
5065 7
5069 4
5077 2
5085 6
5101 3
5105 2
5113 1
5121 2
5125 7
5141 2
5153 1
5161 2
5165 5
5185 10
5189 3
5193 3
5197 1
5209 3
5213 2
5233 2
5237 3
5245 4
5249 4
5261 2
5265 4
5273 2
5297 1
5305 6
5309 3
5317 8
5321 4
5329 4
5337 4
5341 2
5345 4
5353 2
5365 11
5381 1
5389 3
5393 3
5409 5
5413 1
5429 2
5437 3
5441 3
5445 6
5449 2
5465 7
5473 3
5477 3
5485 5
5501 2
5513 5
5521 2
5525 13
5537 2
5545 2
5553 4
5569 5
5573 1
5581 1
5585 3
5597 2
5617 3
5625 3
5629 3
5641 2
5645 6
5653 3
5657 1
5661 2
5669 2
5689 1
5693 1
5701 3
5713 3
5717 2
5725 9
5729 2
5733 2
5737 1
5749 3
5765 5
5769 3
5777 2
5785 6
5801 2
5809 4
5813 3
5821 2
5825 1
5837 2
5849 2
5857 2
5861 1
5869 1
5881 2
5897 1
5905 4
5913 1
5917 3
5929 2
5933 1
5941 5
5945 10
5949 3
5953 1
5965 3
5981 3
5989 3
5993 3
6001 2
6005 6
6025 2
6037 1
6057 1
6073 1
6085 3
6089 3
6093 2
6109 1
6113 1
6121 1
6125 2
6137 3
6161 2
6165 4
6173 2
6185 5
6201 3
6205 2
6221 3
6245 2
6253 7
6257 2
6269 3
6273 4
6277 1
6301 2
6305 4
6309 2
6317 2
6337 1
6341 1
6361 3
6373 2
6385 2
6389 1
6397 1
6401 3
6409 6
6413 5
6421 1
6425 3
6437 2
6445 3
6449 1
6481 1
6485 1
6497 3
6505 4
6525 4
6553 3
6561 3
6565 5
6577 2
6605 2
6613 1
6617 2
6625 4
6637 1
6641 3
6649 2
6653 2
6673 2
6697 1
6701 1
6705 3
6725 6
6733 1
6737 1
6749 2
6757 2
6773 1
6813 1
6817 2
6841 1
6845 4
6857 1
6865 3
6885 1
6893 1
6905 2
6917 1
6921 1
6925 2
6929 4
6949 1
6953 1
6957 1
6961 1
6977 1
7013 2
7033 2
7045 2
7057 1
7065 1
7069 1
7081 1
7085 1
7093 2
7105 2
7109 1
7121 2
7137 1
7141 1
7157 3
7165 2
7177 3
7225 2
7237 1
7241 1
7253 1
7261 2
7265 3
7289 4
7321 1
7325 3
7345 7
7361 3
7369 2
7373 1
7389 1
7393 1
7397 1
7405 1
7433 3
7453 1
7457 2
7477 1
7501 1
7529 1
7537 1
7569 4
7573 2
7577 1
7585 2
7589 1
7605 1
7621 1
7625 4
7649 1
7673 2
7685 2
7693 3
7709 3
7713 1
7765 1
7769 2
7789 1
7801 1
7817 1
7825 1
7829 1
7837 1
7865 1
7873 1
7893 1
7921 3
7925 1
7985 1
8005 2
8009 1
8017 1
8021 1
8033 1
8045 2
8053 1
8101 2
8105 3
8109 1
8125 3
8177 2
8181 1
8185 2
8209 1
8233 1
8245 1
8269 1
8317 2
8333 2
8345 2
8353 1
8361 2
8369 1
8381 2
8425 2
8429 2
8465 1
8485 1
8501 1
8585 3
8593 1
8621 1
8653 2
8677 1
8685 1
8693 1
8713 2
8761 1
8829 1
8837 1
8857 1
8885 1
8905 2
8917 1
8973 1
8989 1
9005 1
9049 1
9061 1
9065 1
9077 1
9081 1
9117 1
9125 1
9157 2
9221 1
9225 2
9265 1
9293 1
9325 2
9337 1
9389 1
9409 2
9553 2
9605 1
9657 1
9665 1
9721 1
9725 1
9749 1
9797 2
9805 1
9873 2
9881 1
9953 1
9997 1
10045 1
10049 1
10057 1
10217 1
10237 1
10289 1
10309 1
10429 1
10489 1
10525 1
10573 1
10701 1
10769 1
10805 1
10889 1
11225 1
11317 1
11349 1
11453 1
11565 1
11701 1
11713 1
11817 1
11885 1
11897 1
12073 1
12157 1
12421 1
12717 1
12805 1
12841 1
12905 1
13421 1
13833 1
13977 1
14005 1
14013 1
14309 1
14681 1
14689 1
15677 1
16409 1
17069 1
401957 1
440593 1
463765 1
