N J h mean_R_sq err_mean_R_sq mean_R_gyr_sq err_mean_R_gyr_sq 
2916 1.456 0 2115.23 185.23 691.51 31.939
1 2
5 9
9 4
13 9
17 8
25 13
29 6
37 14
41 11
45 10
49 7
53 5
61 11
65 19
73 7
81 4
85 20
89 8
97 9
101 16
109 5
113 9
117 7
121 7
125 20
137 10
145 19
149 2
153 5
157 7
169 15
173 12
181 10
185 20
193 10
197 9
205 18
221 12
225 12
229 16
233 10
241 11
245 9
257 16
261 3
265 16
269 6
277 6
281 9
289 13
293 6
305 17
313 11
317 11
325 32
333 10
337 7
349 6
353 9
361 3
365 19
369 10
373 10
377 20
389 11
397 12
401 12
405 6
409 10
421 11
425 27
433 10
441 2
445 11
449 5
457 11
461 13
477 12
481 11
485 26
493 20
505 19
509 9
521 14
529 3
533 12
541 7
545 16
549 7
557 13
565 11
569 7
577 5
585 16
593 4
601 9
605 8
613 4
617 16
625 28
629 19
637 14
641 8
653 7
657 9
661 10
673 6
677 7
685 21
689 14
697 13
701 6
709 11
725 22
729 3
733 9
745 19
757 8
761 6
765 16
769 7
773 6
785 12
793 16
797 9
801 6
809 4
821 3
829 4
833 12
841 11
845 20
853 3
857 8
865 19
873 10
877 8
881 7
901 19
905 19
909 10
925 19
929 6
937 7
941 7
949 20
953 10
961 3
965 16
977 10
981 4
985 10
997 4
1009 13
1013 8
1017 5
1021 6
1025 36
1033 9
1037 13
1049 9
1053 6
1061 3
1069 8
1073 14
1089 6
1093 10
1097 8
1105 20
1109 6
1117 4
1125 4
1129 5
1145 13
1153 11
1157 15
1165 14
1181 5
1189 13
1193 4
1201 6
1205 17
1213 7
1217 9
1225 11
1229 10
1233 6
1237 5
1241 15
1249 4
1261 17
1277 7
1285 13
1289 5
1297 10
1301 5
1305 15
1313 5
1321 6
1325 24
1341 8
1345 10
1361 3
1369 6
1373 9
1377 7
1381 7
1385 14
1405 18
1409 1
1413 7
1417 15
1421 7
1429 11
1433 11
1445 14
1453 4
1465 21
1469 9
1481 7
1489 8
1493 7
1513 19
1517 16
1521 8
1525 19
1537 9
1549 7
1553 10
1557 7
1565 6
1573 4
1585 11
1597 5
1601 7
1609 5
1613 4
1625 26
1629 8
1637 6
1649 9
1657 5
1665 13
1669 6
1681 16
1685 15
1693 4
1697 2
1709 6
1717 12
1721 4
1733 11
1737 8
1741 2
1745 6
1753 6
1765 12
1769 9
1773 5
1777 4
1781 11
1789 3
1801 6
1805 8
1813 5
1825 18
1845 6
1853 10
1861 6
1865 8
1873 3
1877 6
1885 21
1889 7
1901 3
1913 7
1921 9
1933 10
1937 13
1945 12
1949 1
1961 12
1973 3
1985 4
1989 12
1993 5
1997 7
2005 6
2009 5
2017 7
2025 5
2029 9
2041 5
2045 10
2053 3
2057 7
2061 5
2069 5
2081 5
2089 2
2097 2
2105 13
2113 3
2117 5
2125 24
2129 7
2137 5
2141 5
2153 4
2161 5
2165 9
2169 4
2173 16
2197 12
2205 3
2209 4
2221 6
2225 13
2237 4
2245 10
2249 5
2257 8
2269 4
2273 5
2281 4
2285 11
2293 7
2297 5
2305 7
2309 5
2313 6
2329 5
2333 5
2341 3
2349 2
2353 4
2357 5
2377 3
2381 9
2385 10
2389 4
2393 7
2401 1
2405 17
2417 2
2421 4
2425 12
2437 9
2441 5
2465 12
2473 3
2477 6
2493 5
2501 8
2509 6
2521 4
2525 10
2529 4
2533 10
2545 8
2549 3
2557 6
2561 6
2581 7
2593 4
2597 6
2601 3
2605 5
2609 2
2617 3
2621 2
2633 4
2637 6
2645 1
2657 3
2665 22
2669 14
2677 4
2689 3
2693 7
2701 9
2705 5
2713 5
2725 8
2729 5
2741 3
2745 9
2749 3
2753 3
2777 1
2785 12
2789 3
2797 1
2801 3
2809 4
2813 9
2817 1
2825 5
2833 3
2837 7
2845 6
2853 4
2857 8
2861 2
2873 15
2885 7
2897 2
2909 2
2917 2
2925 10
2929 8
2941 3
2953 4
2957 6
2965 7
2969 3
2977 5
2989 2
2993 9
2997 9
3001 2
3005 5
3025 4
3029 6
3033 4
3037 1
3041 5
3049 5
3061 3
3065 1
3077 7
3085 4
3089 1
3109 4
3121 2
3125 11
3133 6
3137 4
3141 3
3145 9
3161 8
3169 2
3177 2
3181 3
3185 3
3205 4
3209 4
3217 2
3229 2
3233 6
3249 2
3253 2
3257 9
3265 3
3277 3
3281 7
3285 12
3293 4
3301 2
3305 5
3313 4
3321 3
3329 3
3341 4
3349 5
3357 4
3361 3
3365 9
3373 3
3385 6
3389 1
3393 5
3413 2
3425 2
3433 3
3445 11
3449 3
3457 2
3461 5
3469 2
3485 9
3497 8
3501 4
3505 6
3509 3
3517 5
3533 2
3541 2
3545 6
3573 3
3577 2
3581 1
3589 3
3593 3
3601 4
3609 2
3613 2
3617 3
3625 6
3637 5
3645 2
3649 7
3653 4
3665 5
3673 1
3677 4
3681 1
3697 1
3701 2
3709 2
3721 4
3725 8
3737 6
3757 3
3761 4
3769 1
3785 7
3789 1
3793 2
3797 4
3805 4
3809 5
3821 1
3825 6
3833 1
3845 4
3865 3
3869 4
3877 2
3889 2
3893 5
3897 2
3917 2
3925 4
3929 2
3961 2
3965 4
3969 3
3973 2
3977 1
3985 3
4005 1
4013 1
4021 1
4033 4
4045 3
4049 3
4057 1
4069 6
4073 1
4093 2
4097 5
4105 2
4113 1
4121 2
4129 1
4133 3
4141 5
4145 2
4149 2
4153 2
4165 3
4177 2
4181 4
4201 2
4205 3
4225 7
4229 1
4261 1
4265 1
4273 1
4285 3
4289 1
4297 3
4321 1
4325 5
4329 5
4337 1
4361 1
4365 2
4369 2
4373 1
4381 1
4385 5
4405 2
4409 2
4437 3
4441 1
4453 5
4457 2
4469 4
4477 3
4481 4
4489 1
4493 2
4505 3
4513 1
4517 3
4525 5
4537 2
4545 4
4549 2
4553 3
4561 2
4581 1
4589 3
4597 1
4625 5
4633 3
4637 1
4645 1
4649 2
4657 3
4673 1
4685 3
4689 1
4705 3
4709 2
4717 1
4721 1
4733 5
4745 3
4753 1
4765 4
4789 1
4817 2
4825 3
4849 1
4861 2
4869 2
4877 2
4885 1
4889 1
4901 3
4905 3
4913 2
4925 7
4933 2
4937 1
4941 3
4949 1
4961 2
4969 1
4981 4
4985 1
4993 2
5013 1
5017 2
5045 1
5057 1
5065 3
5085 1
5101 1
5105 2
5125 3
5141 1
5153 1
5165 2
5185 3
5189 2
5193 1
5209 2
5213 1
5233 1
5237 1
5265 2
5273 1
5281 1
5305 4
5309 1
5321 2
5329 1
5333 1
5341 1
5345 1
5353 2
5365 2
5381 4
5389 3
5413 3
5417 1
5429 2
5437 1
5441 1
5445 1
5473 3
5485 2
5513 1
5521 3
5525 3
5553 1
5581 1
5585 2
5597 1
5617 2
5625 4
5641 2
5645 2
5653 1
5657 2
5713 2
5717 1
5725 2
5729 1
5733 2
5749 3
5765 1
5769 1
5785 5
5801 1
5809 3
5821 1
5825 1
5869 1
5877 2
5881 2
5905 1
5917 1
5933 2
5941 1
5945 4
5953 1
5965 2
5989 1
5993 1
6005 1
6025 1
6073 1
6085 1
6093 1
6101 1
6109 1
6125 1
6145 1
6165 1
6185 1
6201 2
6205 3
6221 1
6245 1
6253 1
6257 1
6269 1
6273 1
6301 1
6341 2
6353 2
6373 1
6409 3
6437 1
6449 1
6481 1
6505 1
6521 2
6525 1
6565 7
6605 1
6613 1
6617 1
6625 3
6725 2
6737 1
6749 1
6757 1
6773 1
6781 1
6805 1
6817 1
6833 1
6845 1
6857 2
6865 1
6885 1
6917 2
6921 1
6989 1
7025 1
7065 2
7085 1
7105 1
7145 1
7173 1
7193 1
7209 1
7225 4
7237 1
7333 1
7369 1
7373 1
7381 1
7477 1
7561 1
7565 1
7585 2
7621 1
7669 1
7709 1
7801 1
7949 1
7969 1
8005 1
8009 1
8045 1
8053 1
8081 1
8101 1
8161 1
8177 1
8321 1
8333 1
8585 1
8633 1
8917 1
8993 1
9061 1
9089 1
9125 1
9341 1
9413 2
9533 1
9553 2
9773 1
9841 1
9857 1
9893 1
9925 1
9949 1
9953 1
9985 1
10057 1
10469 1
10477 1
10501 1
10645 1
10865 1
10993 1
11565 1
11645 1
11745 1
11909 1
12301 1
12569 1
12841 1
13109 1
13477 2
13689 2
13997 1
14081 1
15193 1
15545 1
15677 1
16433 1
16981 1
17245 1
17609 1
18061 1
20905 1
25693 1
27121 1
27145 1
30113 1
31505 1
72189 1
148369 1
154625 1
