N J h mean_R_sq err_mean_R_sq mean_R_gyr_sq err_mean_R_gyr_sq 
900 1.445 0 925.194 15.5553 246.352 1.10926
1 5
5 18
9 6
13 10
17 16
25 30
29 16
37 12
41 16
45 18
49 9
53 16
61 13
65 35
73 13
81 10
85 30
89 18
97 24
101 18
109 16
113 15
117 23
121 14
125 38
137 16
145 36
149 17
153 15
157 24
169 28
173 15
181 22
185 34
193 10
197 17
205 38
221 30
225 15
229 18
233 24
241 11
245 17
257 17
261 15
265 37
269 12
277 11
281 16
289 32
293 23
305 41
313 12
317 13
325 42
333 6
337 19
349 13
353 14
361 5
365 25
369 15
373 20
377 24
389 15
397 15
401 15
405 20
409 16
421 17
425 53
433 11
441 7
445 19
449 16
457 10
461 13
477 12
481 24
485 26
493 22
505 30
509 15
521 12
529 4
533 42
541 15
545 25
549 15
557 16
565 27
569 13
577 13
585 23
593 9
601 7
605 16
613 11
617 15
625 42
629 26
637 15
641 5
653 8
657 8
661 14
673 14
677 13
685 22
689 19
697 23
701 6
709 18
725 28
729 4
733 12
745 23
757 8
761 8
765 18
769 14
773 15
785 23
793 23
797 2
801 10
809 14
821 18
829 7
833 11
841 11
845 27
853 7
857 11
865 22
873 8
877 14
881 7
901 14
905 20
909 8
925 17
929 11
937 10
941 11
949 20
953 7
961 9
965 21
977 6
981 10
985 18
997 11
1009 5
1013 4
1017 9
1021 9
1025 30
1033 6
1037 10
1049 7
1053 8
1061 9
1069 2
1073 14
1089 4
1093 9
1097 9
1105 32
1109 6
1117 15
1125 11
1129 15
1145 21
1153 12
1157 8
1165 11
1181 1
1189 8
1193 7
1201 8
1205 17
1213 7
1217 4
1225 7
1229 6
1233 9
1237 7
1241 19
1249 5
1261 11
1277 3
1285 17
1289 8
1297 8
1301 6
1305 13
1313 14
1321 7
1325 13
1341 6
1345 12
1361 5
1369 6
1373 7
1377 9
1381 7
1385 10
1405 8
1409 7
1413 5
1417 10
1421 5
1429 3
1433 5
1445 12
1453 5
1465 8
1469 12
1481 2
1489 5
1493 4
1513 6
1517 8
1521 3
1525 12
1537 11
1549 8
1553 3
1557 7
1565 6
1573 2
1585 5
1597 5
1601 1
1609 8
1613 2
1621 2
1625 20
1629 5
1637 1
1649 6
1657 4
1665 7
1669 3
1681 11
1685 4
1693 5
1697 6
1709 6
1717 7
1733 5
1737 3
1741 6
1745 6
1753 4
1765 4
1769 4
1773 2
1777 3
1781 4
1789 5
1801 3
1805 7
1813 4
1825 12
1845 5
1853 6
1861 1
1865 5
1873 2
1877 4
1885 16
1901 2
1913 6
1921 9
1933 3
1937 7
1945 4
1949 3
1961 2
1973 3
1985 3
1989 5
1993 2
2005 6
2017 2
2025 1
2029 3
2041 4
2045 5
2061 3
2069 2
2081 3
2089 1
2097 2
2105 6
2113 1
2117 5
2125 8
2129 2
2137 2
2153 2
2161 2
2165 6
2169 2
2173 7
2197 3
2205 1
2213 1
2221 3
2225 3
2237 3
2245 2
2249 5
2257 4
2269 2
2273 3
2285 3
2293 1
2297 3
2305 7
2309 5
2313 2
2329 4
2333 3
2349 3
2353 2
2377 1
2381 2
2385 2
2393 1
2401 1
2405 8
2421 2
2425 3
2437 3
2465 3
2473 1
2477 1
2501 3
2509 5
2525 6
2529 1
2533 4
2545 1
2549 1
2557 3
2581 2
2597 2
2601 3
2605 5
2617 1
2621 2
2637 3
2665 8
2669 2
2677 2
2689 2
2693 2
2701 1
2705 2
2713 1
2725 3
2729 1
2741 1
2745 1
2749 3
2753 1
2777 1
2785 2
2813 3
2817 1
2825 6
2833 1
2837 3
2873 3
2885 1
2897 2
2925 2
2953 1
2965 1
2969 1
2977 2
2989 3
2997 2
3005 3
3025 2
3029 4
3033 1
3037 1
3049 1
3061 1
3065 3
3077 2
3089 1
3125 2
3133 1
3141 1
3145 4
3161 1
3185 1
3205 1
3221 2
3233 1
3253 1
3265 1
3281 1
3285 1
3301 1
3305 3
3321 2
3341 1
3349 1
3365 1
3373 1
3385 1
3393 2
3413 1
3445 4
3461 3
3485 2
3497 2
3505 1
3577 1
3581 1
3589 2
3609 1
3613 2
3625 1
3665 3
3697 1
3721 2
3725 1
3757 3
3761 1
3769 1
3785 1
3805 1
3825 2
3845 1
3869 1
3893 1
3925 2
3961 1
3965 1
3973 1
3989 1
4041 2
4045 1
4105 1
4141 1
4153 2
4181 1
4201 1
4293 1
4361 1
4365 2
4409 1
4437 1
4453 1
4457 1
4477 1
4481 1
4545 1
4549 1
4685 1
4745 2
4801 1
4901 1
4933 1
4949 1
5065 1
5085 1
5237 1
5317 1
5585 1
5713 1
5769 1
5809 1
5917 1
5945 1
6137 1
6473 1
7405 1
7477 1
7501 1
8945 1
