N J h mean_R_sq err_mean_R_sq mean_R_gyr_sq err_mean_R_gyr_sq 
3600 1.44 0 2615.76 116.987 854.032 9.31635
1 3
5 7
9 1
13 7
17 4
25 13
29 6
37 4
41 3
45 10
49 1
53 8
61 3
65 16
73 5
81 3
85 11
89 6
97 7
101 9
109 6
113 7
117 7
121 3
125 14
137 6
145 7
149 3
153 2
157 5
169 6
173 8
181 9
185 16
193 3
197 8
205 28
221 12
225 8
229 7
233 3
241 7
245 6
257 6
261 5
265 13
269 1
277 6
281 5
289 12
293 7
305 15
313 4
317 4
325 17
333 4
337 8
349 9
353 7
361 3
365 17
369 2
373 3
377 15
389 6
397 9
401 5
405 5
409 7
421 5
425 17
433 5
441 2
445 11
449 4
457 11
461 11
477 5
481 11
485 13
493 12
505 14
509 4
521 6
529 4
533 11
541 6
545 15
549 8
557 5
565 17
569 2
577 7
585 10
593 8
601 8
605 3
613 6
617 6
625 21
629 11
637 7
641 10
653 9
657 8
661 5
673 13
677 10
685 20
689 19
697 11
701 9
709 6
725 14
733 5
745 10
757 2
761 5
765 12
769 6
773 9
785 13
793 12
797 7
801 4
809 3
821 7
829 6
833 9
841 11
845 13
853 6
857 9
865 14
873 8
877 6
881 5
901 10
905 14
909 8
925 19
929 10
937 3
941 8
949 9
953 5
961 1
965 12
977 5
981 5
985 8
997 9
1009 5
1013 5
1017 6
1021 3
1025 15
1033 4
1037 19
1049 2
1053 5
1061 3
1069 6
1073 8
1089 4
1093 7
1097 4
1105 19
1109 3
1117 6
1125 9
1129 6
1145 10
1153 6
1157 14
1165 15
1181 6
1189 12
1193 8
1201 9
1205 11
1213 4
1217 4
1225 12
1229 3
1233 8
1237 4
1241 8
1249 4
1261 5
1277 13
1285 9
1289 4
1297 4
1301 5
1305 12
1313 13
1321 2
1325 25
1341 4
1345 11
1361 4
1369 10
1373 4
1377 3
1381 5
1385 9
1405 11
1409 5
1413 4
1417 13
1421 4
1429 8
1433 4
1445 13
1465 12
1469 10
1481 6
1489 4
1493 5
1513 8
1517 8
1521 8
1525 12
1537 16
1549 5
1553 7
1557 5
1565 13
1573 5
1585 9
1597 1
1601 3
1609 4
1613 6
1621 6
1625 25
1629 9
1637 5
1649 10
1657 5
1665 10
1669 5
1681 5
1685 8
1693 3
1697 10
1709 1
1717 11
1721 6
1733 3
1737 2
1741 6
1745 6
1753 6
1765 5
1769 6
1773 5
1777 6
1781 6
1789 3
1801 7
1805 5
1813 5
1825 10
1845 10
1849 2
1853 4
1861 3
1865 8
1873 4
1877 6
1885 20
1889 3
1901 3
1913 7
1921 10
1933 4
1937 10
1945 11
1949 3
1961 10
1973 7
1985 9
1989 8
1993 5
1997 1
2005 7
2009 4
2017 3
2025 2
2029 3
2041 6
2045 10
2053 5
2057 5
2061 4
2069 5
2081 1
2089 5
2097 5
2105 8
2113 3
2117 13
2125 11
2129 5
2137 2
2141 5
2153 3
2161 5
2165 9
2169 7
2173 5
2197 8
2205 5
2209 1
2213 3
2221 2
2225 13
2237 3
2245 5
2249 12
2257 7
2269 5
2273 2
2281 5
2285 4
2293 4
2297 2
2305 7
2309 7
2313 6
2329 4
2333 1
2341 2
2349 5
2353 5
2357 4
2381 3
2385 4
2389 4
2393 4
2401 2
2405 19
2417 6
2421 3
2425 17
2437 1
2441 2
2465 21
2477 7
2493 4
2501 5
2509 6
2521 4
2525 15
2529 3
2533 6
2545 9
2549 3
2557 1
2561 3
2581 6
2593 4
2597 3
2601 7
2605 7
2609 6
2617 4
2621 3
2633 5
2645 5
2657 5
2665 12
2669 8
2677 3
2689 2
2693 6
2701 8
2705 5
2713 3
2725 6
2729 4
2741 5
2745 6
2749 4
2753 1
2777 3
2785 8
2789 7
2797 5
2801 5
2809 3
2813 9
2817 5
2825 13
2833 1
2837 2
2845 5
2853 4
2857 2
2861 3
2873 12
2885 9
2897 2
2909 5
2917 5
2925 13
2929 5
2941 6
2953 4
2957 2
2965 7
2969 2
2977 8
2989 3
2993 4
2997 3
3001 5
3005 6
3025 5
3029 6
3033 5
3037 6
3041 4
3049 6
3061 5
3065 7
3077 7
3085 6
3089 3
3109 2
3121 2
3125 11
3133 14
3137 2
3141 3
3145 8
3161 5
3169 4
3177 2
3181 5
3185 6
3205 6
3209 5
3217 1
3221 4
3229 6
3233 7
3253 2
3257 3
3265 10
3277 7
3281 3
3285 3
3293 3
3301 5
3305 7
3313 4
3321 2
3329 1
3341 2
3349 4
3357 3
3361 4
3365 8
3373 4
3385 5
3389 1
3393 9
3413 2
3425 8
3433 4
3445 14
3457 2
3461 3
3469 2
3485 12
3497 5
3501 2
3505 4
3509 3
3517 2
3529 3
3533 4
3541 2
3545 3
3557 2
3573 3
3577 3
3581 3
3589 2
3601 7
3609 2
3613 3
3617 1
3625 12
3637 2
3645 3
3649 7
3653 2
3665 3
3677 5
3681 2
3701 2
3709 6
3721 3
3725 6
3733 1
3737 5
3757 6
3761 1
3769 4
3785 6
3789 2
3793 1
3797 1
3805 2
3809 4
3821 2
3825 4
3833 1
3845 3
3853 3
3865 3
3869 5
3877 3
3881 1
3889 3
3893 2
3897 2
3917 5
3925 5
3929 3
3961 3
3965 10
3969 1
3973 3
3977 4
3985 6
3989 2
4001 2
4005 3
4013 3
4021 2
4033 2
4045 7
4049 2
4057 1
4069 3
4073 6
4097 7
4121 3
4129 1
4133 1
4141 1
4145 4
4149 2
4153 2
4157 2
4165 3
4177 2
4181 4
4201 1
4205 4
4225 7
4241 1
4253 5
4261 3
4273 3
4285 4
4289 2
4293 3
4297 2
4321 3
4325 5
4329 6
4337 2
4349 4
4357 2
4361 1
4365 4
4369 7
4373 2
4381 8
4385 4
4397 2
4405 1
4409 1
4421 3
4437 1
4441 2
4457 2
4477 1
4481 4
4489 1
4493 4
4505 8
4513 1
4517 1
4525 9
4537 1
4545 3
4549 2
4553 2
4561 2
4573 5
4581 2
4589 3
4597 2
4621 2
4625 8
4633 2
4637 3
4649 1
4657 1
4685 6
4689 1
4693 2
4705 3
4709 1
4717 2
4721 1
4729 1
4733 2
4745 7
4753 2
4761 2
4765 5
4777 6
4789 2
4793 1
4797 1
4801 1
4805 3
4813 2
4825 4
4849 5
4861 1
4869 1
4877 1
4885 1
4889 3
4901 2
4905 4
4909 1
4913 2
4925 6
4933 1
4937 2
4941 2
4949 3
4957 2
4961 1
4969 1
4973 1
4981 4
4985 1
4993 3
5009 1
5013 2
5017 4
5045 1
5057 1
5065 3
5069 4
5077 1
5081 3
5085 2
5101 1
5113 1
5125 10
5141 1
5153 2
5161 3
5165 1
5185 4
5189 2
5193 3
5209 1
5213 2
5245 1
5249 4
5261 1
5265 5
5273 4
5297 1
5305 5
5329 3
5333 2
5341 3
5345 1
5353 7
5365 2
5381 2
5389 3
5409 1
5413 1
5429 3
5437 1
5441 1
5465 2
5473 3
5485 1
5501 1
5513 5
5517 1
5525 4
5537 2
5545 3
5569 1
5573 2
5581 1
5597 4
5617 2
5625 4
5629 2
5645 1
5661 2
5669 1
5689 1
5693 2
5701 1
5713 2
5717 1
5725 3
5729 2
5733 1
5741 1
5765 3
5769 1
5777 1
5785 7
5801 2
5809 1
5813 1
5821 3
5825 3
5837 2
5849 1
5857 1
5877 1
5905 2
5913 1
5917 4
5933 1
5945 2
5949 1
5953 2
5989 1
5993 5
6001 1
6005 5
6025 4
6053 2
6057 2
6065 2
6089 2
6093 2
6109 2
6121 1
6133 1
6161 1
6165 3
6173 1
6197 2
6201 1
6205 2
6221 1
6245 2
6253 2
6257 2
6273 2
6277 1
6305 4
6309 1
6329 2
6337 1
6373 1
6381 1
6385 1
6397 1
6401 2
6409 3
6413 3
6425 4
6437 3
6445 2
6449 1
6469 1
6473 1
6481 1
6485 1
6497 2
6525 3
6529 1
6565 3
6569 1
6577 1
6605 2
6617 1
6625 3
6637 1
6641 1
6697 1
6713 2
6725 1
6757 1
6761 1
6773 2
6781 2
6793 2
6817 2
6829 1
6845 2
6865 3
6869 1
6885 1
6905 2
6917 1
6921 3
6925 1
6929 3
6949 1
6977 1
6989 3
7001 1
7013 2
7033 1
7045 1
7057 2
7065 1
7069 1
7085 1
7093 2
7105 1
7137 3
7141 1
7157 3
7165 1
7193 1
7209 1
7213 1
7253 1
7297 1
7321 1
7325 2
7345 2
7349 2
7369 1
7373 1
7381 1
7389 1
7397 1
7445 1
7457 1
7461 1
7477 2
7529 1
7537 2
7541 2
7565 1
7585 1
7625 1
7649 1
7685 1
7769 2
7785 1
7789 1
7801 1
7817 3
7825 3
7877 1
7893 1
7913 1
7921 1
7925 1
7933 1
7937 1
7957 1
7969 1
7985 1
8033 1
8065 1
8069 1
8077 1
8081 1
8101 1
8125 1
8145 2
8149 1
8237 1
8249 1
8281 1
8329 2
8333 1
8353 2
8357 1
8381 1
8405 2
8461 1
8469 1
8477 1
8489 2
8497 1
8573 1
8605 1
8621 1
8653 2
8713 1
8725 2
8825 1
8837 1
8865 1
8869 1
8941 1
8945 3
8957 2
8989 1
9013 1
9025 1
9029 1
9049 1
9061 1
9109 1
9125 2
9169 1
9173 1
9197 1
9257 1
9265 1
9325 1
9333 1
9397 2
9409 1
9437 1
9445 2
9457 2
9577 1
9593 1
9601 1
9605 1
9685 1
9725 1
9745 1
9773 1
9865 2
9893 1
9929 1
9973 1
9985 1
10009 2
10025 1
10133 1
10225 2
10265 1
10285 1
10321 1
10673 1
10777 1
10817 1
10897 1
11029 1
11101 1
11425 1
11485 1
11497 1
11509 1
11549 1
11705 1
11809 1
11889 1
11965 1
12013 1
12277 1
12289 1
12505 1
12545 1
12809 1
13261 2
13357 1
13477 1
13689 1
14417 1
15145 1
15725 1
16145 1
20549 1
171565 1
209425 1
