N J h mean_R_sq err_mean_R_sq mean_R_gyr_sq err_mean_R_gyr_sq 
4900 1.42 0 5765.98 1727.44 1466.07 192.133
1 1
5 1
9 1
13 4
17 4
25 4
29 2
37 8
41 2
49 1
53 3
61 2
65 8
73 5
81 2
85 8
89 4
97 5
101 6
109 3
113 1
117 4
121 7
125 8
137 4
145 6
153 2
157 6
169 3
173 3
181 7
185 11
193 4
197 5
205 3
221 11
225 7
229 2
233 3
241 2
245 3
257 4
261 2
265 6
277 6
281 8
289 5
293 4
305 8
313 4
317 4
325 9
333 2
337 3
349 5
353 4
361 3
365 6
369 2
373 7
377 9
397 3
401 1
405 1
409 3
421 2
425 15
433 1
441 1
445 10
449 4
457 5
461 4
477 4
481 6
485 9
493 8
505 11
509 5
521 2
533 7
541 5
545 5
549 5
557 2
565 13
569 6
577 8
585 12
593 5
601 4
605 4
613 4
617 5
625 11
629 7
637 7
641 5
653 3
657 4
661 3
673 3
677 4
685 3
689 6
697 13
701 4
709 4
725 14
729 1
733 6
745 7
757 7
761 3
765 10
769 8
773 5
785 7
793 3
797 8
801 5
809 5
821 1
829 4
833 4
841 7
845 15
853 5
857 4
865 5
873 3
877 3
881 6
901 6
905 11
909 2
925 16
929 10
937 2
941 6
949 5
953 3
961 3
965 3
977 4
981 1
985 5
997 2
1009 3
1013 3
1017 1
1021 4
1025 9
1033 5
1037 8
1049 4
1053 2
1061 4
1069 6
1073 7
1089 2
1093 4
1097 4
1105 16
1109 5
1117 6
1125 9
1129 4
1145 6
1153 3
1157 13
1165 10
1181 1
1189 7
1193 7
1201 1
1205 7
1213 3
1217 1
1225 2
1229 4
1233 6
1241 11
1249 1
1261 11
1285 2
1289 4
1297 4
1301 3
1305 5
1313 4
1321 1
1325 15
1341 3
1345 14
1361 4
1369 9
1373 7
1381 2
1385 8
1405 9
1409 3
1413 5
1417 10
1421 2
1429 2
1433 2
1445 11
1453 4
1465 9
1469 3
1481 2
1489 4
1493 3
1513 8
1517 8
1521 3
1525 16
1537 7
1549 5
1553 2
1557 2
1565 4
1573 4
1585 4
1597 4
1601 5
1609 1
1613 1
1621 2
1625 8
1629 3
1637 3
1649 7
1657 1
1665 6
1669 4
1681 10
1685 5
1693 3
1697 2
1709 3
1717 5
1721 6
1733 1
1737 2
1741 2
1745 7
1753 4
1765 4
1769 6
1773 2
1777 4
1781 7
1789 3
1801 5
1805 1
1813 4
1825 13
1845 4
1849 2
1853 3
1861 7
1865 6
1873 6
1877 1
1885 11
1889 4
1901 5
1913 7
1921 14
1933 6
1937 4
1945 2
1949 1
1961 8
1973 3
1985 4
1989 13
1993 3
1997 4
2005 4
2009 1
2017 4
2025 4
2029 3
2041 5
2045 4
2053 2
2057 4
2061 3
2069 6
2081 1
2089 3
2097 4
2105 13
2113 6
2117 8
2125 11
2129 5
2137 8
2141 3
2153 5
2161 5
2165 8
2169 2
2173 6
2197 4
2205 5
2209 1
2213 3
2221 5
2225 5
2237 2
2245 10
2249 5
2257 2
2269 1
2273 1
2281 3
2285 6
2293 2
2297 2
2305 7
2309 2
2313 2
2329 6
2333 3
2341 3
2349 3
2353 8
2357 1
2377 3
2381 3
2385 7
2389 3
2393 2
2405 8
2417 1
2421 3
2425 9
2437 3
2441 2
2465 11
2473 1
2477 4
2493 4
2501 13
2509 8
2521 4
2525 9
2529 3
2533 5
2545 9
2549 3
2557 1
2561 3
2581 3
2593 5
2597 1
2601 2
2605 2
2609 2
2617 1
2621 2
2633 5
2637 3
2645 5
2657 3
2665 10
2669 5
2677 2
2689 3
2693 5
2701 7
2705 4
2713 1
2725 10
2729 2
2741 2
2745 4
2749 3
2753 1
2777 1
2785 4
2797 3
2809 4
2813 7
2817 2
2825 6
2833 2
2837 2
2845 10
2853 2
2857 2
2861 1
2873 4
2885 4
2897 3
2909 1
2917 2
2925 8
2929 6
2941 4
2953 6
2957 1
2965 4
2969 3
2977 5
2989 3
2993 8
2997 4
3001 3
3005 2
3025 4
3033 1
3037 2
3041 3
3049 2
3061 1
3065 5
3077 8
3085 4
3089 2
3109 6
3121 2
3125 2
3133 5
3137 3
3141 3
3145 9
3161 9
3169 5
3177 4
3181 4
3185 12
3205 1
3209 2
3217 3
3221 6
3229 2
3233 2
3249 1
3253 1
3257 2
3265 2
3277 8
3281 9
3285 8
3293 4
3301 3
3305 3
3313 4
3321 4
3341 6
3349 5
3357 4
3361 5
3365 7
3373 2
3385 9
3389 1
3393 2
3413 2
3425 9
3445 8
3449 1
3457 3
3461 2
3485 10
3497 3
3501 2
3505 1
3509 2
3517 3
3529 1
3533 2
3541 4
3545 6
3557 3
3573 3
3577 1
3581 6
3589 2
3593 1
3601 2
3609 3
3613 2
3617 2
3625 10
3637 2
3645 2
3649 5
3653 4
3665 3
3673 4
3677 2
3681 4
3697 2
3701 4
3709 4
3721 4
3725 3
3733 2
3737 6
3757 5
3761 2
3769 4
3785 8
3789 3
3793 2
3797 2
3805 4
3809 6
3821 2
3825 6
3833 3
3845 3
3853 2
3865 2
3869 6
3877 4
3881 4
3889 2
3893 9
3897 1
3917 1
3925 5
3929 4
3961 4
3965 5
3969 1
3973 1
3977 1
3985 6
3989 1
4001 1
4005 3
4013 4
4021 1
4033 4
4045 2
4049 4
4057 2
4069 2
4073 2
4093 5
4097 5
4105 6
4113 4
4121 3
4129 1
4133 2
4141 2
4145 3
4153 3
4165 3
4177 2
4181 6
4201 2
4205 7
4217 6
4225 14
4229 2
4241 2
4253 3
4261 2
4265 4
4273 2
4285 4
4289 1
4293 1
4297 1
4321 2
4325 8
4329 3
4349 2
4361 2
4365 2
4369 4
4381 4
4385 5
4397 5
4405 3
4409 3
4421 2
4437 1
4441 2
4453 7
4457 3
4469 4
4477 2
4481 1
4493 3
4505 3
4517 3
4525 4
4537 3
4545 2
4553 3
4573 3
4581 3
4589 2
4597 2
4621 1
4625 7
4633 2
4637 1
4645 1
4649 1
4673 2
4685 4
4689 3
4693 1
4705 1
4709 4
4717 5
4721 1
4729 2
4733 2
4745 10
4753 2
4765 4
4777 7
4789 3
4797 2
4801 2
4805 2
4813 2
4817 3
4825 6
4849 1
4861 2
4869 1
4877 2
4885 3
4901 8
4905 4
4909 3
4913 3
4925 7
4933 3
4937 3
4941 1
4949 2
4957 3
4961 2
4969 1
4973 2
4981 5
4985 4
4993 2
5009 1
5013 5
5017 4
5021 2
5045 4
5057 4
5065 1
5077 2
5081 1
5085 2
5101 1
5105 5
5121 1
5125 4
5141 3
5153 1
5161 4
5165 3
5185 5
5189 2
5193 1
5197 1
5213 5
5237 2
5245 6
5249 3
5261 2
5265 2
5273 4
5297 5
5305 6
5309 2
5317 4
5321 3
5329 5
5333 5
5337 2
5345 3
5353 4
5365 4
5381 2
5389 3
5409 3
5413 4
5417 2
5429 3
5441 2
5445 3
5449 1
5465 2
5473 1
5501 1
5521 2
5525 5
5537 1
5545 7
5553 4
5557 1
5569 1
5573 2
5581 1
5585 4
5597 2
5617 2
5625 2
5629 3
5641 1
5645 1
5653 1
5661 5
5689 2
5693 1
5701 3
5713 4
5725 5
5729 1
5733 4
5737 3
5741 1
5749 2
5765 1
5769 4
5777 2
5785 7
5801 2
5809 2
5813 2
5821 1
5825 2
5837 3
5857 1
5869 2
5881 1
5897 1
5905 3
5913 4
5917 1
5941 2
5945 5
5949 4
5953 1
5965 4
5981 1
5989 3
5993 2
6001 2
6005 2
6025 4
6029 3
6037 2
6053 1
6057 3
6065 1
6073 2
6085 5
6089 3
6093 3
6101 1
6109 4
6113 1
6125 6
6133 1
6145 3
6165 2
6173 3
6197 2
6201 1
6205 7
6217 1
6221 1
6241 2
6245 1
6253 5
6257 1
6273 3
6277 3
6305 2
6309 3
6317 2
6329 1
6337 3
6341 3
6353 2
6361 1
6381 3
6385 3
6397 2
6401 1
6409 5
6413 3
6425 2
6437 6
6445 2
6449 3
6469 1
6481 1
6485 2
6497 1
6505 3
6521 3
6525 1
6565 4
6569 1
6577 2
6597 3
6605 1
6617 2
6625 2
6637 1
6641 1
6649 1
6653 3
6673 4
6689 1
6697 1
6701 2
6705 1
6709 2
6725 7
6733 1
6749 2
6757 3
6761 1
6773 1
6793 2
6805 1
6813 4
6817 2
6833 2
6841 2
6845 2
6857 1
6865 1
6889 1
6893 2
6905 1
6917 1
6921 2
6925 2
6929 5
6949 1
6953 2
6957 2
6977 1
6989 2
7001 1
7013 2
7025 1
7033 2
7045 1
7057 1
7065 1
7069 2
7081 1
7085 3
7105 2
7109 1
7121 1
7141 4
7145 3
7157 1
7165 4
7173 1
7177 1
7193 1
7209 2
7225 4
7241 1
7253 1
7261 1
7265 2
7281 1
7289 2
7297 1
7309 1
7325 7
7333 1
7345 3
7361 1
7369 1
7381 2
7389 2
7393 1
7397 2
7417 2
7421 1
7445 1
7453 1
7457 1
7461 1
7465 3
7481 1
7501 2
7529 1
7541 1
7549 2
7561 2
7565 3
7569 3
7573 1
7585 4
7589 1
7621 1
7625 4
7633 6
7649 2
7669 1
7673 1
7681 1
7685 1
7709 1
7713 1
7717 1
7745 4
7753 1
7769 2
7785 1
7789 1
7813 1
7825 2
7837 1
7841 1
7853 2
7857 3
7865 1
7873 3
7893 1
7897 1
7901 1
7913 2
7925 6
7929 1
7933 2
7937 1
7957 1
7993 1
8005 1
8017 1
8021 2
8033 3
8045 1
8053 1
8077 1
8081 2
8089 1
8093 1
8101 3
8105 5
8117 1
8125 4
8145 1
8161 1
8177 3
8185 1
8209 1
8221 1
8233 1
8237 1
8245 3
8249 2
8297 1
8317 1
8321 2
8325 2
8333 4
8345 1
8357 1
8361 3
8377 1
8405 4
8425 2
8429 3
8433 2
8461 1
8465 2
8469 2
8473 3
8485 2
8489 1
8497 2
8501 1
8521 1
8541 4
8545 1
8573 2
8577 1
8581 2
8585 4
8597 2
8605 3
8621 4
8653 1
8665 2
8669 2
8681 1
8685 1
8689 1
8705 2
8713 1
8725 1
8737 1
8741 3
8749 1
8753 1
8761 2
8765 1
8801 1
8821 1
8825 3
8829 1
8837 1
8845 2
8849 1
8861 1
8869 2
8893 1
8905 2
8917 1
8929 1
8941 1
8945 2
8957 2
8973 1
8989 2
8993 1
9001 1
9005 1
9025 1
9061 4
9065 1
9077 2
9109 1
9125 1
9133 1
9153 1
9161 1
9173 3
9181 3
9193 2
9197 1
9217 1
9221 1
9265 3
9277 1
9281 2
9293 1
9297 1
9305 4
9325 4
9349 1
9365 1
9385 3
9389 1
9397 1
9409 2
9425 4
9433 1
9445 2
9457 2
9469 2
9477 1
9505 2
9529 1
9533 1
9549 1
9553 4
9565 2
9577 1
9593 1
9649 1
9653 1
9657 1
9661 2
9677 1
9697 1
9701 1
9725 1
9801 1
9805 3
9809 1
9829 1
9841 2
9865 1
9881 1
9929 1
9941 1
9945 1
9953 2
9985 1
9997 1
10037 1
10045 1
10081 2
10125 2
10133 1
10141 3
10169 2
10201 1
10205 1
10217 1
10225 3
10249 1
10265 1
10301 1
10321 2
10397 1
10413 1
10421 2
10441 1
10453 1
10477 1
10485 1
10489 1
10501 2
10513 2
10517 1
10525 1
10529 1
10553 2
10573 1
10585 1
10625 1
10673 2
10685 2
10693 1
10701 1
10705 1
10709 2
10777 1
10805 3
10817 1
10825 1
10829 1
10865 2
10877 2
10933 3
11029 3
11089 1
11101 1
11113 1
11125 1
11141 1
11213 1
11221 3
11225 1
11245 1
11261 2
11273 1
11349 1
11365 1
11425 1
11437 1
11453 1
11461 1
11485 1
11493 3
11497 1
11525 1
11549 1
11617 1
11629 1
11665 1
11689 1
11705 2
11729 2
11737 2
11745 1
11773 1
11785 1
11809 1
11817 1
11925 1
12025 1
12073 1
12077 2
12181 2
12185 1
12197 1
12241 1
12249 2
12325 2
12337 1
12349 1
12357 1
12385 1
12393 1
12457 1
12461 1
12497 1
12545 2
12577 1
12601 1
12605 1
12613 2
12665 3
12701 2
12725 1
12757 2
12769 1
12785 1
12789 1
12821 1
12893 1
12937 2
12953 3
12965 1
13005 2
13073 1
13141 1
13185 1
13213 2
13225 1
13253 1
13261 1
13421 1
13465 1
13481 1
13617 1
13621 1
13653 1
13693 1
13725 1
13837 1
13897 1
13921 1
13945 1
13985 2
14089 1
14093 1
14153 1
14281 1
14293 1
14297 3
14365 1
14521 2
14645 1
14661 2
14701 1
14705 1
14765 1
14801 1
14841 1
14897 1
14909 1
14977 1
15041 1
15049 1
15053 1
15073 1
15101 1
15145 1
15149 1
15293 1
15325 1
15381 1
15385 1
15529 1
15661 1
15665 1
15677 1
15725 1
15769 1
15805 1
15885 1
15901 1
16129 1
16153 1
16193 1
16253 1
16265 1
16333 1
16393 1
16425 1
16733 1
16785 1
16865 2
17021 1
17029 1
17065 1
17137 1
17165 1
17257 1
17425 1
17837 1
18589 1
18729 1
18769 1
18801 1
19385 1
19445 1
19501 1
19625 2
19865 1
19945 1
21905 1
22001 1
22069 1
22437 1
22565 1
22625 1
23017 1
71289 1
1188625 1
2742361 1
2752381 1
