N J h mean_R_sq err_mean_R_sq mean_R_gyr_sq err_mean_R_gyr_sq 
1600 1.425 0 1923.61 293.534 490.919 42.8606
1 1
5 3
13 2
17 5
25 1
29 6
37 4
41 8
45 3
53 2
61 3
65 6
73 5
81 1
85 8
89 1
97 1
101 4
109 2
113 6
117 1
121 1
125 8
137 2
145 4
149 3
153 1
157 2
169 7
173 3
181 2
185 2
193 3
197 1
205 6
221 2
225 3
229 3
233 6
241 1
245 2
257 1
261 2
265 6
269 4
277 2
281 2
289 5
293 1
305 3
313 3
317 3
325 10
333 3
337 5
349 2
353 2
361 6
365 13
369 2
373 3
377 9
389 1
397 5
401 4
405 2
409 4
425 5
433 5
441 2
445 6
449 7
457 1
477 3
481 7
485 6
493 5
505 1
509 1
521 4
529 1
533 9
541 3
545 3
557 3
565 7
569 2
577 3
585 9
593 2
601 3
605 2
613 2
617 2
625 6
629 2
637 3
641 3
653 4
657 5
661 2
673 1
677 4
685 7
689 6
697 8
701 2
709 3
725 11
729 4
733 1
745 3
757 3
761 1
765 1
769 2
773 5
785 11
793 4
801 1
821 2
829 3
841 2
845 4
853 2
857 3
865 4
873 1
877 3
881 1
901 5
905 2
909 3
925 18
929 1
937 4
941 1
949 2
953 2
961 1
965 2
977 2
981 3
985 6
1009 2
1013 2
1017 2
1025 4
1033 1
1037 1
1049 2
1053 2
1061 4
1069 7
1073 9
1089 2
1093 1
1097 2
1105 10
1109 2
1117 1
1125 4
1129 2
1145 8
1153 2
1157 4
1165 6
1181 2
1189 2
1193 3
1205 3
1213 3
1217 5
1225 3
1229 2
1233 2
1237 1
1241 5
1249 1
1261 8
1277 2
1285 7
1289 1
1297 3
1301 1
1305 3
1313 1
1321 3
1325 8
1341 1
1345 6
1369 2
1381 1
1385 4
1409 1
1413 1
1417 3
1421 1
1429 2
1433 1
1445 4
1453 3
1465 2
1469 1
1489 1
1493 2
1513 5
1517 1
1521 3
1525 9
1537 5
1549 3
1553 1
1557 1
1565 3
1573 1
1585 1
1597 1
1601 1
1609 2
1613 2
1621 1
1625 5
1637 2
1649 2
1657 2
1665 1
1669 1
1681 2
1685 2
1693 2
1697 1
1709 2
1717 4
1721 2
1733 2
1737 1
1741 1
1745 4
1753 3
1765 8
1769 2
1773 4
1777 4
1781 3
1805 1
1813 3
1825 3
1845 3
1853 2
1865 1
1873 1
1877 2
1885 7
1889 1
1901 1
1913 2
1921 3
1937 4
1945 4
1949 2
1961 1
1973 1
1985 3
1989 1
1993 1
2005 1
2009 3
2025 3
2029 1
2045 1
2057 2
2061 2
2081 1
2089 1
2097 1
2105 1
2113 2
2125 4
2141 1
2153 4
2161 2
2169 2
2173 3
2197 2
2205 2
2213 1
2221 2
2225 1
2245 2
2249 2
2257 1
2269 1
2273 4
2305 5
2309 2
2313 1
2329 4
2333 1
2341 1
2349 1
2353 2
2381 1
2385 1
2389 3
2393 2
2401 1
2405 3
2417 3
2421 1
2425 3
2465 3
2473 1
2501 2
2509 3
2525 2
2533 1
2545 1
2561 2
2581 2
2597 1
2601 1
2605 1
2609 1
2617 1
2633 1
2637 1
2645 1
2657 1
2665 3
2669 1
2693 1
2705 2
2713 2
2725 1
2745 2
2753 1
2785 1
2789 1
2801 2
2809 1
2813 1
2825 3
2845 2
2861 2
2873 2
2885 2
2909 1
2917 1
2929 1
2941 1
2957 2
2977 2
2989 1
2993 1
2997 2
3005 2
3025 1
3029 2
3077 1
3085 1
3125 1
3133 3
3145 1
3161 1
3177 1
3185 1
3205 1
3217 2
3229 1
3233 2
3265 1
3277 3
3281 1
3285 1
3301 3
3305 1
3329 1
3357 1
3385 3
3413 1
3433 2
3445 1
3461 1
3481 1
3485 2
3497 2
3505 1
3573 1
3577 1
3581 2
3589 1
3593 1
3601 1
3609 1
3613 3
3625 5
3637 1
3653 1
3673 1
3701 1
3721 2
3725 1
3769 1
3785 2
3789 2
3805 1
3809 1
3845 3
3869 1
3881 1
3897 1
3965 1
3969 1
4005 1
4033 1
4045 1
4097 2
4133 1
4149 1
4153 1
4217 1
4225 1
4253 1
4265 1
4273 1
4369 1
4409 1
4421 1
4453 1
4493 1
4505 1
4525 2
4545 1
4573 1
4589 1
4633 1
4673 1
4745 1
4753 1
4789 1
4793 1
4825 1
4849 3
4877 1
4913 2
5009 1
5085 1
5121 1
5125 1
5197 2
5213 1
5249 1
5317 1
5321 2
5333 2
5337 1
5353 1
5365 2
5381 1
5513 1
5525 1
5557 1
5625 1
5661 1
5777 2
5801 1
5929 1
5941 1
5953 1
6053 1
6121 1
6133 1
6185 1
6205 1
6437 1
6553 1
6581 1
6613 1
6813 1
6925 1
6989 1
7045 1
7093 1
7105 1
7501 1
7585 1
7685 1
7901 1
8161 1
8857 1
8865 1
8917 1
9005 1
9613 1
9733 1
9829 1
12553 1
12805 1
13169 1
15109 1
17729 1
19125 1
41245 1
44461 1
63197 1
65537 1
65761 1
