N J h mean_R_sq err_mean_R_sq mean_R_gyr_sq err_mean_R_gyr_sq 
2916 1.371 0 9916.68 1202 1833.7 147.915
17 1
25 1
29 2
37 1
41 1
61 1
85 1
89 3
101 1
109 2
117 1
125 1
145 1
157 1
169 1
173 1
181 1
185 1
205 1
221 1
245 1
257 2
261 1
265 2
269 1
281 1
289 1
293 1
305 2
313 1
325 1
333 2
337 1
353 1
365 2
389 1
397 1
401 1
405 1
409 1
421 1
425 1
445 4
457 1
461 1
477 1
481 2
485 2
505 2
509 1
533 1
557 1
569 1
577 1
585 1
605 1
617 1
629 1
641 1
653 1
661 3
673 1
689 7
709 1
725 1
733 1
745 1
765 1
769 1
785 1
793 2
801 3
809 1
829 1
833 1
845 1
857 1
865 1
873 1
877 1
881 1
901 2
905 3
909 1
929 1
941 1
949 2
953 2
965 3
977 1
985 2
1009 3
1017 2
1021 2
1025 3
1033 1
1037 1
1053 2
1061 1
1073 2
1089 1
1093 2
1105 4
1129 1
1153 1
1157 1
1165 4
1181 2
1189 3
1193 1
1201 2
1205 4
1213 1
1217 1
1225 1
1229 1
1241 1
1249 2
1289 2
1301 1
1305 1
1325 2
1345 1
1369 1
1373 1
1377 1
1385 1
1405 2
1417 3
1429 1
1445 1
1453 1
1465 3
1481 1
1517 1
1525 1
1537 2
1549 1
1557 1
1565 1
1573 2
1585 1
1601 1
1621 1
1625 4
1637 1
1649 2
1657 1
1665 2
1681 1
1685 1
1693 1
1697 2
1709 1
1721 1
1737 2
1741 1
1745 2
1765 2
1769 1
1801 1
1805 1
1813 1
1825 2
1845 1
1861 2
1885 6
1921 2
1937 2
1945 3
1985 3
1989 2
1993 1
2017 1
2041 4
2045 1
2061 1
2081 1
2089 1
2097 1
2105 2
2113 2
2117 3
2125 5
2141 4
2169 1
2205 2
2213 1
2221 1
2225 2
2245 2
2249 1
2257 2
2285 1
2305 2
2309 1
2329 3
2341 1
2353 2
2381 1
2389 1
2401 1
2405 4
2421 1
2425 1
2465 1
2493 1
2501 1
2509 1
2521 1
2525 5
2529 1
2533 1
2545 3
2557 1
2597 1
2605 3
2609 2
2637 1
2657 2
2665 2
2669 1
2701 1
2725 1
2729 1
2745 3
2749 2
2785 3
2789 1
2797 1
2801 1
2809 1
2813 2
2833 1
2837 1
2845 3
2873 1
2885 1
2909 2
2925 2
2957 1
2965 1
2969 1
2993 1
3005 1
3033 1
3037 2
3041 2
3065 1
3077 3
3085 3
3125 2
3141 1
3185 1
3221 3
3229 1
3265 1
3285 4
3293 2
3301 2
3305 3
3313 1
3329 2
3349 2
3365 2
3373 1
3385 1
3393 2
3425 2
3445 4
3449 2
3461 1
3485 1
3497 1
3501 1
3505 1
3509 1
3517 2
3529 2
3581 1
3593 1
3601 4
3613 1
3625 1
3637 1
3645 1
3653 2
3665 1
3673 1
3677 2
3701 1
3709 1
3721 1
3737 2
3757 2
3761 2
3769 1
3793 1
3797 3
3809 1
3825 1
3833 1
3845 2
3865 2
3869 1
3877 4
3881 2
3893 3
3925 1
3965 1
3969 1
3973 2
3977 1
3985 2
3989 1
4005 1
4013 1
4041 1
4045 1
4049 1
4073 2
4097 1
4113 1
4121 1
4141 2
4145 1
4157 1
4165 1
4201 1
4205 2
4225 3
4229 1
4285 1
4293 1
4321 1
4357 3
4365 1
4373 1
4381 2
4385 2
4421 2
4437 1
4457 1
4505 2
4513 1
4537 1
4545 1
4553 2
4625 2
4633 1
4645 3
4649 1
4657 1
4673 1
4705 1
4717 2
4721 1
4733 1
4777 1
4789 1
4793 1
4801 1
4813 2
4825 4
4849 1
4861 3
4869 1
4877 2
4885 1
4901 1
4905 1
4909 1
4925 4
4981 1
4985 1
5009 1
5017 2
5021 3
5057 1
5065 2
5069 1
5105 2
5121 2
5125 4
5141 1
5185 1
5209 1
5213 1
5245 1
5249 1
5273 3
5297 1
5305 2
5317 3
5321 1
5345 2
5353 1
5365 2
5381 1
5393 1
5413 1
5417 1
5429 1
5445 2
5465 1
5473 2
5513 1
5525 2
5537 1
5545 1
5569 1
5581 2
5585 1
5597 2
5617 3
5625 1
5629 1
5645 2
5657 1
5661 2
5713 3
5725 3
5729 1
5765 1
5785 3
5809 1
5813 1
5821 1
5913 2
5933 2
5945 2
5965 1
5989 1
6001 2
6025 2
6037 1
6057 1
6065 2
6085 1
6089 1
6093 1
6101 1
6109 1
6121 2
6125 1
6161 2
6185 1
6201 1
6205 1
6221 1
6241 1
6253 2
6273 1
6309 2
6341 1
6361 1
6409 2
6437 1
6449 1
6473 2
6485 1
6497 1
6525 2
6605 1
6625 1
6649 1
6673 2
6697 1
6701 1
6705 1
6709 2
6713 1
6725 3
6737 3
6757 2
6773 1
6781 1
6793 1
6805 2
6813 2
6833 1
6845 1
6893 2
6905 1
6925 1
6957 1
6989 1
7025 1
7033 1
7085 1
7121 1
7137 1
7141 3
7145 2
7157 2
7165 3
7173 1
7209 1
7213 1
7225 2
7265 2
7281 1
7297 2
7301 1
7325 3
7345 2
7361 2
7373 1
7397 1
7421 1
7453 1
7461 1
7465 1
7489 1
7537 2
7565 1
7573 1
7585 2
7589 1
7605 1
7625 2
7633 2
7673 1
7693 1
7709 1
7741 1
7745 1
7757 2
7769 2
7789 1
7801 2
7813 1
7841 1
7893 1
7921 1
7925 2
7937 1
7957 1
8021 1
8033 2
8045 1
8065 1
8077 1
8081 1
8101 2
8105 1
8117 2
8125 4
8145 3
8181 1
8185 1
8233 1
8237 2
8245 3
8281 1
8297 1
8317 1
8333 1
8377 1
8381 2
8465 3
8469 1
8473 1
8485 1
8501 1
8545 1
8585 2
8593 1
8597 1
8621 2
8629 1
8641 1
8653 1
8665 2
8669 2
8677 1
8685 1
8689 1
8725 3
8737 1
8801 2
8825 2
8849 1
8869 1
8885 4
8893 1
8905 1
8917 2
8945 2
8957 2
8989 1
9005 1
9041 1
9061 1
9125 1
9133 1
9161 1
9169 1
9189 1
9193 2
9197 1
9209 1
9265 2
9305 1
9325 1
9337 1
9365 2
9385 1
9389 1
9413 1
9421 1
9425 4
9469 1
9477 1
9505 2
9509 2
9533 1
9549 1
9565 1
9601 1
9605 3
9621 1
9649 1
9657 1
9673 1
9701 3
9725 1
9805 2
9841 1
9865 1
9881 1
9893 1
9925 1
9945 1
9965 1
9997 1
10001 1
10009 1
10037 2
10049 2
10125 1
10169 1
10177 1
10249 1
10253 2
10305 1
10309 1
10345 2
10377 1
10405 2
10413 1
10421 1
10429 1
10441 2
10445 1
10477 1
10525 2
10537 1
10573 1
10585 2
10625 1
10685 1
10693 1
10737 1
10817 1
10861 1
10897 1
10937 1
10957 1
10985 2
11009 1
11025 1
11029 1
11045 1
11061 1
11101 2
11105 1
11125 1
11133 1
11161 1
11173 2
11185 1
11213 1
11237 1
11257 1
11261 1
11281 1
11345 2
11349 1
11365 2
11393 1
11405 2
11425 2
11441 1
11461 2
11489 1
11525 2
11545 1
11565 2
11645 1
11689 1
11705 2
11709 1
11729 3
11745 1
11765 1
11813 1
11817 2
11833 1
11849 2
11881 3
11917 1
11933 1
11941 2
11945 1
11953 1
11965 1
11981 1
12013 2
12017 1
12025 1
12041 1
12109 1
12113 1
12125 1
12137 3
12149 1
12193 1
12233 2
12241 1
12289 1
12301 1
12317 1
12329 1
12365 2
12409 1
12421 1
12429 1
12433 1
12461 1
12469 1
12493 1
12497 1
12505 2
12545 1
12557 1
12577 1
12589 1
12605 1
12645 1
12665 1
12725 3
12745 1
12753 1
12773 1
12785 1
12805 1
12821 1
12889 1
12905 1
12941 2
12953 1
12997 2
13005 1
13025 2
13033 1
13061 1
13073 2
13085 1
13117 1
13169 2
13177 1
13185 1
13217 1
13261 1
13273 1
13325 1
13337 1
13369 1
13445 1
13465 1
13525 2
13537 1
13549 1
13553 1
13565 1
13577 1
13625 2
13637 2
13653 1
13789 1
13829 1
13837 1
13873 2
13885 2
13925 2
13945 2
13957 1
14045 1
14065 1
14125 1
14161 2
14165 1
14209 1
14249 1
14261 1
14285 1
14297 1
14341 1
14437 2
14485 1
14501 1
14521 1
14537 1
14569 1
14585 1
14593 1
14625 1
14653 1
14705 2
14713 1
14733 1
14761 1
14765 2
14837 1
14885 1
14933 1
14965 3
14977 1
15025 1
15049 1
15061 1
15129 1
15145 3
15165 1
15241 1
15245 1
15293 1
15305 1
15317 2
15457 1
15461 1
15493 1
15509 1
15597 1
15601 1
15625 1
15629 2
15677 1
15725 4
15777 1
15821 1
15857 1
15921 1
15929 1
15957 1
16001 1
16081 1
16101 1
16133 1
16145 1
16209 1
16229 1
16237 2
16241 1
16245 1
16277 1
16325 1
16369 1
16405 1
16409 3
16425 1
16465 1
16501 1
16505 1
16525 3
16589 1
16645 1
16673 1
16677 1
16745 3
16749 1
16801 1
16825 1
16865 1
16945 1
16965 1
17033 1
17125 1
17161 1
17173 1
17189 1
17197 1
17217 1
17289 1
17293 1
17321 1
17341 1
17357 1
17425 1
17473 1
17477 1
17525 1
17693 1
17705 1
17725 1
17741 1
17797 3
17849 1
17865 1
17905 2
17965 1
18041 1
18045 1
18077 1
18085 1
18125 1
18181 1
18185 1
18245 1
18261 1
18281 2
18385 1
18457 1
18545 1
18605 1
18625 1
18721 1
18729 1
18737 1
18757 1
18785 1
18833 1
18857 2
18937 1
18965 1
18973 1
18985 1
19053 1
19193 1
19233 1
19249 1
19277 1
19325 1
19465 1
19585 1
19633 1
19697 1
19721 1
19801 1
19865 1
19885 1
19913 1
19945 1
19949 1
20065 1
20213 1
20221 3
20285 2
20313 1
20345 1
20457 1
20605 1
20665 1
20689 1
20737 1
20749 1
20969 1
21005 1
21025 1
21053 1
21101 1
21221 1
21281 1
21289 1
21349 2
21437 1
21677 1
21789 1
21901 1
22105 1
22117 1
22205 1
22217 1
22301 1
22345 3
22349 1
22405 1
22509 1
22565 1
22637 1
22681 1
22725 1
22837 1
23129 1
23141 1
23197 1
23225 1
23329 1
23373 1
23465 1
23581 1
23605 1
23733 1
23945 2
24125 1
24197 1
24237 1
24461 1
24505 1
24565 1
24601 1
24625 1
24649 1
24665 1
24797 1
24845 1
25013 1
25065 1
25177 1
25349 1
25425 1
25713 1
25777 1
25873 1
25925 1
26329 1
26365 1
26377 1
26525 1
26545 1
26825 1
26937 1
26945 1
27225 1
27257 1
27297 1
27369 1
27421 1
27521 1
27565 1
27625 1
27733 1
27793 1
27829 1
27881 1
28249 2
28625 1
28645 1
28757 1
29057 1
29185 1
29321 1
29405 1
29569 1
29597 2
29665 1
29717 1
29753 1
29801 1
29957 1
30005 1
30397 1
30589 1
30925 1
31085 1
31145 1
32005 1
32045 1
32105 1
32521 1
33065 1
33569 1
34173 1
34313 1
35377 2
36661 1
37873 1
38025 1
38601 1
40293 1
41225 1
41533 1
42353 1
42437 1
45125 1
50609 1
53833 1
56641 1
218089 1
231125 1
251633 1
263205 1
307261 1
