N J h mean_R_sq err_mean_R_sq mean_R_gyr_sq err_mean_R_gyr_sq 
900 1.505 0 639.612 7.83524 201.425 0.464576
1 6
5 31
9 16
13 26
17 40
25 54
29 36
37 33
41 41
45 39
49 19
53 34
61 44
65 63
73 34
81 20
85 68
89 31
97 42
101 46
109 44
113 43
117 41
121 15
125 87
137 37
145 64
149 34
153 44
157 43
169 53
173 35
181 44
185 66
193 38
197 34
205 78
221 67
225 58
229 42
233 35
241 46
245 44
257 30
261 38
265 82
269 40
277 36
281 34
289 48
293 34
305 69
313 27
317 31
325 91
333 25
337 35
349 30
353 26
361 13
365 59
369 26
373 34
377 52
389 28
397 35
401 23
405 20
409 31
421 20
425 117
433 34
441 15
445 50
449 29
457 23
461 23
477 25
481 49
485 60
493 57
505 54
509 23
521 11
529 11
533 41
541 20
545 38
549 30
557 18
565 41
569 17
577 22
585 40
593 30
601 16
605 21
613 15
617 21
625 42
629 41
637 17
641 24
653 21
657 13
661 16
673 22
677 20
685 33
689 42
697 33
701 13
709 23
725 56
729 12
733 17
745 30
757 13
761 23
765 36
769 20
773 19
785 29
793 28
797 25
801 17
809 11
821 18
829 15
833 18
841 15
845 45
853 10
857 13
865 37
873 15
877 19
881 18
901 33
905 27
909 14
925 40
929 10
937 12
941 14
949 24
953 15
961 8
965 21
977 14
981 9
985 27
997 15
1009 11
1013 12
1017 11
1021 10
1025 28
1033 14
1037 33
1049 8
1053 7
1061 15
1069 10
1073 15
1089 4
1093 14
1097 11
1105 37
1109 14
1117 12
1125 18
1129 12
1145 16
1153 5
1157 20
1165 10
1181 10
1189 20
1193 11
1201 10
1205 20
1213 6
1217 13
1225 13
1229 10
1233 5
1237 9
1241 15
1249 3
1261 17
1277 6
1285 18
1289 6
1297 8
1301 6
1305 16
1313 18
1321 6
1325 21
1341 8
1345 19
1361 5
1369 8
1373 2
1377 2
1381 16
1385 17
1405 8
1409 9
1413 7
1417 7
1421 8
1429 7
1433 3
1445 22
1453 7
1465 13
1469 7
1481 3
1489 5
1493 5
1513 13
1517 12
1521 11
1525 11
1537 4
1549 2
1553 9
1557 5
1565 13
1573 1
1585 2
1597 4
1601 2
1609 3
1613 4
1621 4
1625 11
1629 1
1637 3
1649 9
1665 10
1669 3
1681 6
1685 4
1693 4
1697 6
1709 6
1717 5
1721 5
1733 5
1737 2
1741 8
1745 8
1753 2
1765 4
1769 1
1773 3
1777 1
1781 3
1789 4
1801 2
1805 3
1813 4
1825 10
1845 6
1853 3
1861 1
1865 5
1873 4
1877 1
1885 10
1889 4
1901 1
1913 1
1921 3
1933 3
1937 8
1945 5
1949 4
1961 4
1973 1
1985 3
1989 2
1993 5
1997 1
2009 1
2017 3
2025 5
2041 5
2045 2
2053 2
2057 1
2061 3
2069 3
2081 1
2097 2
2105 4
2113 3
2117 3
2125 2
2129 2
2137 3
2141 1
2153 3
2161 2
2165 4
2169 2
2173 2
2197 3
2205 3
2213 1
2221 3
2225 4
2249 3
2257 1
2281 1
2285 2
2297 2
2305 2
2313 2
2329 2
2333 1
2341 2
2353 1
2381 2
2389 2
2393 1
2401 1
2405 4
2417 1
2421 1
2425 5
2465 3
2473 2
2477 1
2501 2
2509 3
2521 1
2525 2
2529 1
2533 1
2545 2
2549 1
2557 1
2561 1
2581 3
2593 1
2605 2
2637 1
2645 2
2657 1
2665 3
2669 1
2689 1
2701 2
2725 3
2741 1
2745 2
2749 3
2789 1
2801 1
2825 2
2833 1
2837 1
2853 1
2861 1
2873 1
2885 1
2897 1
2925 1
3005 1
3029 1
3033 1
3065 1
3085 2
3089 2
3125 4
3141 1
3265 1
3277 1
3301 1
3305 1
3341 1
3357 1
3393 1
3541 1
3581 1
3589 1
3625 1
3649 1
3653 1
3665 1
3977 2
4069 1
4145 1
4181 1
4261 1
5353 1
5381 1
6109 1
