N J h mean_R_sq err_mean_R_sq mean_R_gyr_sq err_mean_R_gyr_sq 
900 1.405 0 1596.92 71.364 333.976 6.22637
13 4
25 3
37 1
45 3
53 1
61 1
65 3
73 3
81 1
85 2
89 1
97 2
101 2
109 1
113 2
117 1
125 3
145 5
157 4
169 2
173 1
181 1
185 2
193 5
197 2
205 4
221 1
225 3
229 1
233 2
245 1
257 1
261 1
265 2
269 3
277 1
281 1
289 5
293 1
305 2
313 2
325 3
333 1
365 4
369 2
373 1
377 2
389 1
397 2
405 1
409 1
421 1
425 2
433 1
441 1
445 1
449 2
457 2
481 3
485 4
493 4
505 3
509 3
521 1
529 2
533 1
541 1
545 2
549 1
557 1
565 2
569 2
585 3
613 2
617 1
625 5
629 2
637 1
641 1
657 3
661 1
677 3
689 2
697 1
709 1
725 9
733 1
745 2
757 1
761 2
769 1
773 1
785 2
793 2
797 1
821 3
829 1
841 2
845 2
853 1
865 1
881 1
901 1
909 1
925 5
937 3
941 3
949 2
953 1
961 1
965 2
977 2
997 1
1013 1
1017 1
1021 1
1025 6
1037 1
1061 3
1073 2
1093 1
1105 5
1109 2
1125 1
1129 2
1153 2
1157 1
1165 4
1189 4
1193 1
1201 3
1205 2
1229 2
1233 1
1241 2
1249 2
1261 1
1285 1
1289 1
1297 1
1313 1
1321 1
1341 1
1345 1
1373 2
1377 2
1381 1
1385 1
1405 1
1413 1
1465 2
1469 1
1481 2
1493 1
1513 1
1517 2
1525 5
1537 2
1549 4
1553 1
1557 1
1585 1
1609 1
1625 2
1629 2
1649 1
1657 1
1665 1
1681 2
1685 1
1693 1
1697 2
1721 3
1765 1
1769 2
1773 1
1777 1
1789 2
1801 1
1825 2
1845 1
1849 1
1853 2
1861 1
1885 5
1901 1
1945 2
1961 1
1973 2
1985 1
2017 1
2045 1
2057 1
2105 1
2113 1
2125 3
2169 2
2173 1
2197 2
2205 1
2237 1
2245 3
2249 2
2281 1
2285 1
2297 1
2305 1
2309 1
2313 1
2333 1
2381 1
2405 2
2417 2
2421 1
2425 1
2473 1
2477 1
2509 1
2525 1
2529 1
2557 2
2561 1
2581 1
2605 1
2637 2
2657 4
2669 1
2741 1
2813 1
2825 4
2837 2
2853 1
2885 3
2917 1
2957 1
2993 1
3037 1
3065 1
3085 1
3109 1
3137 1
3145 1
3205 1
3221 1
3265 1
3277 1
3281 1
3313 1
3321 1
3425 1
3433 1
3505 1
3509 1
3533 1
3577 1
3589 1
3613 1
3625 1
3649 1
3673 1
3721 1
3785 1
3809 2
3865 1
3869 1
3889 1
3925 1
3965 1
4005 1
4105 1
4149 1
4177 1
4201 1
4329 1
4397 1
4469 1
4493 1
4505 1
4525 2
4553 1
4625 1
4745 1
4753 1
4765 1
4813 1
4901 1
4913 1
5197 1
5381 1
5485 1
5525 1
5537 1
5653 1
5661 1
5733 1
5929 1
5993 1
6205 1
6445 1
6673 1
6865 1
6885 1
6905 1
7109 1
7129 1
8021 1
8941 1
9365 1
