N J h mean_R_sq err_mean_R_sq mean_R_gyr_sq err_mean_R_gyr_sq 
2500 1.335 0 16697.9 402.336 2626.04 37.8133
0 34
1 69
2 62
3 62
4 62
5 69
6 74
7 73
8 76
9 63
10 64
11 56
12 67
13 66
14 63
15 51
16 67
17 63
18 71
19 78
20 61
21 64
22 71
23 61
24 54
25 64
26 68
27 51
28 65
29 86
30 71
31 57
32 63
33 62
34 70
35 77
36 79
37 62
38 69
39 61
40 64
41 67
42 49
43 71
44 60
45 58
46 79
47 61
48 75
49 58
50 72
51 59
52 65
53 66
54 63
55 66
56 58
57 70
58 62
59 51
60 75
61 66
62 78
63 65
64 71
65 59
66 74
67 55
68 60
69 55
70 58
71 54
72 64
73 60
74 54
75 50
76 57
77 62
78 67
79 68
80 61
81 73
82 52
83 54
84 59
85 62
86 57
87 68
88 49
89 61
90 47
91 64
92 47
93 57
94 48
95 71
96 46
97 44
98 62
99 38
100 49
101 46
102 57
103 54
104 33
105 53
106 45
107 43
108 41
109 37
110 44
111 60
112 32
113 49
114 53
115 39
116 39
117 36
118 49
119 38
120 33
121 37
122 39
123 41
124 34
125 41
126 39
127 32
128 31
129 29
130 26
131 44
132 35
133 30
134 40
135 19
136 24
137 32
138 26
139 25
140 21
141 29
142 15
143 27
144 15
145 26
146 26
147 26
148 31
149 24
150 19
151 21
152 26
153 27
154 17
155 24
156 29
157 24
158 24
159 18
160 14
161 17
162 20
163 16
164 19
165 14
166 22
167 19
168 15
169 13
170 17
171 14
172 10
173 11
174 6
175 11
176 8
177 10
178 15
179 6
180 15
181 9
182 7
183 9
184 7
185 5
186 12
187 8
188 13
189 4
190 12
191 7
192 11
193 4
194 13
195 12
196 4
197 15
198 10
199 9
200 9
201 3
202 4
203 4
204 5
205 5
206 3
207 5
208 9
209 6
210 3
211 3
212 2
213 2
214 4
215 4
216 7
217 4
219 4
220 1
221 4
222 4
223 2
224 1
225 2
226 2
227 3
228 2
229 6
230 3
231 1
232 1
233 1
235 3
237 1
238 1
240 1
241 1
242 1
243 1
244 1
245 2
246 2
247 1
249 1
250 1
253 1
254 2
255 3
257 2
258 3
259 2
260 1
261 1
272 1
281 1
282 1
283 1
287 1
300 1
306 1
308 1
411 1
484 1
