N J h mean_R_sq err_mean_R_sq mean_R_gyr_sq err_mean_R_gyr_sq 
900 1.425 0 1163.62 20.2945 278.239 1.67543
0 115
1 207
2 179
3 210
4 196
5 190
6 208
7 197
8 187
9 184
10 177
11 207
12 181
13 167
14 168
15 152
16 167
17 165
18 143
19 148
20 166
21 143
22 154
23 152
24 138
25 103
26 132
27 116
28 109
29 96
30 101
31 92
32 91
33 77
34 73
35 76
36 73
37 61
38 63
39 51
40 53
41 45
42 42
43 54
44 36
45 37
46 25
47 28
48 23
49 19
50 20
51 19
52 16
53 20
54 10
55 13
56 2
57 9
58 10
59 10
60 7
61 13
62 10
63 10
64 2
65 1
66 2
67 1
68 6
69 5
70 7
71 3
72 5
73 4
74 2
77 2
78 1
79 1
82 3
84 2
85 3
93 1
99 1
100 1
