N J h mean_R_sq err_mean_R_sq mean_R_gyr_sq err_mean_R_gyr_sq 
3600 1.42 0 4366.72 1148.12 1122.52 159.878
0 28
1 60
2 55
3 60
4 73
5 55
6 65
7 56
8 74
9 59
10 52
11 64
12 54
13 61
14 49
15 64
16 74
17 65
18 60
19 61
20 65
21 56
22 64
23 50
24 44
25 65
26 64
27 49
28 43
29 51
30 41
31 51
32 42
33 43
34 45
35 43
36 41
37 42
38 45
39 42
40 44
41 29
42 44
43 38
44 45
45 39
46 46
47 37
48 29
49 39
50 35
51 31
52 35
53 29
54 26
55 23
56 13
57 26
58 31
59 26
60 26
61 21
62 13
63 14
64 24
65 27
66 21
67 21
68 21
69 13
70 14
71 7
72 13
73 17
74 13
75 6
76 4
77 14
78 11
79 6
80 12
81 5
82 11
83 7
84 12
85 6
86 4
87 1
88 4
89 9
90 2
91 8
92 3
93 5
94 4
95 4
96 1
97 9
98 2
99 5
100 4
101 1
102 1
103 2
104 3
105 1
106 4
107 2
109 1
111 1
114 1
115 1
117 1
119 1
120 2
121 1
122 1
123 1
124 1
125 1
126 1
131 1
162 1
501 1
799 1
827 1
994 1
1058 1
