N J h mean_R_sq err_mean_R_sq mean_R_gyr_sq err_mean_R_gyr_sq 
1225 1.32 0 8187.41 440.964 1218.47 43.1818
0 3
1 5
2 4
3 2
4 3
5 5
6 4
7 6
8 2
9 1
10 5
11 7
12 3
13 1
14 3
15 6
16 2
17 1
18 2
19 4
20 2
21 2
22 1
23 1
24 4
25 5
26 2
27 2
28 3
30 4
31 1
32 3
33 3
34 5
35 4
36 1
37 4
39 1
40 1
41 3
42 6
43 4
44 4
45 5
46 6
47 4
48 3
49 2
50 4
51 6
52 2
53 3
55 1
56 1
57 2
58 2
59 3
60 2
62 5
63 3
64 5
65 2
66 2
67 1
68 2
69 2
71 2
73 2
74 1
75 3
76 2
77 1
78 2
79 3
80 2
81 3
82 1
84 3
85 4
87 2
88 2
89 4
90 3
91 1
92 1
93 1
94 3
95 2
96 2
97 2
98 2
100 2
101 1
102 1
103 2
104 3
105 3
106 2
108 1
109 1
110 1
113 2
114 1
115 1
116 2
118 1
120 1
121 1
124 2
126 2
127 1
128 1
129 1
135 1
140 1
146 1
148 1
149 1
153 1
164 2
176 1
