N J h mean_R_sq err_mean_R_sq mean_R_gyr_sq err_mean_R_gyr_sq 
1225 1.485 0 880.853 13.5297 280.297 2.05949
0 102
1 209
2 179
3 213
4 190
5 214
6 207
7 203
8 225
9 219
10 202
11 218
12 220
13 194
14 199
15 155
16 171
17 163
18 170
19 154
20 146
21 152
22 147
23 143
24 118
25 105
26 119
27 112
28 96
29 99
30 80
31 89
32 66
33 66
34 74
35 60
36 44
37 63
38 51
39 44
40 36
41 37
42 33
43 22
44 23
45 33
46 18
47 16
48 11
49 10
50 11
51 11
52 12
53 8
54 4
55 3
56 2
57 4
58 4
59 2
60 3
61 2
62 2
63 2
64 2
66 1
67 1
68 1
69 1
70 1
138 1
179 1
