N J h mean_R_sq err_mean_R_sq mean_R_gyr_sq err_mean_R_gyr_sq 
4900 1.33 0 107585 61142 15302.7 7933.09
1 1
2 1
6 1
7 1
9 3
10 1
11 1
13 1
15 3
16 2
18 1
20 1
21 3
25 4
26 1
27 1
29 1
32 3
35 1
36 1
37 1
38 1
39 2
40 1
41 2
42 1
43 2
44 2
45 2
46 1
47 2
48 1
49 3
50 2
52 1
53 2
54 2
55 2
56 1
58 2
59 1
62 1
65 1
66 1
68 2
69 1
72 3
73 3
74 1
77 2
78 1
82 1
83 2
85 2
86 1
87 2
88 2
89 1
90 2
91 3
94 1
96 5
97 1
98 1
99 1
100 1
101 2
102 1
104 3
105 3
106 2
107 1
108 1
109 1
110 2
112 1
113 2
114 2
115 1
117 2
118 2
119 4
121 1
122 1
124 1
125 1
126 2
128 1
130 3
134 1
135 1
136 4
137 2
139 1
140 1
141 2
145 2
146 1
147 1
148 1
150 1
151 1
152 3
153 1
154 2
155 1
156 3
157 2
158 1
159 1
161 2
162 1
163 2
164 4
168 1
170 2
171 2
172 2
173 1
176 1
177 2
179 1
180 1
182 1
184 1
185 1
186 1
187 2
188 3
189 3
190 3
192 1
193 2
194 1
195 1
197 1
198 1
199 1
200 2
201 1
203 2
204 4
210 1
213 1
218 1
219 1
220 1
221 1
223 1
225 4
227 2
228 1
229 1
232 1
233 2
234 1
242 1
251 1
252 1
253 3
259 1
262 1
274 1
275 1
279 1
285 1
287 1
293 1
300 1
304 1
316 1
326 2
338 1
346 1
403 1
418 1
526 1
547 1
566 1
573 1
618 1
629 1
664 1
694 1
747 1
793 1
875 1
985 1
1055 1
1062 1
1097 1
1099 1
1117 1
1134 1
1216 1
1242 1
1269 1
1365 1
