N J h mean_R_sq err_mean_R_sq mean_R_gyr_sq err_mean_R_gyr_sq 
3600 1.45 0 2976.43 509.526 883.635 60.1596
0 27
1 44
2 44
3 46
4 46
5 57
6 49
7 57
8 48
9 46
10 50
11 46
12 52
13 72
14 44
15 44
16 51
17 41
18 52
19 62
20 65
21 58
22 46
23 45
24 56
25 47
26 55
27 40
28 51
29 44
30 49
31 44
32 43
33 45
34 33
35 40
36 32
37 38
38 40
39 39
40 24
41 31
42 25
43 33
44 33
45 28
46 30
47 28
48 17
49 27
50 28
51 20
52 24
53 27
54 18
55 20
56 14
57 18
58 17
59 18
60 22
61 9
62 7
63 16
64 18
65 11
66 11
67 10
68 11
69 5
70 12
71 13
72 6
73 6
74 6
75 6
76 8
77 6
78 3
79 3
80 8
81 6
82 2
83 2
84 1
85 2
86 4
87 1
88 2
90 2
91 1
93 2
94 2
98 1
99 2
101 1
105 1
498 1
1035 1
