N J h mean_R_sq err_mean_R_sq mean_R_gyr_sq err_mean_R_gyr_sq 
3600 1.4 0 5040.93 556.139 1242.72 68.0458
0 23
1 42
2 43
3 51
4 53
5 60
6 53
7 60
8 57
9 50
10 60
11 57
12 53
13 55
14 65
15 38
16 38
17 56
18 55
19 52
20 45
21 58
22 46
23 54
24 46
25 45
26 40
27 52
28 57
29 48
30 46
31 49
32 39
33 31
34 45
35 46
36 51
37 36
38 40
39 46
40 41
41 39
42 38
43 45
44 42
45 30
46 40
47 34
48 33
49 40
50 32
51 33
52 29
53 24
54 37
55 28
56 19
57 31
58 24
59 33
60 26
61 24
62 33
63 32
64 24
65 21
66 22
67 31
68 19
69 13
70 21
71 20
72 18
73 17
74 9
75 20
76 11
77 14
78 12
79 15
80 15
81 15
82 10
83 9
84 7
85 11
86 8
87 13
88 13
89 11
90 6
91 9
92 13
93 7
94 4
95 6
96 2
97 9
98 8
99 8
100 5
101 8
102 4
103 4
104 3
105 4
106 5
107 3
108 3
109 3
110 2
111 3
112 3
113 3
114 4
115 4
116 2
117 3
118 3
119 6
121 4
123 4
125 1
127 1
128 1
130 2
137 1
138 1
139 1
140 2
141 1
142 1
150 1
174 1
668 1
673 1
737 1
