N J h mean_R_sq err_mean_R_sq mean_R_gyr_sq err_mean_R_gyr_sq 
2500 1.501 0 1433.38 23.0306 511.639 1.70263
0 35
1 63
2 73
3 68
4 70
5 75
6 57
7 65
8 65
9 70
10 76
11 68
12 69
13 78
14 72
15 74
16 77
17 68
18 51
19 75
20 69
21 71
22 59
23 58
24 55
25 47
26 51
27 47
28 57
29 57
30 43
31 48
32 48
33 39
34 37
35 36
36 37
37 28
38 41
39 31
40 39
41 30
42 32
43 38
44 22
45 31
46 21
47 20
48 13
49 19
50 15
51 15
52 8
53 9
54 8
55 10
56 12
57 7
58 7
59 4
60 3
61 2
62 3
63 3
64 3
65 1
67 1
68 5
69 3
71 1
72 1
73 1
76 1
79 1
80 1
90 1
