N J h mean_R_sq err_mean_R_sq mean_R_gyr_sq err_mean_R_gyr_sq 
4900 1.38 0 77401.8 53739.7 13536.5 8863.59
0 3
1 8
2 15
3 7
4 10
5 6
6 13
7 6
8 15
9 5
10 7
11 8
12 16
13 8
14 4
15 10
16 9
17 14
18 13
19 8
20 5
21 13
22 10
23 13
24 8
25 7
26 5
27 7
28 6
29 5
30 11
31 7
32 5
33 11
34 8
35 6
36 8
37 8
38 12
39 6
40 11
41 7
42 8
43 4
44 10
45 10
46 9
47 5
48 6
49 5
50 1
51 12
52 9
53 14
54 4
55 8
56 8
57 6
58 9
59 6
60 6
61 4
62 1
63 11
64 7
65 8
66 10
67 7
68 6
69 8
70 7
71 7
72 10
73 5
74 4
75 3
76 7
77 7
78 5
79 8
80 2
81 4
82 2
83 7
84 4
85 6
86 7
87 6
88 1
89 6
90 5
91 1
92 4
93 3
94 3
95 7
96 4
97 4
98 3
99 5
100 3
101 4
102 3
103 5
104 2
105 6
106 4
107 5
108 2
110 3
111 5
112 3
113 7
114 3
115 1
116 1
117 1
118 1
119 3
120 3
121 1
122 2
123 4
124 1
126 2
127 1
128 2
129 3
130 2
131 3
132 2
134 3
135 2
136 3
137 2
138 3
139 2
140 1
142 2
143 1
144 2
145 2
146 2
148 3
150 2
151 3
154 2
157 3
159 1
162 1
163 1
169 1
172 1
173 2
177 1
180 2
181 1
183 1
187 2
188 1
190 1
193 1
194 1
196 2
198 1
199 1
201 3
202 1
203 2
204 1
205 1
207 1
212 3
213 1
216 1
217 1
218 1
220 1
223 1
227 1
228 1
230 2
234 1
238 3
239 1
243 2
252 1
257 1
263 1
264 1
265 1
268 1
272 1
275 1
276 1
279 1
281 1
286 2
296 1
297 1
302 2
305 1
310 1
311 1
313 1
314 1
317 1
319 1
321 1
322 2
325 1
327 1
329 2
348 1
349 1
350 1
352 2
353 1
354 1
357 1
358 2
359 1
360 1
374 1
375 1
377 1
378 2
386 1
392 2
397 1
400 1
403 1
404 1
408 1
412 1
413 1
419 2
426 2
427 2
428 1
447 1
452 1
454 1
456 1
471 1
492 1
500 1
516 1
523 1
530 1
533 1
534 1
535 1
536 1
539 1
541 1
545 1
551 1
552 2
555 1
556 2
557 1
558 1
559 1
562 1
563 1
564 1
566 1
567 2
571 1
576 1
577 2
578 1
590 2
592 2
593 2
594 2
598 1
599 1
601 3
602 2
603 2
608 1
613 1
615 1
620 1
621 1
622 3
623 2
627 1
628 1
633 1
639 1
641 1
642 1
644 2
645 1
646 1
648 1
650 1
651 1
654 1
655 1
656 2
659 3
660 1
662 1
666 3
670 1
674 1
680 1
681 1
684 3
685 4
687 1
689 1
693 1
696 2
697 1
701 2
702 1
703 1
705 1
707 1
714 2
716 1
718 1
719 1
726 1
728 2
742 1
743 1
751 1
752 1
765 1
770 1
771 1
784 1
789 1
793 1
798 3
799 1
849 1
859 1
869 1
881 1
914 1
923 1
967 1
1152 1
1285 1
1433 1
