N J h mean_R_sq err_mean_R_sq mean_R_gyr_sq err_mean_R_gyr_sq 
1225 1.505 0 786.335 9.12153 264.156 0.516989
0 113
1 192
2 223
3 194
4 243
5 215
6 229
7 193
8 232
9 207
10 185
11 209
12 203
13 187
14 203
15 185
16 199
17 194
18 172
19 147
20 158
21 158
22 140
23 144
24 123
25 132
26 124
27 119
28 102
29 95
30 80
31 68
32 72
33 71
34 54
35 57
36 47
37 51
38 37
39 28
40 30
41 21
42 25
43 23
44 23
45 12
46 10
47 10
48 7
49 9
50 6
51 3
52 4
53 3
54 3
55 6
56 3
57 4
58 3
59 2
61 1
62 2
63 1
68 1
70 1
73 1
