N J h mean_R_sq err_mean_R_sq mean_R_gyr_sq err_mean_R_gyr_sq 
2916 1.426 0 2580.35 81.2883 769.757 7.96831
0 50
1 84
2 91
3 84
4 93
5 95
6 101
7 92
8 78
9 76
10 96
11 98
12 111
13 103
14 86
15 91
16 102
17 94
18 86
19 83
20 106
21 73
22 91
23 85
24 87
25 83
26 62
27 82
28 66
29 69
30 84
31 58
32 68
33 56
34 60
35 68
36 65
37 72
38 62
39 62
40 59
41 57
42 50
43 41
44 46
45 42
46 39
47 50
48 51
49 29
50 39
51 42
52 39
53 33
54 32
55 35
56 28
57 39
58 32
59 33
60 28
61 26
62 24
63 21
64 16
65 17
66 15
67 27
68 17
69 22
70 14
71 14
72 18
73 11
74 8
75 14
76 6
77 8
78 14
79 12
80 5
81 9
82 2
83 9
84 3
85 7
86 4
87 6
88 3
89 4
90 1
91 2
92 2
93 3
94 2
95 4
96 2
97 2
98 2
99 2
100 1
101 2
102 2
103 1
104 2
105 1
106 2
107 1
108 1
110 1
112 1
115 1
117 1
119 1
121 2
126 1
127 1
132 1
134 1
