N J h mean_R_sq err_mean_R_sq mean_R_gyr_sq err_mean_R_gyr_sq 
4900 1.44 0 5994.15 2776.14 1446.37 302.911
0 21
1 41
2 41
3 35
4 40
5 44
6 25
7 39
8 47
9 37
10 48
11 50
12 47
13 45
14 51
15 41
16 42
17 41
18 30
19 46
20 43
21 32
22 37
23 33
24 45
25 32
26 37
27 43
28 21
29 38
30 36
31 25
32 39
33 30
34 32
35 37
36 36
37 30
38 40
39 33
40 37
41 30
42 32
43 29
44 24
45 22
46 25
47 22
48 25
49 24
50 20
51 21
52 27
53 20
54 17
55 21
56 23
57 15
58 20
59 18
60 18
61 12
62 17
63 17
64 16
65 20
66 8
67 13
68 5
69 4
70 13
71 11
72 8
73 15
74 8
75 10
76 8
77 8
78 4
79 2
80 5
81 12
82 8
83 3
84 10
85 6
86 7
87 3
88 4
89 2
90 3
92 2
93 1
94 2
95 5
96 2
97 1
98 2
99 3
100 1
101 2
102 4
103 2
106 2
111 2
118 1
126 1
127 1
818 1
1632 1
1654 1
