N J h mean_R_sq err_mean_R_sq mean_R_gyr_sq err_mean_R_gyr_sq 
3600 1.41 0 3880.9 227.595 1086.63 37.9806
0 81
1 130
2 121
3 145
4 141
5 146
6 138
7 129
8 124
9 148
10 145
11 149
12 146
13 159
14 167
15 120
16 113
17 127
18 152
19 137
20 137
21 134
22 134
23 124
24 118
25 122
26 134
27 120
28 133
29 137
30 153
31 114
32 116
33 97
34 116
35 111
36 117
37 114
38 101
39 110
40 94
41 97
42 100
43 91
44 104
45 98
46 88
47 96
48 77
49 97
50 58
51 88
52 72
53 78
54 75
55 74
56 54
57 71
58 69
59 54
60 67
61 56
62 59
63 52
64 56
65 58
66 52
67 52
68 55
69 51
70 37
71 41
72 42
73 35
74 29
75 31
76 41
77 24
78 25
79 25
80 25
81 27
82 23
83 24
84 24
85 18
86 12
87 20
88 20
89 22
90 19
91 9
92 16
93 11
94 12
95 18
96 13
97 19
98 14
99 4
100 12
101 3
102 5
103 10
104 9
105 8
106 5
107 7
108 5
109 6
110 3
111 8
112 4
113 8
114 6
115 3
116 2
117 5
118 5
119 4
120 1
121 4
122 3
123 2
124 3
125 1
126 2
127 2
128 2
129 1
132 3
135 2
137 1
138 2
140 1
143 1
145 1
146 1
151 1
152 1
191 1
322 1
328 1
338 1
339 2
343 1
344 1
352 1
355 1
360 1
365 1
386 1
