N J h mean_R_sq err_mean_R_sq mean_R_gyr_sq err_mean_R_gyr_sq 
1600 1.305 0 13436 354.478 2000.41 31.657
0 2
1 7
2 4
3 4
4 11
5 8
6 11
7 7
8 7
9 3
10 7
11 5
12 12
13 3
14 8
15 6
16 9
17 8
18 4
19 9
20 9
21 6
22 5
23 9
24 3
25 6
26 6
27 6
28 11
29 10
30 6
31 9
32 9
33 10
34 5
35 5
36 9
37 8
38 6
39 8
40 10
41 10
42 9
43 4
44 15
45 8
46 10
47 5
48 10
49 3
50 6
51 2
52 10
53 5
54 4
55 5
56 13
57 7
58 5
59 5
60 6
61 7
62 8
63 4
64 8
65 9
66 4
67 4
68 7
69 7
70 9
71 9
72 9
73 8
74 7
75 10
76 4
77 7
78 8
79 6
80 5
81 6
82 10
83 4
84 6
85 7
86 5
87 4
88 4
89 7
90 7
91 6
92 4
93 3
94 5
95 5
96 5
97 3
98 3
99 4
100 5
101 8
102 3
103 4
104 8
105 5
107 7
108 5
109 4
110 5
111 2
112 3
113 3
114 2
115 9
116 7
117 2
118 4
120 4
121 3
122 3
123 2
124 5
125 7
126 3
127 3
128 4
129 6
130 4
131 4
132 5
133 2
134 5
135 3
136 1
137 4
138 2
139 5
140 2
141 2
143 2
144 1
145 3
146 2
147 3
148 4
150 3
152 2
153 1
154 1
155 3
156 2
157 2
158 1
159 1
161 1
162 2
163 1
164 3
165 2
167 1
169 3
170 1
174 1
176 1
178 2
182 1
183 1
184 2
186 1
188 1
189 2
192 1
193 1
194 1
198 1
202 1
231 1
