N J h mean_R_sq err_mean_R_sq mean_R_gyr_sq err_mean_R_gyr_sq 
900 1.305 0 5750.04 262.711 889.358 23.2314
0 2
1 6
2 4
3 1
4 3
5 1
6 3
7 1
8 5
9 1
10 6
12 6
13 4
14 1
15 3
16 2
17 4
18 6
19 3
20 4
21 2
22 5
23 1
24 4
25 6
26 5
27 3
28 2
29 1
30 4
31 3
32 7
33 5
34 4
35 5
36 3
37 2
38 6
39 4
40 4
41 2
42 5
44 4
45 3
46 3
47 5
48 2
49 6
50 1
51 4
52 2
53 3
54 2
55 2
56 6
57 1
58 3
59 5
60 3
61 1
62 7
63 2
64 3
65 3
66 2
67 3
68 3
69 1
70 3
71 1
72 2
73 2
74 6
75 4
76 2
77 2
78 2
79 1
80 1
81 3
83 1
84 4
85 1
86 1
87 2
89 1
90 1
91 2
93 2
94 1
95 2
97 1
99 1
100 1
101 2
105 2
106 1
107 1
111 1
112 1
114 2
116 1
118 2
120 1
121 1
124 1
128 1
139 1
143 1
150 1
