N J h mean_R_sq err_mean_R_sq mean_R_gyr_sq err_mean_R_gyr_sq 
2500 1.441 0 2605.84 573.363 716.122 104.558
0 9
1 23
2 24
3 19
4 23
5 11
6 26
7 18
8 27
9 14
10 28
11 26
12 16
13 26
14 22
15 25
16 26
17 22
18 22
19 24
20 14
21 20
22 29
23 17
24 18
25 24
26 28
27 20
28 18
29 14
30 21
31 14
32 14
33 13
34 17
35 23
36 9
37 10
38 14
39 14
40 7
41 13
42 11
43 13
44 10
45 5
46 8
47 13
48 10
49 9
50 11
51 7
52 10
53 6
54 6
55 3
56 2
57 6
58 5
59 3
60 4
61 4
62 3
63 2
65 4
66 2
67 7
68 5
69 6
70 3
71 2
72 2
74 2
75 1
77 2
78 2
79 1
80 3
81 1
97 1
100 1
106 1
