N J h mean_R_sq err_mean_R_sq mean_R_gyr_sq err_mean_R_gyr_sq 
2500 1.426 0 2369.51 142.73 685.558 22.7314
0 116
1 224
2 264
3 224
4 222
5 226
6 261
7 250
8 237
9 237
10 216
11 213
12 216
13 208
14 239
15 252
16 240
17 248
18 230
19 236
20 204
21 232
22 230
23 247
24 213
25 207
26 212
27 195
28 199
29 192
30 188
31 160
32 188
33 158
34 205
35 159
36 161
37 162
38 160
39 164
40 142
41 143
42 135
43 125
44 126
45 93
46 119
47 105
48 96
49 94
50 95
51 77
52 76
53 77
54 61
55 65
56 71
57 71
58 54
59 40
60 45
61 41
62 56
63 45
64 40
65 40
66 34
67 32
68 33
69 16
70 25
71 20
72 21
73 20
74 27
75 19
76 18
77 16
78 15
79 17
80 12
81 10
82 13
83 13
84 9
85 7
86 10
87 7
88 7
89 8
90 8
91 5
92 5
93 3
94 2
95 6
97 4
98 2
99 3
100 4
102 3
103 1
104 1
105 1
106 2
107 2
108 1
109 1
110 1
111 2
113 1
116 1
125 2
127 1
146 1
