N J h mean_R_sq err_mean_R_sq mean_R_gyr_sq err_mean_R_gyr_sq 
4900 1.36 0 39214 19146.8 6820.62 3291.93
0 2
1 8
2 9
3 9
4 7
5 5
6 4
7 7
8 7
9 12
10 14
11 9
12 6
13 9
14 10
15 11
16 8
17 13
18 11
19 8
20 8
21 6
22 14
23 8
24 10
25 10
26 12
27 5
28 12
29 8
30 7
31 8
32 8
33 8
34 11
35 9
36 9
37 6
38 12
39 13
40 6
41 7
42 8
43 6
44 9
45 3
46 8
47 8
48 15
49 7
50 10
51 5
52 5
53 13
54 12
55 12
56 8
57 10
58 10
59 8
60 7
61 6
62 12
63 3
64 5
65 12
66 11
67 12
68 5
69 3
70 9
71 8
72 4
73 12
74 11
75 6
76 10
77 8
78 6
79 11
80 12
81 12
82 10
83 5
84 9
85 11
86 7
87 4
88 10
89 6
90 4
91 11
92 8
93 7
94 3
95 7
96 9
97 6
98 5
99 2
100 4
101 7
102 10
103 6
104 6
105 7
106 10
107 6
108 7
109 10
110 9
111 4
112 6
113 6
114 9
115 11
116 5
117 6
118 7
119 6
120 5
121 4
122 3
123 7
124 6
125 7
126 7
127 3
128 5
129 5
130 3
131 5
132 2
133 3
134 4
135 1
136 4
137 8
138 5
139 4
140 3
141 1
142 4
143 4
144 2
145 8
146 7
147 2
148 3
149 1
150 6
151 6
152 3
153 4
154 5
155 3
156 4
157 3
158 4
159 1
160 4
161 4
162 3
163 3
164 1
165 3
166 6
167 3
168 4
169 1
170 2
171 4
172 4
173 4
174 3
175 4
176 2
177 4
178 1
180 3
181 2
182 1
183 5
184 2
185 3
187 1
188 2
189 1
190 7
192 2
193 5
194 4
195 3
196 1
199 1
200 3
201 3
202 1
203 2
204 1
205 3
206 1
208 3
209 2
210 2
211 1
212 3
214 2
215 1
221 1
222 3
224 2
227 4
230 3
232 2
233 1
235 3
241 1
243 1
244 1
247 1
256 1
259 2
266 1
268 1
295 1
