N J h mean_R_sq err_mean_R_sq mean_R_gyr_sq err_mean_R_gyr_sq 
2916 1.359 0 14657.9 2996.87 2570.65 446.833
0 6
1 6
2 8
3 4
4 6
5 9
6 8
7 4
8 7
9 11
10 7
11 4
12 5
13 6
14 9
15 5
16 5
17 9
18 7
19 7
20 7
21 6
22 5
23 7
24 4
25 5
26 7
27 6
28 4
29 11
30 11
31 11
32 8
34 3
35 9
36 8
37 4
38 6
39 6
40 4
41 4
42 6
43 1
44 7
45 4
46 8
47 5
48 4
49 5
50 5
51 9
52 6
53 9
54 5
55 3
56 5
57 7
58 3
59 7
60 2
61 7
62 6
63 1
64 6
65 5
66 4
67 4
68 3
69 7
70 7
71 6
72 5
73 5
74 8
75 4
76 6
77 7
78 3
79 5
80 4
81 3
82 4
83 1
84 6
85 5
86 6
87 3
88 6
89 3
90 2
91 5
92 3
93 5
94 2
95 3
96 5
97 3
99 3
100 4
101 4
102 3
103 2
104 2
105 4
107 4
108 2
109 2
110 3
111 4
112 2
113 3
114 3
115 5
116 5
117 3
118 3
119 3
120 4
121 2
122 2
123 2
124 4
125 2
126 5
127 5
128 3
129 4
130 1
131 2
132 3
133 2
135 1
136 2
138 4
139 1
140 1
141 3
142 2
143 1
144 2
145 3
146 1
147 1
148 2
149 2
150 3
152 2
153 3
155 1
157 1
159 2
160 1
161 1
163 2
165 2
166 1
168 1
172 1
178 1
180 1
181 1
182 1
188 2
189 1
196 1
220 1
