N J h mean_R_sq err_mean_R_sq mean_R_gyr_sq err_mean_R_gyr_sq 
3600 1.32 0 36065.4 753.66 5392.03 90.9167
0 29
1 48
2 56
3 49
4 43
5 52
6 59
7 45
8 43
9 52
10 40
11 43
12 52
13 60
14 46
15 55
16 42
17 49
18 54
19 47
20 68
21 61
22 68
23 42
24 55
25 47
26 54
27 41
28 56
29 50
30 56
31 51
32 52
33 59
34 54
35 46
36 43
37 44
38 50
39 47
40 45
41 55
42 57
43 50
44 55
45 59
46 42
47 54
48 49
49 52
50 38
51 50
52 46
53 51
54 59
55 55
56 54
57 66
58 47
59 41
60 50
61 47
62 57
63 51
64 54
65 50
66 44
67 57
68 49
69 49
70 57
71 39
72 66
73 48
74 50
75 46
76 58
77 47
78 58
79 49
80 50
81 56
82 60
83 44
84 58
85 56
86 46
87 44
88 57
89 44
90 54
91 29
92 42
93 51
94 36
95 60
96 51
97 49
98 49
99 50
100 52
101 51
102 51
103 56
104 47
105 47
106 44
107 44
108 42
109 44
110 45
111 50
112 34
113 41
114 45
115 43
116 50
117 45
118 32
119 48
120 47
121 45
122 61
123 44
124 47
125 46
126 54
127 61
128 65
129 47
130 42
131 34
132 46
133 40
134 50
135 48
136 44
137 36
138 43
139 36
140 41
141 48
142 45
143 48
144 47
145 56
146 36
147 46
148 44
149 42
150 36
151 44
152 25
153 42
154 30
155 41
156 42
157 35
158 36
159 39
160 39
161 38
162 31
163 37
164 48
165 36
166 34
167 33
168 37
169 32
170 40
171 43
172 31
173 21
174 29
175 36
176 40
177 35
178 27
179 26
180 32
181 24
182 24
183 28
184 31
185 24
186 28
187 35
188 42
189 26
190 36
191 26
192 31
193 25
194 29
195 41
196 31
197 29
198 30
199 24
200 18
201 14
202 29
203 17
204 31
205 19
206 18
207 18
208 16
209 29
210 23
211 20
212 23
213 18
214 32
215 24
216 17
217 20
218 19
219 25
220 30
221 17
222 18
223 22
224 15
225 15
226 15
227 19
228 16
229 15
230 23
231 18
232 17
233 16
234 20
235 13
236 22
237 14
238 12
239 17
240 12
241 10
242 22
243 13
244 11
245 6
246 17
247 9
248 13
249 12
250 10
251 14
252 13
253 13
254 13
255 9
256 6
257 12
258 9
259 11
260 12
261 8
262 6
263 8
264 11
265 20
266 6
267 7
268 8
269 5
270 9
271 8
272 7
273 4
274 9
275 7
276 6
277 8
278 7
279 3
280 7
281 2
282 8
283 3
284 4
285 4
286 5
287 5
288 4
289 5
290 9
291 8
292 4
293 10
294 6
295 1
296 9
297 4
298 2
299 3
300 2
301 2
302 2
303 4
304 1
305 6
306 3
307 2
308 2
309 5
310 2
311 1
312 1
313 1
314 5
315 6
316 2
317 3
318 1
319 4
321 1
322 3
323 2
324 3
325 2
326 1
327 1
328 1
329 2
330 1
331 2
332 1
333 4
334 1
335 1
336 1
337 2
338 1
339 1
340 2
341 1
343 2
344 1
347 2
352 1
354 1
355 3
356 2
358 4
366 1
367 1
369 1
370 1
373 1
377 1
385 1
404 1
406 1
