N J h mean_R_sq err_mean_R_sq mean_R_gyr_sq err_mean_R_gyr_sq 
1225 1.405 0 1924.39 56.0268 434.345 6.19952
0 12
1 30
2 26
3 30
4 30
5 33
6 25
7 27
8 21
9 31
10 35
11 29
12 22
13 27
14 32
15 32
16 34
17 32
18 22
19 27
20 25
21 12
22 24
23 25
24 23
25 19
26 18
27 22
28 23
29 20
30 26
31 21
32 16
33 22
34 25
35 17
36 12
37 19
38 16
39 16
40 9
41 12
42 12
43 16
44 15
45 12
46 10
47 14
48 13
49 4
50 8
51 10
52 10
53 4
54 9
55 8
56 5
57 5
58 5
59 2
60 1
61 4
62 5
63 5
64 3
65 5
66 4
67 4
68 1
69 3
70 1
73 1
74 2
75 1
76 2
77 2
78 2
79 1
81 2
82 1
84 1
85 1
90 1
94 1
95 1
101 1
116 1
121 1
