N J h mean_R_sq err_mean_R_sq mean_R_gyr_sq err_mean_R_gyr_sq 
2916 1.371 0 9916.68 1202 1833.7 147.915
0 8
1 20
2 16
3 20
4 15
5 22
6 23
7 17
8 18
9 16
10 21
11 17
12 20
13 19
14 21
15 13
16 20
17 20
18 13
19 15
20 9
21 19
22 15
23 14
24 19
25 24
26 12
27 13
28 24
29 19
30 19
31 18
32 18
33 10
34 13
35 12
36 17
37 11
38 12
39 16
40 16
41 18
42 11
43 15
44 9
45 12
46 24
47 14
48 14
49 18
50 9
51 12
52 17
53 14
54 14
55 14
56 12
57 11
58 9
59 15
60 8
61 7
62 8
63 11
64 13
65 14
66 9
67 14
68 12
69 9
70 6
71 6
72 13
73 12
74 9
75 10
76 5
77 12
78 11
79 9
80 10
81 8
82 7
83 11
84 10
85 8
86 8
87 9
88 3
89 10
90 8
91 2
92 7
93 14
94 4
95 5
96 6
97 4
98 5
99 9
100 3
101 10
102 5
103 5
104 7
105 5
106 8
107 12
108 11
109 12
110 3
111 5
112 3
113 4
114 2
115 5
116 3
118 3
119 5
120 5
121 3
122 2
123 7
124 3
125 4
126 5
128 3
129 3
130 1
131 4
132 3
133 2
134 2
135 1
136 3
137 1
139 5
140 2
141 1
143 3
144 4
145 1
148 3
149 1
150 1
151 1
152 1
153 3
154 1
155 2
156 1
158 1
159 1
161 1
162 1
163 1
165 1
169 1
171 1
172 2
180 2
198 1
200 1
