N J h mean_R_sq err_mean_R_sq mean_R_gyr_sq err_mean_R_gyr_sq 
1600 1.485 0 1046.52 18.5213 354.485 2.09855
0 77
1 159
2 163
3 156
4 160
5 171
6 187
7 176
8 176
9 173
10 171
11 158
12 177
13 143
14 175
15 167
16 161
17 142
18 138
19 146
20 132
21 147
22 116
23 133
24 118
25 104
26 111
27 95
28 99
29 105
30 92
31 83
32 82
33 69
34 63
35 60
36 54
37 57
38 48
39 53
40 42
41 49
42 37
43 31
44 22
45 34
46 28
47 24
48 16
49 15
50 19
51 8
52 10
53 4
54 4
55 8
56 6
57 5
58 5
59 7
60 4
61 4
62 2
63 5
64 5
65 3
67 2
71 1
72 1
76 1
