N J h mean_R_sq err_mean_R_sq mean_R_gyr_sq err_mean_R_gyr_sq 
4900 1.37 0 18694.6 3170.43 3444.55 505.985
0 31
1 61
2 55
3 69
4 56
5 78
6 69
7 55
8 69
9 65
10 65
11 75
12 57
13 53
14 58
15 60
16 59
17 83
18 65
19 56
20 72
21 65
22 59
23 71
24 70
25 63
26 64
27 62
28 71
29 87
30 59
31 76
32 72
33 72
34 58
35 65
36 77
37 63
38 67
39 64
40 58
41 65
42 75
43 68
44 51
45 66
46 51
47 60
48 59
49 84
50 68
51 49
52 68
53 45
54 63
55 58
56 62
57 59
58 43
59 55
60 55
61 56
62 65
63 70
64 58
65 53
66 53
67 66
68 56
69 46
70 59
71 53
72 50
73 51
74 53
75 50
76 43
77 49
78 43
79 56
80 61
81 47
82 44
83 31
84 54
85 46
86 35
87 43
88 36
89 36
90 70
91 45
92 39
93 50
94 42
95 33
96 47
97 35
98 42
99 55
100 37
101 40
102 42
103 29
104 37
105 35
106 36
107 44
108 27
109 31
110 28
111 26
112 38
113 33
114 33
115 29
116 41
117 28
118 24
119 31
120 27
121 37
122 31
123 33
124 33
125 34
126 22
127 28
128 19
129 21
130 29
131 20
132 27
133 21
134 28
135 27
136 21
137 29
138 25
139 23
140 22
141 15
142 23
143 25
144 15
145 23
146 16
147 18
148 15
149 28
150 22
151 26
152 15
153 19
154 16
155 17
156 10
157 19
158 21
159 14
160 27
161 12
162 11
163 12
164 10
165 13
166 11
167 13
168 7
169 16
170 7
171 12
172 7
173 13
174 9
175 7
176 12
177 12
178 6
179 12
180 9
181 3
182 9
183 14
184 9
185 4
186 8
187 8
188 3
189 7
190 7
191 9
192 4
193 11
194 6
195 5
196 12
197 5
198 4
199 4
200 3
201 6
202 6
203 4
204 1
205 5
206 5
207 4
208 9
209 4
211 3
212 6
213 4
214 2
215 2
216 1
217 2
218 4
219 4
220 4
221 4
222 1
223 3
224 1
225 2
226 1
227 1
228 2
229 2
230 1
231 2
232 2
233 1
234 2
235 3
237 3
238 1
239 3
240 2
242 1
244 1
245 1
247 1
251 3
252 2
253 1
255 2
256 1
258 1
259 1
260 1
261 3
263 2
264 1
265 1
266 1
267 1
268 1
269 1
270 2
271 2
272 1
273 1
275 2
278 1
280 1
282 2
287 1
290 1
292 1
293 1
294 1
299 2
311 1
312 1
318 1
327 1
328 1
