N J h mean_R_sq err_mean_R_sq mean_R_gyr_sq err_mean_R_gyr_sq 
900 1.38 0 2335.45 78.2473 437.092 6.61702
0 13
1 22
2 17
3 22
4 18
5 14
6 24
7 20
8 25
9 31
10 23
11 29
12 30
13 16
14 20
15 23
16 15
17 23
18 23
19 18
20 16
21 20
22 18
23 23
24 9
25 19
26 19
27 16
28 19
29 19
30 16
31 18
32 24
33 15
34 5
35 10
36 14
37 18
38 15
39 10
40 12
41 11
42 12
43 12
44 14
45 10
46 6
47 9
48 8
49 10
50 11
51 13
52 14
53 5
54 2
55 4
56 7
57 7
58 5
59 2
60 2
61 3
62 7
63 11
64 5
65 6
66 1
67 4
68 2
69 2
70 2
71 1
72 6
73 1
75 2
76 3
77 3
78 1
81 1
82 3
83 2
85 1
86 1
88 1
89 3
92 1
100 1
