N J h mean_R_sq err_mean_R_sq mean_R_gyr_sq err_mean_R_gyr_sq 
1600 1.425 0 1923.61 293.534 490.919 42.8606
0 16
1 34
2 41
3 32
4 25
5 30
6 26
7 40
8 30
9 34
10 37
11 35
12 32
13 33
14 33
15 28
16 32
17 22
18 26
19 29
20 28
21 21
22 28
23 19
24 25
25 19
26 21
27 19
28 26
29 25
30 21
31 22
32 21
33 19
34 12
35 18
36 13
37 9
38 14
39 12
40 8
41 11
42 13
43 10
44 9
45 13
46 5
47 2
48 7
49 11
50 9
51 12
52 9
53 10
54 4
55 1
56 9
57 6
58 4
59 2
60 6
61 1
62 2
63 1
64 1
65 2
66 1
67 2
68 6
70 1
71 1
72 1
75 1
76 1
78 3
79 1
81 1
86 1
87 1
91 1
94 1
112 1
