N J h mean_R_sq err_mean_R_sq mean_R_gyr_sq err_mean_R_gyr_sq 
3600 1.33 0 31091.9 1085.53 4743 130.402
0 19
1 29
2 23
3 33
4 35
5 33
6 30
7 29
8 22
9 29
10 32
11 30
12 30
13 29
14 26
15 35
16 27
17 27
18 33
19 35
20 34
21 34
22 31
23 28
24 27
25 35
26 24
27 28
28 39
29 25
30 32
31 39
32 28
33 29
34 35
35 25
36 30
37 36
38 26
39 28
40 37
41 25
42 30
43 40
44 32
45 26
46 41
47 25
48 37
49 43
50 32
51 34
52 25
53 28
54 31
55 21
56 30
57 25
58 27
59 26
60 38
61 29
62 40
63 32
64 28
65 36
66 30
67 33
68 30
69 33
70 23
71 41
72 30
73 29
74 22
75 30
76 31
77 23
78 21
79 31
80 28
81 34
82 34
83 37
84 28
85 37
86 25
87 26
88 29
89 27
90 28
91 20
92 25
93 34
94 38
95 30
96 33
97 28
98 27
99 29
100 30
101 22
102 27
103 17
104 32
105 32
106 22
107 21
108 33
109 31
110 22
111 34
112 30
113 30
114 20
115 28
116 31
117 28
118 28
119 34
120 24
121 36
122 24
123 22
124 29
125 22
126 21
127 20
128 24
129 31
130 36
131 21
132 18
133 22
134 29
135 29
136 29
137 21
138 18
139 20
140 25
141 20
142 22
143 24
144 30
145 21
146 28
147 22
148 17
149 17
150 18
151 22
152 21
153 17
154 24
155 14
156 22
157 29
158 17
159 20
160 19
161 13
162 22
163 13
164 17
165 18
166 17
167 16
168 17
169 21
170 20
171 19
172 19
173 23
174 14
175 15
176 11
177 13
178 27
179 19
180 15
181 13
182 12
183 24
184 16
185 20
186 15
187 7
188 15
189 15
190 14
191 13
192 14
193 16
194 14
195 13
196 21
197 10
198 13
199 22
200 21
201 14
202 12
203 9
204 16
205 14
206 9
207 16
208 8
209 13
210 12
211 10
212 7
213 12
214 13
215 11
216 9
217 9
218 8
219 13
220 8
221 8
222 10
223 12
224 11
225 15
226 5
227 5
228 12
229 11
230 8
231 6
232 9
233 12
234 7
235 8
236 10
237 5
238 4
239 10
240 3
241 7
242 8
243 6
244 9
245 7
246 3
247 2
248 2
249 5
250 8
251 6
252 4
253 5
254 10
255 5
256 5
257 2
258 1
259 2
260 6
261 7
262 7
263 2
264 3
266 4
267 3
268 3
269 3
272 2
273 4
274 4
275 1
276 3
277 4
278 3
280 2
281 4
282 2
283 3
284 3
285 3
286 4
288 1
289 3
290 2
292 2
294 1
295 4
296 1
297 1
298 2
299 1
301 2
303 2
305 1
307 1
308 1
309 2
313 4
314 1
315 1
317 1
318 1
319 1
320 1
321 1
322 1
325 2
334 1
340 1
343 1
344 1
347 1
349 1
355 1
357 1
368 1
379 1
385 1
414 1
