N J h mean_R_sq err_mean_R_sq mean_R_gyr_sq err_mean_R_gyr_sq 
1225 1.305 0 8826.16 86.686 1348.99 8.11552
0 27
1 64
2 53
3 53
4 57
5 49
6 59
7 74
8 58
9 63
10 74
11 73
12 63
13 54
14 60
15 62
16 54
17 70
18 57
19 71
20 78
21 55
22 68
23 56
24 74
25 52
26 72
27 53
28 64
29 65
30 53
31 70
32 55
33 65
34 59
35 58
36 53
37 65
38 63
39 63
40 51
41 58
42 51
43 66
44 57
45 58
46 60
47 56
48 58
49 60
50 56
51 62
52 57
53 50
54 57
55 55
56 67
57 54
58 42
59 64
60 53
61 53
62 51
63 59
64 64
65 62
66 48
67 51
68 53
69 45
70 68
71 46
72 59
73 46
74 46
75 56
76 41
77 43
78 41
79 46
80 45
81 44
82 55
83 41
84 39
85 52
86 41
87 33
88 46
89 41
90 29
91 36
92 33
93 37
94 33
95 29
96 31
97 41
98 32
99 24
100 42
101 25
102 25
103 30
104 16
105 21
106 22
107 31
108 24
109 20
110 27
111 25
112 23
113 24
114 25
115 19
116 21
117 17
118 12
119 12
120 18
121 17
122 14
123 14
124 8
125 14
126 18
127 9
128 8
129 15
130 17
131 9
132 12
133 8
134 10
135 8
136 10
137 11
138 9
139 10
140 8
141 5
142 10
143 9
144 7
145 4
146 4
147 8
148 3
149 2
150 4
151 6
153 5
154 1
155 5
156 3
157 1
158 1
159 1
161 2
162 1
163 2
164 4
165 4
166 3
168 1
169 2
170 2
172 4
173 1
174 1
175 1
176 1
178 2
179 1
180 2
181 1
183 2
184 1
185 1
187 1
191 1
194 2
216 1
