N J h mean_R_sq err_mean_R_sq mean_R_gyr_sq err_mean_R_gyr_sq 
2916 1.395 0 4532.94 199.711 1078.36 26.593
0 78
1 140
2 159
3 155
4 134
5 157
6 138
7 146
8 136
9 134
10 136
11 125
12 153
13 160
14 130
15 150
16 145
17 138
18 149
19 133
20 144
21 139
22 143
23 141
24 129
25 134
26 153
27 151
28 116
29 124
30 141
31 126
32 115
33 104
34 126
35 119
36 123
37 127
38 121
39 91
40 120
41 103
42 98
43 93
44 84
45 108
46 124
47 87
48 97
49 111
50 85
51 87
52 74
53 82
54 76
55 84
56 79
57 64
58 81
59 84
60 74
61 79
62 62
63 72
64 59
65 47
66 62
67 57
68 62
69 52
70 48
71 39
72 47
73 48
74 55
75 58
76 41
77 40
78 55
79 42
80 41
81 40
82 32
83 36
84 29
85 33
86 33
87 23
88 23
89 22
90 25
91 28
92 29
93 17
94 13
95 18
96 22
97 18
98 21
99 18
100 13
101 13
102 14
103 12
104 14
105 16
106 13
107 8
108 13
109 9
110 11
111 12
112 6
113 9
114 8
115 5
116 6
117 8
118 6
119 6
120 4
121 5
122 4
123 6
124 5
125 5
126 2
127 3
128 4
129 6
130 4
131 4
133 3
135 1
136 1
137 2
138 1
139 2
141 2
143 2
144 3
145 1
146 3
147 2
148 2
149 2
152 1
153 1
154 2
157 1
164 1
165 1
166 1
167 2
169 1
173 1
182 1
185 1
