N J h mean_R_sq err_mean_R_sq mean_R_gyr_sq err_mean_R_gyr_sq 
1225 1.26 0 11190 196.001 1652.69 23.7092
620 1
670 1
703 2
704 1
705 1
712 1
714 1
715 1
720 1
721 1
725 1
728 1
732 1
735 1
737 3
738 2
739 1
740 1
744 1
745 2
746 3
751 1
754 1
755 1
756 2
757 1
762 2
763 1
764 1
766 1
768 2
769 4
770 2
771 1
774 1
777 1
778 2
781 3
782 3
783 1
784 2
785 4
786 1
787 3
788 1
789 3
790 3
791 1
792 2
793 1
794 3
795 2
796 1
797 2
798 4
799 1
800 3
801 1
802 7
803 2
804 2
805 3
806 3
807 4
808 1
809 2
810 6
811 3
812 1
813 4
814 2
815 3
816 5
817 3
818 7
819 6
820 4
821 9
822 10
823 6
824 6
825 6
826 4
827 6
828 2
829 2
830 6
831 9
832 6
833 3
834 4
835 7
836 7
837 6
838 5
839 4
840 7
841 7
842 5
843 6
844 8
845 12
846 4
847 6
848 8
849 7
850 9
851 6
852 12
853 9
854 10
855 15
856 9
857 13
858 9
859 8
860 8
861 15
862 7
863 9
864 11
865 8
866 7
867 10
868 16
869 10
870 16
871 15
872 12
873 14
874 14
875 14
876 10
877 16
878 11
879 22
880 10
881 17
882 14
883 13
884 16
885 14
886 9
887 17
888 15
889 21
890 17
891 12
892 8
893 8
894 10
895 15
896 18
897 19
898 21
899 20
900 13
901 14
902 22
903 20
904 23
905 28
906 32
907 18
908 20
909 23
910 29
911 16
912 17
913 22
914 36
915 13
916 30
917 20
918 26
919 30
920 33
921 29
922 24
923 31
924 26
925 25
926 33
927 30
928 23
929 24
930 24
931 30
932 37
933 24
934 32
935 35
936 25
937 26
938 23
939 29
940 32
941 33
942 30
943 36
944 33
945 34
946 35
947 32
948 30
949 27
950 28
951 32
952 30
953 29
954 31
955 27
956 43
957 33
958 35
959 39
960 37
961 32
962 37
963 24
964 41
965 30
966 45
967 26
968 37
969 42
970 55
971 40
972 36
973 33
974 35
975 36
976 34
977 43
978 36
979 43
980 44
981 28
982 45
983 31
984 28
985 46
986 37
987 33
988 32
989 36
990 42
991 38
992 48
993 29
994 42
995 36
996 44
997 27
998 42
999 48
1000 36
1001 36
1002 43
1003 41
1004 38
1005 39
1006 44
1007 32
1008 31
1009 48
1010 53
1011 35
1012 40
1013 36
1014 31
1015 33
1016 27
1017 35
1018 33
1019 27
1020 48
1021 43
1022 40
1023 29
1024 32
1025 37
1026 38
1027 47
1028 32
1029 35
1030 51
1031 46
1032 25
1033 34
1034 36
1035 33
1036 35
1037 32
1038 33
1039 37
1040 30
1041 37
1042 45
1043 37
1044 35
1045 44
1046 24
1047 31
1048 31
1049 24
1050 30
1051 32
1052 22
1053 26
1054 24
1055 28
1056 31
1057 26
1058 26
1059 27
1060 44
1061 23
1062 40
1063 26
1064 35
1065 28
1066 35
1067 20
1068 32
1069 27
1070 28
1071 27
1072 38
1073 23
1074 32
1075 28
1076 27
1077 23
1078 26
1079 24
1080 21
1081 21
1082 32
1083 31
1084 25
1085 14
1086 15
1087 23
1088 32
1089 20
1090 21
1091 27
1092 24
1093 20
1094 21
1095 27
1096 15
1097 21
1098 20
1099 18
1100 15
1101 20
1102 18
1103 17
1104 19
1105 27
1106 23
1107 14
1108 17
1109 12
1110 21
1111 13
1112 13
1113 22
1114 10
1115 22
1116 20
1117 18
1118 18
1119 13
1120 16
1121 12
1122 14
1123 15
1124 14
1125 14
1126 13
1127 9
1128 11
1129 11
1130 18
1131 5
1132 9
1133 13
1134 7
1135 17
1136 11
1137 8
1138 10
1139 13
1140 4
1141 9
1142 6
1143 11
1144 11
1145 9
1146 4
1147 10
1148 7
1149 10
1150 10
1151 7
1152 4
1153 5
1154 3
1155 7
1156 7
1157 6
1158 5
1159 5
1160 7
1161 8
1162 4
1163 9
1164 6
1165 4
1166 7
1167 7
1168 5
1169 2
1170 7
1171 5
1172 7
1173 5
1174 4
1175 4
1176 5
1177 9
1178 5
1179 6
1180 4
1181 3
1182 5
1183 7
1184 3
1185 6
1186 3
1187 3
1188 3
1189 2
1190 8
1191 3
1192 3
1193 3
1194 5
1195 8
1196 5
1197 3
1198 6
1199 2
1200 1
1201 4
1202 1
1203 3
1205 2
1206 2
1207 2
1208 3
1209 3
1210 4
1211 2
1212 1
1213 1
1214 4
1215 1
1216 1
1218 1
1219 3
1220 2
1221 3
1222 3
1223 1
1224 2
1226 4
1227 1
1229 2
1230 1
1231 3
1232 2
1233 1
1234 1
1236 1
1238 1
1240 1
1241 1
1242 1
1246 2
1248 3
1249 1
1251 1
1252 2
1253 1
1254 2
1255 1
1258 1
1260 1
1261 1
1268 1
1269 1
1270 1
1276 1
1289 1
1303 1
1317 1
1318 1
1327 1
1337 1
1350 1
