N J h mean_R_sq err_mean_R_sq mean_R_gyr_sq err_mean_R_gyr_sq 
900 1.289 0 4821.16 139.939 758.574 16.4283
1000 81
1001 84
1002 75
1003 82
1004 79
1005 75
1006 67
1007 56
1008 70
1009 71
1010 71
1011 76
1012 71
1013 55
1014 78
1015 53
1016 65
1017 59
1018 52
1019 52
1020 49
1021 48
1022 34
1023 41
1024 50
1025 54
1026 41
1027 39
1028 39
1029 36
1030 37
1031 35
1032 36
1033 28
1034 31
1035 30
1036 24
1037 30
1038 26
1039 31
1040 25
1041 34
1042 15
1043 26
1044 22
1045 20
1046 25
1047 22
1048 17
1049 20
1050 18
1051 16
1052 20
1053 12
1054 14
1055 16
1056 17
1057 19
1058 17
1059 17
1060 16
1061 18
1062 15
1063 16
1064 17
1065 18
1066 13
1067 8
1068 13
1069 10
1070 13
1071 9
1072 11
1073 11
1074 11
1075 7
1076 3
1077 10
1078 9
1079 7
1080 8
1081 5
1082 12
1083 6
1084 11
1085 8
1086 6
1087 8
1088 6
1089 5
1090 4
1091 4
1092 8
1093 6
1094 7
1095 7
1096 6
1097 3
1098 4
1099 3
1100 6
1101 5
1102 8
1103 3
1104 4
1105 1
1106 5
1107 3
1108 8
1109 6
1110 4
1111 2
1112 3
1113 4
1114 3
1115 3
1116 4
1117 4
1118 5
1119 3
1120 2
1121 6
1122 6
1123 1
1124 4
1125 2
1126 3
1128 1
1129 2
1130 1
1131 4
1132 3
1133 2
1134 1
1135 2
1136 1
1137 2
1138 1
1139 3
1140 2
1141 2
1142 2
1143 3
1144 3
1145 2
1146 2
1147 1
1148 3
1149 3
1150 2
1151 2
1153 3
1157 4
1158 1
1159 1
1160 1
1161 1
1162 1
1163 3
1165 2
1166 2
1169 1
1170 1
1171 1
1172 2
1174 1
1175 1
1176 1
1177 1
1179 1
1181 2
1183 1
1185 1
1186 1
1187 1
1190 1
1191 2
1193 2
1194 1
1202 1
1203 1
1207 2
1208 1
1210 2
1212 1
1216 2
1223 1
1228 1
1230 1
1231 1
1233 2
1238 1
1243 1
1248 1
1252 1
1260 1
1262 1
1273 2
1278 1
1279 1
1285 1
1296 1
1309 1
1311 1
1323 1
1327 1
1330 1
1338 1
1340 1
