N J h mean_R_sq err_mean_R_sq mean_R_gyr_sq err_mean_R_gyr_sq 
4900 1.29 0 310791 301363 114281 111944
1000 22
1001 13
1002 8
1003 5
1004 8
1005 7
1006 9
1007 2
1008 2
1009 6
1010 1
1011 6
1012 2
1013 3
1014 3
1015 2
1016 5
1017 3
1018 2
1019 7
1020 4
1021 2
1023 1
1024 3
1025 3
1026 2
1027 2
1028 2
1029 3
1030 1
1032 2
1033 1
1034 4
1036 4
1037 2
1038 2
1039 2
1040 3
1041 4
1042 1
1043 2
1044 2
1045 4
1046 1
1047 4
1048 1
1049 2
1050 2
1053 2
1054 6
1055 2
1056 2
1057 1
1058 1
1059 1
1060 3
1061 3
1062 4
1063 4
1064 1
1065 1
1066 1
1067 2
1069 1
1070 2
1071 2
1072 3
1073 2
1074 2
1075 3
1076 6
1077 1
1079 2
1080 1
1081 3
1082 2
1083 4
1084 4
1085 3
1086 2
1087 3
1088 2
1089 4
1090 2
1091 3
1092 3
1093 1
1094 1
1097 4
1098 1
1099 3
1100 5
1101 2
1102 3
1104 2
1105 2
1106 2
1107 2
1108 2
1109 2
1114 4
1116 1
1117 3
1118 3
1119 2
1120 2
1121 2
1122 1
1123 2
1124 1
1125 2
1126 3
1127 2
1128 2
1130 4
1131 1
1132 2
1133 1
1134 3
1135 2
1136 1
1137 2
1138 1
1139 5
1140 5
1141 1
1143 1
1144 2
1146 1
1147 4
1148 2
1149 3
1150 1
1151 3
1152 1
1155 2
1156 1
1157 2
1159 2
1160 4
1164 2
1165 3
1169 4
1170 2
1171 2
1172 2
1173 1
1178 1
1181 2
1182 1
1183 1
1186 3
1189 1
1190 3
1191 1
1192 4
1195 4
1196 1
1197 2
1199 1
1202 3
1204 2
1207 1
1208 1
1209 1
1210 1
1211 2
1212 1
1214 1
1215 3
1218 2
1220 1
1222 2
1224 1
1226 1
1227 1
1228 1
1233 1
1234 1
1235 1
1238 1
1239 2
1244 4
1249 1
1250 3
1252 1
1256 2
1258 1
1264 1
1268 2
1270 1
1274 1
1288 1
1290 1
1295 1
1296 1
1297 1
1302 1
1304 1
1315 1
1319 1
1328 1
1355 1
1359 2
1380 1
1381 1
