N J h mean_R_sq err_mean_R_sq mean_R_gyr_sq err_mean_R_gyr_sq 
4900 1.275 0 141619 73857.2 29520.2 19945.8
1000 390
1001 331
1002 236
1003 215
1004 179
1005 161
1006 142
1007 106
1008 103
1009 70
1010 59
1011 53
1012 48
1013 40
1014 32
1015 35
1016 21
1017 19
1018 16
1019 14
1020 10
1021 15
1022 10
1023 14
1024 6
1025 5
1026 6
1027 5
1028 1
1029 2
1030 4
1031 4
1032 5
1033 6
1034 1
1035 1
1036 2
1037 3
1038 3
1039 4
1040 1
1042 1
1043 1
1044 1
1045 1
1047 2
1048 1
1050 1
1053 1
1058 1
1065 1
1066 1
1069 1
1070 1
1075 2
1095 1
1096 1
1141 1
1164 1
1182 1
