N J h mean_R_sq err_mean_R_sq mean_R_gyr_sq err_mean_R_gyr_sq 
900 1.319 0 2334.54 230.776 426.9 22.1421
408 1
461 1
515 1
574 1
590 1
598 1
600 1
623 1
630 1
633 1
647 1
660 1
672 1
677 1
684 1
692 1
703 1
705 1
717 1
719 1
741 1
752 1
755 1
772 2
773 1
776 1
778 1
790 1
794 1
795 2
806 1
810 3
819 1
820 1
821 1
822 1
827 1
830 1
834 1
838 1
840 2
841 1
845 1
847 2
850 1
852 2
859 1
863 1
865 1
867 1
868 1
869 1
871 1
872 1
885 2
886 1
887 1
889 2
892 1
893 1
900 1
905 2
907 1
908 1
909 1
916 2
921 1
922 2
924 1
925 1
927 1
939 1
940 1
946 1
952 2
958 1
963 2
967 1
968 1
974 1
975 1
982 1
983 2
985 1
991 1
993 1
1001 2
1010 1
1012 1
1015 1
1016 1
1018 1
1020 1
1025 2
1033 1
1043 1
1044 1
1046 1
1048 1
1057 1
1058 1
1062 1
1067 1
1071 1
1076 1
1085 2
1086 1
1088 3
1089 1
1090 2
1098 1
1100 1
1101 1
1103 1
1104 1
1121 1
1125 2
1129 1
1133 1
1136 1
1137 1
1144 1
1148 1
1149 1
1152 3
1156 1
1160 1
1172 1
1187 1
1191 1
1200 2
1204 1
1205 1
1206 2
1207 1
1210 1
1215 1
1217 1
1222 1
1232 1
1239 1
1242 1
1245 1
1246 1
1247 1
1248 1
1250 1
1259 1
1267 1
1282 1
1284 1
1289 2
1292 1
1306 1
1307 2
1309 2
1313 1
1316 1
1323 1
1343 1
1374 1
1397 1
1437 1
1449 1
1466 1
1502 1
1535 1
1559 1
1644 1
1694 1
