N J h mean_R_sq err_mean_R_sq mean_R_gyr_sq err_mean_R_gyr_sq 
1225 1.305 0 3838.43 198.37 667.72 26.5566
1000 42
1001 45
1002 37
1003 39
1004 21
1005 27
1006 25
1007 30
1008 26
1009 32
1010 35
1011 18
1012 31
1013 25
1014 36
1015 29
1016 28
1017 33
1018 23
1019 25
1020 22
1021 16
1022 13
1023 21
1024 25
1025 23
1026 18
1027 27
1028 18
1029 16
1030 24
1031 18
1032 19
1033 23
1034 19
1035 19
1036 25
1037 11
1038 14
1039 13
1040 16
1041 16
1042 23
1043 19
1044 17
1045 21
1046 11
1047 11
1048 9
1049 15
1050 17
1051 20
1052 16
1053 19
1054 6
1055 16
1056 7
1057 15
1058 14
1059 6
1060 11
1061 12
1062 15
1063 6
1064 11
1065 9
1066 6
1067 10
1068 10
1069 10
1070 10
1071 11
1072 9
1073 8
1074 11
1075 15
1076 5
1077 14
1078 14
1079 7
1080 6
1081 10
1082 5
1083 8
1084 12
1085 10
1086 6
1087 7
1088 6
1089 6
1090 14
1091 10
1092 11
1093 5
1094 14
1095 3
1096 12
1097 7
1098 9
1099 3
1100 5
1101 6
1102 7
1103 9
1104 6
1105 3
1106 7
1107 8
1108 6
1109 7
1110 5
1111 9
1112 8
1113 8
1114 6
1115 7
1116 9
1117 4
1118 8
1119 4
1120 10
1121 3
1122 6
1123 3
1124 9
1125 7
1126 4
1127 4
1128 7
1129 5
1130 6
1131 4
1132 6
1133 6
1134 4
1135 7
1136 4
1137 3
1138 4
1139 5
1140 4
1141 4
1142 1
1143 4
1144 2
1145 5
1146 4
1147 5
1148 2
1149 4
1150 2
1151 4
1152 6
1153 7
1154 5
1155 3
1156 5
1157 3
1158 3
1159 4
1160 5
1161 5
1162 2
1163 1
1165 3
1166 1
1167 4
1168 1
1169 2
1170 3
1171 1
1172 5
1173 5
1174 4
1175 6
1176 8
1177 2
1178 2
1179 2
1180 4
1181 4
1182 3
1183 4
1184 4
1185 1
1186 4
1187 7
1188 2
1189 3
1190 1
1191 4
1192 2
1193 3
1194 4
1195 2
1196 3
1197 2
1198 3
1199 3
1200 1
1201 2
1202 1
1203 1
1204 2
1205 1
1206 2
1207 2
1208 5
1211 1
1212 5
1213 4
1214 1
1215 3
1216 3
1217 5
1218 2
1219 3
1220 4
1221 2
1222 1
1223 2
1225 6
1226 2
1227 1
1228 3
1229 2
1230 2
1231 3
1232 3
1233 1
1234 2
1235 1
1237 2
1238 2
1239 1
1240 2
1241 1
1242 2
1246 3
1247 2
1248 2
1249 3
1250 2
1251 2
1253 2
1254 1
1255 1
1257 3
1259 2
1260 1
1261 1
1262 2
1263 1
1266 1
1267 1
1269 1
1270 2
1271 1
1272 2
1273 3
1277 6
1278 1
1279 4
1281 1
1284 1
1285 1
1288 2
1291 2
1296 3
1297 1
1299 2
1300 1
1302 1
1303 1
1305 2
1306 1
1309 2
1313 1
1315 2
1316 1
1318 1
1321 1
1322 1
1323 1
1325 1
1330 1
1334 1
1337 1
1338 1
1347 1
1348 3
1355 1
1357 1
1360 1
1364 1
1365 1
1366 1
1367 1
1369 1
1371 1
1375 1
1385 1
1388 1
1392 1
1396 1
1401 1
1404 2
1409 1
1411 1
1416 1
1417 1
1423 1
1428 1
1433 1
1442 2
1492 1
1572 1
