N J h mean_R_sq err_mean_R_sq mean_R_gyr_sq err_mean_R_gyr_sq 
2500 1.305 0 5190.53 2759.4 1523.74 853.52
328 1
364 1
379 1
382 1
401 1
404 1
410 2
418 1
421 1
423 1
426 1
430 2
431 1
440 1
441 1
443 1
448 1
449 1
457 1
460 1
464 1
466 1
467 1
469 2
470 1
473 1
476 1
478 2
479 1
480 3
481 1
482 1
483 1
485 3
487 1
488 1
490 1
491 1
492 2
493 1
494 1
495 2
496 1
498 1
499 1
501 1
505 2
506 1
510 1
513 1
515 1
520 2
521 2
523 1
524 2
525 1
526 1
527 1
528 1
529 2
530 2
532 2
535 1
537 1
540 2
541 1
542 3
543 1
544 1
546 2
548 3
549 1
550 2
552 1
553 2
554 2
555 1
556 1
557 1
561 1
563 2
565 1
566 3
567 3
568 2
569 1
570 2
571 2
573 1
574 2
575 1
577 1
578 1
579 1
581 1
583 1
585 1
587 2
590 3
592 1
593 1
594 2
595 1
596 1
597 1
598 2
599 1
600 2
601 1
603 3
604 1
605 6
606 1
607 3
608 1
609 2
610 1
611 1
615 1
616 2
617 2
618 1
620 2
621 1
622 3
623 5
624 2
625 1
627 5
629 2
630 5
631 1
632 3
634 3
635 1
636 2
637 4
638 2
639 1
641 3
642 2
643 2
644 3
645 2
646 3
648 2
649 2
650 3
651 1
652 1
653 1
654 1
658 2
659 1
660 1
661 2
663 1
664 1
665 1
666 1
667 1
669 1
670 1
671 6
672 4
673 1
674 1
675 1
676 4
677 3
678 1
680 1
682 2
683 3
685 1
686 2
687 3
688 1
689 3
691 1
693 1
694 2
695 2
696 1
697 1
698 2
699 2
700 4
701 2
703 1
704 1
705 4
706 2
707 2
708 2
709 1
710 4
711 2
712 3
713 1
714 2
715 2
716 1
717 3
718 1
719 2
720 1
721 3
722 2
723 1
724 2
725 1
726 2
727 3
728 2
729 4
730 1
731 4
732 2
733 2
734 3
735 2
736 2
737 3
738 1
739 1
740 1
741 3
742 1
743 1
744 4
745 7
746 2
747 1
748 1
749 1
750 3
751 2
752 2
754 2
755 2
756 2
757 5
758 1
759 3
760 3
761 1
762 2
763 5
764 2
765 3
766 2
767 3
768 3
769 2
770 4
771 1
772 2
773 4
775 1
776 4
777 2
778 2
779 1
780 2
781 5
782 3
783 2
784 2
785 3
786 4
787 1
788 1
789 2
790 3
791 2
793 4
794 2
795 2
796 7
797 2
798 2
800 3
801 3
802 3
803 1
804 2
805 2
806 1
807 2
808 1
809 2
810 2
811 3
812 2
814 4
815 1
816 1
817 1
818 3
819 3
821 2
822 1
823 1
824 3
825 1
826 4
827 1
828 1
830 2
831 3
832 2
833 1
834 1
835 4
836 1
837 2
838 6
839 3
840 5
841 3
842 4
843 1
844 1
845 2
846 7
847 7
848 1
849 5
850 1
851 3
852 4
853 1
854 4
855 1
856 4
857 2
858 1
860 2
861 2
862 2
863 4
864 3
865 3
866 2
867 6
868 3
869 3
870 2
871 3
872 3
873 6
874 1
875 2
876 3
877 3
878 2
879 3
880 1
881 3
882 2
883 4
884 3
885 3
887 3
888 4
889 2
890 1
891 3
892 4
893 3
894 5
895 1
896 2
897 2
898 2
899 5
900 2
901 4
902 1
904 3
905 6
906 2
907 2
908 2
909 2
910 1
911 2
912 2
913 1
914 1
915 4
917 4
919 1
920 2
922 2
924 9
925 4
927 2
928 4
930 3
931 5
932 2
933 1
934 3
935 2
936 1
937 3
938 5
939 4
940 2
941 4
942 4
943 6
944 4
945 2
946 2
947 5
949 1
950 2
951 1
952 2
953 1
954 1
955 2
956 6
958 1
959 1
960 6
961 2
962 2
963 3
965 1
966 4
967 4
968 4
970 5
971 4
972 1
973 1
974 3
975 2
976 2
977 2
978 3
979 6
980 3
981 1
982 6
983 2
984 1
985 1
986 1
987 4
988 1
991 5
992 4
993 1
994 3
995 3
996 3
997 1
998 4
999 4
1000 2
1001 2
1002 5
1003 3
1004 4
1005 1
1006 6
1007 2
1008 3
1009 4
1010 1
1011 5
1013 5
1014 2
1015 2
1016 2
1017 5
1018 2
1019 7
1020 5
1021 2
1023 1
1024 3
1025 3
1026 3
1028 2
1029 4
1031 2
1032 1
1033 2
1036 1
1037 3
1038 1
1039 1
1040 4
1041 1
1043 1
1044 4
1045 3
1046 1
1047 3
1048 2
1049 2
1050 5
1051 1
1052 1
1053 3
1054 3
1055 4
1056 1
1057 2
1059 2
1060 6
1061 2
1062 5
1063 2
1064 3
1065 3
1066 2
1067 1
1068 3
1069 6
1070 1
1071 4
1072 5
1073 3
1075 5
1076 2
1077 1
1078 4
1079 1
1080 1
1081 1
1082 2
1083 3
1084 3
1085 4
1087 3
1088 2
1089 6
1090 4
1092 3
1093 2
1094 2
1095 1
1096 4
1097 6
1098 1
1099 5
1100 4
1101 2
1103 4
1104 3
1105 2
1106 2
1107 4
1108 2
1110 2
1111 2
1112 3
1113 4
1114 2
1115 1
1116 2
1117 3
1118 2
1119 2
1120 2
1121 1
1122 4
1123 3
1124 1
1125 3
1126 1
1127 4
1128 2
1129 2
1130 3
1131 4
1132 1
1136 2
1139 2
1140 1
1141 5
1142 3
1143 4
1144 3
1145 4
1146 5
1147 3
1148 4
1149 2
1150 2
1151 1
1152 4
1153 6
1154 5
1155 1
1156 1
1157 4
1158 1
1159 1
1161 1
1162 3
1163 2
1164 3
1165 4
1166 2
1167 2
1169 1
1170 4
1171 6
1172 4
1173 4
1174 1
1175 2
1176 3
1177 3
1178 2
1179 1
1181 1
1182 1
1183 1
1184 2
1185 1
1186 2
1187 4
1188 2
1189 1
1192 5
1193 1
1194 5
1197 2
1198 2
1199 1
1200 1
1201 4
1202 2
1203 5
1204 2
1205 3
1206 1
1207 1
1208 3
1209 2
1210 1
1211 2
1212 4
1213 2
1214 2
1215 1
1216 1
1217 2
1218 3
1219 3
1220 3
1221 4
1222 4
1223 1
1224 2
1225 4
1226 2
1227 2
1228 2
1229 1
1230 2
1231 1
1233 3
1234 2
1235 3
1236 2
1237 3
1238 2
1239 2
1240 2
1242 1
1243 2
1244 2
1245 4
1246 2
1247 1
1248 3
1249 1
1250 3
1251 1
1252 4
1253 1
1254 2
1255 4
1256 1
1257 3
1258 1
1259 4
1260 2
1261 2
1262 1
1263 2
1264 2
1265 3
1266 3
1267 2
1268 1
1269 3
1270 2
1271 1
1272 4
1273 1
1274 1
1275 2
1277 3
1278 4
1279 1
1281 2
1283 1
1285 2
1286 1
1287 2
1288 2
1289 3
1290 2
1291 1
1292 4
1293 2
1294 2
1295 1
1296 2
1297 1
1298 2
1299 5
1300 3
1301 3
1303 2
1304 2
1305 3
1307 1
1309 3
1310 2
1311 3
1312 4
1313 1
1314 1
1315 2
1316 2
1317 6
1320 2
1321 3
1322 3
1326 5
1327 1
1328 2
1329 1
1331 2
1333 1
1334 2
1335 2
1336 1
1337 2
1338 2
1339 1
1340 4
1341 1
1342 1
1343 1
1344 2
1345 3
1346 1
1348 2
1349 1
1350 3
1351 3
1352 3
1353 1
1356 5
1357 1
1358 1
1359 1
1360 1
1361 2
1362 1
1364 3
1366 1
1367 3
1368 1
1369 2
1370 1
1371 1
1372 1
1373 1
1374 1
1375 2
1376 1
1379 2
1382 3
1383 1
1384 1
1385 3
1386 4
1387 1
1389 1
1391 2
1392 1
1393 1
1394 1
1395 1
1397 1
1399 5
1400 1
1401 1
1402 1
1404 2
1405 2
1406 1
1407 1
1408 3
1411 1
1413 2
1414 2
1415 1
1416 2
1418 1
1419 1
1420 1
1421 1
1422 2
1424 1
1425 3
1426 1
1427 2
1428 2
1429 1
1432 2
1433 1
1434 1
1435 2
1436 1
1437 2
1439 1
1440 2
1443 1
1444 1
1445 2
1446 1
1447 1
1449 1
1450 1
1452 1
1453 3
1454 1
1455 1
1456 2
1457 2
1460 1
1463 1
1464 1
1466 1
1468 2
1470 2
1471 2
1472 3
1474 3
1478 1
1479 1
1481 1
1483 1
1486 3
1487 2
1488 2
1489 1
1491 1
1492 1
1496 1
1498 1
1500 1
1501 1
1503 2
1506 1
1507 2
1509 2
1510 1
1513 2
1515 1
1516 1
1518 2
1520 2
1521 1
1522 2
1526 1
1528 1
1531 1
1533 1
1535 2
1536 2
1537 3
1539 1
1540 1
1544 1
1546 1
1548 1
1549 1
1550 2
1552 1
1554 1
1560 1
1565 1
1567 1
1569 1
1584 1
1586 1
1588 1
1596 2
1598 1
1619 1
