N J h mean_R_sq err_mean_R_sq mean_R_gyr_sq err_mean_R_gyr_sq 
1600 1.26 0 16042.3 514.842 2342.45 50.6119
676 1
729 1
742 1
751 1
754 1
759 1
768 1
770 1
779 1
780 2
782 2
783 1
790 1
793 1
795 1
798 2
801 2
802 1
803 1
805 1
808 1
811 1
814 2
815 2
816 1
818 2
820 1
821 1
823 2
824 3
825 2
826 3
827 1
828 2
829 8
830 1
834 1
835 1
836 2
837 2
838 2
839 4
840 2
841 1
842 3
843 1
844 1
845 2
846 2
848 2
849 2
850 1
851 3
852 2
853 2
854 2
855 2
856 1
857 2
858 4
859 2
860 5
861 2
862 3
863 5
864 2
865 3
866 5
867 1
868 1
869 4
870 3
871 2
872 1
873 2
874 4
875 3
876 3
877 4
878 5
879 4
880 3
881 5
882 5
883 7
884 5
885 7
886 3
887 1
888 5
889 6
890 4
891 9
892 3
893 5
894 8
895 10
896 2
897 6
898 5
899 8
900 10
901 12
902 5
903 5
904 5
905 3
906 3
907 6
908 5
909 3
910 10
911 5
912 5
913 8
914 9
915 9
916 4
917 7
918 5
919 14
920 7
921 11
922 3
923 15
924 6
925 9
926 6
927 14
928 13
929 9
930 5
931 3
932 10
933 12
934 9
935 6
936 12
937 11
938 10
939 14
940 14
941 7
942 10
943 7
944 13
945 7
946 11
947 14
948 9
949 10
950 10
951 10
952 8
953 16
954 5
955 12
956 13
957 11
958 7
959 17
960 12
961 9
962 11
963 12
964 11
965 14
966 18
967 6
968 11
969 14
970 21
971 13
972 9
973 19
974 13
975 7
976 16
977 9
978 18
979 18
980 7
981 15
982 9
983 16
984 19
985 10
986 8
987 8
988 16
989 17
990 15
991 20
992 10
993 13
994 15
995 8
996 11
997 17
998 14
999 18
1000 17
1001 11
1002 17
1003 15
1004 12
1005 15
1006 9
1007 14
1008 12
1009 10
1010 9
1011 13
1012 15
1013 11
1014 13
1015 12
1016 11
1017 22
1018 10
1019 17
1020 11
1021 10
1022 14
1023 13
1024 11
1025 10
1026 21
1027 7
1028 19
1029 11
1030 20
1031 14
1032 15
1033 21
1034 15
1035 16
1036 11
1037 11
1038 7
1039 12
1040 11
1041 14
1042 8
1043 13
1044 9
1045 6
1046 14
1047 11
1048 11
1049 11
1050 8
1051 9
1052 12
1053 10
1054 11
1055 9
1056 14
1057 10
1058 8
1059 9
1060 12
1061 11
1062 8
1063 13
1064 8
1065 9
1066 7
1067 9
1068 6
1069 14
1070 9
1071 7
1072 12
1073 7
1074 7
1075 5
1076 8
1077 5
1078 9
1079 13
1080 5
1081 8
1082 4
1083 4
1084 6
1085 2
1086 9
1087 6
1088 13
1089 5
1090 8
1091 7
1092 3
1093 6
1094 5
1095 2
1096 6
1097 6
1098 9
1099 1
1100 6
1101 5
1102 5
1103 4
1104 5
1105 8
1106 3
1107 8
1108 7
1109 4
1110 4
1111 3
1112 5
1113 4
1114 6
1115 4
1116 4
1117 3
1118 6
1119 4
1120 2
1121 5
1122 3
1123 4
1124 5
1125 2
1126 4
1128 5
1129 4
1130 3
1131 2
1132 4
1133 3
1134 2
1135 4
1136 1
1138 3
1139 1
1140 4
1141 2
1142 2
1144 1
1145 2
1146 1
1147 2
1148 4
1149 5
1150 1
1152 1
1153 1
1154 1
1155 1
1156 2
1157 5
1158 1
1159 1
1160 3
1161 2
1163 2
1164 2
1165 1
1168 1
1169 1
1170 1
1171 2
1172 2
1176 1
1177 1
1178 2
1179 1
1180 1
1181 2
1182 1
1184 1
1187 3
1188 1
1194 1
1199 1
1206 1
1224 1
1226 1
1227 1
1236 1
1252 1
1258 1
