N J h mean_R_sq err_mean_R_sq mean_R_gyr_sq err_mean_R_gyr_sq 
4900 1.27 0 403906 272489 91297.7 70604
845 1
862 1
864 1
875 1
878 1
887 1
888 1
890 1
892 1
894 1
897 1
899 1
901 1
903 1
906 1
907 1
910 2
911 2
912 1
913 1
914 2
915 3
916 1
918 1
925 1
926 2
927 1
928 1
930 2
931 1
933 2
934 2
935 3
936 1
937 2
938 2
939 2
940 2
941 2
942 2
943 2
944 4
945 3
946 2
948 3
949 2
950 3
951 5
952 9
953 1
954 4
955 1
956 5
957 3
958 3
959 9
960 1
961 1
962 4
963 5
964 4
965 1
966 3
967 2
968 1
969 2
970 7
971 2
973 3
974 3
975 3
976 4
977 2
978 5
979 7
980 3
981 4
982 8
983 6
984 5
985 3
986 2
987 8
988 4
989 9
990 5
991 5
992 5
993 2
994 6
995 6
996 3
997 3
998 2
999 5
1000 7
1001 8
1002 7
1003 8
1004 9
1005 5
1006 5
1007 6
1008 6
1009 11
1010 6
1011 10
1012 4
1013 4
1014 7
1015 4
1016 10
1017 6
1018 5
1019 4
1020 1
1021 8
1022 6
1023 4
1024 5
1025 6
1026 4
1027 6
1028 2
1029 4
1030 5
1031 4
1032 4
1033 7
1034 3
1035 5
1036 2
1037 6
1038 3
1039 4
1040 3
1041 4
1042 6
1043 3
1044 4
1045 2
1046 1
1047 1
1048 4
1049 2
1051 2
1052 2
1053 6
1054 1
1055 3
1056 2
1058 3
1059 3
1060 1
1061 3
1062 4
1063 2
1064 3
1065 4
1067 3
1068 2
1069 1
1070 1
1071 2
1072 3
1073 1
1074 1
1075 2
1076 2
1077 2
1078 1
1079 2
1080 1
1081 2
1082 2
1086 1
1095 1
1096 1
1098 1
1104 1
1105 1
1114 2
1116 1
1119 1
1122 1
