N J h mean_R_sq err_mean_R_sq mean_R_gyr_sq err_mean_R_gyr_sq 
900 1.26 0 7146.6 94.3728 1069.24 10.6056
828 1
844 1
856 1
857 1
864 1
869 1
870 1
873 1
881 2
882 1
888 2
890 1
892 1
894 2
897 1
898 1
900 1
902 1
903 1
907 1
910 1
911 1
913 3
914 2
915 1
918 1
920 1
921 1
922 2
923 2
924 2
925 3
926 1
927 1
928 1
929 1
930 1
931 2
932 1
933 2
934 2
936 2
937 3
938 1
939 1
940 2
941 4
942 1
943 4
944 1
945 1
946 2
947 2
948 4
949 1
950 3
951 6
952 2
954 3
955 5
957 2
958 4
959 3
960 3
961 4
962 6
963 6
964 7
965 7
966 2
967 2
968 6
969 6
970 3
971 5
972 8
973 5
974 5
975 4
976 5
977 6
978 4
979 6
980 8
981 5
982 13
983 6
984 6
985 12
986 9
987 7
988 8
989 7
990 8
991 6
992 14
993 13
994 13
995 12
996 8
997 11
998 16
999 6
1000 11
1001 11
1002 12
1003 14
1004 11
1005 7
1006 13
1007 16
1008 23
1009 19
1010 8
1011 22
1012 12
1013 15
1014 18
1015 18
1016 15
1017 13
1018 17
1019 18
1020 19
1021 19
1022 10
1023 14
1024 14
1025 19
1026 19
1027 17
1028 20
1029 20
1030 19
1031 14
1032 23
1033 17
1034 16
1035 13
1036 21
1037 23
1038 21
1039 29
1040 21
1041 29
1042 23
1043 16
1044 25
1045 25
1046 19
1047 31
1048 26
1049 28
1050 22
1051 17
1052 22
1053 25
1054 26
1055 28
1056 32
1057 24
1058 28
1059 23
1060 32
1061 26
1062 33
1063 34
1064 31
1065 35
1066 29
1067 21
1068 28
1069 25
1070 25
1071 24
1072 32
1073 37
1074 36
1075 35
1076 37
1077 21
1078 24
1079 37
1080 25
1081 43
1082 33
1083 28
1084 33
1085 41
1086 26
1087 27
1088 25
1089 24
1090 33
1091 37
1092 23
1093 31
1094 38
1095 29
1096 25
1097 40
1098 40
1099 30
1100 27
1101 28
1102 21
1103 27
1104 38
1105 34
1106 35
1107 23
1108 28
1109 30
1110 28
1111 27
1112 30
1113 25
1114 19
1115 20
1116 29
1117 24
1118 26
1119 26
1120 27
1121 20
1122 27
1123 31
1124 20
1125 18
1126 30
1127 19
1128 15
1129 27
1130 20
1131 21
1132 14
1133 20
1134 20
1135 30
1136 24
1137 15
1138 25
1139 19
1140 15
1141 16
1142 20
1143 17
1144 14
1145 13
1146 20
1147 18
1148 16
1149 19
1150 18
1151 5
1152 15
1153 9
1154 13
1155 11
1156 10
1157 10
1158 10
1159 10
1160 12
1161 18
1162 4
1163 9
1164 5
1165 12
1166 5
1167 5
1168 7
1169 11
1170 7
1171 8
1172 5
1173 6
1174 9
1175 10
1176 8
1177 5
1178 9
1179 4
1180 6
1181 5
1182 4
1183 4
1184 5
1185 5
1186 2
1187 3
1188 5
1189 4
1190 6
1191 2
1192 1
1193 3
1194 5
1195 1
1196 2
1198 2
1199 1
1200 1
1201 2
1203 1
1204 1
1205 1
1206 1
1207 1
1208 1
1210 1
1211 2
1212 2
1215 1
1216 2
1218 1
1223 2
1224 1
1231 1
1236 1
1264 1
1268 1
