N J h mean_R_sq err_mean_R_sq mean_R_gyr_sq err_mean_R_gyr_sq 
900 1.27 0 6465.09 103.798 982.186 10.891
1000 170
1001 162
1002 178
1003 158
1004 147
1005 142
1006 125
1007 117
1008 129
1009 121
1010 101
1011 122
1012 106
1013 105
1014 115
1015 87
1016 92
1017 79
1018 76
1019 91
1020 62
1021 80
1022 69
1023 50
1024 73
1025 59
1026 51
1027 56
1028 44
1029 63
1030 45
1031 43
1032 38
1033 41
1034 44
1035 37
1036 35
1037 39
1038 32
1039 28
1040 27
1041 33
1042 31
1043 28
1044 30
1045 20
1046 26
1047 24
1048 22
1049 17
1050 25
1051 13
1052 17
1053 14
1054 24
1055 7
1056 18
1057 13
1058 20
1059 12
1060 23
1061 12
1062 14
1063 16
1064 8
1065 10
1066 12
1067 13
1068 10
1069 8
1070 6
1071 8
1072 13
1073 5
1074 4
1075 7
1076 7
1077 5
1078 3
1079 7
1080 8
1081 9
1082 7
1083 4
1084 4
1085 7
1086 6
1087 9
1088 3
1089 5
1090 3
1091 5
1092 2
1093 4
1094 9
1095 4
1096 5
1098 6
1099 6
1100 4
1101 3
1102 3
1103 5
1104 2
1105 4
1106 1
1107 1
1108 3
1109 3
1110 1
1112 1
1113 1
1114 2
1115 1
1116 3
1118 1
1119 2
1120 1
1123 1
1125 1
1126 1
1127 1
1130 1
1131 2
1132 1
1137 2
1138 1
1141 1
1143 1
1145 1
1146 2
1151 2
1155 1
1162 1
1164 1
1168 1
1175 2
1177 1
1197 1
1262 1
