N J h mean_R_sq err_mean_R_sq mean_R_gyr_sq err_mean_R_gyr_sq 
4900 1.292 0 279282 254429 146593 136661
399 1
448 1
477 1
481 1
515 1
532 1
551 1
560 1
561 1
562 1
565 1
566 1
571 1
585 1
586 1
588 1
592 1
603 1
604 1
610 1
620 1
634 1
640 1
642 1
644 3
647 1
654 1
657 1
658 2
664 3
668 1
676 1
680 1
684 1
685 2
686 1
688 1
691 1
706 1
711 1
715 3
727 2
731 1
732 1
742 2
747 1
750 1
761 1
766 1
769 1
771 1
776 1
778 1
781 1
783 1
787 1
792 1
797 1
801 1
802 1
803 1
805 1
808 1
810 1
813 1
819 1
830 1
836 1
837 1
840 2
850 1
858 2
860 1
870 1
874 1
879 1
880 3
882 1
891 1
893 1
896 2
901 1
903 1
904 1
907 1
908 1
914 1
915 1
917 1
918 2
921 1
922 1
924 1
926 1
927 1
929 1
934 1
942 1
944 1
945 1
948 1
950 3
951 1
953 1
954 2
956 1
960 1
961 1
963 1
964 1
965 1
968 1
973 2
974 1
976 1
977 1
982 2
988 1
989 1
991 1
994 1
995 2
996 1
998 1
1000 1
1002 1
1003 1
1005 1
1006 1
1007 1
1008 1
1009 2
1011 1
1013 2
1015 2
1023 1
1026 1
1032 1
1034 2
1038 2
1040 1
1042 1
1045 2
1046 1
1048 1
1051 1
1052 1
1053 1
1054 1
1055 1
1056 1
1059 2
1065 1
1067 1
1069 1
1070 2
1072 1
1073 1
1074 2
1076 1
1085 1
1086 1
1087 1
1089 2
1090 1
1095 1
1099 1
1106 1
1109 1
1112 2
1113 2
1115 2
1117 1
1134 1
1135 1
1148 1
1152 1
1164 1
1165 1
1166 1
1168 1
1178 1
1179 1
1180 1
1191 1
1193 1
1195 1
1197 1
1198 1
1202 1
1206 1
1211 1
1213 1
1214 2
1220 1
1225 1
1238 1
1240 1
1242 1
1247 1
1249 1
1250 1
1256 1
1259 1
1260 1
1262 1
1267 1
1270 1
1272 2
1279 1
1291 2
1298 1
1300 1
1311 1
1319 1
1326 1
1331 1
1332 1
1335 1
1336 1
1341 1
1345 1
1350 1
1352 2
1353 1
1358 1
1360 1
1364 2
1365 1
1366 1
1369 1
1372 1
1380 1
1383 1
1390 1
1394 1
1397 1
1398 1
1399 2
1400 1
1402 1
1406 1
1413 1
1418 1
1419 1
1420 1
1421 1
1424 1
1437 1
1463 1
1477 1
1515 1
1520 2
1523 1
1551 1
1558 1
1598 1
