N J h mean_R_sq err_mean_R_sq mean_R_gyr_sq err_mean_R_gyr_sq 
3600 1.305 0 35532.5 32461.6 9139.09 8179.75
1 1
5 2
13 1
17 3
25 2
29 3
37 1
41 1
45 1
53 1
61 3
65 5
73 1
85 4
89 3
97 2
101 2
109 2
113 2
117 4
121 1
125 3
137 2
145 4
149 3
153 2
157 2
169 1
173 1
181 5
185 2
205 5
221 7
225 1
233 1
241 3
245 3
257 3
261 1
265 3
269 1
277 1
281 2
289 1
305 1
313 3
317 2
325 5
337 3
349 1
361 1
365 1
369 3
373 1
377 5
397 2
401 2
405 2
409 2
421 1
425 2
441 3
445 2
457 3
461 2
477 4
481 4
485 4
493 2
505 4
509 1
521 2
529 1
533 2
545 4
549 2
557 1
565 2
577 4
585 2
593 2
601 2
605 2
613 3
617 2
625 4
629 3
637 1
661 1
673 1
685 5
689 3
697 7
701 2
709 2
725 8
729 2
745 8
757 2
761 1
765 6
769 2
785 5
793 3
797 3
801 3
809 4
821 3
829 2
833 2
841 1
845 4
857 3
865 1
873 3
877 1
881 2
901 4
905 2
909 4
925 2
929 1
937 1
941 2
949 2
953 1
961 2
965 2
977 2
981 1
985 4
1009 1
1013 3
1017 2
1021 1
1025 3
1033 4
1037 2
1049 3
1053 2
1069 4
1073 1
1097 3
1105 5
1117 2
1125 1
1129 1
1145 3
1153 3
1157 1
1165 7
1181 2
1189 5
1193 2
1201 1
1205 6
1213 2
1225 3
1233 2
1241 2
1249 1
1261 2
1277 1
1285 6
1289 2
1297 3
1301 3
1305 4
1313 8
1321 1
1325 3
1345 1
1369 2
1373 2
1377 1
1381 1
1385 1
1405 5
1409 2
1413 2
1417 2
1421 3
1429 2
1433 2
1445 5
1453 1
1465 4
1469 3
1489 5
1493 1
1513 11
1517 3
1521 2
1525 6
1537 7
1549 3
1553 2
1557 2
1565 3
1573 4
1585 2
1597 1
1601 5
1609 4
1621 1
1625 9
1629 3
1637 1
1657 1
1665 1
1669 2
1681 3
1685 3
1693 1
1697 3
1709 1
1717 1
1721 1
1737 1
1741 1
1745 2
1765 3
1769 2
1773 1
1777 1
1781 1
1789 1
1801 3
1805 1
1825 1
1845 1
1853 4
1861 2
1865 1
1873 1
1877 1
1885 6
1889 1
1913 1
1921 4
1933 2
1937 4
1945 1
1949 3
1973 1
1985 4
1989 1
1997 1
2005 7
2017 2
2025 1
2029 2
2041 2
2045 4
2053 1
2057 2
2061 1
2069 1
2081 2
2089 2
2097 3
2105 4
2113 1
2117 3
2125 7
2141 2
2165 3
2169 2
2173 5
2205 2
2213 3
2221 2
2225 3
2237 1
2245 1
2249 1
2257 2
2269 1
2281 3
2285 1
2293 2
2309 2
2313 1
2329 2
2341 4
2349 1
2353 1
2357 1
2377 1
2385 4
2389 2
2393 5
2405 2
2421 1
2425 3
2437 1
2465 2
2477 2
2493 1
2501 3
2509 2
2525 4
2529 2
2533 4
2545 3
2549 2
2561 2
2581 3
2605 2
2609 2
2617 1
2621 1
2637 1
2645 1
2665 1
2669 1
2689 2
2693 1
2701 1
2705 1
2713 2
2725 4
2729 2
2745 4
2749 1
2753 4
2785 2
2797 1
2801 2
2809 2
2813 1
2825 2
2833 2
2845 1
2861 2
2873 3
2885 3
2897 2
2909 2
2917 1
2925 4
2929 2
2941 1
2965 3
2969 1
2977 1
2989 1
2993 3
3005 4
3025 1
3029 3
3037 1
3041 1
3049 6
3065 2
3077 2
3085 1
3109 1
3121 2
3125 2
3133 1
3141 2
3145 4
3161 3
3169 1
3185 3
3217 1
3229 3
3233 6
3253 3
3265 2
3285 1
3301 1
3305 1
3313 1
3341 4
3349 2
3361 1
3373 2
3385 1
3389 2
3393 4
3425 3
3445 5
3461 1
3469 2
3485 3
3497 1
3501 1
3517 2
3529 1
3533 2
3545 4
3557 3
3573 1
3589 3
3593 1
3601 1
3613 2
3625 1
3645 1
3649 3
3653 3
3665 2
3681 1
3701 2
3709 1
3721 1
3725 5
3737 1
3757 1
3785 1
3789 1
3793 1
3797 1
3809 1
3825 1
3845 3
3865 2
3869 1
3881 2
3925 2
3929 1
3961 1
3965 3
3973 3
3985 2
4001 1
4013 1
4033 3
4041 1
4045 3
4049 1
4069 1
4073 1
4105 1
4121 1
4129 1
4133 1
4141 1
4149 3
4153 1
4165 2
4181 2
4201 1
4205 3
4225 1
4253 2
4261 2
4265 1
4273 1
4289 1
4297 1
4321 1
4325 1
4329 3
4365 2
4373 1
4385 1
4405 2
4469 1
4493 1
4505 2
4513 1
4517 1
4525 1
4537 1
4549 1
4553 2
4561 1
4581 1
4589 1
4597 1
4625 1
4633 1
4673 1
4685 2
4709 1
4717 3
4729 1
4745 1
4753 1
4761 1
4765 1
4793 1
4801 1
4825 2
4849 1
4885 1
4901 1
4905 1
4909 2
4937 1
4941 1
4969 1
4973 2
4981 1
4985 2
4993 1
5013 1
5017 3
5057 1
5081 1
5085 1
5125 1
5141 1
5185 1
5189 1
5213 1
5245 2
5281 1
5305 2
5317 1
5353 1
5365 2
5381 1
5393 2
5409 1
5413 1
5429 1
5441 1
5465 2
5473 1
5477 1
5517 1
5521 1
5525 1
5545 1
5585 2
5597 1
5617 1
5645 1
5765 2
5769 1
5809 1
5825 1
5837 1
5849 1
5857 1
5861 1
5869 1
5917 1
5933 1
5945 2
5953 1
5965 1
5989 1
6001 1
6025 1
6073 1
6093 1
6121 1
6133 1
6185 1
6197 1
6205 1
6273 1
6305 1
6337 2
6385 1
6401 2
6409 2
6425 1
6497 2
6505 1
6525 2
6565 1
6661 3
6705 1
6737 1
6781 1
6805 1
6817 1
6829 1
6845 1
6953 1
7069 1
7085 1
7157 1
7165 1
7173 1
7193 1
7225 1
7229 1
7261 1
7281 2
7289 1
7345 1
7369 1
7397 2
7421 1
7565 2
7605 1
7685 1
7769 2
7785 1
7801 1
7817 1
7897 1
7913 1
7921 1
7929 1
7985 1
8021 1
8069 1
8077 2
8089 1
8117 2
8125 1
8145 1
8181 1
8185 1
8249 1
8293 1
8329 2
8357 1
8405 1
8497 2
8629 1
8665 1
8725 1
9049 1
9077 1
9265 1
9425 1
9441 1
9469 1
9613 1
9621 1
9841 1
9997 1
10081 1
10133 1
10357 1
11357 1
11453 1
11621 1
11645 1
11933 1
12049 1
12753 1
13757 1
14897 1
15529 1
19373 1
21005 1
24193 1
25825 1
29817 1
204257 1
239933 1
283753 1
410705 1
454325 1
1349857 1
1373945 1
1376413 1
1407557 1
1440001 1
1482689 1
1517497 1
1519090 1
1562861 1
1610677 1
1709605 1
1716250 1
1722964 1
1850477 1
1871090 1
1942020 1
1953716 1
1960180 1
1993700 1
2018900 1
2060066 1
2077569 1
2966805 1
