N J h mean_R_sq err_mean_R_sq mean_R_gyr_sq err_mean_R_gyr_sq 
1225 1.319 0 2057.06 172.326 419.451 19.72
2 1
10 1
16 2
18 4
20 7
26 3
36 1
50 8
52 7
58 1
64 1
72 2
74 2
80 4
82 6
90 4
100 5
104 2
106 4
116 4
122 1
128 2
130 8
136 3
144 3
146 3
148 6
160 2
164 3
170 2
178 2
180 5
194 5
200 4
202 9
208 3
212 2
218 2
226 5
232 3
234 2
242 2
244 5
250 5
256 1
260 5
272 2
274 4
290 4
292 7
298 2
306 1
314 2
320 4
324 3
328 3
338 5
340 9
346 1
356 3
360 1
362 4
370 7
386 2
388 2
392 1
394 2
400 7
404 1
410 8
416 5
424 1
436 5
442 5
450 5
452 3
458 3
464 3
466 3
468 2
482 4
488 4
490 2
500 3
512 1
514 6
520 4
522 2
530 7
538 1
544 3
548 2
554 1
576 1
578 8
580 4
584 3
586 2
596 4
610 5
612 3
626 4
628 5
634 1
640 4
650 6
656 6
666 4
674 6
676 5
680 3
692 3
698 3
706 3
712 1
720 3
730 7
738 5
740 3
746 2
754 5
772 4
776 4
788 2
794 2
800 3
802 2
808 5
810 3
818 4
820 4
832 5
842 1
848 4
850 10
866 2
872 3
882 2
884 5
890 4
898 1
900 3
904 1
914 1
916 2
922 3
928 2
932 4
954 5
962 2
964 1
970 3
976 1
980 1
986 4
1000 4
1010 3
1018 4
1028 2
1040 1
1044 1
1058 2
1060 1
1066 3
1076 1
1082 1
1088 5
1090 3
1096 1
1098 2
1114 1
1130 4
1138 4
1152 1
1154 6
1156 2
1160 5
1168 4
1170 2
1172 2
1184 4
1192 2
1202 3
1210 1
1220 2
1224 2
1226 3
1234 6
1250 5
1252 1
1258 3
1268 3
1274 4
1280 3
1282 3
1296 1
1300 8
1306 3
1312 3
1314 2
1322 7
1346 4
1348 1
1352 1
1354 3
1360 4
1370 2
1378 4
1384 3
1394 3
1396 1
1402 2
1412 1
1418 5
1424 2
1444 3
1448 4
1450 6
1458 1
1460 5
1476 3
1480 3
1490 7
1492 4
1508 1
1514 1
1522 4
1530 1
1538 4
1546 3
1552 1
1570 3
1586 1
1588 2
1594 2
1600 1
1602 1
1604 2
1616 2
1618 1
1636 2
1640 2
1642 3
1658 4
1664 1
1666 2
1682 5
1690 6
1696 1
1700 4
1706 1
1714 1
1730 5
1732 2
1744 1
1754 2
1762 1
1764 1
1768 3
1780 5
1796 1
1800 2
1802 3
1808 2
1810 2
1818 3
1828 2
1850 2
1856 1
1864 6
1872 4
1882 1
1898 1
1906 1
1908 1
1922 2
1924 2
1928 5
1930 1
1940 3
1954 4
1960 2
1962 1
1970 5
1972 6
2000 2
2018 2
2020 1
2026 1
2036 1
2042 1
2050 2
2056 1
2066 2
2074 2
2080 2
2084 1
2088 2
2098 2
2120 3
2132 4
2138 1
2146 4
2164 2
2176 3
2178 1
2180 1
2186 1
2210 4
2216 1
2234 1
2248 1
2250 3
2258 2
2290 1
2304 1
2306 1
2308 2
2312 4
2314 5
2320 1
2330 3
2336 1
2378 2
2384 2
2386 1
2402 1
2410 2
2420 1
2426 1
2434 2
2440 1
2448 1
2450 2
2452 2
2458 1
2474 1
2482 1
2512 1
2516 4
2522 2
2536 1
2564 3
2570 2
2594 1
2600 2
2602 1
2628 1
2642 2
2644 1
2650 2
2664 2
2690 2
2696 2
2704 1
2708 1
2720 2
2738 2
2740 2
2746 1
2756 3
2762 2
2768 1
2770 1
2788 1
2804 2
2810 1
2818 2
2824 1
2826 1
2834 2
2842 2
2848 2
2888 1
2890 1
2900 2
2920 2
2938 3
2952 1
2960 3
2962 2
2980 1
3034 1
3050 1
3074 1
3088 1
3104 1
3112 1
3140 1
3146 2
3170 1
3172 1
3194 2
3200 1
3208 2
3226 1
3236 2
3250 2
3258 1
3272 1
3274 1
3280 2
3298 2
3314 1
3316 1
3330 1
3338 2
3368 1
3370 1
3380 2
3386 1
3412 1
3418 2
3428 1
3434 2
3460 2
3488 1
3490 1
3508 1
3530 3
3538 1
3546 1
3554 1
3562 1
3616 1
3620 1
3656 1
3690 1
3700 1
3706 1
3712 2
3722 1
3744 2
3770 1
3842 1
3874 1
3880 2
3890 1
3940 1
3970 1
3978 2
3988 1
4040 1
4050 1
4052 1
4058 1
4068 1
4072 1
4082 1
4084 2
4090 3
4096 1
4148 1
4160 1
4168 1
4226 2
4240 2
4258 1
4330 3
4346 1
4352 1
4356 1
4384 2
4410 1
4474 1
4498 1
4500 1
4514 1
4520 1
4570 1
4608 1
4640 3
4660 1
4682 1
4706 2
4754 1
4768 1
4770 1
4834 1
4852 2
4882 1
4900 1
4916 1
4930 1
4936 1
4948 1
4964 1
5002 2
5024 1
5042 1
5044 1
5066 1
5120 1
5140 2
5210 1
5284 1
5314 1
5328 1
5338 1
5380 1
5392 1
5402 1
5410 1
5416 1
5440 3
5508 1
5540 1
5570 1
5668 1
5716 1
5746 1
5794 1
5876 1
5960 1
6032 1
6066 1
6068 1
6098 1
6130 1
6148 2
6260 1
6282 1
6290 1
6404 1
6452 1
6464 1
6480 1
6500 1
6562 1
6602 1
6800 1
6850 1
6868 1
6970 2
7058 1
7072 1
7090 1
7092 1
7218 1
7300 1
7354 1
7376 1
7492 1
7514 1
7586 1
7666 1
7754 1
7956 1
8144 1
8242 1
8264 2
8296 1
8320 1
8330 1
8410 1
8450 1
8522 1
8546 1
8738 1
8840 1
8980 1
9162 1
9386 1
10088 1
10100 1
10138 1
10530 1
11240 1
11458 1
11698 1
12658 1
12688 1
12968 1
13000 1
13284 1
13568 1
13834 1
14210 1
15514 1
16180 1
16210 1
16490 1
16804 1
17104 1
17352 1
17450 1
17810 1
19080 1
26500 1
27560 1
