N J h mean_R_sq err_mean_R_sq mean_R_gyr_sq err_mean_R_gyr_sq 
4900 1.307 0 107241 101105 42785.5 40484.4
9 1
13 2
25 1
41 1
49 2
61 1
65 1
73 1
85 1
101 1
109 2
113 1
121 1
137 1
145 2
149 1
173 1
185 1
193 1
221 2
257 2
265 1
269 1
289 2
293 2
305 3
317 2
325 6
353 1
365 2
369 2
377 2
389 1
397 2
401 1
405 1
421 1
425 2
445 2
481 1
505 3
521 1
533 3
545 1
557 1
577 1
585 1
601 1
605 2
613 1
617 2
625 1
641 1
689 1
697 1
709 2
725 1
745 1
761 1
765 1
769 1
773 1
785 4
809 1
841 1
845 2
853 1
857 1
901 2
905 1
925 1
965 1
977 3
981 1
985 2
1017 1
1025 2
1069 2
1073 1
1093 2
1097 2
1105 3
1117 2
1125 2
1129 3
1145 3
1153 1
1157 2
1165 1
1205 3
1213 1
1225 1
1229 1
1237 1
1241 1
1261 2
1289 1
1305 2
1313 2
1325 2
1341 1
1345 1
1369 1
1381 1
1385 1
1409 2
1413 1
1417 2
1429 1
1433 1
1445 4
1465 4
1469 1
1493 2
1513 2
1517 1
1521 1
1525 1
1537 2
1625 3
1657 1
1665 1
1709 1
1717 1
1737 1
1741 1
1745 1
1753 1
1765 3
1773 1
1777 1
1781 1
1813 1
1845 3
1853 2
1865 1
1873 2
1877 1
1885 5
1889 3
1901 2
1921 1
1933 3
1945 1
1973 3
1985 3
1989 3
1997 1
2005 2
2025 1
2041 1
2045 1
2057 1
2061 1
2081 1
2097 1
2113 1
2117 3
2125 1
2165 1
2173 1
2197 3
2205 1
2225 1
2245 1
2249 1
2305 1
2329 1
2333 3
2353 2
2357 1
2393 1
2421 1
2425 1
2441 2
2465 3
2501 1
2545 1
2557 1
2561 1
2581 2
2597 3
2601 3
2617 1
2645 1
2665 1
2669 4
2693 1
2701 2
2705 1
2713 2
2729 2
2741 2
2749 1
2777 2
2789 1
2813 1
2825 3
2845 2
2857 1
2873 1
2897 1
2925 1
2953 2
2965 2
2977 1
2989 1
2993 2
3005 1
3025 3
3041 1
3065 1
3077 1
3085 3
3089 1
3125 2
3133 1
3145 1
3161 1
3177 2
3185 1
3205 1
3217 1
3257 1
3265 1
3281 1
3293 2
3341 1
3361 1
3365 2
3385 1
3389 1
3393 1
3445 2
3457 1
3485 3
3497 1
3505 1
3517 2
3541 1
3545 1
3573 1
3577 1
3589 2
3593 1
3601 2
3625 1
3637 1
3649 3
3653 1
3665 1
3673 1
3697 1
3725 1
3757 1
3809 1
3825 1
3877 1
3897 1
3917 1
3925 2
3961 1
3965 3
3977 1
3989 1
4005 1
4013 1
4021 1
4033 1
4041 1
4045 1
4097 2
4113 1
4129 1
4165 1
4201 2
4229 1
4285 1
4297 1
4321 1
4329 1
4337 1
4365 3
4381 1
4385 1
4405 1
4437 1
4441 1
4453 1
4469 1
4477 1
4489 1
4517 1
4545 1
4589 1
4625 1
4645 1
4709 1
4797 2
4825 1
4901 1
4905 1
4981 2
5017 2
5057 2
5077 1
5085 1
5101 1
5121 1
5141 1
5165 1
5185 2
5189 2
5209 1
5213 1
5237 2
5245 2
5281 1
5305 2
5337 1
5365 1
5409 1
5485 1
5501 1
5517 1
5545 1
5573 1
5625 3
5645 1
5661 1
5689 1
5769 1
5813 1
5821 1
5849 1
5861 1
5945 2
5965 1
6065 1
6093 2
6161 1
6165 1
6205 1
6361 1
6425 1
6449 1
6505 1
6565 3
6581 1
6597 1
6613 1
6625 1
6641 1
6713 1
6749 1
6761 1
6773 1
6845 1
6885 1
6949 1
6953 1
6997 1
7093 1
7137 1
7261 2
7265 1
7281 1
7345 1
7349 1
7373 1
7417 1
7445 1
7577 1
7585 1
7605 1
7693 1
7709 1
7765 1
7785 1
7993 1
8033 1
8081 1
8093 1
8125 1
8149 1
8285 1
8317 1
8325 1
8329 1
8333 1
8405 2
8425 1
8429 1
8541 1
8545 1
8685 1
8689 1
8693 1
8825 1
8865 1
8941 1
9181 1
9277 1
9425 1
9817 1
9857 1
10985 1
11065 1
11465 1
11765 1
11821 1
12433 1
12541 1
12893 1
13901 1
14161 1
19825 1
20341 1
343460 1
375629 1
394960 1
512296 1
716497 1
738970 1
808202 1
834202 1
1142762 1
1332880 1
2300701 1
3481250 1
4745266 1
5070970 1
5154664 1
5164490 1
5231098 1
5306018 1
5309572 1
5501050 1
5524100 1
