N J h mean_R_sq err_mean_R_sq mean_R_gyr_sq err_mean_R_gyr_sq 
2500 1.278 0 30003.4 8345.2 5139.12 1832.27
5 1
41 1
53 1
61 1
85 1
137 2
145 1
153 1
169 2
181 1
193 1
205 2
221 2
225 1
233 1
257 3
269 1
305 1
317 1
325 2
361 2
369 1
401 1
425 4
445 1
457 1
485 2
493 1
509 1
545 1
577 1
585 1
605 2
617 2
625 2
629 1
677 3
685 1
689 1
709 1
729 1
757 1
785 1
793 3
797 1
801 1
821 2
845 1
853 1
881 1
901 2
909 1
925 1
929 1
949 3
953 1
961 1
985 1
1017 1
1021 1
1037 2
1097 1
1105 3
1125 1
1129 1
1145 2
1181 1
1217 1
1233 1
1241 1
1285 3
1301 1
1305 1
1325 1
1341 2
1345 2
1377 2
1405 2
1417 1
1433 1
1445 2
1469 2
1493 1
1513 1
1525 2
1553 1
1557 2
1565 1
1573 1
1613 1
1649 2
1697 1
1709 1
1745 3
1753 1
1765 1
1769 1
1789 1
1825 2
1849 1
1853 1
1861 1
1865 2
1873 1
1885 1
1901 1
1933 2
1937 3
1945 1
1949 1
1973 1
1997 1
2005 1
2009 1
2025 2
2041 1
2045 1
2061 1
2081 1
2089 1
2097 1
2105 1
2125 1
2129 3
2165 2
2169 2
2173 1
2197 3
2213 1
2225 2
2257 1
2273 2
2281 1
2285 1
2305 1
2313 1
2377 2
2385 1
2401 1
2405 1
2425 1
2437 2
2465 2
2509 2
2521 1
2525 2
2561 2
2581 1
2593 1
2605 3
2617 1
2633 3
2637 1
2665 3
2669 3
2677 1
2689 1
2705 1
2729 2
2741 2
2777 1
2785 1
2801 1
2809 1
2813 1
2825 2
2853 1
2909 3
2929 1
2941 1
2957 1
3001 1
3005 3
3037 1
3049 1
3061 1
3065 1
3077 1
3109 1
3121 2
3125 4
3133 1
3141 1
3145 1
3161 2
3185 2
3209 1
3217 2
3221 1
3233 1
3257 2
3341 1
3349 1
3385 2
3425 4
3445 4
3457 2
3461 1
3485 2
3501 1
3505 2
3529 1
3545 2
3577 1
3589 1
3593 1
3601 3
3613 1
3617 1
3625 3
3653 1
3665 1
3673 1
3697 1
3725 3
3737 1
3757 2
3761 2
3769 2
3785 2
3789 2
3797 1
3805 1
3825 1
3845 1
3869 1
3881 1
3889 2
3893 1
3917 1
3925 2
3929 1
3965 3
3973 2
3977 2
3985 2
4013 1
4045 1
4057 1
4073 2
4097 2
4105 2
4121 4
4133 1
4165 1
4177 1
4181 1
4201 2
4205 2
4225 1
4229 1
4241 1
4265 2
4285 2
4289 1
4293 2
4297 2
4325 2
4329 1
4349 1
4365 1
4369 2
4381 2
4385 1
4409 1
4453 1
4469 3
4505 2
4525 2
4537 1
4545 1
4573 1
4581 1
4589 2
4673 1
4689 2
4693 1
4705 1
4709 1
4717 1
4729 1
4745 2
4777 1
4797 2
4801 1
4805 1
4813 1
4825 3
4849 2
4877 1
4885 2
4889 3
4901 1
4905 1
4913 2
4985 1
5009 1
5045 2
5065 1
5069 1
5085 2
5113 1
5125 2
5141 1
5153 2
5161 2
5165 1
5193 1
5237 1
5265 1
5273 1
5281 1
5309 3
5317 1
5321 3
5329 2
5333 1
5345 2
5353 1
5365 2
5389 1
5409 1
5441 1
5473 1
5513 2
5517 1
5525 1
5537 1
5569 2
5573 2
5585 1
5597 1
5617 2
5625 1
5629 1
5645 2
5661 2
5693 1
5701 1
5713 1
5725 2
5729 2
5765 1
5777 2
5809 1
5837 1
5861 1
5897 1
5905 1
5917 2
5933 1
5945 3
5949 1
5965 1
5989 2
5993 1
6001 1
6005 1
6025 1
6037 1
6065 1
6085 1
6109 1
6113 2
6121 1
6133 1
6137 2
6145 2
6161 1
6173 1
6197 1
6205 3
6221 1
6253 3
6273 1
6277 1
6301 1
6305 2
6361 2
6373 1
6389 2
6401 1
6409 2
6413 1
6425 1
6445 2
6449 1
6481 3
6485 1
6497 1
6505 1
6521 1
6565 2
6613 1
6617 1
6625 2
6641 2
6649 2
6661 1
6673 2
6705 2
6725 3
6733 3
6749 1
6761 1
6781 1
6793 1
6805 2
6813 1
6845 2
6857 1
6877 1
6893 3
6905 1
6917 1
6921 1
6925 1
6929 2
6961 1
7001 1
7025 1
7065 3
7069 1
7081 4
7093 2
7105 2
7129 1
7137 1
7177 2
7209 1
7213 1
7225 4
7261 1
7265 2
7281 1
7289 1
7345 3
7389 4
7397 1
7457 1
7465 1
7477 1
7489 1
7497 1
7501 1
7541 2
7565 2
7589 1
7765 1
7785 1
7801 1
7817 1
7825 1
7837 1
7853 2
7865 1
7873 1
7893 1
7897 1
7901 1
7913 1
7937 1
7949 2
7957 1
7969 1
7985 1
8005 1
8009 1
8033 1
8065 1
8077 1
8109 1
8145 1
8177 1
8245 3
8249 3
8281 1
8285 3
8293 1
8325 3
8333 1
8357 3
8361 2
8369 1
8377 1
8381 1
8405 1
8425 1
8461 2
8485 3
8489 1
8537 1
8541 2
8545 1
8585 2
8593 1
8597 1
8609 2
8629 1
8633 2
8677 2
8685 1
8693 1
8705 1
8725 1
8749 1
8761 1
8801 1
8821 1
8825 1
8833 2
8845 1
8857 1
8865 2
8869 1
8905 1
8917 3
8945 1
8957 1
8969 1
8989 1
9001 1
9005 2
9025 1
9041 1
9061 2
9065 1
9077 2
9113 1
9137 1
9157 1
9169 1
9173 1
9181 1
9193 3
9217 2
9225 1
9265 3
9281 1
9293 1
9297 1
9325 3
9337 1
9365 1
9385 1
9389 1
9397 1
9409 2
9425 3
9441 1
9445 1
9469 2
9497 1
9509 2
9553 4
9565 1
9605 1
9613 1
9629 1
9653 1
9657 1
9665 1
9685 5
9689 1
9701 1
9725 1
9749 1
9769 3
9773 1
9797 2
9805 2
9809 1
9833 1
9837 2
9857 1
9873 2
9881 1
9893 2
9901 3
9925 1
9945 3
9953 1
9985 1
9997 1
10001 1
10009 2
10025 1
10045 1
10057 4
10069 1
10093 2
10133 2
10161 1
10193 1
10201 1
10205 4
10225 2
10229 2
10237 2
10249 2
10253 2
10265 1
10273 1
10285 1
10305 3
10321 1
10345 1
10361 1
10369 1
10405 1
10413 2
10477 1
10485 3
10489 1
10517 1
10525 3
10529 2
10565 1
10573 3
10585 2
10597 1
10601 2
10625 4
10673 1
10701 1
10705 2
10737 1
10769 1
10781 1
10789 1
10805 2
10845 1
10853 1
10865 1
10877 1
10937 1
11009 1
11057 1
11065 1
11089 2
11093 1
11101 1
11105 2
11113 3
11125 3
11141 1
11197 1
11213 1
11221 2
11225 2
11237 2
11241 1
11273 1
11281 1
11285 1
11317 1
11321 2
11345 1
11349 1
11357 1
11365 1
11369 1
11413 1
11425 4
11449 1
11453 1
11461 1
11493 1
11497 1
11509 2
11521 4
11525 3
11549 2
11593 1
11617 1
11629 1
11645 1
11665 1
11705 1
11729 2
11737 1
11765 2
11773 1
11785 1
11789 1
11801 1
11813 1
11821 1
11849 3
11885 1
11897 1
11917 1
11925 1
11945 1
11953 1
11965 1
12013 1
12017 1
12025 4
12049 1
12053 2
12085 2
12101 1
12109 1
12125 1
12205 1
12233 1
12241 1
12269 2
12277 1
12281 1
12317 2
12325 1
12357 1
12365 1
12377 1
12385 1
12401 1
12409 1
12437 2
12469 2
12493 1
12505 1
12545 2
12557 2
12569 1
12577 1
12593 1
12605 2
12625 3
12653 1
12665 4
12689 1
12697 1
12701 2
12713 1
12717 1
12725 2
12745 1
12753 2
12769 2
12805 2
12821 1
12833 2
12841 1
12853 2
12897 1
12905 1
12913 4
12941 1
12965 2
12973 1
12985 2
12997 1
13001 1
13037 2
13045 1
13061 1
13073 1
13105 3
13117 1
13165 2
13169 1
13221 1
13241 1
13273 1
13285 1
13325 2
13329 1
13337 1
13385 1
13421 2
13437 1
13445 1
13465 1
13481 3
13505 4
13565 1
13621 2
13625 2
13633 1
13637 2
13645 1
13689 2
13697 1
13705 1
13725 2
13765 1
13789 2
13793 2
13817 1
13829 1
13837 1
13841 1
13877 1
13897 1
13901 1
13913 1
13921 1
13945 1
13957 2
13969 1
13973 1
13985 2
14005 1
14085 1
14089 1
14093 1
14165 2
14173 1
14213 1
14225 1
14261 1
14285 2
14297 3
14309 3
14341 2
14369 1
14381 1
14401 2
14425 2
14449 2
14461 2
14481 1
14501 1
14537 1
14545 3
14585 1
14593 1
14625 1
14629 1
14645 1
14657 1
14669 2
14681 1
14689 1
14705 5
14717 1
14741 2
14761 3
14765 4
14825 3
14837 1
14841 2
14845 3
14885 3
14893 6
14929 1
14933 1
14945 4
14957 1
14965 2
14989 1
15013 1
15017 1
15025 1
15049 1
15061 2
15077 1
15109 2
15121 2
15133 3
15137 1
15145 1
15161 1
15185 1
15193 2
15229 1
15233 1
15269 1
15305 3
15317 2
15325 1
15353 4
15373 1
15381 1
15397 1
15445 1
15453 2
15457 1
15461 1
15473 1
15497 1
15509 1
15529 2
15545 1
15577 2
15581 2
15597 1
15601 1
15613 2
15633 2
15649 1
15665 2
15685 1
15725 2
15737 2
15749 1
15769 1
15777 1
15793 1
15805 1
15809 1
15821 2
15857 2
15913 2
15921 1
15925 2
16021 2
16025 1
16033 1
16045 1
16069 1
16073 1
16085 1
16105 1
16133 2
16165 3
16193 1
16209 1
16217 1
16237 1
16273 1
16277 1
16285 1
16325 1
16333 1
16361 1
16385 3
16405 2
16409 1
16417 2
16425 3
16477 1
16513 1
16525 2
16553 1
16565 1
16577 1
16605 3
16673 1
16693 1
16705 1
16717 2
16729 1
16757 1
16769 3
16781 1
16805 1
16837 3
16857 2
16861 1
16897 2
16909 1
16913 1
16925 1
16937 1
16949 1
16965 1
17001 1
17009 1
17053 1
17069 2
17077 1
17109 1
17113 1
17117 1
17141 1
17165 1
17173 1
17177 2
17197 1
17209 1
17293 2
17305 4
17321 1
17333 1
17345 2
17397 1
17417 1
17425 2
17429 1
17477 1
17485 1
17497 1
17505 2
17525 2
17545 1
17557 1
17573 1
17593 1
17609 2
17629 2
17657 2
17669 1
17693 1
17725 1
17729 1
17741 2
17753 1
17757 1
17761 1
17777 1
17797 1
17833 3
17849 3
17865 1
17873 1
17885 1
17893 1
17901 2
17929 1
17937 1
17945 1
17953 1
17981 1
18013 1
18029 2
18045 2
18061 1
18065 1
18081 2
18085 1
18089 2
18125 2
18133 1
18173 1
18181 1
18225 1
18241 2
18261 2
18265 3
18281 1
18317 2
18385 1
18401 1
18413 1
18457 1
18485 5
18497 3
18505 2
18521 2
18549 1
18553 1
18581 1
18589 1
18605 2
18625 4
18629 1
18637 1
18665 1
18685 2
18737 2
18761 1
18785 1
18805 1
18845 1
18901 1
18917 1
18925 1
18937 1
18965 1
18985 1
18989 1
19013 2
19025 1
19045 6
19061 1
19073 1
19093 1
19105 2
19125 1
19161 2
19169 2
19193 1
19213 1
19237 1
19265 1
19289 1
19301 1
19333 1
19345 2
19357 1
19441 1
19445 1
19453 1
19457 1
19469 1
19493 1
19517 1
19549 1
19553 1
19585 1
19601 1
19625 1
19669 3
19721 1
19753 2
19769 1
19773 1
19805 2
19825 5
19845 1
19865 1
19885 3
19897 1
19913 1
19925 2
19937 1
19981 1
19993 1
19997 1
20005 1
20025 1
20029 1
20077 1
20117 1
20129 1
20189 2
20201 1
20213 2
20225 2
20241 1
20245 1
20341 1
20353 1
20365 1
20441 1
20449 1
20465 2
20509 1
20525 2
20529 1
20549 1
20605 1
20609 1
20665 1
20693 1
20705 1
20717 1
20725 2
20745 1
20761 2
20765 2
20781 1
20849 1
20857 1
20921 1
20933 1
20969 1
21001 1
21005 1
21025 1
21029 2
21037 2
21085 2
21097 2
21121 1
21125 2
21141 2
21145 1
21149 2
21177 1
21217 1
21221 1
21233 1
21277 1
21281 1
21289 1
21305 1
21313 1
21325 2
21349 1
21361 1
21397 1
21425 3
21437 2
21449 1
21473 1
21485 1
21493 1
21521 1
21541 3
21557 1
21577 1
21601 1
21605 2
21625 1
21685 1
21689 1
21709 3
21757 1
21785 2
21789 1
21805 2
21821 1
21825 5
21853 1
21905 1
21933 1
21937 1
21941 3
21953 2
21969 1
22001 2
22009 1
22025 1
22049 1
22073 1
22109 1
22117 1
22185 2
22189 2
22205 2
22213 2
22257 1
22265 1
22273 1
22285 1
22313 1
22345 1
22373 1
22381 1
22393 1
22397 1
22409 1
22417 1
22453 1
22457 2
22465 2
22509 2
22525 2
22549 2
22565 1
22585 1
22589 1
22613 1
22625 2
22685 2
22717 1
22745 1
22753 1
22769 1
22797 1
22829 1
22853 1
22865 1
22873 1
22905 1
22945 2
22961 1
23041 1
23049 1
23101 1
23125 1
23129 1
23141 1
23153 1
23165 1
23185 1
23201 1
23225 1
23245 1
23269 1
23273 4
23329 1
23365 2
23377 2
23393 1
23413 2
23425 1
23445 1
23461 1
23465 1
23481 1
23545 1
23553 1
23561 1
23585 1
23589 1
23665 1
23701 1
23725 1
23729 2
23753 1
23761 2
23765 1
23789 1
23805 1
23809 2
23857 1
23885 2
23941 2
23993 2
24005 2
24093 1
24109 1
24157 3
24161 1
24197 1
24217 1
24221 1
24237 1
24337 1
24341 1
24349 1
24505 1
24525 1
24545 1
24557 2
24565 1
24601 1
24625 2
24669 1
24705 1
24749 1
24797 1
24805 2
24841 1
24845 2
24865 1
24869 1
24905 1
24925 1
24989 1
24993 1
25065 2
25073 1
25085 2
25097 1
25117 1
25121 1
25169 1
25173 1
25177 1
25205 1
25225 1
25281 1
25285 1
25321 1
25325 2
25337 4
25345 1
25357 1
25373 1
25405 1
25425 1
25433 1
25453 1
25477 1
25493 2
25497 2
25505 2
25525 3
25537 1
25565 1
25605 1
25693 1
25705 1
25741 2
25765 1
25777 1
25789 2
25805 1
25825 1
25841 1
25925 2
25937 1
25957 3
25961 2
25985 1
26045 1
26065 1
26093 4
26117 1
26165 3
26181 2
26221 2
26245 2
26261 1
26281 2
26293 1
26317 1
26321 1
26361 1
26393 1
26437 1
26469 1
26509 1
26533 2
26561 2
26577 1
26585 1
26645 1
26669 1
26689 1
26705 2
26721 1
26741 1
26765 2
26777 1
26793 1
26861 1
26881 2
26897 1
26977 1
26993 1
27017 1
27045 1
27085 1
27121 1
27145 1
27161 1
27169 1
27217 1
27225 2
27261 1
27297 1
27333 1
27337 1
27353 1
27365 2
27385 1
27389 1
27397 1
27409 1
27469 1
27481 1
27521 1
27529 1
27557 1
27565 1
27613 1
27637 1
27677 2
27697 1
27733 1
27737 1
27749 1
27765 1
27793 2
27829 1
27857 1
27925 1
27977 2
28069 2
28085 1
28093 2
28097 1
28109 1
28145 2
28197 2
28205 2
28225 2
28229 2
28249 1
28305 2
28309 2
28373 1
28449 1
28465 1
28505 1
28565 1
28593 2
28601 1
28625 2
28629 1
28645 2
28717 1
28729 1
28741 1
28745 1
28781 2
28837 1
28845 1
28873 1
28885 1
28913 1
29021 1
29045 1
29065 1
29069 1
29185 4
29189 1
29237 1
29257 1
29273 1
29305 1
29321 2
29353 1
29485 1
29489 1
29497 1
29549 2
29573 1
29581 2
29593 1
29597 1
29609 2
29633 1
29637 1
29641 1
29653 1
29705 2
29725 1
29825 1
29833 1
29873 1
29917 1
29929 1
29965 1
29989 2
29993 2
30013 3
30029 1
30037 2
30073 2
30157 1
30181 1
30209 1
30213 1
30265 1
30329 1
30341 1
30397 2
30413 1
30445 1
30505 1
30529 1
30545 1
30581 1
30605 2
30637 1
30649 1
30665 2
30685 1
30717 1
30733 2
30805 1
30825 1
30841 1
30897 1
30901 2
30925 1
30929 1
31001 1
31025 1
31105 1
31109 3
31113 1
31189 2
31205 1
31265 3
31313 1
31333 1
31373 2
31417 1
31509 2
31517 1
31525 3
31541 2
31545 1
31581 1
31585 1
31601 1
31637 2
31649 1
31681 1
31685 1
31705 2
31765 1
31781 1
31797 1
31805 1
31849 1
31853 1
31865 1
31925 1
31945 1
32045 1
32065 2
32113 2
32117 1
32125 1
32185 1
32225 1
32261 1
32309 1
32317 1
32341 1
32377 1
32425 1
32513 2
32521 1
32537 2
32597 1
32605 1
32617 1
32625 1
32717 1
32741 1
32749 1
32761 3
32797 1
32801 1
32861 2
32869 1
32877 1
32909 1
32929 1
32933 1
32977 1
32985 1
33001 1
33017 3
33029 2
33057 1
33073 1
33085 2
33109 1
33125 1
33137 1
33205 1
33289 1
33293 1
33317 1
33337 1
33361 1
33365 1
33377 1
33437 2
33457 1
33469 1
33493 1
33505 2
33529 1
33545 1
33553 2
33581 1
33625 1
33665 1
33785 2
33889 1
33917 1
33941 1
33961 1
33973 1
34021 1
34025 1
34037 1
34061 1
34101 1
34145 1
34165 1
34205 1
34261 1
34281 1
34325 2
34465 3
34513 1
34525 2
34553 3
34605 1
34609 1
34621 1
34645 2
34697 1
34745 1
34757 1
34765 1
34805 1
34817 1
34821 1
34929 1
35005 1
35009 1
35073 1
35113 3
35125 1
35149 1
35173 1
35201 1
35225 2
35249 1
35285 1
35333 1
35361 1
35369 1
35405 1
35425 1
35449 1
35453 1
35465 1
35509 1
35573 1
35605 1
35633 1
35641 1
35645 1
35649 1
35653 1
35685 1
35729 1
35797 1
35881 1
35969 1
36017 1
36045 1
36097 1
36181 2
36193 1
36257 1
36265 1
36297 1
36329 1
36389 1
36397 1
36413 1
36457 1
36497 1
36569 2
36621 1
36625 1
36709 1
36833 1
36857 1
36865 1
36881 1
36929 1
36941 1
36965 1
36985 2
37025 1
37049 1
37105 1
37117 1
37141 1
37193 1
37265 1
37285 1
37385 1
37481 1
37489 1
37493 1
37549 1
37621 1
37673 1
37705 1
37733 1
37781 1
37805 1
37865 1
37885 1
37897 1
37925 3
37949 1
38025 2
38041 1
38069 1
38077 1
38081 1
38105 1
38113 1
38125 1
38221 1
38237 2
38245 1
38281 1
38309 1
38385 2
38389 1
38425 1
38477 1
38501 2
38509 1
38545 1
38677 1
38701 1
38725 1
38765 1
38785 1
38825 1
38861 1
38897 1
38909 1
38925 1
38953 1
39013 1
39053 1
39085 2
39097 1
39113 1
39205 1
39217 1
39229 1
39249 1
39265 1
39301 1
39349 1
39461 1
39469 1
39485 1
39505 1
39521 1
39565 1
39573 1
39593 3
39605 1
39625 2
39665 2
39685 1
39745 1
39817 1
39845 1
39869 1
39961 2
39965 1
40001 1
40025 1
40045 1
40097 1
40105 1
40121 2
40221 1
40225 2
40229 1
40293 2
40325 1
40405 1
40417 1
40433 1
40441 1
40505 1
40529 1
40609 1
40625 1
40661 1
40697 1
40745 2
40817 1
40837 1
40849 1
40853 1
40885 1
40949 1
41165 1
41189 2
41197 1
41221 1
41273 1
41381 2
41429 1
41537 1
41625 1
41665 1
41785 1
41841 1
42001 1
42057 1
42125 1
42145 1
42233 1
42293 1
42341 1
42401 2
42453 1
42485 1
42505 1
42601 1
42605 1
42641 1
42653 1
42705 1
42773 1
42777 1
42793 1
42797 1
42809 1
42829 1
42881 1
42905 1
42949 1
42965 2
42985 2
43045 1
43061 1
43069 1
43101 1
43237 1
43265 1
43385 2
43425 1
43429 1
43693 1
43717 1
43873 1
43877 1
43957 1
43993 1
44005 1
44081 1
44125 1
44145 1
44149 1
44369 1
44461 1
44541 1
44549 1
44573 1
44581 1
44645 1
44665 1
44705 1
44785 1
44921 1
44937 1
44969 1
44977 1
44993 1
45025 1
45125 1
45245 1
45293 1
45341 1
45369 1
45421 1
45461 1
45469 1
45553 1
45565 2
45713 1
45889 1
45901 2
45909 1
45965 1
46085 1
46169 1
46237 1
46241 2
46325 1
46349 1
46429 1
46513 1
46561 1
46625 1
46705 1
46769 1
46793 1
46825 1
46829 1
46885 1
46909 1
46917 1
46993 1
47021 3
47045 1
47221 1
47237 1
47293 1
47385 1
47437 1
47485 1
47653 1
47713 1
47745 1
47821 1
47873 1
47921 1
47965 2
48073 1
48149 1
48157 1
48365 1
48401 1
48437 2
48541 1
48861 1
48893 1
48905 1
48929 1
49037 1
49165 1
49213 1
49249 1
49285 1
49361 1
49421 1
49465 1
49481 2
49517 1
49661 1
49673 1
49725 3
49793 1
49813 1
49825 1
50029 1
50153 1
50249 1
50357 1
50401 1
50405 2
50425 1
50625 1
50641 2
50653 1
50769 1
50857 1
50885 1
51005 1
51025 1
51097 1
51125 1
51245 1
51325 1
51353 1
51401 1
51425 1
51481 1
51493 1
51525 1
51545 1
51593 1
51649 1
51665 2
51805 1
51857 1
51913 1
51993 1
52013 1
52281 1
52429 1
52501 1
52517 1
52585 1
52721 1
52749 1
52949 1
53069 1
53161 1
53233 1
53261 1
53341 1
53465 2
53645 1
53665 1
53737 2
53825 1
53833 1
53857 1
53873 1
53881 1
53885 1
54025 1
54205 1
54225 1
54233 1
54385 1
54389 1
54657 1
54665 2
54685 1
54865 1
54981 2
55073 1
55089 1
55129 1
55145 1
55205 1
55301 1
55345 1
55369 1
55441 1
55481 1
55505 3
55553 1
55577 1
55585 1
55705 1
55709 1
55781 1
55829 1
55837 1
55845 1
55865 1
56101 1
56117 1
56173 1
56225 1
56233 1
56249 1
56257 1
56313 1
56377 2
56405 1
56425 1
56457 1
56677 1
56725 1
56745 1
56813 1
56873 1
57005 1
57177 1
57217 2
57341 1
57377 1
57521 1
57737 1
57869 1
57929 1
58165 1
58225 1
58277 1
58313 1
58573 1
58633 1
58645 2
58657 1
58689 1
58849 1
58865 1
58969 1
59153 1
59281 1
59625 1
59753 1
60125 1
60281 1
60385 1
60633 1
60721 1
60961 1
61069 1
61137 1
61569 1
61605 1
61885 1
62065 1
62105 1
62233 1
62525 1
62789 1
63025 1
63361 1
63493 1
63577 1
63585 1
63845 1
63869 1
64313 1
64381 1
64465 1
64865 1
65185 1
65557 1
65669 1
65781 1
65905 2
66181 1
66365 2
67117 1
67189 1
67225 1
67589 1
67913 1
67993 1
68465 1
68681 1
69165 2
69185 1
69277 1
69425 1
69505 1
69541 1
69745 1
69857 1
70057 1
70405 1
70709 1
70949 1
71081 1
72437 1
72557 1
72701 1
73225 1
73357 1
73445 1
74477 1
74545 1
74725 1
75313 1
75517 1
75553 1
76145 1
76177 1
76685 1
76925 1
77125 1
78445 1
80345 1
80405 1
80825 1
81009 1
81205 1
82469 1
83005 1
84269 1
84337 1
86173 1
86193 1
86445 1
86461 1
87349 1
88209 1
89093 1
89609 1
90065 1
92525 1
95225 1
97373 1
99929 1
101293 1
102637 1
103685 1
107581 1
122625 1
385153 1
487880 1
533044 1
563405 1
624689 1
677365 1
682357 1
690961 1
697234 1
729325 1
742345 1
767105 1
904405 1
943424 1
946384 1
963805 1
1002530 1
1006450 1
1019170 1
1079845 1
1137034 1
1144949 1
1254409 1
1309265 1
1347625 1
1409293 1
