N J h mean_R_sq err_mean_R_sq mean_R_gyr_sq err_mean_R_gyr_sq 
1600 1.27 0 14542.6 227.531 2168.84 24.2867
5 1
13 1
25 2
29 1
41 2
45 2
49 2
61 1
65 2
73 2
85 1
109 1
117 1
125 3
137 2
153 2
157 2
173 1
181 1
185 4
193 1
197 1
221 3
229 1
233 3
241 2
245 2
257 2
261 2
265 1
269 2
277 1
281 1
289 3
293 3
305 2
317 1
325 4
333 1
337 2
349 2
353 2
365 2
369 1
373 1
377 2
401 1
405 2
421 2
425 5
433 2
445 2
449 3
461 2
477 3
481 5
485 8
493 3
505 2
509 2
521 1
533 1
541 2
545 4
549 3
557 1
565 3
569 2
577 1
585 1
601 2
605 1
613 2
617 1
625 6
629 1
641 1
653 1
677 1
685 2
689 2
697 5
701 2
725 5
733 1
757 1
761 1
765 2
769 2
773 2
785 6
793 1
797 1
801 4
809 2
829 1
841 2
845 2
857 1
865 2
873 1
877 2
881 3
901 1
905 3
925 2
937 1
941 1
949 2
953 1
965 3
977 1
981 1
985 1
997 5
1009 1
1013 2
1025 3
1033 2
1037 4
1049 1
1053 1
1061 1
1073 3
1093 1
1105 11
1109 3
1117 1
1125 4
1145 5
1153 1
1157 1
1165 4
1189 3
1193 1
1201 1
1205 3
1213 1
1217 1
1225 3
1233 1
1237 1
1241 2
1261 3
1277 3
1285 2
1289 1
1297 1
1301 3
1305 6
1313 2
1321 3
1325 3
1341 1
1345 3
1369 1
1373 1
1377 1
1381 1
1405 4
1409 2
1413 1
1417 9
1421 3
1433 1
1445 5
1465 1
1469 6
1489 3
1493 1
1513 3
1517 2
1521 1
1525 3
1537 5
1549 2
1553 1
1565 3
1573 1
1585 3
1601 1
1613 1
1621 1
1625 9
1629 3
1637 2
1649 1
1657 1
1665 3
1669 1
1685 2
1709 1
1717 2
1721 2
1733 2
1737 2
1741 1
1745 4
1753 3
1765 5
1769 3
1773 1
1777 1
1781 4
1789 2
1801 1
1805 2
1813 2
1825 3
1845 3
1853 2
1861 1
1865 6
1873 3
1877 2
1885 4
1889 3
1901 2
1913 2
1921 3
1933 1
1937 7
1945 5
1949 1
1961 3
1973 1
1985 2
1989 3
1993 3
2005 7
2017 2
2025 1
2029 3
2041 3
2045 3
2053 2
2057 1
2061 2
2069 1
2081 1
2089 2
2097 1
2105 1
2113 3
2117 1
2125 3
2129 2
2137 2
2141 1
2153 1
2161 2
2165 4
2173 2
2197 4
2205 3
2209 3
2221 1
2225 3
2237 1
2245 2
2249 5
2257 4
2269 2
2281 1
2285 4
2297 2
2309 2
2313 1
2329 4
2333 2
2353 3
2357 2
2377 2
2381 1
2385 1
2401 1
2405 2
2417 2
2421 2
2425 5
2437 1
2465 9
2477 3
2501 1
2509 3
2521 3
2525 4
2529 2
2533 4
2545 6
2549 1
2557 1
2561 2
2581 5
2593 1
2597 1
2605 5
2609 2
2617 1
2621 2
2633 2
2637 3
2665 7
2669 3
2677 3
2701 2
2705 3
2713 1
2725 3
2729 2
2741 1
2745 4
2749 1
2753 1
2777 2
2785 5
2789 3
2797 2
2801 3
2809 2
2813 7
2817 3
2825 6
2833 3
2837 1
2845 2
2853 1
2857 2
2861 3
2873 2
2885 4
2897 2
2909 5
2925 7
2929 1
2941 2
2953 2
2957 3
2965 4
2969 1
2977 4
2989 2
2993 3
2997 2
3001 1
3005 2
3025 2
3029 4
3037 3
3041 2
3049 1
3061 2
3065 2
3077 2
3085 2
3089 2
3109 1
3121 1
3125 2
3133 3
3137 3
3141 2
3145 2
3161 2
3169 1
3177 2
3181 2
3185 3
3205 2
3209 4
3217 1
3221 4
3229 2
3233 1
3249 2
3257 2
3265 5
3277 3
3281 1
3285 3
3293 1
3301 1
3305 3
3313 1
3321 2
3329 2
3341 5
3349 3
3357 1
3365 1
3385 1
3389 2
3393 5
3413 1
3425 2
3445 8
3449 3
3457 4
3469 2
3481 1
3485 8
3497 2
3501 1
3505 3
3517 1
3529 2
3533 2
3545 1
3557 3
3577 1
3581 3
3589 6
3601 4
3625 5
3637 1
3645 1
3649 2
3653 3
3665 3
3673 1
3677 1
3697 2
3701 4
3721 1
3725 6
3733 1
3737 2
3757 5
3761 2
3785 4
3789 3
3793 2
3797 1
3805 2
3809 4
3821 2
3825 8
3833 4
3845 5
3853 1
3865 1
3869 3
3877 1
3881 1
3889 1
3893 5
3897 2
3925 7
3965 6
3969 1
3973 4
3977 1
3985 1
4001 4
4005 3
4013 3
4021 1
4033 5
4041 1
4045 1
4049 1
4057 2
4069 2
4073 1
4093 2
4097 3
4105 4
4113 2
4121 6
4129 1
4133 1
4141 7
4145 7
4149 4
4153 1
4165 3
4177 1
4181 5
4201 1
4205 4
4217 3
4225 6
4241 4
4253 1
4265 2
4285 5
4289 1
4293 1
4321 3
4325 4
4329 3
4349 1
4357 1
4361 1
4365 2
4369 3
4373 1
4381 1
4397 1
4405 4
4409 4
4437 3
4441 1
4453 2
4457 4
4469 2
4477 1
4481 1
4489 1
4493 2
4505 5
4513 2
4517 1
4525 4
4537 4
4545 2
4549 1
4553 2
4561 3
4573 3
4581 1
4589 3
4597 1
4621 1
4625 8
4633 5
4637 2
4645 1
4657 2
4673 1
4685 2
4689 3
4693 2
4705 1
4717 2
4721 4
4729 4
4733 2
4745 6
4753 1
4765 3
4777 2
4789 1
4793 1
4797 2
4813 2
4817 1
4825 7
4849 4
4861 2
4869 2
4877 1
4885 2
4889 2
4901 5
4905 2
4909 2
4925 3
4933 2
4937 4
4941 3
4949 1
4957 1
4961 1
4973 1
4981 4
4985 3
5009 1
5013 1
5017 3
5045 5
5057 4
5065 5
5069 1
5077 1
5081 1
5085 5
5101 4
5105 2
5121 2
5125 6
5141 4
5161 3
5165 2
5185 4
5193 3
5197 1
5213 1
5233 4
5245 4
5249 3
5261 4
5265 3
5297 1
5305 2
5309 3
5317 4
5321 2
5329 2
5337 3
5341 2
5345 1
5353 2
5365 2
5381 1
5389 4
5393 1
5409 3
5417 4
5429 2
5437 2
5441 3
5445 2
5449 1
5465 2
5473 4
5477 2
5485 4
5501 2
5513 4
5517 1
5521 2
5525 9
5537 2
5545 4
5553 2
5557 1
5569 3
5573 2
5581 1
5585 4
5597 4
5617 2
5625 2
5629 2
5641 1
5645 3
5653 2
5657 1
5661 4
5701 2
5713 2
5717 2
5725 6
5729 2
5733 1
5737 4
5741 2
5749 2
5765 3
5769 1
5777 2
5785 10
5801 2
5809 1
5813 1
5821 1
5825 5
5837 1
5849 1
5861 2
5869 3
5877 2
5881 3
5897 5
5905 3
5913 2
5929 1
5933 3
5941 1
5945 6
5949 2
5953 3
5965 3
5989 2
5993 7
6001 1
6005 4
6025 7
6029 2
6057 2
6065 4
6073 1
6085 1
6089 5
6093 1
6101 1
6109 8
6113 3
6121 3
6125 3
6133 1
6137 4
6145 4
6161 1
6165 2
6173 4
6185 1
6197 1
6201 4
6205 4
6217 3
6221 1
6229 3
6241 2
6245 1
6253 4
6257 2
6269 2
6273 1
6277 1
6301 2
6305 10
6309 3
6329 2
6341 2
6353 1
6361 2
6373 3
6381 3
6385 1
6389 1
6397 1
6401 3
6409 5
6413 6
6421 3
6425 8
6437 1
6445 1
6449 1
6473 5
6481 3
6485 4
6497 3
6505 2
6521 2
6525 4
6553 1
6565 3
6569 1
6577 5
6581 2
6605 3
6613 3
6617 1
6625 3
6641 5
6649 3
6661 2
6673 1
6689 2
6697 3
6705 1
6713 1
6725 3
6737 1
6749 4
6761 2
6773 1
6781 1
6793 2
6805 1
6813 2
6817 3
6829 1
6841 1
6845 9
6857 1
6865 5
6877 1
6885 1
6889 2
6893 3
6905 1
6921 3
6925 3
6929 7
6949 3
6953 3
6957 3
6977 5
6989 5
6997 1
7001 2
7013 2
7025 3
7033 2
7045 1
7057 1
7065 3
7069 1
7081 3
7085 16
7093 3
7105 4
7109 2
7121 2
7129 2
7137 1
7141 5
7145 1
7157 5
7165 3
7177 2
7193 3
7209 3
7213 2
7225 5
7229 2
7237 1
7241 2
7261 3
7265 3
7281 4
7289 1
7297 1
7301 1
7309 2
7321 2
7325 4
7333 1
7345 10
7361 1
7369 3
7373 2
7389 3
7393 3
7397 5
7405 2
7417 2
7421 3
7433 2
7445 1
7453 2
7457 2
7461 4
7481 1
7489 2
7497 1
7517 2
7537 2
7541 4
7549 1
7561 3
7565 4
7569 3
7577 2
7585 2
7605 5
7621 1
7625 7
7633 3
7673 2
7677 1
7681 2
7685 8
7709 3
7713 1
7717 1
7741 1
7745 6
7757 1
7765 5
7769 3
7789 2
7793 3
7801 2
7813 2
7817 1
7825 3
7829 3
7837 5
7841 1
7853 1
7857 2
7865 6
7873 2
7877 1
7897 1
7901 2
7913 1
7921 5
7925 3
7929 4
7933 3
7949 2
7957 2
7969 2
7985 4
7993 1
8005 2
8009 1
8021 1
8033 1
8045 2
8065 3
8069 1
8077 5
8081 1
8089 1
8093 3
8101 2
8105 3
8109 1
8117 1
8125 5
8145 3
8161 1
8177 7
8181 2
8185 5
8209 1
8221 1
8233 1
8237 1
8245 4
8249 3
8269 1
8273 2
8281 3
8285 2
8293 2
8317 2
8321 3
8325 2
8329 1
8333 5
8345 3
8353 1
8357 3
8361 2
8369 2
8381 7
8389 3
8405 7
8425 6
8461 3
8465 1
8469 1
8473 4
8477 1
8485 4
8489 3
8501 5
8541 7
8545 2
8573 2
8577 1
8581 1
8585 8
8593 2
8605 3
8609 4
8621 1
8629 2
8633 4
8641 1
8649 1
8653 5
8665 3
8669 1
8677 1
8685 2
8693 1
8705 2
8713 2
8725 2
8737 4
8741 1
8749 1
8753 2
8761 3
8765 4
8801 2
8821 4
8825 7
8829 1
8833 1
8837 1
8845 12
8849 2
8857 1
8861 2
8865 2
8869 1
8885 3
8893 1
8905 11
8917 5
8929 3
8933 2
8941 2
8945 3
8957 3
8973 1
8989 1
8993 1
9001 1
9005 3
9013 1
9025 5
9029 2
9049 2
9061 3
9065 3
9077 1
9081 3
9089 3
9117 2
9125 3
9137 1
9153 1
9157 1
9161 1
9169 3
9173 1
9181 1
9189 2
9193 2
9197 1
9217 3
9241 1
9245 4
9257 4
9265 11
9281 2
9293 1
9305 4
9325 4
9333 4
9337 1
9349 3
9365 3
9377 1
9385 3
9389 1
9409 3
9413 1
9421 1
9425 8
9441 1
9445 1
9457 4
9469 1
9473 3
9497 1
9505 6
9509 5
9521 2
9529 5
9533 2
9553 2
9565 5
9577 2
9593 3
9601 2
9605 5
9613 1
9621 2
9629 3
9653 4
9657 4
9661 1
9665 6
9673 1
9677 2
9685 6
9689 1
9697 2
9701 6
9725 3
9733 3
9745 1
9749 1
9769 1
9773 2
9781 1
9797 2
9801 2
9805 5
9809 2
9817 1
9833 3
9837 1
9841 5
9865 5
9873 2
9881 3
9893 2
9901 1
9925 6
9941 3
9945 4
9949 2
9953 4
9965 2
9973 2
9981 1
9985 4
9997 1
10001 1
10009 3
10025 6
10037 3
10045 9
10049 4
10053 2
10057 3
10069 2
10081 2
10093 1
10121 2
10125 4
10133 2
10141 3
10145 2
10161 1
10181 1
10201 1
10205 1
10225 3
10229 2
10237 2
10249 1
10265 6
10273 2
10285 5
10289 1
10305 4
10309 2
10313 3
10321 2
10333 6
10345 3
10361 3
10369 1
10377 1
10397 2
10405 2
10413 4
10421 1
10441 1
10445 5
10453 2
10469 2
10489 2
10501 1
10513 1
10517 3
10525 3
10529 3
10537 3
10553 2
10565 3
10573 1
10585 8
10589 1
10597 1
10625 1
10629 1
10645 3
10657 1
10673 2
10685 3
10693 3
10701 3
10705 2
10709 2
10729 1
10737 2
10753 3
10765 1
10769 3
10777 1
10781 3
10805 1
10809 2
10817 2
10825 5
10829 5
10841 4
10853 1
10861 1
10865 2
10877 2
10889 2
10897 4
10909 1
10917 1
10933 3
10937 1
10949 1
10957 2
10961 6
10973 3
10985 6
10993 2
11025 2
11029 4
11041 1
11045 2
11057 3
11065 3
11069 2
11089 2
11093 1
11097 2
11101 3
11105 1
11113 1
11117 2
11125 6
11133 1
11141 5
11149 2
11169 2
11173 1
11185 1
11197 1
11221 1
11225 7
11237 1
11241 2
11245 6
11257 1
11273 2
11281 2
11285 4
11329 1
11345 5
11349 2
11353 2
11357 5
11365 4
11393 2
11401 2
11405 1
11413 3
11425 4
11441 2
11449 1
11453 2
11461 4
11465 1
11485 4
11489 1
11493 2
11497 3
11509 3
11513 3
11521 2
11525 5
11549 1
11565 1
11581 5
11593 1
11597 3
11601 1
11617 1
11629 2
11645 3
11657 5
11665 5
11673 1
11677 2
11689 8
11705 1
11713 6
11729 5
11765 2
11773 3
11777 1
11785 6
11789 2
11801 2
11809 2
11813 1
11817 1
11821 1
11833 1
11849 3
11861 1
11881 3
11885 6
11889 1
11905 1
11909 4
11917 2
11925 4
11933 1
11941 3
11945 2
11953 1
11965 4
11969 2
11981 2
12005 1
12013 4
12017 6
12025 15
12037 1
12049 1
12053 3
12069 3
12073 1
12077 4
12085 3
12097 2
12101 5
12105 1
12109 1
12113 1
12125 5
12137 5
12149 1
12157 3
12161 2
12181 1
12193 2
12205 1
12209 4
12233 1
12241 2
12249 3
12253 2
12277 1
12281 3
12289 2
12301 3
12325 7
12337 4
12349 2
12365 3
12385 2
12389 1
12393 4
12401 3
12409 2
12413 2
12421 1
12429 3
12433 1
12437 3
12461 6
12465 3
12469 1
12473 1
12505 8
12517 1
12545 3
12553 3
12557 2
12569 2
12577 3
12589 1
12593 2
12613 3
12625 7
12629 7
12641 4
12653 1
12665 2
12681 2
12689 2
12697 2
12701 3
12713 2
12717 1
12721 1
12725 2
12745 2
12753 1
12769 2
12773 1
12781 1
12785 2
12789 1
12805 7
12833 3
12841 2
12853 1
12869 3
12889 1
12905 3
12917 3
12937 3
12941 2
12961 5
12965 6
12973 1
12985 4
12997 3
13001 1
13005 5
13021 1
13025 4
13033 1
13037 1
13045 8
13061 1
13073 2
13077 1
13085 5
13093 2
13105 5
13109 2
13117 2
13121 1
13141 2
13165 3
13169 5
13181 2
13185 1
13189 4
13213 3
13221 2
13249 1
13253 2
13273 2
13285 3
13289 3
13297 2
13309 3
13313 2
13325 14
13329 2
13337 1
13345 3
13357 1
13369 2
13385 3
13397 1
13401 4
13417 1
13429 4
13437 1
13445 2
13457 1
13465 1
13477 3
13481 7
13505 6
13513 2
13525 3
13537 1
13549 4
13553 2
13565 3
13573 1
13597 1
13613 1
13617 1
13621 4
13625 1
13633 2
13637 2
13645 2
13649 3
13653 2
13689 5
13697 2
13709 3
13721 1
13725 5
13729 1
13745 3
13753 6
13757 1
13765 1
13781 1
13793 3
13801 3
13817 1
13829 2
13833 4
13837 3
13841 2
13877 2
13885 3
13897 5
13901 1
13921 1
13925 3
13933 1
13945 2
13949 2
13957 2
13969 5
13973 2
13977 2
13985 2
13997 2
14009 3
14029 2
14033 3
14045 4
14057 2
14065 9
14081 3
14085 2
14089 4
14125 9
14149 2
14157 2
14161 2
14165 1
14173 2
14185 3
14197 1
14209 2
14221 1
14225 4
14249 3
14257 1
14261 3
14265 2
14281 1
14285 4
14293 3
14297 3
14305 1
14309 5
14321 1
14341 1
14365 4
14373 1
14381 2
14401 1
14417 1
14425 6
14453 6
14473 3
14481 2
14485 2
14517 1
14521 2
14533 2
14537 2
14545 1
14549 2
14561 2
14569 1
14585 2
14589 1
14621 2
14625 5
14629 3
14633 1
14645 3
14657 1
14661 1
14677 4
14681 2
14689 2
14701 2
14705 6
14713 1
14717 1
14733 1
14765 3
14785 4
14821 1
14825 6
14837 2
14841 2
14845 3
14869 3
14885 5
14893 1
14897 1
14909 4
14913 3
14929 2
14933 1
14945 4
14957 1
14965 3
14969 1
14985 3
14989 3
15005 1
15013 2
15017 3
15021 2
15025 4
15041 3
15049 1
15053 1
15073 1
15077 1
15109 4
15121 2
15125 2
15129 1
15133 3
15137 2
15145 6
15149 1
15161 2
15165 2
15173 2
15193 2
15217 4
15237 6
15241 1
15245 2
15269 1
15273 3
15277 2
15293 2
15305 4
15313 2
15317 5
15325 2
15329 2
15337 1
15341 2
15353 3
15361 1
15377 4
15385 8
15397 1
15401 2
15413 1
15425 2
15445 2
15453 4
15457 5
15461 2
15481 3
15489 3
15493 2
15509 2
15529 2
15541 1
15545 3
15577 2
15581 4
15601 2
15605 7
15613 2
15625 4
15629 1
15641 2
15665 4
15677 1
15685 2
15689 2
15705 2
15725 9
15733 1
15737 2
15749 3
15761 1
15797 2
15805 8
15809 2
15817 2
15821 1
15857 4
15885 1
15889 1
15901 2
15905 1
15913 1
15921 1
15925 3
15929 2
15937 1
15949 1
15957 1
15973 3
15977 3
15993 1
16001 1
16021 2
16025 2
16029 1
16033 4
16045 2
16057 2
16061 1
16069 2
16073 1
16085 3
16097 1
16101 1
16105 3
16109 4
16129 1
16133 2
16145 2
16153 3
16165 2
16193 1
16217 2
16237 3
16241 3
16245 3
16249 1
16265 3
16273 1
16277 3
16285 2
16301 1
16325 1
16333 1
16337 2
16349 1
16361 1
16369 2
16381 3
16385 3
16393 5
16405 4
16409 2
16421 1
16425 2
16441 2
16453 2
16465 3
16477 2
16481 3
16501 4
16505 1
16513 1
16525 4
16553 4
16561 1
16565 1
16577 3
16601 3
16605 1
16609 3
16613 2
16633 3
16645 4
16649 1
16657 1
16677 1
16693 1
16705 2
16717 4
16733 2
16741 1
16745 7
16757 1
16769 1
16781 5
16805 1
16825 3
16829 2
16861 5
16893 1
16897 1
16901 3
16925 7
16937 1
16945 2
16949 5
16965 8
16993 2
17001 1
17009 1
17033 2
17041 2
17053 1
17057 1
17065 1
17069 2
17077 1
17093 1
17101 1
17109 2
17113 3
17117 1
17125 5
17137 1
17141 3
17153 3
17165 1
17173 2
17177 2
17189 1
17197 3
17221 4
17225 8
17257 1
17285 4
17289 2
17293 3
17297 1
17305 3
17321 1
17333 1
17341 1
17345 2
17357 2
17377 1
17389 3
17397 2
17401 1
17405 1
17417 1
17425 5
17429 1
17449 1
17473 2
17477 1
17485 2
17489 1
17497 2
17505 1
17509 1
17525 3
17533 2
17545 2
17557 1
17561 2
17569 1
17573 1
17581 2
17585 1
17593 4
17597 2
17609 1
17645 2
17649 2
17657 2
17665 6
17669 1
17681 2
17693 1
17705 5
17725 1
17729 1
17737 1
17741 1
17753 3
17757 2
17761 1
17777 4
17797 2
17833 1
17837 1
17849 4
17865 1
17873 2
17881 1
17885 1
17893 7
17901 2
17905 2
17909 3
17929 1
17937 1
17945 2
17953 2
17957 1
17965 1
17973 1
17977 1
17981 1
17989 3
18005 5
18013 2
18029 3
18037 2
18041 1
18045 2
18061 1
18065 1
18085 2
18089 1
18125 3
18153 1
18169 1
18173 3
18185 1
18217 1
18225 1
18233 1
18241 2
18245 3
18257 2
18261 1
18265 6
18277 2
18281 1
18289 1
18313 2
18317 2
18325 3
18353 3
18365 2
18369 3
18385 3
18397 3
18405 2
18409 1
18421 1
18461 1
18477 3
18481 1
18485 1
18493 1
18497 3
18505 1
18521 1
18541 3
18545 3
18549 1
18581 2
18589 4
18617 2
18621 1
18625 3
18629 2
18637 1
18649 3
18665 1
18685 7
18701 1
18721 3
18729 1
18737 2
18749 2
18761 3
18769 2
18773 1
18785 5
18793 2
18801 1
18833 3
18845 1
18853 3
18857 3
18869 1
18889 1
18913 3
18925 1
18937 2
18965 1
18973 1
18985 1
18989 3
18997 2
19001 1
19009 1
19017 1
19025 3
19045 1
19053 3
19061 1
19073 1
19081 1
19093 3
19097 3
19109 2
19121 3
19125 4
19133 2
19157 2
19161 1
19169 2
19181 1
19193 2
19213 1
19225 3
19233 1
19237 2
19253 2
19265 3
19269 1
19273 2
19277 5
19301 3
19321 1
19325 2
19333 1
19337 1
19345 3
19373 1
19385 3
19405 2
19409 1
19441 2
19445 3
19449 1
19465 6
19485 1
19493 1
19501 1
19517 1
19541 2
19553 4
19573 1
19585 1
19601 1
19609 1
19625 1
19633 1
19637 2
19649 1
19661 2
19669 3
19697 1
19709 1
19721 2
19729 1
19753 1
19769 2
19773 1
19793 2
19801 2
19805 2
19813 1
19825 6
19845 1
19861 2
19865 3
19881 1
19885 1
19897 3
19925 1
19937 1
19945 2
19961 2
19973 2
19981 4
19989 2
19993 1
19997 4
20017 1
20025 2
20065 2
20101 3
20105 1
20113 1
20129 2
20133 1
20149 1
20165 3
20173 1
20177 1
20205 2
20213 2
20221 3
20225 2
20241 1
20261 1
20281 2
20285 1
20297 2
20313 1
20333 2
20341 2
20345 2
20357 2
20365 2
20369 1
20393 1
20413 1
20417 2
20421 1
20441 1
20449 3
20453 2
20457 2
20477 1
20485 6
20513 1
20521 1
20525 2
20529 3
20549 1
20561 1
20565 2
20605 4
20609 1
20629 3
20645 3
20665 1
20673 4
20689 1
20705 1
20725 5
20737 4
20745 2
20749 1
20761 1
20765 1
20785 3
20809 3
20825 2
20849 2
20857 1
20885 2
20897 3
20917 2
20921 2
20929 2
20933 3
20961 1
20969 3
21001 2
21005 2
21013 1
21017 2
21025 4
21029 2
21037 1
21041 3
21053 2
21061 1
21073 2
21097 3
21101 1
21121 2
21125 5
21157 1
21177 1
21205 1
21217 1
21221 2
21233 3
21253 3
21257 2
21265 5
21277 1
21281 2
21305 3
21317 1
21325 3
21341 2
21349 1
21365 1
21377 1
21389 1
21393 1
21397 1
21429 2
21433 1
21445 2
21465 2
21473 1
21481 1
21485 4
21493 2
21501 1
21509 1
21517 2
21529 1
21533 2
21541 1
21569 1
21577 1
21589 2
21605 4
21625 1
21645 3
21661 2
21677 1
21685 2
21689 3
21709 1
21737 2
21753 1
21757 1
21809 1
21817 1
21821 1
21825 1
21841 1
21845 1
21853 4
21865 1
21881 1
21893 2
21905 2
21913 5
21925 4
21941 3
21961 1
21969 1
21997 1
22001 3
22009 1
22025 1
22037 1
22045 1
22049 5
22061 1
22069 1
22105 2
22109 1
22129 1
22133 2
22181 1
22185 4
22189 2
22193 1
22201 2
22205 2
22213 2
22217 2
22237 3
22257 1
22265 3
22285 1
22293 1
22301 2
22313 3
22345 3
22349 1
22369 1
22381 1
22385 5
22397 1
22405 1
22417 2
22433 2
22437 1
22441 1
22453 2
22457 1
22465 2
22469 1
22501 1
22509 3
22525 2
22549 1
22565 2
22573 2
22581 1
22585 2
22613 2
22625 1
22637 2
22681 5
22685 3
22689 1
22697 1
22725 6
22745 1
22753 1
22761 1
22765 5
22769 1
22777 1
22789 1
22805 1
22817 2
22829 1
22837 1
22861 1
22865 1
22873 3
22877 1
22905 2
22921 1
22937 1
22945 1
22949 1
22961 1
22973 3
22985 3
22993 1
22997 5
23017 1
23029 1
23041 1
23049 2
23057 2
23081 2
23101 1
23105 3
23113 1
23117 1
23125 2
23137 1
23141 3
23153 4
23165 3
23173 1
23185 2
23197 1
23225 1
23229 1
23245 1
23257 2
23273 1
23285 4
23297 1
23321 1
23329 2
23333 1
23337 2
23341 2
23357 1
23365 1
23369 1
23373 1
23377 2
23393 2
23425 3
23465 2
23473 1
23477 1
23481 3
23525 5
23537 3
23545 1
23553 1
23561 1
23569 3
23585 4
23589 1
23605 1
23645 1
23657 1
23665 3
23701 1
23717 1
23725 4
23729 4
23733 2
23741 1
23753 1
23761 5
23801 1
23805 1
23809 1
23825 1
23837 2
23857 1
23869 1
23873 1
23885 1
23893 1
23917 1
23945 4
23965 2
23977 1
23981 1
23985 1
23993 1
24001 2
24005 2
24021 3
24025 1
24029 1
24037 1
24041 1
24049 2
24065 1
24085 2
24089 3
24109 1
24113 1
24121 1
24125 5
24133 1
24161 1
24193 1
24217 1
24229 1
24281 2
24293 1
24305 1
24309 4
24337 2
24341 4
24349 2
24361 4
24373 1
24385 1
24413 2
24425 1
24445 3
24457 2
24461 1
24505 3
24509 2
24525 4
24545 1
24557 1
24565 3
24601 1
24625 2
24641 1
24649 2
24653 2
24665 2
24685 1
24697 1
24701 1
24705 4
24709 2
24713 1
24733 2
24737 1
24741 1
24745 1
24805 1
24821 1
24845 1
24865 2
24869 1
24877 1
24889 1
24905 2
24929 1
24941 1
24949 1
24953 1
24961 3
24965 1
24973 3
24993 1
25013 1
25037 3
25045 3
25057 1
25065 1
25085 2
25097 1
25105 2
25121 1
25153 1
25169 1
25173 1
25177 1
25225 1
25261 1
25285 2
25297 1
25301 3
25313 1
25317 1
25321 2
25337 1
25345 2
25349 1
25381 1
25385 1
25397 3
25433 1
25493 2
25505 1
25525 1
25533 1
25537 1
25541 1
25549 2
25565 2
25601 1
25605 2
25609 2
25621 1
25625 4
25649 2
25677 2
25681 2
25693 1
25705 3
25733 2
25741 1
25765 1
25769 1
25777 1
25789 3
25801 1
25805 3
25825 1
25841 1
25857 5
25889 1
25909 1
25913 1
25925 2
25933 1
25945 2
25957 2
25961 1
25965 1
25985 1
26017 2
26045 2
26053 1
26065 2
26073 1
26077 2
26093 1
26117 1
26129 7
26141 1
26161 1
26165 2
26209 1
26221 2
26225 2
26233 1
26245 1
26253 1
26261 1
26281 1
26293 1
26305 1
26325 1
26329 2
26333 2
26353 1
26401 1
26405 1
26413 2
26441 1
26469 1
26497 2
26501 2
26525 1
26557 1
26561 1
26569 1
26573 1
26585 4
26597 2
26605 2
26613 1
26633 2
26645 1
26665 1
26685 1
26693 1
26717 1
26721 1
26725 3
26729 1
26741 1
26765 2
26773 1
26793 1
26801 1
26821 1
26825 2
26833 1
26869 2
26893 1
26897 1
26905 2
26921 3
26937 1
26941 3
26945 4
26965 1
26969 1
26973 1
26977 1
26981 1
26989 1
27045 1
27053 1
27085 2
27109 1
27161 1
27169 3
27185 4
27205 1
27217 1
27229 3
27245 1
27261 1
27289 3
27325 1
27333 1
27353 1
27365 1
27369 2
27385 3
27421 2
27425 3
27437 1
27441 2
27469 3
27505 2
27521 1
27549 1
27565 2
27585 6
27605 1
27625 5
27677 1
27693 1
27697 1
27733 1
27737 1
27757 3
27765 1
27773 1
27809 1
27817 1
27845 3
27857 3
27869 1
27877 1
27881 1
27893 1
27901 1
27917 1
27961 1
27977 1
27985 1
28009 3
28013 3
28069 1
28093 1
28097 1
28145 1
28157 1
28181 2
28193 1
28197 2
28225 2
28265 1
28285 2
28305 4
28333 1
28373 2
28409 1
28433 1
28445 1
28449 1
28465 2
28477 1
28505 1
28565 1
28577 3
28585 2
28645 1
28661 2
28665 2
28669 1
28673 1
28685 2
28697 1
28717 2
28741 1
28745 1
28753 1
28757 1
28769 2
28781 1
28789 1
28817 1
28849 1
28885 1
28913 3
28925 2
28981 3
28989 1
29005 1
29021 1
29041 1
29045 2
29061 3
29069 1
29077 1
29081 1
29125 4
29129 1
29137 2
29161 1
29201 1
29209 1
29245 1
29257 1
29261 1
29321 1
29333 1
29341 1
29345 1
29353 1
29377 2
29405 1
29461 2
29473 1
29485 1
29489 1
29493 1
29501 1
29525 3
29529 1
29549 1
29565 2
29569 1
29573 1
29581 2
29593 1
29597 1
29609 1
29633 1
29653 1
29665 1
29717 3
29725 3
29761 1
29833 3
29857 1
29861 3
29881 1
29905 2
29921 1
29945 1
29965 2
29993 1
30005 3
30017 2
30025 1
30029 1
30053 1
30073 4
30089 2
30125 3
30145 1
30157 1
30193 1
30197 1
30209 1
30241 1
30285 1
30301 2
30325 1
30341 1
30361 2
30397 1
30421 2
30425 1
30445 1
30529 1
30545 2
30557 2
30577 1
30589 2
30605 2
30617 1
30637 1
30641 2
30661 1
30665 3
30725 1
30749 2
30773 1
30805 1
30817 1
30829 1
30841 1
30901 2
30929 1
30949 2
30985 1
31025 2
31049 1
31057 1
31061 1
31081 1
31085 1
31105 1
31113 1
31117 3
31145 1
31213 2
31265 2
31285 3
31313 1
31321 2
31345 1
31365 1
31373 1
31417 1
31429 1
31469 1
31473 4
31501 2
31505 1
31529 1
31585 1
31601 1
31609 2
31613 1
31645 1
31649 1
31681 3
31729 1
31765 2
31769 1
31841 1
31853 1
31873 1
31921 1
31925 1
32041 1
32045 3
32077 1
32105 1
32117 1
32125 1
32129 1
32149 1
32161 1
32185 1
32229 1
32245 3
32261 2
32309 1
32317 1
32341 1
32345 1
32365 1
32377 1
32381 1
32389 1
32393 2
32409 1
32429 1
32485 1
32489 1
32513 1
32521 1
32525 1
32553 1
32597 1
32617 1
32625 1
32645 2
32657 2
32701 1
32717 1
32761 1
32765 1
32773 1
32805 1
32825 2
32861 2
32885 2
32917 1
32929 1
32969 1
32977 1
33017 1
33049 1
33065 1
33085 1
33093 1
33109 1
33125 2
33129 1
33149 1
33169 1
33185 1
33205 2
33241 2
33245 1
33265 1
33273 1
33293 1
33305 1
33353 1
33377 1
33389 2
33437 2
33445 1
33469 1
33485 1
33517 1
33521 1
33525 1
33565 1
33581 1
33617 2
33625 2
33641 1
33653 1
33661 2
33745 1
33749 1
33785 3
33797 1
33805 1
33809 1
33813 1
33865 2
33881 1
33905 1
33921 1
33965 1
33973 1
34021 2
34037 1
34081 1
34085 1
34153 1
34165 1
34205 1
34225 1
34273 1
34281 1
34325 1
34345 1
34369 1
34373 1
34421 1
34445 1
34457 1
34465 1
34481 1
34541 1
34585 1
34605 1
34613 1
34621 1
34645 2
34649 1
34745 1
34801 2
34901 1
34913 1
34949 1
34981 1
35037 1
35125 2
35137 3
35165 1
35201 1
35225 1
35281 1
35293 2
35325 2
35369 1
35381 1
35393 1
35425 1
35453 1
35509 2
35513 1
35525 1
35537 1
35605 1
35617 1
35641 1
35657 1
35685 1
35689 2
35705 1
35729 1
35757 1
35825 2
35865 1
35885 2
35909 2
35921 1
35953 1
35993 1
36061 1
36097 1
36109 2
36125 2
36149 1
36173 2
36189 1
36205 1
36221 1
36229 1
36325 2
36329 1
36397 1
36433 1
36441 1
36457 1
36473 1
36493 1
36545 1
36569 1
36713 2
36725 2
36737 1
36781 1
36805 1
36809 1
36853 1
36873 1
36929 1
36941 1
37017 1
37021 2
37025 2
37157 1
37265 1
37337 1
37481 2
37501 1
37505 1
37517 2
37573 1
37613 1
37649 2
37657 1
37661 1
37693 1
37733 1
37825 2
37861 1
37873 2
37889 1
37925 1
37953 1
37997 1
38025 2
38077 1
38081 1
38089 2
38125 1
38149 1
38165 1
38221 1
38281 1
38293 1
38385 1
38389 1
38393 1
38417 1
38453 1
38497 1
38545 1
38585 2
38629 1
38637 1
38677 1
38813 1
38849 1
38861 1
38873 1
38897 2
38925 1
39085 1
39185 1
39205 1
39289 2
39313 1
39349 1
39409 1
39461 2
39565 1
39625 1
39665 1
39673 1
39749 1
39829 1
39833 1
39889 1
39937 1
39961 1
40045 1
40049 1
40081 1
40097 2
40289 2
40325 1
40525 1
40589 1
40625 2
40745 1
40757 1
40801 2
40813 1
40885 1
40897 1
40969 1
40977 1
41165 1
41185 1
41201 2
41209 1
41329 1
41365 1
41425 1
41465 1
41605 1
41609 1
41693 1
41717 1
41765 1
41805 1
41905 1
42001 1
42025 1
42029 1
42149 1
42173 1
42201 1
42209 1
42233 1
42237 1
42257 1
42281 1
42353 1
42385 1
42505 1
42577 1
42601 1
42725 1
42857 1
43045 2
43117 1
43165 1
43353 1
43405 1
43425 1
43469 2
43565 1
43745 1
43969 1
43973 1
43993 1
44005 1
44105 1
44117 1
44149 1
44189 1
44201 1
44245 1
44293 1
44345 1
44469 1
44525 1
44573 2
44717 1
44741 1
44789 1
44829 1
44861 1
44977 1
45061 1
45145 2
45245 1
45337 1
45377 1
45565 2
45585 1
45765 1
45781 1
45845 1
45913 1
45949 1
46021 1
46369 1
46449 1
46561 1
46657 1
46685 1
46705 1
47153 1
47225 1
47417 1
47437 1
47473 2
47477 1
47501 1
47573 1
47853 1
47857 1
48017 1
48137 1
48177 1
48197 1
48313 1
48673 1
49025 2
49141 1
49157 1
49373 1
49477 1
49793 1
49985 1
50185 1
50389 1
50557 1
50705 1
50753 1
50909 1
51001 1
51097 1
51493 1
51561 1
51701 1
51881 1
52037 1
52093 1
52765 1
53125 1
53261 1
53285 1
53573 1
53685 1
54445 1
54585 1
54685 1
54829 1
55997 1
56225 1
56873 2
57125 1
57137 1
57341 1
57501 1
57681 1
57913 1
57985 1
58973 1
59065 1
59425 2
59981 1
60073 1
60425 1
60569 1
61165 1
61561 1
62189 1
62477 1
63869 1
64129 1
64313 1
64525 1
67369 1
67409 1
70621 1
73597 1
79061 1
88621 1
