N J h mean_R_sq err_mean_R_sq mean_R_gyr_sq err_mean_R_gyr_sq 
1600 1.291 0 9096.11 331.01 1405.16 42.8038
5 2
13 1
17 1
25 1
29 2
37 3
41 1
53 5
61 1
65 4
73 1
85 7
89 2
97 2
101 3
113 3
117 2
125 4
137 2
145 5
149 4
153 3
169 1
173 3
181 2
185 4
193 4
197 2
225 4
229 1
233 3
245 1
257 2
261 1
269 1
277 1
281 3
289 3
293 3
305 4
313 1
325 11
333 1
337 2
353 1
365 3
369 2
373 1
377 3
389 5
397 1
405 4
409 4
421 3
425 7
433 4
441 1
445 2
449 4
457 1
461 2
477 2
481 8
485 8
493 7
505 5
509 2
521 1
533 4
541 1
545 2
549 2
557 1
565 3
569 2
585 3
593 4
601 2
613 3
617 4
625 2
629 4
637 3
641 1
653 2
657 2
661 1
673 1
677 5
685 4
689 5
697 3
701 3
709 2
725 5
729 1
733 2
745 3
757 2
761 4
765 6
769 2
773 2
785 2
793 2
797 2
821 3
829 1
833 2
841 2
845 10
853 4
857 6
865 7
873 2
877 3
881 2
901 6
905 1
909 4
925 3
929 2
937 2
941 2
949 6
953 1
961 2
965 5
977 1
981 2
985 6
997 1
1017 1
1021 2
1025 8
1037 2
1049 3
1053 3
1061 1
1073 4
1093 2
1097 2
1105 4
1109 1
1117 3
1129 2
1145 3
1153 2
1157 5
1165 4
1181 7
1189 1
1193 1
1201 1
1205 4
1213 1
1217 1
1225 5
1229 2
1233 2
1237 1
1241 3
1261 4
1277 2
1285 4
1289 2
1301 4
1305 5
1313 4
1321 2
1325 6
1345 7
1369 3
1373 4
1381 3
1385 3
1405 2
1409 2
1413 4
1417 4
1421 2
1429 4
1433 2
1445 5
1453 2
1465 5
1469 3
1481 1
1489 1
1493 2
1513 3
1517 2
1521 3
1525 8
1537 3
1549 2
1553 2
1557 1
1565 3
1585 4
1609 2
1613 1
1621 1
1625 10
1637 2
1649 3
1657 1
1665 1
1669 1
1681 3
1693 3
1697 1
1709 4
1717 3
1721 3
1733 2
1737 4
1741 7
1745 2
1753 2
1769 2
1773 3
1777 1
1781 2
1789 2
1801 2
1805 2
1813 3
1825 6
1845 2
1853 4
1861 1
1865 3
1873 1
1877 2
1885 5
1889 1
1901 3
1913 2
1921 1
1933 1
1937 5
1945 2
1949 1
1961 3
1985 4
1989 3
2009 2
2017 2
2025 3
2029 2
2041 7
2045 4
2053 2
2061 7
2069 2
2081 1
2089 4
2097 1
2105 4
2113 1
2117 5
2125 6
2129 1
2137 1
2141 1
2153 3
2161 1
2165 2
2169 2
2173 4
2205 3
2213 3
2221 1
2225 5
2237 2
2245 4
2249 10
2257 2
2269 1
2273 3
2281 1
2285 1
2293 1
2297 1
2305 3
2309 1
2313 4
2329 5
2333 1
2349 2
2353 2
2357 2
2377 3
2385 1
2389 1
2393 1
2405 9
2417 3
2421 2
2425 3
2441 2
2465 5
2473 1
2477 1
2501 3
2509 3
2521 2
2525 5
2529 1
2533 4
2545 1
2549 2
2557 1
2561 1
2581 3
2593 2
2601 6
2605 1
2609 4
2617 1
2621 1
2633 3
2637 2
2645 2
2657 2
2665 8
2669 2
2677 2
2689 1
2693 3
2701 3
2705 6
2725 4
2729 2
2741 1
2749 2
2777 1
2785 1
2789 1
2797 1
2801 1
2809 4
2813 3
2817 2
2825 4
2845 4
2853 1
2857 4
2861 1
2873 3
2885 3
2917 1
2925 5
2929 1
2941 5
2957 2
2965 3
2969 1
2993 2
2997 1
3029 1
3033 1
3037 1
3041 1
3049 2
3061 3
3065 1
3085 5
3089 2
3109 2
3121 3
3125 4
3133 3
3137 3
3141 1
3145 6
3161 2
3169 1
3177 1
3181 4
3205 1
3209 1
3221 1
3229 2
3233 2
3253 2
3257 3
3265 2
3277 2
3281 4
3285 4
3293 6
3301 2
3305 4
3313 2
3321 1
3329 2
3341 4
3357 2
3361 1
3365 3
3385 1
3389 1
3393 3
3413 1
3425 1
3433 2
3445 6
3449 1
3457 3
3461 1
3481 1
3485 4
3497 3
3505 3
3509 2
3517 3
3529 2
3541 2
3545 2
3557 2
3573 2
3577 2
3589 4
3593 1
3613 3
3617 2
3625 4
3645 1
3649 3
3653 4
3665 2
3673 1
3677 1
3697 1
3701 2
3709 1
3721 1
3725 5
3733 1
3737 3
3757 8
3761 2
3769 1
3785 1
3789 3
3797 1
3809 4
3821 1
3825 8
3853 6
3865 1
3869 2
3881 1
3889 3
3893 2
3897 1
3925 4
3929 1
3961 1
3965 2
3969 1
3973 2
3985 1
4005 4
4013 3
4021 1
4033 1
4045 3
4049 2
4069 4
4073 2
4093 2
4097 2
4105 3
4121 3
4133 1
4153 2
4165 1
4177 1
4181 3
4201 2
4205 4
4217 2
4225 7
4229 1
4241 1
4253 2
4261 1
4265 4
4273 1
4285 6
4289 2
4293 1
4297 2
4321 2
4325 2
4337 2
4361 1
4365 3
4369 4
4373 2
4381 2
4385 3
4397 3
4409 1
4437 4
4441 1
4453 1
4469 1
4481 1
4493 1
4505 6
4513 1
4517 1
4525 4
4537 1
4545 3
4549 1
4553 4
4573 3
4589 2
4597 1
4621 1
4625 3
4633 3
4637 2
4645 3
4649 4
4685 6
4705 5
4709 2
4717 1
4721 2
4745 3
4753 2
4765 4
4777 1
4789 1
4797 2
4801 1
4805 1
4813 1
4817 2
4825 7
4849 2
4869 1
4877 1
4885 2
4901 5
4905 1
4913 2
4925 4
4933 1
4937 1
4941 1
4957 2
4961 1
4969 1
4973 1
4981 1
4993 1
5009 2
5013 2
5017 3
5041 1
5045 1
5057 3
5065 2
5069 2
5077 1
5085 2
5105 5
5125 3
5141 3
5161 3
5165 3
5185 2
5193 1
5197 1
5209 1
5233 1
5245 1
5249 2
5265 2
5273 3
5305 4
5321 2
5329 1
5333 1
5337 1
5345 1
5353 2
5365 2
5389 1
5393 2
5413 1
5417 3
5429 4
5449 1
5465 3
5473 2
5477 1
5485 1
5501 2
5513 2
5517 1
5525 6
5537 1
5545 2
5553 1
5557 2
5573 1
5581 3
5585 1
5597 4
5617 1
5625 3
5629 3
5641 1
5645 1
5657 2
5661 3
5689 2
5693 2
5713 6
5717 3
5725 4
5729 1
5749 3
5777 1
5785 6
5809 1
5813 1
5821 2
5825 2
5837 5
5861 1
5869 2
5877 2
5881 2
5897 1
5905 2
5913 1
5917 2
5933 2
5941 2
5965 1
5981 2
5989 1
6001 2
6005 2
6025 1
6029 1
6053 1
6065 3
6089 2
6101 2
6109 2
6113 2
6121 2
6133 3
6145 3
6161 2
6165 1
6173 1
6185 2
6197 2
6201 1
6205 4
6217 1
6241 1
6245 2
6253 1
6257 2
6277 1
6301 2
6305 6
6309 4
6317 1
6329 2
6337 1
6341 4
6373 2
6381 2
6397 2
6401 3
6409 4
6421 1
6425 3
6437 2
6445 3
6449 1
6469 1
6473 4
6481 1
6485 3
6497 1
6505 4
6521 1
6525 3
6529 2
6565 2
6569 2
6577 2
6597 2
6605 6
6613 4
6617 1
6625 6
6637 1
6641 1
6649 1
6653 1
6697 1
6701 2
6705 2
6725 2
6737 2
6749 6
6757 2
6761 1
6773 1
6781 3
6805 3
6813 1
6817 1
6829 1
6845 2
6865 4
6885 2
6889 1
6905 1
6921 1
6925 2
6929 3
6949 1
6953 4
6961 3
6989 3
7013 1
7025 6
7033 1
7045 3
7057 1
7065 2
7085 5
7093 1
7105 3
7109 1
7129 1
7137 2
7141 1
7157 3
7165 3
7173 1
7177 1
7213 1
7225 5
7237 1
7241 1
7261 1
7281 1
7301 2
7321 1
7325 1
7345 4
7361 3
7369 1
7397 2
7421 1
7433 2
7453 4
7457 1
7465 2
7477 2
7501 5
7541 2
7565 4
7573 2
7577 1
7585 3
7589 2
7605 2
7621 1
7625 4
7633 1
7649 1
7669 3
7673 2
7685 3
7709 2
7713 3
7717 1
7741 2
7745 1
7765 2
7769 4
7785 2
7789 1
7801 1
7813 1
7817 1
7825 2
7829 3
7837 4
7841 1
7853 1
7857 1
7865 1
7873 1
7897 2
7901 2
7913 6
7921 1
7925 1
7929 2
7937 1
7957 3
7969 1
7993 1
8021 3
8033 2
8045 2
8065 1
8077 1
8081 2
8089 1
8093 1
8101 1
8105 3
8109 1
8125 3
8145 1
8149 1
8161 1
8177 5
8181 2
8237 1
8245 4
8249 2
8273 1
8281 4
8285 3
8317 1
8321 4
8329 1
8353 1
8357 4
8381 2
8389 1
8405 2
8425 2
8429 1
8433 1
8461 1
8469 2
8473 2
8477 4
8485 1
8489 5
8497 3
8537 1
8541 1
8581 2
8585 6
8593 2
8597 1
8605 2
8621 2
8629 1
8641 1
8649 1
8653 1
8665 2
8677 2
8685 2
8689 1
8705 1
8713 1
8725 2
8737 1
8749 1
8761 1
8765 2
8801 1
8825 3
8833 2
8837 1
8845 3
8857 1
8861 1
8865 1
8869 1
8885 1
8893 2
8905 4
8933 1
8941 3
8945 2
8957 4
8973 2
9001 3
9005 1
9025 1
9029 1
9041 1
9061 4
9065 1
9077 4
9081 1
9089 3
9109 1
9113 2
9117 2
9125 6
9133 3
9137 1
9157 1
9161 1
9169 1
9173 1
9181 1
9189 1
9193 5
9197 4
9217 2
9225 2
9265 6
9293 1
9305 2
9325 3
9333 2
9337 5
9341 2
9365 3
9377 1
9385 2
9421 2
9425 6
9433 3
9437 2
9445 1
9469 2
9473 1
9497 1
9505 1
9509 1
9521 1
9529 3
9533 3
9553 1
9565 1
9601 1
9605 2
9613 1
9649 1
9657 1
9665 2
9673 2
9685 4
9689 1
9701 1
9725 2
9749 1
9769 2
9773 1
9781 1
9797 2
9801 1
9805 2
9809 3
9833 1
9841 4
9865 2
9893 2
9901 1
9925 2
9945 1
9949 1
9953 1
9965 1
9981 3
9985 2
9997 1
10001 2
10025 2
10037 1
10045 1
10049 2
10053 1
10057 1
10121 2
10125 1
10133 1
10141 1
10145 1
10161 2
10169 2
10193 2
10205 1
10217 2
10225 3
10237 1
10249 2
10265 2
10273 1
10301 2
10305 2
10309 1
10321 1
10345 1
10361 1
10369 1
10377 2
10397 2
10405 2
10413 2
10421 1
10433 2
10441 1
10469 1
10477 1
10485 1
10489 1
10517 1
10525 3
10529 1
10565 1
10573 1
10585 5
10597 1
10601 1
10625 2
10645 1
10657 1
10693 4
10701 1
10709 1
10729 1
10733 1
10777 1
10781 2
10809 1
10817 1
10829 2
10837 1
10841 1
10845 1
10861 1
10865 5
10897 3
10909 1
10917 1
10937 1
10961 2
10985 2
10993 1
11025 1
11065 1
11101 3
11117 1
11125 1
11133 1
11141 2
11169 1
11173 1
11177 1
11197 2
11213 1
11225 1
11241 1
11245 1
11281 2
11285 1
11317 1
11329 1
11345 1
11349 1
11357 1
11393 1
11401 1
11405 2
11413 1
11437 1
11441 2
11453 1
11461 2
11493 1
11509 1
11513 1
11525 2
11581 1
11593 1
11601 1
11617 3
11621 2
11629 2
11633 2
11645 3
11665 2
11677 1
11701 1
11705 1
11709 1
11713 3
11729 3
11765 2
11785 1
11813 1
11817 1
11821 1
11849 1
11881 1
11885 1
11889 3
11905 1
11917 1
11925 3
11941 1
11945 1
11965 1
11981 1
12005 1
12013 1
12017 4
12025 4
12037 2
12041 1
12073 1
12077 1
12105 1
12109 1
12113 2
12125 2
12137 3
12157 2
12161 2
12185 3
12209 1
12249 1
12253 2
12321 1
12325 5
12337 1
12349 1
12357 1
12365 1
12377 1
12401 1
12437 1
12457 1
12465 1
12469 2
12493 1
12497 1
12505 4
12545 2
12553 1
12577 1
12589 3
12593 3
12605 1
12629 1
12689 1
12725 2
12745 1
12753 2
12757 1
12769 1
12785 3
12789 2
12805 3
12809 3
12829 1
12853 1
12861 1
12869 1
12889 2
12893 1
12897 1
12905 1
12941 1
12953 1
12961 1
12965 1
12997 2
13005 1
13009 1
13025 2
13049 1
13061 2
13073 3
13077 1
13105 1
13117 1
13121 1
13165 2
13169 1
13181 1
13185 1
13225 1
13229 1
13241 1
13253 1
13261 1
13289 1
13297 2
13325 2
13357 1
13417 2
13421 1
13457 1
13481 2
13505 1
13525 1
13553 1
13565 3
13577 2
13597 1
13621 1
13649 1
13653 1
13681 1
13693 2
13705 1
13709 1
13721 1
13729 1
13745 4
13753 1
13765 1
13781 2
13789 1
13793 1
13801 1
13829 1
13885 1
13921 1
13925 4
13933 2
13945 1
13949 1
13969 1
13973 1
13977 1
13997 1
14045 1
14057 1
14065 2
14085 1
14093 2
14125 1
14149 2
14153 1
14157 1
14165 2
14177 1
14197 1
14221 1
14225 2
14257 1
14285 1
14305 2
14365 4
14381 1
14389 1
14393 3
14401 1
14417 1
14437 2
14461 1
14473 1
14489 1
14501 2
14545 2
14561 1
14569 1
14589 2
14625 3
14633 1
14641 2
14645 3
14657 2
14669 2
14677 4
14689 1
14705 1
14737 1
14761 2
14765 1
14785 2
14801 1
14825 1
14837 2
14845 2
14885 1
14893 1
14929 1
14933 3
14945 4
14965 1
14977 1
14985 2
14989 1
15005 1
15041 1
15061 1
15073 1
15101 1
15109 1
15145 1
15161 1
15165 2
15173 1
15205 1
15217 1
15237 1
15241 1
15245 1
15269 1
15273 1
15277 1
15289 2
15293 1
15305 1
15317 4
15325 2
15349 1
15353 2
15361 1
15381 2
15385 2
15457 1
15481 1
15497 1
15541 2
15569 2
15581 1
15605 2
15613 1
15633 1
15661 1
15665 5
15677 1
15685 2
15689 1
15725 2
15761 1
15769 2
15793 2
15805 2
15817 2
15877 3
15885 1
15921 2
15925 2
15949 1
15977 1
16057 1
16081 2
16085 1
16101 1
16109 2
16141 1
16153 1
16229 2
16237 2
16245 1
16253 2
16265 1
16277 2
16285 1
16337 1
16349 1
16405 3
16433 1
16441 1
16465 2
16501 2
16513 1
16525 3
16553 1
16565 1
16573 1
16601 1
16609 1
16633 1
16645 1
16649 1
16677 1
16745 1
16757 1
16769 1
16781 2
16805 1
16837 2
16861 1
16889 1
16909 2
16921 3
16925 1
16949 1
17001 1
17021 1
17033 2
17041 1
17069 1
17101 1
17125 2
17137 1
17141 2
17165 1
17173 1
17177 1
17197 1
17225 2
17257 1
17261 1
17285 1
17297 1
17405 1
17425 2
17473 1
17477 1
17485 4
17489 1
17505 2
17509 1
17525 2
17533 2
17545 1
17573 1
17585 1
17597 1
17629 2
17649 2
17665 1
17669 1
17693 1
17705 1
17725 1
17753 1
17777 2
17785 1
17797 1
17865 1
17873 1
17893 1
17901 1
17953 1
17965 2
17977 1
18005 1
18029 1
18037 1
18041 2
18045 1
18085 2
18125 1
18133 1
18169 1
18225 2
18229 1
18245 1
18253 1
18257 1
18269 1
18365 1
18385 1
18397 1
18405 2
18413 1
18461 1
18477 2
18485 3
18497 1
18505 1
18517 1
18545 1
18577 1
18593 1
18649 1
18685 1
18701 1
18737 1
18769 1
18785 1
18805 1
18833 1
18845 1
18853 4
18901 1
18917 1
18965 1
18989 1
19001 1
19045 1
19053 1
19073 1
19105 2
19109 1
19141 1
19165 1
19181 1
19233 1
19249 1
19253 1
19277 1
19325 2
19337 3
19345 2
19357 1
19385 1
19409 1
19457 1
19465 1
19477 1
19501 2
19553 1
19601 2
19609 1
19633 2
19661 2
19669 1
19717 2
19721 1
19805 2
19825 4
19841 1
19885 2
19945 1
19981 1
19989 1
19993 1
20017 2
20077 1
20089 1
20117 2
20129 1
20165 2
20205 1
20221 1
20225 1
20245 1
20313 3
20341 1
20345 1
20381 2
20453 1
20465 1
20521 1
20557 1
20565 2
20621 1
20745 3
20749 1
20761 2
20773 1
20789 1
20809 1
20813 1
20817 2
20849 1
20885 1
20893 1
20917 1
20997 1
21041 2
21089 2
21101 1
21125 2
21177 1
21213 1
21233 2
21257 2
21265 1
21269 1
21341 1
21365 1
21425 1
21465 2
21473 1
21537 1
21541 1
21569 1
21577 1
21625 2
21677 2
21737 1
21789 1
21805 2
21809 2
21845 1
21853 2
21893 1
21905 1
21929 1
21941 1
21953 1
21969 2
21977 1
22009 1
22025 1
22049 1
22061 1
22105 2
22185 1
22189 1
22193 1
22213 1
22237 3
22265 1
22273 1
22321 1
22345 1
22369 2
22437 1
22465 1
22501 1
22573 2
22633 1
22681 1
22685 1
22697 1
22709 1
22753 1
22765 1
22789 1
22797 1
22865 1
22905 1
22945 2
23101 1
23125 1
23141 1
23225 1
23229 2
23321 1
23365 1
23373 1
23409 1
23425 2
23537 1
23549 1
23561 1
23569 1
23581 1
23605 1
23609 1
23725 1
23801 1
23873 1
23953 1
23985 1
23993 1
24021 1
24025 1
24041 1
24085 1
24245 1
24309 1
24337 1
24345 1
24425 2
24457 1
24461 1
24473 1
24505 1
24525 1
24557 1
24713 2
24785 2
24797 2
24805 1
24841 2
24845 1
24853 1
24901 1
24949 1
24961 1
25009 1
25045 2
25073 1
25133 1
25181 1
25261 1
25301 1
25325 1
25385 1
25405 1
25525 1
25537 1
25589 1
25625 1
25681 1
25705 1
25721 1
25733 1
25765 1
25877 1
25925 1
25937 1
25961 1
25997 1
26017 1
26065 1
26141 2
26161 1
26225 1
26233 1
26297 1
26325 1
26377 1
26405 1
26469 1
26605 2
26665 1
26681 1
26689 4
26705 1
26765 1
26793 1
26825 1
26833 1
26869 1
26893 1
26897 1
26953 1
26965 1
27173 1
27205 1
27289 1
27365 1
27565 1
27581 1
27625 1
27749 1
27781 1
28097 1
28157 1
28477 2
28577 1
28585 1
29045 1
29097 1
29189 2
29273 1
29345 1
29537 1
29641 1
29861 1
29933 1
30269 1
30277 1
30325 1
30413 1
30577 2
30641 1
30673 1
30825 1
30897 1
30901 1
31121 1
31145 1
31249 1
31473 1
31541 1
31769 1
31797 1
31921 1
31937 1
32157 1
32185 1
32225 1
32317 1
32405 1
32561 1
32833 1
33057 1
33185 1
33485 1
33545 1
33589 1
33745 2
33785 1
33849 1
34021 1
34065 2
34145 1
34945 1
35033 1
35125 1
35137 1
35261 1
35377 1
35425 1
35465 1
35617 1
35657 1
35705 1
35797 1
35825 1
35873 1
36121 1
36125 1
36149 1
36161 1
36185 1
36329 1
36485 1
36853 1
37805 1
37845 1
37925 1
37953 1
38113 1
38369 1
38385 1
38737 1
38917 2
39085 1
39377 1
39509 1
39625 1
39793 1
39989 1
40045 1
40085 1
40661 1
40673 1
40961 1
41625 2
41893 1
42061 1
42165 1
42409 1
43405 1
43621 1
43657 1
44105 1
44345 1
44785 1
44945 1
45325 1
45445 1
45545 1
46105 1
46737 1
47501 1
48681 1
49041 1
49325 1
50969 1
52105 1
52609 1
52945 1
55049 1
55525 1
63629 1
74713 1
