N J h mean_R_sq err_mean_R_sq mean_R_gyr_sq err_mean_R_gyr_sq 
1600 1.275 0 13749.5 429.248 2011.64 50.0192
0 2
1 16
2 14
3 14
4 10
5 10
6 14
7 14
8 17
9 16
10 13
11 18
12 17
13 7
14 13
15 16
16 16
17 15
18 14
19 15
20 19
21 12
22 14
23 16
24 11
25 20
26 18
27 19
28 13
29 17
30 14
31 14
32 20
33 12
34 18
35 15
36 9
37 12
38 11
39 13
40 17
41 7
42 15
43 12
44 10
45 9
46 14
47 12
48 8
49 16
50 19
51 14
52 13
53 21
54 18
55 13
56 10
57 11
58 15
59 4
60 13
61 12
62 12
63 12
64 17
65 10
66 23
67 12
68 9
69 16
70 16
71 14
72 13
73 10
74 12
75 12
76 9
77 9
78 12
79 9
80 10
81 12
82 9
83 13
84 14
85 11
86 18
87 12
88 11
89 14
90 10
91 17
92 11
93 11
94 7
95 11
96 18
97 11
98 13
99 16
100 9
101 11
102 12
103 10
104 11
105 11
106 13
107 13
108 7
109 12
110 7
111 4
112 13
113 7
114 8
115 13
116 11
117 9
118 7
119 4
120 7
121 10
122 8
123 6
124 10
125 6
126 4
127 4
128 9
129 6
130 8
131 4
132 8
133 7
134 5
135 9
136 8
137 7
139 6
140 7
141 3
142 3
143 2
144 2
145 1
146 5
147 3
148 3
149 4
150 3
151 1
152 6
153 3
154 4
155 6
156 2
157 1
158 5
160 5
161 1
162 5
163 8
164 2
165 5
166 4
167 2
169 4
170 2
171 1
172 1
173 1
174 3
175 3
176 1
178 3
179 2
180 1
181 3
182 2
183 3
184 2
186 4
187 1
188 1
190 2
192 1
193 1
197 1
198 1
199 1
200 1
205 1
211 1
215 1
216 1
230 1
250 1
