N J h mean_R_sq err_mean_R_sq mean_R_gyr_sq err_mean_R_gyr_sq 
2500 1.293 0 43322.2 36526.4 8840.27 7430.75
0 8
1 10
2 15
3 10
4 11
5 14
6 12
7 9
8 15
9 12
10 7
11 13
12 14
13 17
14 24
15 11
16 11
17 14
18 6
19 3
20 10
21 9
22 18
23 17
24 5
25 16
26 8
27 11
28 8
29 7
30 11
31 14
32 7
33 11
34 15
35 6
36 9
37 11
38 3
39 4
40 5
41 6
42 12
43 7
44 5
45 3
46 3
47 6
48 7
49 9
50 7
51 4
52 6
53 10
54 6
55 2
56 5
57 8
58 6
59 7
60 5
61 4
62 3
63 1
64 3
65 2
66 2
67 4
68 1
69 5
70 4
71 1
73 2
74 4
75 2
76 4
77 2
78 4
79 5
80 1
81 2
82 3
83 3
85 1
86 2
87 2
88 4
89 4
90 1
91 1
92 1
93 2
94 1
95 2
96 3
97 2
98 2
101 1
102 1
103 1
106 1
107 3
108 1
112 1
117 1
118 1
119 2
120 1
124 1
131 1
141 1
161 1
173 1
487 1
572 1
671 1
693 1
717 1
725 1
742 1
771 1
858 1
1193 1
1205 1
1244 1
1256 1
1269 1
1340 1
1408 2
1412 1
1420 1
1447 1
1458 1
1462 1
1463 1
1471 1
1501 1
