N J h mean_R_sq err_mean_R_sq mean_R_gyr_sq err_mean_R_gyr_sq 
1600 1.29 0 10103.7 1000.62 1596.37 171.586
0 21
1 45
2 46
3 49
4 55
5 49
6 40
7 53
8 46
9 47
10 41
11 39
12 45
13 60
14 47
15 41
16 53
17 42
18 47
19 48
20 40
21 48
22 38
23 31
24 47
25 45
26 37
27 44
28 37
29 51
30 32
31 42
32 36
33 37
34 36
35 43
36 40
37 41
38 38
39 38
40 42
41 39
42 40
43 47
44 34
45 37
46 37
47 31
48 40
49 30
50 32
51 41
52 34
53 46
54 37
55 30
56 32
57 36
58 22
59 40
60 21
61 29
62 32
63 27
64 31
65 27
66 33
67 27
68 37
69 26
70 31
71 29
72 41
73 31
74 27
75 25
76 20
77 31
78 23
79 32
80 19
81 29
82 24
83 27
84 23
85 17
86 26
87 26
88 22
89 19
90 17
91 22
92 20
93 19
94 20
95 19
96 24
97 17
98 15
99 18
100 15
101 12
102 13
103 19
104 13
105 11
106 12
107 14
108 16
109 18
110 14
111 16
112 14
113 10
114 10
115 10
116 7
117 7
118 8
119 13
120 13
121 12
122 12
123 10
124 12
125 6
126 7
127 9
128 9
129 9
130 4
131 5
132 8
133 2
134 4
135 6
136 14
137 1
138 3
139 11
140 4
141 6
142 4
143 5
144 11
145 3
146 5
147 2
148 6
149 2
150 5
151 1
152 6
153 3
154 5
155 6
156 1
157 3
158 3
159 1
160 3
161 2
162 3
163 2
164 2
165 4
167 3
168 3
169 1
170 3
172 2
173 1
174 2
175 2
177 1
178 1
179 2
180 2
181 1
182 1
183 1
186 1
188 2
193 1
195 1
196 1
203 2
205 1
208 1
211 1
226 1
482 1
498 1
602 1
610 1
671 1
672 1
696 1
697 1
725 1
