N J h mean_R_sq err_mean_R_sq mean_R_gyr_sq err_mean_R_gyr_sq 
1225 1.27 0 9884.61 118.974 1480.7 12.8819
0 40
1 83
2 91
3 69
4 86
5 70
6 78
7 71
8 58
9 80
10 69
11 97
12 67
13 72
14 90
15 72
16 84
17 86
18 67
19 75
20 83
21 68
22 83
23 80
24 83
25 92
26 72
27 72
28 86
29 75
30 90
31 88
32 71
33 79
34 82
35 81
36 79
37 81
38 77
39 70
40 74
41 78
42 74
43 70
44 90
45 80
46 85
47 78
48 78
49 58
50 81
51 48
52 61
53 50
54 65
55 59
56 58
57 66
58 72
59 63
60 70
61 62
62 86
63 66
64 67
65 65
66 67
67 54
68 65
69 65
70 64
71 62
72 68
73 63
74 61
75 55
76 69
77 61
78 65
79 48
80 49
81 47
82 64
83 53
84 56
85 63
86 48
87 50
88 53
89 39
90 47
91 57
92 43
93 47
94 33
95 48
96 49
97 40
98 42
99 44
100 32
101 43
102 42
103 39
104 42
105 26
106 38
107 32
108 28
109 46
110 30
111 41
112 24
113 38
114 40
115 30
116 26
117 27
118 33
119 21
120 31
121 15
122 28
123 30
124 24
125 25
126 19
127 28
128 21
129 18
130 21
131 17
132 20
133 17
134 20
135 23
136 11
137 16
138 12
139 21
140 10
141 13
142 12
143 12
144 9
145 9
146 9
147 14
148 8
149 16
150 10
151 7
152 7
153 5
154 8
155 3
156 9
157 3
158 7
159 2
160 3
161 9
162 3
163 4
164 5
165 6
166 3
167 4
168 4
169 1
170 1
171 4
172 4
174 2
176 2
177 2
178 1
179 2
180 4
183 6
184 2
185 3
186 2
187 1
188 1
190 1
191 1
193 1
195 2
196 1
197 1
198 1
199 1
203 1
207 1
216 1
