N J h mean_R_sq err_mean_R_sq mean_R_gyr_sq err_mean_R_gyr_sq 
2500 1.278 0 27747 5393.89 4594.69 1189.67
0 9
1 34
2 26
3 24
4 31
5 29
6 29
7 26
8 28
9 34
10 35
11 30
12 26
13 36
14 36
15 33
16 27
17 24
18 33
19 25
20 30
21 30
22 17
23 32
24 13
25 35
26 29
27 35
28 42
29 32
30 26
31 31
32 26
33 25
34 16
35 25
36 28
37 28
38 27
39 32
40 37
41 27
42 33
43 22
44 20
45 27
46 29
47 38
48 28
49 24
50 30
51 27
52 29
53 28
54 23
55 28
56 30
57 15
58 29
59 25
60 30
61 31
62 21
63 29
64 23
65 27
66 17
67 24
68 25
69 30
70 24
71 25
72 30
73 30
74 14
75 25
76 32
77 23
78 21
79 24
80 30
81 19
82 23
83 30
84 19
85 30
86 27
87 26
88 21
89 24
90 24
91 16
92 25
93 22
94 30
95 26
96 27
97 22
98 26
99 18
100 27
101 20
102 27
103 20
104 20
105 18
106 29
107 20
108 12
109 23
110 25
111 18
112 22
113 22
114 20
115 21
116 24
117 15
118 25
119 24
120 12
121 20
122 19
123 19
124 20
125 18
126 27
127 19
128 25
129 20
130 11
131 13
132 20
133 19
134 17
135 23
136 14
137 13
138 10
139 11
140 19
141 17
142 18
143 19
144 25
145 15
146 15
147 16
148 17
149 10
150 10
151 11
152 12
153 12
154 9
155 5
156 9
157 11
158 10
159 24
160 12
161 18
162 10
163 9
164 12
165 10
166 11
167 10
168 10
169 5
170 11
171 7
172 9
173 11
174 12
175 8
176 12
177 6
178 8
179 7
180 12
181 14
182 5
183 8
184 6
185 6
186 3
187 14
188 9
189 6
190 8
191 9
192 5
193 8
194 4
195 3
196 6
197 4
198 8
199 6
200 4
201 8
202 5
203 8
204 4
205 3
206 3
207 1
208 3
209 5
210 7
211 5
212 2
213 2
214 5
215 2
216 9
217 3
218 4
219 6
220 6
221 2
222 2
223 1
224 2
225 4
226 2
227 3
228 2
229 3
230 3
231 3
232 1
233 1
234 1
235 3
236 3
237 1
238 4
239 3
240 1
241 2
242 4
243 2
244 2
245 1
247 1
248 5
250 2
251 5
253 1
254 1
255 1
257 1
259 1
261 3
263 1
264 2
265 1
267 1
269 1
272 1
273 1
274 2
276 2
278 1
279 1
287 1
288 1
295 2
311 1
318 1
612 1
746 1
785 1
823 1
826 1
831 1
854 1
861 1
871 1
951 1
981 1
1038 1
1070 1
1120 1
1144 1
1160 1
1187 1
1440 1
1496 1
1502 1
1504 1
1533 1
1537 1
1670 1
1775 1
1807 1
