N J h mean_R_sq err_mean_R_sq mean_R_gyr_sq err_mean_R_gyr_sq 
2500 1.26 0 56879.7 24608.4 9228.79 4584.16
0 8
1 7
2 7
3 8
4 12
5 5
6 14
7 11
8 10
9 12
10 8
11 6
12 5
13 10
14 8
15 10
16 7
17 8
18 4
19 4
20 10
21 7
22 8
23 10
24 7
25 6
26 8
27 7
28 8
29 8
30 6
31 7
32 7
33 11
34 7
35 8
36 16
37 6
38 5
39 6
40 9
41 7
42 13
43 8
44 6
45 10
46 9
47 6
48 5
49 11
50 9
51 8
52 8
53 8
54 7
55 10
56 8
57 11
58 4
59 9
60 11
61 2
62 6
63 16
64 10
65 9
66 12
67 5
68 10
69 6
70 7
71 9
72 11
73 9
74 8
75 6
76 9
77 13
78 6
79 7
80 10
81 5
82 17
83 13
84 11
85 7
86 11
87 7
88 9
89 10
90 8
91 12
92 10
93 5
94 12
95 10
96 9
97 8
98 6
99 6
100 5
101 10
102 10
103 9
104 11
105 11
106 13
107 7
108 12
109 6
110 8
111 4
112 6
113 11
114 9
115 6
116 7
117 6
118 6
119 4
120 11
121 5
122 5
123 6
124 11
125 9
126 14
127 4
128 9
129 10
130 3
131 8
132 11
133 12
134 3
135 10
136 12
137 8
138 7
139 7
140 5
141 3
142 9
143 2
144 12
145 7
146 5
147 6
148 5
149 8
150 9
151 5
152 11
153 8
154 8
155 7
156 5
157 5
158 6
159 6
160 5
161 9
162 5
163 1
164 5
165 4
166 6
167 5
168 3
169 5
170 9
171 3
172 2
173 1
174 6
175 3
176 3
177 3
178 3
179 7
180 8
181 6
182 6
183 4
184 11
185 3
186 3
187 3
188 4
189 4
190 4
191 1
192 3
193 5
194 5
195 3
196 4
197 4
198 3
199 4
200 6
201 8
202 2
203 3
204 5
205 4
206 4
207 4
208 5
209 2
210 1
211 5
212 5
213 1
214 3
215 2
216 4
217 4
218 5
219 5
220 3
221 4
222 1
223 1
224 4
225 3
227 3
228 1
229 3
230 5
231 2
232 2
233 5
234 1
235 4
236 4
237 4
238 2
239 2
240 2
241 3
242 1
243 1
244 1
245 2
246 2
247 2
248 2
249 2
250 3
251 1
252 1
253 1
254 1
255 2
256 2
257 1
258 2
259 2
260 2
261 1
262 1
263 4
264 4
265 1
266 1
269 1
271 1
273 3
275 1
276 2
277 2
278 1
279 3
280 1
281 1
283 1
284 3
286 1
287 3
290 3
291 1
297 1
305 2
309 1
310 2
316 1
317 1
318 1
320 1
322 1
