N J h mean_R_sq err_mean_R_sq mean_R_gyr_sq err_mean_R_gyr_sq 
1600 1.29 0 10103.7 1000.62 1596.37 171.586
0 21
1 40
2 39
3 24
4 44
5 56
6 40
7 32
8 42
9 40
10 46
11 55
12 44
13 45
14 46
15 39
16 47
17 34
18 38
19 54
20 49
21 38
22 36
23 36
24 34
25 58
26 39
27 33
28 34
29 24
30 39
31 52
32 40
33 52
34 35
35 33
36 41
37 47
38 50
39 47
40 45
41 39
42 48
43 34
44 35
45 34
46 44
47 38
48 35
49 44
50 44
51 41
52 36
53 34
54 40
55 36
56 27
57 42
58 42
59 25
60 35
61 33
62 31
63 30
64 41
65 26
66 31
67 18
68 28
69 22
70 26
71 36
72 21
73 23
74 24
75 22
76 26
77 24
78 28
79 34
80 21
81 20
82 23
83 24
84 23
85 27
86 21
87 21
88 28
89 23
90 24
91 16
92 14
93 23
94 21
95 18
96 23
97 19
98 18
99 20
100 14
101 16
102 20
103 20
104 23
105 19
106 11
107 11
108 14
109 14
110 13
111 16
112 20
113 14
114 13
115 9
116 16
117 10
118 12
119 11
120 13
121 11
122 10
123 13
124 6
125 6
126 9
127 9
128 14
129 9
130 11
131 12
132 14
133 6
134 8
135 4
136 7
137 5
138 7
139 6
140 3
141 7
142 5
143 4
144 6
145 2
146 3
147 2
148 4
149 4
150 4
151 6
152 4
153 4
154 2
155 5
156 4
157 3
158 5
159 4
160 2
161 2
162 2
163 2
164 1
165 3
166 3
167 1
168 2
169 1
172 1
174 1
175 2
176 2
177 2
179 1
185 1
186 3
188 1
189 1
190 2
191 1
194 1
196 2
201 2
202 1
204 1
213 2
222 1
224 1
227 2
