N J h mean_R_sq err_mean_R_sq mean_R_gyr_sq err_mean_R_gyr_sq 
1600 1.305 0 5124.18 1794.17 988.739 326.441
0 12
1 28
2 32
3 33
4 31
5 43
6 38
7 26
8 27
9 31
10 29
11 25
12 38
13 38
14 39
15 34
16 35
17 27
18 29
19 32
20 35
21 27
22 37
23 38
24 26
25 15
26 25
27 25
28 34
29 29
30 28
31 25
32 21
33 16
34 20
35 14
36 19
37 14
38 20
39 25
40 11
41 11
42 21
43 17
44 16
45 15
46 21
47 20
48 20
49 22
50 11
51 10
52 7
53 6
54 14
55 12
56 6
57 13
58 10
59 6
60 11
61 9
62 3
63 10
64 10
65 3
66 4
67 7
68 7
69 5
70 6
71 6
72 8
73 5
74 7
75 2
76 5
77 3
78 2
79 1
80 5
81 3
82 1
83 5
84 3
85 5
86 5
87 1
88 5
89 3
90 1
91 2
92 2
93 1
94 1
96 4
97 4
98 4
99 2
100 2
102 2
103 2
104 2
105 3
106 2
107 2
108 1
110 2
114 1
115 1
117 1
118 1
124 2
134 1
135 1
137 2
138 1
142 1
144 1
145 1
146 1
151 1
156 1
158 1
163 1
180 1
181 1
