N J h mean_R_sq err_mean_R_sq mean_R_gyr_sq err_mean_R_gyr_sq 
2500 1.293 0 30454.2 25341.2 6195.99 5173
0 9
1 26
2 18
3 14
4 11
5 25
6 15
7 9
8 14
9 15
10 20
11 16
12 10
13 20
14 9
15 19
16 16
17 12
18 20
19 16
20 15
21 15
22 11
23 13
24 14
25 14
26 13
27 9
28 10
29 14
30 23
31 16
32 21
33 14
34 15
35 14
36 12
37 16
38 12
39 10
40 9
41 15
42 12
43 15
44 8
45 12
46 10
47 10
48 11
49 7
50 17
51 3
52 11
53 9
54 11
55 5
56 5
57 6
58 6
59 9
60 2
61 7
62 3
63 2
64 5
65 6
66 3
67 8
68 6
69 9
70 2
71 3
72 6
73 2
74 1
75 5
76 4
77 2
78 5
80 1
81 1
82 6
83 1
84 2
85 2
86 2
87 3
88 3
89 6
90 1
91 4
92 3
93 1
94 2
95 2
96 3
97 1
98 4
99 2
100 3
101 2
102 1
103 4
104 3
105 5
106 2
107 2
108 3
109 1
110 3
111 1
113 4
114 3
115 1
116 3
117 3
118 3
120 1
121 2
122 3
123 2
126 3
133 2
134 1
137 1
140 1
144 1
145 2
146 1
148 2
150 1
151 1
155 1
156 1
160 1
166 2
168 1
170 1
171 1
173 1
194 1
197 1
