N J h mean_R_sq err_mean_R_sq mean_R_gyr_sq err_mean_R_gyr_sq 
2500 1.308 0 20376.7 17791.6 5375.66 4630.35
0 5
1 14
2 16
3 14
4 26
5 9
6 20
7 24
8 15
9 17
10 13
11 19
12 11
13 22
14 16
15 11
16 11
17 18
18 20
19 15
20 13
21 24
22 14
23 16
24 15
25 21
26 16
27 16
28 15
29 22
30 12
31 18
32 7
33 12
34 5
35 15
36 14
37 19
38 10
39 9
40 12
41 12
42 6
43 6
44 8
45 5
46 6
47 5
48 7
49 6
50 5
51 7
52 7
53 8
54 5
55 1
56 9
57 6
58 3
59 1
60 6
61 2
62 7
63 5
64 4
65 5
66 1
67 5
68 2
69 3
70 2
72 2
73 2
74 1
75 1
76 3
77 2
79 1
80 2
81 4
82 1
84 1
87 2
91 1
