N J h mean_R_sq err_mean_R_sq mean_R_gyr_sq err_mean_R_gyr_sq 
1600 1.276 0 17388.6 3645.94 2725.15 682.936
0 7
1 15
2 13
3 16
4 23
5 17
6 14
7 22
8 21
9 21
10 21
11 15
12 22
13 21
14 21
15 10
16 19
17 23
18 24
19 9
20 18
21 20
22 24
23 18
24 17
25 13
26 16
27 16
28 15
29 16
30 20
31 22
32 19
33 19
34 17
35 19
36 21
37 21
38 20
39 13
40 10
41 16
42 14
43 16
44 14
45 17
46 22
47 12
48 7
49 7
50 12
51 17
52 7
53 14
54 22
55 22
56 18
57 17
58 12
59 15
60 11
61 20
62 15
63 15
64 10
65 12
66 22
67 19
68 19
69 11
70 7
71 19
72 15
73 11
74 14
75 18
76 10
77 11
78 15
79 13
80 8
81 21
82 14
83 11
84 11
85 16
86 15
87 9
88 7
89 14
90 5
91 12
92 17
93 8
94 10
95 14
96 11
97 9
98 7
99 14
100 15
101 14
102 6
103 7
104 8
105 14
106 6
107 11
108 11
109 5
110 6
111 10
112 14
113 7
114 10
115 14
116 10
117 8
118 7
119 11
120 6
121 5
122 5
123 9
124 7
125 11
126 7
127 6
128 6
129 4
130 12
131 7
132 10
133 4
134 8
135 7
136 7
137 6
138 4
139 5
140 4
141 4
142 10
143 3
144 4
145 5
146 8
147 4
148 3
149 3
150 6
151 4
152 4
153 3
154 4
155 5
156 2
157 3
158 1
160 3
161 4
162 2
163 1
164 4
165 2
166 1
167 3
168 2
169 4
170 1
171 1
172 1
175 2
177 1
178 1
179 2
181 1
182 2
183 2
184 1
186 4
189 1
190 1
191 2
192 1
193 2
194 1
198 1
200 1
202 1
203 1
206 1
214 1
241 1
