N J h mean_R_sq err_mean_R_sq mean_R_gyr_sq err_mean_R_gyr_sq 
3600 1.307 0 238717 234264 47018.9 45806.1
0 4
1 13
2 15
3 10
4 8
5 10
6 10
7 11
8 12
9 14
10 7
11 8
12 14
13 10
14 9
15 3
16 10
17 10
18 12
19 4
20 7
21 11
22 7
23 15
24 6
25 7
26 5
27 7
28 12
29 3
30 7
31 11
32 5
33 10
34 8
35 6
36 11
37 7
38 3
39 6
40 3
41 8
42 4
43 5
44 8
45 3
46 9
47 6
48 9
49 4
50 4
51 3
52 1
53 4
54 2
55 2
56 7
57 6
58 3
59 7
60 5
61 3
62 3
63 3
64 2
65 3
66 2
67 3
68 2
69 1
70 3
71 4
72 1
73 1
74 2
75 1
76 1
77 1
78 3
79 1
80 1
83 2
86 1
89 1
99 1
102 1
112 1
