N J h mean_R_sq err_mean_R_sq mean_R_gyr_sq err_mean_R_gyr_sq 
2500 1.29 0 12940.5 4495.72 2966.72 1498.66
0 32
1 41
2 36
3 39
4 39
5 40
6 37
7 38
8 33
9 39
10 36
11 32
12 33
13 39
14 33
15 31
16 40
17 38
18 43
19 41
20 40
21 39
22 32
23 42
24 40
25 30
26 38
27 37
28 29
29 39
30 39
31 32
32 43
33 31
34 37
35 40
36 30
37 32
38 40
39 25
40 26
41 30
42 36
43 31
44 25
45 32
46 30
47 30
48 36
49 34
50 28
51 29
52 25
53 23
54 31
55 37
56 29
57 25
58 22
59 21
60 25
61 22
62 13
63 28
64 15
65 22
66 17
67 23
68 17
69 33
70 22
71 24
72 21
73 18
74 15
75 22
76 11
77 9
78 21
79 10
80 15
81 10
82 12
83 13
84 16
85 8
86 14
87 19
88 15
89 15
90 11
91 10
92 14
93 6
94 7
95 15
96 13
97 13
98 7
99 8
100 5
101 14
102 9
103 12
104 6
105 12
106 7
107 2
108 10
109 7
110 8
111 8
112 9
113 13
114 2
115 12
116 6
117 8
118 3
119 4
120 5
121 8
122 11
123 5
124 6
125 6
126 4
127 4
128 5
129 2
130 6
131 4
132 8
133 6
134 4
135 4
136 6
137 4
138 5
139 6
140 7
141 3
142 2
143 3
144 2
145 5
146 3
147 4
148 2
149 7
150 6
151 5
152 6
153 5
154 4
155 3
156 1
157 1
158 3
159 1
160 1
161 3
162 2
164 5
165 2
166 1
167 2
168 2
169 1
170 3
172 1
173 4
174 1
175 2
176 2
177 3
178 1
179 2
180 4
181 2
182 2
183 4
184 2
187 1
188 1
191 1
193 2
195 1
196 1
200 1
202 1
206 2
207 1
208 2
209 1
210 3
211 3
213 1
214 1
215 1
217 1
219 1
221 2
222 1
225 1
226 1
232 2
234 2
236 1
241 1
247 2
248 1
261 1
278 1
324 1
341 1
