N J h mean_R_sq err_mean_R_sq mean_R_gyr_sq err_mean_R_gyr_sq 
2500 1.315 0 31575.2 27773.1 4311.99 3481.82
1000 1
1002 1
1010 1
1011 1
1014 1
1018 1
1026 1
1028 1
1031 1
1042 2
1046 1
1049 1
1052 1
1056 1
1061 1
1067 1
1071 1
1072 1
1074 1
1077 1
1082 1
1095 1
1097 1
1102 1
1105 2
1106 1
1107 1
1113 2
1117 1
1128 1
1129 1
1130 1
1132 1
1134 1
1135 1
1137 2
1138 1
1139 1
1140 1
1144 1
1148 1
1155 1
1157 1
1159 1
1163 1
1165 1
1186 1
1194 1
1197 1
1204 1
1205 1
1206 1
1215 1
1218 1
1224 1
1232 1
1236 1
1242 1
1246 1
1247 1
1256 1
1259 2
1260 1
1261 1
1263 1
1265 1
1268 1
1274 1
1275 1
1279 1
1280 1
1283 1
1286 1
1291 1
1294 4
1302 1
1310 1
1312 1
1313 2
1320 1
1328 1
1344 1
1345 1
1358 1
1363 1
1367 1
1382 1
1388 1
1471 2
