N J h mean_R_sq err_mean_R_sq mean_R_gyr_sq err_mean_R_gyr_sq 
3600 1.31 0 19146.1 15937.6 2958.78 2061.72
532 1
533 1
538 1
540 1
542 1
546 1
550 2
551 2
552 1
553 2
554 1
555 3
559 1
560 2
561 3
562 2
564 4
565 6
566 3
567 3
568 2
569 4
570 4
571 3
573 3
575 3
576 2
577 2
578 4
579 4
580 8
581 8
582 4
583 5
584 7
585 10
586 4
587 5
588 8
589 5
590 7
591 11
592 6
593 7
594 7
595 3
596 3
597 4
598 6
599 6
600 3
601 8
602 3
603 5
604 7
605 4
606 3
608 6
609 7
610 5
611 1
612 7
613 7
614 7
615 2
616 4
617 2
618 4
619 6
620 7
621 9
622 6
623 9
624 13
625 6
626 8
627 12
628 11
629 6
630 10
631 7
632 12
633 8
634 10
635 6
636 2
637 6
638 4
639 6
640 7
641 6
642 3
643 9
644 6
645 5
646 6
647 5
648 10
649 8
650 7
651 3
652 2
653 10
654 8
655 6
656 8
657 5
658 6
659 7
660 5
661 3
662 11
663 3
664 5
665 4
666 2
667 7
668 4
669 2
670 5
671 4
672 6
673 5
674 8
675 4
676 3
678 6
679 6
680 3
681 5
682 7
683 2
685 4
686 5
687 3
688 1
689 5
690 2
691 2
692 4
693 3
694 1
695 2
696 3
697 2
698 1
699 1
700 3
701 2
702 3
703 4
704 1
705 3
706 1
708 6
709 2
710 2
711 1
713 3
714 5
715 2
717 2
718 2
719 1
722 1
727 1
729 1
730 3
732 2
733 1
734 1
738 1
739 1
741 2
743 2
744 1
745 1
750 1
811 1
855 1
903 1
1003 1
1022 1
1025 1
1053 1
1081 1
1082 1
1093 1
1098 1
1102 1
1103 1
1110 1
1129 1
1134 1
