N J h mean_R_sq err_mean_R_sq mean_R_gyr_sq err_mean_R_gyr_sq 
3600 1.315 0 18015.6 15146.9 2583.91 1688.37
1000 3
1003 2
1004 2
1005 2
1006 1
1008 1
1009 1
1010 2
1011 1
1012 3
1015 1
1016 2
1017 1
1018 1
1020 3
1021 2
1022 2
1023 1
1026 1
1028 2
1029 3
1033 2
1034 1
1035 1
1037 1
1038 2
1041 2
1044 1
1045 1
1046 1
1047 1
1050 1
1051 2
1052 2
1053 1
1056 2
1057 1
1062 1
1064 1
1067 1
1069 1
1070 1
1071 1
1072 3
1073 1
1074 2
1075 2
1076 2
1077 2
1078 2
1079 1
1080 2
1081 1
1084 1
1085 1
1086 1
1087 2
1088 2
1093 1
1095 1
1100 1
1102 1
1103 1
1105 1
1106 1
1107 1
1108 1
1109 2
1110 1
1111 2
1112 1
1117 1
1119 1
1120 2
1121 4
1122 2
1124 6
1125 1
1126 1
1127 2
1128 1
1130 1
1131 1
1135 1
1136 1
1137 2
1138 1
1139 4
1140 1
1142 2
1143 1
1144 2
1145 1
1147 1
1148 1
1149 3
1153 1
1156 1
1157 2
1158 2
1159 2
1164 1
1165 4
1167 1
1168 4
1169 3
1171 1
1174 3
1175 1
1176 2
1177 1
1178 3
1179 1
1180 2
1182 1
1183 1
1184 2
1186 2
1187 1
1188 1
1190 1
1191 2
1193 1
1194 3
1195 1
1198 2
1200 1
1201 1
1203 1
1204 2
1206 2
1207 2
1208 1
1210 1
1211 2
1212 2
1213 2
1214 1
1215 2
1216 1
1217 1
1218 2
1222 2
1223 1
1224 2
1226 3
1228 1
1233 1
1234 1
1235 2
1238 2
1239 2
1243 1
1244 1
1246 1
1247 1
1250 3
1251 4
1252 2
1253 1
1254 1
1256 2
1257 2
1258 1
1259 3
1260 2
1261 3
1262 1
1263 2
1266 1
1268 1
1269 2
1270 3
1271 1
1272 3
1273 2
1274 3
1275 1
1277 1
1280 1
1281 1
1282 3
1283 1
1286 3
1287 2
1289 2
1290 2
1292 3
1293 4
1294 1
1298 2
1300 1
1302 1
1306 1
1307 1
1309 1
1310 1
1311 1
1313 1
1315 1
1317 2
1320 1
1321 1
1322 1
1323 1
1324 1
1325 1
1328 2
1329 1
1333 1
1336 1
1337 1
1339 2
1341 2
1343 1
1344 1
1346 1
1349 1
1352 1
1354 1
1355 1
1358 1
1360 2
1362 1
1363 3
1365 1
1367 1
1368 1
1369 2
1370 1
1372 1
1374 2
1375 2
1376 1
1378 2
1381 1
1382 1
1383 1
1384 1
1388 1
1395 1
1401 1
1406 1
1411 1
1413 1
1416 1
1418 3
1423 1
1432 1
1433 1
1437 1
1438 1
1439 1
1443 1
1445 1
1449 1
1482 1
1485 1
1492 1
1520 1
