N J h mean_R_sq err_mean_R_sq mean_R_gyr_sq err_mean_R_gyr_sq 
3600 1.275 0 60491.9 17282.6 9047.72 2712.52
785 1
800 1
809 1
815 1
821 1
825 1
829 2
833 1
838 2
843 1
847 3
848 1
850 1
851 1
854 2
856 1
857 1
859 1
860 1
862 1
863 2
866 1
867 1
868 2
869 1
870 1
871 2
874 2
875 1
877 3
878 1
879 3
880 4
881 3
882 1
883 2
884 3
886 1
887 1
888 3
889 1
890 3
891 2
892 1
893 1
894 3
895 3
896 3
898 2
899 3
900 1
901 4
902 2
903 3
904 1
905 4
906 4
907 6
908 2
909 2
910 5
911 5
912 6
913 4
914 4
915 3
916 5
917 4
918 6
919 4
920 7
921 10
922 4
923 5
924 6
925 5
926 2
927 4
928 2
929 4
930 5
931 5
932 8
933 9
934 9
935 10
936 7
937 9
938 7
939 7
940 7
941 6
942 9
943 13
944 7
945 2
946 5
947 2
948 13
949 10
950 5
951 7
952 5
953 11
954 11
955 9
956 7
957 10
958 16
959 15
960 14
961 12
962 7
963 10
964 10
965 3
966 5
967 12
968 11
969 7
970 15
971 5
972 19
973 10
974 15
975 15
976 15
977 19
978 17
979 8
980 16
981 17
982 13
983 10
984 10
985 14
986 15
987 20
988 13
989 15
990 14
991 9
992 12
993 16
994 18
995 19
996 15
997 10
998 9
999 9
1000 9
1001 5
1002 12
1003 10
1004 9
1005 17
1006 12
1007 12
1008 11
1009 9
1010 13
1011 14
1012 16
1013 11
1014 9
1015 18
1016 14
1017 16
1018 13
1019 15
1020 15
1021 9
1022 4
1023 13
1024 12
1025 13
1026 10
1027 12
1028 7
1029 10
1030 14
1031 14
1032 13
1033 9
1034 9
1035 15
1036 6
1037 19
1038 12
1039 10
1040 8
1041 10
1042 11
1043 14
1044 8
1045 10
1046 10
1047 7
1048 11
1049 7
1050 11
1051 7
1052 4
1053 5
1054 9
1055 6
1056 5
1057 11
1058 6
1059 10
1060 7
1061 11
1062 8
1063 4
1064 6
1065 4
1066 7
1067 11
1068 10
1069 10
1070 2
1071 6
1072 7
1073 7
1074 3
1075 1
1076 7
1077 7
1078 7
1079 4
1080 2
1081 4
1082 1
1083 3
1084 3
1085 10
1086 1
1087 7
1088 4
1089 3
1090 5
1091 2
1092 4
1093 3
1094 5
1095 2
1096 1
1097 4
1098 2
1099 3
1100 3
1101 2
1102 2
1103 2
1104 2
1105 3
1106 2
1107 2
1108 2
1109 2
1110 2
1111 4
1112 3
1113 2
1114 3
1115 1
1116 1
1117 2
1118 2
1119 1
1120 2
1121 2
1122 2
1123 3
1124 2
1125 3
1126 2
1128 1
1130 2
1134 1
1135 2
1136 1
1137 1
1138 1
1143 1
1145 1
1146 1
1149 2
1150 1
1152 2
1153 1
1154 3
1155 2
1161 1
1162 2
1163 1
1168 1
1169 1
1179 1
1187 1
1189 1
1190 1
1192 1
1199 1
1204 1
1206 2
1209 1
1234 1
1366 1
1385 1
1437 1
