N J h mean_R_sq err_mean_R_sq mean_R_gyr_sq err_mean_R_gyr_sq 
2500 1.275 0 28652.7 2562.54 4241.68 324.489
676 1
722 1
736 1
751 1
758 1
760 1
783 1
791 1
796 1
798 1
800 2
810 1
813 1
815 2
825 1
828 1
829 1
849 1
851 1
853 1
854 1
857 1
864 1
867 2
872 1
873 1
874 1
876 1
877 2
878 1
879 1
880 1
883 1
884 1
886 1
888 1
889 1
893 1
894 2
897 1
898 1
899 1
900 2
901 1
902 1
903 2
904 1
905 1
907 1
909 3
910 3
911 1
914 1
915 4
916 3
917 2
918 5
919 4
920 2
921 1
923 2
924 2
925 1
926 3
928 4
930 2
931 2
932 4
933 4
934 3
935 1
936 4
938 6
940 3
941 5
942 2
943 4
944 1
945 8
946 4
947 3
948 3
949 3
950 7
951 4
952 5
953 6
954 7
955 4
956 6
957 6
958 6
959 5
960 9
961 6
962 6
963 6
964 6
965 7
966 7
967 8
968 7
969 6
970 14
971 11
972 6
973 15
974 10
975 16
976 10
977 9
978 14
979 12
980 9
981 7
982 15
983 15
984 13
985 10
986 14
987 21
988 12
989 14
990 13
991 21
992 16
993 8
994 12
995 19
996 11
997 17
998 30
999 24
1000 18
1001 13
1002 13
1003 15
1004 22
1005 21
1006 22
1007 28
1008 29
1009 23
1010 16
1011 20
1012 16
1013 26
1014 21
1015 23
1016 18
1017 19
1018 24
1019 26
1020 20
1021 31
1022 30
1023 31
1024 30
1025 28
1026 27
1027 25
1028 33
1029 29
1030 25
1031 35
1032 21
1033 28
1034 27
1035 29
1036 25
1037 24
1038 23
1039 34
1040 23
1041 28
1042 26
1043 18
1044 25
1045 24
1046 16
1047 19
1048 21
1049 24
1050 24
1051 23
1052 25
1053 21
1054 28
1055 23
1056 24
1057 18
1058 20
1059 26
1060 17
1061 16
1062 14
1063 23
1064 19
1065 19
1066 18
1067 18
1068 8
1069 14
1070 19
1071 12
1072 12
1073 14
1074 13
1075 17
1076 13
1077 8
1078 11
1079 19
1080 16
1081 21
1082 11
1083 7
1084 8
1085 8
1086 16
1087 9
1088 13
1089 6
1090 10
1091 12
1092 12
1093 11
1094 3
1095 10
1096 3
1097 5
1098 7
1099 7
1100 5
1101 3
1102 2
1103 8
1104 5
1105 5
1106 3
1107 2
1109 2
1112 2
1113 3
1114 5
1116 2
1117 2
1118 3
1119 1
1120 1
1121 2
1122 2
1123 4
1126 1
1128 2
1131 1
1132 1
1147 2
1148 1
1150 1
1152 1
1153 1
1158 1
1187 1
