N J h mean_R_sq err_mean_R_sq mean_R_gyr_sq err_mean_R_gyr_sq 
4900 1.3 0 48110.5 41582.4 6324.61 4892.48
537 1
552 1
555 1
558 1
560 1
562 2
563 1
564 5
567 2
568 1
569 1
570 1
571 2
573 4
574 2
575 1
576 1
577 2
579 1
580 4
582 2
583 4
584 1
585 2
586 1
587 2
588 3
589 2
590 3
591 1
592 4
593 5
594 1
595 3
596 4
597 4
598 3
601 2
602 7
604 1
605 3
606 1
607 4
608 5
609 1
610 4
611 2
613 1
614 2
615 2
616 3
617 7
618 1
619 1
620 2
621 6
623 4
624 2
625 3
626 3
627 1
628 4
629 3
630 3
631 4
632 5
633 3
634 1
635 3
636 2
637 4
638 1
639 1
640 2
641 1
642 4
644 5
645 4
646 2
647 4
649 3
651 2
652 1
655 2
656 2
658 2
659 1
660 3
661 2
662 3
664 1
666 2
667 4
668 1
669 1
670 1
673 3
678 2
679 1
681 2
682 2
683 1
684 1
691 1
692 2
693 1
695 2
699 3
700 1
701 1
703 2
714 1
715 1
716 1
717 2
719 1
724 1
728 2
731 1
735 1
739 1
740 1
744 1
745 1
746 2
747 2
749 3
755 1
768 1
769 1
776 1
777 1
782 1
789 1
798 1
806 1
838 1
963 1
982 1
1083 2
1084 1
1119 1
1126 1
