N J h mean_R_sq err_mean_R_sq mean_R_gyr_sq err_mean_R_gyr_sq 
2500 1.295 0 12262.7 6027.61 1794 691.15
392 1
434 1
454 1
466 1
476 1
489 1
517 1
522 1
525 2
532 1
537 1
543 1
566 1
580 2
582 2
586 1
587 1
588 1
592 1
597 1
600 1
614 1
617 1
624 2
627 2
628 1
632 1
633 1
634 1
638 1
641 1
649 1
655 2
665 1
667 2
670 1
674 2
676 1
677 1
679 3
681 1
683 1
698 1
701 2
704 1
705 1
706 3
710 1
713 1
714 1
715 1
719 3
720 1
724 2
725 2
727 2
732 2
738 1
739 1
741 1
742 1
744 1
752 1
753 1
755 1
759 1
760 1
762 1
768 2
776 1
777 1
781 1
782 2
783 1
784 2
788 2
789 1
791 1
792 3
795 3
796 2
797 1
798 1
800 2
801 1
802 1
804 2
805 1
806 1
807 2
808 1
810 1
811 2
812 1
813 1
815 1
817 2
818 1
819 1
820 2
822 2
823 2
824 1
825 1
826 2
830 2
831 2
832 1
833 1
834 1
835 1
838 1
839 2
842 1
843 3
845 1
847 1
848 3
849 3
850 3
851 2
853 1
854 1
856 1
857 4
858 1
859 1
860 1
861 1
863 4
864 1
866 2
867 2
868 1
870 1
871 1
872 4
873 1
876 2
877 1
879 1
880 1
882 1
884 3
885 2
886 3
887 2
888 1
890 2
891 2
893 4
896 2
897 3
898 1
899 4
900 2
901 2
903 4
904 1
905 1
906 1
908 3
910 2
911 1
912 1
914 2
915 2
917 3
918 2
920 1
921 2
922 3
923 2
926 1
927 2
928 1
929 1
930 1
931 2
933 1
934 2
937 2
938 1
939 2
941 4
942 2
943 2
944 2
945 1
946 4
947 2
948 2
949 2
950 1
951 5
953 4
954 1
955 1
956 1
957 2
958 1
959 1
961 2
962 1
963 4
964 2
965 1
966 3
968 5
969 2
970 3
973 2
974 3
975 2
976 1
977 1
978 6
979 1
980 5
982 1
985 4
987 3
988 2
989 4
990 6
992 1
993 1
994 4
995 1
996 2
997 3
998 3
999 2
1000 1
1001 3
1002 1
1003 2
1004 3
1005 1
1006 3
1007 5
1008 3
1009 1
1010 1
1012 1
1013 3
1014 2
1016 3
1017 1
1018 2
1019 2
1020 3
1021 2
1022 1
1024 1
1025 2
1026 1
1029 2
1030 1
1031 2
1032 2
1035 2
1039 2
1040 1
1041 4
1042 2
1043 2
1044 1
1045 1
1046 2
1048 1
1049 1
1050 4
1051 1
1052 2
1053 1
1054 3
1055 2
1057 3
1058 2
1059 1
1060 5
1061 2
1062 2
1063 1
1064 2
1065 2
1066 1
1067 3
1068 1
1069 2
1070 1
1071 2
1072 1
1075 1
1077 1
1078 1
1079 1
1081 2
1084 1
1085 1
1086 3
1087 2
1088 1
1089 2
1090 1
1091 1
1093 2
1094 1
1095 2
1096 2
1097 3
1098 1
1099 1
1101 2
1103 1
1105 1
1106 1
1107 1
1109 1
1110 2
1113 1
1114 4
1115 1
1117 2
1118 1
1119 2
1120 3
1121 2
1122 2
1123 1
1124 3
1128 1
1129 2
1130 1
1132 1
1133 2
1138 2
1140 2
1141 1
1142 1
1143 2
1145 1
1146 2
1147 2
1149 2
1150 3
1151 1
1152 1
1153 3
1154 1
1158 1
1161 2
1163 1
1165 4
1166 4
1170 1
1171 2
1172 1
1173 1
1175 3
1176 1
1177 4
1182 3
1186 1
1187 1
1188 2
1189 2
1190 2
1193 3
1194 3
1195 1
1196 1
1197 1
1198 2
1202 2
1203 1
1204 1
1205 2
1206 2
1207 1
1208 2
1209 1
1211 1
1212 1
1214 1
1215 1
1217 1
1221 1
1222 2
1223 1
1224 1
1227 2
1228 1
1231 3
1232 1
1233 1
1234 1
1236 2
1238 1
1241 2
1243 1
1244 1
1246 1
1248 2
1250 1
1252 1
1256 1
1259 1
1266 2
1267 1
1270 1
1273 1
1277 1
1278 2
1279 1
1280 1
1286 1
1287 1
1288 2
1289 1
1291 2
1292 2
1294 1
1295 1
1299 1
1301 1
1304 1
1305 1
1307 1
1308 1
1309 3
1310 1
1312 1
1315 1
1317 1
1319 1
1320 1
1321 1
1322 1
1326 3
1327 2
1328 1
1329 2
1330 1
1331 1
1334 2
1335 1
1337 1
1347 1
1348 1
1349 1
1350 1
1355 1
1360 1
1361 1
1364 1
1366 1
1371 1
1374 1
1376 1
1377 1
1383 1
1384 1
1386 1
1392 1
1395 1
1397 1
1399 1
1400 1
1411 1
1414 1
1416 2
1423 1
1424 1
1425 2
1439 1
1442 2
1445 1
1462 1
1503 1
1509 1
1522 1
1531 1
1552 1
1557 1
1566 1
1582 1
