N J h mean_R_sq err_mean_R_sq mean_R_gyr_sq err_mean_R_gyr_sq 
3600 1.305 0 64524.5 55540.9 9532.1 7788.4
430 1
444 2
458 1
466 1
469 1
477 1
479 1
483 1
494 1
501 1
508 1
509 1
510 1
513 3
515 1
523 1
525 1
527 1
534 1
537 1
540 1
541 1
542 1
552 1
558 1
559 1
562 1
569 1
576 1
577 1
578 1
580 1
584 2
587 1
590 2
616 1
617 1
620 1
632 1
633 1
635 1
637 1
641 1
642 1
647 1
654 1
659 1
665 1
670 1
673 1
674 1
675 1
686 2
687 1
689 1
693 1
694 1
696 1
697 1
704 1
706 1
707 1
708 1
709 1
718 1
726 1
727 1
728 1
738 1
740 1
744 2
747 1
755 1
756 1
757 1
758 1
760 1
765 1
767 2
769 2
780 1
781 1
784 1
785 1
787 1
789 2
790 1
791 1
792 1
793 1
794 1
795 1
796 2
800 1
802 3
805 1
809 1
814 1
817 1
822 1
825 1
826 2
828 2
830 1
836 1
840 3
846 1
847 1
849 1
853 1
854 1
859 1
862 1
863 1
865 1
867 1
869 1
871 1
872 1
877 1
882 1
883 1
885 3
886 1
887 1
891 1
892 1
893 1
895 1
896 1
897 1
903 1
905 1
906 1
913 1
919 1
920 1
921 1
923 1
924 1
925 2
928 2
929 1
935 1
936 3
937 1
941 2
942 2
943 2
944 1
946 1
948 1
949 1
950 1
951 2
956 1
960 4
961 1
962 2
964 1
967 1
968 1
969 1
971 1
972 1
973 1
975 2
978 1
980 1
983 1
984 1
986 1
988 1
989 1
993 1
995 1
996 1
997 1
998 1
1000 1
1004 2
1005 1
1007 1
1009 1
1010 1
1013 1
1014 1
1015 1
1016 4
1017 1
1018 1
1019 1
1020 3
1021 1
1024 1
1026 1
1028 2
1029 1
1030 3
1031 1
1033 1
1037 2
1039 1
1040 1
1043 2
1046 1
1049 2
1051 1
1055 1
1059 2
1061 1
1063 1
1064 1
1068 1
1070 1
1071 1
1076 1
1077 2
1082 2
1085 1
1089 1
1092 3
1095 2
1097 2
1103 1
1104 1
1105 2
1109 2
1112 1
1117 1
1118 1
1119 1
1122 1
1123 1
1126 1
1127 1
1128 1
1134 1
1135 2
1136 1
1143 1
1144 1
1148 1
1151 1
1154 1
1164 1
1168 1
1172 1
1174 1
1177 1
1179 2
1181 2
1182 1
1184 1
1191 1
1197 1
1198 1
1200 1
1203 1
1204 1
1205 1
1208 1
1215 1
1216 1
1219 1
1220 1
1228 1
1232 1
1235 3
1239 1
1243 1
1248 1
1252 1
1255 1
1257 1
1267 1
1269 1
1279 1
1280 1
1289 1
1292 1
1295 1
1301 1
1302 1
1303 1
1312 1
1313 2
1317 2
1320 2
1321 1
1324 1
1331 2
1332 1
1335 1
1337 1
1341 1
1343 1
1344 1
1345 1
1346 1
1353 1
1354 1
1358 1
1360 1
1363 1
1364 1
1374 1
1375 1
1376 1
1381 2
1382 1
1388 1
1392 1
1396 1
1414 1
1420 1
1428 1
1429 1
1430 1
1443 2
1445 1
1453 1
1468 1
1472 1
1473 1
1478 1
1498 1
1511 1
1512 2
1515 1
1528 1
1554 1
1592 1
1659 1
