N J h mean_R_sq err_mean_R_sq mean_R_gyr_sq err_mean_R_gyr_sq 
4900 1.27 0 207835 101557 28318 14136.4
858 1
862 1
886 1
891 1
894 1
897 1
898 2
900 1
901 2
903 1
907 1
908 1
909 1
910 1
911 2
912 1
913 1
916 1
917 2
918 2
923 1
924 1
925 1
926 1
927 1
930 4
931 3
932 2
933 1
934 3
935 2
937 2
938 3
939 1
940 2
941 3
942 3
943 3
944 4
945 3
946 2
947 2
948 3
949 1
950 5
951 1
952 3
953 5
954 5
955 1
956 2
957 3
958 1
959 1
960 3
962 3
963 3
964 5
965 4
966 2
967 6
968 6
969 5
970 5
971 7
972 3
973 3
974 4
975 7
976 5
977 5
978 5
979 4
980 7
981 6
982 4
983 7
984 5
985 2
986 2
987 4
988 8
989 5
990 5
991 5
992 8
993 3
994 6
995 8
996 3
997 5
998 8
999 7
1000 9
1001 6
1002 2
1003 5
1004 6
1005 6
1006 12
1007 8
1008 6
1009 7
1010 6
1011 4
1012 4
1013 3
1014 5
1015 3
1016 5
1017 2
1018 2
1019 3
1020 2
1021 1
1022 4
1023 2
1024 5
1025 8
1026 6
1027 10
1028 3
1029 4
1030 4
1031 5
1032 3
1033 6
1034 1
1035 2
1036 4
1037 4
1038 2
1039 4
1040 4
1041 7
1042 3
1043 4
1044 2
1045 2
1047 7
1048 1
1049 2
1050 3
1051 3
1052 1
1053 3
1054 2
1055 1
1056 4
1057 3
1058 3
1059 2
1061 2
1062 3
1064 2
1065 1
1066 2
1067 2
1068 1
1069 3
1072 3
1073 1
1074 3
1075 3
1076 2
1077 3
1078 2
1079 2
1080 1
1081 2
1083 1
1085 2
1087 1
1090 2
1092 2
1093 1
1095 1
1098 1
1105 1
1106 1
1107 1
1113 2
1116 1
1117 2
1118 1
1127 1
1132 1
1133 1
