N J h mean_R_sq err_mean_R_sq mean_R_gyr_sq err_mean_R_gyr_sq 
2500 1.315 0 31575.2 27773.1 4311.99 3481.82
543 1
562 1
574 1
575 1
576 1
581 1
583 1
584 1
585 1
588 1
594 1
598 1
599 1
600 1
602 1
604 1
605 1
606 1
608 1
609 1
610 1
614 1
615 1
616 1
618 2
621 1
622 1
623 2
624 2
629 2
630 2
632 1
635 1
636 1
639 3
640 2
641 1
644 1
645 1
646 1
647 3
648 1
650 3
652 1
656 1
657 1
659 1
660 1
662 1
663 1
666 1
667 1
668 1
671 1
672 1
675 1
676 1
678 1
679 1
681 2
682 1
689 1
693 1
696 1
698 1
702 1
714 1
716 1
717 1
722 2
728 1
730 1
733 1
734 1
743 1
764 1
905 1
951 1
991 1
1007 1
1039 1
1044 1
1045 1
1068 1
1079 1
