N J h mean_R_sq err_mean_R_sq mean_R_gyr_sq err_mean_R_gyr_sq 
2500 1.275 0 31127.2 5010 4626.7 631.764
761 1
762 1
769 1
774 1
776 2
785 1
789 1
801 2
802 1
803 1
809 1
811 1
812 1
815 1
817 1
819 1
820 1
822 1
823 2
824 1
828 2
836 1
837 2
843 3
844 3
845 1
846 1
849 1
850 1
851 2
852 2
853 1
854 3
855 2
857 2
858 1
859 2
860 4
862 3
863 2
864 1
865 1
866 2
868 1
869 1
870 1
871 2
872 2
873 1
874 3
875 3
877 2
878 1
879 1
880 1
881 2
882 4
884 3
885 4
886 2
888 3
889 4
890 5
891 4
892 3
893 3
895 4
896 2
897 5
898 3
899 4
901 4
902 4
903 4
904 3
905 3
906 6
907 3
908 3
909 2
910 1
911 3
912 4
913 6
914 3
915 2
916 3
917 5
918 6
919 5
920 2
921 4
922 9
923 5
924 8
925 6
926 2
927 4
928 3
929 12
930 4
931 9
932 5
933 2
934 8
935 6
936 4
937 3
938 4
939 5
940 4
941 2
942 3
943 8
944 4
945 7
946 4
947 8
948 6
949 6
950 6
951 7
952 2
953 3
954 8
955 9
956 5
957 7
958 5
959 10
960 7
961 7
962 9
963 4
964 7
965 2
966 6
967 6
968 9
969 8
970 4
971 8
972 9
973 8
974 3
975 8
976 5
977 8
978 11
979 8
980 5
981 9
982 6
983 12
984 10
985 12
986 9
987 10
988 9
989 8
990 6
991 5
992 11
993 3
994 7
995 8
996 6
997 13
998 7
999 8
1000 8
1001 3
1002 12
1003 9
1004 7
1005 4
1006 6
1007 6
1008 10
1009 9
1010 10
1011 8
1012 5
1013 8
1014 5
1015 7
1016 5
1017 5
1018 6
1019 7
1020 12
1021 6
1022 8
1023 7
1024 4
1025 7
1026 6
1027 3
1028 8
1029 4
1030 10
1031 12
1032 8
1033 8
1034 6
1035 4
1036 8
1037 4
1038 6
1039 1
1040 5
1041 5
1042 7
1043 3
1044 8
1045 6
1046 9
1047 8
1048 7
1049 9
1050 5
1051 3
1052 4
1053 8
1054 6
1055 10
1056 6
1057 9
1058 6
1059 5
1060 3
1061 1
1062 7
1063 3
1064 4
1065 2
1066 5
1067 2
1068 5
1069 11
1070 3
1071 3
1072 7
1073 6
1074 5
1075 4
1076 4
1077 3
1078 7
1079 5
1080 1
1081 4
1082 3
1083 1
1084 5
1085 5
1086 6
1087 4
1088 2
1089 7
1090 2
1091 1
1093 3
1094 5
1095 1
1096 5
1097 3
1098 3
1099 1
1100 4
1101 1
1102 5
1103 5
1104 2
1105 5
1107 4
1108 4
1109 1
1110 1
1111 1
1112 1
1113 1
1114 1
1116 2
1117 3
1118 1
1119 4
1120 4
1121 2
1122 1
1124 1
1125 2
1126 1
1128 1
1129 2
1130 2
1132 3
1133 1
1134 1
1135 1
1136 1
1140 1
1143 1
1146 1
1147 1
1149 2
1150 2
1151 2
1152 1
1153 3
1158 2
1159 1
1164 1
1165 1
1167 1
1169 2
1171 1
1172 1
1173 2
1174 1
1178 2
1179 1
1180 1
1182 2
1188 1
1191 2
1196 1
1206 1
1207 1
1225 1
1236 1
1237 1
1241 1
1253 1
1281 1
1290 1
1298 1
