N J h mean_R_sq err_mean_R_sq mean_R_gyr_sq err_mean_R_gyr_sq 
1600 1.265 0 15204.7 386.019 2266.51 46.3354
847 1
859 1
866 1
888 1
895 1
902 2
912 1
914 1
915 1
916 1
917 1
919 3
920 1
921 2
922 1
923 2
926 2
927 3
928 1
929 3
931 1
932 1
933 2
936 1
937 1
938 1
939 2
940 3
941 2
942 2
943 2
944 3
946 2
947 1
948 1
949 3
951 3
952 2
953 3
954 1
955 3
956 2
957 6
958 2
959 2
960 1
961 5
962 3
963 2
964 2
965 1
966 5
967 5
968 4
969 8
970 3
971 5
972 4
973 5
974 6
975 3
976 8
977 11
978 8
979 5
980 11
981 11
982 9
983 6
984 10
985 13
986 7
987 7
988 6
989 7
990 5
991 8
992 14
993 8
994 10
995 10
996 11
997 11
998 18
999 15
1000 13
1001 12
1002 14
1003 14
1004 15
1005 11
1006 19
1007 21
1008 20
1009 11
1010 23
1011 25
1012 12
1013 21
1014 18
1015 28
1016 17
1017 16
1018 25
1019 20
1020 22
1021 23
1022 18
1023 23
1024 33
1025 28
1026 25
1027 32
1028 24
1029 31
1030 30
1031 24
1032 34
1033 24
1034 24
1035 35
1036 32
1037 21
1038 24
1039 40
1040 39
1041 32
1042 25
1043 31
1044 35
1045 25
1046 28
1047 33
1048 36
1049 47
1050 45
1051 34
1052 35
1053 33
1054 44
1055 43
1056 42
1057 50
1058 35
1059 50
1060 40
1061 34
1062 42
1063 43
1064 29
1065 46
1066 38
1067 29
1068 34
1069 49
1070 24
1071 35
1072 41
1073 39
1074 45
1075 24
1076 31
1077 34
1078 22
1079 27
1080 35
1081 35
1082 30
1083 43
1084 26
1085 29
1086 30
1087 25
1088 35
1089 42
1090 24
1091 25
1092 40
1093 24
1094 19
1095 35
1096 26
1097 36
1098 41
1099 43
1100 31
1101 22
1102 22
1103 24
1104 29
1105 28
1106 32
1107 25
1108 27
1109 16
1110 13
1111 17
1112 17
1113 19
1114 20
1115 22
1116 28
1117 12
1118 22
1119 11
1120 18
1121 18
1122 13
1123 15
1124 9
1125 15
1126 9
1127 11
1128 6
1129 7
1130 10
1131 11
1132 15
1133 11
1134 9
1135 10
1136 7
1137 2
1138 6
1139 3
1140 8
1141 7
1142 2
1143 2
1144 2
1145 2
1146 6
1147 6
1148 1
1149 5
1150 5
1151 2
1152 3
1153 3
1154 1
1155 3
1156 4
1157 1
1158 2
1159 1
1162 3
1163 2
1164 2
1165 3
1167 2
1172 1
1173 2
1174 1
1175 1
1178 1
1181 2
1185 2
1186 1
1193 1
1201 1
