N J h mean_R_sq err_mean_R_sq mean_R_gyr_sq err_mean_R_gyr_sq 
3600 1.295 0 22575.8 18885.6 3612.52 2633.57
1000 8
1001 6
1002 8
1003 5
1004 10
1005 5
1006 9
1007 3
1008 9
1009 4
1010 7
1011 9
1012 6
1013 5
1014 4
1015 5
1016 11
1017 2
1018 6
1019 6
1020 7
1021 5
1022 6
1023 14
1024 6
1025 7
1026 10
1027 5
1028 3
1029 6
1030 5
1031 5
1032 2
1033 2
1034 7
1035 2
1036 4
1037 5
1038 7
1039 3
1040 4
1041 5
1042 5
1043 7
1044 8
1045 7
1046 9
1047 4
1048 4
1049 4
1050 5
1051 7
1052 1
1053 6
1054 3
1055 5
1056 3
1057 1
1058 5
1059 4
1060 2
1061 5
1062 4
1063 4
1064 4
1065 6
1066 5
1068 4
1069 5
1070 4
1071 7
1072 6
1073 5
1074 4
1075 5
1076 2
1077 3
1078 2
1079 6
1080 9
1081 3
1082 1
1083 5
1084 5
1085 5
1086 5
1087 4
1088 5
1089 3
1090 2
1091 1
1093 3
1094 3
1095 4
1096 3
1097 6
1098 5
1099 3
1100 3
1101 3
1102 3
1103 2
1104 2
1105 1
1106 2
1107 3
1108 2
1109 2
1110 1
1111 5
1112 4
1113 3
1114 3
1115 5
1116 6
1117 2
1118 3
1119 3
1120 7
1121 3
1122 4
1123 3
1124 2
1125 1
1126 3
1127 5
1128 3
1129 1
1130 4
1131 1
1132 10
1133 1
1134 7
1135 1
1136 3
1137 1
1138 3
1139 7
1140 2
1141 3
1142 2
1143 3
1144 1
1145 2
1146 5
1147 2
1148 4
1149 7
1150 3
1151 2
1152 3
1153 2
1154 4
1155 6
1156 3
1157 4
1158 3
1159 2
1160 5
1161 5
1162 2
1163 2
1164 2
1165 5
1166 3
1167 4
1168 2
1169 2
1170 1
1171 2
1172 1
1173 3
1174 4
1175 1
1176 2
1177 3
1178 5
1180 3
1181 1
1182 2
1183 2
1184 2
1186 3
1187 3
1188 2
1189 4
1190 6
1191 5
1192 1
1193 1
1194 1
1195 1
1196 5
1197 1
1198 1
1199 3
1200 2
1201 3
1202 1
1203 1
1204 1
1205 2
1206 2
1207 4
1208 6
1209 3
1211 1
1213 3
1214 6
1215 3
1216 3
1217 2
1218 2
1220 1
1222 1
1224 1
1225 3
1226 1
1228 2
1229 1
1230 5
1231 3
1232 1
1233 4
1234 1
1235 1
1236 4
1237 1
1239 5
1240 1
1241 4
1243 1
1244 1
1245 2
1247 1
1248 2
1250 2
1251 2
1252 2
1254 1
1255 1
1258 4
1259 2
1260 3
1261 2
1262 4
1264 1
1265 1
1266 6
1267 2
1268 2
1269 2
1270 2
1271 2
1273 3
1274 1
1276 2
1278 3
1279 2
1280 2
1281 2
1282 2
1283 3
1284 2
1285 1
1288 3
1289 1
1293 1
1294 2
1297 1
1298 2
1299 3
1300 3
1301 3
1302 1
1306 1
1307 2
1308 1
1309 1
1312 1
1314 1
1315 3
1319 1
1321 2
1322 1
1323 1
1325 1
1331 1
1338 1
1339 1
1340 1
1342 4
1346 1
1348 1
1353 1
1357 1
1364 1
1370 1
1372 1
1376 2
1383 1
1410 1
1412 1
1422 1
