N J h mean_R_sq err_mean_R_sq mean_R_gyr_sq err_mean_R_gyr_sq 
4900 1.265 0 281550 149442 37029.5 20091.2
978 2
979 1
981 1
983 1
984 1
988 1
989 1
991 1
995 1
999 1
1000 2
1001 1
1002 1
1003 2
1004 3
1005 2
1008 2
1009 1
1010 1
1012 2
1013 3
1014 4
1015 4
1016 4
1017 4
1018 6
1019 4
1020 2
1021 3
1022 3
1023 7
1024 3
1025 3
1026 4
1027 6
1028 4
1029 3
1030 1
1031 7
1032 4
1033 11
1034 1
1035 3
1036 8
1037 4
1038 11
1039 6
1040 5
1041 10
1042 4
1043 5
1044 6
1045 13
1046 7
1047 11
1048 8
1049 4
1050 5
1051 8
1052 9
1053 7
1054 3
1055 10
1056 5
1057 7
1058 11
1059 10
1060 11
1061 8
1062 12
1063 10
1064 10
1065 8
1066 11
1067 10
1068 11
1069 11
1070 5
1071 9
1072 10
1073 8
1074 7
1075 10
1076 10
1077 10
1078 9
1079 10
1080 10
1081 9
1082 6
1083 6
1084 4
1085 8
1086 6
1087 5
1088 3
1089 11
1090 7
1091 3
1092 6
1093 3
1094 7
1095 4
1096 3
1097 3
1098 3
1099 3
1100 4
1101 2
1102 3
1103 5
1104 3
1105 3
1106 1
1107 4
1108 2
1109 4
1110 2
1111 3
1112 4
1115 3
1116 3
1117 2
1119 1
1120 2
1122 2
1125 1
1126 4
1127 1
1128 2
1130 1
1131 1
1132 1
1136 2
1137 1
1140 1
1141 1
1143 1
1144 1
1147 3
1149 2
1150 1
1156 1
1160 1
1161 1
1167 1
1169 1
1171 3
1172 1
1174 1
1176 2
1177 2
1183 1
1184 2
1187 1
1190 1
1193 2
1194 1
1200 1
