N J h mean_R_sq err_mean_R_sq mean_R_gyr_sq err_mean_R_gyr_sq 
1600 1.305 0 5407.19 2630.47 895.67 293.579
1000 2
1002 3
1003 2
1004 3
1005 2
1006 3
1007 2
1008 3
1009 1
1010 3
1011 1
1012 3
1014 3
1015 1
1016 1
1017 1
1018 3
1019 1
1020 2
1021 1
1022 1
1023 3
1024 2
1025 5
1027 2
1029 2
1031 3
1032 1
1035 2
1036 5
1037 3
1038 2
1039 1
1040 2
1041 1
1043 2
1044 2
1045 1
1047 1
1049 1
1052 2
1053 2
1054 2
1055 1
1057 2
1059 4
1061 1
1062 2
1064 1
1065 2
1067 1
1069 1
1071 1
1077 1
1078 3
1079 2
1080 1
1081 1
1082 1
1083 1
1084 2
1086 1
1091 1
1092 1
1093 1
1096 2
1097 3
1100 2
1101 1
1103 1
1108 1
1109 2
1118 2
1120 1
1121 1
1123 2
1126 1
1127 1
1128 1
1133 1
1136 1
1137 1
1143 1
1145 1
1146 1
1147 2
1151 1
1156 1
1157 1
1159 1
1163 1
1164 1
1166 1
1168 1
1169 1
1176 1
1177 2
1184 1
1185 1
1187 2
1188 1
1189 2
1191 1
1195 1
1196 1
1201 1
1203 1
1206 1
1209 1
1212 1
1215 1
1221 1
1232 1
1242 1
1253 2
1254 1
1258 1
1263 1
1270 1
1287 1
1289 1
1292 1
1312 1
1336 2
1337 1
1351 1
1354 1
1371 1
1419 1
1425 1
