N J h mean_R_sq err_mean_R_sq mean_R_gyr_sq err_mean_R_gyr_sq 
2500 1.315 0 31575.2 27773.1 4311.99 3481.82
41 1
53 1
61 1
113 1
125 1
145 1
169 1
197 1
205 1
221 1
225 1
269 1
365 1
369 1
425 1
449 1
477 1
493 2
509 1
605 1
613 1
641 1
725 1
761 1
765 1
853 1
865 2
929 1
981 1
985 1
1013 1
1021 1
1025 1
1145 1
1385 1
1433 1
1445 1
1453 1
1481 1
1597 1
1621 1
1625 1
1681 1
1769 1
1789 1
1877 1
1921 1
1949 1
1961 1
1989 1
2061 1
2137 2
2169 1
2225 1
2249 1
2273 1
2305 1
2333 1
2341 1
2353 1
2377 2
2393 1
2401 1
2417 1
2533 1
2605 1
2725 1
2741 1
2861 1
3125 1
3265 1
3825 1
4321 1
4369 1
4581 1
4625 1
4753 1
4765 1
5245 1
5265 1
5525 1
5941 1
6253 1
6273 1
7369 1
10805 1
45113 1
126929 1
134945 1
355049 1
417337 1
426605 1
442921 1
443845 1
456977 1
