N J h mean_R_sq err_mean_R_sq mean_R_gyr_sq err_mean_R_gyr_sq 
1600 1.305 0 5407.19 2630.47 895.67 293.579
13 1
25 1
61 1
65 1
85 2
97 1
113 1
121 1
125 2
145 1
149 1
169 1
193 1
205 1
221 2
229 2
233 1
257 1
269 1
277 1
281 1
317 1
325 1
333 1
337 1
349 1
353 1
373 1
397 1
425 1
445 1
477 1
481 4
505 1
541 1
565 2
577 1
625 3
629 1
637 1
685 2
689 1
697 2
725 1
745 1
793 1
797 1
801 1
845 1
865 1
873 1
877 1
925 1
961 1
1049 1
1061 1
1097 2
1129 1
1145 1
1165 1
1181 1
1193 2
1229 1
1285 1
1301 1
1325 1
1421 1
1433 1
1445 1
1453 1
1481 1
1525 1
1537 1
1549 1
1609 1
1625 1
1665 1
1777 1
1805 2
1865 2
1873 1
1885 1
1961 1
1973 2
1985 1
2005 1
2009 1
2025 1
2057 1
2069 1
2117 1
2125 1
2129 1
2173 1
2221 1
2225 1
2269 1
2285 1
2329 1
2401 1
2465 1
2473 1
2529 1
2561 1
2597 2
2617 1
2665 2
2725 2
2753 1
2777 1
2789 1
2929 1
3137 1
3145 1
3185 1
3285 1
3349 1
3505 1
3573 1
3665 1
3785 1
3809 1
3825 1
3833 1
3845 1
3865 1
4005 1
4069 1
4265 1
4453 1
4469 1
4925 1
5069 1
5213 1
5437 1
5441 1
5553 1
5629 1
5725 1
5933 2
6413 1
6425 1
6525 1
6605 1
6625 1
6649 1
6697 1
6817 1
6833 1
6885 1
6949 1
7045 1
7141 1
7565 1
7841 1
7925 1
7969 1
8181 1
9081 1
9565 1
9721 1
9965 1
11417 1
12385 1
13253 1
13309 1
13873 1
14149 1
15629 1
17585 1
21449 1
28393 1
30445 1
36221 1
37825 1
63845 1
112185 1
153949 1
