N J h mean_R_sq err_mean_R_sq mean_R_gyr_sq err_mean_R_gyr_sq 
2500 1.305 0 3271.65 910.468 770.424 106.331
5 1
9 1
25 2
29 1
37 1
49 1
53 2
61 1
65 2
85 4
97 1
117 3
125 1
137 1
145 3
149 1
153 1
157 1
181 1
185 1
193 1
205 3
221 1
225 1
229 4
233 1
245 1
257 2
261 1
265 3
269 1
277 1
281 1
293 2
313 2
317 1
325 4
337 1
353 1
361 1
365 2
373 1
377 3
389 3
421 1
425 5
433 1
441 1
445 7
481 1
493 1
505 2
509 1
521 1
557 1
565 3
569 2
585 3
605 4
613 2
617 2
625 1
629 1
637 3
641 2
657 2
661 1
673 1
685 1
689 2
709 3
725 4
733 4
745 2
765 1
785 2
793 1
797 4
821 1
833 2
841 2
845 2
857 1
865 1
873 1
877 1
881 1
901 2
909 1
925 5
929 1
937 1
941 1
953 1
965 1
977 1
985 1
1017 1
1025 4
1033 2
1037 1
1049 2
1061 1
1069 2
1073 3
1097 1
1105 2
1109 1
1129 1
1145 2
1153 2
1157 2
1165 4
1189 1
1193 1
1205 2
1217 3
1233 2
1241 3
1277 3
1289 1
1301 2
1305 1
1313 1
1321 1
1325 2
1341 1
1345 2
1361 2
1369 1
1377 1
1381 1
1385 1
1405 2
1417 2
1433 1
1445 1
1453 3
1465 1
1469 1
1481 3
1489 1
1493 3
1513 4
1517 3
1521 3
1525 1
1537 4
1557 1
1565 2
1573 1
1585 1
1597 1
1613 2
1621 1
1625 1
1637 1
1649 1
1669 1
1681 1
1685 1
1693 1
1697 2
1717 3
1721 1
1741 1
1745 2
1753 1
1765 1
1769 1
1773 2
1777 1
1781 2
1805 3
1825 1
1849 1
1865 4
1873 4
1885 4
1901 2
1921 1
1933 3
1937 1
1945 1
1949 1
1961 1
1985 2
1997 1
2005 2
2009 1
2025 1
2041 1
2053 2
2069 1
2081 1
2089 1
2125 5
2129 2
2137 3
2141 1
2161 1
2165 2
2169 1
2197 2
2205 1
2213 1
2225 1
2237 1
2245 2
2249 1
2257 1
2269 1
2273 1
2281 4
2285 1
2293 1
2305 1
2329 1
2333 1
2341 1
2349 1
2353 1
2357 1
2385 3
2401 1
2405 3
2425 3
2465 2
2477 1
2501 1
2509 2
2525 1
2529 1
2549 1
2561 1
2581 2
2593 1
2597 1
2601 1
2605 1
2637 1
2669 1
2705 1
2725 1
2745 1
2789 1
2797 1
2801 1
2813 2
2817 1
2825 2
2861 1
2873 2
2925 1
2929 1
2941 1
2965 2
3033 1
3077 3
3085 5
3089 2
3125 2
3137 2
3141 1
3145 1
3161 1
3169 1
3185 2
3221 1
3233 2
3253 1
3277 2
3285 1
3305 1
3321 1
3329 1
3385 1
3425 3
3445 1
3461 1
3469 1
3485 1
3497 2
3505 1
3509 2
3529 1
3589 1
3601 3
3625 1
3637 1
3649 2
3653 1
3681 1
3697 1
3709 1
3721 1
3805 1
3809 2
3821 2
3845 1
3865 2
3869 1
3877 1
3929 1
3965 1
3977 2
4021 1
4057 1
4105 1
4121 2
4129 1
4133 1
4145 1
4217 1
4293 1
4337 1
4405 2
4437 1
4505 1
4525 1
4573 1
4621 1
4633 1
4649 1
4685 1
4765 1
4777 2
4789 1
4805 1
4825 1
4869 1
4901 1
4985 1
5017 3
5021 1
5065 1
5069 1
5121 1
5125 1
5141 1
5161 1
5185 1
5245 1
5265 1
5309 1
5317 2
5445 1
5537 1
5581 1
5645 2
5661 1
5729 1
5801 1
5861 1
5869 1
5881 1
5933 1
6085 1
6337 1
6341 1
6437 1
6485 1
6505 1
6617 1
6625 1
6653 1
6697 1
6701 1
6737 1
6773 1
6845 1
6989 1
7085 1
7145 1
7297 1
7345 1
7405 1
7517 1
7537 1
7633 1
7913 1
8325 1
8389 1
8649 1
8929 1
9265 1
9509 1
9829 1
11909 1
12113 1
12401 1
14305 1
14437 1
16081 1
21025 1
62101 1
141401 1
319465 1
