N J h mean_R_sq err_mean_R_sq mean_R_gyr_sq err_mean_R_gyr_sq 
4900 1.305 0 53809.4 49140.3 6674.05 5379.79
37 1
61 1
65 1
85 1
89 3
97 1
137 1
145 1
225 1
229 1
233 1
261 1
281 1
289 1
305 1
325 1
333 1
337 1
349 1
421 1
441 1
457 1
509 1
533 1
569 1
577 1
585 2
601 2
605 1
625 1
653 1
661 1
677 1
725 2
729 1
757 1
765 2
773 1
809 2
841 1
845 2
877 1
901 1
905 1
925 3
953 1
965 2
977 1
981 1
1013 1
1017 1
1025 1
1033 1
1049 1
1053 1
1069 1
1073 1
1105 1
1117 1
1125 1
1153 1
1157 3
1165 2
1181 1
1205 1
1225 1
1233 1
1321 1
1325 1
1341 1
1361 1
1377 1
1381 1
1413 1
1417 2
1445 1
1465 2
1469 1
1489 1
1517 1
1521 1
1525 2
1573 1
1625 2
1657 2
1665 1
1681 1
1685 1
1717 2
1769 1
1781 3
1813 1
1845 1
1885 1
1901 1
1949 1
1985 2
2005 2
2025 1
2061 1
2069 1
2081 2
2105 2
2113 2
2125 1
2141 1
2153 1
2165 2
2197 1
2225 2
2309 1
2349 1
2353 1
2405 1
2425 2
2465 1
2533 1
2545 1
2557 1
2605 1
2609 1
2617 1
2665 1
2669 2
2701 1
2705 1
2753 1
2777 1
2789 1
2797 1
2833 1
2861 1
2873 1
2917 2
2929 1
3025 1
3037 1
3137 2
3161 1
3169 1
3177 1
3205 1
3233 1
3257 1
3385 1
3425 1
3485 2
3509 1
3545 2
3589 1
3613 1
3625 1
3681 1
3733 1
3769 1
3805 2
3825 2
3893 1
3961 1
3977 1
3985 1
3989 1
4093 1
4141 1
4205 1
4293 1
4321 1
4329 1
4365 1
4373 1
4385 1
4437 1
4453 1
4493 2
4673 1
4693 1
4721 1
4801 1
4861 1
4913 1
4925 1
4985 1
5009 1
5013 1
5045 1
5077 1
5085 1
5101 1
5125 2
5273 1
5333 1
5337 1
5365 1
5393 1
5485 2
5545 1
5625 1
5713 1
5801 1
5809 1
5825 1
5989 2
5993 2
6005 1
6025 1
6165 1
6205 1
6305 2
6401 1
6481 1
6505 1
6625 1
6673 1
6701 1
6737 1
6761 1
6773 1
6845 1
6929 1
6989 2
6997 1
7025 1
7093 1
7129 1
7261 1
7345 1
7405 1
7465 1
7477 1
7561 1
7853 1
8237 1
8321 1
8545 1
8593 1
8653 1
9245 1
9505 2
9605 1
9773 1
11405 1
11925 1
12337 2
13729 1
27625 1
145489 1
626121 1
1176965 1
1321153 1
2346665 1
2660621 1
2943421 1
3357313 1
