N J h mean_R_sq err_mean_R_sq mean_R_gyr_sq err_mean_R_gyr_sq 
4900 1.27 0 207835 101557 28318 14136.4
0 1
1 1
2 1
3 1
4 4
5 1
6 1
9 4
10 1
11 3
13 1
14 1
17 1
18 1
19 1
20 2
25 1
26 1
28 2
29 1
30 1
31 2
32 1
35 2
36 1
40 1
42 1
44 3
45 2
46 1
49 1
50 1
51 2
54 1
55 1
56 1
58 1
60 1
61 1
62 2
63 1
65 4
67 2
68 1
70 3
71 3
73 1
74 1
76 2
77 2
78 1
79 1
80 1
81 1
82 3
84 1
85 3
86 2
87 2
88 2
90 2
91 1
93 2
96 1
99 1
100 2
102 1
104 2
106 1
107 1
112 1
113 2
114 1
116 2
117 1
118 2
122 1
123 1
126 1
127 1
129 1
130 2
132 3
134 3
135 2
136 3
137 1
138 2
139 1
141 1
142 2
143 4
144 2
145 3
146 2
147 2
148 1
149 2
151 1
153 1
156 5
157 3
160 1
162 1
163 3
164 2
168 4
169 4
170 2
171 3
175 1
176 3
177 2
178 2
180 3
181 2
182 2
184 2
187 2
188 1
191 1
192 2
193 1
194 1
196 2
197 4
198 3
199 3
203 2
204 1
205 3
206 2
207 1
208 2
209 1
210 1
212 2
213 3
217 1
218 2
220 2
221 1
224 1
225 2
226 2
227 4
228 1
229 1
230 1
231 6
232 4
233 4
234 2
235 1
236 1
237 1
238 1
239 3
241 3
242 1
243 2
246 1
248 2
250 1
251 1
252 1
254 2
256 3
257 1
258 3
259 1
261 2
262 2
263 2
265 3
266 1
267 1
268 3
269 1
271 3
272 3
274 2
275 2
276 1
277 2
278 2
280 2
281 1
283 2
284 1
285 3
286 4
287 2
290 2
291 2
292 2
294 1
297 1
298 1
299 2
300 1
301 2
302 1
303 1
305 2
307 1
308 4
309 3
310 1
311 2
312 1
313 3
315 2
317 6
318 1
319 2
320 2
321 1
322 1
323 1
324 2
326 2
328 2
329 1
331 1
332 3
333 1
334 1
335 1
336 2
337 2
338 1
339 1
340 1
341 2
343 1
344 2
345 4
349 5
350 2
351 1
352 1
355 4
356 2
357 3
358 1
359 2
360 2
363 1
364 2
365 2
366 1
367 1
368 1
369 1
370 1
371 1
372 3
373 1
374 3
375 2
376 4
377 3
378 1
379 1
380 1
381 1
382 1
383 1
385 1
389 3
390 1
392 1
394 2
396 4
398 1
400 1
402 1
405 1
410 1
418 2
422 2
425 1
426 1
431 1
432 1
434 1
438 1
445 1
447 1
455 1
468 1
473 1
474 1
508 1
523 1
525 1
526 1
534 1
553 2
556 1
574 1
577 1
579 1
586 1
593 1
607 1
609 1
610 1
616 2
622 1
625 2
633 1
639 1
643 1
647 1
649 1
653 2
661 1
669 1
673 1
676 1
678 1
679 1
683 1
685 1
686 1
687 1
696 1
702 1
704 1
706 1
710 1
711 1
719 1
770 1
803 1
810 1
860 1
897 1
901 1
927 1
951 1
953 1
971 1
979 1
992 1
1018 1
1040 1
1050 1
1088 1
1105 3
1143 1
1160 1
1167 1
1171 1
1178 1
1180 1
1232 1
1416 1
1494 1
1545 1
1568 1
1589 1
1641 1
1906 1
1982 1
2005 1
