N J h mean_R_sq err_mean_R_sq mean_R_gyr_sq err_mean_R_gyr_sq 
3600 1.3 0 40506 33471.8 5685.89 4287.07
0 9
1 12
2 15
3 11
4 18
5 10
6 10
7 16
8 13
9 14
10 10
11 18
12 10
13 13
14 9
15 12
16 17
17 10
18 18
19 15
20 11
21 15
22 12
23 11
24 14
25 18
26 19
27 16
28 11
29 16
30 12
31 17
32 13
33 10
34 8
35 9
36 11
37 10
38 11
39 16
40 8
41 10
42 10
43 10
44 14
45 11
46 10
47 6
48 6
49 13
50 12
51 9
52 8
53 14
54 2
55 3
56 10
57 4
58 7
59 5
60 5
61 2
62 5
63 8
64 4
65 3
66 7
67 6
68 1
69 3
70 2
71 2
72 3
73 3
74 2
75 1
76 2
78 2
79 2
81 2
82 1
84 3
85 1
86 1
87 3
89 2
91 3
92 1
93 3
94 1
95 2
96 1
97 1
104 2
105 2
108 2
109 1
114 4
115 1
118 1
119 4
123 3
128 1
130 2
132 1
135 2
142 2
151 1
152 1
154 2
158 1
162 1
172 1
174 1
184 1
187 1
189 1
191 2
204 1
207 1
210 1
219 1
223 1
225 1
238 1
243 1
244 1
251 1
258 1
263 1
271 1
277 1
280 1
285 1
295 2
296 1
298 1
299 1
321 1
324 1
334 1
337 1
338 1
349 1
354 1
370 1
380 1
387 1
389 1
394 1
404 1
411 1
422 1
424 2
426 1
427 2
435 1
436 1
453 1
456 1
460 1
463 2
475 1
480 1
483 1
489 2
492 1
521 1
526 1
552 1
568 1
612 1
836 1
889 1
896 1
927 1
932 1
937 1
1014 1
1022 1
1037 1
1064 1
1077 1
1117 1
1241 1
1258 1
1261 1
1266 1
1316 1
1334 1
1343 1
