N J h mean_R_sq err_mean_R_sq mean_R_gyr_sq err_mean_R_gyr_sq 
3600 1.295 0 22575.8 18885.6 3612.52 2633.57
0 9
1 7
2 12
3 17
4 13
5 18
6 18
7 25
8 24
9 19
10 20
11 11
12 16
13 18
14 16
15 12
16 25
17 18
18 20
19 24
20 21
21 20
22 14
23 14
24 23
25 16
26 16
27 15
28 31
29 17
30 15
31 10
32 15
33 14
34 22
35 15
36 12
37 11
38 10
39 18
40 17
41 7
42 6
43 16
44 14
45 6
46 12
47 7
48 8
49 4
50 8
51 7
52 8
53 11
54 6
55 6
56 8
57 4
58 10
59 7
60 9
61 5
62 4
63 11
64 7
65 10
66 5
67 3
68 5
69 5
70 6
71 3
72 3
73 3
74 1
75 2
76 2
77 3
78 1
79 3
80 5
81 6
82 3
86 2
88 2
90 1
91 2
92 1
95 1
96 1
97 1
98 1
99 2
110 1
114 1
118 1
119 1
120 1
122 1
125 1
146 1
154 1
155 1
183 1
324 1
414 1
543 1
572 1
574 1
598 1
720 1
721 1
727 1
744 1
746 1
747 1
792 1
804 1
811 1
813 1
818 1
828 1
830 1
831 1
834 1
858 1
1233 1
1262 1
1331 2
