N J h mean_R_sq err_mean_R_sq mean_R_gyr_sq err_mean_R_gyr_sq 
1600 1.265 0 15204.7 386.019 2266.51 46.3354
0 15
1 31
2 26
3 23
4 22
5 33
6 31
7 25
8 36
9 42
10 29
11 28
12 37
13 42
14 18
15 42
16 41
17 24
18 22
19 22
20 30
21 30
22 33
23 34
24 36
25 25
26 29
27 19
28 34
29 31
30 30
31 33
32 35
33 24
34 32
35 25
36 28
37 25
38 32
39 35
40 29
41 35
42 27
43 33
44 34
45 28
46 41
47 33
48 36
49 30
50 30
51 26
52 26
53 36
54 27
55 24
56 32
57 31
58 30
59 28
60 40
61 33
62 37
63 30
64 26
65 37
66 27
67 22
68 33
69 30
70 25
71 21
72 27
73 30
74 35
75 27
76 41
77 32
78 25
79 22
80 22
81 22
82 30
83 29
84 28
85 33
86 36
87 27
88 30
89 32
90 26
91 21
92 22
93 18
94 23
95 21
96 19
97 29
98 24
99 16
100 27
101 23
102 28
103 17
104 31
105 27
106 20
107 23
108 20
109 23
110 27
111 18
112 15
113 19
114 19
115 23
116 23
117 15
118 18
119 17
120 19
121 17
122 15
123 12
124 20
125 22
126 12
127 15
128 16
129 15
130 13
131 16
132 16
133 10
134 14
135 13
136 20
137 9
138 12
139 17
140 16
141 13
142 8
143 17
144 10
145 10
146 11
147 8
148 14
149 14
150 11
151 9
152 8
153 9
154 9
155 17
156 8
157 11
158 11
159 10
160 6
161 6
162 9
163 5
164 7
165 11
166 5
167 11
168 2
169 12
170 6
171 5
172 8
173 3
174 5
175 4
176 1
177 3
178 7
179 9
180 1
181 1
182 5
183 5
184 3
185 3
186 11
187 3
188 2
189 4
190 5
191 3
192 3
193 5
194 4
195 3
196 3
197 3
198 2
199 2
200 4
201 2
203 1
204 3
205 1
207 1
208 1
209 2
210 4
220 1
224 3
226 1
231 1
239 1
316 1
417 2
559 1
