N J h mean_R_sq err_mean_R_sq mean_R_gyr_sq err_mean_R_gyr_sq 
3600 1.28 0 46022.7 9585.32 6877.94 1480.39
0 1
1 9
2 9
3 13
4 10
5 11
6 14
7 8
8 9
9 6
10 16
11 11
12 10
13 3
14 9
15 13
16 4
17 9
18 8
19 4
20 6
21 4
22 9
23 6
24 12
25 8
26 10
27 12
28 13
29 8
30 13
31 10
32 7
33 8
34 9
35 16
36 4
37 10
38 17
39 8
40 9
41 10
42 7
43 10
44 11
45 17
46 6
47 11
48 9
49 6
50 9
51 12
52 6
53 11
54 5
55 9
56 9
57 11
58 12
59 14
60 4
61 14
62 6
63 14
64 9
65 7
66 6
67 11
68 8
69 6
70 8
71 10
72 10
73 16
74 3
75 7
76 14
77 8
78 9
79 9
80 3
81 13
82 14
83 7
84 6
85 10
86 7
87 6
88 7
89 9
90 6
91 9
92 11
93 13
94 9
95 2
96 4
97 7
98 6
99 11
100 7
101 9
102 9
103 9
104 7
105 7
106 9
107 5
108 8
109 7
110 8
111 12
112 6
113 7
114 7
115 7
116 11
117 6
118 6
119 11
120 9
121 12
122 9
123 9
124 7
125 6
126 7
127 3
128 10
129 9
130 7
131 12
132 9
133 11
134 6
135 8
136 4
137 7
138 8
139 11
140 3
141 5
142 7
143 5
144 9
145 3
146 4
147 4
148 8
149 5
150 8
151 10
152 9
153 5
154 4
155 9
156 7
157 10
158 10
159 9
160 7
161 5
162 8
163 4
164 4
165 10
166 2
167 9
168 12
169 6
170 7
171 8
172 6
173 7
174 10
175 10
176 6
177 9
178 8
179 4
180 3
181 10
182 4
183 8
184 5
185 4
186 2
187 5
188 11
189 4
190 4
191 8
192 3
193 4
194 5
195 6
196 6
197 7
198 5
199 5
200 2
201 8
202 7
203 6
204 5
205 6
206 5
207 4
208 3
209 2
210 5
211 8
212 5
213 5
214 4
215 6
216 1
217 4
218 2
219 4
220 7
221 3
222 4
223 3
224 4
225 3
226 5
227 3
228 5
229 4
230 2
231 3
232 2
233 1
234 1
235 2
236 1
237 2
238 5
239 1
240 6
241 4
242 3
243 4
244 3
245 1
246 1
247 1
248 4
249 4
250 4
251 1
252 3
253 3
254 3
256 1
257 3
260 2
261 1
263 1
264 1
266 1
267 2
268 5
269 1
270 1
274 3
277 2
280 5
282 1
283 4
284 2
286 2
288 1
290 2
293 2
295 1
296 2
297 2
298 1
302 1
304 1
305 1
310 1
313 1
314 1
315 2
321 1
325 1
329 1
334 1
347 1
366 1
461 1
481 1
484 1
488 1
491 1
511 1
515 1
521 1
525 1
526 1
532 1
545 1
549 1
561 1
566 1
572 1
577 1
578 1
580 1
588 1
604 1
634 1
894 1
936 1
959 1
963 1
991 1
1062 1
1235 1
1369 1
1448 1
