N J h mean_R_sq err_mean_R_sq mean_R_gyr_sq err_mean_R_gyr_sq 
1600 1.295 0 7780.43 518.393 1248.64 69.1775
0 15
1 22
2 34
3 23
4 24
5 33
6 28
7 22
8 15
9 9
10 27
11 20
12 19
13 21
14 17
15 20
16 19
17 22
18 14
19 23
20 16
21 21
22 14
23 22
24 25
25 18
26 14
27 20
28 19
29 13
30 21
31 18
32 22
33 16
34 26
35 21
36 20
37 10
38 17
39 23
40 17
41 11
42 12
43 11
44 14
45 17
46 10
47 14
48 16
49 21
50 16
51 10
52 11
53 15
54 12
55 15
56 19
57 20
58 14
59 17
60 12
61 20
62 3
63 11
64 10
65 6
66 9
67 17
68 12
69 10
70 14
71 13
72 9
73 9
74 12
75 8
76 12
77 7
78 10
79 7
80 9
81 9
82 4
83 5
84 9
85 6
86 5
87 7
88 9
89 5
90 12
91 6
92 5
93 9
94 4
95 5
96 2
97 7
98 4
99 5
100 5
101 5
102 8
103 3
104 4
105 11
106 6
107 4
108 4
109 8
110 4
111 4
112 7
113 1
114 3
115 6
116 5
117 1
118 4
119 4
120 2
121 2
122 2
123 2
124 2
125 5
126 2
127 2
128 2
129 1
130 2
131 4
132 2
133 1
134 4
136 1
137 3
138 1
141 1
142 3
143 1
144 2
145 3
146 3
147 2
148 1
151 2
152 2
153 1
155 3
161 1
166 1
171 1
196 1
197 1
