N J h mean_R_sq err_mean_R_sq mean_R_gyr_sq err_mean_R_gyr_sq 
3600 1.295 0 22575.8 18885.6 3612.52 2633.57
0 8
1 11
2 16
3 18
4 16
5 13
6 13
7 25
8 10
9 20
10 12
11 16
12 18
13 16
14 16
15 15
16 18
17 15
18 11
19 15
20 15
21 22
22 18
23 17
24 11
25 20
26 16
27 17
28 7
29 17
30 18
31 12
32 13
33 15
34 13
35 12
36 12
37 18
38 13
39 24
40 11
41 13
42 16
43 19
44 9
45 10
46 16
47 10
48 10
49 9
50 13
51 6
52 8
53 11
54 12
55 10
56 11
57 6
58 7
59 8
60 9
61 11
62 6
63 9
64 5
65 4
66 8
67 8
68 7
69 2
70 4
71 5
72 6
73 6
74 1
75 2
76 2
77 7
78 2
79 6
80 7
81 4
82 4
84 2
85 3
86 1
87 3
88 2
89 5
90 1
91 1
92 1
93 1
94 2
95 3
97 1
100 1
103 2
106 1
110 1
115 1
117 2
120 1
123 2
126 1
142 1
144 2
147 1
148 1
155 1
160 1
178 1
183 1
