N J h mean_R_sq err_mean_R_sq mean_R_gyr_sq err_mean_R_gyr_sq 
3600 1.285 0 50520.7 22312.8 7258.92 2850.6
0 1
1 6
2 8
3 8
4 8
6 8
7 3
8 7
9 7
10 2
11 7
12 7
13 7
14 5
15 7
16 3
17 5
18 2
19 8
20 4
21 7
22 8
23 8
24 6
25 11
26 4
27 4
28 3
29 5
30 4
31 2
32 6
33 2
34 5
35 6
36 3
37 4
38 6
39 8
40 6
41 3
42 3
43 5
44 4
45 8
46 3
47 3
48 4
49 6
50 2
51 3
52 7
53 5
54 8
55 8
56 5
57 1
58 6
59 2
60 6
61 3
62 2
63 5
64 6
65 7
66 5
67 4
68 2
69 4
70 3
72 4
73 7
74 2
75 3
76 3
77 2
78 6
79 6
80 2
81 3
82 1
83 4
84 3
85 6
86 3
87 3
88 2
89 4
90 2
91 1
92 3
93 3
94 3
95 1
96 3
97 2
98 3
99 4
100 3
101 1
102 4
103 1
104 2
105 5
106 6
107 1
108 3
109 2
110 3
112 4
113 2
114 2
115 3
116 3
117 3
118 2
119 2
120 5
121 2
122 2
123 1
124 3
125 3
127 2
129 1
130 1
131 2
132 3
133 3
135 2
136 2
137 2
138 2
139 1
140 3
141 2
142 2
143 2
144 3
145 2
146 1
147 2
149 1
150 3
151 1
153 3
154 3
155 3
157 4
159 3
160 2
161 1
162 2
164 1
165 3
166 3
167 1
168 2
169 1
171 4
174 2
175 3
176 4
177 2
179 1
181 2
182 1
183 2
185 3
187 1
188 1
189 1
190 1
191 5
192 2
193 1
194 3
195 2
197 2
199 3
200 1
201 1
202 1
203 1
204 1
205 2
206 2
207 1
208 1
209 1
212 3
213 1
215 2
216 3
217 1
222 3
224 1
225 4
226 1
227 2
228 2
229 1
231 3
232 1
233 1
234 1
237 1
241 1
244 1
245 1
246 1
249 1
250 2
255 1
256 2
261 1
267 3
273 1
277 2
279 1
281 1
297 1
309 1
310 1
325 1
340 1
