N J h mean_R_sq err_mean_R_sq mean_R_gyr_sq err_mean_R_gyr_sq 
2500 1.305 0 3271.65 910.468 770.424 106.331
0 8
1 11
2 12
3 13
4 8
5 10
6 13
7 14
8 12
9 5
10 14
11 16
12 15
13 11
14 12
15 10
16 16
17 11
18 5
19 14
20 12
21 14
22 17
23 8
24 5
25 14
26 13
27 13
28 13
29 11
30 11
31 19
32 10
33 5
34 11
35 7
36 13
37 7
38 11
39 11
40 4
41 8
42 10
43 5
44 4
45 9
46 7
47 2
48 6
49 3
50 8
51 5
53 4
55 6
56 5
57 1
58 1
59 3
60 5
61 5
62 1
63 4
64 5
66 3
67 1
68 1
69 4
70 1
71 1
73 3
74 1
75 2
76 2
79 1
81 1
83 2
86 2
87 1
88 1
90 1
95 2
97 1
100 1
111 1
