N J h mean_R_sq err_mean_R_sq mean_R_gyr_sq err_mean_R_gyr_sq 
4900 1.28 0 92762.4 13288 13269.1 1758.45
985 1
987 1
994 1
999 1
1000 2
1005 1
1006 1
1007 4
1008 4
1009 3
1010 3
1011 2
1012 3
1013 5
1014 6
1015 4
1016 9
1017 7
1018 5
1019 1
1020 4
1021 7
1022 7
1023 10
1024 5
1025 7
1026 12
1027 17
1028 13
1029 12
1030 11
1031 11
1032 14
1033 12
1034 17
1035 9
1036 16
1037 20
1038 16
1039 25
1040 20
1041 22
1042 21
1043 21
1044 28
1045 23
1046 21
1047 19
1048 26
1049 14
1050 22
1051 25
1052 19
1053 24
1054 22
1055 17
1056 20
1057 17
1058 22
1059 19
1060 21
1061 23
1062 16
1063 13
1064 13
1065 10
1066 11
1067 15
1068 12
1069 9
1070 9
1071 11
1072 16
1073 7
1074 10
1075 5
1076 4
1077 8
1078 7
1079 4
1080 5
1081 2
1083 7
1084 2
1085 5
1087 2
1088 4
1090 2
1091 2
1092 4
1093 1
1094 2
1097 1
1098 1
1100 1
1111 1
1119 1
1131 1
