N J h mean_R_sq err_mean_R_sq mean_R_gyr_sq err_mean_R_gyr_sq 
1225 1.303 0 8957.52 242.632 1378.28 25.0922
761 1
765 1
769 2
778 1
782 1
785 1
791 1
792 1
795 1
797 1
799 1
801 1
807 2
808 1
810 2
811 1
814 1
817 2
819 1
820 1
822 1
824 1
826 1
827 2
829 1
831 1
833 1
834 2
838 3
843 1
845 2
847 2
848 1
849 1
852 3
854 1
855 1
856 1
857 1
858 1
860 1
861 1
863 1
864 1
865 1
866 3
867 2
868 2
869 2
870 3
871 2
872 2
873 1
874 3
875 1
876 4
877 2
878 4
879 2
880 4
881 4
882 2
884 4
885 2
887 3
888 3
889 1
890 1
891 4
892 5
893 4
895 4
896 2
897 1
899 1
900 5
901 1
902 1
903 2
904 3
905 2
906 2
907 2
908 4
909 3
910 2
911 1
912 4
913 3
914 3
916 7
917 1
918 1
919 2
920 1
921 4
922 1
923 5
924 4
925 4
926 3
927 5
928 2
929 4
930 1
931 2
932 7
933 3
934 3
935 5
936 3
937 4
938 5
939 3
940 5
941 3
942 5
943 5
944 4
945 3
946 7
947 5
948 6
949 3
950 5
952 1
953 3
954 1
955 2
956 4
957 2
958 2
959 4
960 3
961 2
962 3
963 4
964 1
965 6
966 1
967 6
968 4
969 5
970 2
971 5
972 3
973 5
974 5
975 2
976 3
977 4
979 10
980 8
981 5
982 6
983 6
984 7
985 3
986 7
987 3
988 6
989 4
990 10
992 11
993 3
994 5
995 4
996 4
997 3
998 4
999 3
1000 7
1001 7
1002 2
1003 4
1004 3
1005 3
1006 9
1007 6
1008 6
1009 3
1010 3
1011 5
1012 3
1013 5
1014 6
1015 3
1016 5
1017 3
1018 7
1019 6
1020 2
1022 2
1023 3
1024 4
1025 4
1026 3
1027 3
1028 4
1029 6
1030 2
1031 5
1032 4
1033 4
1034 3
1035 3
1036 1
1037 2
1038 4
1039 3
1040 2
1041 1
1042 8
1043 7
1044 2
1045 4
1046 5
1047 4
1049 7
1050 2
1051 4
1052 6
1053 7
1054 5
1055 6
1056 1
1057 6
1058 4
1059 5
1060 4
1061 3
1062 2
1063 1
1065 3
1066 6
1067 2
1068 4
1069 3
1070 5
1071 2
1072 4
1073 3
1074 3
1075 1
1076 3
1077 3
1078 4
1079 6
1080 6
1081 2
1082 5
1083 6
1084 1
1085 2
1086 7
1087 5
1088 4
1089 3
1090 2
1091 3
1093 2
1095 1
1097 1
1098 3
1099 2
1100 4
1101 1
1102 3
1103 5
1104 1
1105 1
1106 3
1107 3
1108 4
1109 3
1110 5
1111 2
1113 6
1114 4
1115 2
1116 2
1117 2
1118 2
1119 1
1120 1
1121 3
1123 3
1124 1
1125 1
1127 3
1129 2
1130 4
1133 3
1134 3
1135 1
1136 3
1138 2
1139 1
1140 1
1142 2
1144 1
1145 2
1146 1
1148 2
1150 2
1151 3
1152 1
1153 1
1154 1
1155 2
1157 3
1158 2
1161 1
1162 2
1164 2
1165 1
1166 2
1169 1
1170 1
1172 1
1173 3
1175 2
1176 1
1177 1
1179 1
1181 1
1190 1
1192 1
1193 1
1196 1
1201 1
1235 1
1255 1
1257 1
1258 1
1272 1
