N J h mean_R_sq err_mean_R_sq mean_R_gyr_sq err_mean_R_gyr_sq 
3600 1.305 0 43581.3 1872.42 6467.74 213.448
812 1
836 1
838 1
847 1
851 1
856 1
864 1
865 1
873 1
875 1
876 1
878 1
879 1
882 1
885 1
888 1
889 1
890 2
892 1
893 3
894 1
896 3
897 2
899 1
900 1
901 2
902 2
903 3
904 1
906 1
907 1
908 1
909 4
910 3
911 3
914 4
915 4
916 2
917 4
918 2
923 3
924 5
925 7
926 3
928 8
929 1
930 2
931 2
932 7
933 4
934 4
935 3
936 7
937 4
938 4
939 3
940 4
941 3
942 6
943 4
944 4
945 7
946 7
947 4
948 8
949 3
950 8
951 5
952 7
953 10
954 1
955 6
956 4
957 6
958 5
959 9
960 5
961 6
962 5
963 11
964 5
965 2
966 8
967 7
968 13
969 12
970 8
971 4
972 9
973 9
974 8
975 6
976 8
977 3
978 5
979 11
980 7
981 8
982 7
983 2
984 4
985 14
986 3
987 4
988 3
989 6
990 7
991 11
992 8
993 6
994 7
995 5
996 5
997 8
998 7
999 9
1000 6
1001 8
1002 6
1003 3
1004 1
1005 11
1006 10
1007 4
1008 7
1009 4
1010 3
1011 10
1012 12
1013 9
1014 7
1015 12
1016 3
1017 8
1018 6
1019 5
1020 9
1021 8
1022 10
1023 8
1024 2
1025 5
1026 8
1027 8
1028 4
1029 2
1030 4
1031 5
1032 3
1033 4
1034 8
1035 8
1036 3
1037 4
1038 6
1039 7
1040 8
1041 7
1042 1
1043 4
1044 6
1045 10
1046 9
1047 2
1048 7
1049 5
1050 6
1051 5
1052 3
1053 4
1054 3
1055 2
1056 2
1057 1
1058 3
1059 5
1060 6
1061 4
1062 4
1063 4
1064 7
1066 2
1067 3
1068 3
1069 4
1070 3
1071 7
1072 2
1073 2
1074 2
1076 2
1077 5
1078 2
1079 2
1081 5
1082 3
1083 3
1084 3
1085 5
1086 1
1087 1
1088 1
1089 3
1090 2
1094 1
1095 2
1096 1
1098 1
1099 1
1100 1
1101 2
1102 1
1103 1
1105 1
1106 2
1107 1
1108 1
1109 1
1110 1
1111 2
1112 2
1113 1
1114 2
1115 2
1117 2
1118 2
1119 1
1121 1
1122 1
1125 2
1128 1
1131 1
1132 1
1137 1
1145 1
1162 1
