N J h mean_R_sq err_mean_R_sq mean_R_gyr_sq err_mean_R_gyr_sq 
3600 1.275 0 57604.3 3120.25 8160.01 361.873
858 1
859 1
866 1
870 1
878 1
879 1
882 1
885 1
892 2
898 1
899 2
902 1
904 2
905 1
906 2
908 1
909 2
910 1
911 2
912 3
915 2
918 1
919 2
920 4
922 1
923 3
924 4
926 7
927 5
928 5
929 2
930 3
931 5
932 4
933 5
934 3
935 4
937 1
938 3
940 2
941 2
942 1
943 5
944 5
945 2
946 3
947 3
948 3
949 3
950 5
951 6
952 6
953 6
954 6
955 2
956 7
957 5
958 7
959 4
960 3
961 7
962 5
963 9
964 8
965 14
966 6
967 5
968 8
969 6
970 11
971 6
972 7
973 5
974 5
975 10
976 8
977 10
978 8
979 12
980 12
981 6
982 6
983 14
984 9
985 8
986 9
987 5
988 13
989 13
990 8
991 7
992 10
993 8
994 8
995 9
996 10
997 9
998 8
999 12
1000 12
1001 14
1002 8
1003 8
1004 10
1005 8
1006 6
1007 5
1008 11
1009 4
1010 16
1011 7
1012 11
1013 11
1014 6
1015 6
1016 7
1017 8
1018 9
1019 8
1020 7
1021 4
1022 6
1023 6
1024 8
1025 10
1026 7
1027 8
1028 9
1029 4
1030 8
1031 6
1032 4
1033 6
1034 2
1035 4
1036 6
1037 11
1038 2
1039 3
1040 2
1041 2
1042 6
1043 5
1044 9
1045 7
1046 3
1047 3
1048 11
1049 5
1050 5
1051 2
1052 2
1053 1
1054 5
1055 4
1056 4
1057 6
1058 4
1059 7
1060 2
1061 5
1062 3
1063 5
1064 4
1065 7
1066 3
1067 2
1068 1
1069 4
1070 6
1071 2
1072 3
1073 3
1074 1
1075 2
1076 1
1077 5
1078 3
1081 3
1082 2
1083 3
1085 1
1086 1
1087 2
1088 2
1089 2
1091 1
1092 1
1095 1
1096 1
1097 1
1098 1
1100 1
1101 1
1103 1
1104 1
1105 1
1106 1
1111 1
1112 1
1120 1
1122 1
1124 1
1128 1
1139 1
1173 1
