N J h mean_R_sq err_mean_R_sq mean_R_gyr_sq err_mean_R_gyr_sq 
1225 1.296 0 9858.73 309.357 1481.08 24.6797
1000 59
1001 62
1002 70
1003 52
1004 45
1005 49
1006 44
1007 41
1008 44
1009 39
1010 27
1011 30
1012 26
1013 24
1014 27
1015 34
1016 19
1017 20
1018 20
1019 22
1020 18
1021 10
1022 22
1023 10
1024 16
1025 14
1026 10
1027 7
1028 12
1029 8
1030 6
1031 7
1032 11
1033 6
1034 4
1035 7
1036 3
1037 4
1038 4
1039 3
1040 3
1041 5
1042 3
1043 2
1044 6
1045 4
1047 2
1048 4
1050 4
1051 2
1052 3
1053 3
1054 2
1055 1
1056 1
1057 2
1059 2
1060 1
1062 3
1064 1
1065 1
1067 2
1074 1
1080 1
1089 1
1091 1
1113 1
1173 1
