N J h mean_R_sq err_mean_R_sq mean_R_gyr_sq err_mean_R_gyr_sq 
4900 1.3 0 81858.7 11807.4 12037.5 1800.41
953 1
954 1
961 2
965 1
966 2
968 3
969 1
970 1
972 1
973 2
974 4
976 2
977 4
978 2
979 2
980 3
981 2
982 6
983 10
984 9
985 5
986 7
987 12
988 9
989 9
990 6
991 11
992 13
993 12
994 10
995 16
996 10
997 16
998 19
999 14
1000 11
1001 15
1002 15
1003 19
1004 15
1005 20
1006 16
1007 23
1008 15
1009 22
1010 23
1011 25
1012 23
1013 22
1014 15
1015 18
1016 18
1017 23
1018 19
1019 22
1020 22
1021 22
1022 20
1023 23
1024 13
1025 13
1026 19
1027 15
1028 13
1029 15
1030 19
1031 17
1032 11
1033 11
1034 11
1035 6
1036 7
1037 7
1038 11
1039 10
1040 10
1041 6
1042 5
1043 9
1044 9
1045 6
1046 8
1047 8
1048 5
1049 4
1050 5
1051 2
1052 4
1053 4
1054 1
1055 2
1056 3
1057 2
1058 2
1059 1
1062 1
1064 1
1065 3
1066 2
1069 1
1071 1
1085 1
1095 1
