N J h mean_R_sq err_mean_R_sq mean_R_gyr_sq err_mean_R_gyr_sq 
1225 1.296 0 9858.73 309.357 1481.08 24.6797
892 1
906 1
913 1
920 1
922 1
927 1
928 1
932 2
933 1
937 2
939 1
940 2
941 2
942 4
943 1
945 2
946 1
947 2
949 1
950 1
952 2
953 1
954 2
955 3
957 2
959 4
960 3
961 1
962 2
963 4
964 1
965 3
966 2
967 2
968 4
969 3
970 3
971 4
972 8
973 3
974 9
975 4
976 7
977 4
978 5
979 7
980 3
981 3
982 1
983 5
984 4
985 5
986 5
987 7
988 7
989 2
990 10
991 10
992 7
993 10
994 12
995 7
996 7
997 8
998 6
999 5
1000 8
1001 9
1002 9
1003 9
1004 6
1005 9
1006 12
1007 7
1008 8
1009 8
1010 8
1011 11
1012 11
1013 8
1014 5
1015 4
1016 15
1017 8
1018 8
1019 9
1020 14
1021 15
1022 10
1023 5
1024 8
1025 8
1026 13
1027 14
1028 16
1029 7
1030 8
1031 10
1032 11
1033 14
1034 8
1035 9
1036 9
1037 9
1038 19
1039 11
1040 14
1041 12
1042 8
1043 8
1044 10
1045 8
1046 12
1047 12
1048 16
1049 6
1050 6
1051 14
1052 11
1053 9
1054 10
1055 10
1056 12
1057 1
1058 7
1059 5
1060 4
1061 8
1062 9
1063 6
1064 7
1065 6
1066 7
1067 7
1068 8
1069 6
1070 3
1071 8
1072 4
1073 4
1074 5
1075 2
1076 5
1077 7
1078 1
1079 3
1080 3
1081 1
1082 7
1083 3
1085 1
1086 4
1087 5
1088 3
1089 1
1090 2
1091 4
1092 2
1093 2
1094 1
1095 2
1097 1
1098 1
1100 4
1104 1
1105 1
1106 1
1107 1
1109 1
1110 2
1112 1
1113 1
1114 1
1116 1
1117 1
1127 1
1129 1
1139 1
