N J h mean_R_sq err_mean_R_sq mean_R_gyr_sq err_mean_R_gyr_sq 
3600 1.29 0 51089.6 2481.33 7501.63 349.502
945 1
963 2
967 1
968 1
972 1
973 1
976 1
977 1
979 1
982 2
983 3
984 2
985 1
986 1
987 3
988 1
989 1
990 2
991 3
992 1
993 5
994 2
996 4
997 2
998 6
999 4
1000 5
1001 6
1002 4
1003 6
1004 5
1005 8
1006 10
1007 8
1008 8
1009 9
1010 5
1011 8
1012 8
1013 13
1014 7
1015 14
1016 11
1017 20
1018 15
1019 16
1020 8
1021 22
1022 16
1023 12
1024 16
1025 17
1026 17
1027 15
1028 17
1029 14
1030 9
1031 18
1032 25
1033 20
1034 17
1035 22
1036 19
1037 18
1038 13
1039 19
1040 21
1041 19
1042 15
1043 10
1044 23
1045 17
1046 15
1047 19
1048 10
1049 14
1050 18
1051 10
1052 14
1053 15
1054 12
1055 18
1056 14
1057 15
1058 9
1059 8
1060 11
1061 12
1062 9
1063 9
1064 6
1065 6
1066 6
1067 7
1068 2
1069 4
1070 5
1071 6
1072 2
1073 3
1074 4
1075 2
1076 3
1077 3
1078 5
1080 4
1081 5
1082 1
1083 2
1084 1
1085 3
1086 1
1087 2
1088 1
1091 1
1092 2
1094 1
1095 1
