N J h mean_R_sq err_mean_R_sq mean_R_gyr_sq err_mean_R_gyr_sq 
1600 1.289 0 15114.8 376.643 2254.67 37.7236
943 1
947 1
948 1
952 2
956 2
958 3
960 2
961 3
962 2
963 2
965 3
968 1
970 1
971 2
972 3
973 3
974 1
975 3
976 2
977 1
978 2
979 5
980 2
981 4
982 2
983 4
984 4
985 5
986 5
987 4
988 3
989 3
990 4
991 3
992 4
993 4
994 4
995 7
996 7
997 6
998 1
999 2
1000 10
1001 12
1002 4
1003 9
1004 8
1005 7
1006 3
1007 4
1008 7
1009 8
1010 4
1011 4
1012 6
1013 15
1014 12
1015 6
1016 7
1017 14
1018 10
1019 11
1020 5
1021 12
1022 8
1023 12
1024 12
1025 12
1026 13
1027 10
1028 13
1029 10
1030 16
1031 13
1032 19
1033 14
1034 13
1035 16
1036 11
1037 10
1038 10
1039 3
1040 14
1041 14
1042 8
1043 13
1044 8
1045 13
1046 10
1047 14
1048 11
1049 10
1050 16
1051 8
1052 10
1053 12
1054 14
1055 13
1056 11
1057 17
1058 9
1059 6
1060 8
1061 8
1062 9
1063 5
1064 15
1065 6
1066 12
1067 9
1068 7
1069 6
1070 8
1071 8
1072 2
1073 8
1074 6
1075 10
1076 9
1077 6
1078 11
1079 5
1080 5
1081 10
1082 6
1083 2
1084 2
1085 6
1086 1
1087 3
1088 3
1089 3
1090 5
1091 3
1092 5
1093 2
1094 2
1095 2
1096 3
1097 1
1098 5
1099 1
1101 2
1102 2
1103 2
1104 3
1106 2
1108 3
1112 1
1113 1
1114 1
1117 1
1119 2
1121 1
1123 1
1128 1
