N J h mean_R_sq err_mean_R_sq mean_R_gyr_sq err_mean_R_gyr_sq 
4900 1.29 0 77593.5 4869.4 11063.7 559.411
968 1
973 1
980 1
981 1
984 2
985 3
986 4
987 3
988 1
989 7
991 5
992 4
993 1
994 3
996 3
997 2
998 8
999 2
1000 10
1001 7
1002 9
1003 2
1004 6
1005 5
1006 10
1007 12
1008 6
1009 10
1010 8
1011 11
1012 15
1013 4
1014 7
1015 12
1016 14
1017 22
1018 18
1019 17
1020 13
1021 10
1022 21
1023 22
1024 14
1025 16
1026 23
1027 14
1028 23
1029 24
1030 22
1031 25
1032 25
1033 16
1034 25
1035 18
1036 21
1037 18
1038 18
1039 27
1040 14
1041 18
1042 20
1043 16
1044 22
1045 14
1046 12
1047 11
1048 12
1049 10
1050 9
1051 15
1052 11
1053 14
1054 11
1055 14
1056 7
1057 17
1058 6
1059 8
1060 3
1061 6
1062 9
1063 9
1064 5
1065 4
1066 3
1067 7
1068 2
1069 3
1070 3
1071 4
1072 4
1073 1
1074 5
1075 3
1076 2
1077 1
1078 2
1080 3
1081 1
1082 2
1087 1
1089 1
1090 1
1095 1
