N J h mean_R_sq err_mean_R_sq mean_R_gyr_sq err_mean_R_gyr_sq 
4900 1.305 0 83948.6 15523.1 12363.5 2372.02
840 1
850 1
860 1
863 1
869 1
871 1
873 1
885 1
894 1
895 1
896 1
898 2
899 2
900 1
901 1
903 1
904 2
906 4
907 2
908 2
909 2
910 1
911 4
913 2
914 3
915 1
916 2
917 2
918 2
919 3
920 4
921 4
922 2
923 2
924 3
925 1
927 6
928 4
929 3
930 2
931 2
932 4
933 3
934 3
935 1
936 4
937 5
938 7
939 1
940 3
941 3
942 1
943 1
944 3
945 4
946 2
947 4
948 6
949 4
950 7
951 6
952 2
953 3
954 6
955 5
956 4
957 10
958 6
959 4
960 5
961 2
962 4
963 8
964 6
965 8
966 6
967 4
968 7
969 6
970 9
971 5
972 9
973 2
974 4
975 7
976 8
977 9
978 7
979 9
980 8
981 12
982 8
983 9
984 10
985 14
986 10
987 10
988 4
989 12
990 5
991 14
992 7
993 14
994 14
995 7
996 11
997 11
998 5
999 15
1000 16
1001 12
1002 5
1003 7
1004 8
1005 6
1006 7
1007 5
1008 14
1009 6
1010 10
1011 9
1012 3
1013 3
1014 7
1015 9
1016 7
1017 7
1018 7
1019 5
1020 7
1021 10
1022 6
1023 4
1024 14
1025 6
1026 8
1027 3
1028 6
1029 5
1030 6
1031 6
1032 9
1033 8
1034 5
1035 2
1036 7
1037 3
1038 8
1039 5
1040 3
1041 8
1042 7
1043 6
1044 8
1045 3
1046 6
1047 7
1048 8
1049 5
1050 5
1051 7
1052 3
1053 3
1054 5
1055 5
1056 1
1057 3
1058 4
1059 2
1060 2
1061 5
1062 3
1063 2
1064 3
1065 2
1066 3
1067 2
1068 1
1069 5
1070 5
1071 2
1072 2
1073 3
1074 2
1075 2
1076 2
1078 4
1079 1
1080 2
1081 4
1082 3
1083 1
1084 4
1086 1
1087 3
1088 3
1089 2
1090 3
1092 1
1094 2
1096 2
1099 1
1100 1
1103 2
1105 1
1108 1
1110 1
1111 1
1112 2
1119 1
1120 1
1121 1
1122 1
1132 1
1139 1
1145 1
