N J h mean_R_sq err_mean_R_sq mean_R_gyr_sq err_mean_R_gyr_sq 
2500 1.293 0 27145 1303.75 4074.9 145.591
929 1
939 1
949 1
950 1
954 1
955 1
958 2
960 1
963 2
965 1
968 1
969 1
970 3
971 4
972 3
973 1
974 1
976 2
977 1
978 2
979 3
980 1
981 3
982 3
983 4
984 6
985 2
986 8
987 6
988 7
989 5
990 6
991 6
992 4
993 3
994 6
995 6
996 5
997 7
998 8
999 8
1000 9
1001 6
1002 12
1003 10
1004 11
1005 9
1006 14
1007 9
1008 11
1009 6
1010 10
1011 5
1012 16
1013 14
1014 13
1015 19
1016 8
1017 14
1018 12
1019 8
1020 9
1021 16
1022 11
1023 10
1024 10
1025 13
1026 16
1027 17
1028 20
1029 18
1030 9
1031 19
1032 20
1033 23
1034 14
1035 15
1036 18
1037 10
1038 12
1039 19
1040 18
1041 13
1042 10
1043 19
1044 13
1045 17
1046 10
1047 9
1048 20
1049 7
1050 7
1051 10
1052 8
1053 15
1054 9
1055 6
1056 10
1057 15
1058 3
1059 8
1060 16
1061 6
1062 4
1063 3
1064 9
1065 6
1066 2
1067 3
1068 4
1069 5
1070 3
1071 6
1072 1
1073 1
1074 8
1075 5
1077 1
1078 4
1080 3
1081 2
1082 2
1084 2
1085 4
1086 3
1087 2
1089 2
1090 2
1091 3
1093 2
1098 1
1100 1
1101 1
1106 1
1108 1
