N J h mean_R_sq err_mean_R_sq mean_R_gyr_sq err_mean_R_gyr_sq 
2500 1.286 0 30384.1 1006.44 4375.9 90.1849
801 1
802 1
815 1
824 1
834 1
835 1
845 1
849 1
858 1
863 2
866 1
867 2
868 2
870 2
871 1
872 2
873 2
878 1
879 2
883 2
884 1
885 2
888 1
889 1
891 1
893 4
895 1
896 3
897 1
898 1
899 4
900 1
901 1
903 1
905 2
906 3
907 5
908 6
909 2
910 1
911 4
912 2
913 3
914 2
915 3
916 2
917 3
918 5
919 4
920 3
921 3
922 1
923 7
924 4
925 6
926 4
927 2
928 4
929 1
930 5
931 1
932 5
933 3
934 6
935 4
936 3
937 4
938 1
939 2
940 3
941 6
942 3
943 4
944 7
945 4
946 3
947 1
948 7
949 4
950 3
951 3
952 8
953 5
954 4
955 3
956 5
957 4
958 4
959 8
960 8
961 5
962 5
963 4
964 5
965 9
966 9
967 5
968 13
969 8
970 7
971 6
972 8
973 6
974 3
975 9
976 7
977 6
978 7
979 6
980 8
982 9
983 4
984 3
985 8
986 5
987 12
988 11
989 7
990 5
991 6
992 5
993 4
994 10
995 6
996 6
997 8
998 7
999 5
1000 6
1001 3
1002 7
1003 4
1004 5
1005 4
1006 5
1007 5
1008 7
1009 7
1010 11
1011 11
1012 5
1013 6
1014 11
1015 3
1016 8
1017 3
1018 6
1019 3
1020 7
1021 13
1022 5
1023 6
1024 6
1025 2
1026 5
1027 12
1028 6
1029 9
1030 7
1031 6
1032 6
1033 5
1034 6
1035 5
1036 4
1037 5
1038 5
1039 4
1040 6
1041 6
1042 5
1043 8
1044 2
1045 3
1046 1
1047 6
1048 3
1049 2
1050 8
1051 4
1052 1
1053 1
1055 2
1056 6
1057 4
1058 8
1059 6
1060 5
1061 3
1062 2
1063 3
1064 3
1065 7
1066 1
1067 4
1069 5
1070 3
1071 3
1072 2
1073 6
1074 3
1075 1
1076 5
1077 5
1078 4
1080 4
1081 1
1082 1
1083 1
1085 3
1086 2
1087 1
1088 4
1089 1
1090 1
1092 1
1093 1
1095 3
1096 1
1098 3
1099 3
1100 2
1101 1
1102 1
1103 2
1104 4
1105 3
1106 6
1107 1
1108 2
1109 1
1111 1
1112 3
1114 2
1115 1
1120 4
1121 2
1123 2
1125 4
1127 1
1129 1
1130 1
1131 2
1142 1
1143 1
1156 1
1157 1
1158 1
1162 2
1167 1
1190 1
