N J h mean_R_sq err_mean_R_sq mean_R_gyr_sq err_mean_R_gyr_sq 
1225 1.268 0 11930.6 281.503 1741.11 23.67
759 1
789 1
795 1
804 1
805 1
816 1
820 1
824 1
826 1
828 1
829 1
830 1
833 1
835 1
838 3
839 2
840 1
845 1
846 1
847 1
849 1
850 1
853 1
856 1
857 5
858 1
859 1
862 2
865 1
866 1
867 1
870 1
871 2
872 1
873 1
874 1
875 1
877 1
878 2
879 1
881 1
882 1
883 4
884 2
885 3
886 2
887 3
888 2
890 1
891 2
892 2
893 1
894 1
895 2
896 3
897 3
898 4
899 4
900 3
901 1
902 4
903 3
904 1
905 4
907 2
908 2
909 3
911 4
912 6
913 2
914 3
915 1
916 3
917 1
918 2
919 4
920 1
921 2
922 4
923 6
924 3
925 2
926 3
927 1
928 2
929 5
930 2
931 3
932 6
933 1
934 4
935 3
936 7
937 4
938 3
939 1
940 1
941 6
942 4
943 5
944 4
945 3
946 3
947 4
948 4
949 3
950 4
951 5
952 7
953 4
954 5
955 5
956 2
957 4
958 4
959 4
960 12
961 5
962 1
963 1
964 3
965 1
966 7
967 5
968 8
969 4
970 5
971 5
972 4
973 2
974 6
975 5
976 2
977 6
978 11
979 5
980 3
981 3
982 3
983 7
984 2
985 4
986 5
987 5
988 2
989 5
990 3
991 6
992 6
993 6
994 6
995 3
996 5
997 1
998 9
999 5
1000 6
1001 11
1002 4
1003 5
1004 8
1005 3
1006 5
1007 5
1008 8
1009 3
1010 3
1011 5
1012 6
1013 8
1014 1
1015 7
1016 5
1017 6
1018 3
1019 7
1020 7
1021 5
1022 4
1023 9
1024 4
1025 10
1026 3
1027 8
1028 5
1029 8
1030 3
1031 7
1032 5
1033 4
1034 5
1035 2
1036 5
1037 2
1038 2
1039 3
1041 6
1042 1
1043 6
1044 3
1045 2
1046 5
1047 3
1048 5
1049 6
1050 5
1051 5
1052 7
1053 5
1054 4
1055 3
1056 9
1057 3
1058 6
1059 1
1060 3
1061 6
1062 8
1063 2
1064 4
1065 3
1066 7
1067 5
1068 5
1069 7
1070 1
1071 2
1072 3
1073 5
1074 3
1075 4
1076 4
1077 5
1078 1
1079 2
1080 1
1081 2
1082 3
1083 3
1084 6
1085 4
1086 1
1087 4
1088 5
1089 2
1090 6
1091 1
1092 4
1093 3
1094 5
1095 3
1096 1
1097 1
1098 4
1100 2
1101 2
1102 4
1103 4
1104 2
1105 1
1106 2
1107 2
1108 1
1109 1
1110 1
1111 1
1112 2
1113 3
1115 3
1116 2
1117 2
1118 2
1119 1
1120 1
1121 1
1122 1
1123 1
1125 2
1126 1
1127 1
1128 1
1129 1
1130 4
1131 1
1133 2
1134 1
1135 1
1140 3
1144 1
1146 1
1147 2
1148 1
1150 1
1152 1
1155 2
1156 1
1157 1
1158 1
1159 1
1168 2
1170 1
1171 1
1172 1
1173 1
1174 2
1181 1
1182 1
1185 2
1190 1
1191 1
1192 1
1195 1
1196 1
1209 1
1211 1
1233 2
