N J h mean_R_sq err_mean_R_sq mean_R_gyr_sq err_mean_R_gyr_sq 
4900 1.295 0 87683.5 13512.7 12711.6 1781.58
961 1
964 2
972 1
976 2
977 1
978 3
979 3
980 1
981 4
982 3
983 4
984 2
985 6
986 8
987 5
988 1
989 2
990 10
991 6
992 6
993 3
994 7
995 8
996 6
997 10
998 13
999 4
1000 12
1001 8
1002 11
1003 11
1004 18
1005 8
1006 12
1007 21
1008 22
1009 14
1010 24
1011 16
1012 16
1013 20
1014 18
1015 18
1016 22
1017 28
1018 18
1019 24
1020 19
1021 18
1022 15
1023 14
1024 22
1025 14
1026 18
1027 23
1028 16
1029 21
1030 20
1031 19
1032 22
1033 18
1034 11
1035 13
1036 19
1037 18
1038 17
1039 14
1040 12
1041 5
1042 11
1043 7
1044 13
1045 10
1046 10
1047 6
1048 10
1049 5
1050 11
1051 9
1052 7
1053 7
1054 3
1055 9
1056 7
1057 2
1058 4
1059 4
1060 3
1061 7
1062 3
1063 3
1064 2
1065 1
1066 2
1067 1
1069 2
1070 1
1071 1
1076 1
1078 1
1079 2
1082 1
1083 1
1096 1
