N J h mean_R_sq err_mean_R_sq mean_R_gyr_sq err_mean_R_gyr_sq 
3600 1.28 0 54843.2 4548.05 8111.94 676.519
125 2
221 1
505 1
533 1
565 1
769 1
1105 1
1205 1
1225 1
1405 1
1625 1
1717 1
1789 1
1805 1
1845 1
2005 1
2377 1
2425 1
2509 1
2633 1
2845 1
2993 1
3001 1
3033 1
3049 1
3137 1
3433 1
3545 1
3649 1
3825 1
3965 1
3977 1
4121 1
4149 1
4153 1
4157 1
4265 1
4329 1
4349 1
4385 1
4477 1
4525 1
4645 1
5009 1
5041 1
5101 1
5161 1
5189 1
5249 1
5333 1
5465 1
5501 1
5765 1
5949 1
6025 1
6185 2
6245 1
6341 1
6437 1
6445 1
6565 1
6577 1
6641 1
6649 1
6757 1
6833 1
6857 1
6929 1
7141 1
7261 1
7373 1
7713 1
7717 1
7865 1
8053 1
8101 1
8233 1
8321 1
8357 1
8461 1
8597 1
8621 1
8845 1
8849 1
8885 3
8905 1
9061 1
9173 1
9225 2
9549 1
9685 1
9925 2
10061 1
10217 1
10229 2
10369 1
10477 1
10529 1
10553 1
10585 2
10613 1
10625 1
10765 1
10805 1
10809 1
10949 1
10985 1
11149 1
11245 1
11257 1
11273 1
12049 1
12221 1
12325 1
12329 1
12365 1
12469 1
12541 1
12577 1
12629 1
12725 1
12789 1
12937 1
12985 1
12997 1
13005 1
13049 1
13169 1
13181 1
13285 1
13313 1
13325 1
13445 1
13457 1
13537 1
13817 1
13885 1
14085 1
14381 1
14549 1
14689 1
14705 1
14741 1
14785 1
14845 1
14929 1
15005 2
15229 1
15317 1
15385 1
15457 2
15529 1
15541 1
15761 1
16153 1
16241 2
16417 1
16465 1
16525 1
16645 1
16745 1
16913 1
16945 1
17125 1
17225 1
17293 1
17345 1
17433 1
17485 1
17525 2
17741 1
17789 1
17885 1
17921 1
17945 2
18245 1
18265 1
18473 1
18549 1
18621 1
18625 2
18713 1
18785 1
18833 1
18869 1
18985 1
19097 1
19157 1
19165 1
19225 1
19337 1
19345 1
19433 1
19521 1
19609 1
19637 1
19661 1
19669 1
19769 1
19885 1
19889 1
19989 1
20105 1
20189 1
20241 1
20281 1
20297 1
20345 1
20381 1
20509 1
20525 3
20617 1
20665 1
20725 1
20773 1
20905 1
20917 2
21017 1
21025 1
21085 1
21145 1
21157 1
21317 1
21365 1
21437 1
21465 1
21613 1
21617 2
21625 2
21913 1
21961 1
22049 1
22117 1
22129 1
22181 1
22261 1
22457 2
22565 1
22709 1
22721 1
22765 1
23173 1
23425 1
23461 1
23465 1
23545 1
23645 1
23725 2
23761 2
23773 1
23885 1
23965 1
23985 1
24121 1
24157 1
24193 1
24345 1
24389 1
24417 1
24425 1
24525 1
24557 1
24561 1
24777 1
24973 1
25177 1
25225 1
25229 1
25297 1
25313 1
25381 1
25497 1
25533 1
25677 1
25805 1
25909 1
25925 1
25985 1
26221 1
26281 1
26681 1
26981 1
27293 1
27441 1
27725 1
27785 1
27865 1
28121 1
28145 1
28345 1
28417 1
28577 1
28625 1
28645 1
29009 1
29033 1
29101 1
29189 1
29345 1
29449 1
29801 1
29857 2
29861 2
29945 1
30005 1
30141 1
30169 1
30209 1
30301 1
30341 1
30397 1
30509 1
30529 1
30589 1
30593 1
30605 1
30717 1
30733 1
30781 1
31005 1
31265 1
31637 1
31805 1
31865 1
31905 1
31925 1
32089 1
32189 1
32233 2
32489 1
32521 1
32701 1
32969 1
32993 1
33109 1
33245 1
33293 1
33377 1
33461 1
33581 1
33661 1
33713 1
33745 1
33785 2
33853 1
34085 1
34245 1
34253 1
34281 1
34297 1
34325 1
34345 1
34373 2
34445 1
34697 1
34785 1
34801 1
34805 1
34821 1
35129 1
35141 1
35209 1
35221 1
35225 1
35293 1
35405 1
35425 1
35477 1
35513 2
35633 1
35657 1
35705 1
35881 1
35989 1
36037 1
36065 1
36109 1
36117 1
36217 1
36265 1
36353 1
36625 1
36737 1
36805 1
36809 1
36833 2
36877 1
36941 1
36985 2
37049 1
37089 1
37361 1
37445 1
37629 1
37645 1
37681 1
37817 1
37853 1
37873 1
38165 1
38277 1
38309 1
38369 1
38377 1
38385 1
38453 1
38705 1
38857 1
38961 2
39013 1
39065 1
39101 1
39145 1
39249 1
39265 1
39373 1
39377 1
39469 1
39641 1
39701 1
39793 1
39833 2
39889 1
39933 1
40045 1
40085 1
40157 1
40169 1
40597 1
40657 1
40661 1
40841 1
40877 1
41045 1
41093 1
41157 1
41429 1
41449 1
41605 1
41617 1
41621 1
41625 1
41785 2
41905 1
42109 1
42125 1
42445 1
42461 1
42517 1
42705 1
42737 1
42761 1
42885 2
42905 1
42937 1
42993 1
43025 1
43209 1
43317 1
43425 1
43577 1
43657 1
43693 1
43733 1
43781 1
43789 1
43793 1
43829 1
44109 1
44197 1
44273 1
44285 1
44549 1
44629 1
44813 1
44893 1
44945 2
44977 1
45025 1
45029 1
45041 1
45133 1
45325 1
45389 1
45513 1
45613 1
45625 1
45729 1
45917 1
46021 1
46085 1
46325 1
46421 1
46773 1
46813 1
46969 1
47065 1
47153 1
47385 1
47573 1
47765 1
47781 1
48005 1
48137 1
48149 1
48385 1
48425 1
48501 1
48581 2
48673 1
49025 2
49205 1
49213 1
49325 1
49373 1
49517 1
49549 1
49573 1
49613 1
49757 1
49793 1
49813 1
49909 1
49957 1
50053 1
50389 1
50813 1
50885 1
50905 1
51173 1
51453 1
51545 1
51641 1
51885 1
51985 1
52001 1
52033 1
52065 2
52069 1
52121 1
52205 1
52369 1
52445 1
52505 2
52741 1
52825 1
52865 1
53017 1
53125 1
53737 2
54125 1
54205 2
54421 1
54629 1
54673 1
54773 1
54781 1
54829 1
54865 1
54893 1
54913 1
54961 1
55225 1
55445 1
55665 1
55813 1
56149 1
56225 2
56277 1
56369 1
56537 1
56641 1
56669 1
56693 1
56845 1
56869 2
56921 1
57025 1
57125 1
57137 1
57177 1
57265 1
57269 1
57301 1
57325 1
57545 1
57625 1
57825 1
58313 1
58457 1
58493 1
58549 1
58565 1
58601 1
58825 1
58849 1
58865 1
59065 1
59245 1
59305 1
59341 1
59461 1
59625 1
59633 1
59837 1
60061 1
60085 1
60125 1
60217 2
60229 1
60381 1
60409 1
60965 1
61001 1
61049 1
61081 1
61137 1
61205 1
61421 1
61585 1
61613 1
61625 1
61661 1
61793 1
61825 1
61937 1
61965 1
62017 1
62037 1
62201 1
62289 1
62325 1
62473 1
62549 1
62613 1
62633 1
62705 2
62785 1
63005 1
63017 1
63097 1
63677 1
63817 1
63845 1
63857 1
64205 1
64349 1
64453 1
64649 1
64709 1
64753 1
64765 1
64865 1
64909 1
65341 1
65425 1
65741 1
65801 1
65969 1
66389 1
66445 1
66629 1
66757 1
66841 1
66917 1
67073 1
67093 1
67181 1
67185 1
67273 1
67345 1
67525 1
67609 1
67685 1
67745 1
67885 1
68141 1
68237 1
68741 1
69865 1
70145 1
70225 1
70397 1
70493 1
70657 1
70757 1
70837 1
70921 1
71037 1
71417 1
71485 1
71905 1
72185 1
72265 1
72305 1
72313 1
72689 1
72981 1
73125 1
73177 1
73265 1
73385 1
73585 1
73593 1
74153 1
74161 1
74321 1
74453 1
74653 1
74677 1
74713 1
74797 1
74853 1
74889 1
75101 1
75177 1
75301 1
75313 1
75365 1
75517 1
75725 1
75745 1
75865 1
75925 1
75949 1
76149 1
77665 1
77725 1
77981 2
78241 1
78373 1
78741 1
78997 1
79033 1
79045 1
79069 1
79117 1
79181 1
79361 1
79417 1
79697 1
80125 2
80145 2
80149 1
80561 1
80645 1
80821 1
81045 1
81209 1
81541 1
81625 1
82249 1
82273 1
82325 1
82421 1
83005 1
83065 1
83093 1
83189 1
83213 1
83245 1
83497 1
83561 1
83717 1
83845 1
84169 1
84253 1
84545 2
84589 1
84605 1
85069 1
85105 1
85949 1
86017 1
86045 1
86085 1
86885 1
86909 1
86965 1
87425 2
87597 1
87725 1
87805 1
88245 1
88325 1
88345 1
88457 1
88705 1
88741 1
89365 1
89725 1
89921 1
90157 1
90305 1
90665 1
90701 1
91089 1
91393 1
92009 1
92129 1
92353 1
92425 1
92909 1
92945 1
93409 1
93425 1
93517 1
93685 1
93721 1
94733 1
94757 1
94945 1
95409 1
95497 1
95857 1
96037 1
96269 1
96281 1
96433 1
96785 1
96857 1
96925 1
97733 1
97745 1
97813 1
98245 1
98261 1
98369 1
98397 1
99413 1
99425 1
99469 1
99565 1
100201 1
100805 1
101125 1
101537 1
101641 1
101861 1
102029 1
102409 1
102841 1
103045 1
103129 1
103361 1
103657 1
104125 1
104369 1
105365 1
105561 1
105689 1
105773 1
106121 1
106625 1
106805 2
107185 1
107209 1
107297 1
107545 1
107741 1
107829 1
107837 1
107873 1
108233 1
108369 1
109705 1
109737 1
110137 1
111005 1
111501 1
112185 1
112225 1
112241 1
112545 1
112957 1
113985 1
115065 1
116217 1
116429 1
116645 1
116885 1
117169 1
117665 1
118285 1
118717 1
119645 1
120637 1
120965 1
121921 1
122193 2
122473 1
123769 1
124189 1
124261 1
125149 1
125309 1
125469 1
125585 1
125765 1
126617 1
126801 1
126837 1
128137 1
129025 1
129321 1
129373 1
130177 1
130225 1
130385 1
130637 1
131053 1
132509 1
132665 1
133813 1
137197 1
137689 1
137785 1
141245 1
141725 1
141957 1
142421 1
143093 1
146173 1
146493 1
147985 1
149377 1
153049 1
153845 1
154989 1
155025 1
160141 1
164965 1
176653 1
177113 1
184909 1
188225 1
204129 1
209621 1
211553 1
297985 1
357325 1
392225 1
428525 1
439889 1
488513 1
495981 1
883321 1
