N J h mean_R_sq err_mean_R_sq mean_R_gyr_sq err_mean_R_gyr_sq 
2916 1.314 0 27764.3 1149.76 4233.58 132.055
17 1
65 1
125 1
169 1
425 1
449 1
605 1
657 1
661 1
761 1
929 1
937 1
953 1
977 1
1105 1
1157 1
1233 1
1313 1
1345 1
1405 1
1413 1
1433 1
1465 1
1513 2
1525 1
1537 1
1573 1
1613 1
1625 1
1669 1
1737 1
1789 1
1801 1
1885 1
1949 1
2081 1
2213 1
2221 1
2249 1
2257 1
2297 2
2349 1
2353 1
2357 1
2405 1
2581 1
2665 1
2693 1
2701 1
2705 1
2725 1
2789 1
2801 1
2809 1
2885 1
2929 1
3001 1
3133 1
3141 1
3145 1
3205 1
3209 1
3257 1
3265 1
3329 1
3373 1
3509 1
3677 1
3737 1
3757 1
3761 1
3769 2
3785 1
3805 2
4001 1
4105 1
4141 1
4153 1
4225 1
4253 1
4265 1
4321 1
4349 1
4481 1
4505 1
4625 1
4705 1
4709 1
4801 1
4869 1
4901 1
4985 1
5041 1
5057 1
5141 1
5165 2
5213 1
5245 1
5265 1
5317 1
5353 3
5365 1
5449 1
5513 2
5545 1
5585 2
5625 2
5629 1
5653 1
5669 1
5777 1
5785 1
5821 1
5857 1
5917 1
5941 1
6005 1
6065 1
6161 1
6173 1
6201 2
6205 1
6221 1
6273 1
6305 2
6389 1
6445 1
6525 1
6565 2
6737 1
6817 1
6857 1
6921 1
6949 1
6977 1
7013 1
7025 1
7137 1
7141 1
7145 1
7157 1
7209 1
7253 1
7261 1
7361 1
7369 1
7445 1
7501 1
7529 1
7541 1
7549 1
7565 1
7585 1
7625 1
7673 1
7685 1
7709 1
7745 1
7829 1
7837 1
7865 1
7933 1
7937 1
8109 1
8177 2
8245 1
8273 1
8285 1
8345 1
8353 1
8357 1
8461 1
8465 1
8473 1
8497 1
8653 1
8761 1
8821 1
8885 1
8941 1
8945 2
8957 1
9025 1
9041 1
9049 1
9089 1
9325 2
9333 1
9365 1
9425 1
9437 1
9441 1
9477 1
9613 1
9657 1
9661 1
9673 1
9677 1
9769 1
9805 1
9881 1
10009 2
10045 1
10125 1
10133 1
10145 1
10193 1
10205 1
10285 1
10301 1
10309 1
10333 1
10337 1
10397 1
10445 1
10525 3
10585 2
10609 1
10613 2
10657 1
10685 1
10693 1
10701 1
10705 1
10789 1
10817 1
10845 1
10865 1
10933 1
10937 1
11045 1
11057 1
11117 1
11169 1
11237 1
11281 1
11349 1
11357 1
11401 1
11413 1
11465 1
11645 1
11665 1
11689 1
11705 1
11713 1
11717 1
11785 1
11817 1
11821 1
11889 1
11897 1
11917 1
11981 1
12085 2
12125 1
12181 1
12185 1
12205 1
12221 2
12325 2
12337 1
12357 1
12421 1
12461 1
12469 1
12545 1
12629 1
12645 1
12697 1
12717 1
12745 1
12889 1
12893 1
12913 1
13001 1
13005 1
13185 1
13273 1
13289 1
13309 1
13345 2
13357 1
13381 1
13397 1
13481 1
13505 1
13565 1
13653 1
13669 1
13721 1
13725 2
13801 1
13837 1
13885 1
13925 2
13945 1
13977 1
14013 1
14045 1
14057 1
14065 2
14089 2
14177 1
14365 1
14369 1
14425 1
14449 1
14453 1
14517 2
14561 1
14625 1
14669 1
14701 1
14705 2
14713 1
14821 1
14845 1
14897 2
14945 2
14957 1
14965 1
14989 1
15005 2
15013 1
15017 1
15121 1
15125 1
15137 1
15145 1
15205 1
15305 2
15341 1
15577 2
15581 1
15633 1
15665 1
15725 2
15913 1
16001 1
16021 1
16033 1
16045 1
16061 1
16085 1
16145 1
16153 1
16217 1
16253 1
16265 1
16325 1
16385 1
16425 2
16609 1
16705 1
16805 1
16825 1
17001 1
17033 1
17053 1
17137 1
17153 2
17221 1
17245 1
17345 1
17357 1
17425 1
17433 1
17473 1
17485 1
17573 1
17585 1
17681 1
17725 1
17777 1
17789 1
17929 1
17945 1
17957 1
17977 1
18081 1
18217 1
18229 1
18245 1
18265 1
18281 1
18317 1
18413 1
18473 1
18505 1
18593 1
18605 1
18617 1
18625 1
18649 1
18729 1
18889 2
18945 1
19025 1
19045 2
19053 1
19237 1
19273 1
19457 1
19465 1
19501 1
19577 1
19633 1
19661 1
19669 2
19709 1
19721 1
19805 1
19825 1
19841 1
19865 1
19885 1
20077 1
20133 1
20165 1
20365 1
20417 2
20549 1
20621 1
20705 2
20905 1
21125 2
21205 1
21253 1
21257 1
21349 1
21361 1
21365 1
21393 1
21465 1
21605 1
21685 1
21789 2
21809 1
21845 1
21893 1
21925 1
21929 1
21997 1
22009 1
22013 1
22025 2
22037 2
22045 1
22201 1
22273 1
22277 1
22445 1
22601 1
22681 1
22725 1
22805 1
22865 1
22905 1
22941 1
22961 2
23013 1
23173 1
23225 1
23293 1
23369 1
23377 1
23413 1
23545 1
23553 1
23593 1
23689 1
23725 1
23729 1
23753 1
23797 1
23953 1
23977 1
24021 1
24029 1
24041 1
24157 1
24217 1
24245 2
24345 1
24361 1
24385 1
24401 1
24461 1
24481 1
24505 1
24565 2
24641 2
24649 1
24697 1
24705 1
24713 1
24737 1
24745 1
24793 1
24865 1
24949 1
24961 1
24973 1
25045 1
25049 1
25065 1
25085 1
25189 1
25281 1
25285 2
25313 1
25345 1
25505 1
25549 1
25733 1
25741 1
25765 1
25769 1
25841 1
25925 1
25961 1
26237 1
26245 1
26281 1
26401 1
26469 2
26485 1
26533 1
26741 1
26825 2
26833 1
27009 1
27045 1
27053 1
27121 1
27149 2
27205 1
27229 1
27329 1
27425 1
27437 1
27565 1
27693 1
27725 1
27757 1
27773 1
27785 1
27869 1
28009 1
28037 1
28085 1
28201 1
28249 1
28277 1
28345 1
28521 1
28565 1
28593 1
28645 1
28873 1
28885 2
28925 1
29097 1
29105 1
29125 1
29285 1
29353 1
29725 1
29817 1
29945 1
30141 1
30193 1
30213 1
30233 1
30277 1
30357 1
30377 1
30517 2
30545 1
30553 1
30589 1
30605 1
30637 1
30825 1
30853 1
30865 1
31025 1
31057 1
31085 1
31201 1
31265 1
31385 1
31501 1
31513 1
31693 1
31805 1
31841 1
31997 1
32005 1
32045 1
32089 1
32125 1
32405 1
32409 1
32425 1
32625 1
32657 1
32733 1
32765 1
33001 1
33049 1
33065 2
33133 1
33161 1
33169 1
33205 1
33245 1
33337 1
33553 1
33613 1
33685 1
33921 1
34121 2
34261 1
34325 1
34337 1
34673 1
34745 1
34957 1
34969 1
35173 1
35249 1
35253 2
35261 1
35533 1
35649 1
35653 1
35705 1
35753 1
35953 1
35957 1
36097 1
36485 1
36541 1
36601 1
36621 1
36665 2
36877 1
36929 1
37049 1
37105 1
37141 1
37189 1
37269 1
37377 1
37529 1
37649 1
37657 1
37717 1
37757 1
37865 1
38025 1
38041 1
38069 1
38189 1
38417 1
38477 1
38509 1
38629 1
38785 1
38845 1
38953 1
38961 1
38977 1
39065 1
39253 1
39289 1
39357 1
39485 2
39505 1
39573 1
39701 1
39761 1
39857 1
40009 1
40045 1
40097 1
40105 1
40121 1
40165 1
40309 1
40405 1
40505 1
40573 1
40661 2
40725 1
40745 1
40837 1
40941 1
41093 1
41105 1
41389 1
41497 1
41693 2
41845 1
41873 1
41993 1
42137 1
42197 1
42325 1
42349 1
42517 1
42777 1
42885 1
42993 1
43009 1
43105 1
43289 1
43345 1
43429 1
43489 1
43625 1
43657 1
43693 1
43801 1
43825 1
43913 1
44109 1
44225 3
44249 1
44285 1
44533 1
44557 1
44701 1
44713 2
44721 1
44865 1
44993 1
45025 1
45065 1
45169 1
45281 1
45305 1
45325 1
45329 1
45361 1
45509 1
45545 1
45805 1
45949 1
46285 1
46405 1
46421 1
46429 1
46561 1
46693 1
46709 1
46881 1
47017 1
47221 1
47349 1
47441 1
47473 1
47889 1
48121 1
48281 1
48421 1
48425 1
48501 1
48569 1
48861 1
48985 1
49237 1
49393 1
49465 1
49477 1
49481 1
49489 1
49689 1
49697 1
49813 1
49897 1
49909 1
49925 1
50137 1
50265 1
50357 1
50373 1
50465 1
50509 1
50549 1
50605 1
51409 1
51425 1
51917 1
52037 1
52081 1
52133 1
52205 3
52273 1
52453 1
52709 1
52993 1
53021 1
53065 1
53125 1
53145 1
53549 1
53617 1
53849 1
54013 1
54045 2
54333 1
54437 1
54893 1
55021 1
55045 1
55213 1
55585 1
55709 1
55793 1
55829 1
55845 1
56477 1
56585 1
56597 1
56773 1
56933 1
57185 1
57245 1
57933 1
58545 1
59193 1
59245 1
59281 1
59305 1
59749 1
59849 1
60521 1
60545 1
61013 1
61549 1
61585 1
61829 1
62045 1
62617 1
62989 1
63017 1
63065 1
63073 1
63193 1
63205 1
63409 1
63937 1
64121 1
64217 1
64633 1
64637 1
64729 1
65749 1
66089 1
66245 1
66457 1
66537 1
67761 1
67825 1
68029 1
68125 1
68245 1
68445 1
68945 1
69953 1
70121 1
70373 1
70805 1
71129 1
71513 1
71905 1
72161 1
72433 1
72493 1
72613 1
73049 1
73133 1
73205 1
73673 1
74153 2
74545 1
74645 1
75101 1
76921 1
77129 1
78125 1
78277 1
78329 1
78473 1
79525 1
81045 1
82025 1
83341 1
84821 1
85165 1
85545 1
85761 1
85933 1
90509 1
90569 1
91625 1
93145 1
94741 1
95965 1
98345 1
98965 1
99985 1
101065 1
102233 1
103241 1
105365 1
109633 1
115961 1
125425 1
131665 1
134741 1
138233 1
140773 1
144513 1
