N J h mean_R_sq err_mean_R_sq mean_R_gyr_sq err_mean_R_gyr_sq 
3600 1.31 0 40943.4 1963.33 6077.01 275.254
225 1
325 1
401 1
409 1
421 1
585 1
953 1
965 1
1201 1
1241 1
1465 1
1521 1
1557 1
1609 1
2009 1
2025 1
2057 1
2165 1
2377 1
2393 1
2437 1
2465 1
2529 1
2557 1
2657 1
2665 2
2785 1
2801 1
2929 1
2965 1
3025 1
3037 1
3085 1
3133 1
3305 1
3529 1
3541 1
3625 1
3653 1
3737 1
3793 1
3917 1
4045 1
4105 1
4181 1
4201 1
4421 2
4469 1
4517 1
4633 1
4685 1
4693 1
4721 1
4729 1
4797 1
4869 1
4889 2
4933 1
5045 1
5057 1
5125 1
5141 1
5165 1
5341 1
5345 1
5837 1
5849 1
5989 1
6025 1
6205 1
6409 1
6425 1
6521 1
6641 1
6905 1
7105 1
7141 2
7165 1
7225 1
7345 1
7393 1
7433 1
7605 1
7625 1
7745 2
7801 1
7817 1
7985 1
8033 1
8325 1
8333 1
8473 1
8485 1
8541 2
8585 1
8605 1
8801 1
8905 1
8957 1
9109 1
9161 1
9281 1
9305 1
9469 1
9505 1
9521 1
9529 1
9533 1
9605 2
9809 1
9857 1
9865 1
9881 1
9949 1
10057 1
10121 1
10309 2
10337 1
10361 1
10413 1
10421 1
10501 1
10525 1
10529 1
10597 1
10685 1
10825 1
10865 1
10961 3
10985 1
11041 1
11185 1
11197 1
11225 2
11281 1
11317 1
11401 1
11425 1
11449 1
11521 1
11705 1
11713 1
11745 1
11777 1
11905 1
11909 1
11925 1
11941 1
12113 1
12149 2
12233 1
12249 1
12329 1
12357 2
12689 1
12769 1
12773 1
13045 1
13049 1
13117 1
13121 1
13141 1
13217 1
13225 2
13345 1
13369 1
13457 1
13469 1
13505 1
13525 1
13553 2
13577 1
13637 1
13681 1
13697 1
13765 1
13817 1
13925 1
13945 1
13957 1
14065 1
14089 1
14153 1
14173 1
14225 1
14281 1
14285 1
14365 1
14485 1
14501 1
14521 1
14653 1
14661 1
14845 2
15061 1
15101 1
15125 1
15133 1
15145 1
15229 1
15317 1
15337 1
15349 1
15489 1
15625 2
15769 1
15885 1
15977 1
16033 1
16045 1
16081 1
16133 1
16189 1
16393 1
16405 1
16525 2
16577 1
16645 1
16649 1
16661 1
16705 1
16781 3
16829 1
16865 1
16981 1
17009 1
17057 1
17069 1
17165 1
17217 2
17225 1
17245 1
17261 1
17285 1
17401 1
17433 1
17561 1
17597 1
17705 1
17797 1
17849 1
17945 1
17977 1
18065 1
18081 1
18149 1
18265 1
18313 1
18325 1
18473 2
18477 1
18497 1
18545 1
18737 1
18761 1
18785 1
18853 1
18917 1
19081 1
19105 1
19125 1
19253 1
19269 1
19277 1
19345 1
19409 1
19417 1
19465 1
19573 1
19601 1
19709 1
19825 1
19897 1
19925 1
19961 1
19981 1
19993 1
20101 1
20161 1
20173 1
20225 2
20285 1
20313 1
20453 1
20605 1
20725 1
20745 1
21005 1
21025 3
21041 2
21089 1
21141 1
21145 1
21149 1
21205 1
21221 1
21305 1
21361 1
21605 1
21609 2
21745 1
21785 1
22013 1
22045 1
22185 1
22201 1
22237 1
22265 1
22345 1
22417 1
22509 1
22525 2
22529 1
22805 1
22817 1
22837 1
22865 1
22949 1
22997 1
23017 1
23125 1
23141 1
23153 1
23377 1
23393 1
23413 1
23585 1
23717 1
23725 1
23741 1
23805 1
23813 1
23825 1
23837 1
23885 2
23941 1
24021 1
24041 1
24077 1
24169 1
24181 1
24245 1
24413 1
24545 1
24565 1
24701 1
24745 1
24777 1
24917 1
24973 2
24989 1
25049 1
25073 1
25129 2
25181 1
25345 1
25605 1
25705 1
25717 1
25721 1
25765 1
25825 1
26077 1
26245 1
26329 1
26357 1
26393 1
26413 1
26513 1
26605 2
26713 1
26741 1
26813 1
26941 1
26945 1
27009 1
27053 2
27145 1
27245 1
27261 1
27521 1
27593 1
27613 1
27685 1
27829 2
27869 1
27877 1
27925 1
27953 1
27977 1
27985 1
28089 1
28125 2
28305 1
28333 1
28345 1
28381 1
28417 1
28465 2
28661 1
28685 1
28729 1
28793 1
28921 1
28989 1
29081 1
29185 1
29277 1
29285 1
29321 1
29429 1
29453 1
29461 1
29489 1
29717 1
29745 1
29837 1
29857 1
29905 1
29929 1
30005 1
30097 2
30277 1
30313 1
30389 1
30445 1
30469 1
30901 1
31033 1
31321 1
31373 2
31409 1
31417 1
31477 1
31517 1
31541 1
31637 1
31697 1
31705 1
31733 1
31805 1
31813 1
31853 1
31921 1
31945 1
32045 1
32105 1
32157 1
32161 1
32245 1
32297 1
32369 1
32409 1
32625 1
32701 1
32825 1
33137 1
33169 1
33305 1
33317 1
33337 1
33437 1
33445 1
33493 1
33525 2
33661 1
33785 1
34065 1
34085 1
34501 1
34541 1
34597 1
34605 1
34625 1
34709 1
34969 1
35165 1
35173 1
35225 1
35253 1
35269 1
35325 1
35381 1
35405 1
35449 1
35477 1
35525 1
35533 1
35649 2
35729 1
35873 1
35909 1
35957 1
36009 1
36205 1
36221 1
36305 1
36445 1
36625 1
36661 1
36725 3
36733 1
36865 1
37061 1
37085 1
37117 1
37189 1
37265 1
37313 1
37321 1
37325 1
37357 1
37381 1
37397 1
37629 1
37637 1
37685 1
37805 1
37825 1
37993 1
38221 1
38293 1
38317 1
38365 1
38457 1
38705 1
38813 1
38825 1
38849 1
39049 1
39209 1
39217 2
39325 1
39401 1
39437 1
39481 1
39573 1
39581 1
39617 1
39681 1
39989 1
40045 1
40085 1
40221 1
40345 1
40385 1
40409 1
40493 1
40625 1
40661 1
40725 1
40745 1
40817 1
40897 1
40905 2
40925 1
41029 1
41093 1
41105 2
41161 1
41257 1
41281 1
41333 1
41345 1
41841 1
42029 1
42121 1
42165 1
42293 1
42341 2
42425 1
42457 1
42653 1
42705 1
42885 1
42965 1
43009 2
43037 1
43061 1
43425 1
43433 1
43441 1
43537 1
43553 1
43625 1
43697 1
43745 1
43825 1
43877 1
43933 1
43993 1
44105 1
44125 1
44221 1
44305 1
44325 1
44433 1
44525 1
44581 1
44785 1
44917 1
44945 1
45025 1
45029 1
45137 1
45301 1
45305 1
45349 1
46105 1
46225 1
46325 1
46421 1
46477 1
46549 1
46561 1
46637 2
46649 1
46925 1
46945 1
46957 1
46993 1
47237 1
47389 1
47485 1
47549 1
47665 1
47681 1
47821 1
47885 1
47921 1
47965 1
48025 1
48069 1
48229 1
48253 1
48265 1
48529 2
48569 1
48581 1
48617 1
48625 1
48689 1
48725 1
48745 1
48861 1
49297 1
49361 1
49409 1
49421 1
49509 1
49725 1
49765 1
49825 1
50005 2
50029 1
50297 1
50465 1
50629 1
51125 1
51157 1
51245 1
51593 1
51697 1
51885 1
52105 1
52225 1
52645 1
52685 1
52741 1
52825 1
52925 1
53125 1
53145 1
53201 1
53453 1
53465 1
53505 1
53569 1
53685 1
53693 1
53937 1
53969 1
54009 1
54029 1
54113 1
54541 1
54793 1
55021 1
55133 1
55189 1
55373 1
55597 1
55661 1
55709 1
55809 1
55865 1
55949 2
56137 1
56225 2
56305 1
56313 1
56425 1
56537 1
56653 1
56737 1
56825 1
57041 1
57565 1
57605 1
57985 1
58097 1
58145 1
58189 1
58405 1
58545 1
58777 1
59105 1
59113 1
59245 1
59449 2
59633 1
59837 1
59897 1
60041 1
60133 1
60229 1
60245 1
60281 1
60997 1
61505 1
61585 1
61645 1
61753 1
62033 1
62065 1
62345 1
62389 1
62417 1
62577 1
62621 1
62765 1
62973 1
63025 1
63145 1
63409 1
63445 1
63505 1
63601 1
63625 1
63725 1
63729 1
63749 1
63765 1
64021 1
64025 1
64033 1
64037 1
64165 1
64373 1
64597 1
64685 1
64805 1
65137 1
65273 1
65601 1
65641 1
65789 1
66573 1
66625 1
67225 1
67297 1
67477 1
67865 1
67973 1
68017 1
68185 1
68245 1
68357 1
68545 1
68693 1
69109 1
69313 1
69397 1
69565 1
69589 2
70061 1
70425 1
70445 1
70625 1
71053 1
71069 1
71077 1
71693 1
71857 1
72085 1
72101 1
72161 1
72217 1
72365 2
72505 1
72913 1
73125 1
73609 1
73705 1
73825 1
73973 1
73989 1
74113 1
74133 1
74421 1
74925 1
74981 1
75105 1
75245 1
75321 1
75409 1
75433 2
75825 1
75961 1
76253 1
76621 1
76925 1
77093 1
77249 1
77677 1
77885 1
78053 1
78205 1
78325 1
78449 1
79349 1
79505 1
80225 1
80361 1
80545 1
80873 1
80989 1
81425 1
81805 1
81821 2
81905 1
82433 1
82525 1
83065 1
83189 1
83225 1
83477 1
83525 1
83569 1
83745 1
83997 1
84033 1
84061 1
84133 1
84329 1
84781 1
84965 1
85073 1
85765 1
85849 1
87397 1
87413 1
87473 1
87529 1
87541 1
87797 1
88541 1
88633 1
88745 1
88929 1
88969 1
89365 1
89461 1
89505 1
89685 1
90457 1
90677 1
91089 1
91229 1
91577 1
91585 1
91717 1
91809 1
91953 1
92089 1
92129 1
92293 1
92525 1
93125 1
93545 1
94113 1
94261 1
94445 1
94697 1
94985 1
95593 1
96017 1
96237 1
96561 1
99241 1
99433 1
99985 1
100481 1
100813 1
100945 1
101653 1
101777 1
103933 1
105129 1
106405 1
106885 1
107213 1
108125 1
108925 1
109309 1
109325 1
109433 1
109565 1
110105 1
111005 1
111877 1
112817 1
112977 1
114185 1
114841 1
117793 1
118669 1
119353 1
121313 1
124049 1
125957 1
126045 1
128057 1
130153 1
130645 1
137925 1
143417 1
148961 1
159065 1
477529 1
490057 1
677641 1
