N J h mean_R_sq err_mean_R_sq mean_R_gyr_sq err_mean_R_gyr_sq 
4900 1.295 0 87683.5 13512.7 12711.6 1781.58
41 1
421 1
505 1
653 1
697 1
829 1
941 1
985 1
1165 1
1385 1
1753 1
2113 1
2125 1
2525 1
2593 1
2605 1
3061 1
3181 1
3445 1
3545 1
3677 1
3757 1
3973 1
4265 1
4537 1
4553 1
4705 2
4913 1
5437 1
5521 1
5965 1
6165 1
6253 1
6401 1
6761 1
6845 1
6893 1
6929 1
6949 1
7265 1
7297 1
7373 1
7585 1
7757 1
8125 1
8149 1
8273 1
8425 1
8429 1
8497 1
8693 1
8885 1
8905 1
9005 1
9217 1
9377 1
9409 1
9421 1
9833 1
10049 1
10057 2
10085 1
10237 1
10309 1
10453 1
10513 1
10817 1
10897 1
10953 1
11105 1
11117 1
11149 1
11237 1
11261 1
11345 1
11437 1
11493 1
11525 1
11677 1
11709 1
11965 1
12005 1
12105 1
12193 1
12337 1
12393 1
12461 1
12577 1
12721 1
12785 1
12997 1
13273 1
13285 1
13325 1
13549 1
13637 1
13817 1
13885 1
13925 1
13949 1
14125 1
14293 1
14625 1
14713 1
15165 1
15193 1
15241 1
15293 1
15545 2
15605 1
15613 1
15665 1
15725 1
15773 1
15805 1
15821 1
16145 1
16201 1
16241 1
16441 1
16465 1
16589 1
16825 1
17001 1
17209 1
17225 1
17377 1
17485 1
17681 1
17749 1
17901 1
17937 1
17973 1
18173 1
18229 1
18313 1
18413 1
18473 1
18889 1
19045 1
19097 1
19109 1
19337 1
19717 1
19925 1
20021 1
20313 1
20645 1
21017 1
21073 1
21213 1
21473 1
21673 1
22025 1
22049 1
22313 1
22721 1
22765 1
22877 1
22921 1
23165 1
23185 1
23337 1
23413 1
23417 1
23965 1
24001 1
24161 1
24245 1
24625 2
25009 1
25073 1
25205 1
25209 1
25297 1
25325 1
25337 1
25345 1
25381 1
25457 1
25693 1
25705 1
25937 1
26189 1
26269 1
26333 1
26361 1
26605 1
26645 1
26777 1
26825 2
26965 1
26977 1
26981 1
27045 1
27145 1
27353 1
27365 1
27425 1
27625 1
27725 1
27733 1
27737 1
27981 1
28305 1
28449 1
28505 1
28781 1
28817 1
28909 1
29053 2
29245 1
29305 1
29401 1
29485 1
29549 1
29933 1
30125 1
30197 1
30425 1
30673 1
30817 1
30893 1
31037 1
31049 1
31225 1
31265 2
31285 1
31301 1
31585 1
31637 1
31741 1
31841 1
31937 1
32149 1
32321 1
32621 1
32749 1
32841 1
32957 1
33137 1
33173 1
33245 1
33461 1
33517 1
33553 2
33805 1
34033 1
34085 1
34213 1
34225 1
34429 1
34597 1
34945 1
35081 1
35225 1
35689 1
35865 1
36065 1
36109 1
36185 1
36297 1
36445 1
36605 1
36829 1
36965 1
37165 1
37285 1
37397 1
37445 2
37505 2
37777 1
37865 1
37885 1
37921 1
38069 1
38365 1
38417 1
38509 1
38693 1
38749 1
39033 1
39065 2
39181 1
39357 1
39581 1
39593 1
39645 1
39733 1
39817 1
39833 1
39869 1
39925 1
40025 1
40045 1
40105 1
40129 1
40157 1
40437 1
40725 1
40853 1
40993 1
41057 1
41189 1
41197 2
41225 1
41245 1
41425 3
41557 1
42473 1
42809 1
42949 1
43273 1
43525 1
43625 1
44001 1
44181 1
44197 1
44325 1
44417 1
44425 2
44465 1
44705 1
44749 1
44757 1
45097 1
45145 1
45497 1
45513 1
45557 1
45565 1
45569 1
45769 1
45917 1
46045 1
46777 1
46917 1
46945 1
47125 1
47153 1
47165 1
47205 1
47221 1
47237 1
47249 1
47317 2
47473 1
47745 1
47873 1
47885 1
48025 1
48149 1
48221 1
48265 1
48533 1
48613 1
48749 1
48753 1
48865 1
48989 1
49081 1
49185 1
49361 1
49405 1
49725 1
49769 1
49789 1
49905 1
50137 2
50245 1
50285 1
50405 1
50441 1
50625 1
50665 1
50941 1
50949 1
51157 1
51605 1
51649 1
51685 1
51701 1
51857 1
52033 1
52133 1
52229 1
52301 1
52385 1
52425 1
52441 1
52513 1
52765 1
52897 1
52925 1
52981 1
53225 2
53341 1
53545 1
53569 2
53617 1
54085 1
54133 1
54233 1
54353 2
54521 1
54665 1
54785 1
55129 1
55193 1
55305 1
55369 1
55585 1
55597 1
55801 1
55981 1
56125 1
56381 1
56425 1
56713 1
56909 1
57325 1
57605 1
57853 1
57913 1
57929 1
58357 1
58537 1
58721 1
58829 1
58837 1
59105 1
59341 1
59517 1
59581 1
59725 1
59905 1
60125 1
60197 2
60413 1
60457 1
60545 1
60737 1
60905 1
61013 1
61025 1
61277 1
61353 1
61625 1
61685 1
61745 1
61837 1
62477 1
62725 1
62761 1
62893 1
63005 1
63025 1
63297 1
63325 1
63401 1
63509 1
63713 1
63725 1
63761 1
63837 2
63865 1
63937 1
64025 1
64237 1
64525 1
64549 1
64601 1
64633 1
65245 1
65777 1
66125 1
66265 1
66305 1
66321 1
66445 1
66589 1
66833 1
66889 1
67061 1
67385 1
67401 1
67405 1
67409 1
67525 1
67609 1
67681 1
67817 1
67865 1
67937 1
68029 1
68121 1
68441 1
68693 1
68697 1
68905 1
68909 1
68965 1
69005 1
69145 1
69329 1
69425 1
69485 1
69581 1
69661 1
69885 1
70209 1
70837 1
71065 1
71089 1
71125 1
71149 2
71285 1
71293 2
71605 1
71773 1
71785 1
71833 1
71941 1
71965 2
72125 1
72185 1
72265 1
72301 1
72337 1
72433 1
72493 1
72769 1
72773 1
72833 1
72945 1
73225 1
73385 1
73805 1
73973 1
74033 1
74205 1
74725 1
74849 1
75569 1
75589 1
75701 1
75737 1
75901 1
76081 1
76221 1
76537 1
76645 1
76885 2
76957 1
77129 1
77269 1
77401 2
77417 1
77485 2
77645 1
77665 1
77845 1
78473 1
78557 1
78625 1
78761 1
78809 1
78989 1
79573 1
79861 1
80513 1
80613 1
80725 1
80765 1
80849 1
81209 1
81517 1
81965 1
82233 1
82381 1
82385 1
82737 1
82825 1
82969 1
83065 1
83525 1
83569 1
83665 1
83837 1
83845 1
83925 1
84005 1
84089 1
84169 1
84349 1
84461 1
84541 1
84625 1
84713 1
85069 1
85345 1
85825 1
85829 1
85897 1
85949 1
86101 1
86357 1
86437 1
86681 1
86729 1
87061 1
87085 1
87209 1
87445 1
87525 1
87705 1
87805 1
87809 1
87985 1
88681 1
88789 1
88885 1
89081 1
89213 1
89245 1
89305 1
89561 1
89577 1
89645 1
89693 1
89905 1
90053 1
90077 2
90205 1
90549 1
90557 1
90593 1
90617 1
90977 1
91621 1
91825 1
91873 1
91925 1
91953 1
92537 1
92677 1
92801 1
92977 1
93301 1
93305 1
94301 1
94357 1
94393 1
94505 1
95153 1
95265 1
95465 1
95489 1
95693 1
95801 1
95805 1
96013 1
96065 1
96241 1
96245 1
96329 1
96637 1
96857 1
96889 1
97085 1
97325 1
97705 1
97765 1
97873 1
97877 1
97969 1
98033 1
98073 1
98125 1
98293 1
98397 1
98433 1
98741 1
99277 1
99685 1
99801 1
100521 1
100645 1
100745 1
100805 1
101025 1
101065 1
101761 1
101785 1
102101 1
102645 1
102877 1
103325 1
103429 1
103465 1
103573 1
104117 1
104229 1
104365 1
104837 1
105001 1
105097 1
105309 1
105437 1
105445 1
105625 2
105701 1
105821 1
105901 1
106065 1
106109 1
106441 1
106625 1
106781 1
107269 1
107309 1
107773 1
108113 1
108117 1
108121 1
108217 1
108293 1
108341 1
108373 1
108397 1
109017 1
109069 1
109217 1
110021 1
110105 1
110413 1
110465 1
110717 1
111065 1
111233 1
111269 1
111385 1
111725 1
112433 1
112545 1
112645 1
113381 1
113749 1
113977 1
114145 1
114193 1
114277 1
114377 1
114493 1
114677 1
114805 1
115105 1
115169 1
115565 1
115685 1
116125 1
116593 1
117457 1
117665 1
117673 1
117697 1
117945 1
118253 1
118325 1
118453 1
119101 1
119921 1
120377 1
120465 1
120581 1
120781 1
121145 1
121249 1
121685 1
121829 1
121941 1
122009 1
122165 1
122281 1
122653 1
122741 1
122941 1
123125 1
123245 1
123265 1
123457 1
123757 1
124009 1
124525 1
124533 1
124805 2
124921 1
124981 1
125425 1
125485 1
125749 1
125945 1
126053 1
126349 1
126725 1
126801 1
126869 1
127093 1
127189 1
128617 1
128673 1
129013 1
129869 1
130153 1
130193 1
130205 1
130817 1
131165 1
131473 1
132421 1
132425 1
132485 1
132545 1
133025 1
133081 1
133109 1
133157 1
133261 1
133325 1
133457 1
133757 1
134081 1
134353 1
134405 1
134705 1
134833 1
135045 1
136445 1
138661 1
138925 1
141109 1
142069 1
142129 1
142181 1
142493 1
142605 1
142733 1
143041 1
143117 1
143881 1
143893 1
144157 1
144833 1
145225 1
145489 1
146369 1
147625 1
148013 1
148525 1
148697 1
149561 1
150025 1
150361 1
150565 1
150709 1
151065 1
151117 1
151385 1
151625 1
151885 1
152245 1
152249 1
152473 1
152953 1
153221 1
153281 1
153485 1
153517 1
155125 1
155389 1
155753 1
156293 1
157489 1
157673 1
158065 1
158561 1
159053 1
159769 1
160109 1
160285 1
160625 2
160929 1
162985 1
164057 1
164713 1
165229 1
165425 1
165637 1
166081 1
166141 1
166225 1
167229 1
167309 1
168449 1
168901 1
171485 1
172133 1
172409 1
175537 1
175909 1
177017 1
177777 1
178569 1
179413 1
180965 1
183725 1
187393 1
187713 1
189125 1
189625 1
190697 1
193321 1
193849 1
194885 1
195565 1
195725 1
195957 1
196877 1
197833 1
197965 1
198425 1
200633 1
204997 1
205461 1
206109 1
206973 1
207145 1
210825 1
212977 1
213229 1
213305 1
214425 1
215905 1
216109 1
217753 1
218881 1
222557 1
223985 1
227825 1
229585 1
234253 1
234769 1
237949 1
245785 1
255613 1
264125 1
285237 1
292757 1
485585 1
569725 1
798745 1
1065737 1
1646285 1
1709117 1
1959137 1
2172725 1
2697005 1
