N J h mean_R_sq err_mean_R_sq mean_R_gyr_sq err_mean_R_gyr_sq 
2916 1.307 0 31416.7 1801.93 4624.9 243.4
157 1
317 1
365 1
485 1
533 1
569 1
653 1
761 1
845 1
901 1
981 1
997 1
1165 2
1225 1
1261 2
1277 1
1305 1
1321 1
1325 1
1469 1
1585 1
1649 1
1693 1
1753 1
1885 2
2045 1
2105 1
2153 1
2225 2
2425 2
2465 1
2477 1
2621 1
2741 1
2797 1
2861 1
2941 1
2965 1
3137 1
3145 1
3265 1
3321 1
3329 1
3349 1
3469 1
3505 1
3609 1
3653 1
3701 1
3737 1
3761 2
3833 1
3865 1
3893 1
3897 1
3965 1
4105 2
4165 1
4225 1
4273 1
4321 2
4325 3
4369 1
4481 1
4505 1
4573 1
4761 1
4805 2
4825 1
4901 1
4905 2
4909 1
4981 1
5017 1
5021 1
5189 1
5245 1
5341 1
5365 1
5477 1
5501 1
5517 1
5617 1
5629 1
5813 1
5945 1
5993 1
6137 1
6197 1
6205 2
6217 1
6221 1
6305 1
6341 1
6581 1
6605 1
6637 1
6653 1
6705 1
6737 1
6757 1
6773 1
6845 1
6865 2
6869 1
6893 1
6925 1
7085 1
7265 1
7309 1
7345 1
7373 1
7501 1
7529 1
7549 1
7585 1
7673 1
7685 1
7745 1
7769 1
7817 1
7825 1
7857 1
7865 1
8117 1
8177 1
8245 1
8293 1
8325 2
8353 1
8357 1
8577 1
8585 1
8593 1
8605 1
8629 1
8653 1
8665 1
8725 1
8801 1
8861 1
8885 1
8957 1
9113 1
9137 1
9173 1
9305 1
9397 1
9445 1
9685 1
9721 1
9725 2
9797 1
9801 1
9809 1
9817 2
9857 1
9865 1
9997 1
10001 1
10053 1
10057 1
10125 2
10169 1
10201 1
10205 1
10397 1
10457 1
10589 1
10625 2
10777 1
10789 1
10861 1
10889 1
10957 1
10985 1
11009 2
11065 1
11093 1
11105 1
11125 1
11173 1
11213 1
11221 1
11225 1
11241 1
11345 1
11357 1
11365 1
11525 1
11545 1
11597 1
11629 1
11657 1
11673 1
11677 1
11689 1
11729 1
11861 1
11881 1
11969 1
12013 1
12105 1
12157 1
12193 1
12197 1
12241 1
12253 1
12269 1
12277 1
12325 1
12329 1
12337 1
12349 1
12385 2
12409 1
12457 1
12653 1
12665 1
12725 2
12773 2
12905 1
12937 1
12961 1
12973 1
13085 1
13105 1
13109 1
13117 2
13141 1
13169 2
13241 1
13249 1
13253 1
13325 1
13329 1
13381 1
13429 1
13441 1
13537 1
13553 1
13613 2
13781 1
13789 1
13793 2
13941 1
13977 1
14005 1
14065 2
14085 1
14197 1
14265 1
14389 1
14501 1
14549 1
14625 1
14657 1
14689 1
14785 1
14825 1
14933 2
14969 1
15025 1
15049 1
15145 1
15229 1
15269 1
15385 2
15625 1
15725 1
15805 1
15821 1
15921 3
16021 1
16025 1
16069 1
16081 1
16085 1
16109 1
16133 2
16201 2
16245 1
16285 1
16333 1
16405 2
16433 1
16501 2
16601 1
16641 1
16673 1
16693 1
16745 1
16781 1
16825 1
16945 1
17001 1
17009 1
17077 1
17093 1
17225 1
17357 1
17425 1
17485 2
17593 1
17597 1
17705 1
17741 1
17901 1
17937 1
18005 1
18037 2
18041 1
18045 1
18065 1
18125 2
18185 1
18225 1
18229 2
18241 1
18265 1
18341 1
18385 1
18473 1
18505 1
18513 1
18625 1
18629 1
18649 1
18721 1
18785 1
18805 1
18833 1
18853 1
18873 1
18989 1
19025 1
19105 1
19125 1
19133 1
19165 1
19181 1
19253 1
19277 2
19309 1
19325 1
19345 1
19433 1
19625 1
19645 1
19697 1
19717 1
19721 1
19753 1
19897 1
19917 1
19961 1
19973 1
19981 2
19993 1
20129 1
20201 1
20205 1
20285 1
20329 1
20525 1
20557 1
20605 2
20617 2
20681 1
20689 1
20737 1
20785 1
20929 1
21017 1
21073 1
21221 1
21305 1
21325 2
21433 1
21437 1
21449 1
21509 1
21533 1
21601 1
21605 1
21645 2
21941 1
22045 1
22217 1
22261 1
22397 1
22417 1
22433 1
22529 1
22613 1
22685 1
22777 1
22789 1
22873 1
22945 1
22993 1
22997 1
23049 1
23113 1
23125 1
23165 1
23185 1
23257 1
23285 1
23337 2
23341 1
23393 1
23569 1
23581 1
23605 1
23657 1
23725 1
23761 1
23797 1
23813 1
23885 2
23941 1
23945 1
23977 1
23981 1
23985 1
24125 1
24157 1
24505 1
24533 1
24565 1
24665 1
24785 1
24797 2
24901 1
24905 1
24961 1
24965 1
25009 2
25133 1
25225 1
25253 1
25285 1
25309 1
25317 1
25433 1
25477 1
25493 1
25505 1
25525 1
25605 1
25649 2
25733 1
25777 1
25849 1
25877 1
25913 1
26017 1
26129 1
26141 1
26225 1
26585 1
26725 1
26825 1
26965 1
26989 1
27017 1
27161 2
27205 1
27245 1
27297 1
27333 1
27425 1
27529 1
27605 1
27625 2
27809 2
27829 2
28057 1
28121 1
28197 1
28205 1
28229 1
28305 2
28373 1
28417 1
28537 1
28561 1
28629 1
28645 1
28649 1
28729 1
28753 1
28789 1
28885 1
28949 1
29041 1
29045 1
29057 1
29065 1
29081 1
29097 1
29189 1
29273 1
29277 1
29321 1
29345 1
29405 1
29585 1
29665 2
29669 1
29705 1
29753 2
29765 1
29809 1
29817 1
29945 1
30069 1
30185 1
30413 1
30425 1
30469 1
30537 2
30685 2
30725 1
30825 1
30929 1
31221 1
31249 1
31265 1
31313 1
31333 1
31337 1
31365 1
31421 1
31505 1
31697 1
31753 1
31781 1
31869 1
32157 1
32233 1
32245 1
32389 1
32449 1
32485 1
32525 1
32597 1
32717 1
32801 1
32869 1
32929 1
33073 1
33109 2
33129 1
33205 1
33349 1
33377 1
33437 1
33469 1
33565 1
33917 1
33977 1
34349 1
34469 1
34649 1
34709 1
34717 1
34745 1
34805 1
34929 1
34945 1
34949 1
35005 1
35081 1
35089 1
35177 1
35197 1
35209 1
35225 1
35361 1
35369 1
35453 1
35641 1
35653 1
35685 1
35705 2
35729 1
35737 1
35785 1
35825 1
35837 1
35921 1
36045 1
36065 1
36149 1
36181 1
36397 1
36569 1
36733 1
36857 1
36881 1
36985 1
36997 1
37089 1
37265 1
37325 1
37397 1
37409 1
37481 1
37537 1
37585 1
37629 1
37693 1
37817 1
37877 1
37945 1
38113 1
38125 1
38273 1
38293 1
38405 1
38509 1
38641 1
38889 1
38897 1
38909 2
39065 2
39101 1
39185 1
39229 1
39313 1
39385 1
39469 1
39493 3
39505 1
39833 1
40045 1
40049 1
40077 1
40085 1
40097 1
40129 1
40141 1
40229 1
40501 1
40505 1
40589 1
40745 1
40777 1
40781 1
40801 1
40833 2
40877 2
41165 2
41309 1
41389 1
41405 1
41425 1
41585 1
41785 1
41861 1
41869 1
41885 1
42057 1
42061 1
42101 1
42125 1
42365 1
42401 1
42473 1
42653 2
42685 1
42701 1
42705 1
42821 1
42857 1
42865 2
42881 1
42925 1
42953 1
43061 1
43133 1
43165 1
43173 1
43277 2
43289 1
43489 1
43525 1
43685 2
43793 1
43937 1
44125 1
44217 1
44285 1
44461 1
44525 1
44557 1
44573 2
44721 1
45025 1
45125 1
45305 2
45481 1
45521 1
45545 1
45553 1
45565 1
45585 1
45785 1
45841 1
45905 1
46105 1
46177 1
46261 1
46405 1
46633 1
46657 1
46685 1
46709 2
46825 1
47021 1
47045 1
47057 1
47281 1
47617 1
47673 1
47693 1
48161 1
48217 1
48281 1
48285 1
48449 1
48589 1
48625 2
48749 1
48841 1
49117 1
49601 1
49725 1
50221 1
50269 1
50273 1
50285 1
50305 1
50609 1
50725 1
50905 1
51005 1
51169 1
51245 1
51401 1
51413 1
51461 1
51545 2
51561 1
51741 1
51921 1
52105 2
52153 1
52265 1
52281 1
52357 1
52597 1
52685 1
53145 1
53509 1
53617 1
53633 1
53665 1
54205 1
54477 1
54557 1
54577 1
54665 1
54781 1
55021 1
55241 1
55285 1
55301 1
55621 1
55625 1
55981 1
56117 1
56153 1
56293 1
56457 1
56569 1
56853 1
56965 1
57465 1
57485 1
57545 1
57565 1
57677 1
57697 1
57917 1
57965 1
58085 1
58145 1
58525 1
58753 1
58889 1
58969 1
58981 2
59449 1
60013 1
60065 2
60089 1
60565 1
61181 1
61493 1
62045 1
62105 1
62345 1
62509 1
62789 1
62801 1
63101 1
63193 1
64121 1
64165 1
64181 1
64205 1
64349 1
64409 1
64881 1
64969 1
64997 1
65169 1
65201 1
65273 1
65413 1
65497 1
65509 1
65581 1
65717 1
65897 1
66141 1
66145 1
66265 1
66625 1
66753 1
66833 1
66845 1
67049 1
67745 1
67761 1
68209 1
68225 1
68825 1
68933 1
69001 1
69133 1
69589 1
72953 1
73157 1
73505 1
73525 1
73673 1
73993 1
74885 1
74929 1
75161 1
75321 1
75665 1
76997 1
77225 1
77405 1
77741 1
77905 1
78013 1
78961 1
79645 1
80677 1
81045 1
81265 1
81533 1
81713 1
82017 1
82105 1
83953 1
84141 1
84545 1
85433 1
85765 1
86633 1
90325 1
91825 1
92273 1
92461 1
92709 1
93145 1
93749 1
95957 1
96421 1
96517 1
97177 1
97421 1
97585 1
104813 1
106277 1
107005 1
108113 1
111841 1
112813 1
114901 1
115685 1
119533 1
119857 1
120661 1
121469 1
126565 1
146285 1
146417 1
147845 1
379521 1
387725 1
