N J h mean_R_sq err_mean_R_sq mean_R_gyr_sq err_mean_R_gyr_sq 
1600 1.268 0 17196.8 619.382 2544.74 39.1355
0 3
1 7
2 10
3 6
4 3
5 6
6 7
7 9
9 6
10 7
11 6
12 8
13 8
14 7
15 7
16 6
17 4
18 9
19 9
20 6
21 8
22 9
23 4
24 6
25 10
26 4
27 6
28 8
29 8
30 9
31 6
32 4
33 9
34 6
35 4
36 8
37 8
38 4
39 6
40 12
41 9
42 7
43 7
44 5
45 6
46 4
47 4
48 5
49 6
50 6
51 9
52 4
53 3
54 12
55 10
56 7
57 8
58 8
59 3
60 6
61 6
62 4
63 7
64 4
65 10
66 8
67 4
68 6
69 7
70 6
71 5
72 9
73 9
74 6
75 7
76 7
77 4
78 7
79 5
80 11
81 7
82 9
83 7
84 4
85 9
86 4
87 8
88 5
89 6
90 4
91 3
92 9
93 8
94 6
95 7
96 7
97 8
98 7
99 4
100 5
101 7
102 9
103 5
104 4
105 5
106 11
107 5
108 7
109 7
110 6
111 7
112 4
113 2
114 8
115 4
116 3
117 3
118 5
119 5
120 8
121 6
122 4
123 5
124 5
125 5
126 4
127 7
128 5
129 6
130 3
131 5
132 3
133 6
134 2
135 7
136 2
137 6
138 5
139 5
140 8
141 4
142 5
143 4
144 1
145 3
146 3
147 2
148 2
149 2
150 5
152 4
153 2
154 3
155 3
156 4
157 3
158 2
159 2
160 2
161 2
162 3
163 6
164 1
165 1
167 5
171 1
172 2
173 2
174 1
175 2
176 2
178 2
179 4
181 1
182 1
184 1
185 1
186 1
187 1
189 1
190 3
191 1
193 1
196 2
199 2
202 1
203 2
204 3
205 1
208 1
209 1
211 1
213 1
214 1
218 1
222 1
230 1
233 1
258 1
269 1
