N J h mean_R_sq err_mean_R_sq mean_R_gyr_sq err_mean_R_gyr_sq 
3600 1.265 0 60522.7 2326.96 8581.18 257.973
0 1
1 8
3 2
4 7
5 6
6 3
7 2
8 5
9 5
10 3
11 6
12 2
13 6
14 4
15 4
16 5
18 2
19 4
20 5
21 5
22 5
23 2
24 3
25 5
26 4
27 5
28 3
29 3
30 5
31 5
32 3
33 3
34 3
35 3
36 7
37 3
38 3
39 4
40 5
41 2
42 4
43 2
44 3
45 4
46 3
47 2
48 5
49 1
50 4
51 2
52 2
53 3
54 1
55 5
56 1
57 4
58 7
59 4
60 2
61 5
62 8
63 7
64 2
65 3
66 2
67 5
69 2
70 2
71 3
72 4
73 8
74 6
75 1
76 4
77 3
78 2
79 1
80 8
81 3
82 3
83 5
84 5
85 3
86 3
87 5
88 2
89 1
90 3
91 3
92 4
93 4
94 6
95 3
96 3
97 4
98 3
99 1
100 1
101 2
102 2
103 3
104 3
105 3
106 5
107 5
108 4
109 5
110 3
111 5
112 3
113 1
114 2
115 4
116 4
117 3
119 2
120 2
121 6
122 5
123 3
124 5
125 1
126 5
127 5
128 2
129 2
130 6
131 2
132 1
133 4
134 1
135 2
136 2
137 2
138 6
139 6
140 8
141 2
142 6
143 5
144 3
145 1
146 1
147 3
148 2
149 6
150 7
151 11
152 2
154 3
155 4
156 1
157 3
158 1
159 3
160 5
161 2
162 3
163 4
164 4
165 1
166 3
167 2
168 5
169 2
170 1
171 4
172 3
173 3
174 4
175 5
176 1
177 3
178 4
179 3
180 2
181 3
182 4
183 3
184 5
185 6
186 1
187 8
188 2
189 2
190 2
191 1
192 3
193 2
194 3
195 7
196 3
197 4
198 2
199 4
200 4
201 5
202 1
203 2
204 7
205 3
207 1
208 1
209 1
210 4
211 4
212 4
213 4
214 2
215 4
216 5
218 2
219 3
220 2
221 3
222 3
223 3
224 4
225 5
226 5
227 6
228 1
229 1
230 3
232 5
233 5
234 4
235 2
236 3
237 5
238 2
239 4
240 1
242 1
243 1
244 1
245 1
246 1
247 2
249 2
250 3
251 1
252 1
253 4
254 7
255 4
256 2
258 4
259 2
260 2
261 4
262 2
263 4
264 3
265 1
266 1
267 2
268 1
269 2
270 3
271 4
272 1
273 1
274 1
275 2
280 3
281 3
282 2
284 2
285 1
286 4
289 1
290 1
292 6
293 3
294 4
295 2
297 2
298 4
299 1
303 3
305 2
308 1
309 2
310 1
312 2
315 3
317 2
318 3
319 1
320 1
321 1
323 1
324 2
325 3
326 1
329 1
330 2
331 2
332 1
335 2
336 3
337 2
338 1
341 2
345 2
347 2
348 1
351 1
356 2
357 1
359 1
360 1
361 1
363 1
364 1
365 1
366 1
369 1
372 2
373 1
374 2
377 1
378 1
380 1
381 1
395 1
409 1
450 1
624 1
1025 1
