N J h mean_R_sq err_mean_R_sq mean_R_gyr_sq err_mean_R_gyr_sq 
2916 1.314 0 27764.3 1149.76 4233.58 132.055
0 3
1 5
2 8
3 10
4 5
5 3
6 5
7 6
8 3
9 8
10 3
11 7
12 3
13 4
14 4
15 11
16 9
17 1
18 6
19 8
20 15
21 3
22 9
23 6
24 7
25 3
26 3
27 5
28 11
29 8
30 5
31 10
32 4
33 9
34 5
35 2
36 7
37 3
38 4
39 1
40 5
41 4
42 9
43 7
44 6
45 9
46 8
47 2
48 5
49 6
50 3
51 9
52 8
53 5
54 7
55 4
56 6
57 7
58 3
59 8
60 3
61 9
62 9
63 9
64 5
65 5
66 3
67 7
68 6
69 9
70 2
71 4
72 6
73 10
74 4
75 5
76 9
77 5
78 2
79 10
80 7
81 3
82 7
83 1
84 2
85 7
86 1
87 6
88 5
89 6
90 8
91 4
92 3
93 4
94 7
95 5
96 5
97 2
98 7
99 2
100 3
101 1
102 8
103 6
104 4
105 4
106 3
107 6
108 9
109 5
110 5
111 5
112 7
113 3
114 7
115 5
116 3
117 4
118 9
119 5
120 7
121 10
122 4
123 6
124 5
125 4
126 4
127 7
128 5
130 4
131 3
132 4
133 3
134 2
135 3
136 3
137 5
138 6
139 3
140 2
141 2
142 2
143 4
144 3
145 4
146 4
147 5
148 6
149 3
150 4
151 4
152 1
153 8
154 7
155 3
156 4
157 10
158 4
159 2
160 4
161 1
162 3
164 2
165 4
166 2
167 3
168 1
169 1
172 1
173 1
174 1
175 1
176 4
177 2
178 2
179 3
180 3
181 2
182 2
183 2
184 2
185 5
186 2
187 3
188 4
189 4
190 4
191 1
193 1
194 2
195 3
196 3
197 3
198 2
199 2
200 4
202 1
204 1
205 2
206 1
207 2
208 1
209 1
210 4
211 2
212 4
214 4
215 1
216 2
217 3
218 2
219 2
221 2
222 2
224 2
227 2
231 3
232 2
234 1
235 1
240 1
245 1
247 1
252 1
258 1
263 1
264 1
265 1
266 1
268 1
272 1
273 1
277 1
278 1
279 1
282 1
284 1
286 1
291 1
320 1
340 1
367 1
