N J h mean_R_sq err_mean_R_sq mean_R_gyr_sq err_mean_R_gyr_sq 
1600 1.317 0 12008.1 321.533 1818.95 33.077
0 6
1 5
2 5
3 13
4 10
5 3
6 9
7 6
8 6
9 11
10 11
11 8
12 11
13 9
14 8
15 8
16 9
17 8
18 13
19 10
20 10
21 10
22 5
23 8
24 10
25 7
26 8
27 11
28 7
29 7
30 7
31 13
32 14
33 11
34 4
35 9
36 12
37 7
38 12
39 8
40 2
41 12
42 12
43 13
44 5
45 11
46 13
47 3
48 7
49 8
50 7
51 11
52 7
53 10
54 8
55 8
56 3
57 10
58 7
59 8
60 10
61 8
62 6
63 5
64 8
65 10
66 10
67 11
68 7
69 6
70 5
71 8
72 7
73 11
74 9
75 13
76 5
77 9
78 8
79 1
80 9
81 5
82 11
83 5
84 4
85 4
86 4
87 8
88 8
89 6
90 6
91 10
92 5
93 7
94 7
95 8
96 6
97 7
98 5
99 8
100 7
101 6
102 5
103 4
104 1
105 6
106 4
107 4
108 1
109 3
110 2
111 5
112 2
113 6
114 5
115 4
116 2
117 1
118 3
119 3
120 5
121 5
122 1
123 5
124 6
125 5
126 5
127 4
128 7
129 2
130 5
131 4
132 3
133 2
134 2
135 4
136 3
137 3
138 3
139 3
140 2
141 2
142 2
143 1
145 3
146 1
147 4
149 3
150 2
151 1
152 1
153 2
154 1
155 2
158 1
159 2
163 1
165 1
166 1
167 2
168 1
176 3
182 1
184 1
189 1
197 1
220 1
