N J h mean_R_sq err_mean_R_sq mean_R_gyr_sq err_mean_R_gyr_sq 
2500 1.3 0 27896.5 1992.99 4077.79 229.493
0 1
1 6
2 8
3 5
4 6
5 6
6 7
7 5
8 9
9 7
10 3
11 2
12 5
13 5
14 3
15 3
16 3
17 7
18 1
19 6
20 3
21 10
22 11
23 7
24 11
25 9
26 2
27 6
28 7
29 5
30 5
31 4
32 6
33 6
34 7
35 13
36 6
37 9
38 3
39 10
40 5
41 7
42 6
43 6
44 9
45 7
46 6
47 7
48 4
49 2
50 8
51 2
52 5
53 11
54 8
55 4
56 2
57 5
58 7
59 5
60 2
61 6
62 6
63 6
64 7
65 4
66 9
67 6
68 3
69 6
70 5
71 7
72 4
73 5
74 10
75 3
76 7
77 4
78 5
79 4
80 3
81 7
82 1
83 7
84 5
85 5
86 9
87 4
88 5
89 5
90 6
91 6
92 3
93 3
94 5
95 5
96 4
97 4
98 4
99 6
100 6
101 7
102 5
103 5
104 8
105 4
106 5
107 5
108 3
109 6
110 4
111 5
112 4
113 5
114 5
115 2
116 6
117 8
118 3
119 5
120 4
121 7
122 6
123 4
124 8
125 6
126 6
127 5
128 2
129 1
130 6
131 5
132 4
133 5
134 3
135 6
136 2
137 6
138 5
139 10
140 2
141 4
142 3
143 1
144 3
145 5
146 1
147 4
148 6
150 1
151 3
152 6
153 4
154 7
155 2
156 4
157 3
158 6
159 3
160 5
161 3
162 3
163 2
164 8
165 1
166 3
167 1
168 2
169 5
170 4
171 3
172 6
173 3
174 2
175 5
176 6
177 1
178 1
179 5
180 4
181 2
182 3
183 2
184 2
185 2
186 2
187 2
188 3
189 2
190 1
191 1
192 1
193 1
194 3
195 2
196 5
197 2
198 1
199 1
200 1
201 2
202 4
203 2
205 2
206 3
209 1
210 3
211 2
212 1
213 2
215 1
216 1
217 1
218 1
219 2
221 1
225 1
226 1
227 3
228 2
230 1
232 2
236 1
237 3
239 1
244 3
248 1
256 1
259 2
265 1
269 1
272 1
274 1
282 1
331 1
