N J h mean_R_sq err_mean_R_sq mean_R_gyr_sq err_mean_R_gyr_sq 
4900 1.305 0 83948.6 15523.1 12363.5 2372.02
0 1
1 3
2 1
3 3
4 1
5 9
6 4
7 4
8 4
9 4
10 3
11 7
12 5
13 4
14 7
15 2
16 4
17 5
18 3
19 3
20 5
21 4
22 6
23 3
24 3
25 6
26 3
28 5
29 4
30 2
31 2
32 5
33 5
34 5
35 4
36 6
37 3
38 5
39 2
41 5
42 3
43 3
44 2
45 3
46 6
48 1
49 3
50 5
51 6
52 3
53 3
54 5
55 4
56 6
57 6
58 8
59 3
60 2
61 3
62 4
63 5
64 2
65 3
67 3
68 5
69 1
71 3
72 3
73 6
74 2
75 7
76 3
77 2
78 4
79 1
80 3
81 4
82 5
83 6
84 2
85 3
86 1
87 6
88 4
89 4
90 7
91 2
92 4
93 9
94 2
95 3
97 4
98 4
99 4
100 1
101 1
102 4
103 7
104 3
105 4
106 3
107 8
108 4
109 4
110 3
111 2
112 3
113 4
114 2
116 4
117 3
118 7
119 6
120 3
121 2
122 3
123 5
124 3
125 6
126 2
127 1
128 4
130 1
131 3
132 6
133 3
134 4
135 1
136 2
137 3
138 4
139 3
140 2
141 5
142 7
143 3
144 3
145 2
146 4
147 2
148 3
149 2
150 4
151 4
152 2
153 4
154 3
155 3
156 4
157 3
158 1
159 3
160 2
161 1
162 3
163 3
164 1
165 4
166 6
168 4
169 1
170 7
171 5
172 6
173 2
174 2
175 2
176 2
177 2
178 4
179 2
180 5
181 5
182 1
183 3
184 2
185 2
186 6
187 4
188 4
189 3
190 5
191 4
192 3
193 2
194 4
195 2
196 5
197 1
198 3
199 7
200 1
201 3
202 4
203 5
204 4
205 5
206 3
207 4
208 2
209 4
210 2
211 3
212 3
213 4
214 3
215 1
216 2
217 3
218 3
219 4
220 3
221 4
222 1
223 3
224 1
225 2
227 3
228 4
229 4
230 1
231 3
232 2
233 2
234 5
235 3
236 3
237 4
238 4
239 4
240 2
241 5
242 1
243 3
244 5
245 1
247 1
248 1
249 5
250 3
253 3
254 3
255 6
257 1
258 5
259 1
260 1
261 1
263 1
264 1
265 3
266 1
268 3
269 2
270 1
271 1
272 1
273 1
274 1
275 2
276 3
277 2
278 2
279 1
280 3
281 1
285 3
286 3
287 1
288 2
289 1
291 2
292 1
293 2
294 3
297 1
298 2
300 1
301 1
302 1
303 2
304 1
305 1
308 3
310 2
311 1
313 1
314 1
318 1
319 1
321 1
323 2
324 3
326 2
327 1
329 1
330 1
335 1
336 2
338 3
339 2
340 1
341 1
344 1
345 1
348 1
350 2
352 1
353 2
354 1
355 1
356 2
359 2
360 1
361 2
362 1
363 1
367 1
370 1
371 1
372 2
374 1
375 1
376 1
377 2
378 1
381 1
384 2
387 3
389 2
393 1
398 1
399 1
406 1
407 1
410 1
418 1
431 1
433 1
457 1
467 1
469 1
479 1
