N J h mean_R_sq err_mean_R_sq mean_R_gyr_sq err_mean_R_gyr_sq 
4900 1.31 0 74646.4 8873.18 10700.6 1210.48
0 1
1 3
2 2
3 3
4 2
5 3
6 1
7 1
8 5
9 6
10 3
11 4
12 6
13 2
14 4
15 2
16 4
17 7
18 3
19 3
20 1
21 2
22 3
23 3
24 1
25 4
26 7
27 2
28 2
29 5
30 1
31 9
32 3
33 6
34 4
35 7
36 4
37 4
38 3
39 2
40 3
41 3
42 5
43 3
44 4
45 4
46 3
47 2
48 3
49 4
50 5
51 6
52 1
53 4
54 2
55 6
56 5
57 4
58 2
59 3
60 3
61 9
62 9
63 4
64 3
65 4
66 6
67 3
68 6
69 5
70 3
71 1
72 5
73 2
74 3
75 4
76 4
77 4
78 4
79 6
80 1
81 3
82 2
83 2
84 4
85 6
86 2
87 9
88 2
89 2
90 6
91 6
92 2
93 2
94 2
96 5
97 2
98 6
99 2
100 5
101 2
103 2
104 4
105 2
106 4
107 3
108 1
109 3
110 2
111 1
112 4
113 2
114 7
115 2
116 5
117 2
118 5
119 3
120 8
121 2
122 1
123 8
124 3
125 5
126 5
127 4
128 2
129 1
130 5
131 3
132 4
133 4
134 3
136 2
137 4
138 2
139 8
140 4
141 3
142 4
143 3
144 4
146 3
147 4
148 2
149 3
150 4
151 1
152 3
153 5
154 3
155 4
156 5
157 4
158 5
159 3
160 1
161 4
162 3
163 7
164 5
165 1
166 3
167 5
168 5
169 2
170 2
171 3
172 3
173 2
175 3
176 5
177 4
178 2
179 4
180 3
181 2
182 6
183 4
185 1
186 5
187 5
188 5
189 4
190 2
191 1
192 2
193 3
194 1
195 6
196 3
197 3
198 1
200 1
201 4
202 1
203 1
204 2
205 2
206 2
207 4
208 5
209 2
210 5
211 1
212 3
213 6
214 1
216 1
217 1
219 4
220 2
221 2
222 5
223 1
224 3
225 2
226 5
227 2
228 4
229 1
230 1
231 1
232 1
233 2
234 2
235 4
236 5
237 6
238 2
239 3
240 1
241 2
242 3
243 2
244 4
245 1
246 1
248 4
250 1
251 2
252 1
253 1
254 2
255 3
256 1
257 5
258 2
259 4
260 2
261 3
262 4
263 2
264 3
266 2
267 2
268 2
269 3
270 4
271 1
272 2
273 5
274 2
275 3
276 1
277 3
278 1
279 4
280 2
282 4
284 1
285 3
287 2
289 1
291 2
292 2
293 1
294 3
295 2
296 1
298 1
301 2
303 1
304 2
305 1
306 1
308 5
309 1
310 1
311 2
312 2
313 2
314 1
315 2
316 2
317 2
318 2
320 2
321 1
322 2
324 1
325 3
326 1
328 2
329 2
330 1
331 1
332 2
334 2
339 1
340 1
341 3
342 1
344 3
345 2
347 1
348 1
349 2
353 1
355 1
356 1
360 1
362 1
363 2
366 2
370 1
371 1
375 1
377 1
379 1
380 1
382 1
383 1
387 1
388 1
391 1
392 1
410 2
412 2
414 1
415 1
420 1
421 1
423 2
425 1
426 2
473 1
481 1
