N J h mean_R_sq err_mean_R_sq mean_R_gyr_sq err_mean_R_gyr_sq 
4900 1.29 0 77593.5 4869.4 11063.7 559.411
1 4
2 4
4 2
5 5
6 2
7 1
8 5
9 6
10 3
11 4
12 3
13 4
14 4
15 5
16 2
17 4
18 3
19 5
20 2
21 5
22 3
23 4
24 2
25 6
26 5
27 3
28 3
29 3
30 7
31 6
32 2
33 4
34 3
35 4
36 2
37 5
38 8
39 3
40 3
41 8
42 3
43 3
44 2
45 4
46 5
47 3
48 4
49 4
50 3
51 2
52 4
53 4
54 6
55 3
57 3
58 4
59 4
60 4
61 4
62 4
63 3
64 2
65 4
66 2
67 3
68 3
69 8
70 4
71 3
72 3
73 2
74 2
75 4
76 3
77 7
78 4
79 3
80 4
81 8
82 5
83 3
84 3
85 6
86 1
87 4
88 3
89 3
90 6
91 4
92 2
93 6
94 1
95 4
96 5
97 4
98 6
99 5
100 4
101 3
102 2
103 1
104 4
106 6
107 6
108 4
110 2
111 2
112 4
113 6
114 4
115 3
116 4
117 5
118 2
119 2
120 3
121 3
122 2
123 2
124 2
125 3
126 6
127 2
128 2
129 3
130 2
131 6
132 3
133 3
134 4
135 3
136 3
137 4
138 2
139 3
140 5
141 1
142 7
143 6
144 1
145 3
146 2
147 1
148 5
149 3
150 8
151 4
152 1
153 1
154 2
155 4
156 3
158 3
159 2
160 2
161 5
162 2
163 2
164 5
165 1
166 5
167 5
169 4
170 3
171 5
172 5
173 1
174 1
175 2
176 1
177 1
178 3
179 2
180 2
181 3
182 2
183 2
184 4
185 2
186 3
187 5
189 5
190 4
191 5
192 5
193 3
195 4
196 3
197 1
198 5
199 4
200 2
201 5
202 3
203 4
205 5
206 3
207 2
209 3
210 4
211 1
212 1
213 5
214 1
215 1
216 4
217 2
219 1
220 2
221 1
223 2
224 2
225 2
226 2
227 7
228 3
229 2
230 2
231 4
232 2
233 2
234 2
235 4
237 1
238 4
239 1
240 2
241 1
243 3
244 2
245 2
246 3
247 3
248 1
249 2
250 5
251 2
252 2
253 2
254 1
255 3
256 2
257 5
258 2
259 1
260 2
261 3
262 4
263 3
264 1
267 3
268 2
269 3
270 1
272 1
273 1
274 1
275 4
276 1
277 1
278 2
279 2
280 1
281 1
282 1
283 3
284 3
285 1
286 3
287 3
288 2
289 1
290 1
291 3
292 3
293 1
294 2
295 3
296 2
297 3
298 1
299 3
301 2
302 1
303 2
304 1
305 1
306 3
307 2
308 2
309 2
311 2
313 4
314 1
315 1
316 2
319 2
320 1
321 1
322 1
324 1
325 3
327 1
328 2
329 2
330 2
332 1
333 1
336 1
337 4
338 1
339 1
340 1
341 2
342 1
344 1
345 1
347 2
348 2
350 1
352 2
353 2
356 1
358 2
362 3
363 2
364 2
369 1
375 1
376 2
379 1
380 1
382 2
383 2
384 1
387 2
388 1
389 2
390 1
391 1
395 1
398 1
399 1
400 1
404 1
411 1
422 1
428 1
432 1
436 1
442 1
448 1
461 1
486 1
489 2
