N J h mean_R_sq err_mean_R_sq mean_R_gyr_sq err_mean_R_gyr_sq 
4900 1.27 0 103065 11472.4 14535.2 1655.82
0 1
1 7
2 3
3 3
5 2
6 2
7 4
8 1
9 3
10 3
11 2
12 3
13 2
15 3
16 3
17 2
18 5
19 1
20 3
21 3
22 1
23 1
24 3
25 1
26 3
27 4
28 1
29 2
30 1
31 3
32 2
33 6
34 3
35 7
36 5
37 3
38 3
40 2
41 3
42 4
43 1
44 4
45 2
46 4
47 1
48 3
49 4
50 5
51 5
52 5
53 5
54 6
55 3
56 4
57 4
58 3
61 1
62 2
63 3
64 2
65 2
66 3
67 4
69 1
70 6
71 6
72 3
73 2
74 1
75 7
77 2
78 6
79 2
80 1
81 2
82 5
83 2
84 3
85 4
86 3
87 6
88 3
89 4
90 6
91 2
92 4
93 6
94 1
95 5
96 4
97 4
98 1
99 1
100 3
101 2
102 5
104 2
105 4
107 3
108 3
109 4
110 6
111 3
112 2
113 5
114 4
115 3
116 3
117 5
118 1
119 2
121 6
122 6
123 2
125 1
126 3
127 4
128 4
129 3
130 4
131 3
132 3
133 3
134 5
135 1
136 2
137 6
138 3
139 5
140 6
141 2
142 4
143 4
144 2
145 2
146 2
147 3
148 1
149 3
150 3
151 4
152 6
153 5
154 3
155 4
157 1
158 3
159 4
160 2
161 3
162 2
164 5
165 2
167 4
168 2
169 5
170 3
171 4
172 1
173 4
174 6
175 5
176 4
177 6
178 4
179 3
180 4
181 4
182 1
183 3
184 2
185 2
186 1
187 3
188 2
189 2
190 2
192 2
193 1
194 3
195 6
196 1
198 2
199 1
200 2
201 1
202 4
203 2
204 6
205 2
206 2
207 1
208 2
209 6
210 3
211 4
212 1
213 1
214 2
215 4
218 3
219 5
220 3
221 5
222 4
224 3
225 2
226 2
227 4
229 1
230 3
231 2
232 3
233 2
234 4
235 2
236 3
238 4
239 2
240 1
241 5
242 2
243 2
244 1
246 1
247 4
248 3
249 6
250 4
251 2
252 6
253 2
254 4
255 5
257 2
258 2
259 2
260 1
261 2
262 3
263 3
264 2
265 1
267 2
268 1
269 5
270 1
271 2
272 3
274 2
275 2
276 2
277 1
278 4
279 3
280 2
281 3
282 2
283 1
284 4
285 2
286 1
288 1
289 4
290 3
291 2
292 2
293 3
295 3
296 5
297 3
298 1
300 2
301 6
302 1
304 2
305 3
306 3
308 2
310 3
311 3
312 3
313 2
314 4
315 2
316 1
317 2
318 2
319 1
320 1
321 4
322 1
324 3
326 3
327 6
328 4
329 1
330 1
331 1
332 3
335 1
336 2
337 1
338 2
339 4
340 1
341 2
342 1
343 1
344 2
346 1
347 3
348 2
350 2
352 2
354 3
356 1
357 3
358 2
360 1
362 2
364 2
365 3
366 1
367 2
369 2
370 1
371 1
372 2
373 1
374 3
377 1
378 2
380 1
381 1
385 1
387 2
390 1
391 2
392 1
394 1
395 2
396 1
403 1
404 1
405 1
416 1
419 1
420 1
423 1
427 1
428 2
431 1
436 1
437 3
438 1
443 1
450 1
456 1
457 1
458 1
462 2
470 1
476 1
480 1
481 2
484 1
485 1
492 1
502 1
563 1
580 1
