N J h mean_R_sq err_mean_R_sq mean_R_gyr_sq err_mean_R_gyr_sq 
2916 1.272 0 39800.3 1357.2 5834.35 139.243
1 3
2 3
3 8
4 6
5 5
6 6
7 4
8 2
9 3
10 7
11 5
12 2
13 2
14 6
15 5
16 3
17 2
18 6
19 7
20 4
21 6
22 10
23 6
24 6
25 7
26 4
27 3
28 3
29 3
31 8
32 4
33 6
34 2
35 4
36 7
37 4
38 7
39 5
40 4
41 3
42 1
43 7
44 7
45 4
46 5
47 2
48 3
49 8
50 4
51 7
52 5
53 3
54 3
55 5
56 7
57 7
58 3
59 4
60 4
61 3
62 9
63 4
64 6
65 5
66 7
67 5
68 3
69 5
70 3
71 3
72 4
73 5
74 9
75 3
76 7
77 5
78 3
79 7
80 5
81 2
82 3
83 6
84 3
85 6
86 7
87 8
88 4
89 7
90 5
91 2
92 1
93 4
94 5
95 6
96 3
97 3
98 8
99 6
100 3
101 8
103 5
104 6
105 4
106 2
107 5
108 5
109 4
110 2
111 6
112 6
113 2
114 4
115 7
116 5
117 8
118 7
119 5
120 1
121 7
122 3
123 3
124 4
125 7
126 6
127 6
128 6
129 2
130 2
131 1
132 5
133 1
134 6
135 4
136 4
137 5
138 6
139 3
140 5
141 3
142 3
143 3
144 2
145 3
146 2
147 3
148 1
149 3
150 8
151 6
152 5
153 4
154 7
155 4
156 10
157 2
158 8
159 4
160 4
161 2
162 4
163 4
164 2
165 4
166 2
167 4
168 3
169 5
170 4
171 3
172 1
173 4
174 3
175 4
176 2
177 4
178 3
179 4
180 2
181 2
182 1
183 3
184 6
185 3
186 3
187 3
188 2
189 2
190 2
191 4
192 3
193 3
194 3
196 1
197 1
198 1
199 2
200 3
201 1
202 2
203 5
204 3
205 3
206 1
207 1
208 7
209 3
210 6
211 4
212 2
213 4
214 1
215 3
216 6
217 2
218 2
220 3
221 2
222 2
223 1
224 3
225 3
228 3
229 1
231 3
232 1
233 3
234 1
235 1
236 1
237 3
239 2
242 2
243 1
245 2
246 2
248 1
249 2
250 5
251 2
252 1
253 1
255 1
256 1
257 2
258 3
266 1
268 2
269 2
270 2
276 2
277 1
278 2
279 3
280 2
281 1
282 2
290 1
294 1
296 2
297 2
306 1
309 2
310 1
311 1
319 1
325 1
331 1
335 1
343 1
