N J h mean_R_sq err_mean_R_sq mean_R_gyr_sq err_mean_R_gyr_sq 
2500 1.307 0 26231.9 1495.1 3910.01 215.426
0 1
1 7
2 6
3 6
4 5
5 5
6 10
7 2
8 8
9 7
10 5
11 8
12 7
13 2
14 7
15 10
16 7
17 6
18 2
19 8
20 3
21 3
22 6
23 2
24 4
25 2
26 7
27 9
28 4
29 9
30 6
31 5
32 4
33 6
34 6
35 3
36 11
37 6
38 5
39 8
40 7
41 6
42 9
43 9
44 3
45 11
46 2
47 7
48 6
49 4
50 7
51 4
52 6
53 4
54 6
55 6
56 2
57 7
58 8
59 5
60 4
61 3
62 2
63 5
64 5
65 8
66 6
67 4
68 6
69 7
70 5
71 7
72 6
73 3
74 4
75 4
76 3
77 10
78 8
79 8
80 6
81 2
82 4
83 4
84 8
85 9
86 10
87 7
88 3
89 3
90 6
91 1
92 5
93 7
94 4
95 6
96 5
97 6
98 7
99 7
100 7
101 4
102 8
103 5
104 2
105 6
106 5
107 5
108 8
109 2
110 5
111 10
112 3
113 2
114 5
115 5
116 3
117 4
118 6
119 6
120 5
121 7
122 8
123 11
124 6
125 4
126 5
127 5
128 5
129 6
130 2
131 5
132 7
133 10
134 6
135 4
137 3
138 7
139 5
140 2
141 3
142 6
143 3
144 2
145 3
146 4
147 7
148 3
149 6
150 2
151 5
152 4
153 2
154 2
155 4
156 2
157 5
158 1
159 3
160 1
161 4
162 3
163 2
164 2
165 1
166 1
167 5
168 1
169 4
170 4
171 2
173 4
174 1
175 8
176 3
177 7
178 2
179 2
180 2
181 1
182 5
183 1
184 3
185 1
186 2
187 3
188 4
189 1
190 3
191 2
192 1
193 2
195 2
196 1
197 3
198 3
199 2
200 3
201 1
203 1
204 1
205 1
206 2
207 5
208 1
209 2
211 1
212 1
213 1
214 1
215 2
217 1
218 1
219 3
220 1
223 1
225 1
226 1
231 1
234 1
237 2
239 1
243 1
252 1
253 1
255 2
257 1
258 1
259 3
260 2
266 1
268 1
269 1
280 1
281 1
