N J h mean_R_sq err_mean_R_sq mean_R_gyr_sq err_mean_R_gyr_sq 
1225 1.415 0 1670.07 40.2411 399.601 4.9988
365 1
380 1
401 1
448 1
455 1
460 1
473 2
477 1
482 3
484 1
495 1
502 2
505 1
509 1
512 1
513 1
515 1
519 1
520 2
521 1
522 1
525 2
528 1
535 1
536 2
537 1
539 1
540 1
543 1
544 1
547 1
548 3
551 2
556 3
557 1
558 1
560 2
561 1
564 1
566 3
567 2
568 3
569 1
570 1
572 1
574 2
576 1
577 3
583 1
584 1
586 2
587 2
589 1
590 3
592 1
594 2
595 1
597 1
598 1
599 1
602 1
604 2
605 3
607 2
609 1
611 1
613 1
614 1
615 2
616 2
617 2
618 1
619 2
620 4
621 1
623 2
628 1
631 3
633 1
634 2
635 2
636 1
638 1
639 2
640 2
643 1
644 3
645 1
646 1
647 1
650 1
652 2
653 1
654 1
655 1
657 1
658 1
660 1
661 1
662 2
663 5
664 1
665 3
666 1
668 1
669 1
670 4
672 2
673 1
675 1
676 2
677 1
678 1
679 4
680 3
681 1
682 4
683 1
684 1
685 1
686 2
688 2
689 4
691 2
692 3
693 2
696 1
697 2
698 1
699 1
700 4
701 1
702 3
704 1
705 2
706 3
707 1
709 1
710 4
711 3
712 2
713 1
714 2
715 2
716 2
717 3
718 1
719 3
720 3
721 2
722 2
724 2
725 6
726 2
727 2
728 3
729 1
730 1
732 5
733 1
734 2
735 3
736 2
737 2
738 2
739 2
741 2
742 3
743 1
745 1
749 5
750 2
751 1
752 6
754 1
755 1
756 2
757 1
758 4
759 1
760 1
761 1
762 1
763 3
764 2
765 4
766 2
767 2
768 4
769 6
770 2
771 2
772 3
773 4
774 1
775 6
776 1
777 2
778 4
779 2
780 2
781 4
782 1
783 2
784 2
785 1
786 3
787 2
788 1
789 5
790 1
792 5
793 2
794 2
795 1
796 2
797 3
798 3
799 4
800 1
801 1
803 3
804 1
805 5
806 2
807 2
808 5
809 1
810 1
811 2
812 3
813 2
814 5
816 3
817 2
818 3
819 7
820 1
821 6
823 2
824 3
825 2
826 3
827 2
828 3
829 5
831 2
833 2
834 2
835 5
836 3
837 2
838 1
839 4
840 5
841 2
842 5
843 3
844 2
845 1
846 1
847 4
848 4
849 3
850 5
851 3
852 3
853 2
854 2
855 1
856 3
857 5
858 4
859 6
860 2
861 5
862 1
863 4
864 4
865 1
866 2
867 1
868 3
869 1
870 2
871 1
872 2
873 2
874 3
875 1
876 3
877 3
878 1
880 6
881 3
882 4
883 2
884 2
885 3
886 1
887 1
888 2
890 2
891 2
893 2
894 4
895 1
896 2
897 5
898 4
899 5
901 3
902 6
903 3
904 4
905 3
906 2
907 2
909 3
910 4
911 5
912 2
913 1
915 3
916 3
917 4
918 2
919 7
920 1
921 3
922 2
923 3
924 2
925 2
926 3
927 1
928 1
929 1
930 1
931 1
932 2
933 5
934 3
935 2
936 3
937 3
938 1
939 1
940 4
941 2
942 3
943 3
944 3
945 3
946 6
947 4
948 2
949 6
950 3
951 4
952 2
953 2
954 2
956 2
957 2
958 5
959 5
961 2
962 1
963 1
964 5
965 6
966 3
967 2
969 3
970 7
971 4
972 5
973 4
974 6
975 1
976 3
977 3
978 1
979 3
980 3
981 5
982 4
983 4
984 1
985 1
986 3
987 2
988 3
989 1
990 3
991 3
992 2
993 4
994 1
995 5
996 1
997 3
998 5
1000 2
1001 5
1002 2
1003 3
1004 1
1005 5
1006 3
1007 4
1009 5
1010 1
1011 6
1012 3
1013 2
1014 4
1015 3
1016 4
1017 4
1018 5
1019 2
1020 5
1021 4
1022 4
1023 5
1024 5
1025 4
1026 3
1027 4
1028 3
1029 4
1030 2
1031 4
1032 6
1033 1
1034 2
1035 1
1036 3
1037 2
1038 1
1039 2
1040 2
1041 1
1042 1
1043 3
1044 4
1045 3
1046 4
1047 5
1048 2
1049 5
1050 4
1051 3
1052 1
1053 2
1054 1
1055 3
1056 2
1057 6
1058 4
1059 4
1060 1
1061 6
1062 1
1063 2
1064 2
1066 5
1067 2
1068 3
1069 1
1070 4
1072 2
1074 1
1075 2
1076 2
1077 1
1078 3
1079 4
1080 4
1081 4
1082 4
1083 5
1084 1
1085 1
1086 1
1087 4
1088 1
1089 2
1090 4
1091 4
1092 3
1093 1
1094 4
1095 7
1096 2
1097 5
1098 1
1099 1
1100 1
1101 1
1102 1
1103 1
1104 4
1105 1
1106 6
1107 1
1108 5
1109 2
1110 3
1111 5
1112 2
1114 1
1115 2
1116 3
1117 5
1118 1
1119 2
1120 2
1121 1
1122 1
1123 2
1125 5
1127 2
1128 4
1129 1
1130 2
1132 3
1133 4
1134 5
1135 2
1136 3
1137 1
1139 3
1140 1
1141 1
1142 1
1143 2
1144 4
1145 3
1146 3
1147 1
1148 3
1149 3
1150 2
1151 3
1152 4
1153 1
1154 4
1155 1
1156 1
1158 1
1159 3
1160 1
1161 4
1162 2
1163 2
1164 3
1165 4
1167 3
1168 2
1169 4
1170 2
1172 4
1173 3
1174 1
1175 4
1176 5
1177 3
1178 2
1179 5
1180 3
1181 3
1182 4
1183 2
1184 2
1185 4
1186 5
1187 3
1189 4
1190 1
1191 3
1192 3
1193 2
1195 4
1196 1
1198 4
1199 3
1200 4
1201 1
1202 3
1203 2
1204 3
1205 2
1206 3
1207 2
1208 3
1209 1
1210 1
1211 5
1212 1
1213 3
1214 2
1215 4
1216 3
1217 1
1218 4
1219 2
1220 1
1221 3
1222 3
1223 5
1224 1
1225 3
1226 2
1227 2
1228 1
1229 4
1230 1
1231 2
1232 3
1233 3
1234 1
1235 3
1236 3
1237 2
1238 2
1239 2
1240 2
1241 5
1242 3
1243 3
1244 1
1245 1
1246 4
1247 1
1249 2
1250 3
1251 2
1252 2
1253 2
1254 4
1255 1
1256 1
1257 1
1258 2
1259 1
1261 1
1262 1
1263 2
1264 2
1265 2
1266 2
1268 3
1269 1
1270 2
1271 2
1272 3
1273 5
1274 1
1275 1
1276 1
1277 2
1278 3
1279 3
1280 1
1281 5
1282 2
1283 2
1284 2
1285 2
1286 2
1288 4
1289 3
1290 2
1291 3
1293 1
1294 3
1295 2
1296 2
1297 4
1299 2
1300 2
1301 1
1302 4
1303 3
1304 3
1305 2
1306 3
1308 1
1309 2
1311 1
1312 3
1314 1
1316 1
1317 2
1318 2
1319 3
1320 2
1321 1
1322 5
1323 3
1325 1
1327 4
1329 1
1330 2
1331 2
1333 3
1334 1
1335 3
1336 2
1338 2
1339 2
1342 4
1344 2
1345 1
1346 1
1347 2
1348 2
1349 3
1350 1
1351 3
1352 4
1353 3
1354 1
1355 2
1356 2
1357 1
1360 1
1361 1
1362 2
1363 1
1364 2
1365 2
1366 1
1367 2
1368 1
1369 1
1370 1
1371 1
1372 1
1373 1
1374 1
1376 2
1378 1
1380 1
1381 1
1384 1
1385 2
1390 1
1391 2
1393 1
1394 1
1397 1
1398 1
1401 4
1402 1
1403 2
1406 1
1407 1
1409 1
1410 1
1413 2
1417 1
1418 1
1419 3
1420 2
1421 2
1422 2
1425 1
1428 1
1430 1
1431 1
1435 2
1436 1
1437 2
1439 3
1440 1
1444 1
1445 1
1447 2
1448 1
1451 2
1452 1
1453 1
1456 1
1457 1
1459 1
1462 1
1467 1
1468 1
1479 1
1480 1
1481 1
1482 3
1483 2
1484 1
1493 1
1499 1
1500 1
1501 1
1502 1
1505 1
1510 1
1519 1
1521 1
1523 1
1534 1
1536 1
1565 1
1566 1
