N J h mean_R_sq err_mean_R_sq mean_R_gyr_sq err_mean_R_gyr_sq 
2500 1.33 0 21056.5 1719.31 3037.11 166.388
850 1
872 1
885 1
891 1
892 1
895 1
896 2
897 1
898 1
899 1
900 1
901 1
902 1
904 2
909 1
910 2
912 3
913 2
916 2
918 2
919 3
920 1
921 3
922 1
923 1
927 2
928 2
930 2
931 1
932 3
933 2
934 1
937 1
938 2
939 3
940 3
941 5
942 3
943 2
944 5
945 2
946 1
947 2
948 1
949 1
950 2
951 4
952 1
953 3
954 4
955 2
956 3
957 3
958 6
959 3
960 1
961 2
962 1
963 4
964 5
965 3
966 3
967 1
968 2
969 2
970 1
971 5
972 2
973 1
974 1
975 3
976 3
977 4
978 2
979 1
980 2
981 2
982 2
983 6
984 2
985 1
986 1
987 3
988 1
991 3
992 1
993 1
995 1
997 1
998 1
999 3
1001 1
1002 1
1003 1
1014 1
1017 1
1023 2
1027 1
1034 1
