N J h mean_R_sq err_mean_R_sq mean_R_gyr_sq err_mean_R_gyr_sq 
1600 1.368 0 5597.64 225.941 972.032 24.0016
632 1
663 1
665 1
674 1
693 1
707 1
711 1
715 1
720 1
723 1
725 1
726 1
730 1
735 1
737 1
745 1
747 1
748 1
750 1
752 1
754 1
755 1
757 3
758 2
759 1
762 2
765 2
768 2
769 1
770 2
772 2
774 1
775 1
776 1
777 1
778 1
780 3
782 1
783 1
784 1
789 1
790 2
792 1
793 4
795 1
796 1
797 1
798 1
799 1
804 2
805 1
806 2
807 2
809 1
810 2
812 2
813 1
815 1
816 1
817 3
818 2
821 1
822 1
823 2
824 1
825 1
826 2
827 1
829 1
830 1
831 2
832 1
833 2
834 2
835 3
836 2
838 1
839 4
840 1
841 1
843 4
844 1
845 1
846 1
849 2
850 2
851 2
853 1
854 1
856 3
857 1
858 1
859 1
860 2
861 4
864 1
865 3
866 3
868 4
870 1
871 1
872 2
874 3
876 1
877 1
878 1
880 2
881 3
882 2
883 1
885 2
886 3
887 2
888 1
890 4
891 2
892 1
893 4
895 3
896 5
897 2
898 4
899 3
900 3
901 5
902 3
904 4
905 1
906 1
907 1
908 1
909 3
910 4
911 4
912 3
913 2
914 2
915 2
916 1
917 2
918 2
919 6
920 6
921 3
922 1
923 5
924 3
925 4
928 4
929 1
930 3
931 2
932 4
934 2
935 3
936 3
937 3
938 2
939 3
941 1
942 3
943 4
944 1
945 5
946 3
947 1
948 2
949 2
950 2
951 3
953 2
954 5
955 3
956 1
957 4
958 1
959 5
960 2
961 2
962 6
963 1
964 2
966 2
967 2
968 2
969 3
970 5
971 5
972 1
973 2
974 1
975 2
976 1
978 2
979 1
980 7
982 2
983 2
984 3
985 1
986 1
987 6
988 3
989 1
990 1
991 3
992 2
993 2
994 4
995 1
996 1
997 2
998 4
999 4
1000 1
1001 4
1002 4
1003 3
1004 3
1005 3
1006 2
1007 3
1008 2
1009 2
1010 2
1011 3
1012 3
1013 2
1014 1
1016 2
1017 3
1018 7
1019 1
1020 3
1021 3
1022 3
1023 2
1024 3
1025 1
1026 2
1027 3
1028 3
1029 1
1030 3
1031 1
1032 3
1033 2
1034 4
1035 1
1036 3
1037 1
1038 1
1039 4
1040 4
1041 2
1042 1
1043 2
1044 5
1045 4
1046 4
1047 2
1048 7
1049 3
1050 4
1051 2
1052 1
1053 4
1054 3
1055 4
1056 4
1057 2
1058 2
1060 1
1061 3
1062 3
1063 2
1064 4
1065 1
1066 2
1067 4
1068 2
1069 2
1070 4
1071 3
1072 2
1073 2
1074 4
1075 2
1076 6
1079 3
1080 2
1081 2
1082 6
1083 1
1084 2
1085 2
1086 3
1087 2
1088 2
1089 4
1090 1
1091 3
1092 2
1093 2
1094 1
1095 1
1096 2
1097 2
1098 3
1099 4
1100 7
1101 1
1102 1
1104 5
1105 2
1106 2
1107 4
1109 2
1110 3
1111 3
1112 2
1113 1
1114 2
1115 2
1116 1
1117 4
1118 3
1119 2
1120 1
1121 3
1122 3
1123 1
1124 2
1125 1
1126 3
1127 1
1128 4
1129 1
1130 1
1131 1
1132 1
1133 1
1134 2
1137 3
1138 3
1139 4
1140 2
1142 1
1143 1
1144 2
1146 3
1147 1
1148 3
1150 1
1151 1
1153 3
1155 2
1156 4
1158 2
1159 2
1160 1
1161 2
1162 2
1164 1
1165 1
1168 2
1171 1
1174 2
1175 1
1177 1
1178 1
1180 3
1181 2
1184 1
1185 2
1186 1
1187 2
1188 1
1190 2
1193 2
1195 1
1198 1
1199 2
1201 1
1204 3
1207 1
1208 2
1209 1
1210 1
1211 1
1212 1
1213 2
1217 1
1218 2
1219 2
1221 1
1223 1
1224 2
1228 1
1231 1
1233 1
1234 2
1238 1
1247 1
1254 1
1255 1
1261 1
1263 1
1264 1
1265 1
1266 1
1267 1
1268 1
1271 1
1275 1
1276 2
1282 1
1284 1
1286 1
1308 1
1313 1
1331 1
1339 1
1430 1
1450 1
