N J h mean_R_sq err_mean_R_sq mean_R_gyr_sq err_mean_R_gyr_sq 
2500 1.4 0 3563.67 183.753 870.441 17.5468
467 1
499 1
525 1
552 1
567 1
574 1
580 1
587 1
596 1
600 2
602 1
605 1
606 1
621 1
623 1
625 2
626 2
627 3
637 1
638 1
642 1
648 1
649 1
651 1
654 1
655 1
657 2
658 1
660 1
661 1
662 1
663 2
668 2
676 1
678 1
680 3
681 1
682 3
683 1
684 2
687 1
691 1
692 1
693 1
694 1
697 1
698 3
701 2
702 1
703 1
704 2
705 2
709 2
710 1
713 2
717 1
718 2
719 1
721 2
723 1
727 3
728 2
730 2
731 1
735 1
736 1
737 1
739 2
741 3
743 2
744 1
745 2
746 1
749 1
750 1
752 1
753 3
754 1
755 1
756 2
758 1
759 1
760 1
761 2
763 1
764 1
765 1
767 2
768 1
769 3
770 2
771 3
772 2
773 1
774 1
775 2
776 3
778 2
779 3
780 2
781 3
782 1
783 4
784 1
786 1
787 1
788 1
789 2
790 1
791 2
792 2
793 1
795 4
797 4
798 1
799 2
800 1
801 2
802 1
803 1
805 4
806 2
807 3
808 4
809 3
810 2
811 2
812 1
813 3
814 1
815 3
816 3
817 4
818 3
819 5
820 3
822 3
823 1
825 1
826 2
827 3
828 1
829 2
830 2
831 5
832 5
833 6
834 3
835 1
836 4
837 1
839 3
841 2
842 4
843 4
844 1
846 3
847 3
848 2
850 2
851 1
852 3
853 3
854 2
855 4
856 3
857 1
859 1
860 1
861 1
862 3
863 3
864 2
865 2
866 1
868 1
869 1
870 1
871 3
872 5
873 2
874 1
875 2
876 6
877 4
878 3
879 5
880 2
881 3
882 4
883 2
884 4
885 2
887 5
888 1
889 3
890 3
891 4
892 4
893 3
894 3
895 3
896 2
897 3
899 3
900 4
901 3
902 3
903 3
904 2
905 2
906 2
907 3
908 1
909 2
910 6
911 1
912 3
914 2
915 2
916 5
917 8
918 4
919 3
920 2
921 3
922 1
923 6
924 2
925 3
926 2
927 2
928 2
929 4
930 3
931 1
932 2
933 3
934 3
935 1
936 5
937 4
938 3
939 2
940 3
941 3
942 3
943 6
944 4
945 4
946 5
947 2
948 3
949 3
950 3
951 2
952 2
953 7
954 3
955 3
956 6
957 3
958 2
959 1
960 5
961 2
962 7
963 2
964 1
965 2
966 3
967 3
968 4
969 1
970 2
971 5
972 2
973 4
974 6
975 2
976 2
977 1
978 4
979 2
980 5
981 5
982 1
983 5
984 3
985 5
986 2
987 2
988 4
989 1
990 1
991 5
992 3
993 1
994 3
995 2
996 1
997 4
998 3
999 1
1000 7
1001 3
1002 5
1003 5
1004 2
1005 1
1006 1
1007 5
1008 3
1010 4
1011 4
1012 4
1013 4
1014 3
1015 3
1016 3
1017 2
1018 3
1019 3
1020 4
1021 3
1022 2
1024 2
1025 4
1026 4
1027 5
1028 5
1029 2
1030 2
1031 3
1032 3
1033 2
1034 3
1035 1
1036 3
1037 4
1038 4
1039 2
1040 1
1041 1
1042 3
1043 1
1044 7
1045 2
1046 3
1047 2
1048 4
1049 1
1050 2
1051 7
1052 1
1053 2
1054 3
1055 3
1056 3
1057 6
1058 1
1059 3
1061 4
1062 3
1063 4
1064 4
1065 3
1066 2
1067 2
1068 2
1069 1
1070 5
1071 1
1072 4
1073 4
1074 8
1075 5
1076 2
1077 2
1078 5
1079 2
1080 2
1081 4
1082 2
1083 3
1084 1
1085 1
1086 5
1087 3
1089 2
1090 6
1091 4
1092 6
1093 3
1094 3
1095 1
1096 2
1098 3
1099 3
1100 4
1101 7
1102 6
1103 4
1104 2
1105 6
1106 3
1107 3
1108 2
1109 3
1110 3
1111 1
1112 1
1113 6
1114 5
1115 3
1116 3
1117 5
1118 1
1119 2
1120 2
1121 1
1123 2
1124 3
1125 1
1126 1
1127 1
1128 1
1130 3
1131 3
1132 2
1133 2
1134 1
1135 2
1136 4
1137 1
1138 4
1139 3
1140 3
1141 2
1143 2
1145 1
1146 2
1148 1
1149 2
1150 1
1151 5
1152 4
1153 3
1154 3
1155 2
1156 3
1157 2
1158 5
1159 2
1160 2
1161 3
1162 1
1163 1
1164 1
1165 4
1166 2
1167 3
1168 5
1169 1
1170 3
1172 3
1174 3
1175 1
1176 2
1177 2
1178 1
1179 1
1181 1
1182 4
1183 2
1184 3
1185 2
1186 1
1187 3
1188 1
1189 1
1190 4
1191 1
1192 1
1193 1
1194 3
1196 3
1199 2
1200 3
1201 5
1202 2
1203 3
1204 2
1205 1
1207 1
1208 4
1209 2
1211 1
1212 3
1213 2
1214 1
1215 3
1216 2
1217 1
1218 4
1219 1
1220 1
1221 4
1224 2
1225 5
1226 2
1227 1
1228 1
1230 1
1231 1
1232 1
1234 1
1237 1
1239 1
1240 1
1243 2
1246 2
1247 1
1248 3
1249 1
1251 1
1253 1
1254 2
1256 1
1258 2
1259 1
1260 1
1261 2
1262 1
1263 1
1264 2
1267 1
1269 2
1271 2
1273 2
1274 2
1275 3
1276 2
1278 2
1280 3
1281 1
1282 1
1283 1
1284 1
1285 3
1287 1
1288 2
1292 1
1293 1
1295 3
1296 1
1297 1
1298 2
1299 2
1302 4
1303 5
1304 1
1312 1
1314 1
1316 2
1319 1
1326 3
1330 1
1335 2
1338 1
1344 1
1349 1
1351 1
1353 1
1354 1
1360 1
1362 1
1377 1
1381 1
1389 1
1393 1
1400 1
1408 1
1411 1
1417 1
1428 1
1443 1
1448 1
1475 1
