N J h mean_R_sq err_mean_R_sq mean_R_gyr_sq err_mean_R_gyr_sq 
3600 1.322 0 88817.7 43825.6 13252.5 6176.79
847 1
867 1
870 1
898 1
900 1
902 1
903 1
914 1
915 1
942 1
943 2
947 1
948 1
951 1
955 1
958 1
960 2
961 1
964 1
965 2
967 1
969 1
970 1
973 1
974 1
975 1
976 1
980 2
984 1
986 1
989 1
990 1
991 1
992 1
994 2
995 1
996 2
998 1
1000 1
1002 1
1003 1
1005 1
1007 1
1011 4
1016 1
1017 1
1019 3
1020 1
1022 2
1023 2
1024 1
1026 2
1027 1
1028 1
1030 2
1032 3
1040 1
1041 1
1043 1
1044 1
1046 1
1047 1
1048 1
1049 1
1053 1
1055 1
1056 1
1058 1
1059 1
1065 1
1068 2
1069 1
1075 1
1076 1
1077 1
1089 1
1094 1
1100 1
1115 1
1120 1
1137 1
