N J h mean_R_sq err_mean_R_sq mean_R_gyr_sq err_mean_R_gyr_sq 
1600 1.325 0 10540.5 121.848 1634.81 9.90648
822 2
826 1
837 1
843 2
844 1
848 1
849 1
850 1
852 4
855 2
856 3
857 2
858 1
859 3
860 3
861 2
862 5
863 4
864 1
865 5
866 2
867 2
868 4
869 3
870 4
871 6
872 2
873 3
874 4
875 5
876 4
877 4
878 7
879 3
880 4
881 3
882 9
883 5
884 11
885 1
886 6
887 7
888 2
889 13
890 9
891 13
892 17
893 12
894 10
895 14
896 5
897 7
898 11
899 17
900 21
901 25
902 20
903 18
904 11
905 28
906 19
907 24
908 23
909 29
910 18
911 24
912 28
913 33
914 34
915 34
916 26
917 36
918 38
919 36
920 30
921 27
922 33
923 35
924 34
925 50
926 47
927 46
928 44
929 39
930 59
931 60
932 52
933 66
934 54
935 56
936 59
937 61
938 59
939 51
940 54
941 62
942 66
943 69
944 76
945 78
946 68
947 63
948 55
949 85
950 62
951 68
952 77
953 73
954 68
955 74
956 71
957 78
958 89
959 81
960 77
961 90
962 90
963 81
964 75
965 70
966 91
967 95
968 82
969 76
970 88
971 79
972 87
973 76
974 76
975 93
976 94
977 64
978 81
979 89
980 81
981 58
982 77
983 74
984 74
985 71
986 66
987 57
988 69
989 69
990 84
991 59
992 71
993 54
994 76
995 68
996 55
997 61
998 68
999 60
1000 67
1001 56
1002 65
1003 54
1004 38
1005 58
1006 47
1007 39
1008 45
1009 43
1010 38
1011 31
1012 36
1013 34
1014 33
1015 41
1016 37
1017 27
1018 24
1019 37
1020 31
1021 26
1022 40
1023 26
1024 22
1025 24
1026 25
1027 17
1028 14
1029 18
1030 28
1031 12
1032 18
1033 21
1034 23
1035 13
1036 16
1037 11
1038 18
1039 7
1040 12
1041 10
1042 10
1043 7
1044 5
1045 13
1046 4
1047 5
1048 12
1049 7
1050 5
1051 2
1052 6
1053 1
1054 3
1055 4
1056 3
1057 2
1058 3
1059 2
1060 2
1061 4
1062 1
1063 6
1064 1
1065 2
1066 3
1068 2
1069 3
1070 2
1071 2
1072 2
1076 1
1078 1
1079 1
1080 1
1081 1
1082 1
1084 1
1088 1
1097 1
