N J h mean_R_sq err_mean_R_sq mean_R_gyr_sq err_mean_R_gyr_sq 
10000 1.364 0 1.98569e+06 778716 324705 104201
813 1
814 1
815 4
816 1
817 1
818 5
819 5
820 2
821 11
822 1
823 5
824 10
825 15
826 10
827 11
828 9
829 17
830 16
831 19
832 21
833 22
834 26
835 20
836 22
837 23
838 33
839 29
840 30
841 31
842 20
843 31
844 29
845 30
846 33
847 39
848 39
849 45
850 41
851 35
852 50
853 26
854 32
855 32
856 27
857 29
858 28
859 18
860 19
861 22
862 22
863 21
864 19
865 25
866 14
867 14
868 10
869 16
870 16
871 21
872 20
873 21
874 16
875 20
876 22
877 26
878 11
879 22
880 15
881 24
882 22
883 18
884 29
885 43
886 39
887 46
888 38
889 59
890 49
891 50
892 47
893 70
894 86
895 69
896 72
897 84
898 91
899 82
900 92
901 83
902 104
903 89
904 89
905 95
906 81
907 90
908 94
909 91
910 87
911 93
912 90
913 76
914 88
915 87
916 81
917 66
918 59
919 77
920 73
921 49
922 61
923 49
924 46
925 32
926 30
927 40
928 32
929 28
930 27
931 30
932 16
933 23
934 20
935 22
936 17
937 16
938 13
939 17
940 13
941 11
942 11
943 13
944 9
945 5
946 8
947 5
948 11
949 9
950 13
951 7
952 12
953 8
954 17
955 10
956 17
957 14
958 8
959 13
960 16
961 14
962 13
963 10
964 12
965 12
966 14
967 17
968 15
969 11
970 13
971 9
972 12
973 9
974 7
975 9
976 6
977 6
978 10
979 7
980 7
981 6
982 8
983 5
984 3
985 1
986 1
987 1
988 3
989 2
990 1
991 1
992 2
993 1
994 2
995 2
996 1
997 1
998 3
999 1
1001 2
1002 4
1003 4
1004 7
1005 2
1006 2
1007 9
1008 3
1009 2
1010 2
1011 3
1012 3
1013 4
1014 6
1015 3
1016 1
1018 1
1021 3
1023 1
1025 1
