N J h mean_R_sq err_mean_R_sq mean_R_gyr_sq err_mean_R_gyr_sq 
10000 1.38 0 2.85363e+06 1.37302e+06 352994 163979
718 1
727 1
730 1
731 1
732 2
734 2
735 1
736 2
738 5
739 2
740 1
741 1
742 1
743 6
744 9
745 6
746 8
747 6
748 7
749 5
750 8
751 9
752 8
753 5
754 10
755 11
756 14
757 16
758 20
759 19
760 17
761 16
762 17
763 20
764 16
765 18
766 11
767 20
768 21
769 21
770 21
771 22
772 28
773 32
774 18
775 23
776 26
777 24
778 31
779 27
780 27
781 30
782 21
783 24
784 25
785 28
786 24
787 26
788 25
789 25
790 28
791 17
792 11
793 20
794 22
795 11
796 16
797 17
798 19
799 11
800 18
801 18
802 8
803 10
804 9
805 6
806 9
807 8
808 10
809 8
810 5
811 4
812 6
813 4
814 3
815 9
816 2
817 3
818 3
819 1
820 2
821 7
822 6
823 3
824 5
825 5
826 4
827 5
828 2
829 2
830 3
831 3
832 2
833 2
834 7
835 5
836 7
837 6
838 7
839 3
840 5
841 14
842 8
843 10
844 8
845 7
846 7
847 11
848 8
849 12
850 13
851 10
852 6
853 7
854 2
855 6
856 7
857 4
858 5
859 8
860 3
861 3
862 4
863 5
864 3
865 3
866 3
867 8
868 3
869 2
870 2
871 7
872 3
873 7
874 6
875 3
876 4
877 4
878 2
879 7
880 6
881 3
882 5
883 2
884 1
885 3
886 5
887 6
888 5
889 3
890 4
892 2
893 2
895 2
898 1
899 1
900 1
901 1
902 2
903 1
904 5
905 3
906 3
907 5
908 2
909 6
910 3
911 4
912 8
913 10
914 2
915 9
916 7
917 6
918 7
919 3
920 7
921 4
922 6
923 5
924 4
925 1
926 6
927 3
928 3
929 1
930 2
931 8
932 6
933 6
934 11
935 13
936 10
937 15
938 14
939 8
940 8
941 18
942 20
943 16
944 13
945 20
946 26
947 9
948 11
949 20
950 7
951 12
952 10
953 11
954 20
955 4
956 17
957 8
958 11
959 14
960 12
961 9
962 14
963 11
964 13
965 8
966 6
967 10
968 10
969 11
970 6
971 11
972 6
973 7
974 4
975 7
976 4
978 5
979 7
980 5
981 5
982 9
983 5
984 1
985 4
986 2
987 2
988 8
989 3
990 3
991 4
992 5
993 2
994 4
995 1
996 1
997 4
998 1
999 3
1000 2
1001 1
1003 1
1006 1
