N J h mean_R_sq err_mean_R_sq mean_R_gyr_sq err_mean_R_gyr_sq 
4900 1.314 0 133334 57303.1 21930.9 9115.6
855 1
896 1
905 1
913 2
915 1
916 1
919 1
922 1
926 1
930 1
937 2
938 1
940 1
944 1
945 1
949 2
950 1
951 1
953 1
959 1
962 1
963 1
965 1
966 2
967 1
969 1
970 1
973 1
974 1
977 1
980 2
983 1
984 1
985 2
987 1
990 1
992 1
993 1
995 2
997 1
998 1
999 3
1000 1
1002 1
1004 1
1005 1
1008 1
1010 1
1011 1
1012 1
1015 1
1016 1
1017 3
1020 1
1021 1
1023 3
1024 1
1025 1
1027 1
1028 1
1029 1
1030 2
1032 2
1033 1
1034 1
1037 1
1041 1
1048 2
1050 1
1051 1
1057 1
1063 2
1074 1
1080 2
1093 1
1100 1
1102 1
1104 1
1105 1
1106 1
1122 1
