N J h mean_R_sq err_mean_R_sq mean_R_gyr_sq err_mean_R_gyr_sq 
900 1.34 0 4018.65 43.9856 663.401 3.24105
548 1
550 1
585 2
592 1
599 1
606 2
612 2
621 1
624 1
626 1
627 3
630 1
632 1
633 1
635 1
636 1
637 2
640 1
642 1
644 3
645 4
647 2
648 1
649 2
651 1
652 1
653 1
656 2
659 2
661 2
662 1
663 2
664 1
665 3
668 1
669 1
670 1
672 1
673 1
674 1
675 1
677 1
678 1
679 2
680 1
681 2
682 6
683 1
684 2
685 1
687 1
689 4
690 1
691 3
692 1
693 1
694 2
695 4
696 4
697 2
698 1
699 1
700 2
701 1
702 3
703 2
704 1
705 4
706 1
707 3
708 3
709 4
710 5
711 2
712 4
713 2
714 4
715 3
716 5
717 3
718 4
719 4
720 4
721 5
722 3
723 3
724 3
725 4
726 2
727 2
728 1
729 3
730 4
731 8
732 7
733 5
734 2
735 2
736 5
737 6
738 4
739 5
740 2
741 6
742 7
743 4
744 7
745 3
746 3
747 8
748 7
749 4
750 6
751 6
752 2
753 8
754 7
755 7
756 4
757 7
758 5
759 4
760 4
761 3
762 4
763 8
764 1
765 6
766 9
767 9
768 9
769 11
770 10
771 11
772 5
773 4
774 6
775 7
776 4
777 8
778 13
779 10
780 13
781 8
782 10
783 8
784 13
785 4
786 9
787 6
788 13
789 11
790 11
791 10
792 5
793 6
794 10
795 7
796 10
797 13
798 9
799 13
800 12
801 9
802 11
803 6
804 11
805 17
806 8
807 14
808 10
809 14
810 14
811 13
812 17
813 16
814 12
815 11
816 15
817 18
818 18
819 13
820 11
821 14
822 18
823 16
824 14
825 17
826 8
827 13
828 12
829 20
830 11
831 11
832 19
833 16
834 22
835 13
836 10
837 23
838 13
839 23
840 15
841 17
842 12
843 11
844 21
845 11
846 17
847 15
848 19
849 13
850 16
851 16
852 10
853 16
854 21
855 19
856 25
857 16
858 14
859 19
860 17
861 17
862 15
863 10
864 17
865 18
866 17
867 21
868 25
869 24
870 17
871 25
872 24
873 26
874 14
875 11
876 16
877 27
878 21
879 29
880 25
881 28
882 29
883 25
884 22
885 23
886 16
887 32
888 20
889 28
890 24
891 25
892 36
893 36
894 24
895 24
896 22
897 24
898 23
899 27
900 26
901 22
902 26
903 33
904 23
905 18
906 37
907 22
908 30
909 22
910 27
911 30
912 37
913 42
914 29
915 25
916 35
917 35
918 22
919 23
920 34
921 42
922 37
923 26
924 35
925 31
926 30
927 29
928 29
929 28
930 35
931 30
932 38
933 23
934 39
935 35
936 37
937 39
938 34
939 30
940 21
941 34
942 33
943 42
944 32
945 33
946 32
947 38
948 39
949 37
950 48
951 32
952 34
953 41
954 41
955 32
956 40
957 37
958 37
959 37
960 35
961 29
962 34
963 35
964 37
965 44
966 34
967 37
968 40
969 40
970 36
971 45
972 33
973 34
974 39
975 38
976 38
977 45
978 39
979 26
980 45
981 42
982 32
983 39
984 34
985 27
986 34
987 29
988 30
989 34
990 42
991 36
992 36
993 42
994 39
995 37
996 31
997 38
998 31
999 32
1000 46
1001 45
1002 41
1003 34
1004 38
1005 42
1006 39
1007 34
1008 30
1009 35
1010 36
1011 35
1012 30
1013 29
1014 42
1015 39
1016 33
1017 38
1018 41
1019 32
1020 31
1021 31
1022 34
1023 39
1024 37
1025 36
1026 45
1027 36
1028 32
1029 50
1030 41
1031 40
1032 33
1033 36
1034 29
1035 33
1036 36
1037 42
1038 31
1039 27
1040 34
1041 31
1042 37
1043 31
1044 28
1045 33
1046 39
1047 41
1048 24
1049 31
1050 29
1051 30
1052 34
1053 33
1054 33
1055 33
1056 40
1057 44
1058 36
1059 39
1060 31
1061 32
1062 28
1063 32
1064 33
1065 44
1066 29
1067 32
1068 28
1069 40
1070 25
1071 27
1072 36
1073 25
1074 33
1075 30
1076 21
1077 24
1078 21
1079 37
1080 31
1081 22
1082 29
1083 35
1084 22
1085 26
1086 31
1087 29
1088 25
1089 23
1090 28
1091 28
1092 34
1093 37
1094 31
1095 26
1096 30
1097 24
1098 19
1099 26
1100 18
1101 33
1102 32
1103 25
1104 24
1105 33
1106 32
1107 34
1108 23
1109 20
1110 22
1111 22
1112 24
1113 27
1114 20
1115 21
1116 23
1117 27
1118 25
1119 24
1120 26
1121 31
1122 27
1123 13
1124 28
1125 25
1126 23
1127 19
1128 22
1129 15
1130 15
1131 27
1132 22
1133 24
1134 26
1135 20
1136 20
1137 30
1138 15
1139 26
1140 28
1141 13
1142 24
1143 23
1144 14
1145 23
1146 18
1147 17
1148 16
1149 18
1150 21
1151 20
1152 22
1153 17
1154 22
1155 17
1156 10
1157 21
1158 20
1159 15
1160 14
1161 18
1162 18
1163 12
1164 18
1165 19
1166 13
1167 15
1168 10
1169 15
1170 14
1171 19
1172 11
1173 13
1174 13
1175 18
1176 13
1177 6
1178 20
1179 21
1180 9
1181 19
1182 18
1183 15
1184 11
1185 17
1186 8
1187 18
1188 8
1189 18
1190 14
1191 12
1192 9
1193 11
1194 14
1195 9
1196 17
1197 5
1198 14
1199 15
1200 13
1201 14
1202 5
1203 13
1204 10
1205 4
1206 16
1207 9
1208 18
1209 6
1210 5
1211 14
1212 11
1213 10
1214 12
1215 9
1216 5
1217 9
1218 8
1219 7
1220 10
1221 14
1222 14
1223 9
1224 10
1225 14
1226 10
1227 9
1228 6
1229 5
1230 8
1231 9
1232 4
1233 7
1234 9
1235 6
1236 6
1237 6
1238 7
1239 7
1240 5
1241 8
1242 4
1243 13
1244 6
1245 7
1246 5
1247 2
1248 7
1249 9
1250 2
1251 3
1252 5
1253 4
1254 5
1255 1
1256 2
1257 6
1258 9
1259 4
1260 4
1261 4
1262 3
1263 3
1264 3
1265 3
1266 6
1268 2
1269 3
1270 7
1271 5
1272 4
1273 6
1274 3
1275 3
1276 7
1277 3
1278 6
1279 2
1280 3
1281 5
1282 5
1283 4
1284 4
1285 7
1286 2
1287 3
1288 2
1289 1
1290 4
1291 3
1292 2
1293 3
1294 3
1295 6
1296 2
1297 3
1298 2
1299 5
1300 3
1301 1
1302 1
1303 5
1304 2
1305 2
1306 2
1307 3
1308 2
1309 1
1310 3
1311 2
1312 3
1313 1
1314 1
1315 2
1316 1
1319 5
1320 3
1322 2
1323 1
1324 1
1326 3
1328 2
1330 2
1331 1
1332 2
1334 2
1336 1
1337 1
1340 3
1342 1
1346 2
1347 1
1348 1
1349 1
1350 1
1351 3
1352 1
1354 2
1355 2
1356 3
1358 1
1361 2
1363 2
1368 1
1372 1
1373 2
1375 1
1376 1
1384 1
1389 1
1391 1
1392 1
1393 1
1396 1
1400 2
1407 1
1409 2
1420 1
1426 1
1430 1
1431 2
1451 1
1480 1
1499 1
