N J h mean_R_sq err_mean_R_sq mean_R_gyr_sq err_mean_R_gyr_sq 
3600 1.429 0 4715.19 1782.17 1207.66 299.811
384 1
445 2
446 1
449 1
450 1
470 1
471 1
475 1
479 1
481 1
484 1
485 1
492 1
493 1
497 1
498 1
499 2
503 1
509 1
513 1
516 2
519 1
522 1
523 2
524 1
525 2
526 1
527 2
529 1
531 1
532 1
534 1
535 2
537 2
539 1
540 2
541 2
542 2
544 2
545 1
547 2
548 1
550 1
551 1
552 3
553 1
554 1
555 1
556 1
557 1
558 2
559 2
560 3
561 1
562 1
563 2
564 1
565 2
566 1
567 1
568 2
569 1
570 1
571 4
573 1
574 2
575 4
576 1
577 1
578 5
580 3
581 4
582 4
583 1
584 2
585 1
587 2
588 2
589 1
590 2
591 1
592 1
593 2
594 3
595 1
596 3
597 1
598 1
599 3
600 4
601 2
602 2
603 3
604 2
605 5
606 1
607 2
608 2
609 2
610 2
611 4
612 4
613 3
614 6
615 3
616 3
617 5
618 6
619 1
620 2
621 1
622 4
623 3
624 2
625 1
627 7
628 3
629 4
630 3
631 4
632 6
633 2
634 1
635 4
636 3
637 4
638 2
639 6
640 3
641 6
642 3
643 1
645 1
646 2
647 3
649 1
650 7
651 2
653 4
654 4
655 2
656 5
657 3
658 3
659 4
660 3
661 3
662 2
663 2
664 2
665 3
666 4
667 5
668 4
670 4
671 3
672 1
673 4
674 4
675 4
676 9
678 4
679 3
680 5
681 7
682 6
683 2
684 2
685 4
686 6
687 2
688 6
689 3
690 1
691 4
692 2
693 1
694 2
695 7
696 1
697 3
698 6
699 3
700 3
702 5
703 2
704 3
705 2
706 4
707 6
708 2
709 2
710 3
711 4
712 5
713 3
714 6
716 6
717 3
718 3
719 3
720 3
721 2
722 6
723 3
724 7
725 8
726 4
727 5
728 4
729 2
730 4
731 8
732 5
733 4
734 3
735 5
736 1
737 1
738 3
739 5
740 5
741 3
742 6
743 5
744 4
745 4
746 5
747 5
748 3
749 4
750 3
751 3
752 7
753 2
754 7
755 4
756 4
757 3
758 6
759 8
760 8
761 4
762 3
763 2
764 3
765 4
766 5
767 2
768 2
769 3
770 5
771 3
772 4
773 2
774 5
775 8
776 3
777 2
778 5
779 2
780 6
781 2
782 3
783 5
784 3
785 7
786 4
787 3
788 3
789 3
790 8
791 3
792 5
793 1
794 3
795 3
796 6
797 3
798 4
799 5
800 1
801 4
802 4
803 5
804 8
805 6
806 5
807 7
808 6
809 6
810 7
811 8
812 7
813 4
814 3
815 5
816 4
817 7
818 4
819 8
820 5
821 10
822 4
823 3
824 6
825 7
826 8
827 5
828 5
829 6
830 9
831 8
832 4
833 9
834 7
835 7
836 3
837 5
838 6
839 5
840 5
841 5
842 5
843 6
844 12
845 5
846 8
847 5
848 4
849 5
850 9
851 2
852 7
853 2
854 3
855 6
856 5
857 3
858 6
859 8
860 8
861 9
862 6
863 2
864 4
865 6
866 4
867 2
868 7
869 9
870 6
871 10
872 7
873 3
874 5
875 6
876 7
877 2
878 11
879 8
880 2
881 8
882 2
883 1
884 7
885 6
886 5
887 5
888 5
889 4
890 6
891 4
892 6
893 3
894 6
895 5
896 7
897 2
898 10
899 1
900 4
901 5
902 6
903 6
904 9
905 5
906 11
907 5
908 6
909 2
910 7
911 2
912 8
913 7
914 5
915 8
916 7
917 4
918 4
919 4
920 3
921 2
922 5
923 6
924 4
925 8
926 5
927 7
928 8
929 8
930 10
931 3
932 9
933 9
934 6
935 6
936 7
937 3
938 8
939 9
940 3
941 7
942 8
943 6
944 14
945 3
946 7
947 6
948 2
949 2
950 4
951 10
952 9
953 1
954 6
955 8
956 5
957 8
958 7
959 5
960 8
961 10
962 7
963 5
964 3
965 1
966 1
967 5
968 7
969 3
970 8
971 6
972 4
973 8
974 7
975 5
976 5
977 11
978 10
979 9
980 8
981 8
982 6
983 5
984 10
985 4
986 5
987 5
988 5
989 3
990 5
991 7
992 3
993 9
994 9
995 8
996 7
997 7
998 4
999 4
1000 5
1001 6
1002 7
1003 2
1004 5
1005 6
1006 7
1007 4
1008 5
1009 6
1010 6
1011 3
1012 5
1013 7
1014 6
1015 6
1016 10
1017 7
1018 4
1019 7
1020 6
1021 4
1022 4
1023 3
1024 5
1025 9
1026 5
1027 5
1028 4
1029 7
1030 4
1031 6
1032 3
1033 6
1034 7
1035 4
1036 5
1037 4
1038 4
1039 6
1040 8
1041 9
1042 4
1043 5
1044 8
1045 4
1046 8
1047 8
1048 2
1049 7
1050 4
1051 8
1052 2
1053 11
1054 2
1055 5
1056 4
1057 2
1058 4
1059 4
1060 5
1061 5
1062 7
1063 5
1064 5
1065 4
1066 5
1067 8
1068 6
1069 8
1070 8
1071 5
1072 3
1073 5
1074 2
1075 4
1076 5
1077 3
1078 4
1079 4
1080 4
1081 4
1082 2
1083 3
1084 4
1085 6
1086 9
1087 6
1088 4
1089 6
1090 4
1091 5
1092 7
1093 7
1094 3
1095 8
1096 6
1097 4
1098 9
1099 8
1100 1
1101 5
1102 8
1103 11
1104 7
1105 6
1106 3
1107 3
1108 6
1109 1
1110 3
1111 9
1112 7
1113 5
1114 4
1115 8
1116 4
1117 6
1118 7
1119 5
1120 6
1121 7
1122 5
1123 6
1124 7
1125 4
1126 9
1127 4
1128 7
1129 13
1130 4
1131 7
1132 8
1133 2
1134 4
1135 3
1136 6
1137 6
1138 6
1139 8
1140 5
1141 8
1142 5
1143 5
1144 6
1145 6
1146 12
1147 7
1148 5
1149 5
1150 5
1151 1
1152 3
1153 5
1154 6
1155 4
1156 5
1157 4
1158 1
1159 9
1160 4
1161 8
1162 9
1163 8
1164 8
1165 4
1166 4
1167 2
1168 7
1169 4
1170 2
1171 4
1172 8
1173 5
1174 9
1175 3
1176 3
1177 7
1178 6
1179 5
1180 4
1181 3
1182 7
1183 3
1184 2
1185 3
1186 5
1187 7
1188 4
1189 4
1190 5
1191 3
1192 2
1193 4
1194 7
1195 9
1196 3
1197 4
1198 5
1199 1
1200 6
1201 2
1202 5
1203 3
1204 2
1205 2
1206 7
1207 5
1208 3
1209 5
1210 4
1211 7
1212 3
1213 4
1214 5
1215 7
1216 6
1217 7
1218 5
1219 3
1220 3
1221 4
1222 3
1223 7
1224 7
1225 3
1226 5
1227 1
1228 9
1229 6
1230 3
1231 4
1232 4
1233 2
1234 3
1235 6
1236 6
1237 3
1238 5
1239 3
1240 9
1241 4
1242 5
1243 2
1244 2
1245 4
1246 5
1247 1
1248 5
1249 2
1251 7
1252 4
1253 1
1254 5
1255 5
1256 3
1257 5
1258 4
1259 3
1260 5
1261 1
1262 5
1263 2
1264 6
1265 3
1266 3
1267 3
1268 3
1269 6
1270 2
1271 3
1272 6
1273 3
1274 1
1275 3
1276 4
1277 7
1278 6
1279 6
1280 7
1281 4
1282 1
1283 4
1284 2
1285 3
1286 6
1287 4
1288 2
1289 2
1290 4
1291 4
1292 6
1293 6
1294 7
1295 4
1296 4
1297 4
1298 4
1299 3
1300 8
1301 3
1302 3
1303 4
1304 7
1305 4
1306 6
1307 3
1308 2
1309 3
1310 3
1311 6
1312 8
1313 3
1314 1
1315 5
1316 6
1317 1
1318 3
1319 5
1320 4
1321 6
1322 1
1323 6
1324 6
1325 6
1326 4
1327 2
1328 1
1329 5
1330 4
1331 5
1332 1
1333 1
1334 2
1335 4
1336 4
1337 3
1339 5
1340 2
1341 3
1343 3
1344 4
1345 3
1347 5
1348 4
1349 2
1350 2
1351 4
1352 8
1353 4
1354 6
1355 5
1356 7
1357 8
1358 5
1359 3
1360 2
1361 3
1362 2
1363 4
1364 3
1365 6
1366 3
1367 3
1368 1
1369 2
1370 1
1371 5
1373 1
1374 3
1376 3
1378 3
1380 1
1381 1
1382 8
1383 7
1385 5
1386 1
1387 3
1388 3
1389 2
1392 3
1393 2
1394 6
1395 4
1396 2
1397 2
1398 4
1399 6
1400 3
1401 3
1402 3
1403 3
1404 1
1405 4
1406 1
1407 3
1408 4
1409 5
1410 3
1411 3
1412 3
1413 4
1414 4
1416 1
1417 3
1419 3
1420 1
1421 2
1422 2
1423 3
1424 5
1425 2
1427 2
1428 1
1430 4
1431 2
1433 2
1434 1
1435 2
1436 1
1437 1
1439 2
1442 3
1444 3
1445 3
1446 1
1449 3
1450 1
1451 3
1452 3
1455 1
1457 1
1459 1
1460 1
1461 2
1462 1
1464 1
1465 1
1466 1
1467 2
1468 1
1469 1
1472 1
1473 3
1474 1
1475 2
1476 1
1477 2
1478 1
1479 1
1480 3
1481 1
1482 2
1483 1
1484 1
1486 1
1487 1
1488 2
1493 1
1494 2
1495 1
1498 1
1501 1
1502 1
1504 2
1506 2
1509 3
1512 1
1517 1
1526 1
1529 1
1530 1
1554 1
1598 1
