N J h mean_R_sq err_mean_R_sq mean_R_gyr_sq err_mean_R_gyr_sq 
1225 1.445 0 1106.65 25.3216 320.034 1.98537
1000 7
1001 1
1002 4
1003 7
1004 4
1005 8
1006 5
1007 2
1008 2
1009 7
1010 5
1011 4
1012 5
1013 1
1014 2
1015 6
1016 7
1017 5
1018 2
1019 1
1020 2
1021 5
1022 3
1023 3
1024 4
1025 9
1026 3
1027 6
1028 3
1029 4
1030 5
1031 3
1032 5
1033 8
1034 6
1035 8
1036 6
1037 5
1038 7
1039 3
1040 6
1041 5
1042 5
1043 8
1044 6
1045 3
1046 7
1047 5
1048 7
1049 2
1050 6
1051 3
1052 2
1053 6
1054 4
1055 5
1056 2
1057 7
1058 8
1059 9
1060 4
1061 5
1062 5
1063 4
1064 2
1065 5
1066 7
1067 6
1068 3
1069 2
1070 6
1071 5
1072 9
1073 3
1074 7
1075 3
1076 6
1077 7
1078 5
1080 5
1081 4
1082 5
1083 6
1084 2
1085 5
1086 8
1087 5
1088 3
1089 6
1090 4
1091 5
1092 7
1093 3
1094 5
1095 4
1096 6
1097 6
1098 6
1099 6
1100 10
1101 5
1102 5
1103 5
1104 5
1105 2
1106 7
1107 6
1108 8
1109 6
1110 6
1111 7
1112 3
1113 4
1114 5
1115 10
1116 4
1117 8
1118 7
1119 7
1120 5
1121 6
1122 4
1123 7
1124 5
1125 5
1126 3
1127 3
1128 11
1129 5
1130 6
1131 7
1132 7
1133 6
1134 5
1135 6
1136 7
1137 3
1138 6
1139 4
1140 8
1141 6
1142 4
1143 6
1144 6
1145 4
1146 7
1147 5
1148 13
1149 8
1150 5
1151 8
1152 6
1153 5
1154 9
1155 9
1156 6
1157 5
1158 3
1159 8
1160 4
1161 10
1162 9
1163 4
1164 4
1165 5
1166 2
1167 2
1168 5
1169 6
1170 6
1171 11
1172 12
1173 4
1174 4
1175 9
1176 3
1177 8
1178 7
1179 8
1180 7
1181 6
1182 8
1183 5
1184 4
1185 2
1186 1
1187 2
1188 7
1189 6
1190 4
1191 6
1192 8
1193 1
1194 1
1195 6
1196 7
1197 4
1198 4
1199 9
1200 5
1201 3
1202 7
1203 4
1204 6
1205 9
1206 3
1207 3
1208 8
1209 6
1210 6
1211 3
1212 3
1213 6
1214 4
1215 3
1216 9
1217 5
1218 5
1219 2
1220 4
1221 7
1222 5
1223 1
1224 2
1225 7
1226 7
1227 4
1228 5
1229 3
1230 8
1231 7
1232 3
1233 6
1234 1
1235 1
1236 5
1237 2
1238 4
1239 6
1240 5
1241 4
1242 6
1243 5
1244 2
1245 4
1246 9
1247 4
1248 2
1249 2
1250 4
1251 4
1252 4
1253 4
1254 5
1255 6
1256 5
1257 4
1258 6
1259 7
1260 2
1261 4
1262 6
1263 4
1264 4
1265 2
1266 5
1267 8
1268 2
1269 6
1270 2
1271 5
1272 5
1273 4
1274 5
1275 6
1276 8
1278 4
1279 3
1280 1
1281 8
1282 2
1284 6
1285 5
1286 4
1287 3
1288 1
1289 3
1290 2
1291 4
1292 4
1293 4
1294 4
1295 5
1296 2
1297 2
1298 6
1299 2
1300 3
1301 2
1302 3
1303 4
1304 7
1305 3
1306 5
1307 1
1308 3
1309 1
1310 3
1311 1
1312 5
1313 3
1314 4
1316 2
1317 1
1318 1
1319 3
1320 2
1321 4
1322 2
1323 3
1325 2
1326 3
1327 1
1328 2
1330 1
1331 2
1332 5
1333 4
1334 2
1335 1
1336 1
1338 3
1339 1
1341 3
1342 2
1343 1
1344 2
1345 3
1346 1
1347 5
1348 4
1349 2
1350 2
1352 1
1353 2
1354 2
1355 2
1356 1
1357 3
1358 1
1359 2
1360 3
1362 2
1363 2
1364 1
1365 1
1366 4
1368 1
1369 1
1370 1
1372 1
1373 1
1375 1
1376 1
1378 2
1379 1
1380 1
1381 2
1382 1
1383 3
1384 1
1385 2
1386 2
1387 1
1389 1
1390 2
1391 1
1392 5
1393 1
1394 1
1396 1
1398 1
1401 2
1403 1
1405 1
1413 2
1414 2
1417 1
1428 3
1429 1
1436 1
1449 1
1453 1
1493 1
