N J h mean_R_sq err_mean_R_sq mean_R_gyr_sq err_mean_R_gyr_sq 
1225 1.435 0 1256.55 48.2573 340.824 5.03889
604 1
608 1
609 2
610 1
617 1
618 1
619 1
620 1
622 1
623 2
624 2
626 2
629 1
630 1
634 1
635 2
636 1
637 3
638 1
639 3
640 1
641 3
643 3
644 4
645 3
646 2
647 2
648 1
649 7
650 4
651 4
652 6
653 6
654 3
656 3
657 2
658 3
659 3
660 6
661 5
662 3
663 2
664 2
665 4
666 6
667 5
668 4
669 6
670 3
671 11
672 7
673 4
674 9
675 4
676 8
677 3
678 3
679 6
680 7
681 7
682 5
683 5
684 7
685 5
686 5
687 8
688 2
689 10
690 7
691 6
692 8
693 5
694 4
695 6
696 6
697 3
698 8
699 7
700 8
701 5
702 6
703 8
704 2
705 3
706 6
707 7
708 10
709 10
710 7
711 8
712 3
713 6
714 3
715 3
716 5
717 6
718 3
719 9
720 7
721 8
722 9
723 3
724 6
725 3
726 5
727 7
728 9
729 5
730 3
731 6
732 2
733 7
734 3
735 6
736 1
737 6
738 4
739 3
740 8
741 6
742 10
743 3
744 3
745 4
746 7
747 5
748 2
749 3
750 4
751 5
752 5
753 4
754 4
755 4
756 3
757 4
758 3
759 2
760 1
761 4
762 1
763 2
764 1
765 2
766 3
767 3
768 2
769 3
770 3
771 3
772 1
774 2
775 2
777 1
778 5
780 1
782 1
783 1
785 4
787 1
788 3
789 1
790 1
791 1
792 2
793 1
794 1
795 1
796 2
797 1
798 2
799 1
800 1
801 3
802 1
805 1
807 1
808 2
810 1
817 1
841 1
852 1
878 1
