N J h mean_R_sq err_mean_R_sq mean_R_gyr_sq err_mean_R_gyr_sq 
10000 1.31 0 231362 44453.6 32625.9 5146.81
871 1
879 2
881 1
890 3
895 1
898 3
900 1
901 1
902 1
903 1
905 1
906 1
907 1
908 3
909 1
910 3
911 1
913 5
914 2
916 9
917 3
918 5
919 4
920 9
921 7
922 2
923 2
924 6
925 6
926 7
927 9
928 12
929 10
930 11
931 7
932 10
933 7
934 9
935 10
936 6
937 22
938 14
939 19
940 16
941 18
942 17
943 18
944 24
945 23
946 33
947 18
948 38
949 24
950 21
951 28
952 38
953 29
954 35
955 36
956 25
957 31
958 42
959 35
960 34
961 39
962 40
963 34
964 46
965 53
966 55
967 57
968 58
969 49
970 53
971 37
972 54
973 58
974 56
975 65
976 57
977 51
978 55
979 72
980 66
981 58
982 64
983 79
984 69
985 88
986 84
987 70
988 86
989 78
990 101
991 68
992 81
993 80
994 85
995 66
996 64
997 86
998 72
999 65
1000 87
1001 73
1002 78
1003 93
1004 75
1005 77
1006 69
1007 68
1008 63
1009 71
1010 71
1011 83
1012 79
1013 78
1014 72
1015 76
1016 71
1017 71
1018 60
1019 75
1020 59
1021 75
1022 59
1023 60
1024 58
1025 60
1026 53
1027 55
1028 59
1029 44
1030 52
1031 42
1032 50
1033 49
1034 48
1035 49
1036 31
1037 43
1038 47
1039 43
1040 38
1041 46
1042 21
1043 28
1044 31
1045 22
1046 23
1047 27
1048 29
1049 36
1050 34
1051 32
1052 23
1053 22
1054 17
1055 25
1056 11
1057 17
1058 17
1059 21
1060 15
1061 12
1062 14
1063 19
1064 13
1065 10
1066 11
1067 16
1068 8
1069 9
1070 5
1071 7
1072 7
1073 9
1074 8
1075 5
1076 3
1077 7
1078 3
1079 6
1080 3
1081 6
1082 3
1083 1
1084 2
1085 4
1086 1
1087 2
1088 1
1089 1
1090 2
1091 1
1092 1
1093 1
1094 3
1096 3
1098 1
1099 1
1102 1
1104 1
1105 3
1106 1
1110 1
1112 1
