N J h mean_R_sq err_mean_R_sq mean_R_gyr_sq err_mean_R_gyr_sq 
2916 1.372 0 8800.39 334.268 1667.09 44.2667
642 1
662 2
676 1
679 2
682 1
686 1
689 1
693 1
695 1
700 1
706 1
708 1
709 1
711 4
712 1
715 1
717 2
718 2
719 2
720 1
721 1
723 1
724 2
725 3
726 1
727 1
728 1
729 2
730 1
732 2
733 1
734 2
735 4
736 3
737 2
738 2
739 1
740 2
741 1
742 1
744 1
745 3
747 3
748 1
749 2
750 2
751 1
752 1
753 4
755 3
756 4
757 4
758 3
759 2
760 4
761 2
762 2
763 4
764 8
765 1
766 2
767 1
768 5
769 4
770 1
771 3
772 4
773 9
774 3
775 9
776 4
777 2
778 8
779 3
780 5
781 4
782 4
783 5
784 4
785 4
786 4
787 1
788 3
789 7
790 6
791 5
792 2
793 1
794 3
795 6
796 7
797 7
798 2
799 4
800 5
801 3
802 7
803 1
804 6
805 5
806 8
807 7
808 7
809 5
810 2
811 4
812 8
813 10
814 9
815 5
816 4
817 4
818 6
819 4
820 5
821 5
822 9
823 7
824 5
825 8
826 7
827 7
828 9
829 12
830 12
831 8
832 13
833 9
834 14
835 10
836 15
837 11
838 8
839 10
840 7
841 10
842 10
843 12
844 7
845 16
846 10
847 10
848 7
849 11
850 12
851 14
852 10
853 13
854 16
855 10
856 12
857 10
858 5
859 10
860 10
861 12
862 13
863 14
864 8
865 11
866 4
867 9
868 15
869 15
870 13
871 10
872 13
873 13
874 17
875 14
876 12
877 10
878 10
879 16
880 14
881 7
882 15
883 12
884 11
885 26
886 15
887 18
888 13
889 15
890 19
891 17
892 18
893 16
894 13
895 18
896 14
897 17
898 15
899 13
900 12
901 15
902 13
903 12
904 19
905 20
906 14
907 22
908 19
909 20
910 27
911 18
912 31
913 15
914 21
915 8
916 28
917 20
918 20
919 20
920 24
921 21
922 22
923 23
924 22
925 19
926 26
927 19
928 19
929 21
930 23
931 24
932 14
933 22
934 21
935 21
936 19
937 26
938 29
939 30
940 23
941 30
942 22
943 24
944 30
945 32
946 33
947 26
948 18
949 28
950 20
951 29
952 28
953 23
954 27
955 23
956 22
957 19
958 29
959 26
960 31
961 16
962 32
963 27
964 21
965 15
966 16
967 23
968 20
969 21
970 26
971 30
972 26
973 24
974 27
975 30
976 31
977 23
978 24
979 26
980 24
981 31
982 23
983 21
984 31
985 26
986 28
987 37
988 34
989 21
990 34
991 28
992 34
993 28
994 33
995 29
996 20
997 34
998 42
999 22
1000 35
1001 24
1002 14
1003 32
1004 25
1005 20
1006 15
1007 34
1008 26
1009 24
1010 27
1011 32
1012 23
1013 30
1014 19
1015 29
1016 22
1017 27
1018 35
1019 22
1020 23
1021 39
1022 23
1023 24
1024 25
1025 21
1026 32
1027 22
1028 14
1029 23
1030 28
1031 35
1032 28
1033 32
1034 22
1035 22
1036 31
1037 29
1038 18
1039 20
1040 32
1041 24
1042 25
1043 19
1044 30
1045 26
1046 26
1047 24
1048 18
1049 31
1050 27
1051 23
1052 26
1053 23
1054 24
1055 18
1056 20
1057 23
1058 22
1059 25
1060 25
1061 17
1062 26
1063 14
1064 16
1065 18
1066 30
1067 25
1068 19
1069 33
1070 25
1071 23
1072 24
1073 30
1074 22
1075 23
1076 27
1077 17
1078 21
1079 15
1080 18
1081 16
1082 22
1083 19
1084 21
1085 12
1086 16
1087 20
1088 18
1089 18
1090 24
1091 15
1092 16
1093 17
1094 12
1095 20
1096 20
1097 22
1098 13
1099 12
1100 17
1101 25
1102 13
1103 14
1104 24
1105 13
1106 21
1107 19
1108 19
1109 17
1110 25
1111 12
1112 12
1113 13
1114 18
1115 13
1116 11
1117 11
1118 11
1119 14
1120 14
1121 13
1122 11
1123 11
1124 13
1125 13
1126 15
1127 17
1128 9
1129 11
1130 9
1131 18
1132 16
1133 19
1134 22
1135 14
1136 13
1137 14
1138 9
1139 9
1140 13
1141 20
1142 17
1143 7
1144 10
1145 12
1146 11
1147 17
1148 4
1149 10
1150 4
1151 11
1152 7
1153 7
1154 13
1155 7
1156 15
1157 15
1158 14
1159 10
1160 11
1161 8
1162 16
1163 8
1164 9
1165 9
1166 11
1167 14
1168 10
1169 6
1170 10
1171 6
1172 4
1173 4
1174 4
1175 8
1176 11
1177 7
1178 12
1179 8
1180 9
1181 5
1182 8
1183 9
1184 13
1185 11
1186 8
1187 10
1188 8
1189 2
1190 9
1191 6
1192 8
1193 12
1194 5
1195 3
1196 3
1197 6
1198 5
1199 5
1200 2
1201 5
1202 8
1203 5
1204 6
1205 2
1206 6
1207 3
1208 1
1209 2
1210 5
1211 6
1212 2
1213 5
1214 3
1215 1
1216 5
1217 7
1218 2
1219 1
1220 8
1221 2
1222 2
1223 4
1224 2
1225 2
1226 1
1227 4
1228 7
1229 4
1231 6
1232 3
1233 3
1234 3
1235 4
1236 5
1237 3
1238 4
1240 2
1241 1
1242 1
1243 5
1244 1
1245 1
1246 1
1247 3
1248 2
1249 3
1250 2
1251 1
1252 2
1253 2
1255 1
1256 2
1257 1
1258 1
1260 1
1261 3
1262 2
1263 2
1264 3
1265 1
1267 1
1268 4
1269 2
1271 1
1273 1
1274 5
1275 1
1276 1
1278 1
1281 1
1282 1
1283 1
1284 1
1286 3
1288 1
1289 1
1291 1
1294 1
1299 2
1301 3
1302 2
1304 1
1307 1
1310 1
1311 1
1314 2
1320 1
1322 1
1323 1
1329 1
1337 1
1344 1
1348 2
1354 1
1375 1
