N J h mean_R_sq err_mean_R_sq mean_R_gyr_sq err_mean_R_gyr_sq 
900 1.435 0 1015.07 23.9789 262.741 1.91384
348 1
351 1
360 1
366 1
383 1
389 1
399 1
407 2
426 1
428 1
430 1
432 1
436 1
448 1
450 1
456 1
457 1
458 1
460 1
462 1
463 1
468 1
472 1
473 2
479 1
480 1
481 1
482 1
483 1
485 1
488 1
489 1
491 1
495 1
496 2
498 1
499 1
503 1
505 2
506 1
508 1
513 2
515 1
516 1
517 1
519 1
523 1
525 2
526 1
530 1
531 5
533 1
534 3
536 3
537 1
538 2
539 1
542 2
543 3
544 2
547 3
548 2
549 1
552 3
553 1
554 1
555 2
559 1
560 1
561 2
562 1
563 1
564 1
565 1
566 1
568 1
569 3
570 1
572 1
573 1
575 3
576 2
577 1
579 1
580 3
585 2
586 2
587 2
588 1
591 1
592 1
595 1
596 1
597 2
598 1
599 1
600 2
602 1
603 1
606 1
607 1
608 2
609 6
610 3
612 3
613 1
616 2
617 2
618 4
619 1
620 1
622 1
623 1
625 1
626 1
627 1
629 2
630 2
632 2
633 3
634 1
635 1
636 1
637 3
638 1
639 2
640 1
641 2
642 1
643 1
644 3
645 1
646 1
647 1
648 1
649 1
650 1
651 1
652 5
653 1
654 1
657 3
659 1
662 2
663 2
664 1
665 1
666 4
667 3
668 1
669 2
670 3
671 1
673 2
674 2
675 4
676 3
677 3
679 2
681 4
683 1
684 4
685 3
686 2
687 1
689 1
690 1
691 1
692 2
693 4
694 1
695 4
697 2
698 4
699 3
700 3
701 4
702 1
703 3
704 3
705 1
706 4
709 2
710 3
711 2
712 2
713 2
714 2
715 2
717 2
719 3
720 1
721 3
722 1
723 2
724 3
726 1
727 1
728 2
729 1
731 2
732 2
734 1
735 3
736 1
737 1
738 3
740 4
741 3
742 3
743 2
744 2
745 3
746 4
747 1
748 6
749 4
750 4
751 3
753 4
755 3
756 2
759 2
760 3
762 1
763 5
764 3
765 2
766 1
767 5
769 3
771 2
772 1
773 1
774 1
775 1
776 3
777 1
779 2
780 1
781 3
782 2
785 1
786 2
787 2
788 1
789 1
791 4
792 1
793 1
794 1
795 3
797 4
799 2
800 3
801 2
802 2
803 2
804 2
805 1
806 4
807 3
808 1
809 4
810 1
811 2
812 1
813 3
814 2
815 1
816 3
817 2
818 1
819 3
820 5
821 3
822 2
823 2
825 5
826 2
827 1
828 1
829 1
830 4
831 1
832 4
833 3
834 3
835 4
836 3
837 3
838 3
840 2
841 2
842 1
844 1
845 3
846 4
847 3
848 2
849 2
850 5
852 2
853 2
854 2
855 3
856 3
858 1
859 3
863 3
864 1
865 1
866 1
867 1
868 3
869 2
870 1
871 2
874 4
875 3
876 3
877 3
878 1
879 2
880 2
881 2
882 2
883 5
884 2
885 4
886 1
887 1
888 4
889 2
891 1
892 2
893 2
894 1
895 2
897 3
898 4
899 3
900 3
901 3
903 1
904 1
906 2
907 1
908 2
909 3
911 1
912 1
913 1
914 1
917 2
918 2
919 3
920 3
921 2
922 4
923 4
924 1
925 2
926 4
927 1
928 2
929 1
930 1
931 3
932 1
933 1
934 3
936 3
937 3
938 2
939 3
940 2
942 2
943 2
944 1
945 4
947 3
948 1
949 3
950 1
951 1
953 2
954 2
955 3
956 2
957 2
958 1
959 1
961 2
962 3
963 2
964 3
965 3
966 4
967 5
968 5
969 4
970 2
971 1
972 1
973 1
974 4
975 3
976 2
977 4
978 4
979 2
980 2
981 4
983 1
984 2
985 1
986 1
987 2
988 1
989 2
990 1
991 1
992 1
993 2
996 4
997 3
998 1
999 4
1000 3
1002 1
1003 3
1004 1
1005 2
1006 6
1007 1
1008 1
1009 2
1010 4
1011 3
1012 3
1013 1
1014 4
1015 2
1016 2
1018 5
1019 4
1020 4
1021 1
1022 1
1024 2
1026 1
1028 2
1029 5
1030 4
1031 1
1032 3
1033 3
1034 3
1035 1
1036 2
1038 2
1039 5
1040 5
1041 1
1042 3
1043 5
1044 3
1045 2
1046 4
1047 5
1049 4
1050 1
1051 2
1052 3
1053 4
1054 1
1055 1
1056 2
1057 4
1058 2
1059 1
1060 5
1061 2
1062 3
1063 2
1064 3
1065 2
1066 1
1067 1
1068 2
1069 4
1070 4
1071 2
1072 2
1073 3
1074 4
1075 2
1076 1
1077 7
1078 3
1079 3
1080 3
1083 2
1084 2
1085 4
1086 2
1088 1
1089 3
1090 1
1091 4
1092 2
1093 4
1094 1
1095 3
1096 4
1097 2
1098 4
1099 3
1100 3
1101 3
1102 1
1103 5
1105 1
1108 1
1109 3
1110 6
1112 3
1113 4
1114 2
1115 3
1116 3
1117 2
1118 1
1119 4
1120 5
1121 1
1122 4
1124 5
1125 2
1126 4
1128 4
1129 1
1130 1
1131 2
1133 1
1134 4
1136 1
1137 3
1138 3
1139 1
1140 1
1141 2
1142 1
1143 1
1144 1
1145 3
1146 1
1147 3
1149 1
1150 2
1152 6
1153 2
1154 5
1155 1
1156 1
1157 3
1159 1
1160 1
1161 2
1162 5
1163 1
1164 1
1165 2
1166 3
1168 1
1169 2
1171 3
1172 3
1174 2
1176 4
1177 2
1178 3
1179 2
1181 1
1182 3
1183 4
1184 2
1185 1
1186 1
1187 1
1188 2
1189 1
1190 2
1191 2
1192 1
1193 3
1194 3
1195 2
1196 5
1197 3
1198 1
1199 1
1200 3
1201 1
1202 1
1203 1
1205 1
1206 3
1207 3
1208 1
1209 3
1210 3
1211 3
1212 1
1213 1
1214 3
1215 1
1216 1
1217 2
1218 5
1219 1
1220 5
1223 4
1224 1
1226 1
1227 1
1228 2
1229 6
1230 2
1231 2
1232 4
1233 3
1236 2
1237 3
1239 2
1240 1
1243 1
1244 2
1245 3
1246 2
1247 2
1249 3
1250 2
1251 2
1253 2
1255 2
1257 1
1258 3
1259 2
1260 2
1261 4
1262 3
1263 2
1265 4
1266 1
1267 3
1268 1
1269 1
1270 2
1272 2
1274 1
1275 4
1276 3
1277 2
1278 1
1279 3
1281 2
1282 2
1283 1
1284 4
1285 1
1286 1
1287 1
1288 2
1289 4
1290 5
1291 4
1292 3
1293 6
1294 1
1295 1
1296 3
1297 3
1298 4
1299 2
1300 1
1302 4
1303 2
1304 3
1305 3
1306 2
1307 1
1308 3
1309 2
1310 3
1311 2
1313 2
1315 3
1316 2
1317 1
1319 3
1320 2
1321 2
1322 4
1324 1
1325 1
1326 3
1328 2
1329 2
1330 1
1331 1
1333 4
1334 1
1335 2
1336 1
1337 2
1338 1
1339 2
1340 2
1341 1
1342 2
1343 3
1344 2
1345 4
1346 2
1347 2
1348 2
1349 1
1351 1
1352 1
1353 1
1355 1
1356 5
1357 2
1358 2
1359 2
1360 1
1362 2
1363 2
1364 1
1365 2
1367 1
1368 3
1370 1
1371 2
1372 1
1374 1
1375 4
1376 1
1377 2
1378 1
1379 3
1382 2
1383 2
1384 2
1385 2
1386 1
1387 1
1388 1
1389 2
1390 1
1391 2
1392 2
1393 1
1394 1
1395 1
1396 2
1397 1
1398 1
1399 4
1400 1
1401 1
1402 1
1403 4
1404 1
1405 2
1406 4
1407 1
1409 4
1411 2
1412 2
1413 1
1414 1
1416 2
1417 2
1419 2
1424 1
1425 2
1426 1
1428 1
1429 1
1431 3
1432 2
1433 1
1435 3
1436 1
1437 1
1438 1
1439 1
1440 1
1443 1
1444 1
1447 2
1448 2
1450 1
1451 1
1452 2
1453 2
1456 1
1457 3
1458 1
1459 1
1460 2
1462 2
1464 1
1465 2
1467 1
1468 1
1470 2
1472 2
1477 1
1481 1
1482 2
1483 1
1491 2
1494 1
1495 1
1497 1
1498 2
1500 1
1503 1
1506 1
1507 2
1509 2
1510 1
1511 1
1512 1
1515 1
1517 1
1518 2
1520 1
1522 1
1523 1
1524 1
1527 1
1529 1
1533 1
1535 1
1536 1
1543 1
1546 1
1555 1
1559 1
1565 2
1572 1
1574 1
1580 2
1581 1
1587 1
1589 2
1617 1
1618 1
1627 1
1633 1
1636 1
