N J h mean_R_sq err_mean_R_sq mean_R_gyr_sq err_mean_R_gyr_sq 
8100 1.425 0 1.12977e+06 393810 175388 41940.5
656 1
678 1
703 1
706 1
727 2
736 1
743 1
754 2
758 1
760 2
762 1
763 1
773 1
778 1
779 1
780 1
783 1
784 1
786 1
788 1
790 1
791 1
801 1
805 1
812 2
815 1
817 1
818 2
819 1
823 1
825 1
827 1
829 1
831 1
835 2
837 2
838 1
841 1
844 1
848 1
851 1
852 1
853 2
854 1
858 1
859 1
860 1
861 1
863 3
864 2
866 1
867 2
869 3
871 5
873 4
874 1
876 1
877 1
878 1
879 1
882 1
883 2
884 3
885 2
888 2
890 1
891 1
893 2
894 1
896 2
897 3
898 1
899 1
900 1
901 1
904 4
905 1
906 2
907 1
908 1
909 1
911 3
912 4
913 1
915 1
916 2
917 1
918 2
919 1
920 1
921 4
922 2
925 1
926 1
927 2
929 5
930 1
932 5
933 1
936 1
937 1
938 1
939 4
940 1
941 1
943 1
944 2
945 1
946 1
948 2
949 1
950 3
951 2
952 2
954 3
955 1
956 1
958 3
959 3
960 1
961 2
962 2
963 1
964 2
965 2
966 1
968 1
969 1
971 1
972 1
974 5
975 3
976 2
977 1
979 6
980 2
981 2
982 1
983 1
984 1
986 1
987 2
988 2
990 2
991 1
993 2
995 2
996 2
998 3
1000 1
1001 3
1002 1
1003 1
1006 2
1007 1
1008 4
1010 2
1011 2
1012 1
1013 3
1016 3
1019 3
1020 2
1021 3
1022 1
1023 1
1024 3
1025 3
1028 1
1029 2
1030 1
1031 1
1032 2
1033 1
1034 1
1035 1
1036 2
1037 1
1038 2
1039 1
1041 2
1042 3
1043 1
1044 1
1045 2
1046 3
1047 3
1048 2
1049 1
1050 1
1051 1
1052 1
1053 1
1055 5
1056 1
1057 1
1059 1
1060 3
1061 1
1062 2
1063 1
1064 1
1065 3
1066 1
1067 2
1068 2
1069 2
1070 4
1071 2
1072 2
1074 1
1077 2
1078 1
1080 1
1081 1
1082 1
1084 1
1085 1
1086 2
1087 1
1089 2
1090 2
1092 1
1093 2
1094 1
1095 2
1096 1
1097 2
1098 1
1099 1
1100 2
1102 2
1103 1
1106 4
1107 1
1108 2
1109 2
1110 1
1111 1
1113 2
1114 2
1115 1
1116 1
1117 1
1119 3
1120 1
1121 1
1123 1
1124 2
1125 2
1126 2
1127 1
1133 1
1134 2
1136 1
1137 3
1139 1
1140 2
1141 1
1143 1
1144 1
1145 4
1147 3
1148 2
1150 2
1152 2
1159 1
1160 1
1161 2
1162 1
1165 2
1167 1
1171 2
1174 1
1176 1
1177 1
1178 3
1180 1
1182 1
1189 1
1190 1
1191 1
1192 2
1194 1
1195 1
1202 1
1205 1
1207 1
1217 1
1218 1
1219 1
1221 1
1224 1
1227 2
1228 1
1229 1
1231 1
1232 1
1238 2
1243 1
1248 1
1249 1
1252 2
1257 1
1260 1
1267 1
1271 1
1272 1
1286 1
1289 1
1298 1
