N J h mean_R_sq err_mean_R_sq mean_R_gyr_sq err_mean_R_gyr_sq 
2916 1.33 0 25453.1 3793.64 3925.23 453.433
867 1
888 1
889 2
901 1
904 1
905 1
909 1
912 1
913 1
915 2
916 1
917 1
918 1
920 2
921 2
922 2
923 4
924 2
925 1
927 3
928 2
929 1
930 3
931 5
932 1
933 2
934 1
935 2
936 2
937 4
938 4
939 4
940 7
941 3
942 3
943 2
944 1
945 1
946 2
947 1
948 4
949 4
950 2
951 2
952 2
953 4
954 3
955 2
956 2
957 2
958 4
959 2
960 3
961 2
962 8
963 2
964 2
965 3
966 2
967 2
968 3
969 3
970 1
971 3
972 3
973 1
974 1
975 2
976 1
977 1
978 1
979 4
980 1
981 4
985 2
986 1
988 1
990 1
991 3
992 1
993 3
994 3
995 1
997 1
998 1
1003 3
1005 1
1006 2
1009 1
1010 1
1012 1
1025 1
1026 1
1030 1
1038 1
