N J h mean_R_sq err_mean_R_sq mean_R_gyr_sq err_mean_R_gyr_sq 
1225 1.429 0 1384.2 20.782 353.256 1.65654
1000 36
1001 26
1002 31
1003 32
1004 29
1005 34
1006 26
1007 36
1008 33
1009 23
1010 21
1011 21
1012 34
1013 26
1014 29
1015 27
1016 31
1017 21
1018 29
1019 33
1020 21
1021 25
1022 26
1023 31
1024 29
1025 18
1026 34
1027 29
1028 36
1029 14
1030 28
1031 28
1032 22
1033 24
1034 22
1035 26
1036 19
1037 32
1038 28
1039 34
1040 24
1041 27
1042 26
1043 20
1044 35
1045 36
1046 36
1047 22
1048 23
1049 27
1050 26
1051 28
1052 11
1053 36
1054 18
1055 20
1056 35
1057 31
1058 24
1059 23
1060 14
1061 26
1062 33
1063 27
1064 24
1065 29
1066 34
1067 28
1068 27
1069 23
1070 29
1071 28
1072 28
1073 24
1074 26
1075 40
1076 28
1077 30
1078 26
1079 31
1080 27
1081 24
1082 27
1083 29
1084 31
1085 29
1086 24
1087 29
1088 12
1089 20
1090 22
1091 25
1092 25
1093 32
1094 38
1095 28
1096 22
1097 21
1098 31
1099 22
1100 22
1101 25
1102 26
1103 30
1104 23
1105 23
1106 13
1107 23
1108 31
1109 25
1110 19
1111 24
1112 32
1113 31
1114 21
1115 23
1116 27
1117 33
1118 24
1119 18
1120 21
1121 20
1122 28
1123 33
1124 22
1125 23
1126 19
1127 24
1128 35
1129 14
1130 31
1131 27
1132 28
1133 25
1134 18
1135 31
1136 17
1137 27
1138 31
1139 31
1140 29
1141 26
1142 25
1143 23
1144 29
1145 23
1146 23
1147 26
1148 20
1149 27
1150 29
1151 24
1152 20
1153 20
1154 25
1155 19
1156 23
1157 30
1158 24
1159 26
1160 27
1161 14
1162 19
1163 15
1164 23
1165 19
1166 20
1167 15
1168 22
1169 21
1170 19
1171 15
1172 19
1173 26
1174 19
1175 21
1176 20
1177 16
1178 22
1179 19
1180 14
1181 19
1182 17
1183 19
1184 15
1185 29
1186 19
1187 16
1188 13
1189 10
1190 11
1191 13
1192 12
1193 15
1194 18
1195 20
1196 14
1197 24
1198 16
1199 14
1200 23
1201 19
1202 18
1203 14
1204 18
1205 13
1206 20
1207 18
1208 13
1209 11
1210 15
1211 13
1212 17
1213 21
1214 26
1215 10
1216 16
1217 14
1218 18
1219 19
1220 15
1221 10
1222 21
1223 21
1224 8
1225 18
1226 14
1227 12
1228 18
1229 8
1230 17
1231 5
1232 16
1233 14
1234 10
1235 18
1236 15
1237 13
1238 14
1239 13
1240 11
1241 15
1242 7
1243 8
1244 10
1245 10
1246 17
1247 9
1248 16
1249 11
1250 20
1251 6
1252 11
1253 10
1254 8
1255 18
1256 9
1257 10
1258 10
1259 7
1260 9
1261 14
1262 17
1263 11
1264 12
1265 11
1266 9
1267 7
1268 7
1269 6
1270 5
1271 4
1272 6
1273 5
1274 14
1275 8
1276 8
1277 15
1278 4
1279 8
1280 10
1281 8
1282 10
1283 6
1284 7
1285 9
1286 3
1287 9
1288 6
1289 12
1290 8
1291 4
1292 5
1293 4
1294 5
1295 7
1296 6
1297 4
1298 6
1299 9
1300 11
1301 6
1302 7
1303 7
1304 5
1305 11
1306 4
1307 8
1308 4
1309 9
1310 4
1311 5
1312 2
1313 2
1314 6
1315 6
1316 3
1317 8
1318 7
1319 5
1321 4
1322 7
1323 4
1324 6
1325 6
1326 4
1327 6
1328 6
1329 2
1330 1
1331 4
1332 2
1333 1
1334 7
1335 5
1336 3
1337 5
1338 3
1339 4
1340 2
1341 5
1342 3
1343 3
1344 3
1345 1
1346 4
1347 3
1348 6
1349 2
1350 2
1351 2
1352 2
1353 1
1354 3
1355 2
1356 1
1357 5
1359 1
1361 1
1362 2
1364 2
1365 3
1366 2
1367 1
1368 1
1369 1
1371 2
1372 5
1373 5
1374 2
1375 2
1376 2
1377 2
1378 1
1379 1
1380 1
1381 1
1383 1
1385 3
1388 3
1389 3
1391 1
1392 1
1395 3
1396 1
1397 1
1399 2
1400 1
1401 1
1406 2
1407 1
1410 1
1414 1
1418 1
1424 1
1425 1
1427 1
1429 1
1435 1
1439 1
1441 1
1447 1
1448 1
1455 1
1463 1
1472 1
1484 1
1502 1
