N J h mean_R_sq err_mean_R_sq mean_R_gyr_sq err_mean_R_gyr_sq 
4900 1.35 0 32024.8 4460.51 5207.98 644.704
722 1
766 1
770 1
781 1
788 1
794 1
799 1
800 1
801 2
809 2
817 1
818 1
819 1
821 1
822 1
824 1
825 2
827 1
831 1
836 1
838 2
839 1
840 1
841 1
843 1
844 1
845 3
846 4
847 1
848 3
849 2
850 1
851 3
852 1
853 1
855 2
856 5
860 2
862 3
863 2
865 1
866 2
867 3
868 2
869 1
870 2
871 2
872 2
873 4
874 6
875 2
876 4
877 2
879 4
880 3
881 4
882 2
883 4
884 5
885 3
886 6
887 6
888 1
889 4
890 2
891 3
892 7
893 9
894 3
895 4
896 7
897 9
898 4
899 4
900 8
901 4
902 4
903 5
904 6
905 5
906 11
907 4
908 2
909 8
910 8
911 6
912 4
913 9
914 12
915 8
916 8
917 7
918 8
919 7
920 9
921 11
922 11
923 9
924 11
925 8
926 11
927 11
928 6
929 14
930 6
931 4
932 9
933 6
934 8
935 11
936 13
937 8
938 12
939 6
940 10
941 8
942 9
943 18
944 10
945 12
946 11
947 6
948 15
949 9
950 11
951 13
952 9
953 15
954 11
955 15
956 7
957 12
958 14
959 12
960 20
961 16
962 17
963 13
964 10
965 20
966 11
967 14
968 14
969 11
970 12
971 9
972 11
973 9
974 12
975 21
976 19
977 13
978 15
979 13
980 9
981 13
982 14
983 19
984 16
985 20
986 12
987 16
988 19
989 16
990 17
991 11
992 15
993 14
994 19
995 18
996 23
997 14
998 9
999 16
1000 13
1001 20
1002 25
1003 15
1004 15
1005 14
1006 15
1007 17
1008 16
1009 16
1010 10
1011 14
1012 22
1013 15
1014 13
1015 11
1016 23
1017 18
1018 16
1019 13
1020 16
1021 16
1022 15
1023 15
1024 14
1025 18
1026 14
1027 13
1028 9
1029 15
1030 16
1031 17
1032 20
1033 14
1034 19
1035 12
1036 11
1037 9
1038 10
1039 13
1040 13
1041 13
1042 15
1043 10
1044 9
1045 16
1046 10
1047 6
1048 15
1049 15
1050 10
1051 11
1052 7
1053 16
1054 15
1055 7
1056 10
1057 8
1058 13
1059 12
1060 10
1061 7
1062 15
1063 13
1064 12
1065 9
1066 10
1067 11
1068 14
1069 8
1070 17
1071 15
1072 5
1073 11
1074 10
1075 7
1076 6
1077 9
1078 8
1079 10
1080 7
1081 8
1082 7
1083 5
1084 18
1085 6
1086 1
1087 10
1088 9
1089 4
1090 8
1091 6
1092 10
1093 6
1094 6
1095 3
1096 9
1097 11
1098 7
1099 5
1100 5
1101 11
1102 2
1103 2
1104 2
1105 5
1106 2
1107 2
1108 6
1109 2
1110 7
1111 6
1112 3
1113 5
1114 7
1115 4
1116 4
1117 3
1118 3
1119 4
1120 4
1121 2
1122 2
1123 3
1124 4
1125 1
1126 2
1127 1
1128 4
1129 4
1130 2
1131 3
1132 2
1133 3
1134 1
1135 1
1137 2
1138 1
1139 2
1140 3
1141 3
1142 3
1143 4
1144 3
1145 1
1147 3
1150 4
1151 2
1153 2
1154 2
1156 1
1157 3
1161 3
1162 2
1164 1
1165 1
1166 2
1168 1
1169 2
1170 2
1175 1
1181 1
1186 2
1188 1
1210 1
