N J h mean_R_sq err_mean_R_sq mean_R_gyr_sq err_mean_R_gyr_sq 
900 1.465 0 792.086 6.88765 224.339 0.430988
1000 24
1001 12
1002 13
1003 22
1004 23
1005 14
1006 13
1007 18
1008 22
1009 15
1010 22
1011 22
1012 21
1013 21
1014 15
1015 23
1016 25
1017 17
1018 24
1019 27
1020 23
1021 27
1022 26
1023 19
1024 28
1025 16
1026 22
1027 23
1028 20
1029 21
1030 28
1031 37
1032 25
1033 23
1034 24
1035 24
1036 25
1037 23
1038 30
1039 23
1040 23
1041 26
1042 20
1043 35
1044 24
1045 28
1046 29
1047 23
1048 21
1049 20
1050 21
1051 29
1052 24
1053 26
1054 26
1055 30
1056 21
1057 26
1058 34
1059 26
1060 17
1061 26
1062 23
1063 32
1064 26
1065 25
1066 26
1067 35
1068 29
1069 22
1070 27
1071 27
1072 25
1073 37
1074 19
1075 28
1076 22
1077 40
1078 26
1079 28
1080 28
1081 25
1082 32
1083 26
1084 33
1085 35
1086 28
1087 31
1088 27
1089 28
1090 30
1091 29
1092 38
1093 14
1094 35
1095 33
1096 47
1097 25
1098 31
1099 34
1100 30
1101 33
1102 28
1103 39
1104 38
1105 27
1106 32
1107 34
1108 33
1109 32
1110 31
1111 40
1112 28
1113 32
1114 32
1115 36
1116 25
1117 34
1118 38
1119 39
1120 40
1121 31
1122 29
1123 36
1124 34
1125 33
1126 44
1127 29
1128 28
1129 37
1130 33
1131 36
1132 38
1133 22
1134 36
1135 44
1136 32
1137 34
1138 35
1139 31
1140 33
1141 37
1142 28
1143 33
1144 31
1145 25
1146 38
1147 38
1148 41
1149 30
1150 37
1151 43
1152 44
1153 44
1154 31
1155 50
1156 42
1157 43
1158 38
1159 27
1160 37
1161 31
1162 38
1163 36
1164 34
1165 43
1166 51
1167 43
1168 40
1169 44
1170 43
1171 48
1172 36
1173 31
1174 31
1175 38
1176 36
1177 32
1178 41
1179 32
1180 35
1181 43
1182 38
1183 32
1184 33
1185 44
1186 28
1187 37
1188 44
1189 43
1190 32
1191 43
1192 28
1193 33
1194 42
1195 44
1196 37
1197 48
1198 37
1199 35
1200 48
1201 39
1202 42
1203 39
1204 54
1205 33
1206 39
1207 40
1208 52
1209 42
1210 47
1211 36
1212 35
1213 41
1214 40
1215 39
1216 37
1217 31
1218 33
1219 48
1220 43
1221 48
1222 37
1223 43
1224 23
1225 27
1226 31
1227 48
1228 42
1229 39
1230 43
1231 41
1232 45
1233 39
1234 45
1235 53
1236 44
1237 32
1238 30
1239 34
1240 41
1241 42
1242 38
1243 45
1244 29
1245 43
1246 38
1247 34
1248 42
1249 31
1250 38
1251 40
1252 41
1253 46
1254 43
1255 43
1256 51
1257 35
1258 34
1259 39
1260 33
1261 33
1262 38
1263 40
1264 43
1265 43
1266 47
1267 52
1268 29
1269 45
1270 41
1271 36
1272 36
1273 34
1274 42
1275 49
1276 27
1277 45
1278 41
1279 35
1280 45
1281 40
1282 41
1283 44
1284 43
1285 36
1286 47
1287 37
1288 38
1289 37
1290 38
1291 29
1292 34
1293 34
1294 34
1295 39
1296 39
1297 37
1298 33
1299 47
1300 38
1301 34
1302 37
1303 38
1304 46
1305 40
1306 38
1307 23
1308 35
1309 41
1310 33
1311 45
1312 22
1313 31
1314 32
1315 34
1316 32
1317 25
1318 33
1319 25
1320 36
1321 28
1322 34
1323 34
1324 31
1325 30
1326 28
1327 30
1328 27
1329 32
1330 34
1331 31
1332 38
1333 32
1334 31
1335 25
1336 30
1337 33
1338 19
1339 26
1340 29
1341 26
1342 28
1343 24
1344 23
1345 32
1346 34
1347 20
1348 16
1349 29
1350 23
1351 28
1352 32
1353 31
1354 25
1355 38
1356 26
1357 30
1358 13
1359 22
1360 24
1361 19
1362 25
1363 19
1364 26
1365 21
1366 21
1367 19
1368 24
1369 17
1370 22
1371 25
1372 24
1373 16
1374 26
1375 21
1376 22
1377 15
1378 18
1379 23
1380 23
1381 18
1382 20
1383 16
1384 16
1385 12
1386 21
1387 20
1388 23
1389 18
1390 12
1391 22
1392 17
1393 16
1394 8
1395 11
1396 24
1397 20
1398 14
1399 17
1400 16
1401 5
1402 9
1403 17
1404 10
1405 16
1406 14
1407 14
1408 11
1409 7
1410 13
1411 9
1412 11
1413 8
1414 8
1415 5
1416 12
1417 11
1418 11
1419 16
1420 7
1421 9
1422 10
1423 10
1424 7
1425 10
1426 12
1427 10
1428 5
1429 11
1430 11
1431 10
1432 7
1433 5
1434 13
1435 8
1436 8
1437 1
1438 9
1439 11
1440 7
1441 12
1442 8
1443 6
1444 6
1445 2
1446 7
1447 4
1448 8
1449 8
1450 8
1451 4
1452 4
1453 4
1454 2
1455 1
1456 2
1457 4
1458 5
1459 1
1460 5
1461 4
1462 5
1463 2
1464 1
1465 1
1466 5
1467 4
1468 8
1469 2
1470 1
1471 1
1472 5
1473 5
1474 4
1475 1
1476 2
1478 1
1479 2
1480 1
1481 3
1482 1
1483 1
1484 1
1485 1
1486 2
1487 3
1489 4
1491 2
1492 4
1493 3
1494 1
1495 3
1497 2
1500 2
1501 2
1505 1
1508 1
1509 1
1510 1
1512 2
1517 3
1519 1
1523 1
1528 1
1531 1
1534 1
1548 1
