N J h mean_R_sq err_mean_R_sq mean_R_gyr_sq err_mean_R_gyr_sq 
10000 1.364 0 92165.1 52986.8 14939.8 8090.89
1000 2413
1001 2127
1002 1725
1003 1395
1004 1288
1005 1049
1006 982
1007 840
1008 697
1009 607
1010 543
1011 502
1012 418
1013 383
1014 305
1015 288
1016 260
1017 193
1018 167
1019 142
1020 120
1021 117
1022 77
1023 90
1024 66
1025 51
1026 67
1027 49
1028 38
1029 53
1030 34
1031 39
1032 27
1033 22
1034 25
1035 17
1036 16
1037 18
1038 10
1039 20
1040 25
1041 17
1042 21
1043 14
1044 18
1045 18
1046 15
1047 22
1048 18
1049 24
1050 21
1051 13
1052 17
1053 18
1054 18
1055 14
1056 15
1057 17
1058 21
1059 13
1060 14
1061 12
1062 18
1063 14
1064 11
1065 9
1066 3
1067 7
1068 5
1069 12
1070 10
1071 4
1072 6
1073 1
1074 4
1075 2
1076 4
1077 4
1078 3
1079 1
1080 3
1081 3
1082 4
1083 3
1084 2
1085 2
1086 2
1087 1
1088 4
1089 2
1090 2
1091 3
1092 1
1093 4
1094 5
1095 1
1096 4
1097 1
1098 4
1099 1
1100 4
1101 9
1102 7
1103 6
1104 7
1105 3
1106 9
1107 7
1108 5
1109 2
1110 3
1111 5
1112 5
1113 4
1114 7
1115 2
1116 6
1117 5
1118 4
1119 4
1120 2
1121 3
1123 6
1124 4
1125 5
1126 7
1127 5
1128 4
1129 7
1130 6
1131 8
1132 4
1133 1
1134 2
1135 5
1136 1
1137 3
1138 3
1139 2
1140 1
1141 3
1143 2
1145 3
1146 2
1147 4
1148 2
1149 2
1150 1
1151 2
1152 1
1155 1
1156 1
1161 1
1163 1
1181 1
1184 1
1187 1
1189 1
1190 1
1197 1
1200 1
1209 1
1218 1
1222 1
1226 1
1228 1
1230 2
1231 1
1232 1
1236 2
1237 1
1238 1
1239 2
1240 1
1241 1
1243 2
1245 2
1246 2
1247 2
1248 4
1249 3
1250 1
1251 1
1252 1
1253 1
1254 2
1255 1
1257 4
1258 3
1259 2
1260 2
1261 2
1262 1
1263 3
1265 1
1267 3
1269 3
1272 2
1273 2
1274 2
1275 1
1276 4
1277 2
1278 1
1279 2
1280 1
1284 1
1286 1
1287 2
1291 2
1294 1
1297 1
1299 1
1302 1
1308 1
1317 1
1326 3
1330 1
1335 1
1337 1
1341 1
1347 1
1351 1
1360 3
1362 1
1367 1
1374 1
1396 1
1399 1
1412 1
1413 1
1420 1
1426 1
1453 1
1454 1
1457 1
1468 1
1474 1
1488 1
1498 1
1505 1
1506 1
1513 2
1514 1
1515 1
1516 1
1519 1
1523 2
1524 1
1527 2
1529 2
1530 1
1532 1
1534 1
1541 2
1546 1
1550 1
1551 2
1553 1
1555 1
1565 1
1585 1
