N J h mean_R_sq err_mean_R_sq mean_R_gyr_sq err_mean_R_gyr_sq 
4900 1.409 0 18538.8 13563.6 3498.69 2075.55
1000 70
1001 98
1002 92
1003 89
1004 86
1005 100
1006 70
1007 88
1008 79
1009 74
1010 73
1011 80
1012 64
1013 62
1014 65
1015 80
1016 70
1017 68
1018 64
1019 55
1020 87
1021 48
1022 79
1023 81
1024 60
1025 63
1026 57
1027 57
1028 76
1029 61
1030 56
1031 61
1032 53
1033 48
1034 48
1035 60
1036 65
1037 55
1038 58
1039 63
1040 48
1041 68
1042 56
1043 54
1044 46
1045 56
1046 48
1047 52
1048 46
1049 40
1050 48
1051 39
1052 39
1053 40
1054 57
1055 45
1056 48
1057 55
1058 33
1059 35
1060 43
1061 46
1062 38
1063 45
1064 37
1065 38
1066 31
1067 38
1068 29
1069 29
1070 42
1071 39
1072 32
1073 42
1074 31
1075 40
1076 35
1077 30
1078 28
1079 29
1080 39
1081 25
1082 23
1083 31
1084 30
1085 34
1086 26
1087 33
1088 19
1089 27
1090 26
1091 29
1092 24
1093 19
1094 29
1095 19
1096 14
1097 31
1098 28
1099 29
1100 22
1101 26
1102 22
1103 13
1104 15
1105 22
1106 13
1107 22
1108 22
1109 19
1110 22
1111 28
1112 16
1113 37
1114 25
1115 12
1116 11
1117 18
1118 20
1119 14
1120 13
1121 13
1122 22
1123 10
1124 16
1125 11
1126 15
1127 11
1128 6
1129 11
1130 9
1131 13
1132 7
1133 12
1134 12
1135 12
1136 12
1137 6
1138 10
1139 13
1140 2
1141 10
1142 7
1143 10
1144 10
1145 9
1146 10
1147 7
1148 6
1149 11
1150 6
1151 5
1152 6
1153 10
1154 9
1155 5
1156 7
1157 9
1158 5
1159 9
1160 7
1161 12
1162 10
1163 6
1164 8
1165 5
1166 1
1167 5
1168 6
1169 4
1170 8
1171 9
1172 6
1173 7
1174 4
1175 1
1176 5
1177 2
1178 10
1179 5
1180 6
1181 4
1182 3
1183 4
1184 2
1185 5
1186 1
1187 6
1188 4
1189 2
1190 6
1192 4
1193 3
1194 1
1195 6
1196 4
1197 2
1199 1
1200 2
1201 5
1202 3
1203 1
1204 2
1205 1
1206 1
1207 3
1208 1
1209 3
1210 1
1211 1
1213 4
1214 1
1215 1
1216 1
1217 1
1220 1
1222 1
1225 2
1232 1
1233 2
1234 1
1237 1
1240 1
1241 1
1242 2
1246 1
1248 1
1249 2
1261 1
1265 1
1267 1
1281 1
1305 1
1323 1
