N J h mean_R_sq err_mean_R_sq mean_R_gyr_sq err_mean_R_gyr_sq 
8100 1.429 0 7501.41 2118.1 2131.34 238.063
595 1
596 3
597 1
598 2
599 3
600 3
601 3
602 2
603 2
604 3
605 5
606 8
607 4
608 13
609 12
610 7
611 13
612 14
613 7
614 14
615 25
616 24
617 32
618 20
619 32
620 62
621 44
622 50
623 52
624 60
625 80
626 97
627 86
628 80
629 86
630 86
631 124
632 95
633 124
634 119
635 125
636 142
637 151
638 160
639 144
640 154
641 133
642 163
643 166
644 174
645 162
646 161
647 174
648 180
649 159
650 172
651 155
652 154
653 148
654 155
655 165
656 150
657 163
658 147
659 116
660 122
661 109
662 87
663 91
664 85
665 86
666 78
667 64
668 69
669 86
670 63
671 51
672 48
673 38
674 27
675 50
676 26
677 32
678 29
679 24
680 16
681 24
682 10
683 16
684 8
685 14
686 6
687 9
688 4
689 12
690 6
691 7
692 5
693 4
694 2
695 2
696 1
699 2
700 2
701 1
702 1
707 1
712 1
725 1
738 2
759 1
771 1
774 1
778 1
802 1
872 1
