N J h mean_R_sq err_mean_R_sq mean_R_gyr_sq err_mean_R_gyr_sq 
900 1.413 0 1326.89 21.4935 307.546 1.98018
1000 28
1001 20
1002 25
1003 25
1004 35
1005 37
1006 28
1007 30
1008 24
1009 17
1010 38
1011 26
1012 25
1013 26
1014 28
1015 16
1016 18
1017 28
1018 27
1019 31
1020 12
1021 19
1022 31
1023 33
1024 29
1025 30
1026 26
1027 22
1028 17
1029 36
1030 23
1031 22
1032 21
1033 19
1034 18
1035 21
1036 14
1037 38
1038 22
1039 27
1040 24
1041 18
1042 20
1043 25
1044 30
1045 15
1046 21
1047 27
1048 21
1049 24
1050 22
1051 23
1052 25
1053 21
1054 23
1055 20
1056 18
1057 15
1058 24
1059 25
1060 20
1061 13
1062 22
1063 22
1064 20
1065 29
1066 14
1067 28
1068 22
1069 23
1070 20
1071 13
1072 23
1073 25
1074 15
1075 17
1076 30
1077 17
1078 31
1079 25
1080 15
1081 17
1082 21
1083 15
1084 14
1085 16
1086 17
1087 16
1088 21
1089 25
1090 24
1091 15
1092 28
1093 18
1094 19
1095 29
1096 25
1097 23
1098 17
1099 12
1100 16
1101 24
1102 18
1103 21
1104 15
1105 18
1106 22
1107 14
1108 17
1109 14
1110 13
1111 13
1112 21
1113 13
1114 13
1115 18
1116 11
1117 12
1118 15
1119 19
1120 24
1121 19
1122 18
1123 22
1124 9
1125 7
1126 11
1127 17
1128 13
1129 25
1130 13
1131 12
1132 15
1133 22
1134 21
1135 17
1136 14
1137 7
1138 14
1139 16
1140 11
1141 18
1142 13
1143 21
1144 15
1145 11
1146 16
1147 21
1148 16
1149 20
1150 15
1151 13
1152 11
1153 13
1154 10
1155 18
1156 12
1157 11
1158 9
1159 12
1160 13
1161 13
1162 7
1163 14
1164 13
1165 18
1166 12
1167 9
1168 11
1169 7
1170 12
1171 7
1172 18
1173 11
1174 12
1175 11
1176 9
1177 14
1178 10
1179 10
1180 13
1181 14
1182 9
1183 12
1184 13
1185 8
1186 10
1187 14
1188 16
1189 6
1190 16
1191 6
1192 6
1193 11
1194 15
1195 13
1196 9
1197 10
1198 7
1199 12
1200 10
1201 9
1202 5
1203 11
1204 9
1205 11
1206 6
1207 8
1208 4
1209 9
1210 7
1211 9
1212 4
1213 3
1214 9
1215 13
1216 6
1217 6
1218 3
1219 8
1220 12
1221 4
1222 6
1223 10
1224 5
1225 5
1226 7
1227 4
1228 6
1229 7
1230 7
1231 7
1232 8
1233 7
1234 9
1235 7
1236 3
1237 8
1238 7
1239 5
1240 4
1241 6
1242 6
1243 7
1244 6
1245 12
1246 5
1247 6
1248 5
1249 4
1250 4
1251 11
1252 4
1253 6
1254 6
1255 3
1256 5
1257 4
1258 6
1259 4
1260 2
1261 3
1262 4
1263 5
1264 8
1267 5
1268 3
1269 1
1270 10
1271 2
1272 3
1273 8
1274 2
1275 5
1276 5
1277 3
1278 1
1279 4
1280 2
1281 4
1282 4
1283 4
1284 4
1285 1
1286 2
1288 3
1289 1
1290 5
1292 3
1293 3
1294 3
1295 5
1296 1
1297 2
1298 2
1299 2
1300 2
1303 4
1304 3
1305 1
1306 1
1307 1
1308 2
1309 1
1310 5
1311 1
1312 4
1313 4
1314 6
1315 2
1316 1
1317 1
1318 2
1319 4
1320 3
1321 1
1322 1
1323 1
1324 2
1325 2
1326 2
1328 1
1329 1
1331 1
1332 2
1333 1
1334 2
1335 1
1336 1
1337 1
1339 1
1341 2
1343 3
1345 2
1346 1
1350 1
1352 1
1353 1
1354 2
1355 1
1356 1
1357 1
1359 1
1363 2
1365 2
1368 1
1369 3
1370 2
1371 1
1373 2
1375 1
1376 1
1377 1
1378 2
1379 3
1381 2
1383 2
1386 1
1388 2
1402 1
1404 1
1406 1
1407 1
1412 1
1413 1
1418 1
1419 1
1422 1
1424 1
1435 1
1441 1
1476 1
