N J h mean_R_sq err_mean_R_sq mean_R_gyr_sq err_mean_R_gyr_sq 
8100 1.388 0 357090 326776 49591.5 44167.8
690 1
696 1
698 1
700 2
701 2
702 2
703 3
704 2
705 1
706 2
707 5
709 8
710 6
711 6
712 2
713 12
714 13
715 8
716 10
717 16
718 14
719 18
720 16
721 20
722 14
723 24
724 25
725 26
726 21
727 33
728 30
729 32
730 37
731 42
732 48
733 48
734 57
735 39
736 55
737 59
738 60
739 72
740 68
741 54
742 57
743 57
744 57
745 57
746 61
747 56
748 66
749 71
750 55
751 77
752 81
753 72
754 82
755 75
756 79
757 88
758 79
759 82
760 71
761 89
762 76
763 53
764 64
765 71
766 51
767 64
768 64
769 55
770 71
771 61
772 73
773 60
774 53
775 45
776 49
777 28
778 41
779 44
780 36
781 39
782 39
783 27
784 35
785 32
786 31
787 28
788 22
789 28
790 25
791 22
792 31
793 22
794 26
795 27
796 19
797 19
798 12
799 14
800 19
801 17
802 20
803 14
804 12
805 7
806 15
807 10
808 9
809 10
810 9
811 11
812 8
813 11
814 3
815 10
816 5
817 4
818 4
819 3
820 3
821 1
822 7
823 2
824 3
825 1
826 5
828 1
829 1
830 1
831 2
832 1
835 1
836 2
841 1
842 2
844 2
849 1
851 2
852 3
854 2
857 1
858 1
860 2
863 3
865 1
866 2
867 1
868 2
869 1
870 1
871 5
874 1
876 3
878 3
879 4
880 2
881 2
882 4
883 2
884 3
885 4
886 3
887 8
888 5
889 6
890 6
891 8
892 6
893 5
894 8
895 3
896 4
897 6
898 9
899 3
900 5
901 6
902 3
903 4
904 2
905 5
906 10
907 6
908 5
909 6
910 4
911 5
912 7
913 3
914 4
915 4
916 5
917 6
918 5
919 5
920 9
921 14
922 8
923 8
924 13
925 12
926 8
927 11
928 10
929 6
930 7
931 6
932 7
933 8
934 7
935 7
936 7
937 2
938 6
939 7
940 8
941 3
942 1
943 5
944 2
945 2
946 2
947 3
948 2
949 2
950 4
951 1
952 1
953 2
955 1
956 1
957 3
958 1
961 1
963 2
964 2
967 1
968 1
969 1
970 2
971 1
973 2
974 1
976 1
977 1
978 1
980 1
982 1
984 1
985 1
987 1
990 3
991 1
993 1
994 1
997 1
999 1
1000 3
1004 1
1010 1
