N J h mean_R_sq err_mean_R_sq mean_R_gyr_sq err_mean_R_gyr_sq 
3600 1.35 0 19660 286.29 3264.67 40.145
722 1
729 2
734 1
741 1
744 1
747 1
750 1
755 1
756 1
758 1
759 1
760 2
762 2
764 1
765 1
766 2
768 2
769 1
770 1
771 1
772 4
773 2
774 2
775 2
776 1
777 1
779 2
780 3
781 3
783 1
784 1
785 1
786 1
787 3
789 3
790 3
791 2
792 1
793 10
794 3
795 2
796 3
798 4
799 4
800 3
801 4
802 1
803 2
804 3
805 7
806 6
807 2
808 4
809 6
810 5
811 3
812 4
813 6
814 5
815 5
816 4
817 5
818 5
819 5
820 9
821 13
822 6
823 4
824 5
825 15
826 7
827 5
828 4
829 7
830 10
831 9
832 7
833 2
834 11
835 10
836 15
837 10
838 6
839 9
840 12
841 10
842 9
843 15
844 7
845 10
846 11
847 13
848 9
849 6
850 15
851 13
852 15
853 9
854 15
855 18
856 21
857 9
858 17
859 19
860 21
861 21
862 7
863 14
864 20
865 17
866 22
867 15
868 12
869 21
870 20
871 27
872 19
873 25
874 23
875 18
876 21
877 16
878 26
879 22
880 20
881 29
882 28
883 26
884 26
885 33
886 27
887 23
888 24
889 37
890 22
891 29
892 31
893 31
894 31
895 29
896 50
897 42
898 29
899 37
900 42
901 34
902 43
903 40
904 30
905 35
906 47
907 39
908 53
909 49
910 47
911 49
912 32
913 57
914 48
915 41
916 39
917 41
918 44
919 46
920 38
921 54
922 53
923 51
924 48
925 49
926 46
927 38
928 53
929 57
930 54
931 65
932 61
933 63
934 50
935 63
936 67
937 51
938 49
939 60
940 70
941 63
942 55
943 74
944 46
945 61
946 50
947 65
948 66
949 53
950 68
951 61
952 59
953 63
954 65
955 74
956 69
957 75
958 66
959 69
960 66
961 75
962 88
963 76
964 77
965 70
966 89
967 68
968 89
969 75
970 71
971 65
972 74
973 90
974 73
975 77
976 63
977 80
978 73
979 78
980 79
981 73
982 81
983 86
984 94
985 83
986 84
987 96
988 86
989 86
990 80
991 73
992 87
993 93
994 89
995 73
996 87
997 85
998 85
999 100
1000 104
1001 91
1002 89
1003 93
1004 83
1005 96
1006 88
1007 83
1008 88
1009 86
1010 70
1011 70
1012 69
1013 89
1014 76
1015 91
1016 98
1017 83
1018 72
1019 91
1020 72
1021 93
1022 85
1023 77
1024 88
1025 94
1026 80
1027 90
1028 72
1029 61
1030 63
1031 63
1032 80
1033 63
1034 86
1035 66
1036 69
1037 67
1038 84
1039 80
1040 68
1041 74
1042 68
1043 70
1044 79
1045 61
1046 68
1047 68
1048 67
1049 70
1050 82
1051 48
1052 68
1053 51
1054 54
1055 74
1056 72
1057 61
1058 68
1059 62
1060 50
1061 73
1062 56
1063 71
1064 55
1065 65
1066 63
1067 61
1068 56
1069 64
1070 58
1071 52
1072 40
1073 55
1074 53
1075 46
1076 46
1077 41
1078 51
1079 52
1080 47
1081 47
1082 50
1083 48
1084 51
1085 53
1086 38
1087 44
1088 42
1089 26
1090 37
1091 37
1092 40
1093 41
1094 32
1095 33
1096 38
1097 47
1098 33
1099 32
1100 33
1101 29
1102 45
1103 38
1104 36
1105 26
1106 33
1107 36
1108 28
1109 31
1110 25
1111 33
1112 25
1113 25
1114 31
1115 19
1116 23
1117 25
1118 40
1119 22
1120 27
1121 32
1122 20
1123 22
1124 24
1125 22
1126 21
1127 22
1128 23
1129 24
1130 23
1131 18
1132 17
1133 19
1134 11
1135 15
1136 14
1137 19
1138 14
1139 12
1140 25
1141 21
1142 12
1143 17
1144 17
1145 12
1146 12
1147 17
1148 15
1149 22
1150 22
1151 12
1152 16
1153 14
1154 9
1155 8
1156 8
1157 12
1158 11
1159 17
1160 8
1161 12
1162 11
1163 4
1164 6
1165 8
1166 9
1167 7
1168 8
1169 3
1170 6
1171 11
1172 5
1173 4
1174 7
1175 8
1176 5
1177 6
1178 6
1179 11
1180 2
1181 7
1182 6
1183 4
1184 1
1185 2
1186 4
1187 7
1188 5
1189 2
1190 5
1191 5
1192 4
1193 3
1194 5
1195 2
1196 4
1197 3
1198 6
1199 4
1200 4
1201 1
1202 5
1203 2
1204 3
1205 4
1206 2
1208 3
1209 2
1210 3
1211 4
1212 1
1214 1
1215 1
1216 1
1218 5
1220 2
1221 4
1222 1
1224 1
1226 2
1227 2
1228 1
1229 1
1231 2
1233 1
1237 1
1240 2
1243 1
1244 1
1245 3
1246 2
1251 1
1255 1
1256 1
1262 1
1264 1
1274 1
1288 1
1292 1
