N J h mean_R_sq err_mean_R_sq mean_R_gyr_sq err_mean_R_gyr_sq 
900 1.352 0 3432.38 40.3695 584.01 3.90709
471 1
503 1
519 1
543 1
544 2
553 1
580 1
583 1
586 1
590 1
592 1
597 1
604 1
609 1
611 1
614 2
619 1
621 1
622 1
626 3
628 1
634 3
635 1
636 2
637 1
642 2
643 1
646 1
647 1
648 1
650 1
654 1
660 1
661 1
663 1
664 1
665 1
666 1
668 2
669 1
670 1
671 1
673 3
675 1
676 1
677 1
678 3
680 1
681 4
682 2
684 2
686 1
688 1
689 3
690 2
691 1
692 1
693 1
694 1
695 1
696 2
698 1
699 3
701 2
703 3
704 1
705 1
706 1
707 1
708 3
709 2
710 3
711 2
713 1
715 3
716 4
717 3
718 2
719 1
720 3
721 3
722 2
723 2
724 2
725 2
726 3
727 5
728 7
729 2
730 1
731 4
732 2
733 3
734 5
735 1
737 3
739 5
740 8
741 4
742 5
743 4
744 5
745 6
746 2
747 3
748 4
749 3
750 4
751 2
752 4
753 4
754 3
755 2
756 5
757 2
758 2
759 1
760 4
761 5
762 5
763 5
764 2
765 5
766 4
767 5
768 4
769 5
770 2
771 5
772 1
773 3
774 4
775 4
776 5
777 4
778 8
779 3
780 5
781 6
782 5
783 4
784 5
785 9
786 6
787 5
788 6
789 4
790 6
791 7
792 7
793 7
794 9
795 6
796 5
797 6
798 10
799 4
800 9
801 10
802 6
803 4
804 7
805 7
806 5
807 5
808 6
809 5
810 6
811 9
812 9
813 6
814 6
815 11
816 7
817 6
818 7
819 12
820 11
821 3
822 12
823 9
824 6
825 9
826 11
827 7
828 11
829 7
830 9
831 9
832 4
833 8
834 9
835 2
836 15
837 7
838 14
839 5
840 7
841 9
842 9
843 13
844 11
845 7
846 7
847 6
848 5
849 10
850 8
851 11
852 5
853 13
854 9
855 9
856 9
857 17
858 5
859 9
860 20
861 9
862 7
863 8
864 8
865 7
866 9
867 7
868 14
869 12
870 11
871 12
872 14
873 9
874 17
875 7
876 12
877 16
878 12
879 13
880 16
881 16
882 9
883 11
884 11
885 8
886 12
887 13
888 18
889 19
890 6
891 12
892 20
893 11
894 6
895 15
896 11
897 14
898 17
899 18
900 9
901 16
902 13
903 17
904 11
905 13
906 17
907 24
908 13
909 10
910 16
911 16
912 23
913 14
914 13
915 13
916 11
917 20
918 20
919 16
920 10
921 11
922 12
923 9
924 10
925 11
926 16
927 16
928 11
929 13
930 18
931 11
932 17
933 18
934 21
935 16
936 10
937 18
938 15
939 17
940 10
941 19
942 12
943 13
944 10
945 17
946 16
947 19
948 17
949 12
950 18
951 11
952 10
953 15
954 13
955 13
956 15
957 12
958 14
959 13
960 13
961 16
962 20
963 15
964 14
965 16
966 15
967 10
968 13
969 15
970 17
971 15
972 23
973 17
974 18
975 13
976 22
977 19
978 22
979 10
980 12
981 13
982 12
983 25
984 13
985 15
986 16
987 10
988 11
989 22
990 19
991 15
992 20
993 10
994 19
995 15
996 9
997 13
998 24
999 20
1000 20
1001 15
1002 19
1003 11
1004 18
1005 13
1006 16
1007 14
1008 23
1009 19
1010 13
1011 11
1012 16
1013 20
1014 15
1015 12
1016 13
1017 17
1018 20
1019 16
1020 15
1021 18
1022 15
1023 14
1024 11
1025 13
1026 19
1027 15
1028 12
1029 16
1030 12
1031 15
1032 16
1033 13
1034 12
1035 7
1036 18
1037 12
1038 13
1039 24
1040 18
1041 14
1042 14
1043 10
1044 20
1045 11
1046 23
1047 20
1048 12
1049 15
1050 16
1051 16
1052 14
1053 15
1054 15
1055 15
1056 15
1057 11
1058 8
1059 16
1060 16
1061 18
1062 12
1063 16
1064 14
1065 13
1066 18
1067 18
1068 13
1069 13
1070 10
1071 15
1072 17
1073 16
1074 11
1075 19
1076 17
1077 23
1078 9
1079 14
1080 11
1081 13
1082 12
1083 25
1084 15
1085 14
1086 11
1087 9
1088 19
1089 11
1090 16
1091 18
1092 14
1093 13
1094 17
1095 12
1096 18
1097 22
1098 11
1099 22
1100 16
1101 8
1102 14
1103 10
1104 14
1105 12
1106 11
1107 12
1108 15
1109 11
1110 19
1111 7
1112 18
1113 17
1114 7
1115 10
1116 14
1117 9
1118 17
1119 11
1120 14
1121 13
1122 9
1123 6
1124 12
1125 7
1126 13
1127 6
1128 13
1129 12
1130 5
1131 6
1132 14
1133 13
1134 5
1135 11
1136 8
1137 11
1138 13
1139 13
1140 9
1141 12
1142 4
1143 9
1144 11
1145 11
1146 9
1147 7
1148 9
1149 15
1150 11
1151 6
1152 5
1153 12
1154 13
1155 12
1156 14
1157 13
1158 7
1159 13
1160 8
1161 8
1162 1
1163 10
1164 11
1165 7
1166 7
1167 6
1168 12
1169 9
1170 8
1171 5
1172 9
1173 5
1174 4
1175 9
1176 10
1177 5
1178 8
1179 12
1180 1
1181 11
1182 3
1183 13
1184 8
1185 6
1186 1
1187 3
1188 9
1189 5
1190 3
1191 7
1192 3
1193 5
1194 9
1195 2
1196 5
1197 4
1198 8
1199 8
1200 4
1201 7
1202 9
1203 8
1204 6
1205 2
1206 6
1207 5
1208 4
1209 4
1210 10
1211 5
1212 7
1213 9
1214 8
1215 3
1216 3
1217 9
1218 7
1219 7
1220 5
1221 7
1222 3
1223 5
1224 2
1225 4
1226 6
1227 3
1228 3
1230 4
1231 5
1232 3
1233 3
1234 5
1235 3
1236 9
1237 1
1238 5
1239 6
1240 2
1241 2
1242 4
1243 5
1244 3
1245 1
1246 5
1247 2
1248 2
1249 2
1250 5
1251 3
1252 1
1253 5
1254 2
1255 1
1256 4
1257 1
1258 3
1259 1
1260 3
1261 3
1262 2
1263 1
1264 1
1265 1
1266 5
1267 2
1268 1
1269 4
1270 1
1271 1
1272 4
1273 2
1274 1
1275 2
1276 1
1277 4
1278 1
1279 3
1280 2
1281 4
1282 2
1284 3
1285 2
1286 6
1287 3
1288 2
1289 1
1290 4
1291 2
1292 3
1293 1
1294 6
1295 2
1296 1
1297 1
1298 2
1300 3
1301 2
1302 1
1303 1
1304 1
1305 1
1306 2
1307 2
1309 1
1310 1
1311 1
1312 2
1313 1
1314 2
1315 2
1317 3
1318 2
1320 1
1321 3
1322 1
1323 1
1325 3
1326 1
1327 2
1328 1
1329 1
1331 1
1333 2
1334 1
1335 2
1336 1
1338 1
1339 1
1342 1
1344 1
1354 2
1357 1
1359 1
1360 1
1361 1
1365 1
1366 1
1371 1
1372 1
1373 1
1379 1
1380 1
1381 1
1386 1
1387 1
1403 2
1411 1
1420 1
1421 1
1427 1
1442 1
1444 1
1457 1
1459 1
1490 1
