N J h mean_R_sq err_mean_R_sq mean_R_gyr_sq err_mean_R_gyr_sq 
10000 1.356 0 115206 36754.2 18405.4 6682.83
1000 3852
1001 3236
1002 2491
1003 2079
1004 1667
1005 1202
1006 978
1007 790
1008 621
1009 558
1010 433
1011 352
1012 272
1013 216
1014 203
1015 169
1016 131
1017 110
1018 78
1019 63
1020 57
1021 33
1022 27
1023 37
1024 26
1025 17
1026 7
1027 13
1028 8
1029 13
1030 2
1031 7
1032 4
1033 2
1034 6
1035 3
1036 6
1037 2
1038 2
1039 4
1040 1
1041 6
1042 2
1043 4
1044 3
1045 2
1046 1
1047 6
1048 4
1049 1
1050 5
1051 2
1052 2
1054 5
1055 3
1056 3
1057 3
1059 4
1060 2
1061 2
1062 3
1066 1
1070 1
1072 2
1077 1
1081 1
1082 1
1084 1
1087 3
1089 2
1090 2
1094 2
1095 1
1097 1
1098 2
1099 1
1102 2
1104 1
1107 1
1109 1
1114 2
1116 2
1123 1
1124 1
1127 1
1128 1
1129 2
1130 1
1131 2
1132 2
1133 2
1134 2
1135 3
1136 5
1137 4
1138 7
1139 6
1140 4
1141 6
1142 4
1143 5
1144 11
1145 10
1146 6
1147 5
1148 3
1149 4
1150 3
1151 5
1152 2
1153 1
1154 1
1155 3
1156 1
1157 3
1158 1
1159 2
1160 3
1161 1
1162 3
1163 2
1164 2
1165 1
1166 4
1167 4
1168 6
1169 6
1171 4
1172 3
1173 4
1174 4
1175 6
1176 2
1178 2
1179 2
1180 4
1181 5
1182 2
1183 2
1184 4
1185 3
1187 3
1188 2
1192 3
1195 1
1198 1
1200 3
1201 2
1202 1
1203 1
1204 1
1205 1
1209 2
1210 1
1211 1
1214 2
1217 2
1226 1
1227 1
1228 1
1231 1
1233 2
1237 1
1238 2
1239 1
1240 1
1241 2
1243 3
1244 2
1245 2
1246 1
1248 3
1249 2
1251 1
1252 1
1253 3
1254 1
1255 3
1256 2
1257 4
1259 1
1263 1
1264 1
1265 3
1266 2
1268 2
1269 1
1270 2
1271 2
1272 2
1273 2
1274 2
1275 2
1276 2
1278 2
1279 1
1283 1
1285 1
1286 1
1287 1
1291 2
1293 1
1297 2
1298 1
1303 1
1305 1
1306 1
1307 1
1311 2
1312 3
1319 1
1320 2
1329 1
1332 1
1333 1
1335 3
1336 1
1337 2
1339 1
1340 1
1341 1
1342 2
1343 1
1344 2
1346 1
1347 2
1348 1
1349 1
1350 2
1351 4
1353 1
1354 1
1355 2
1356 3
1357 1
1358 2
1359 3
1365 2
1369 1
1370 1
1372 1
1376 1
1389 1
1403 1
1404 1
1412 2
1415 1
1422 1
1426 1
1428 1
1429 2
1431 1
1434 1
1436 2
1437 1
1441 1
1442 2
1444 1
1446 1
1447 1
1451 2
1452 1
1453 1
1455 1
1458 2
1460 1
1461 1
1462 1
1464 3
1466 2
1468 2
1469 2
1472 2
1476 1
1478 2
1481 2
1486 1
1489 1
1492 1
1494 1
1495 1
1499 1
1500 1
1516 1
1540 1
1558 1
1602 1
1603 1
1609 1
1611 1
1616 1
