N J h mean_R_sq err_mean_R_sq mean_R_gyr_sq err_mean_R_gyr_sq 
1225 1.355 0 4897.19 48.8177 827.73 4.8037
734 1
737 1
745 1
747 1
748 1
750 1
753 1
754 1
755 1
758 1
760 3
762 2
765 1
767 2
769 3
771 2
772 1
773 3
775 1
776 2
777 2
778 3
779 1
780 2
781 4
782 6
783 2
784 4
785 3
786 3
787 2
788 10
789 5
790 8
791 3
792 8
793 5
794 7
795 10
796 8
797 7
798 6
799 4
800 8
801 6
802 7
803 6
804 7
805 15
806 6
807 4
808 10
809 13
810 8
811 6
812 11
813 15
814 11
815 19
816 14
817 16
818 20
819 15
820 13
821 11
822 19
823 13
824 14
825 15
826 18
827 28
828 16
829 19
830 23
831 22
832 30
833 22
834 23
835 25
836 31
837 34
838 26
839 38
840 27
841 26
842 24
843 36
844 28
845 37
846 33
847 40
848 32
849 38
850 34
851 45
852 60
853 54
854 47
855 38
856 44
857 41
858 48
859 52
860 46
861 45
862 50
863 51
864 50
865 52
866 54
867 45
868 63
869 51
870 60
871 65
872 53
873 47
874 62
875 62
876 51
877 62
878 69
879 63
880 76
881 59
882 58
883 60
884 72
885 68
886 69
887 68
888 80
889 70
890 70
891 85
892 71
893 84
894 79
895 70
896 89
897 68
898 83
899 76
900 80
901 83
902 73
903 65
904 68
905 87
906 72
907 89
908 76
909 66
910 79
911 76
912 68
913 66
914 72
915 65
916 76
917 72
918 70
919 56
920 80
921 68
922 69
923 79
924 66
925 75
926 63
927 74
928 60
929 62
930 76
931 54
932 63
933 53
934 52
935 47
936 65
937 53
938 39
939 57
940 57
941 60
942 52
943 54
944 50
945 51
946 40
947 39
948 48
949 46
950 57
951 27
952 39
953 45
954 38
955 33
956 28
957 39
958 25
959 32
960 28
961 24
962 30
963 28
964 30
965 31
966 16
967 23
968 22
969 20
970 31
971 34
972 20
973 21
974 20
975 19
976 21
977 23
978 17
979 19
980 16
981 9
982 12
983 10
984 22
985 12
986 13
987 9
988 13
989 14
990 7
991 9
992 11
993 11
994 6
995 9
996 13
997 12
998 7
999 5
1000 9
1001 4
1002 1
1003 1
1004 8
1005 5
1006 2
1007 5
1008 4
1009 2
1010 3
1011 1
1012 5
1013 2
1014 2
1015 2
1016 1
1017 1
1018 2
1019 2
1020 2
1021 1
1022 3
1024 2
1025 3
1027 2
1028 1
1029 2
1031 1
1032 1
1035 1
1037 1
1039 2
1044 1
1050 2
1058 1
