N J h mean_R_sq err_mean_R_sq mean_R_gyr_sq err_mean_R_gyr_sq 
900 1.45 0 913.852 36.646 243.807 2.10085
567 1
573 1
579 1
586 1
590 1
594 1
597 4
598 1
600 3
601 2
602 2
603 2
604 1
605 2
607 1
609 2
611 2
613 2
614 2
615 3
616 3
617 3
618 1
619 5
620 1
621 5
622 3
623 3
624 1
625 7
626 3
627 5
628 5
629 5
630 7
631 5
632 2
633 8
634 5
635 7
636 6
637 7
638 6
639 15
640 12
641 7
642 4
643 11
644 6
645 11
646 11
647 10
648 6
649 8
650 12
651 7
652 5
653 12
654 9
655 11
656 6
657 13
658 8
659 14
660 9
661 18
662 11
663 12
664 16
665 9
666 17
667 13
668 8
669 14
670 11
671 14
672 13
673 10
674 14
675 11
676 11
677 12
678 14
679 17
680 11
681 18
682 15
683 11
684 19
685 17
686 15
687 14
688 15
689 12
690 9
691 9
692 15
693 13
694 13
695 15
696 19
697 10
698 11
699 11
700 15
701 12
702 17
703 10
704 19
705 16
706 15
707 12
708 12
709 4
710 8
711 18
712 7
713 19
714 12
715 16
716 16
717 6
718 18
719 9
720 10
721 9
722 10
723 15
724 7
725 8
726 13
727 9
728 4
729 8
730 12
731 13
732 11
733 8
734 6
735 6
736 7
737 10
738 10
739 7
740 11
741 10
742 2
743 10
744 10
745 6
746 6
747 7
748 7
749 11
750 7
751 6
752 10
753 10
754 6
755 5
756 1
757 4
758 8
759 7
760 5
761 8
762 4
763 3
764 7
765 8
766 2
767 7
768 4
769 3
770 1
771 5
772 3
773 4
774 4
775 3
777 3
778 1
779 3
780 3
781 3
782 2
783 2
784 2
785 5
787 4
788 3
789 1
790 2
791 4
792 2
793 3
794 2
795 2
796 3
797 1
798 1
799 4
800 1
801 2
806 1
809 2
810 1
811 1
812 1
813 1
814 1
818 1
821 1
822 1
824 1
828 1
831 1
832 1
833 1
836 1
839 1
855 1
