N J h mean_R_sq err_mean_R_sq mean_R_gyr_sq err_mean_R_gyr_sq 
4900 1.47 0 16694.4 13747.7 2747.16 1714.42
1009 1
1010 1
1011 1
1014 1
1015 2
1019 1
1021 1
1025 1
1026 1
1028 1
1030 2
1031 1
1036 1
1037 2
1038 1
1042 1
1048 1
1051 1
1052 1
1053 1
1057 2
1058 2
1059 2
1060 1
1064 1
1065 2
1066 2
1068 2
1069 1
1071 1
1072 1
1074 2
1075 1
1077 1
1078 1
1081 1
1082 1
1085 3
1086 1
1090 1
1091 3
1093 1
1094 1
1095 2
1096 1
1098 1
1099 1
1100 1
1101 1
1102 1
1104 4
1105 1
1107 1
1108 3
1109 2
1110 1
1112 1
1115 1
1118 2
1119 1
1122 2
1123 2
1124 2
1129 3
1131 1
1132 1
1133 1
1134 1
1135 3
1136 1
1137 1
1139 1
1140 1
1141 1
1142 1
1143 2
1144 1
1145 2
1146 2
1147 1
1148 2
1150 1
1153 2
1154 2
1155 2
1156 1
1158 2
1159 1
1160 3
1161 3
1164 2
1165 2
1166 2
1167 2
1168 1
1169 4
1170 2
1172 2
1173 2
1174 1
1175 2
1176 2
1177 1
1178 1
1179 2
1180 2
1181 3
1182 2
1183 2
1184 6
1185 2
1186 3
1187 2
1189 2
1190 1
1191 1
1192 1
1193 4
1194 1
1195 2
1196 2
1197 1
1198 2
1199 1
1200 1
1201 1
1202 5
1203 3
1205 2
1206 2
1207 2
1208 1
1210 1
1211 4
1212 3
1213 2
1214 4
1216 3
1217 1
1218 2
1220 3
1221 1
1224 1
1225 1
1226 1
1228 4
1229 1
1230 2
1231 2
1232 2
1233 1
1234 2
1235 4
1236 2
1237 1
1238 1
1239 2
1240 1
1241 5
1242 4
1243 3
1244 2
1245 1
1246 2
1248 2
1249 1
1250 1
1251 4
1252 2
1253 1
1254 2
1255 2
1258 1
1259 2
1260 1
1261 1
1262 2
1263 1
1267 1
1268 2
1271 3
1272 4
1273 1
1274 1
1275 1
1276 2
1277 2
1279 1
1280 1
1281 1
1282 3
1284 1
1285 1
1287 3
1288 1
1289 1
1290 2
1292 2
1293 1
1298 1
1301 3
1303 1
1304 2
1305 2
1306 1
1307 1
1308 2
1309 1
1311 3
1312 1
1313 1
1314 2
1316 1
1318 2
1319 1
1321 3
1322 1
1323 2
1326 1
1327 1
1328 2
1330 2
1333 1
1334 1
1335 1
1337 1
1340 2
1341 1
1342 1
1345 1
1346 1
1348 1
1350 1
1352 1
1355 1
1356 1
1365 1
1368 1
1377 1
1410 1
