N J h mean_R_sq err_mean_R_sq mean_R_gyr_sq err_mean_R_gyr_sq 
4900 1.405 0 5556.51 301.466 1526.46 37.0498
521 1
544 1
560 1
566 1
578 1
579 2
581 1
588 1
590 1
593 1
595 1
597 1
598 1
601 1
602 1
603 1
606 1
608 1
610 1
612 1
614 1
616 3
618 1
621 2
624 3
625 1
626 1
628 1
630 2
633 3
635 1
636 1
637 1
641 2
642 3
643 3
644 3
645 1
646 1
648 2
649 1
650 1
651 1
652 2
655 1
656 2
657 1
658 1
660 1
662 1
664 2
665 2
666 3
668 4
669 2
671 3
672 2
673 4
674 1
676 1
677 3
678 3
679 1
680 3
681 2
682 5
683 3
684 2
685 2
686 3
687 2
688 1
689 5
690 4
691 3
692 9
693 3
694 2
695 1
696 3
697 2
698 4
699 3
700 8
701 6
702 4
703 2
704 2
705 6
706 1
707 5
708 1
709 2
710 4
711 2
712 2
713 3
714 4
715 6
716 3
717 6
718 2
719 3
720 3
721 4
722 8
723 2
724 9
725 4
726 1
727 1
728 2
729 2
730 10
731 4
732 4
733 6
734 5
735 6
736 3
737 4
738 4
739 8
740 5
741 1
742 8
743 4
744 8
745 2
746 4
747 5
748 7
749 9
750 7
751 2
752 1
753 9
754 4
755 6
756 8
757 11
758 6
759 6
760 7
761 2
762 7
763 1
764 9
765 4
766 6
767 5
768 4
769 11
770 7
771 7
772 4
773 8
774 9
775 8
776 7
777 5
778 6
779 3
780 5
781 9
782 4
783 7
784 9
785 6
786 6
787 6
788 6
789 10
790 8
791 3
792 8
793 6
794 6
795 6
796 5
797 10
798 9
799 14
800 14
801 5
802 6
803 6
804 4
805 8
806 11
807 7
808 9
809 3
810 11
811 13
812 6
813 11
814 7
815 10
816 9
817 10
818 10
819 12
820 13
821 8
822 4
823 5
824 7
825 8
826 9
827 10
828 8
829 15
830 9
831 9
832 10
833 10
834 5
835 11
836 8
837 12
838 8
839 7
840 13
841 10
842 8
843 14
844 10
845 8
846 11
847 13
848 13
849 7
850 5
851 5
852 21
853 11
854 11
855 10
856 10
857 13
858 7
859 13
860 17
861 16
862 11
863 11
864 12
865 14
866 10
867 9
868 11
869 15
870 16
871 16
872 14
873 12
874 13
875 17
876 9
877 13
878 16
879 10
880 8
881 10
882 11
883 10
884 13
885 15
886 13
887 14
888 11
889 13
890 13
891 11
892 16
893 12
894 14
895 10
896 9
897 16
898 21
899 24
900 17
901 10
902 10
903 18
904 17
905 16
906 8
907 8
908 15
909 15
910 24
911 10
912 20
913 12
914 12
915 13
916 16
917 18
918 17
919 8
920 20
921 14
922 21
923 15
924 16
925 15
926 17
927 13
928 19
929 15
930 9
931 15
932 17
933 19
934 16
935 15
936 9
937 14
938 11
939 12
940 15
941 17
942 17
943 18
944 21
945 16
946 15
947 9
948 19
949 14
950 12
951 10
952 13
953 11
954 21
955 17
956 14
957 18
958 12
959 22
960 18
961 20
962 12
963 13
964 14
965 24
966 13
967 16
968 13
969 19
970 17
971 17
972 18
973 15
974 17
975 12
976 14
977 19
978 19
979 17
980 17
981 21
982 13
983 13
984 18
985 14
986 14
987 22
988 16
989 21
990 17
991 17
992 13
993 23
994 17
995 20
996 12
997 15
998 30
999 18
1000 16
1001 11
1002 18
1003 14
1004 16
1005 11
1006 12
1007 17
1008 19
1009 23
1010 19
1011 15
1012 18
1013 14
1014 20
1015 13
1016 18
1017 18
1018 19
1019 18
1020 19
1021 14
1022 16
1023 19
1024 13
1025 16
1026 13
1027 15
1028 22
1029 14
1030 14
1031 17
1032 8
1033 10
1034 11
1035 18
1036 23
1037 9
1038 15
1039 16
1040 13
1041 17
1042 21
1043 11
1044 15
1045 15
1046 6
1047 21
1048 13
1049 16
1050 17
1051 11
1052 12
1053 10
1054 16
1055 13
1056 18
1057 16
1058 18
1059 10
1060 21
1061 19
1062 16
1063 14
1064 18
1065 17
1066 12
1067 11
1068 18
1069 14
1070 13
1071 16
1072 18
1073 12
1074 16
1075 9
1076 17
1077 23
1078 14
1079 11
1080 14
1081 13
1082 13
1083 19
1084 13
1085 13
1086 16
1087 10
1088 11
1089 14
1090 9
1091 12
1092 6
1093 15
1094 15
1095 8
1096 15
1097 15
1098 16
1099 13
1100 21
1101 21
1102 15
1103 9
1104 7
1105 11
1106 14
1107 16
1108 14
1109 8
1110 21
1111 14
1112 17
1113 13
1114 9
1115 11
1116 19
1117 16
1118 21
1119 17
1120 10
1121 9
1122 9
1123 13
1124 10
1125 17
1126 11
1127 15
1128 4
1129 15
1130 12
1131 15
1132 11
1133 11
1134 12
1135 13
1136 5
1137 12
1138 12
1139 7
1140 16
1141 15
1142 10
1143 11
1144 13
1145 10
1146 9
1147 8
1148 13
1149 19
1150 15
1151 10
1152 14
1153 12
1154 16
1155 15
1156 12
1157 13
1158 15
1159 18
1160 14
1161 5
1162 8
1163 11
1164 11
1165 14
1166 8
1167 14
1168 8
1169 7
1170 7
1171 14
1172 9
1173 4
1174 13
1175 3
1176 8
1177 16
1178 7
1179 12
1180 8
1181 5
1182 14
1183 11
1184 11
1185 11
1186 16
1187 8
1188 9
1189 7
1190 4
1191 10
1192 10
1193 8
1194 7
1195 4
1196 5
1197 8
1198 13
1199 7
1200 9
1201 7
1202 5
1203 9
1204 5
1205 10
1206 5
1207 11
1208 11
1209 9
1210 6
1211 4
1212 2
1213 6
1214 12
1215 13
1216 9
1217 11
1218 2
1219 8
1220 4
1221 6
1222 6
1223 1
1224 6
1225 1
1226 5
1227 11
1228 6
1229 4
1230 9
1231 6
1232 9
1233 7
1234 14
1235 4
1236 9
1237 3
1238 6
1239 4
1240 6
1241 6
1242 3
1243 1
1244 4
1245 11
1246 4
1247 5
1248 10
1249 6
1250 7
1251 4
1252 6
1253 5
1254 4
1255 5
1256 5
1257 1
1258 3
1259 1
1260 5
1261 1
1262 6
1263 5
1264 5
1265 1
1266 2
1267 2
1268 4
1269 7
1270 5
1271 6
1272 3
1273 5
1274 6
1275 3
1277 3
1278 5
1279 3
1280 6
1281 6
1282 3
1283 3
1284 3
1285 3
1286 9
1287 1
1288 3
1289 1
1290 1
1291 3
1292 4
1293 6
1294 1
1295 2
1296 2
1297 4
1298 5
1299 3
1300 4
1301 1
1302 1
1303 5
1304 6
1305 2
1306 2
1307 1
1308 1
1309 4
1310 2
1311 2
1312 3
1313 3
1314 1
1315 3
1316 1
1317 5
1318 4
1319 4
1320 1
1321 1
1322 2
1323 4
1324 4
1325 2
1326 4
1327 3
1328 2
1329 3
1330 1
1332 1
1333 2
1334 5
1335 3
1336 1
1337 3
1338 1
1339 2
1340 2
1341 5
1343 1
1344 3
1345 1
1346 3
1347 2
1348 2
1349 1
1350 1
1351 2
1353 1
1355 1
1356 1
1357 1
1360 1
1361 2
1363 2
1364 2
1365 1
1366 1
1367 2
1368 2
1369 2
1370 1
1372 1
1373 1
1375 3
1378 1
1379 1
1381 1
1385 2
1386 1
1387 2
1388 2
1389 2
1392 1
1395 1
1397 2
1398 1
1399 1
1410 1
1415 1
1421 1
1423 1
1424 1
1425 1
1431 1
1433 1
1434 2
1438 1
1443 1
1448 1
1490 1
