N J h mean_R_sq err_mean_R_sq mean_R_gyr_sq err_mean_R_gyr_sq 
1600 1.425 0 1692.27 35.4911 455.171 2.58147
1000 29
1001 39
1002 32
1003 40
1004 30
1005 32
1006 44
1007 38
1008 30
1009 33
1010 34
1011 35
1012 32
1013 29
1014 39
1015 34
1016 34
1017 26
1018 36
1019 33
1020 26
1021 32
1022 37
1023 45
1024 31
1025 31
1026 26
1027 37
1028 43
1029 34
1030 35
1031 36
1032 21
1033 27
1034 32
1035 31
1036 35
1037 25
1038 27
1039 38
1040 30
1041 36
1042 29
1043 34
1044 38
1045 32
1046 37
1047 46
1048 28
1049 24
1050 38
1051 23
1052 28
1053 26
1054 32
1055 23
1056 45
1057 33
1058 34
1059 32
1060 43
1061 24
1062 33
1063 29
1064 28
1065 40
1066 34
1067 25
1068 36
1069 32
1070 28
1071 40
1072 30
1073 27
1074 38
1075 31
1076 34
1077 42
1078 38
1079 46
1080 27
1081 39
1082 30
1083 33
1084 34
1085 30
1086 32
1087 35
1088 38
1089 27
1090 34
1091 27
1092 38
1093 26
1094 28
1095 39
1096 35
1097 31
1098 39
1099 24
1100 20
1101 32
1102 33
1103 21
1104 22
1105 33
1106 21
1107 24
1108 33
1109 30
1110 24
1111 42
1112 33
1113 29
1114 25
1115 30
1116 19
1117 19
1118 36
1119 29
1120 24
1121 25
1122 27
1123 25
1124 24
1125 32
1126 39
1127 29
1128 28
1129 27
1130 35
1131 22
1132 23
1133 26
1134 35
1135 30
1136 27
1137 19
1138 26
1139 23
1140 25
1141 44
1142 24
1143 28
1144 29
1145 17
1146 24
1147 36
1148 20
1149 32
1150 24
1151 29
1152 19
1153 23
1154 22
1155 16
1156 28
1157 25
1158 21
1159 21
1160 25
1161 13
1162 26
1163 12
1164 20
1165 18
1166 19
1167 24
1168 20
1169 27
1170 19
1171 14
1172 19
1173 22
1174 24
1175 24
1176 23
1177 23
1178 19
1179 13
1180 21
1181 17
1182 19
1183 18
1184 22
1185 22
1186 21
1187 19
1188 22
1189 19
1190 28
1191 15
1192 21
1193 17
1194 18
1195 14
1196 9
1197 20
1198 15
1199 18
1200 12
1201 19
1202 13
1203 18
1204 18
1205 13
1206 15
1207 13
1208 13
1209 13
1210 15
1211 16
1212 13
1213 8
1214 15
1215 11
1216 16
1217 16
1218 13
1219 7
1220 12
1221 11
1222 13
1223 18
1224 17
1225 18
1226 10
1227 17
1228 16
1229 9
1230 17
1231 9
1232 12
1233 14
1234 11
1235 14
1236 14
1237 12
1238 10
1239 9
1240 6
1241 8
1242 14
1243 13
1244 10
1245 14
1246 6
1247 13
1248 12
1249 15
1250 7
1251 11
1252 11
1253 7
1254 13
1255 12
1256 10
1257 4
1258 10
1259 8
1260 2
1261 10
1262 7
1263 8
1264 2
1265 14
1266 9
1267 13
1268 6
1269 15
1270 5
1271 9
1272 8
1273 9
1274 6
1275 6
1276 8
1277 6
1278 7
1279 5
1280 4
1281 9
1282 4
1283 5
1284 4
1285 6
1286 5
1287 4
1288 5
1289 7
1290 4
1291 6
1292 1
1293 1
1294 5
1295 5
1296 2
1297 6
1298 7
1299 7
1300 3
1301 7
1302 8
1303 4
1304 8
1305 4
1306 9
1307 4
1308 5
1309 2
1310 8
1311 4
1312 6
1313 4
1314 3
1315 3
1316 3
1317 2
1318 1
1319 4
1320 2
1321 3
1322 6
1323 5
1324 4
1325 3
1326 2
1327 5
1328 3
1329 1
1332 2
1333 1
1334 1
1335 4
1336 5
1337 1
1338 4
1339 3
1340 3
1341 2
1342 1
1343 5
1344 3
1345 1
1346 4
1347 1
1348 1
1349 3
1352 1
1353 1
1354 4
1355 2
1356 1
1357 1
1359 1
1360 2
1363 2
1368 1
1369 2
1370 4
1371 2
1373 1
1374 1
1375 2
1376 1
1378 2
1380 3
1381 2
1382 3
1383 1
1386 1
1387 1
1400 1
1404 1
1446 1
