N J h mean_R_sq err_mean_R_sq mean_R_gyr_sq err_mean_R_gyr_sq 
3600 1.39 0 6053.14 239.863 1409.76 41.6696
560 1
578 1
597 1
602 1
603 1
606 1
609 1
612 1
617 1
620 1
626 1
629 1
635 1
636 1
637 1
638 1
640 1
641 1
642 1
644 1
646 1
651 1
653 2
654 1
656 1
659 1
661 3
662 1
663 1
664 3
665 1
666 3
667 1
668 1
669 1
670 1
673 1
674 1
675 1
676 3
677 5
679 3
680 1
681 3
682 1
683 1
685 2
687 3
688 1
689 2
691 3
692 1
693 2
694 5
695 1
696 3
697 1
698 2
699 2
701 2
702 1
703 2
704 3
705 3
706 1
707 3
708 4
710 4
711 3
712 5
713 1
714 4
715 3
716 6
717 2
718 1
719 1
720 3
721 4
722 4
723 1
724 4
726 1
727 3
728 1
729 2
730 5
731 5
732 3
734 7
735 6
736 3
737 3
738 3
740 4
741 6
742 4
744 2
745 5
746 1
747 9
748 3
749 4
750 4
751 3
752 4
753 2
754 2
755 3
757 3
758 4
759 6
760 8
761 5
762 5
763 6
764 4
765 4
766 4
767 9
768 6
769 3
770 6
771 4
772 3
773 3
774 8
775 4
776 9
777 7
778 5
779 5
780 10
781 10
782 7
783 5
784 7
785 6
786 11
787 5
788 7
789 5
790 6
791 10
792 8
793 18
794 7
795 3
796 6
797 8
798 9
799 6
800 6
801 4
802 5
803 9
804 6
805 8
806 7
807 12
808 3
809 11
810 6
811 5
812 9
813 18
814 9
815 13
816 9
817 7
818 9
819 6
820 10
821 10
822 7
823 10
824 12
825 4
826 8
827 7
828 9
829 4
830 11
831 14
832 6
833 18
834 6
835 11
836 12
837 9
838 15
839 6
840 11
841 16
842 7
843 12
844 14
845 11
846 18
847 14
848 13
849 18
850 8
851 9
852 22
853 8
854 5
855 17
856 9
857 10
858 14
859 11
860 19
861 14
862 16
863 22
864 14
865 16
866 15
867 12
868 13
869 19
870 17
871 8
872 10
873 19
874 15
875 16
876 14
877 16
878 11
879 9
880 6
881 11
882 17
883 16
884 17
885 9
886 12
887 11
888 12
889 10
890 21
891 9
892 17
893 20
894 15
895 16
896 10
897 17
898 18
899 17
900 10
901 21
902 16
903 13
904 23
905 13
906 22
907 23
908 19
909 12
910 16
911 14
912 21
913 14
914 21
915 11
916 21
917 24
918 20
919 17
920 23
921 25
922 18
923 17
924 20
925 20
926 13
927 16
928 18
929 13
930 21
931 22
932 17
933 21
934 22
935 19
936 16
937 19
938 15
939 19
940 20
941 20
942 22
943 15
944 25
945 16
946 20
947 23
948 21
949 21
950 17
951 17
952 21
953 13
954 26
955 21
956 19
957 24
958 21
959 21
960 22
961 19
962 21
963 24
964 20
965 18
966 12
967 20
968 23
969 30
970 18
971 23
972 28
973 23
974 23
975 16
976 20
977 23
978 18
979 25
980 19
981 20
982 21
983 26
984 24
985 25
986 31
987 26
988 13
989 27
990 16
991 23
992 15
993 24
994 31
995 19
996 25
997 24
998 21
999 21
1000 13
1001 26
1002 23
1003 27
1004 29
1005 16
1006 28
1007 22
1008 20
1009 26
1010 28
1011 15
1012 19
1013 22
1014 24
1015 16
1016 19
1017 24
1018 21
1019 17
1020 25
1021 20
1022 18
1023 21
1024 24
1025 22
1026 18
1027 13
1028 16
1029 15
1030 16
1031 22
1032 23
1033 15
1034 19
1035 19
1036 24
1037 24
1038 28
1039 25
1040 24
1041 18
1042 19
1043 30
1044 15
1045 18
1046 19
1047 23
1048 25
1049 18
1050 25
1051 20
1052 24
1053 21
1054 20
1055 17
1056 15
1057 16
1058 17
1059 24
1060 17
1061 20
1062 13
1063 21
1064 17
1065 11
1066 20
1067 10
1068 18
1069 23
1070 21
1071 18
1072 19
1073 26
1074 15
1075 15
1076 21
1077 23
1078 13
1079 10
1080 21
1081 17
1082 22
1083 15
1084 13
1085 15
1086 14
1087 9
1088 19
1089 13
1090 19
1091 15
1092 16
1093 13
1094 24
1095 13
1096 19
1097 10
1098 9
1099 22
1100 9
1101 21
1102 16
1103 16
1104 17
1105 15
1106 12
1107 11
1108 16
1109 17
1110 19
1111 19
1112 19
1113 18
1114 8
1115 8
1116 11
1117 16
1118 21
1119 20
1120 13
1121 10
1122 10
1123 9
1124 17
1125 8
1126 19
1127 12
1128 16
1129 20
1130 16
1131 9
1132 19
1133 15
1134 8
1135 15
1136 18
1137 15
1138 17
1139 12
1140 11
1141 15
1142 13
1143 13
1144 14
1145 14
1146 13
1147 13
1148 10
1149 11
1150 17
1151 11
1152 10
1153 11
1154 15
1155 9
1156 14
1157 6
1158 11
1159 16
1160 12
1161 12
1162 18
1163 13
1164 15
1165 3
1166 7
1167 19
1168 17
1169 9
1170 14
1171 14
1172 16
1173 13
1174 15
1175 11
1176 6
1177 11
1178 9
1179 11
1180 8
1181 16
1182 8
1183 7
1184 5
1185 6
1186 9
1187 9
1188 14
1189 11
1190 7
1191 9
1192 11
1193 9
1194 7
1195 10
1196 7
1197 7
1198 9
1199 5
1200 11
1201 3
1202 13
1203 4
1204 4
1205 7
1206 11
1207 9
1208 5
1209 8
1210 5
1211 4
1212 5
1213 5
1214 9
1215 6
1216 2
1217 3
1218 4
1219 9
1220 5
1221 2
1222 7
1223 2
1224 5
1225 2
1226 5
1227 4
1228 6
1229 8
1230 7
1231 3
1232 4
1233 10
1234 5
1235 4
1236 4
1237 4
1238 4
1239 9
1240 6
1241 3
1242 7
1243 4
1244 3
1245 10
1246 6
1247 6
1248 2
1249 7
1250 5
1251 5
1252 5
1253 4
1254 6
1255 1
1256 5
1257 2
1258 1
1259 2
1260 1
1261 4
1262 7
1263 2
1264 1
1265 3
1267 4
1268 5
1269 2
1271 1
1272 2
1273 6
1274 3
1275 3
1276 4
1277 1
1278 3
1279 3
1280 2
1281 4
1282 4
1283 3
1284 3
1285 3
1286 2
1288 1
1289 3
1290 2
1291 4
1292 7
1293 1
1294 2
1295 4
1296 5
1298 3
1299 2
1300 4
1301 2
1302 5
1303 4
1304 4
1305 4
1306 2
1307 2
1308 1
1309 1
1310 2
1311 1
1312 1
1313 1
1314 1
1315 1
1316 1
1317 2
1318 1
1319 1
1320 1
1321 2
1324 1
1327 1
1328 2
1331 3
1332 2
1335 1
1336 4
1337 2
1338 1
1342 2
1345 1
1347 1
1349 3
1350 1
1351 1
1352 1
1354 2
1359 2
1360 1
1364 3
1365 1
1367 1
1370 1
1377 1
1382 1
1394 1
1395 1
1397 1
1398 1
1401 1
1403 1
1412 1
1447 1
