N J h mean_R_sq err_mean_R_sq mean_R_gyr_sq err_mean_R_gyr_sq 
900 1.429 0 1115.16 13.8438 272.912 1.3329
328 1
344 2
353 1
358 1
373 1
375 1
379 1
380 1
385 2
392 1
393 2
397 1
403 2
404 1
405 2
406 1
407 2
412 1
417 1
418 1
419 1
420 2
421 1
422 2
423 1
426 1
427 1
430 2
431 1
432 3
434 1
435 1
437 3
438 2
441 1
443 1
444 1
447 1
448 4
450 3
451 2
453 3
454 3
455 2
457 6
458 1
459 2
460 3
461 2
462 2
463 1
464 3
466 2
467 2
468 2
469 2
470 2
471 2
472 1
473 2
475 2
476 1
479 1
480 3
482 2
485 2
486 2
487 2
488 5
489 2
490 4
491 1
492 2
493 2
494 3
495 1
496 1
497 4
498 4
499 3
500 1
502 1
503 4
504 3
505 3
506 6
507 6
508 1
509 2
510 2
511 1
512 1
513 6
514 1
515 6
516 3
517 3
518 3
519 3
520 2
521 2
522 2
523 6
524 2
525 2
526 4
527 2
528 6
529 3
530 7
531 3
532 2
533 6
534 4
535 7
536 7
537 4
538 3
539 3
540 4
541 7
542 6
543 7
544 2
545 4
546 5
547 7
548 4
549 3
550 3
551 5
552 4
553 1
554 6
555 1
556 3
557 3
558 3
559 4
560 5
561 6
562 5
563 4
564 5
565 7
566 2
567 4
568 3
569 5
570 2
571 8
572 3
573 1
574 5
575 6
576 8
577 3
578 5
579 7
580 3
581 1
582 5
583 6
584 7
585 6
586 4
587 10
588 2
589 5
590 6
591 5
592 8
593 3
594 7
595 6
596 4
597 3
598 5
599 4
600 3
601 9
602 11
603 4
604 7
606 8
607 4
608 7
609 12
610 4
611 7
612 5
613 3
614 6
615 5
616 4
617 6
618 4
619 8
620 6
621 7
622 4
623 7
624 7
625 9
626 5
627 5
628 7
629 3
630 5
631 10
632 8
633 7
634 8
635 6
636 10
637 7
638 9
639 9
640 9
641 7
642 10
643 8
644 7
645 7
646 4
647 13
648 6
649 5
650 6
651 7
652 8
653 4
654 11
655 8
656 4
657 5
658 7
659 3
660 10
661 9
662 12
663 7
664 9
665 7
666 7
667 8
668 8
669 9
670 5
671 5
672 7
673 7
674 9
675 10
676 9
677 10
678 4
679 8
680 6
681 3
682 7
683 7
684 9
685 10
686 4
687 10
688 9
689 8
690 7
691 7
692 7
693 12
694 4
695 6
696 7
697 5
698 9
699 7
700 5
701 7
702 6
703 6
704 7
705 5
706 7
707 9
708 13
709 10
710 10
711 9
712 8
713 4
714 7
715 9
716 14
717 7
718 5
719 6
720 10
721 8
722 9
723 7
724 7
725 12
726 11
727 12
728 8
729 5
730 10
731 8
732 9
733 8
734 16
735 12
736 11
737 10
738 12
739 10
740 8
741 8
742 8
743 6
744 11
745 7
746 9
747 7
748 12
749 1
750 10
751 10
752 12
753 9
754 4
755 5
756 11
757 3
758 4
759 10
760 6
761 4
762 6
763 11
764 9
765 9
766 12
767 7
768 7
769 11
770 7
771 7
772 9
773 11
774 9
775 8
776 9
777 6
778 10
779 6
780 9
781 6
782 8
783 11
784 13
785 5
786 5
787 12
788 11
789 9
790 9
791 5
792 13
793 11
794 13
795 12
796 8
797 12
798 9
799 10
800 3
801 11
802 16
803 11
804 4
805 8
806 8
807 10
808 6
809 7
810 12
811 5
812 14
813 12
814 10
815 14
816 3
817 11
818 17
819 12
820 13
821 7
822 7
823 13
824 10
825 11
826 6
827 13
828 14
829 8
830 17
831 11
832 10
833 13
834 10
835 12
836 8
837 11
838 8
839 8
840 6
841 7
842 9
843 4
844 9
845 13
846 6
847 9
848 10
849 9
850 14
851 10
852 5
853 14
854 10
855 5
856 6
857 8
858 6
859 15
860 11
861 8
862 14
863 15
864 6
865 14
866 9
867 14
868 9
869 3
870 12
871 9
872 13
873 4
874 8
875 11
876 6
877 13
878 6
879 7
880 11
881 14
882 13
883 17
884 8
885 9
886 10
887 11
888 7
889 8
890 10
891 9
892 7
893 12
894 9
895 11
896 5
897 5
898 13
899 7
900 14
901 14
902 6
903 12
904 10
905 9
906 16
907 13
908 6
909 8
910 10
911 12
912 9
913 7
914 15
915 14
916 10
917 12
918 7
919 13
920 13
921 9
922 13
923 10
924 4
925 11
926 10
927 13
928 7
929 8
930 11
931 14
932 13
933 9
934 9
935 14
936 13
937 7
938 11
939 7
940 13
941 5
942 7
943 14
944 9
945 10
946 11
947 9
948 15
949 8
950 10
951 12
952 4
953 7
954 7
955 10
956 12
957 7
958 1
959 10
960 12
961 15
962 14
963 14
964 7
965 3
966 11
967 9
968 8
969 17
970 12
971 10
972 11
973 5
974 6
975 13
976 12
977 11
978 16
979 9
980 8
981 12
982 9
983 14
984 10
985 11
986 6
987 16
988 13
989 16
990 11
991 10
992 10
993 8
994 16
995 9
996 8
997 9
998 14
999 11
1000 12
1001 7
1002 8
1003 14
1004 11
1005 12
1006 13
1007 10
1008 11
1009 8
1010 8
1011 12
1012 11
1013 7
1014 11
1015 10
1016 9
1017 12
1018 10
1019 7
1020 12
1021 13
1022 8
1023 12
1024 7
1025 8
1026 11
1027 15
1028 14
1029 10
1030 6
1031 15
1032 7
1033 12
1034 10
1035 5
1036 7
1037 12
1038 6
1039 9
1040 16
1041 11
1042 8
1043 12
1044 6
1045 4
1046 9
1047 14
1048 11
1049 11
1050 9
1051 15
1052 6
1053 5
1054 19
1055 13
1056 10
1057 13
1058 9
1059 13
1060 5
1061 9
1062 4
1063 9
1064 15
1065 15
1066 10
1067 15
1068 13
1069 10
1070 12
1071 14
1072 3
1073 9
1074 13
1075 10
1076 10
1077 13
1078 12
1079 15
1080 12
1081 7
1082 8
1083 10
1084 5
1085 11
1086 10
1087 11
1088 6
1089 7
1090 7
1091 7
1092 14
1093 14
1094 10
1095 12
1096 5
1097 8
1098 9
1099 13
1100 12
1101 13
1102 9
1103 14
1104 6
1105 14
1106 11
1107 15
1108 12
1109 11
1110 11
1111 12
1112 7
1113 6
1114 6
1115 8
1116 14
1117 16
1118 10
1119 9
1120 6
1121 8
1122 13
1123 8
1124 6
1125 14
1126 5
1127 11
1128 5
1129 3
1130 9
1131 11
1132 8
1133 8
1134 11
1135 8
1136 9
1137 5
1138 5
1139 10
1140 12
1141 22
1142 11
1143 8
1144 8
1145 8
1146 11
1147 9
1148 8
1149 4
1150 9
1151 3
1152 16
1153 7
1154 9
1155 11
1156 8
1157 11
1158 9
1159 16
1160 10
1161 8
1162 10
1163 7
1164 10
1165 6
1166 6
1167 6
1168 8
1169 9
1170 8
1171 7
1172 10
1173 3
1174 15
1175 9
1176 14
1177 11
1178 7
1179 6
1180 12
1181 8
1182 13
1183 6
1184 8
1185 4
1186 4
1187 8
1188 11
1189 3
1190 6
1191 5
1192 6
1193 8
1194 10
1195 6
1196 8
1197 11
1198 8
1199 4
1200 10
1201 11
1202 6
1203 9
1204 6
1205 11
1206 5
1207 5
1208 11
1209 10
1210 11
1211 9
1212 7
1213 9
1214 13
1215 6
1216 4
1217 18
1218 6
1219 5
1220 15
1221 16
1222 16
1223 5
1224 6
1225 5
1226 8
1227 9
1228 8
1229 4
1230 6
1231 9
1232 10
1233 9
1234 8
1235 14
1236 9
1237 8
1238 10
1239 9
1240 8
1241 14
1242 7
1243 8
1244 8
1245 8
1246 10
1247 12
1248 15
1249 5
1250 14
1251 6
1252 11
1253 4
1254 12
1255 6
1256 9
1257 8
1258 10
1259 4
1260 7
1261 7
1262 9
1263 5
1264 11
1265 7
1266 8
1267 12
1268 9
1269 10
1270 7
1271 8
1272 6
1273 10
1274 7
1275 6
1276 5
1277 4
1278 10
1279 4
1280 7
1281 13
1282 10
1283 8
1284 10
1285 8
1286 8
1287 8
1288 7
1289 5
1290 4
1291 7
1292 4
1293 8
1294 9
1295 10
1296 4
1297 9
1298 9
1299 7
1300 3
1301 8
1302 12
1303 8
1304 8
1305 4
1306 11
1307 8
1308 9
1309 8
1310 7
1311 8
1312 9
1313 5
1314 12
1315 6
1316 7
1317 8
1318 6
1319 8
1320 11
1321 10
1322 8
1323 7
1324 3
1325 7
1326 5
1327 9
1328 5
1329 8
1330 9
1331 3
1332 4
1333 10
1334 8
1335 4
1336 6
1337 5
1338 11
1339 12
1340 11
1341 3
1342 5
1343 5
1344 6
1345 10
1346 7
1347 8
1348 3
1349 7
1350 8
1351 10
1352 8
1353 4
1354 5
1355 4
1356 5
1357 3
1358 5
1359 5
1360 6
1361 6
1362 6
1363 5
1364 5
1365 6
1366 8
1367 8
1368 3
1369 6
1370 4
1371 5
1372 6
1373 5
1374 4
1375 4
1376 4
1377 9
1378 5
1379 8
1380 7
1381 7
1382 6
1383 3
1384 5
1385 2
1386 8
1387 5
1388 7
1389 2
1390 5
1391 6
1392 2
1393 10
1394 2
1395 4
1396 6
1397 7
1398 4
1399 5
1400 4
1401 7
1402 4
1403 4
1405 5
1406 4
1407 9
1408 3
1409 7
1410 5
1411 4
1412 5
1413 9
1414 4
1415 2
1416 7
1417 5
1418 5
1419 6
1420 5
1421 5
1422 4
1423 7
1424 7
1425 1
1426 4
1427 3
1428 10
1429 1
1430 9
1431 8
1432 5
1433 9
1434 5
1435 4
1436 9
1437 4
1438 3
1439 3
1440 3
1441 6
1442 2
1443 9
1444 4
1445 1
1446 1
1447 3
1448 2
1449 6
1450 6
1451 5
1452 1
1453 6
1455 6
1456 6
1457 2
1458 4
1459 1
1460 12
1461 4
1462 3
1463 2
1464 4
1465 3
1466 4
1467 2
1468 6
1469 2
1470 5
1472 5
1473 3
1474 3
1475 6
1476 2
1477 2
1478 3
1479 5
1480 2
1481 6
1482 1
1483 3
1484 5
1485 4
1486 1
1487 3
1488 2
1489 3
1490 2
1491 4
1492 3
1493 4
1494 2
1495 2
1496 2
1497 4
1498 1
1499 2
1500 3
1503 3
1504 2
1505 3
1506 2
1507 2
1508 3
1509 3
1510 5
1511 1
1512 2
1513 3
1514 3
1515 3
1516 3
1518 2
1519 1
1520 2
1521 4
1522 3
1523 2
1524 2
1525 1
1526 5
1527 2
1528 3
1529 4
1530 8
1531 5
1532 2
1533 2
1535 1
1536 2
1538 2
1539 3
1540 2
1541 1
1543 1
1544 1
1546 2
1547 3
1548 3
1549 1
1551 1
1552 1
1554 1
1555 1
1556 1
1558 2
1559 1
1560 2
1561 1
1562 1
1563 1
1564 1
1565 1
1566 1
1567 3
1570 3
1573 1
1575 1
1577 1
1578 1
1580 2
1581 3
1582 1
1583 1
1584 2
1586 1
1589 1
1592 2
1594 1
1597 2
1603 1
1605 2
1612 1
1616 1
1619 2
1622 1
1623 1
1626 1
1650 1
1657 1
1660 1
1663 1
