N J h mean_R_sq err_mean_R_sq mean_R_gyr_sq err_mean_R_gyr_sq 
8100 1.368 0 752918 498995 111519 69145
796 1
810 1
817 1
820 1
823 2
827 2
828 2
829 1
830 1
832 1
835 2
841 1
844 1
847 2
852 3
853 1
854 1
855 2
856 1
857 1
858 1
859 1
860 2
866 3
868 1
869 2
872 1
873 1
875 3
876 4
877 1
880 3
882 2
883 3
884 1
885 4
886 6
887 3
889 4
890 1
891 3
892 4
893 2
894 3
896 5
897 5
898 7
899 1
900 5
901 2
902 7
903 3
904 4
905 3
906 2
907 4
908 7
909 5
910 5
911 4
912 5
913 3
914 6
915 7
916 5
917 10
918 3
919 7
920 6
921 4
922 5
923 11
924 4
925 6
926 4
927 11
928 9
929 6
930 3
931 7
932 10
933 11
934 9
935 10
936 8
937 10
938 15
939 9
940 6
941 10
942 13
943 8
944 11
945 8
946 6
947 11
948 12
949 8
950 6
951 6
952 9
953 9
954 10
955 13
956 14
957 12
958 7
959 13
960 10
961 7
962 11
963 13
964 13
965 15
966 17
967 9
968 13
969 20
970 16
971 14
972 13
973 15
974 19
975 9
976 13
977 21
978 14
979 11
980 11
981 12
982 12
983 13
984 13
985 15
986 9
987 14
988 12
989 17
990 11
991 14
992 8
993 21
994 7
995 17
996 16
997 10
998 11
999 21
1000 17
1001 13
1002 20
1003 19
1004 14
1005 16
1006 12
1007 18
1008 14
1009 11
1010 11
1011 10
1012 12
1013 15
1014 17
1015 9
1016 10
1017 14
1018 6
1019 13
1020 11
1021 17
1022 11
1023 12
1024 10
1025 11
1026 22
1027 13
1028 13
1029 15
1030 14
1031 9
1032 13
1033 9
1034 16
1035 11
1036 9
1037 17
1038 5
1039 11
1040 14
1041 8
1042 14
1043 11
1044 9
1045 12
1046 6
1047 20
1048 7
1049 7
1050 9
1051 19
1052 7
1053 8
1054 11
1055 12
1056 6
1057 7
1058 13
1059 9
1060 16
1061 13
1062 8
1063 10
1064 5
1065 10
1066 7
1067 10
1068 9
1069 10
1070 7
1071 7
1072 5
1073 6
1074 7
1075 7
1076 7
1077 7
1078 6
1079 7
1080 5
1081 3
1082 5
1083 4
1084 9
1085 8
1086 3
1087 5
1088 3
1089 4
1090 8
1091 4
1092 6
1093 4
1094 4
1095 2
1096 2
1097 4
1098 2
1099 4
1100 6
1101 3
1102 5
1103 2
1104 2
1105 3
1106 4
1107 5
1108 3
1109 5
1110 2
1112 1
1113 3
1114 1
1115 5
1116 3
1117 5
1118 2
1120 2
1121 3
1122 3
1123 2
1124 1
1125 3
1126 4
1127 3
1129 3
1130 3
1131 4
1132 2
1133 4
1134 2
1135 1
1136 1
1137 1
1138 2
1142 1
1144 2
1146 2
1148 2
1150 2
1151 1
1157 1
1160 1
1161 1
1163 1
1166 1
1169 1
1170 2
1177 1
1178 1
1182 1
1189 1
1190 1
1233 1
