N J h mean_R_sq err_mean_R_sq mean_R_gyr_sq err_mean_R_gyr_sq 
4900 1.425 0 4554.33 747.385 1320.54 95.5169
597 1
598 1
601 2
604 1
605 4
606 1
607 4
608 3
609 6
610 4
611 3
612 6
613 3
614 7
615 3
616 7
617 5
618 13
619 11
620 12
621 12
622 10
623 10
624 20
625 16
626 17
627 22
628 36
629 33
630 20
631 32
632 30
633 37
634 35
635 51
636 47
637 62
638 61
639 56
640 67
641 56
642 72
643 81
644 83
645 81
646 95
647 114
648 106
649 105
650 123
651 116
652 126
653 128
654 114
655 124
656 145
657 126
658 125
659 141
660 152
661 146
662 134
663 152
664 157
665 149
666 140
667 160
668 163
669 155
670 162
671 137
672 152
673 149
674 169
675 142
676 138
677 149
678 121
679 126
680 131
681 130
682 130
683 119
684 132
685 122
686 134
687 92
688 89
689 90
690 105
691 88
692 79
693 71
694 64
695 62
696 85
697 62
698 59
699 45
700 53
701 57
702 44
703 47
704 38
705 34
706 39
707 43
708 27
709 22
710 16
711 22
712 17
713 12
714 18
715 13
716 15
717 13
718 10
719 12
720 8
721 3
722 3
723 7
724 4
725 8
726 4
727 6
728 3
729 2
730 4
731 2
732 1
733 1
734 1
735 2
736 2
737 4
738 1
741 1
742 1
746 1
748 1
856 1
938 1
943 1
