N J h mean_R_sq err_mean_R_sq mean_R_gyr_sq err_mean_R_gyr_sq 
2500 1.413 0 3167.44 422.327 794.864 53.85
1000 9
1001 9
1002 14
1003 13
1004 6
1005 12
1006 7
1007 9
1008 11
1009 11
1010 9
1011 12
1012 8
1013 9
1014 8
1015 9
1016 7
1017 9
1018 8
1019 6
1020 6
1021 9
1022 16
1023 9
1024 10
1025 5
1026 10
1027 16
1028 8
1029 7
1030 7
1031 5
1032 10
1033 6
1034 5
1035 9
1036 9
1037 13
1038 10
1039 7
1040 11
1041 8
1042 3
1043 12
1044 8
1045 8
1046 12
1047 8
1048 6
1049 7
1050 11
1051 12
1052 2
1053 9
1054 8
1055 5
1056 5
1057 6
1058 9
1059 6
1060 7
1061 6
1062 9
1063 9
1064 9
1065 15
1066 5
1067 4
1068 7
1069 6
1070 5
1071 2
1072 8
1073 7
1074 7
1075 6
1076 5
1077 6
1078 7
1079 2
1080 6
1081 4
1082 4
1083 8
1084 4
1085 5
1086 4
1087 8
1088 7
1089 6
1090 4
1091 4
1092 1
1093 6
1094 5
1095 5
1096 5
1097 4
1098 8
1099 5
1100 11
1101 3
1102 3
1103 4
1104 5
1105 5
1106 1
1107 6
1108 5
1109 5
1110 3
1111 4
1112 5
1113 4
1114 8
1115 5
1116 2
1117 3
1119 3
1120 6
1121 4
1122 2
1123 5
1124 2
1125 4
1126 7
1127 4
1128 5
1129 11
1130 2
1131 5
1132 4
1133 1
1134 3
1135 5
1136 5
1137 1
1138 1
1139 1
1140 3
1141 1
1142 2
1143 1
1144 4
1145 4
1146 5
1147 3
1148 2
1149 2
1150 3
1151 2
1152 2
1154 2
1155 2
1156 2
1157 3
1158 2
1159 6
1160 2
1161 1
1162 2
1163 1
1164 1
1165 4
1166 1
1167 1
1168 4
1169 2
1170 4
1171 1
1173 2
1174 2
1175 2
1176 3
1177 2
1179 1
1180 2
1181 2
1182 2
1183 1
1184 4
1186 2
1187 2
1188 2
1189 2
1190 1
1191 1
1192 1
1193 2
1194 1
1195 1
1196 1
1198 1
1199 1
1200 1
1201 2
1203 1
1204 3
1205 1
1206 1
1208 2
1209 1
1210 1
1211 1
1212 1
1213 1
1214 1
1215 3
1216 4
1218 2
1220 1
1221 1
1222 1
1224 1
1226 1
1228 2
1229 1
1233 1
1235 4
1239 1
1243 1
1250 1
1252 1
1253 1
1254 1
1255 1
1257 2
1258 1
1259 1
1260 1
1261 1
1262 1
1266 2
1272 1
1277 1
1280 1
1286 2
1292 1
1302 1
1304 1
1324 1
1341 1
1346 1
