N J h mean_R_sq err_mean_R_sq mean_R_gyr_sq err_mean_R_gyr_sq 
1225 1.385 0 2863.01 25.9828 560.474 2.4201
653 1
664 1
665 1
668 1
669 1
670 1
676 2
679 1
680 1
683 1
684 1
685 2
686 2
687 4
688 1
689 2
690 1
691 1
692 1
694 2
695 3
696 1
698 2
699 2
700 3
701 2
702 3
703 3
704 2
705 2
706 4
707 4
708 5
709 10
710 5
711 9
712 12
713 3
714 8
715 10
716 4
717 3
718 7
719 5
720 12
721 13
722 11
723 12
724 17
725 9
726 7
727 17
728 11
729 17
730 19
731 19
732 23
733 24
734 20
735 14
736 26
737 29
738 18
739 21
740 21
741 36
742 26
743 27
744 24
745 25
746 37
747 28
748 38
749 26
750 40
751 34
752 38
753 41
754 36
755 43
756 46
757 41
758 49
759 48
760 53
761 53
762 58
763 50
764 50
765 58
766 55
767 52
768 67
769 59
770 60
771 61
772 59
773 74
774 75
775 71
776 73
777 66
778 67
779 71
780 81
781 77
782 82
783 79
784 84
785 87
786 81
787 90
788 90
789 80
790 105
791 83
792 77
793 90
794 103
795 103
796 96
797 102
798 94
799 92
800 109
801 100
802 108
803 126
804 103
805 119
806 119
807 99
808 123
809 110
810 114
811 107
812 114
813 110
814 109
815 102
816 92
817 106
818 115
819 124
820 110
821 98
822 116
823 120
824 109
825 106
826 110
827 116
828 116
829 127
830 87
831 109
832 124
833 110
834 123
835 105
836 97
837 114
838 118
839 74
840 102
841 93
842 95
843 97
844 93
845 121
846 94
847 97
848 98
849 75
850 97
851 106
852 93
853 98
854 102
855 80
856 80
857 81
858 72
859 89
860 78
861 85
862 79
863 77
864 84
865 74
866 67
867 63
868 78
869 75
870 61
871 74
872 75
873 56
874 60
875 65
876 61
877 66
878 60
879 54
880 62
881 51
882 54
883 51
884 51
885 52
886 48
887 45
888 41
889 40
890 42
891 43
892 39
893 37
894 42
895 47
896 32
897 26
898 30
899 32
900 35
901 19
902 33
903 33
904 26
905 18
906 24
907 27
908 23
909 35
910 14
911 19
912 17
913 13
914 18
915 13
916 17
917 18
918 15
919 12
920 9
921 10
922 15
923 3
924 12
925 12
926 8
927 9
928 8
929 7
930 10
931 4
932 7
933 8
934 7
935 9
936 7
937 4
938 9
939 8
940 5
941 3
942 9
943 3
944 2
945 3
946 5
947 7
948 3
949 3
950 2
951 1
952 4
953 3
954 1
955 4
956 4
958 1
959 2
960 2
961 1
962 3
963 3
966 2
968 3
969 2
971 1
972 2
973 1
974 1
975 1
979 1
982 1
987 1
993 2
997 1
998 1
1000 1
