N J h mean_R_sq err_mean_R_sq mean_R_gyr_sq err_mean_R_gyr_sq 
1225 1.45 0 1099.24 12.5543 311.588 0.833763
317 1
332 2
335 1
339 1
340 1
352 1
354 1
358 1
363 1
369 1
370 1
371 1
373 2
376 1
379 1
380 1
382 1
383 2
384 1
385 2
386 1
387 1
389 1
390 1
391 1
392 1
393 1
394 3
395 1
397 4
398 2
400 2
401 1
402 3
404 1
405 2
406 2
407 1
409 1
411 1
412 1
415 2
416 1
417 1
418 1
419 1
421 2
422 5
423 3
424 1
425 2
426 3
427 2
428 1
430 3
431 1
432 4
433 2
434 3
435 4
436 4
437 6
438 3
439 4
440 4
441 2
442 3
443 1
444 6
445 2
446 3
447 2
448 2
449 3
451 1
452 2
453 3
454 3
455 4
456 2
457 3
458 2
459 2
460 5
461 4
462 1
463 4
464 1
465 3
466 4
467 5
468 3
469 8
470 3
471 5
472 3
473 5
474 4
475 3
476 4
477 5
478 5
479 5
480 3
481 5
482 3
483 3
484 3
485 6
486 6
487 7
488 11
489 2
490 4
491 5
492 9
493 3
494 7
495 5
496 2
497 2
498 8
499 4
500 4
501 6
502 5
503 5
504 2
505 5
506 5
507 2
508 8
509 4
510 8
511 9
512 6
513 7
514 8
515 6
516 4
517 5
518 8
519 5
520 9
521 5
522 6
523 4
524 2
525 6
526 12
527 9
528 5
529 4
530 8
531 4
532 13
533 4
534 11
535 5
536 6
537 1
538 16
539 10
540 6
541 7
542 5
543 8
544 9
545 5
546 4
547 6
548 10
549 5
550 7
551 13
552 2
553 7
554 9
555 8
556 5
557 7
558 13
559 6
560 6
561 9
562 8
563 7
564 6
565 10
566 15
567 14
568 4
569 9
570 8
571 11
572 6
573 10
574 7
575 11
576 2
577 8
578 8
579 4
580 8
581 2
582 7
583 7
584 12
585 10
586 6
587 5
588 6
589 14
590 4
591 5
592 6
593 12
594 10
595 6
596 8
597 8
598 9
599 14
600 10
601 10
602 10
603 4
604 7
605 7
606 7
607 11
608 6
609 7
610 5
611 2
612 7
613 6
614 10
615 12
616 14
617 10
618 11
619 11
620 9
621 10
622 9
623 3
624 8
625 9
626 9
627 9
628 14
629 6
630 6
631 9
632 12
633 9
634 5
635 8
636 6
637 6
638 10
639 6
640 4
641 10
642 2
643 11
644 6
645 7
646 13
647 9
648 8
649 13
650 11
651 6
652 15
653 13
654 9
655 9
656 8
657 13
658 8
659 11
660 10
661 13
662 11
663 10
664 8
665 8
666 8
667 9
668 10
669 15
670 14
671 12
672 5
673 14
674 12
675 17
676 7
677 6
678 7
679 9
680 6
681 13
682 11
683 14
684 16
685 9
686 12
687 10
688 5
689 7
690 11
691 8
692 15
693 15
694 14
695 9
696 7
697 11
698 7
699 10
700 17
701 7
702 10
703 5
704 10
705 8
706 16
707 13
708 7
709 9
710 11
711 11
712 10
713 13
714 10
715 8
716 7
717 9
718 7
719 17
720 15
721 11
722 11
723 7
724 12
725 13
726 10
727 12
728 13
729 9
730 7
731 15
732 9
733 12
734 15
735 8
736 17
737 10
738 7
739 11
740 9
741 10
742 15
743 14
744 14
745 8
746 9
747 10
748 6
749 11
750 8
751 12
752 8
753 18
754 14
755 12
756 18
757 13
758 18
759 1
760 12
761 12
762 6
763 14
764 14
765 10
766 13
767 12
768 8
769 9
770 5
771 15
772 13
773 8
774 15
775 10
776 13
777 7
778 6
779 12
780 9
781 10
782 15
783 15
784 9
785 11
786 9
787 8
788 12
789 9
790 14
791 7
792 15
793 13
794 15
795 15
796 11
797 14
798 11
799 10
800 11
801 9
802 12
803 10
804 8
805 12
806 7
807 12
808 15
809 14
810 13
811 12
812 9
813 7
814 7
815 7
816 3
817 11
818 7
819 10
820 8
821 7
822 11
823 16
824 17
825 10
826 11
827 14
828 8
829 8
830 8
831 12
832 9
833 9
834 7
835 12
836 15
837 13
838 6
839 4
840 9
841 11
842 9
843 7
844 6
845 12
846 4
847 9
848 11
849 11
850 11
851 14
852 14
853 14
854 10
855 10
856 14
857 11
858 10
859 14
860 10
861 15
862 9
863 11
864 6
865 13
866 9
867 16
868 14
869 10
870 13
871 12
872 13
873 14
874 15
875 5
876 11
877 15
878 11
879 10
880 14
881 14
882 13
883 7
884 17
885 7
886 12
887 8
888 11
889 15
890 13
891 14
892 7
893 11
894 9
895 6
896 16
897 12
898 11
899 18
900 8
901 7
902 20
903 8
904 11
905 14
906 10
907 12
908 17
909 7
910 9
911 10
912 11
913 11
914 5
915 10
916 11
917 10
918 10
919 12
920 11
921 11
922 12
923 13
924 13
925 15
926 8
927 6
928 18
929 6
930 10
931 12
932 12
933 10
934 11
935 11
936 14
937 11
938 9
939 7
940 12
941 13
942 9
943 11
944 14
945 16
946 9
947 12
948 16
949 10
950 15
951 13
952 4
953 13
954 13
955 15
956 12
957 12
958 14
959 6
960 10
961 12
962 6
963 10
964 16
965 13
966 7
967 7
968 9
969 10
970 12
971 7
972 14
973 10
974 8
975 12
976 11
977 15
978 12
979 10
980 10
981 13
982 21
983 11
984 5
985 10
986 15
987 7
988 15
989 17
990 7
991 6
992 17
993 9
994 18
995 9
996 10
997 13
998 14
999 7
1000 8
1001 12
1002 15
1003 13
1004 12
1005 12
1006 13
1007 17
1008 7
1009 10
1010 7
1011 13
1012 10
1013 6
1014 8
1015 8
1016 11
1017 8
1018 3
1019 7
1020 10
1021 7
1022 9
1023 8
1024 8
1025 10
1026 13
1027 9
1028 10
1029 20
1030 15
1031 7
1032 10
1033 10
1034 13
1035 10
1036 12
1037 8
1038 11
1039 15
1040 15
1041 8
1042 10
1043 10
1044 11
1045 13
1046 13
1047 18
1048 7
1049 13
1050 9
1051 13
1052 20
1053 9
1054 13
1055 14
1056 15
1057 7
1058 10
1059 9
1060 7
1061 13
1062 8
1063 13
1064 13
1065 10
1066 11
1067 10
1068 12
1069 9
1070 11
1071 9
1072 13
1073 8
1074 13
1075 14
1076 9
1077 13
1078 7
1079 15
1080 12
1081 12
1082 16
1083 10
1084 5
1085 11
1086 10
1087 14
1088 11
1089 9
1090 12
1091 10
1092 7
1093 12
1094 10
1095 10
1096 6
1097 15
1098 7
1099 6
1100 12
1101 16
1102 11
1103 13
1104 13
1105 12
1106 9
1107 14
1108 8
1109 9
1110 13
1111 12
1112 11
1113 10
1114 13
1115 12
1116 9
1117 14
1118 10
1119 14
1120 13
1121 15
1122 8
1123 11
1124 8
1125 12
1126 18
1127 10
1128 11
1129 7
1130 11
1131 10
1132 9
1133 7
1134 12
1135 11
1136 12
1137 13
1138 10
1139 12
1140 6
1141 11
1142 9
1143 9
1144 11
1145 13
1146 11
1147 12
1148 10
1149 13
1150 8
1151 11
1152 10
1153 7
1154 15
1155 10
1156 12
1157 14
1158 15
1159 13
1160 11
1161 13
1162 7
1163 10
1164 12
1165 12
1166 9
1167 12
1168 9
1169 13
1170 12
1171 11
1172 15
1173 16
1174 10
1175 10
1176 9
1177 14
1178 17
1179 9
1180 9
1181 13
1182 16
1183 10
1184 6
1185 13
1186 9
1187 10
1188 8
1189 10
1190 10
1191 11
1192 7
1193 5
1194 10
1195 7
1196 9
1197 10
1198 12
1199 12
1200 9
1201 6
1202 10
1203 11
1204 2
1205 16
1206 12
1207 7
1208 13
1209 7
1210 6
1211 10
1212 12
1213 14
1214 9
1215 10
1216 11
1217 18
1218 8
1219 12
1220 7
1221 13
1222 13
1223 3
1224 4
1225 10
1226 5
1227 12
1228 7
1229 9
1230 11
1231 15
1232 9
1233 9
1234 12
1235 14
1236 15
1237 12
1238 13
1239 10
1240 8
1241 13
1242 11
1243 7
1244 7
1245 14
1246 9
1247 9
1248 10
1249 7
1250 16
1251 18
1252 12
1253 9
1254 3
1255 13
1256 14
1257 9
1258 11
1259 10
1260 10
1261 9
1262 10
1263 10
1264 9
1265 11
1266 14
1267 6
1268 14
1269 7
1270 14
1271 10
1272 6
1273 2
1274 12
1275 10
1276 10
1277 14
1278 8
1279 6
1280 5
1281 13
1282 11
1283 8
1284 6
1285 12
1286 10
1287 10
1288 7
1289 12
1290 9
1291 9
1292 12
1293 9
1294 15
1295 8
1296 7
1297 9
1298 12
1299 18
1300 9
1301 16
1302 10
1303 12
1304 10
1305 13
1306 14
1307 9
1308 9
1309 7
1310 10
1311 6
1312 8
1313 14
1314 13
1315 13
1316 8
1317 15
1318 14
1319 7
1320 12
1321 9
1322 7
1323 8
1324 7
1325 8
1326 9
1327 9
1328 8
1329 12
1330 12
1331 9
1332 10
1333 11
1334 13
1335 6
1336 14
1337 10
1338 13
1339 10
1340 9
1341 5
1342 13
1343 12
1344 14
1345 17
1346 11
1347 7
1348 14
1349 13
1350 12
1351 12
1352 15
1353 13
1354 11
1355 13
1356 9
1357 14
1358 8
1359 9
1360 12
1361 6
1362 9
1363 7
1364 8
1365 13
1366 10
1367 12
1368 8
1369 4
1370 9
1371 10
1372 11
1373 9
1374 5
1375 9
1376 11
1377 14
1378 5
1379 12
1380 12
1381 7
1382 5
1383 12
1384 8
1385 14
1386 10
1387 12
1388 8
1389 12
1390 8
1391 8
1392 10
1393 5
1394 13
1395 11
1396 7
1397 13
1398 9
1399 6
1400 6
1401 5
1402 12
1403 13
1404 12
1405 5
1406 5
1407 4
1408 8
1409 4
1410 11
1411 14
1412 6
1413 9
1414 3
1415 10
1416 10
1417 4
1418 5
1419 8
1420 14
1421 13
1422 9
1423 16
1424 9
1425 6
1426 4
1427 13
1428 10
1429 6
1430 9
1431 13
1432 8
1433 5
1434 10
1435 7
1436 8
1437 12
1438 5
1439 9
1440 9
1441 8
1442 10
1443 6
1444 4
1445 8
1446 2
1447 8
1448 10
1449 7
1450 13
1451 11
1452 11
1453 10
1454 9
1455 10
1456 5
1457 7
1458 9
1459 8
1460 9
1461 3
1462 9
1463 9
1464 9
1465 5
1466 7
1467 6
1468 6
1469 9
1470 10
1471 6
1472 6
1473 6
1474 6
1475 7
1476 6
1477 6
1478 6
1479 12
1480 3
1481 3
1482 10
1483 4
1484 8
1485 5
1486 2
1487 6
1488 4
1489 10
1490 5
1491 3
1492 6
1493 5
1494 5
1495 4
1496 4
1497 5
1498 6
1499 3
1500 4
1501 4
1502 5
1503 10
1504 4
1505 7
1506 4
1507 3
1508 2
1509 7
1510 9
1511 5
1512 5
1513 7
1514 5
1515 5
1516 10
1517 5
1518 6
1519 6
1520 2
1521 4
1522 4
1523 6
1524 4
1525 6
1526 3
1527 5
1528 1
1529 2
1530 3
1531 1
1532 3
1533 5
1534 3
1536 5
1537 2
1538 2
1539 4
1540 1
1541 4
1542 7
1543 4
1544 4
1545 2
1546 3
1547 2
1548 4
1549 3
1550 4
1551 7
1552 3
1554 2
1555 2
1556 4
1557 3
1558 1
1559 2
1560 2
1561 4
1562 3
1563 3
1564 2
1565 1
1566 3
1567 3
1569 2
1570 2
1571 1
1572 2
1573 1
1575 2
1576 4
1577 3
1578 3
1579 2
1580 1
1582 4
1584 3
1586 2
1587 2
1588 2
1590 3
1591 2
1592 2
1593 2
1595 1
1596 1
1597 5
1598 2
1600 1
1603 1
1604 2
1606 2
1607 1
1609 2
1610 1
1613 1
1614 2
1615 1
1616 1
1618 1
1620 2
1623 1
1625 1
1626 1
1627 1
1628 1
1632 1
1633 1
1634 1
1635 1
1641 1
1642 2
1644 1
1645 1
1651 1
1657 1
1667 1
1671 1
1687 1
1688 1
1692 1
