N J h mean_R_sq err_mean_R_sq mean_R_gyr_sq err_mean_R_gyr_sq 
900 1.364 0 2885.7 31.1927 514.426 2.86969
438 1
466 1
535 1
540 1
548 1
565 1
570 1
573 1
574 1
577 2
579 1
585 1
586 1
588 1
589 2
592 1
595 1
596 2
598 1
599 1
600 1
601 2
607 1
610 1
612 2
613 1
615 2
618 2
619 2
620 1
621 1
622 1
623 2
624 2
626 1
627 1
628 2
630 1
632 3
633 1
634 2
635 2
636 3
637 2
638 1
639 2
642 2
643 1
644 1
645 1
646 1
647 1
648 3
649 1
650 1
651 3
652 2
653 1
654 1
655 1
656 1
657 2
658 2
660 1
661 4
662 1
663 1
664 5
665 2
666 2
667 3
668 2
669 1
670 2
671 3
672 1
673 2
674 2
675 1
676 1
677 2
678 6
679 5
680 2
681 1
682 4
683 1
684 2
685 2
686 2
687 3
688 5
690 4
691 2
692 5
693 3
694 2
695 1
696 2
697 2
698 5
699 4
700 2
701 4
702 2
703 3
704 3
705 4
706 4
707 4
708 5
709 4
710 4
711 1
712 1
713 2
714 2
715 2
716 5
717 6
718 3
719 3
720 5
721 5
722 4
723 5
724 5
725 4
726 2
727 4
728 4
729 1
730 4
731 2
732 3
733 4
734 4
735 5
736 9
737 5
738 4
739 3
740 5
741 4
742 8
743 5
744 4
745 7
746 4
747 5
748 7
749 7
750 9
751 5
752 6
753 6
754 3
755 5
756 5
757 14
758 10
759 4
760 2
761 4
762 7
763 4
764 6
765 12
766 6
767 4
768 7
769 9
770 7
771 7
772 7
773 5
774 6
775 8
776 8
777 7
778 13
779 10
780 8
781 11
782 7
783 8
784 5
785 6
786 1
787 8
788 7
789 6
790 7
791 4
792 8
793 9
794 9
795 5
796 9
797 10
798 10
799 7
800 9
801 10
802 7
803 6
804 9
805 5
806 6
807 6
808 11
809 12
810 6
811 11
812 7
813 11
814 12
815 7
816 9
817 9
818 9
819 9
820 10
821 12
822 15
823 11
824 9
825 8
826 8
827 11
828 11
829 14
830 9
831 13
832 14
833 6
834 9
835 15
836 4
837 9
838 13
839 16
840 13
841 20
842 8
843 17
844 20
845 13
846 8
847 13
848 12
849 13
850 12
851 11
852 15
853 4
854 12
855 12
856 16
857 11
858 11
859 14
860 18
861 6
862 13
863 19
864 10
865 10
866 12
867 12
868 12
869 12
870 14
871 18
872 13
873 12
874 13
875 12
876 14
877 12
878 19
879 9
880 11
881 14
882 13
883 20
884 9
885 13
886 18
887 18
888 12
889 14
890 14
891 8
892 14
893 14
894 15
895 19
896 16
897 16
898 14
899 19
900 15
901 18
902 14
903 14
904 8
905 15
906 14
907 11
908 15
909 17
910 16
911 10
912 11
913 17
914 23
915 10
916 17
917 11
918 21
919 15
920 16
921 18
922 19
923 15
924 17
925 18
926 16
927 20
928 20
929 20
930 13
931 13
932 16
933 21
934 23
935 19
936 22
937 12
938 18
939 14
940 18
941 15
942 18
943 15
944 19
945 15
946 25
947 19
948 16
949 15
950 10
951 15
952 19
953 18
954 22
955 23
956 18
957 21
958 17
959 20
960 18
961 17
962 18
963 19
964 14
965 19
966 19
967 28
968 23
969 14
970 34
971 15
972 15
973 11
974 23
975 21
976 14
977 22
978 16
979 13
980 18
981 24
982 21
983 23
984 20
985 15
986 14
987 12
988 19
989 16
990 13
991 20
992 18
993 14
994 21
995 18
996 22
997 21
998 17
999 18
1000 14
1001 16
1002 11
1003 21
1004 14
1005 11
1006 20
1007 21
1008 16
1009 21
1010 20
1011 26
1012 13
1013 20
1014 21
1015 19
1016 18
1017 14
1018 24
1019 18
1020 18
1021 21
1022 12
1023 20
1024 17
1025 17
1026 22
1027 19
1028 16
1029 18
1030 22
1031 19
1032 22
1033 21
1034 22
1035 14
1036 11
1037 23
1038 14
1039 22
1040 11
1041 15
1042 25
1043 23
1044 20
1045 20
1046 14
1047 20
1048 21
1049 22
1050 12
1051 18
1052 23
1053 25
1054 19
1055 19
1056 17
1057 15
1058 9
1059 15
1060 24
1061 16
1062 12
1063 29
1064 27
1065 17
1066 10
1067 15
1068 18
1069 15
1070 19
1071 15
1072 17
1073 11
1074 9
1075 22
1076 13
1077 16
1078 19
1079 16
1080 12
1081 11
1082 17
1083 18
1084 17
1085 18
1086 14
1087 16
1088 16
1089 11
1090 13
1091 17
1092 20
1093 15
1094 11
1095 16
1096 20
1097 8
1098 15
1099 18
1100 14
1101 23
1102 15
1103 17
1104 12
1105 14
1106 17
1107 11
1108 18
1109 16
1110 10
1111 15
1112 13
1113 13
1114 20
1115 7
1116 14
1117 10
1118 14
1119 13
1120 6
1121 9
1122 20
1123 13
1124 14
1125 13
1126 5
1127 12
1128 13
1129 11
1130 10
1131 16
1132 17
1133 15
1134 9
1135 6
1136 11
1137 12
1138 22
1139 17
1140 19
1141 15
1142 14
1143 6
1144 11
1145 10
1146 9
1147 16
1148 6
1149 13
1150 10
1151 13
1152 13
1153 12
1154 13
1155 13
1156 8
1157 12
1158 11
1159 12
1160 11
1161 8
1162 12
1163 11
1164 11
1165 7
1166 10
1167 13
1168 13
1169 20
1170 11
1171 7
1172 12
1173 10
1174 12
1175 7
1176 6
1177 10
1178 7
1179 7
1180 11
1181 7
1182 10
1183 13
1184 12
1185 13
1186 11
1187 8
1188 4
1189 6
1190 5
1191 9
1192 15
1193 4
1194 15
1195 8
1196 5
1197 9
1198 5
1199 10
1200 15
1201 11
1202 9
1203 8
1204 7
1205 7
1206 7
1207 6
1208 10
1209 13
1210 10
1211 8
1212 3
1213 7
1214 8
1215 3
1216 8
1217 2
1218 9
1219 8
1220 6
1221 14
1222 4
1223 9
1224 11
1225 9
1226 6
1227 7
1228 3
1229 5
1230 6
1231 7
1232 6
1233 3
1234 3
1235 8
1236 5
1237 4
1238 3
1239 3
1240 5
1241 5
1242 8
1243 4
1244 3
1245 1
1246 10
1247 4
1248 1
1249 2
1250 7
1251 3
1252 4
1253 2
1254 5
1255 8
1256 3
1257 7
1258 5
1259 6
1260 2
1261 3
1262 9
1263 5
1264 4
1265 4
1266 3
1267 5
1268 4
1269 2
1270 4
1271 2
1272 2
1273 6
1274 6
1275 7
1276 4
1277 3
1278 3
1279 3
1280 4
1281 5
1282 2
1283 4
1284 3
1285 4
1286 2
1287 5
1288 5
1289 3
1290 4
1291 7
1292 3
1293 1
1294 5
1295 2
1296 3
1297 2
1298 9
1299 3
1300 4
1301 9
1302 1
1303 5
1305 4
1306 4
1307 3
1308 6
1309 2
1310 4
1311 4
1312 2
1313 1
1314 4
1315 3
1316 2
1317 4
1318 3
1319 1
1320 2
1322 2
1323 1
1324 6
1325 2
1326 1
1327 1
1328 1
1329 1
1330 1
1331 2
1332 1
1333 1
1334 1
1335 2
1336 2
1337 2
1338 1
1339 3
1340 2
1341 1
1343 2
1344 4
1345 2
1347 2
1348 1
1350 4
1351 2
1352 2
1353 1
1354 3
1355 1
1356 1
1357 1
1358 2
1359 1
1363 2
1364 3
1365 2
1366 1
1368 2
1370 2
1372 1
1374 2
1376 1
1378 2
1380 1
1383 3
1385 2
1386 3
1388 1
1391 1
1392 1
1395 1
1398 3
1399 1
1400 1
1401 1
1403 1
1404 1
1405 2
1407 1
1408 1
1409 1
1410 2
1411 2
1416 1
1419 1
1420 1
1421 2
1422 1
1427 1
1428 1
1432 1
1437 2
1443 1
1448 1
1462 1
1463 1
1472 1
1476 1
1495 1
1497 1
1502 1
1504 1
1512 1
1515 1
1517 1
