N J h mean_R_sq err_mean_R_sq mean_R_gyr_sq err_mean_R_gyr_sq 
10000 1.376 0 4.19138e+06 354302 664202 47758.5
841 1
843 1
864 1
867 1
869 1
870 2
875 1
876 1
877 3
883 3
884 3
886 1
890 3
891 3
892 5
893 1
894 3
896 3
898 3
899 2
900 5
902 1
903 3
904 3
905 4
906 4
907 5
908 2
909 2
910 1
911 3
912 6
913 1
914 4
916 2
917 1
918 2
919 4
920 3
921 4
922 5
923 5
924 5
925 4
926 6
927 5
928 3
929 6
930 6
931 4
932 4
933 8
934 5
935 7
936 7
937 7
938 5
939 7
940 8
941 4
942 4
943 8
944 11
945 10
946 7
947 13
948 15
949 9
950 8
951 12
952 8
953 13
954 14
955 10
956 6
957 9
958 6
959 12
960 8
961 6
962 16
963 13
964 17
965 16
966 11
967 17
968 14
969 20
970 16
971 21
972 12
973 14
974 16
975 11
976 16
977 18
978 14
979 12
980 18
981 8
982 9
983 22
984 12
985 16
986 28
987 24
988 20
989 13
990 20
991 13
992 15
993 21
994 19
995 22
996 18
997 22
998 19
999 18
1000 16
1001 13
1002 17
1003 14
1004 18
1005 16
1006 11
1007 13
1008 19
1009 8
1010 13
1011 22
1012 20
1013 21
1014 18
1015 25
1016 14
1017 23
1018 16
1019 17
1020 16
1021 17
1022 10
1023 20
1024 11
1025 13
1026 15
1027 12
1028 13
1029 10
1030 13
1031 17
1032 10
1033 15
1034 11
1035 13
1036 12
1037 13
1038 3
1039 15
1040 8
1041 7
1042 13
1043 13
1044 13
1045 8
1046 6
1047 15
1048 9
1049 9
1050 4
1051 6
1052 7
1053 10
1054 9
1055 11
1056 9
1057 10
1058 8
1059 11
1060 3
1061 8
1062 4
1063 12
1064 6
1065 5
1066 9
1067 8
1068 1
1069 6
1070 6
1071 1
1072 1
1073 1
1074 3
1075 1
1076 2
1077 4
1078 6
1079 5
1080 1
1081 1
1082 1
1083 3
1084 3
1085 3
1086 5
1087 4
1088 2
1089 4
1090 5
1091 1
1092 4
1093 3
1094 2
1096 2
1097 2
1098 1
1099 4
1100 4
1101 2
1102 1
1103 2
1105 5
1106 1
1107 2
1108 1
1109 1
1110 1
1111 1
1112 1
1114 1
1115 1
1116 2
1117 3
1118 2
1119 2
1121 1
1122 1
1124 1
1133 2
1135 1
1136 1
1139 1
1143 1
1151 1
1163 1
