N J h mean_R_sq err_mean_R_sq mean_R_gyr_sq err_mean_R_gyr_sq 
2500 1.441 0 1947.85 26.2367 610.213 2.51666
343 1
364 1
378 1
382 1
384 1
386 1
388 1
391 2
392 1
394 1
397 1
401 1
405 1
408 1
409 1
411 1
412 1
415 1
419 1
421 1
422 3
430 3
432 1
433 3
434 2
436 1
438 1
439 2
440 1
442 1
443 1
444 1
445 1
446 1
447 2
449 1
450 1
451 3
452 2
453 1
454 1
456 2
457 1
460 1
462 3
463 3
465 1
466 2
467 1
468 1
469 1
471 2
472 2
473 1
474 1
476 3
477 1
478 1
480 2
481 2
484 2
485 4
486 4
487 1
488 1
489 3
490 1
491 1
492 2
493 3
494 4
495 3
497 4
498 2
499 2
500 6
501 7
502 1
503 3
504 8
505 2
506 2
507 3
508 1
509 3
510 4
511 5
512 3
513 2
514 6
515 2
516 4
517 4
518 2
519 5
520 4
521 4
522 3
523 4
524 5
525 6
526 2
527 5
528 4
529 8
530 4
531 3
532 4
533 8
534 2
535 3
536 5
537 1
538 1
539 6
540 2
541 4
542 7
543 7
544 2
545 7
546 7
547 5
548 4
549 2
550 6
551 5
552 8
553 8
554 5
555 4
556 5
557 14
558 7
559 5
560 8
561 8
562 5
563 7
564 5
565 3
566 3
567 5
568 4
569 6
570 6
571 4
572 5
573 3
574 6
575 3
576 8
577 3
578 11
579 8
580 4
581 6
582 3
583 4
584 8
585 2
586 6
587 8
588 7
589 8
590 7
591 14
592 5
593 8
594 6
595 6
596 8
597 14
598 8
599 8
600 4
601 7
602 2
603 4
604 7
605 8
606 6
607 8
608 6
609 3
610 7
611 7
612 5
613 3
614 6
615 7
616 5
617 5
618 13
619 12
620 7
621 11
622 10
623 9
624 15
625 10
626 11
627 10
628 10
629 9
630 2
631 9
632 6
633 11
634 8
635 8
636 10
637 9
638 4
639 5
640 7
641 7
642 8
643 9
644 11
645 13
646 13
647 7
648 10
649 11
650 12
651 9
652 6
653 15
654 5
655 10
656 7
657 6
658 5
659 11
660 8
661 6
662 11
663 8
664 8
665 17
666 8
667 7
668 14
669 8
670 8
671 7
672 11
673 5
674 9
675 9
676 9
677 5
678 12
679 7
680 8
681 8
682 15
683 16
684 9
685 3
686 11
687 4
688 14
689 8
690 9
691 12
692 3
693 8
694 6
695 6
696 8
697 14
698 6
699 8
700 12
701 14
702 12
703 15
704 10
705 14
706 5
707 12
708 12
709 10
710 6
711 12
712 7
713 10
714 17
715 17
716 7
717 9
718 7
719 10
720 14
721 11
722 14
723 13
724 8
725 5
726 6
727 8
728 11
729 15
730 10
731 10
732 9
733 6
734 11
735 8
736 4
737 8
738 11
739 14
740 8
741 20
742 8
743 7
744 9
745 9
746 7
747 10
748 5
749 11
750 11
751 8
752 8
753 9
754 10
755 8
756 13
757 8
758 10
759 10
760 17
761 14
762 10
763 8
764 15
765 5
766 9
767 4
768 7
769 9
770 8
771 9
772 9
773 12
774 11
775 11
776 12
777 11
778 14
779 12
780 7
781 15
782 12
783 8
784 9
785 13
786 10
787 12
788 5
789 7
790 8
791 13
792 10
793 9
794 11
795 10
796 15
797 9
798 13
799 11
800 6
801 12
802 6
803 12
804 13
805 7
806 10
807 7
808 13
809 12
810 13
811 10
812 7
813 14
814 10
815 11
816 12
817 10
818 5
819 6
820 7
821 13
822 12
823 10
824 10
825 12
826 9
827 11
828 8
829 9
830 12
831 12
832 10
833 7
834 3
835 10
836 13
837 11
838 8
839 14
840 14
841 15
842 16
843 10
844 11
845 7
846 10
847 7
848 5
849 18
850 16
851 7
852 10
853 14
854 8
855 7
856 12
857 7
858 13
859 10
860 11
861 10
862 9
863 6
864 9
865 8
866 14
867 9
868 16
869 12
870 15
871 5
872 11
873 5
874 5
875 13
876 12
877 11
878 7
879 6
880 9
881 10
882 13
883 7
884 18
885 9
886 14
887 12
888 9
889 13
890 9
891 10
892 8
893 8
894 10
895 14
896 9
897 9
898 14
899 9
900 6
901 9
902 17
903 9
904 6
905 12
906 11
907 13
908 22
909 8
910 8
911 10
912 9
913 5
914 20
915 8
916 9
917 10
918 7
919 10
920 5
921 13
922 9
923 12
924 9
925 10
926 17
927 10
928 10
929 19
930 10
931 5
932 12
933 11
934 11
935 10
936 12
937 11
938 11
939 12
940 14
941 11
942 11
943 5
944 14
945 13
946 14
947 15
948 12
949 9
950 14
951 12
952 9
953 12
954 9
955 6
956 6
957 9
958 14
959 15
960 12
961 8
962 9
963 13
964 8
965 13
966 11
967 15
968 11
969 9
970 10
971 12
972 11
973 12
974 17
975 7
976 7
977 6
978 7
979 14
980 9
981 13
982 15
983 12
984 6
985 14
986 13
987 13
988 4
989 7
990 10
991 12
992 9
993 12
994 12
995 10
996 12
997 14
998 9
999 13
1000 6
1001 13
1002 9
1003 12
1004 22
1005 7
1006 8
1007 7
1008 10
1009 12
1010 10
1011 13
1012 8
1013 10
1014 13
1015 8
1016 8
1017 5
1018 5
1019 8
1020 10
1021 9
1022 17
1023 10
1024 15
1025 14
1026 18
1027 12
1028 13
1029 13
1030 14
1031 13
1032 8
1033 16
1034 7
1035 12
1036 12
1037 10
1038 6
1039 13
1040 9
1041 14
1042 9
1043 14
1044 16
1045 7
1046 10
1047 17
1048 6
1049 4
1050 12
1051 10
1052 3
1053 5
1054 13
1055 11
1056 14
1057 11
1058 13
1059 11
1060 8
1061 4
1062 7
1063 11
1064 17
1065 9
1066 7
1067 15
1068 10
1069 13
1070 12
1071 10
1072 7
1073 12
1074 12
1075 13
1076 8
1077 11
1078 13
1079 10
1080 11
1081 11
1082 7
1083 3
1084 6
1085 6
1086 16
1087 8
1088 14
1089 16
1090 10
1091 12
1092 9
1093 12
1094 12
1095 5
1096 16
1097 6
1098 9
1099 8
1100 14
1101 6
1102 3
1103 9
1104 6
1105 8
1106 9
1107 11
1108 5
1109 11
1110 15
1111 16
1112 12
1113 15
1114 20
1115 11
1116 11
1117 9
1118 8
1119 10
1120 11
1121 9
1122 8
1123 6
1124 6
1125 10
1126 10
1127 8
1128 6
1129 15
1130 18
1131 14
1132 11
1133 8
1134 11
1135 11
1136 19
1137 10
1138 8
1139 8
1140 11
1141 8
1142 13
1143 9
1144 9
1145 6
1146 8
1147 15
1148 7
1149 18
1150 14
1151 13
1152 14
1153 7
1154 10
1155 7
1156 15
1157 10
1158 13
1159 13
1160 9
1161 10
1162 5
1163 8
1164 11
1165 5
1166 8
1167 15
1168 4
1169 7
1170 7
1171 12
1172 17
1173 10
1174 11
1175 10
1176 9
1177 9
1178 12
1179 7
1180 9
1181 5
1182 15
1183 14
1184 12
1185 10
1186 11
1187 9
1188 14
1189 10
1190 9
1191 9
1192 7
1193 12
1194 10
1195 15
1196 9
1197 13
1198 12
1199 12
1200 13
1201 14
1202 9
1203 13
1204 8
1205 6
1206 15
1207 8
1208 21
1209 12
1210 11
1211 7
1212 17
1213 7
1214 10
1215 6
1216 11
1217 10
1218 11
1219 16
1220 3
1221 10
1222 9
1223 9
1224 17
1225 13
1226 11
1227 8
1228 11
1229 11
1230 13
1231 5
1232 10
1233 10
1234 7
1235 9
1236 15
1237 10
1238 10
1239 13
1240 10
1241 9
1242 4
1243 9
1244 14
1245 10
1246 11
1247 14
1248 8
1249 10
1250 10
1251 13
1252 10
1253 6
1254 12
1255 3
1256 12
1257 8
1258 9
1259 13
1260 13
1261 14
1262 7
1263 8
1264 15
1265 6
1266 7
1267 12
1268 14
1269 10
1270 11
1271 12
1272 10
1273 9
1274 13
1275 8
1276 6
1277 13
1278 10
1279 8
1280 12
1281 11
1282 6
1283 6
1284 7
1285 8
1286 7
1287 7
1288 13
1289 12
1290 8
1291 10
1292 7
1293 10
1294 13
1295 6
1296 10
1297 8
1298 10
1299 7
1300 11
1301 13
1302 9
1303 11
1304 3
1305 7
1306 6
1307 6
1308 11
1309 8
1310 6
1311 14
1312 9
1313 7
1314 6
1315 16
1316 7
1317 7
1318 13
1319 7
1320 14
1321 8
1322 4
1323 14
1324 7
1325 11
1326 15
1327 5
1328 11
1329 12
1330 11
1331 7
1332 10
1333 11
1334 7
1335 5
1336 4
1337 13
1338 12
1339 11
1340 10
1341 9
1342 13
1343 6
1344 13
1345 13
1346 6
1347 10
1348 7
1349 12
1350 4
1351 11
1352 10
1353 10
1354 7
1355 13
1356 10
1357 11
1358 5
1359 8
1360 6
1361 4
1362 8
1363 6
1364 6
1365 10
1366 8
1367 13
1368 6
1369 1
1370 8
1371 10
1372 8
1373 14
1374 8
1375 12
1376 5
1377 12
1378 7
1379 11
1380 9
1381 6
1382 12
1383 8
1384 7
1385 5
1386 9
1387 17
1388 6
1389 9
1390 5
1391 4
1392 7
1393 2
1394 7
1395 6
1396 6
1397 8
1398 4
1399 5
1400 4
1401 11
1402 5
1403 7
1404 4
1405 8
1406 5
1407 6
1408 5
1409 8
1410 9
1411 5
1412 5
1413 6
1414 7
1415 6
1416 6
1417 5
1418 2
1419 3
1420 5
1421 5
1422 5
1423 5
1424 5
1425 4
1426 4
1427 9
1428 5
1429 6
1430 6
1431 2
1432 4
1433 8
1434 6
1435 3
1436 8
1437 10
1438 1
1439 5
1440 4
1441 7
1442 8
1443 2
1444 6
1445 5
1446 6
1447 10
1448 8
1449 3
1450 5
1451 4
1452 4
1453 12
1454 3
1455 5
1456 4
1457 4
1458 5
1459 1
1460 4
1461 4
1462 6
1463 4
1464 4
1465 10
1466 7
1467 9
1468 7
1469 7
1470 2
1471 7
1472 7
1473 5
1474 6
1475 5
1476 3
1477 3
1478 1
1479 6
1480 3
1481 7
1483 6
1484 5
1486 6
1487 4
1488 1
1489 1
1490 1
1491 3
1492 3
1493 5
1494 1
1495 5
1496 4
1497 1
1498 2
1499 3
1500 3
1501 4
1502 2
1503 4
1504 1
1505 1
1506 4
1507 1
1508 2
1509 3
1510 5
1511 1
1512 4
1513 3
1514 3
1515 5
1516 1
1517 2
1518 3
1519 2
1520 2
1521 1
1522 4
1523 2
1526 4
1528 2
1529 2
1530 2
1531 2
1532 1
1533 3
1534 2
1535 2
1537 2
1538 3
1539 3
1540 1
1541 1
1542 1
1543 2
1544 2
1545 2
1546 1
1547 1
1548 1
1549 1
1550 1
1551 1
1552 1
1553 2
1554 2
1556 1
1557 1
1559 1
1560 1
1562 1
1563 1
1565 1
1567 1
1568 3
1569 1
1571 1
1573 1
1574 1
1576 2
1577 3
1582 1
1583 1
1584 1
1585 1
1588 1
1594 1
1598 1
1604 1
1610 1
1624 1
1631 1
1641 1
1645 1
