N J h mean_R_sq err_mean_R_sq mean_R_gyr_sq err_mean_R_gyr_sq 
8100 1.376 0 493174 388350 70396.3 50723.9
771 1
775 2
781 1
782 1
783 1
788 1
793 1
795 1
803 1
807 1
810 1
813 1
814 1
815 1
818 1
819 1
820 1
822 1
823 3
825 2
829 3
830 3
832 3
833 2
834 3
836 3
837 1
838 4
839 2
841 4
842 1
843 1
844 3
845 2
846 1
847 3
848 2
849 1
850 3
851 5
852 3
853 2
854 2
855 1
856 5
857 2
858 3
859 2
860 3
861 3
862 2
863 3
864 4
865 3
866 2
867 3
868 7
869 6
870 5
871 4
872 4
873 4
874 4
875 4
876 5
877 4
878 2
879 2
880 4
881 4
882 8
883 5
884 5
885 6
886 8
887 7
888 4
889 6
890 7
891 7
892 9
893 8
894 5
895 6
896 5
897 5
898 8
899 8
900 10
901 13
902 6
903 9
904 6
905 12
906 8
907 1
908 8
909 5
910 11
911 6
912 8
913 4
914 4
915 12
916 7
917 9
918 9
919 14
920 16
921 12
922 12
923 12
924 15
925 13
926 6
927 12
928 10
929 10
930 10
931 14
932 14
933 15
934 19
935 16
936 11
937 8
938 23
939 17
940 13
941 14
942 15
943 16
944 11
945 17
946 16
947 23
948 17
949 8
950 11
951 14
952 12
953 13
954 15
955 18
956 13
957 13
958 18
959 15
960 18
961 21
962 22
963 13
964 30
965 22
966 18
967 17
968 13
969 19
970 11
971 23
972 19
973 22
974 13
975 25
976 19
977 24
978 15
979 18
980 22
981 17
982 17
983 23
984 31
985 23
986 24
987 19
988 19
989 33
990 26
991 22
992 21
993 26
994 25
995 15
996 26
997 15
998 23
999 21
1000 18
1001 23
1002 25
1003 23
1004 25
1005 23
1006 20
1007 30
1008 26
1009 25
1010 18
1011 26
1012 21
1013 12
1014 23
1015 26
1016 23
1017 13
1018 30
1019 27
1020 19
1021 22
1022 23
1023 27
1024 14
1025 19
1026 26
1027 17
1028 19
1029 11
1030 19
1031 24
1032 20
1033 25
1034 19
1035 16
1036 14
1037 19
1038 21
1039 22
1040 15
1041 18
1042 12
1043 23
1044 16
1045 18
1046 11
1047 25
1048 8
1049 24
1050 13
1051 19
1052 16
1053 19
1054 10
1055 12
1056 7
1057 15
1058 14
1059 13
1060 9
1061 15
1062 19
1063 14
1064 19
1065 11
1066 12
1067 17
1068 16
1069 8
1070 13
1071 10
1072 12
1073 7
1074 9
1075 16
1076 8
1077 9
1078 14
1079 9
1080 13
1081 11
1082 11
1083 12
1084 8
1085 7
1086 11
1087 13
1088 11
1089 5
1090 8
1091 10
1092 12
1093 9
1094 7
1095 9
1096 10
1097 8
1098 4
1099 6
1100 7
1101 5
1102 6
1103 7
1104 7
1105 4
1106 5
1107 5
1108 4
1109 10
1110 6
1111 6
1112 9
1113 8
1114 10
1115 5
1116 3
1117 5
1118 4
1119 3
1120 8
1121 5
1122 2
1123 5
1124 4
1125 3
1126 2
1127 6
1128 3
1129 1
1130 3
1131 6
1132 3
1133 1
1134 3
1135 2
1136 4
1138 1
1139 5
1140 4
1141 3
1142 1
1143 2
1144 1
1145 3
1146 2
1147 6
1148 2
1149 2
1150 3
1152 2
1154 2
1156 2
1157 5
1158 2
1159 3
1160 2
1161 2
1162 3
1164 2
1165 1
1166 1
1167 1
1168 1
1169 1
1170 3
1173 1
1174 1
1177 1
1180 2
1182 1
1186 1
1188 1
1189 1
1192 2
1195 1
1204 1
1218 1
1219 1
1225 1
