N J h mean_R_sq err_mean_R_sq mean_R_gyr_sq err_mean_R_gyr_sq 
8100 1.44 0 458144 427324 65245 59808.1
174 1
177 1
182 1
188 1
193 1
194 1
199 1
200 1
201 1
204 1
206 1
208 1
210 1
211 1
213 1
214 1
215 4
216 1
220 1
222 2
223 1
224 2
227 1
230 1
231 1
232 2
233 4
234 2
235 1
236 3
237 1
239 1
240 2
241 1
242 2
243 4
244 1
246 1
247 1
249 1
250 1
253 1
255 1
256 1
257 1
259 1
260 2
261 1
262 1
266 1
268 1
271 1
272 1
273 2
274 2
276 2
279 1
281 2
282 1
283 1
286 1
292 1
293 1
295 1
296 1
301 1
306 1
310 3
312 3
313 1
315 1
317 1
319 1
321 1
322 1
323 1
325 1
326 1
328 1
329 2
330 1
331 3
334 2
335 1
336 3
337 2
339 2
340 1
341 1
342 2
343 2
344 3
345 3
346 2
347 1
348 1
350 4
351 3
353 2
354 4
355 4
356 6
357 5
358 2
359 6
360 5
361 5
362 3
363 2
364 9
365 5
366 6
367 2
368 6
369 6
370 7
371 1
372 8
373 7
374 5
375 6
376 5
377 4
378 9
379 6
380 1
381 4
382 6
383 9
384 8
385 8
386 5
387 4
388 2
389 7
390 5
391 7
392 5
393 6
394 5
395 5
396 9
397 5
398 6
399 4
400 5
401 11
402 6
403 4
404 5
405 6
406 4
407 8
408 3
409 3
410 6
411 3
412 5
413 7
414 1
415 7
416 4
417 8
418 7
419 4
420 7
421 6
422 6
423 10
424 7
425 6
426 7
427 5
428 9
429 9
430 13
431 4
432 7
433 6
434 6
435 5
436 7
437 5
438 10
439 9
440 4
441 14
442 9
443 5
444 6
445 8
446 6
447 10
448 5
449 10
450 9
451 9
452 7
453 10
454 8
455 6
456 13
457 12
458 12
459 7
460 5
461 5
462 5
463 6
464 5
465 10
466 5
467 6
468 7
469 6
470 5
471 6
472 7
473 4
474 2
475 8
476 4
477 4
478 3
479 2
480 6
481 6
482 3
483 7
484 4
485 3
486 3
487 5
488 3
489 6
490 1
491 7
492 7
493 7
494 4
495 14
496 5
497 14
498 7
499 7
500 9
501 5
502 12
503 8
504 9
505 4
506 12
507 4
508 9
509 16
510 6
511 7
512 7
513 12
514 11
515 6
516 15
517 6
518 14
519 15
520 12
521 7
522 14
523 11
524 18
525 16
526 18
527 11
528 22
529 15
530 19
531 11
532 15
533 20
534 18
535 12
536 15
537 13
538 15
539 12
540 13
541 22
542 12
543 19
544 17
545 20
546 13
547 14
548 13
549 18
550 21
551 19
552 14
553 18
554 17
555 19
556 14
557 16
558 19
559 16
560 21
561 16
562 20
563 16
564 17
565 31
566 10
567 19
568 19
569 26
570 21
571 21
572 19
573 21
574 14
575 20
576 22
577 22
578 15
579 16
580 16
581 22
582 12
583 17
584 14
585 18
586 17
587 24
588 20
589 20
590 22
591 18
592 28
593 19
594 19
595 23
596 24
597 31
598 26
599 32
600 21
601 28
602 25
603 21
604 21
605 19
606 28
607 27
608 20
609 25
610 20
611 16
612 17
613 24
614 20
615 27
616 21
617 22
618 25
619 25
620 26
621 15
622 26
623 18
624 31
625 19
626 25
627 32
628 29
629 22
630 27
631 20
632 39
633 28
634 16
635 25
636 27
637 24
638 24
639 17
640 27
641 24
642 24
643 23
644 20
645 28
646 20
647 22
648 17
649 27
650 18
651 22
652 21
653 22
654 15
655 18
656 19
657 22
658 17
659 16
660 16
661 25
662 19
663 23
664 20
665 20
666 10
667 15
668 16
669 15
670 18
671 18
672 15
673 18
674 21
675 23
676 17
677 21
678 22
679 20
680 21
681 18
682 23
683 22
684 22
685 26
686 19
687 20
688 22
689 20
690 14
691 25
692 18
693 22
694 21
695 23
696 29
697 22
698 24
699 18
700 33
701 22
702 23
703 14
704 37
705 20
706 30
707 24
708 28
709 27
710 28
711 19
712 23
713 28
714 20
715 27
716 19
717 22
718 20
719 23
720 21
721 20
722 21
723 26
724 14
725 19
726 24
727 21
728 21
729 27
730 22
731 20
732 22
733 28
734 11
735 19
736 24
737 25
738 22
739 24
740 25
741 14
742 19
743 21
744 17
745 19
746 26
747 22
748 15
749 16
750 19
751 16
752 22
753 25
754 18
755 19
756 14
757 20
758 15
759 13
760 13
761 19
762 16
763 13
764 13
765 17
766 18
767 5
768 22
769 11
770 10
771 10
772 14
773 14
774 20
775 17
776 16
777 14
778 12
779 20
780 16
781 11
782 10
783 10
784 14
785 16
786 14
787 13
788 10
789 4
790 17
791 9
792 12
793 20
794 14
795 13
796 10
797 13
798 8
799 10
800 10
801 15
802 9
803 10
804 8
805 4
806 12
807 10
808 18
809 15
810 16
811 6
812 15
813 20
814 14
815 12
816 10
817 15
818 17
819 12
820 13
821 13
822 19
823 12
824 18
825 14
826 26
827 13
828 19
829 21
830 25
831 15
832 22
833 23
834 15
835 33
836 17
837 21
838 23
839 17
840 17
841 17
842 23
843 16
844 13
845 14
846 22
847 10
848 10
849 19
850 15
851 15
852 15
853 14
854 23
855 17
856 17
857 16
858 16
859 14
860 14
861 18
862 18
863 19
864 15
865 14
866 30
867 22
868 15
869 15
870 19
871 15
872 19
873 22
874 11
875 16
876 18
877 19
878 18
879 21
880 16
881 11
882 27
883 11
884 19
885 20
886 21
887 22
888 22
889 17
890 19
891 24
892 24
893 16
894 26
895 23
896 14
897 18
898 11
899 19
900 18
901 15
902 18
903 19
904 17
905 16
906 27
907 11
908 19
909 26
910 22
911 24
912 22
913 17
914 17
915 23
916 23
917 18
918 19
919 25
920 18
921 16
922 16
923 13
924 22
925 18
926 19
927 21
928 17
929 16
930 27
931 19
932 21
933 17
934 20
935 17
936 29
937 28
938 24
939 20
940 13
941 28
942 27
943 19
944 22
945 18
946 25
947 23
948 22
949 22
950 26
951 33
952 23
953 24
954 24
955 23
956 19
957 18
958 23
959 11
960 22
961 21
962 18
963 25
964 23
965 22
966 19
967 12
968 24
969 21
970 19
971 18
972 18
973 19
974 15
975 27
976 23
977 18
978 26
979 17
980 12
981 23
982 17
983 17
984 18
985 27
986 15
987 16
988 21
989 17
990 21
991 27
992 27
993 22
994 22
995 22
996 23
997 19
998 22
999 17
1000 25
1001 36
1002 19
1003 30
1004 15
1005 19
1006 17
1007 28
1008 19
1009 18
1010 21
1011 21
1012 23
1013 27
1014 21
1015 18
1016 27
1017 20
1018 19
1019 24
1020 25
1021 33
1022 29
1023 31
1024 22
1025 23
1026 25
1027 28
1028 37
1029 29
1030 37
1031 23
1032 25
1033 23
1034 34
1035 26
1036 26
1037 31
1038 28
1039 26
1040 21
1041 30
1042 20
1043 25
1044 24
1045 28
1046 27
1047 24
1048 20
1049 31
1050 24
1051 27
1052 14
1053 29
1054 27
1055 33
1056 28
1057 28
1058 26
1059 30
1060 30
1061 26
1062 33
1063 22
1064 30
1065 25
1066 29
1067 27
1068 29
1069 40
1070 21
1071 32
1072 26
1073 29
1074 17
1075 20
1076 28
1077 19
1078 33
1079 15
1080 20
1081 21
1082 16
1083 14
1084 25
1085 22
1086 23
1087 23
1088 22
1089 21
1090 17
1091 19
1092 25
1093 23
1094 18
1095 31
1096 17
1097 22
1098 26
1099 15
1100 11
1101 18
1102 22
1103 12
1104 10
1105 23
1106 17
1107 20
1108 12
1109 11
1110 8
1111 9
1112 11
1113 13
1114 11
1115 8
1116 14
1117 8
1118 10
1119 19
1120 6
1121 12
1122 10
1123 19
1124 14
1125 8
1126 9
1127 15
1128 13
1129 11
1130 10
1131 14
1132 14
1133 9
1134 13
1135 10
1136 8
1137 15
1138 10
1139 15
1140 17
1141 10
1142 15
1143 17
1144 8
1145 9
1146 15
1147 11
1148 18
1149 10
1150 13
1151 11
1152 11
1153 18
1154 11
1155 19
1156 12
1157 18
1158 14
1159 13
1160 14
1161 16
1162 22
1163 14
1164 28
1165 24
1166 21
1167 13
1168 16
1169 17
1170 23
1171 18
1172 18
1173 14
1174 11
1175 15
1176 15
1177 12
1178 15
1179 13
1180 13
1181 13
1182 11
1183 15
1184 19
1185 14
1186 17
1187 9
1188 14
1189 19
1190 12
1191 16
1192 12
1193 12
1194 10
1195 14
1196 16
1197 13
1198 16
1199 14
1200 7
1201 9
1202 20
1203 15
1204 14
1205 10
1206 8
1207 9
1208 14
1209 10
1210 10
1211 12
1212 9
1213 16
1214 8
1215 14
1216 11
1217 9
1218 15
1219 8
1220 7
1221 16
1222 13
1223 11
1224 10
1225 10
1226 10
1227 10
1228 15
1229 10
1230 7
1231 11
1232 9
1233 17
1234 7
1235 6
1236 9
1237 5
1238 15
1239 14
1240 6
1241 9
1242 8
1243 12
1244 14
1245 7
1246 4
1247 9
1248 14
1249 5
1250 6
1251 8
1252 7
1253 8
1254 10
1255 19
1256 5
1257 9
1258 12
1259 11
1260 13
1261 6
1262 9
1263 6
1264 11
1265 6
1266 9
1267 9
1268 6
1269 8
1270 7
1271 4
1272 7
1273 10
1274 7
1275 6
1276 6
1277 5
1278 6
1279 10
1280 3
1281 15
1282 13
1283 12
1284 4
1285 7
1286 8
1287 8
1288 14
1289 11
1290 9
1291 8
1292 11
1293 7
1294 7
1295 10
1296 5
1297 9
1298 5
1299 7
1300 8
1301 12
1302 6
1303 13
1304 10
1305 12
1306 10
1307 10
1308 8
1309 8
1310 5
1311 6
1312 9
1313 2
1314 8
1315 5
1316 5
1317 8
1318 7
1319 5
1320 9
1321 2
1322 4
1323 5
1324 2
1325 6
1326 3
1327 4
1328 9
1329 4
1330 7
1331 6
1332 5
1333 5
1334 2
1335 5
1336 1
1337 5
1338 3
1339 11
1340 6
1341 6
1342 5
1343 2
1344 4
1345 5
1346 7
1347 6
1348 4
1349 5
1350 4
1351 1
1352 5
1353 2
1354 9
1355 8
1356 2
1357 6
1358 3
1359 1
1360 5
1361 9
1362 3
1363 3
1364 4
1365 1
1367 4
1368 3
1370 2
1371 3
1372 2
1373 5
1374 2
1375 2
1377 4
1378 3
1379 2
1380 1
1381 1
1382 1
1384 2
1385 1
1386 1
1387 1
1388 3
1389 1
1390 1
1391 2
1392 3
1393 1
1394 4
1395 1
1396 2
1397 2
1400 4
1401 6
1402 4
1403 2
1404 2
1405 2
1406 1
1407 4
1408 1
1409 3
1410 2
1411 1
1412 1
1413 4
1414 2
1415 3
1416 1
1417 2
1418 1
1420 4
1421 1
1422 3
1423 3
1425 2
1428 1
1429 2
1430 2
1431 2
1432 3
1433 1
1436 1
1438 4
1439 4
1440 4
1442 4
1443 4
1444 3
1445 2
1447 2
1448 1
1449 3
1450 1
1451 1
1452 2
1453 1
1456 1
1457 2
1458 1
1459 2
1460 5
1461 5
1462 2
1463 2
1464 4
1465 1
1466 3
1467 3
1468 3
1469 2
1472 4
1473 2
1474 5
1475 3
1476 3
1477 3
1478 3
1479 3
1480 2
1481 2
1482 2
1483 1
1484 1
1485 1
1486 1
1488 2
1489 5
1490 1
1491 1
1492 1
1493 1
1494 2
1495 1
1496 1
1497 4
1498 4
1499 1
1500 1
1502 3
1504 6
1506 1
1507 1
1508 4
1509 3
1510 2
1512 1
1513 3
1514 1
1515 1
1516 1
1518 3
1519 1
1520 1
1521 3
1522 1
1523 1
1524 1
1525 3
1526 2
1527 2
1528 2
1529 1
1530 1
1531 1
1533 1
1534 3
1537 2
1538 1
1542 1
1552 1
1553 1
