N J h mean_R_sq err_mean_R_sq mean_R_gyr_sq err_mean_R_gyr_sq 
8100 1.318 0 125607 16544.9 18862.8 2189.11
847 1
857 1
868 1
869 1
870 1
873 1
875 1
876 2
879 2
881 1
882 3
885 1
887 2
888 1
889 3
890 1
891 1
892 3
893 1
894 3
895 4
896 2
897 4
898 7
899 2
900 4
901 3
902 7
903 4
904 4
905 6
906 5
907 7
908 5
909 7
910 9
911 3
912 11
913 6
914 6
915 10
916 7
917 13
918 6
919 19
920 12
921 11
922 9
923 11
924 7
925 9
926 13
927 17
928 17
929 24
930 13
931 14
932 22
933 18
934 25
935 21
936 30
937 25
938 30
939 25
940 17
941 33
942 30
943 23
944 22
945 46
946 35
947 48
948 32
949 26
950 50
951 35
952 52
953 38
954 49
955 42
956 39
957 51
958 44
959 52
960 46
961 66
962 52
963 57
964 54
965 66
966 56
967 60
968 70
969 62
970 78
971 86
972 71
973 75
974 70
975 87
976 66
977 70
978 70
979 91
980 84
981 90
982 84
983 68
984 79
985 81
986 82
987 80
988 85
989 83
990 80
991 65
992 77
993 106
994 90
995 85
996 81
997 83
998 80
999 93
1000 103
1001 78
1002 71
1003 78
1004 87
1005 88
1006 73
1007 86
1008 92
1009 84
1010 85
1011 76
1012 77
1013 91
1014 71
1015 67
1016 86
1017 66
1018 62
1019 78
1020 81
1021 70
1022 70
1023 75
1024 79
1025 58
1026 65
1027 71
1028 68
1029 70
1030 51
1031 63
1032 54
1033 57
1034 52
1035 43
1036 79
1037 49
1038 47
1039 52
1040 55
1041 33
1042 42
1043 56
1044 55
1045 49
1046 38
1047 43
1048 43
1049 45
1050 45
1051 44
1052 27
1053 29
1054 35
1055 34
1056 31
1057 30
1058 27
1059 40
1060 29
1061 24
1062 17
1063 18
1064 19
1065 20
1066 22
1067 24
1068 13
1069 12
1070 19
1071 18
1072 15
1073 10
1074 14
1075 12
1076 17
1077 14
1078 17
1079 12
1080 10
1081 10
1082 9
1083 6
1084 15
1085 13
1086 6
1087 7
1088 8
1089 2
1090 7
1091 4
1092 4
1093 6
1094 4
1095 6
1096 5
1097 2
1098 6
1099 5
1100 2
1101 4
1102 4
1103 4
1104 5
1105 1
1106 2
1107 2
1108 3
1109 2
1110 1
1111 1
1112 3
1115 1
1117 1
1119 1
1120 2
1122 2
1123 1
1135 1
1141 1
1143 1
1150 1
