N J h mean_R_sq err_mean_R_sq mean_R_gyr_sq err_mean_R_gyr_sq 
2916 1.315 0 27872.1 422.072 4213.84 49.766
1000 973
1001 840
1002 711
1003 640
1004 599
1005 502
1006 457
1007 413
1008 345
1009 278
1010 281
1011 236
1012 195
1013 187
1014 156
1015 137
1016 123
1017 100
1018 90
1019 80
1020 80
1021 70
1022 55
1023 56
1024 48
1025 44
1026 25
1027 29
1028 34
1029 22
1030 31
1031 16
1032 21
1033 19
1034 6
1035 15
1036 9
1037 7
1038 8
1039 8
1040 7
1041 6
1042 4
1043 3
1044 5
1045 3
1046 2
1047 4
1048 1
1049 2
1050 1
1054 3
1056 4
1057 1
1058 2
1060 1
1061 1
1064 1
1071 1
1075 1
