N J h mean_R_sq err_mean_R_sq mean_R_gyr_sq err_mean_R_gyr_sq 
3600 1.433 0 2713.95 56.6944 875.122 5.5769
410 1
430 1
434 1
440 1
451 1
458 3
463 2
467 1
468 1
470 1
471 1
472 2
473 1
474 1
475 1
476 2
477 2
478 1
480 1
481 2
482 1
483 2
486 5
487 1
488 2
489 4
490 3
491 1
492 4
493 5
495 1
496 1
497 4
499 2
500 2
501 4
502 2
503 1
504 5
505 4
506 2
507 3
508 2
509 3
510 3
511 2
513 2
514 2
515 1
516 1
517 2
518 4
519 5
520 3
521 4
522 5
523 2
524 6
525 4
526 4
527 3
528 2
529 1
530 4
531 1
532 6
533 3
534 1
535 2
536 8
537 8
538 3
539 2
540 2
541 3
542 6
543 2
544 8
545 3
546 5
547 6
548 4
549 4
550 5
551 2
552 9
553 6
554 5
555 4
556 3
557 4
558 7
559 5
560 4
561 4
562 5
563 5
564 5
565 4
566 4
567 5
568 6
570 8
571 5
572 4
573 6
574 3
575 4
576 7
577 4
578 2
579 6
580 4
581 5
582 5
583 6
584 4
585 5
586 5
587 2
588 7
589 6
590 6
591 4
592 4
593 5
594 5
595 8
596 11
597 11
598 9
599 3
600 5
601 6
602 8
603 4
604 8
605 10
606 8
607 9
608 9
609 2
610 11
611 6
612 10
613 8
614 8
615 8
616 6
617 4
618 3
619 4
620 3
621 10
622 11
623 8
624 13
625 10
626 6
627 8
628 11
629 9
630 8
631 4
632 4
633 8
634 8
635 7
636 9
637 6
638 12
639 17
640 11
641 14
642 9
643 8
644 7
645 9
646 11
647 5
648 10
649 11
650 9
651 9
652 10
653 6
654 8
655 11
656 13
657 8
658 11
659 8
660 10
661 11
662 17
663 10
664 10
665 11
666 11
667 8
668 8
669 8
670 11
671 14
672 8
673 10
674 18
675 11
676 10
677 10
678 9
679 8
680 8
681 11
682 10
683 13
684 6
685 9
686 9
687 21
688 8
689 18
690 8
691 13
692 12
693 6
694 7
695 10
696 10
697 19
698 10
699 15
700 15
701 11
702 21
703 7
704 15
705 14
706 12
707 19
708 8
709 11
710 8
711 9
712 10
713 10
714 14
715 8
716 8
717 14
718 4
719 14
720 7
721 13
722 6
723 17
724 13
725 9
726 9
727 14
728 13
729 18
730 11
731 6
732 4
733 14
734 23
735 8
736 15
737 20
738 10
739 15
740 15
741 16
742 19
743 11
744 18
745 7
746 12
747 8
748 13
749 15
750 18
751 16
752 16
753 12
754 12
755 16
756 11
757 14
758 13
759 16
760 15
761 16
762 23
763 14
764 19
765 10
766 10
767 15
768 15
769 13
770 15
771 20
772 11
773 13
774 11
775 17
776 14
777 16
778 9
779 20
780 15
781 15
782 11
783 14
784 14
785 14
786 13
787 19
788 9
789 21
790 9
791 13
792 14
793 15
794 15
795 14
796 12
797 17
798 12
799 17
800 13
801 9
802 16
803 15
804 15
805 16
806 14
807 21
808 11
809 18
810 18
811 11
812 16
813 9
814 12
815 11
816 13
817 21
818 18
819 18
820 16
821 16
822 16
823 18
824 14
825 8
826 11
827 19
828 6
829 17
830 13
831 16
832 19
833 22
834 14
835 11
836 7
837 16
838 19
839 13
840 22
841 9
842 17
843 22
844 10
845 9
846 20
847 12
848 14
849 11
850 16
851 20
852 22
853 14
854 16
855 11
856 18
857 18
858 11
859 7
860 15
861 18
862 14
863 20
864 8
865 21
866 13
867 11
868 14
869 14
870 17
871 17
872 14
873 14
874 10
875 14
876 15
877 10
878 13
879 14
880 16
881 13
882 17
883 19
884 12
885 15
886 11
887 14
888 16
889 15
890 14
891 7
892 17
893 11
894 15
895 19
896 12
897 9
898 12
899 20
900 19
901 22
902 7
903 18
904 22
905 17
906 12
907 14
908 24
909 11
910 15
911 16
912 11
913 12
914 19
915 13
916 11
917 18
918 17
919 13
920 14
921 13
922 13
923 13
924 18
925 13
926 8
927 16
928 14
929 12
930 18
931 20
932 15
933 14
934 16
935 12
936 22
937 16
938 16
939 11
940 15
941 14
942 18
943 24
944 17
945 16
946 17
947 13
948 14
949 11
950 25
951 13
952 20
953 14
954 23
955 21
956 15
957 14
958 20
959 12
960 17
961 23
962 13
963 18
964 14
965 11
966 11
967 14
968 11
969 13
970 9
971 18
972 16
973 17
974 10
975 19
976 12
977 20
978 14
979 7
980 21
981 17
982 15
983 13
984 15
985 10
986 14
987 19
988 13
989 11
990 19
991 11
992 16
993 11
994 19
995 15
996 18
997 21
998 19
999 13
1000 16
1001 20
1002 10
1003 10
1004 19
1005 16
1006 22
1007 16
1008 11
1009 14
1010 11
1011 17
1012 12
1013 13
1014 14
1015 15
1016 18
1017 13
1018 17
1019 16
1020 21
1021 12
1022 14
1023 10
1024 14
1025 14
1026 16
1027 17
1028 19
1029 15
1030 16
1031 17
1032 19
1033 14
1034 16
1035 16
1036 25
1037 16
1038 16
1039 8
1040 14
1041 17
1042 22
1043 17
1044 13
1045 14
1046 15
1047 11
1048 6
1049 16
1050 11
1051 18
1052 16
1053 16
1054 9
1055 11
1056 12
1057 14
1058 13
1059 17
1060 18
1061 11
1062 16
1063 18
1064 10
1065 14
1066 12
1067 18
1068 12
1069 17
1070 20
1071 14
1072 14
1073 11
1074 11
1075 11
1076 15
1077 19
1078 14
1079 16
1080 22
1081 18
1082 17
1083 16
1084 15
1085 20
1086 16
1087 16
1088 16
1089 15
1090 15
1091 17
1092 18
1093 19
1094 17
1095 14
1096 7
1097 20
1098 13
1099 14
1100 23
1101 20
1102 20
1103 14
1104 16
1105 18
1106 17
1107 12
1108 16
1109 17
1110 16
1111 13
1112 19
1113 13
1114 19
1115 16
1116 8
1117 16
1118 12
1119 15
1120 12
1121 15
1122 11
1123 19
1124 19
1125 7
1126 26
1127 26
1128 17
1129 17
1130 15
1131 14
1132 20
1133 21
1134 20
1135 12
1136 17
1137 13
1138 19
1139 19
1140 18
1141 23
1142 12
1143 28
1144 9
1145 18
1146 13
1147 17
1148 17
1149 10
1150 13
1151 12
1152 14
1153 9
1154 14
1155 12
1156 12
1157 16
1158 12
1159 14
1160 14
1161 13
1162 17
1163 9
1164 9
1165 11
1166 11
1167 17
1168 13
1169 14
1170 17
1171 14
1172 14
1173 16
1174 11
1175 17
1176 12
1177 13
1178 11
1179 7
1180 18
1181 7
1182 11
1183 10
1184 19
1185 18
1186 18
1187 16
1188 13
1189 9
1190 14
1191 12
1192 12
1193 18
1194 10
1195 16
1196 17
1197 12
1198 15
1199 9
1200 17
1201 14
1202 12
1203 8
1204 6
1205 14
1206 18
1207 12
1208 22
1209 20
1210 15
1211 14
1212 17
1213 12
1214 16
1215 10
1216 13
1217 17
1218 13
1219 19
1220 11
1221 13
1222 11
1223 12
1224 6
1225 18
1226 13
1227 11
1228 13
1229 12
1230 14
1231 10
1232 14
1233 10
1234 11
1235 11
1236 14
1237 21
1238 13
1239 16
1240 10
1241 15
1242 16
1243 14
1244 11
1245 17
1246 19
1247 9
1248 13
1249 18
1250 14
1251 6
1252 14
1253 8
1254 14
1255 14
1256 19
1257 13
1258 5
1259 12
1260 14
1261 13
1262 19
1263 11
1264 14
1265 11
1266 15
1267 12
1268 13
1269 16
1270 7
1271 8
1272 17
1273 12
1274 15
1275 14
1276 12
1277 15
1278 10
1279 12
1280 23
1281 17
1282 15
1283 12
1284 18
1285 9
1286 10
1287 13
1288 13
1289 7
1290 7
1291 21
1292 14
1293 9
1294 9
1295 11
1296 14
1297 14
1298 13
1299 14
1300 8
1301 18
1302 13
1303 10
1304 12
1305 13
1306 8
1307 9
1308 6
1309 7
1310 6
1311 13
1312 12
1313 8
1314 15
1315 11
1316 12
1317 17
1318 7
1319 9
1320 11
1321 11
1322 16
1323 18
1324 9
1325 8
1326 5
1327 9
1328 8
1329 6
1330 7
1331 9
1332 10
1333 5
1334 12
1335 11
1336 5
1337 9
1338 6
1339 10
1340 12
1341 16
1342 11
1343 2
1344 10
1345 7
1346 17
1347 8
1348 8
1349 12
1350 12
1351 18
1352 13
1353 10
1354 13
1355 8
1356 15
1357 8
1358 7
1359 14
1360 9
1361 7
1362 13
1363 7
1364 8
1365 9
1366 8
1367 7
1368 12
1369 4
1370 9
1371 10
1372 10
1373 3
1374 5
1375 5
1376 4
1377 8
1378 8
1379 11
1380 7
1381 4
1382 9
1383 7
1384 10
1385 8
1386 13
1387 7
1388 2
1389 6
1390 6
1391 5
1392 6
1393 6
1394 7
1395 11
1396 8
1397 7
1398 7
1399 9
1400 10
1401 4
1402 7
1403 2
1404 14
1405 7
1406 7
1407 9
1408 8
1409 7
1410 8
1411 4
1412 4
1413 8
1414 3
1415 10
1416 7
1417 6
1418 4
1419 5
1420 4
1421 6
1422 8
1423 4
1424 2
1425 4
1426 7
1427 13
1428 8
1429 5
1430 4
1431 4
1432 6
1433 4
1434 5
1435 6
1436 5
1437 7
1438 4
1439 6
1440 10
1441 2
1442 3
1443 3
1444 2
1445 3
1446 5
1447 4
1448 4
1449 4
1450 3
1451 4
1452 3
1453 4
1454 4
1455 4
1456 5
1457 3
1458 6
1459 2
1460 3
1461 6
1462 4
1463 5
1464 3
1466 5
1467 2
1468 2
1469 4
1470 4
1471 4
1472 2
1473 1
1474 1
1475 4
1476 4
1477 1
1478 2
1479 5
1480 3
1481 3
1482 4
1483 4
1484 1
1485 2
1486 3
1487 3
1488 3
1489 1
1490 1
1491 1
1492 4
1493 4
1494 2
1495 4
1496 1
1497 3
1498 3
1500 2
1501 2
1502 2
1503 3
1504 3
1505 2
1507 3
1508 3
1509 1
1511 2
1513 3
1514 2
1515 1
1516 1
1517 2
1518 2
1519 3
1520 3
1521 4
1522 2
1523 1
1524 2
1525 1
1526 1
1530 2
1531 1
1532 1
1533 1
1534 1
1536 1
1538 1
1541 1
1543 1
1548 1
1552 1
1554 1
1556 1
1558 1
1560 1
1561 1
1565 1
1571 1
1593 1
