N J h mean_R_sq err_mean_R_sq mean_R_gyr_sq err_mean_R_gyr_sq 
1225 1.475 0 916.114 23.7305 286.178 2.32783
1002 1
1003 3
1004 1
1005 2
1006 2
1007 1
1012 1
1014 3
1016 4
1017 2
1018 2
1019 2
1020 3
1021 1
1022 3
1023 4
1025 1
1026 2
1027 1
1028 2
1029 2
1030 1
1031 4
1032 2
1033 1
1034 1
1035 2
1038 2
1039 3
1040 3
1042 2
1043 1
1045 2
1046 1
1048 3
1050 3
1051 2
1052 2
1053 1
1054 1
1055 2
1056 1
1057 2
1058 4
1059 1
1060 2
1061 1
1063 3
1064 3
1065 3
1066 1
1067 2
1068 3
1069 2
1070 3
1071 3
1073 4
1074 1
1075 2
1076 1
1077 1
1078 2
1079 4
1080 3
1081 4
1082 2
1083 2
1084 5
1085 1
1086 3
1087 3
1088 3
1089 1
1091 2
1092 5
1093 1
1094 1
1096 1
1097 5
1098 5
1099 4
1100 2
1101 1
1102 5
1103 2
1104 3
1105 6
1106 2
1107 3
1108 6
1109 5
1110 3
1111 2
1112 3
1113 2
1114 6
1115 4
1116 5
1117 3
1118 2
1119 3
1120 4
1121 3
1122 5
1123 2
1125 1
1126 4
1127 3
1128 3
1129 2
1130 3
1131 4
1132 2
1133 1
1134 4
1135 8
1136 3
1137 4
1138 5
1139 3
1140 2
1141 4
1142 3
1143 2
1144 3
1145 5
1146 1
1147 2
1148 4
1149 4
1150 6
1151 3
1152 4
1153 3
1154 2
1155 6
1156 3
1157 3
1158 5
1159 4
1160 2
1161 1
1162 3
1163 6
1164 3
1165 4
1166 5
1167 2
1168 4
1169 4
1170 3
1171 4
1172 3
1173 5
1174 3
1175 7
1176 8
1177 4
1178 4
1179 5
1180 3
1181 2
1182 8
1183 3
1184 5
1185 4
1186 8
1187 3
1188 5
1189 4
1190 2
1191 5
1192 7
1193 4
1194 1
1195 7
1196 3
1197 5
1198 3
1199 4
1200 3
1201 8
1202 6
1203 4
1204 9
1205 5
1206 7
1207 6
1208 6
1209 1
1210 10
1211 7
1212 4
1213 6
1214 7
1215 7
1216 4
1218 9
1219 2
1220 4
1221 7
1222 7
1224 3
1225 5
1226 4
1227 5
1228 6
1229 2
1230 4
1231 3
1232 4
1233 4
1234 2
1235 4
1236 7
1237 4
1238 3
1239 5
1240 1
1241 5
1242 2
1243 3
1244 10
1245 8
1246 3
1247 4
1248 3
1249 5
1250 5
1251 8
1252 5
1253 5
1254 6
1255 8
1256 9
1257 4
1258 3
1259 5
1260 4
1261 4
1262 4
1263 4
1264 2
1265 4
1266 5
1267 8
1268 4
1269 6
1270 6
1271 6
1272 4
1274 6
1275 4
1276 6
1277 5
1278 5
1279 4
1280 4
1281 7
1282 4
1284 5
1285 6
1286 3
1287 6
1288 4
1289 3
1290 2
1291 5
1292 3
1293 8
1294 2
1295 4
1296 5
1297 6
1298 1
1299 5
1300 7
1301 2
1302 2
1303 5
1304 2
1305 5
1306 2
1307 3
1308 5
1309 2
1310 3
1311 5
1312 5
1313 7
1314 5
1315 6
1316 7
1317 2
1318 2
1319 2
1320 3
1321 9
1322 5
1324 8
1325 4
1326 3
1327 3
1328 1
1329 1
1330 1
1331 4
1332 7
1333 3
1334 5
1335 2
1336 4
1337 3
1338 1
1339 5
1340 5
1341 3
1342 1
1343 2
1344 4
1345 4
1346 3
1347 4
1349 5
1350 4
1351 2
1352 3
1353 1
1354 3
1355 4
1356 3
1357 1
1358 5
1359 5
1360 3
1361 3
1363 4
1364 2
1365 3
1366 2
1367 3
1370 4
1371 2
1372 1
1373 3
1374 2
1375 1
1376 3
1377 4
1378 3
1380 3
1381 2
1382 1
1383 1
1384 1
1385 4
1386 3
1387 3
1389 3
1391 2
1392 2
1393 2
1394 2
1396 3
1397 3
1398 4
1399 1
1401 1
1402 3
1403 4
1404 1
1405 1
1406 2
1407 1
1408 4
1409 3
1410 2
1411 2
1412 2
1413 1
1414 3
1415 1
1416 1
1417 2
1420 1
1421 1
1422 1
1425 2
1427 1
1428 1
1429 2
1430 2
1431 2
1432 3
1435 1
1436 3
1438 2
1439 3
1440 2
1442 1
1443 1
1445 2
1447 2
1448 1
1456 1
1458 1
1459 1
1462 1
1463 1
1468 1
1470 1
1472 1
1476 1
1482 1
1484 2
1486 1
1488 2
1496 1
