N J h mean_R_sq err_mean_R_sq mean_R_gyr_sq err_mean_R_gyr_sq 
10000 1.43 0 113941 97798.7 18979.9 14336.1
195 1
206 1
218 1
229 1
230 3
235 1
237 1
252 1
256 1
258 1
260 2
261 5
262 1
265 1
267 1
268 2
269 2
272 1
273 1
275 1
284 1
288 1
295 1
296 1
318 2
319 1
321 1
322 1
323 1
325 3
330 1
331 3
332 2
333 1
334 1
335 6
336 1
337 4
338 5
339 3
340 6
341 7
342 5
343 4
344 5
345 6
346 6
347 5
348 1
349 6
351 3
352 2
353 6
354 4
355 3
356 2
358 3
359 2
360 5
361 3
362 1
363 2
364 3
365 1
367 2
368 3
369 2
370 3
372 1
373 3
374 1
375 2
376 1
378 1
379 2
380 1
381 1
382 1
384 3
385 1
386 2
388 1
389 1
390 1
391 1
392 1
394 2
395 4
396 1
397 1
399 1
400 3
401 1
404 1
407 1
410 1
412 2
413 4
414 2
415 1
421 1
428 1
434 1
435 2
436 1
446 1
455 1
457 1
460 1
461 1
466 1
487 1
501 1
506 1
507 1
508 1
510 2
518 1
522 1
524 1
530 1
535 1
537 2
539 2
540 1
541 1
542 2
543 1
545 1
546 1
547 1
548 2
549 3
550 5
551 1
552 3
553 1
554 2
555 1
556 1
557 5
558 2
559 3
560 5
561 2
562 4
563 4
565 4
566 1
567 5
568 3
569 5
570 2
571 5
572 3
573 3
574 4
575 5
576 7
577 1
578 7
579 5
580 5
581 7
582 4
583 9
584 9
585 6
586 5
587 5
588 4
589 8
590 5
591 2
592 10
593 9
594 12
595 1
596 7
597 9
598 7
599 6
600 9
601 4
602 5
603 6
604 4
605 5
606 6
607 4
608 7
609 8
610 10
611 3
612 5
613 4
614 4
615 5
616 4
617 3
618 3
619 5
620 4
621 8
622 8
623 4
624 1
625 2
626 11
627 7
628 6
629 5
630 14
631 5
632 3
633 9
634 4
635 6
636 7
637 5
638 7
639 3
640 9
641 6
642 2
643 9
644 11
645 3
646 8
647 11
648 15
649 8
650 5
651 11
652 12
653 13
654 8
655 8
656 9
657 4
658 9
659 7
660 7
661 4
662 6
663 10
664 13
665 9
666 11
667 10
668 6
669 11
670 13
671 19
672 6
673 13
674 17
675 9
676 12
677 10
678 14
679 16
680 7
681 9
682 12
683 13
684 10
685 10
686 14
687 13
688 11
689 17
690 8
691 11
692 21
693 15
694 18
695 17
696 17
697 21
698 26
699 14
700 17
701 17
702 19
703 14
704 22
705 21
706 19
707 23
708 19
709 15
710 34
711 18
712 25
713 16
714 14
715 24
716 19
717 15
718 22
719 20
720 12
721 23
722 22
723 19
724 13
725 24
726 16
727 19
728 19
729 28
730 21
731 23
732 14
733 22
734 26
735 17
736 21
737 19
738 18
739 18
740 26
741 26
742 19
743 25
744 21
745 19
746 20
747 20
748 36
749 26
750 24
751 28
752 22
753 21
754 33
755 29
756 22
757 28
758 43
759 30
760 36
761 34
762 37
763 31
764 22
765 28
766 43
767 31
768 35
769 30
770 35
771 29
772 49
773 41
774 39
775 32
776 26
777 35
778 35
779 37
780 33
781 35
782 41
783 40
784 29
785 36
786 26
787 32
788 34
789 30
790 31
791 38
792 31
793 31
794 42
795 43
796 29
797 30
798 30
799 35
800 36
801 35
802 32
803 45
804 40
805 50
806 46
807 21
808 35
809 34
810 38
811 39
812 38
813 39
814 43
815 44
816 38
817 49
818 45
819 50
820 44
821 36
822 52
823 26
824 41
825 36
826 41
827 49
828 50
829 38
830 41
831 36
832 29
833 36
834 36
835 50
836 48
837 43
838 41
839 39
840 37
841 41
842 32
843 43
844 52
845 39
846 34
847 27
848 37
849 41
850 39
851 35
852 38
853 37
854 39
855 57
856 36
857 39
858 49
859 27
860 44
861 33
862 39
863 37
864 35
865 40
866 38
867 36
868 40
869 42
870 34
871 53
872 39
873 39
874 41
875 42
876 37
877 41
878 38
879 47
880 42
881 53
882 26
883 44
884 44
885 43
886 43
887 45
888 48
889 34
890 48
891 42
892 39
893 42
894 43
895 46
896 42
897 46
898 44
899 46
900 37
901 46
902 42
903 38
904 47
905 40
906 47
907 38
908 52
909 37
910 41
911 41
912 55
913 38
914 40
915 36
916 39
917 36
918 44
919 49
920 53
921 42
922 28
923 50
924 47
925 38
926 45
927 47
928 42
929 44
930 47
931 48
932 43
933 34
934 53
935 55
936 40
937 45
938 45
939 41
940 46
941 43
942 39
943 39
944 42
945 51
946 39
947 35
948 53
949 41
950 35
951 44
952 48
953 32
954 34
955 32
956 42
957 39
958 43
959 46
960 45
961 35
962 42
963 36
964 37
965 41
966 32
967 39
968 58
969 37
970 32
971 38
972 47
973 38
974 47
975 41
976 53
977 37
978 47
979 36
980 42
981 47
982 22
983 45
984 44
985 29
986 46
987 52
988 40
989 46
990 35
991 36
992 35
993 40
994 29
995 32
996 38
997 32
998 36
999 35
1000 33
1001 34
1002 39
1003 29
1004 35
1005 22
1006 30
1007 30
1008 29
1009 32
1010 33
1011 22
1012 36
1013 24
1014 28
1015 31
1016 21
1017 24
1018 22
1019 36
1020 30
1021 41
1022 23
1023 28
1024 21
1025 23
1026 23
1027 28
1028 32
1029 29
1030 27
1031 23
1032 26
1033 24
1034 24
1035 22
1036 33
1037 31
1038 8
1039 17
1040 20
1041 31
1042 26
1043 16
1044 13
1045 20
1046 24
1047 20
1048 16
1049 20
1050 14
1051 15
1052 18
1053 18
1054 10
1055 18
1056 14
1057 10
1058 13
1059 15
1060 15
1061 15
1062 15
1063 8
1064 9
1065 13
1066 13
1067 7
1068 13
1069 11
1070 7
1071 11
1072 11
1073 9
1074 9
1075 6
1076 11
1077 8
1078 10
1079 12
1080 9
1081 13
1082 8
1083 10
1084 18
1085 11
1086 11
1087 8
1088 5
1089 7
1090 13
1091 15
1092 13
1093 14
1094 18
1095 13
1096 11
1097 7
1098 7
1099 13
1100 13
1101 8
1102 13
1103 3
1104 9
1105 10
1106 11
1107 11
1108 8
1109 13
1110 7
1111 8
1112 13
1113 2
1114 12
1115 5
1116 9
1117 10
1118 12
1119 6
1120 5
1121 7
1122 15
1123 9
1124 7
1125 8
1126 10
1127 8
1128 6
1129 9
1130 6
1131 16
1132 8
1133 8
1134 9
1135 6
1136 5
1137 7
1138 9
1139 6
1140 5
1141 7
1142 6
1143 9
1144 5
1145 8
1146 4
1147 9
1148 7
1149 9
1150 4
1151 6
1152 14
1153 8
1154 3
1155 9
1156 11
1157 9
1158 5
1159 6
1160 2
1161 5
1162 4
1163 6
1164 3
1165 1
1166 5
1167 1
1168 6
1169 5
1170 4
1171 5
1172 2
1173 8
1174 3
1175 7
1176 5
1177 4
1178 5
1179 5
1180 4
1181 6
1182 3
1183 7
1184 6
1185 5
1186 6
1187 7
1188 6
1189 8
1190 4
1191 3
1192 5
1193 9
1194 5
1195 8
1196 6
1197 6
1198 7
1199 9
1200 5
1201 11
1202 4
1203 6
1204 5
1205 8
1206 9
1207 10
1208 7
1209 14
1210 10
1211 9
1212 9
1213 7
1214 7
1215 5
1216 5
1217 7
1218 17
1219 10
1220 14
1221 11
1222 17
1223 8
1224 14
1225 13
1226 7
1227 11
1228 11
1229 12
1230 11
1231 15
1232 18
1233 17
1234 13
1235 12
1236 12
1237 14
1238 11
1239 16
1240 13
1241 9
1242 5
1243 12
1244 6
1245 12
1246 17
1247 15
1248 12
1249 16
1250 14
1251 12
1252 6
1253 16
1254 12
1255 12
1256 11
1257 8
1258 7
1259 11
1260 10
1261 9
1262 10
1263 14
1264 12
1265 14
1266 7
1267 7
1268 8
1269 12
1270 10
1271 9
1272 10
1273 8
1274 15
1275 8
1276 9
1277 7
1278 9
1279 7
1280 9
1281 7
1282 9
1283 10
1284 10
1285 8
1286 12
1287 10
1288 7
1289 8
1290 10
1291 10
1292 6
1293 7
1294 3
1295 6
1296 7
1297 7
1298 7
1299 2
1300 10
1301 4
1302 9
1303 9
1304 14
1305 6
1306 7
1307 9
1308 8
1309 6
1310 12
1311 5
1312 11
1313 10
1314 8
1315 5
1316 13
1317 7
1318 9
1319 7
1320 11
1321 3
1322 7
1323 6
1324 5
1325 7
1326 5
1327 7
1328 8
1329 6
1330 4
1331 9
1332 10
1333 11
1334 8
1335 6
1336 4
1337 7
1338 11
1339 10
1340 6
1341 10
1342 6
1343 4
1344 7
1345 8
1346 7
1347 8
1348 4
1349 6
1350 5
1351 7
1352 2
1353 2
1354 2
1355 1
1356 7
1357 3
1358 7
1359 3
1360 2
1361 3
1362 5
1363 3
1364 8
1365 4
1366 3
1367 2
1370 1
1371 4
1372 1
1373 1
1374 1
1375 2
1376 1
1377 4
1378 1
1379 3
1380 3
1381 2
1382 1
1383 1
1384 3
1385 2
1387 1
1388 2
1390 3
1391 1
1392 2
1395 2
