N J h mean_R_sq err_mean_R_sq mean_R_gyr_sq err_mean_R_gyr_sq 
1600 1.433 0 1513.26 22.5792 431.287 2.6291
1000 27
1001 20
1002 20
1003 25
1004 29
1005 25
1006 31
1007 24
1008 27
1009 22
1010 20
1011 28
1012 25
1013 29
1014 25
1015 27
1016 23
1017 26
1018 31
1019 19
1020 30
1021 26
1022 22
1023 30
1024 30
1025 31
1026 19
1027 24
1028 23
1029 26
1030 34
1031 31
1032 27
1033 41
1034 27
1035 24
1036 24
1037 21
1038 29
1039 30
1040 28
1041 27
1042 23
1043 23
1044 26
1045 15
1046 30
1047 34
1048 33
1049 23
1050 27
1051 24
1052 24
1053 36
1054 36
1055 21
1056 27
1057 29
1058 13
1059 21
1060 26
1061 27
1062 25
1063 29
1064 34
1065 35
1066 24
1067 29
1068 35
1069 18
1070 33
1071 32
1072 16
1073 28
1074 25
1075 19
1076 30
1077 29
1078 23
1079 31
1080 24
1081 19
1082 21
1083 21
1084 16
1085 31
1086 25
1087 26
1088 20
1089 21
1090 30
1091 26
1092 25
1093 31
1094 29
1095 25
1096 32
1097 26
1098 21
1099 24
1100 28
1101 32
1102 22
1103 30
1104 21
1105 19
1106 25
1107 18
1108 17
1109 20
1110 15
1111 22
1112 26
1113 29
1114 21
1115 20
1116 16
1117 23
1118 26
1119 28
1120 27
1121 27
1122 23
1123 24
1124 27
1125 18
1126 22
1127 13
1128 29
1129 17
1130 30
1131 25
1132 23
1133 21
1134 24
1135 18
1136 27
1137 21
1138 19
1139 28
1140 12
1141 29
1142 21
1143 19
1144 29
1145 29
1146 29
1147 31
1148 19
1149 16
1150 27
1151 23
1152 17
1153 20
1154 22
1155 21
1156 18
1157 26
1158 22
1159 26
1160 26
1161 18
1162 18
1163 21
1164 16
1165 21
1166 21
1167 20
1168 21
1169 16
1170 27
1171 17
1172 21
1173 24
1174 15
1175 23
1176 25
1177 21
1178 27
1179 24
1180 16
1181 15
1182 20
1183 19
1184 12
1185 17
1186 19
1187 13
1188 25
1189 20
1190 16
1191 18
1192 11
1193 15
1194 16
1195 17
1196 19
1197 20
1198 21
1199 17
1200 19
1201 24
1202 13
1203 23
1204 14
1205 17
1206 12
1207 16
1208 17
1209 21
1210 19
1211 13
1212 18
1213 18
1214 13
1215 20
1216 21
1217 10
1218 18
1219 23
1220 18
1221 22
1222 14
1223 14
1224 21
1225 14
1226 12
1227 15
1228 16
1229 17
1230 23
1231 11
1232 24
1233 8
1234 16
1235 11
1236 15
1237 18
1238 12
1239 17
1240 17
1241 10
1242 14
1243 12
1244 11
1245 16
1246 10
1247 12
1248 15
1249 5
1250 16
1251 11
1252 18
1253 16
1254 8
1255 11
1256 16
1257 7
1258 7
1259 12
1260 12
1261 14
1262 7
1263 9
1264 8
1265 7
1266 7
1267 9
1268 11
1269 9
1270 12
1271 14
1272 11
1273 11
1274 6
1275 12
1276 9
1277 9
1278 7
1279 1
1280 13
1281 10
1282 10
1283 7
1284 4
1285 9
1286 5
1287 11
1288 6
1289 7
1290 7
1291 8
1292 4
1293 4
1294 3
1295 8
1296 9
1297 4
1298 6
1299 6
1300 6
1301 4
1302 7
1303 8
1304 4
1305 8
1306 4
1307 4
1308 3
1309 9
1310 7
1311 5
1312 2
1313 3
1314 7
1315 8
1316 2
1317 5
1318 6
1319 3
1320 4
1321 8
1322 2
1323 3
1324 4
1325 6
1326 5
1327 7
1328 5
1329 2
1330 5
1331 5
1332 5
1333 5
1334 1
1335 3
1336 3
1337 7
1338 3
1339 3
1340 2
1342 1
1345 3
1346 2
1347 4
1348 3
1349 2
1350 1
1351 1
1352 3
1353 3
1354 2
1356 1
1357 3
1358 4
1359 5
1361 6
1363 1
1364 1
1365 1
1366 1
1367 4
1368 5
1369 4
1371 1
1372 1
1373 1
1374 2
1376 1
1378 2
1379 3
1380 3
1382 1
1384 3
1386 2
1387 1
1388 1
1390 1
1391 2
1393 2
1394 1
1395 1
1396 1
1397 1
1398 1
1399 1
1405 1
1406 2
1407 2
1408 1
1409 1
1413 1
1415 1
1416 1
1417 1
1434 1
1437 1
1446 2
1450 1
1517 1
