N J h mean_R_sq err_mean_R_sq mean_R_gyr_sq err_mean_R_gyr_sq 
2916 1.42 0 2743.5 77.3924 790.008 9.82626
437 1
452 1
453 1
454 1
457 1
473 1
478 2
479 1
480 1
484 1
491 1
504 1
505 1
506 2
510 1
511 1
513 1
516 1
517 2
521 1
522 1
525 2
527 1
530 2
533 2
534 1
535 1
536 1
537 2
539 2
540 1
542 1
544 2
545 1
549 1
550 1
551 1
552 1
555 1
556 2
557 2
558 2
559 3
561 2
562 1
563 1
564 2
565 1
566 1
569 1
570 1
571 1
572 2
573 5
574 1
575 1
576 2
577 4
578 2
579 3
580 1
581 2
583 3
584 2
585 1
586 3
587 3
589 4
591 2
592 2
593 2
594 2
595 1
596 1
597 2
598 1
600 2
601 3
602 4
603 1
604 2
605 4
606 3
607 3
608 1
609 1
610 3
611 6
612 1
613 1
614 2
615 2
616 1
617 2
618 2
619 1
620 2
621 2
622 1
623 4
624 3
626 3
627 5
628 4
629 4
630 4
631 5
632 1
633 2
634 5
635 4
636 3
637 5
638 4
639 3
640 3
641 6
642 6
643 3
644 5
645 3
646 3
647 2
648 2
649 2
650 2
651 5
652 3
653 4
654 3
655 2
656 4
657 2
658 5
659 4
660 6
661 5
662 3
663 3
664 2
665 2
666 2
667 4
668 3
669 3
670 6
671 6
672 2
673 5
674 4
675 3
676 2
677 3
678 2
679 3
680 2
681 4
682 9
683 4
684 1
685 8
686 3
687 3
688 5
689 5
690 4
691 4
692 2
693 2
694 1
695 3
696 9
697 7
698 7
699 5
700 2
701 5
702 7
703 2
704 4
705 7
706 3
707 3
708 8
709 11
710 4
711 5
712 3
713 4
714 6
715 5
716 9
717 6
718 3
719 4
720 1
721 6
722 1
723 3
724 3
725 5
726 6
727 7
728 7
729 1
730 3
731 7
732 3
733 5
734 6
735 5
737 1
738 4
739 3
740 3
741 5
742 6
743 4
744 6
745 4
746 3
747 4
748 7
749 7
750 6
751 3
752 5
753 6
754 3
755 5
756 4
757 5
758 6
759 2
760 4
761 7
762 5
763 4
764 9
765 6
766 6
767 5
768 5
769 3
770 8
771 6
772 7
773 3
774 8
775 6
776 8
777 9
778 10
779 3
780 9
781 6
782 4
783 5
784 7
785 6
786 5
787 10
788 4
789 9
790 6
791 6
792 5
793 6
794 7
795 5
796 8
797 6
798 5
799 7
800 7
801 3
802 9
803 8
804 8
805 7
806 8
807 9
808 12
809 6
810 5
811 6
812 6
813 2
814 3
815 6
816 5
817 4
818 6
819 7
820 3
821 4
822 4
823 7
824 10
825 7
826 7
827 6
828 5
829 8
830 3
831 6
832 4
833 5
834 7
835 5
836 3
837 10
838 6
839 8
840 7
841 5
842 5
843 9
844 5
845 10
846 4
847 9
848 9
849 11
850 11
851 8
852 4
853 7
854 5
855 8
856 12
857 5
858 7
859 4
860 10
861 11
862 9
863 4
864 4
865 7
866 6
867 10
868 8
869 6
870 5
871 5
872 7
873 11
874 8
875 12
876 4
877 6
878 12
879 4
880 9
881 9
882 11
883 7
884 2
885 8
886 10
887 3
888 13
889 3
890 5
891 11
892 13
893 14
894 7
895 2
896 4
897 13
898 14
899 4
900 8
901 7
902 4
903 9
904 7
905 6
906 4
907 9
908 6
909 6
910 6
911 6
912 7
913 8
914 9
915 7
916 9
917 9
918 9
919 7
920 10
921 8
922 7
923 2
924 10
925 3
926 9
927 8
928 7
929 6
930 9
931 12
932 5
933 4
934 3
935 8
936 13
937 6
938 8
939 9
940 13
941 9
942 9
943 5
944 3
945 8
946 5
947 11
948 7
949 7
950 14
951 9
952 8
953 9
954 4
955 8
956 8
957 9
958 8
959 8
960 11
961 11
962 6
963 9
964 8
965 9
966 7
967 5
968 8
969 7
970 3
971 8
972 7
973 9
974 7
975 9
976 7
977 14
978 9
979 6
980 9
981 10
982 5
983 8
984 2
985 7
986 11
987 9
988 7
989 7
990 10
991 6
992 9
993 7
994 13
995 14
996 9
997 6
998 9
999 9
1000 8
1001 7
1002 8
1003 16
1004 8
1005 7
1006 5
1007 7
1008 5
1009 7
1010 8
1011 5
1012 6
1013 6
1014 8
1015 6
1016 8
1017 5
1018 1
1019 12
1020 4
1021 7
1022 5
1023 4
1024 6
1025 11
1026 3
1027 6
1028 16
1029 8
1030 7
1031 6
1032 8
1033 9
1034 8
1035 10
1036 2
1037 7
1038 11
1039 7
1040 6
1041 5
1042 6
1043 9
1044 11
1045 9
1046 5
1047 6
1048 9
1049 8
1050 2
1051 8
1052 14
1053 7
1054 10
1055 7
1056 9
1057 8
1058 8
1059 7
1060 8
1061 8
1062 5
1063 5
1064 7
1065 9
1066 3
1067 8
1068 7
1069 4
1070 7
1071 8
1072 5
1073 6
1074 4
1075 12
1076 10
1077 5
1078 8
1079 8
1080 11
1081 10
1082 9
1083 9
1084 7
1085 3
1086 7
1087 6
1088 7
1089 8
1090 4
1091 6
1092 3
1093 16
1094 7
1095 9
1096 9
1097 6
1098 13
1099 5
1100 13
1101 7
1102 9
1103 5
1104 7
1105 5
1106 5
1107 4
1108 16
1109 11
1110 9
1111 11
1112 10
1113 5
1114 9
1115 6
1116 7
1117 5
1118 6
1119 5
1120 3
1121 9
1122 8
1123 8
1124 6
1125 7
1126 9
1127 6
1128 5
1129 8
1130 8
1131 5
1132 9
1133 7
1134 7
1135 5
1136 9
1137 6
1138 8
1139 4
1140 10
1141 5
1142 7
1143 7
1144 4
1145 9
1146 9
1147 2
1148 7
1149 6
1150 3
1151 2
1152 7
1153 7
1154 6
1155 10
1156 5
1157 6
1158 6
1159 7
1160 4
1161 6
1162 9
1163 6
1164 4
1165 7
1166 7
1167 6
1168 13
1169 9
1170 6
1171 5
1172 5
1173 8
1174 8
1175 9
1176 6
1177 3
1178 6
1179 7
1180 9
1181 4
1182 9
1183 10
1184 8
1185 4
1186 9
1187 7
1188 6
1189 11
1190 8
1191 6
1192 8
1193 3
1194 4
1195 4
1196 8
1197 9
1198 7
1199 4
1200 5
1201 5
1202 9
1203 6
1204 4
1205 7
1206 9
1207 6
1208 11
1209 6
1210 6
1211 5
1212 5
1213 9
1214 8
1215 4
1216 7
1217 7
1218 9
1219 4
1220 8
1221 6
1222 6
1223 2
1224 8
1225 8
1226 3
1227 5
1228 5
1229 3
1230 8
1231 4
1232 8
1233 3
1234 3
1235 7
1236 5
1237 1
1238 2
1239 1
1240 4
1241 1
1242 7
1243 5
1244 7
1245 8
1246 3
1247 12
1248 3
1249 7
1250 5
1251 7
1252 5
1253 5
1254 10
1255 6
1256 6
1257 6
1258 3
1259 3
1260 3
1261 3
1262 2
1263 4
1264 3
1265 6
1266 3
1267 9
1268 4
1269 5
1270 6
1271 6
1272 3
1273 2
1274 5
1275 7
1276 7
1277 4
1278 5
1279 2
1280 4
1281 4
1282 9
1283 5
1284 4
1285 3
1286 8
1287 4
1288 5
1289 7
1290 4
1291 8
1292 3
1293 1
1294 1
1295 2
1296 5
1297 3
1298 7
1299 3
1300 6
1301 5
1302 4
1303 5
1304 7
1305 5
1306 3
1307 2
1308 5
1309 5
1310 4
1311 4
1312 6
1313 7
1314 5
1315 4
1316 1
1317 3
1318 2
1319 2
1320 5
1321 4
1322 3
1323 4
1324 4
1325 3
1326 1
1327 2
1328 3
1329 6
1330 3
1331 5
1332 5
1333 2
1334 3
1335 2
1336 2
1337 3
1338 2
1339 2
1340 7
1341 3
1342 5
1343 6
1344 1
1345 2
1346 4
1347 2
1348 1
1349 2
1350 2
1351 2
1352 4
1353 1
1354 1
1355 3
1356 4
1357 5
1358 1
1359 5
1360 3
1362 2
1363 5
1364 2
1365 3
1366 5
1367 3
1368 4
1369 1
1371 2
1372 2
1373 1
1374 1
1375 6
1376 1
1377 4
1378 4
1379 2
1380 1
1381 3
1382 1
1383 3
1384 1
1385 2
1386 1
1387 3
1389 3
1390 1
1391 4
1393 3
1394 2
1395 2
1396 1
1397 3
1398 2
1399 1
1401 1
1402 2
1403 5
1404 5
1406 2
1407 1
1410 1
1411 2
1412 2
1413 2
1415 3
1416 3
1417 3
1418 4
1419 1
1422 1
1423 1
1424 3
1426 1
1428 1
1429 1
1431 4
1432 2
1433 2
1435 2
1436 1
1444 5
1448 1
1449 1
1450 2
1451 1
1452 2
1454 1
1456 1
1459 1
1463 1
1464 1
1465 1
1466 2
1468 3
1469 1
1473 2
1475 1
1478 2
1481 2
1483 1
1484 2
1486 1
1502 1
1507 1
1512 1
1514 1
1515 1
1516 2
1521 1
1526 1
1531 2
1556 1
