N J h mean_R_sq err_mean_R_sq mean_R_gyr_sq err_mean_R_gyr_sq 
3600 1.46 0 2366.35 98.2217 799.719 10.3805
373 1
374 1
380 1
383 1
392 2
394 1
395 1
397 1
405 1
406 1
409 1
421 1
424 2
425 4
426 1
427 1
429 1
436 2
437 3
439 1
441 1
442 1
443 1
444 3
447 2
449 1
450 2
451 1
452 1
455 2
456 1
457 2
458 1
459 2
460 1
461 2
463 1
464 1
465 1
466 1
468 2
470 1
471 1
473 1
474 1
475 1
476 1
477 2
478 1
479 5
482 2
484 1
485 1
486 3
487 2
488 2
489 3
490 1
491 2
492 2
493 2
494 3
495 1
496 1
497 3
498 1
500 3
501 1
502 3
503 3
504 1
505 2
506 1
508 2
509 2
511 2
513 2
514 3
515 2
516 1
518 2
519 1
520 4
521 3
522 2
523 3
524 1
525 2
526 1
527 2
528 2
529 2
530 1
531 1
533 1
535 2
536 4
539 1
540 4
541 3
542 1
543 1
544 5
545 1
546 3
547 3
548 4
549 1
550 2
551 3
552 4
553 2
555 2
556 1
557 1
558 2
559 1
560 3
561 2
563 1
564 2
565 4
566 4
567 1
569 1
570 3
571 2
572 4
573 1
574 4
575 3
576 3
577 2
578 1
579 3
580 4
581 4
582 7
583 3
584 4
585 5
586 5
587 3
588 7
589 3
590 1
591 2
592 5
593 5
595 1
597 4
598 2
599 4
600 3
601 5
602 3
603 4
604 3
605 3
606 3
607 5
608 5
610 1
611 2
612 3
613 4
614 1
615 3
616 2
617 1
618 4
619 4
620 2
621 5
622 1
623 5
624 3
625 1
627 2
628 5
631 2
632 3
633 1
634 3
635 6
636 3
637 2
638 2
639 4
640 5
641 2
642 2
643 4
644 2
645 1
646 4
647 5
648 1
649 2
650 2
651 4
652 2
653 6
654 4
655 3
656 4
657 6
658 1
660 2
662 2
663 3
665 2
666 5
667 3
668 10
669 1
670 5
671 7
672 2
673 1
674 4
675 3
676 2
677 4
678 2
679 1
680 2
681 1
682 6
683 6
684 1
685 5
686 2
687 3
689 1
690 2
692 1
693 2
694 2
695 3
696 1
697 4
698 2
699 3
700 3
701 3
702 3
703 1
704 3
705 3
706 6
707 3
708 1
709 1
710 2
711 5
712 7
713 2
714 3
715 2
716 2
717 5
718 4
719 2
720 6
721 3
722 2
723 2
724 3
725 1
726 1
727 3
728 5
729 3
730 3
731 1
732 3
733 1
734 3
735 6
736 6
737 2
738 5
739 3
740 1
741 4
742 6
743 2
744 2
745 5
746 1
747 1
748 4
749 3
750 3
751 5
752 4
753 4
754 5
755 2
756 4
757 2
758 3
759 4
760 2
761 3
762 1
763 5
764 3
765 4
766 6
767 4
768 3
769 3
771 3
772 1
773 9
774 4
775 4
776 7
777 2
778 6
780 3
781 4
783 1
784 2
785 4
786 2
787 9
788 3
789 4
790 7
791 1
792 5
793 5
794 4
795 1
796 3
797 4
798 1
799 3
800 4
801 4
802 3
803 6
804 3
805 1
806 3
807 2
808 3
809 5
810 3
811 4
812 2
813 2
814 1
815 5
816 4
817 1
818 3
819 2
820 4
821 3
822 4
823 3
824 5
825 4
826 2
827 4
828 2
830 3
831 2
832 4
833 7
834 2
835 3
836 3
837 3
838 3
839 2
840 4
841 3
842 4
843 2
844 3
845 4
846 1
847 4
848 4
849 3
850 2
851 1
852 2
853 6
854 3
855 1
856 2
857 2
858 2
859 6
860 4
861 4
862 5
863 3
864 5
865 7
866 4
867 2
868 2
870 4
871 2
872 1
873 7
874 2
875 3
876 1
877 4
878 1
879 3
880 5
881 2
882 1
883 3
884 7
885 4
886 3
887 5
888 3
889 7
890 3
891 1
892 5
893 6
894 3
896 3
897 3
898 2
899 4
900 3
902 3
903 2
904 2
905 2
906 7
907 4
908 5
909 4
910 1
911 3
912 5
913 6
914 5
915 6
916 4
917 2
918 4
919 2
920 1
921 4
922 6
923 2
924 5
925 1
926 3
927 4
928 2
929 9
930 6
931 1
932 6
933 4
934 6
935 3
936 3
938 3
939 1
940 2
941 2
942 6
943 3
944 7
945 1
946 1
947 3
948 5
949 2
950 6
951 3
952 3
953 4
954 2
955 7
956 2
957 3
958 4
959 4
960 4
961 1
962 4
963 3
964 2
965 1
966 7
967 4
969 3
970 2
972 5
973 3
974 3
975 3
976 4
977 5
978 1
979 5
980 6
981 3
982 4
983 2
984 1
985 2
987 4
988 3
989 5
990 4
991 3
992 2
993 3
994 3
995 6
996 2
997 5
998 1
1000 4
1001 2
1002 4
1003 4
1004 4
1005 4
1006 3
1007 1
1008 2
1009 2
1010 3
1012 4
1013 10
1014 3
1015 4
1016 3
1017 4
1018 3
1019 1
1020 4
1021 3
1022 6
1023 1
1024 4
1025 2
1026 1
1027 2
1028 4
1029 6
1030 3
1031 8
1032 1
1033 2
1034 3
1035 2
1036 1
1037 1
1038 3
1039 4
1040 7
1041 1
1042 3
1043 2
1044 3
1045 3
1046 3
1047 9
1048 4
1049 3
1050 1
1051 3
1052 3
1053 1
1054 4
1055 4
1056 2
1057 5
1058 3
1059 2
1060 4
1061 2
1062 5
1063 4
1064 6
1065 3
1066 1
1067 4
1068 3
1069 2
1070 4
1071 4
1072 4
1073 6
1074 2
1075 5
1076 3
1077 6
1078 4
1079 2
1080 4
1081 3
1082 6
1083 4
1084 2
1085 4
1086 2
1087 2
1088 4
1089 5
1090 2
1091 6
1092 2
1093 1
1094 2
1095 1
1096 1
1097 3
1098 3
1099 3
1100 3
1101 3
1102 2
1103 6
1104 3
1105 5
1106 3
1107 1
1108 1
1109 3
1110 4
1111 3
1112 1
1113 1
1115 2
1116 5
1117 3
1118 3
1119 6
1121 3
1122 1
1123 3
1124 6
1125 5
1126 5
1127 1
1128 4
1129 2
1130 2
1132 2
1133 1
1134 3
1135 3
1137 2
1138 2
1139 1
1140 2
1141 3
1142 3
1143 3
1144 2
1145 6
1146 4
1147 5
1148 3
1149 3
1150 2
1151 4
1152 3
1153 4
1154 4
1155 4
1156 3
1157 1
1158 4
1159 3
1160 4
1161 3
1162 2
1163 4
1164 4
1165 5
1166 2
1167 6
1168 1
1169 4
1170 1
1171 6
1172 4
1173 5
1174 2
1175 4
1176 2
1177 3
1178 2
1179 3
1180 3
1181 1
1182 2
1183 3
1184 3
1185 3
1186 5
1187 2
1188 2
1189 3
1190 3
1191 3
1192 6
1193 6
1194 2
1195 5
1196 7
1197 3
1198 6
1199 3
1200 2
1201 1
1202 5
1203 1
1204 2
1205 4
1206 2
1207 3
1208 2
1209 1
1210 4
1211 3
1212 3
1213 2
1214 3
1215 6
1217 4
1218 3
1219 2
1220 4
1221 3
1222 2
1223 2
1224 3
1225 4
1226 1
1227 6
1228 6
1229 3
1230 4
1231 4
1232 2
1233 4
1234 5
1235 1
1236 4
1237 5
1238 2
1239 6
1240 1
1241 3
1242 1
1243 5
1244 2
1245 2
1246 4
1247 7
1248 2
1249 2
1250 5
1251 1
1252 1
1253 2
1254 5
1255 2
1256 3
1257 1
1258 3
1259 3
1260 4
1261 5
1262 3
1263 4
1264 3
1265 2
1266 2
1267 3
1268 6
1269 1
1270 3
1271 7
1272 2
1273 4
1274 3
1275 5
1276 1
1278 2
1279 6
1281 3
1282 5
1283 5
1285 4
1287 4
1288 2
1289 1
1290 4
1291 1
1292 9
1293 4
1294 4
1295 3
1296 1
1297 3
1298 2
1299 1
1300 7
1301 2
1302 2
1303 1
1304 4
1305 7
1306 6
1307 2
1308 8
1309 4
1310 4
1311 4
1312 3
1313 2
1314 3
1315 3
1316 2
1317 4
1318 5
1319 1
1320 3
1321 2
1322 4
1323 2
1324 1
1325 2
1326 3
1327 2
1328 3
1329 2
1330 2
1331 2
1332 3
1333 5
1334 3
1335 5
1336 2
1337 3
1338 5
1339 5
1340 2
1341 2
1342 8
1343 2
1344 1
1345 3
1347 4
1348 5
1349 4
1350 2
1351 3
1352 4
1353 4
1354 5
1355 3
1356 5
1357 1
1358 2
1359 2
1360 3
1361 2
1362 4
1363 1
1364 4
1365 6
1366 3
1367 4
1368 3
1369 4
1370 1
1371 2
1372 6
1373 5
1374 7
1375 3
1376 4
1377 1
1378 1
1379 5
1380 5
1381 2
1382 6
1383 4
1384 3
1385 5
1386 3
1387 5
1388 2
1389 5
1390 6
1391 4
1392 1
1393 2
1394 5
1395 3
1396 3
1397 4
1398 1
1399 4
1400 1
1401 6
1402 2
1403 2
1404 4
1405 3
1406 2
1408 2
1410 4
1411 2
1412 2
1413 3
1414 3
1415 3
1416 4
1417 5
1418 3
1419 3
1420 1
1422 4
1423 2
1424 3
1425 3
1426 1
1427 2
1428 4
1429 3
1430 2
1432 6
1433 2
1434 5
1435 2
1436 2
1437 2
1438 4
1439 2
1440 6
1441 5
1442 4
1443 3
1444 4
1445 4
1446 4
1448 5
1449 3
1450 6
1451 2
1452 4
1453 3
1454 2
1455 4
1456 1
1457 3
1458 3
1459 3
1460 3
1461 2
1462 1
1463 2
1464 2
1465 1
1466 6
1467 8
1469 4
1470 2
1471 2
1472 6
1473 2
1474 4
1476 3
1477 3
1478 2
1480 1
1481 4
1483 2
1484 2
1485 1
1486 3
1487 3
1488 3
1490 1
1491 3
1492 1
1493 3
1494 2
1496 3
1497 2
1498 2
1499 1
1501 4
1503 1
1505 2
1508 3
1509 2
1510 4
1511 1
1512 1
1513 2
1514 2
1515 3
1518 1
1519 1
1520 2
1522 2
1523 4
1524 2
1525 2
1526 1
1527 1
1528 1
1529 3
1530 2
1531 2
1532 3
1534 3
1535 1
1543 2
1545 1
1546 2
1548 3
1549 4
1550 1
1551 1
1552 1
1555 1
1559 1
1560 1
1561 1
1563 3
1564 1
1566 2
1568 2
1570 1
1571 2
1572 1
1575 1
1576 1
1577 1
1581 1
1582 2
1585 1
1596 1
1613 1
1628 1
