N J h mean_R_sq err_mean_R_sq mean_R_gyr_sq err_mean_R_gyr_sq 
1600 1.42 0 1836.64 23.3007 476.514 3.21643
387 1
414 1
416 1
419 2
421 1
425 1
430 1
431 1
432 1
439 1
443 1
444 1
449 1
450 1
451 2
452 3
454 1
455 2
458 1
463 1
464 1
469 1
470 2
471 1
476 1
477 2
478 2
479 1
482 2
484 1
485 2
487 1
490 1
491 3
493 2
494 1
495 3
496 1
497 5
499 1
501 1
502 4
503 2
505 1
506 1
507 2
510 1
511 3
512 1
514 1
515 2
516 1
517 3
518 1
519 2
520 3
521 1
522 1
524 5
525 2
526 2
527 1
528 4
529 1
530 4
531 5
532 2
533 2
534 1
535 1
536 3
537 4
538 2
539 2
540 2
541 1
542 2
543 2
544 2
545 2
546 1
547 2
548 1
549 4
550 2
552 4
553 2
554 1
555 5
556 3
557 4
558 3
559 2
560 1
562 2
563 2
564 5
565 6
566 2
567 3
568 4
569 2
570 3
571 3
572 6
573 5
574 5
575 3
576 9
577 5
578 4
579 3
580 8
581 4
582 6
583 3
584 4
585 3
586 1
587 5
588 4
589 4
590 8
591 4
592 3
593 3
594 5
595 3
596 1
597 13
598 3
599 4
600 7
601 8
602 6
603 2
604 2
605 9
607 10
608 4
609 6
610 7
611 7
612 7
613 8
614 5
615 5
616 5
617 2
618 3
619 4
620 5
621 6
622 7
623 8
624 11
625 6
626 10
627 5
628 3
629 4
630 3
631 9
632 14
633 4
634 9
635 10
636 5
637 5
638 8
639 8
640 5
641 8
642 6
643 8
644 7
645 12
646 10
647 6
648 11
649 4
650 13
651 3
652 6
653 4
654 8
655 12
656 9
657 11
658 8
659 6
660 6
661 8
662 12
663 7
664 9
665 4
666 10
667 11
668 8
669 5
670 9
671 5
672 9
673 15
674 9
675 8
676 9
677 8
678 10
679 10
680 9
681 13
682 7
683 8
684 6
685 10
686 8
687 12
688 8
689 15
690 9
691 10
692 6
693 5
694 7
695 9
696 6
697 5
698 11
699 5
700 14
701 9
702 12
703 12
704 10
705 7
706 12
707 6
708 6
709 10
710 8
711 11
712 11
713 5
714 5
715 8
716 7
717 10
718 5
719 5
720 12
721 14
722 8
723 11
724 10
725 7
726 8
727 5
728 11
729 7
730 9
731 16
732 12
733 6
734 9
735 7
736 10
737 9
738 6
739 7
740 11
741 10
742 9
743 9
744 7
745 11
746 10
747 11
748 11
749 7
750 14
751 11
752 12
753 11
754 9
755 12
756 10
757 10
758 8
759 9
760 8
761 8
762 11
763 14
764 12
765 17
766 12
767 6
768 10
769 13
770 12
771 18
772 5
773 10
774 8
775 10
776 11
777 18
778 7
779 15
780 18
781 14
782 10
783 12
784 13
785 8
786 9
787 12
788 16
789 11
790 12
791 8
792 13
793 14
794 11
795 13
796 8
797 11
798 11
799 11
800 12
801 9
802 8
803 15
804 14
805 13
806 10
807 6
808 15
809 17
810 6
811 10
812 13
813 8
814 9
815 10
816 13
817 17
818 13
819 12
820 14
821 12
822 6
823 14
824 13
825 7
826 11
827 11
828 11
829 8
830 12
831 13
832 11
833 8
834 14
835 12
836 12
837 14
838 13
839 12
840 10
841 7
842 13
843 11
844 16
845 17
846 10
847 8
848 12
849 18
850 18
851 14
852 13
853 13
854 19
855 23
856 16
857 20
858 9
859 4
860 13
861 5
862 16
863 19
864 7
865 11
866 22
867 17
868 11
869 13
870 17
871 22
872 13
873 15
874 11
875 7
876 15
877 15
878 12
879 10
880 10
881 7
882 13
883 16
884 14
885 11
886 12
887 14
888 10
889 10
890 11
891 17
892 17
893 16
894 14
895 16
896 15
897 10
898 10
899 16
900 12
901 16
902 15
903 15
904 9
905 11
906 12
907 16
908 18
909 15
910 8
911 9
912 12
913 15
914 15
915 19
916 12
917 11
918 14
919 13
920 10
921 16
922 10
923 8
924 14
925 15
926 13
927 15
928 16
929 9
930 13
931 9
932 12
933 15
934 8
935 16
936 14
937 15
938 15
939 21
940 16
941 22
942 16
943 9
944 16
945 17
946 17
947 16
948 8
949 13
950 7
951 20
952 17
953 7
954 15
955 17
956 14
957 18
958 14
959 13
960 18
961 12
962 14
963 13
964 17
965 12
966 14
967 15
968 10
969 15
970 9
971 11
972 10
973 16
974 12
975 14
976 10
977 19
978 13
979 13
980 15
981 19
982 12
983 19
984 6
985 16
986 15
987 13
988 10
989 10
990 14
991 21
992 18
993 17
994 15
995 14
996 9
997 10
998 12
999 14
1000 20
1001 10
1002 11
1003 17
1004 14
1005 11
1006 14
1007 13
1008 10
1009 19
1010 8
1011 20
1012 18
1013 22
1014 8
1015 18
1016 12
1017 18
1018 18
1019 12
1020 18
1021 13
1022 14
1023 12
1024 12
1025 10
1026 12
1027 16
1028 6
1029 13
1030 11
1031 15
1032 6
1033 10
1034 12
1035 16
1036 21
1037 18
1038 12
1039 17
1040 13
1041 19
1042 14
1043 8
1044 12
1045 17
1046 14
1047 17
1048 14
1049 10
1050 16
1051 13
1052 16
1053 19
1054 15
1055 14
1056 11
1057 16
1058 17
1059 13
1060 18
1061 16
1062 22
1063 14
1064 9
1065 17
1066 9
1067 9
1068 13
1069 16
1070 12
1071 16
1072 13
1073 21
1074 20
1075 14
1076 9
1077 14
1078 22
1079 10
1080 16
1081 12
1082 21
1083 16
1084 14
1085 14
1086 16
1087 15
1088 15
1089 11
1090 15
1091 12
1092 12
1093 13
1094 7
1095 15
1096 15
1097 12
1098 16
1099 15
1100 12
1101 15
1102 16
1103 12
1104 10
1105 13
1106 14
1107 8
1108 14
1109 17
1110 10
1111 9
1112 17
1113 10
1114 9
1115 8
1116 10
1117 17
1118 13
1119 15
1120 10
1121 17
1122 16
1123 16
1124 17
1125 11
1126 5
1127 15
1128 14
1129 15
1130 18
1131 10
1132 12
1133 10
1134 17
1135 8
1136 17
1137 13
1138 12
1139 10
1140 9
1141 21
1142 14
1143 11
1144 16
1145 13
1146 9
1147 17
1148 17
1149 16
1150 15
1151 19
1152 11
1153 14
1154 16
1155 17
1156 14
1157 8
1158 9
1159 9
1160 11
1161 7
1162 15
1163 17
1164 15
1165 15
1166 14
1167 16
1168 13
1169 15
1170 15
1171 14
1172 10
1173 12
1174 19
1175 12
1176 10
1177 12
1178 14
1179 12
1180 13
1181 21
1182 9
1183 9
1184 12
1185 9
1186 18
1187 10
1188 11
1189 8
1190 11
1191 12
1192 13
1193 19
1194 18
1195 15
1196 13
1197 12
1198 12
1199 17
1200 12
1201 10
1202 11
1203 15
1204 13
1205 14
1206 10
1207 8
1208 14
1209 10
1210 9
1211 21
1212 10
1213 14
1214 17
1215 12
1216 11
1217 15
1218 10
1219 11
1220 6
1221 15
1222 14
1223 21
1224 11
1225 8
1226 15
1227 15
1228 11
1229 12
1230 11
1231 14
1232 13
1233 13
1234 23
1235 15
1236 12
1237 15
1238 9
1239 17
1240 11
1241 9
1242 7
1243 4
1244 11
1245 2
1246 7
1247 11
1248 13
1249 18
1250 6
1251 9
1252 7
1253 9
1254 13
1255 14
1256 8
1257 10
1258 12
1259 9
1260 15
1261 12
1262 17
1263 12
1264 11
1265 10
1266 9
1267 12
1268 8
1269 18
1270 8
1271 11
1272 14
1273 10
1274 11
1275 12
1276 14
1277 10
1278 12
1279 8
1280 14
1281 8
1282 12
1283 10
1284 13
1285 8
1286 2
1287 6
1288 12
1289 11
1290 4
1291 5
1292 15
1293 11
1294 8
1295 5
1296 9
1297 5
1298 13
1299 14
1300 15
1301 3
1302 8
1303 8
1304 11
1305 11
1306 11
1307 9
1308 11
1309 4
1310 11
1311 12
1312 7
1313 7
1314 6
1315 11
1316 9
1317 8
1318 12
1319 4
1320 4
1321 5
1322 8
1323 7
1324 7
1325 9
1326 3
1327 11
1328 7
1329 5
1330 3
1331 10
1332 10
1333 12
1334 6
1335 8
1336 8
1337 10
1338 8
1339 4
1340 9
1341 17
1342 10
1343 10
1344 8
1345 8
1346 12
1347 9
1348 9
1349 3
1350 5
1351 8
1352 5
1353 4
1354 7
1355 4
1356 6
1357 9
1358 9
1359 6
1360 4
1361 6
1362 6
1363 4
1364 10
1365 9
1366 7
1367 9
1368 4
1369 8
1370 5
1371 7
1372 7
1373 10
1374 3
1375 3
1376 5
1377 8
1378 6
1379 7
1380 5
1381 9
1382 8
1383 5
1384 8
1385 4
1386 5
1387 4
1388 4
1389 7
1390 5
1391 8
1392 6
1393 5
1394 5
1395 7
1396 3
1397 2
1398 7
1399 3
1400 8
1401 2
1402 5
1403 4
1404 8
1405 5
1406 6
1407 6
1408 3
1409 5
1410 4
1411 7
1412 4
1413 2
1414 6
1415 7
1416 3
1417 4
1418 7
1419 2
1420 7
1421 5
1422 5
1423 2
1424 7
1425 5
1426 7
1427 4
1428 3
1429 4
1430 1
1431 1
1432 5
1434 5
1435 4
1436 4
1437 3
1438 3
1439 3
1440 3
1441 4
1443 4
1444 3
1445 1
1446 4
1447 4
1448 2
1450 3
1451 3
1452 2
1453 5
1454 3
1455 3
1456 3
1457 4
1458 8
1459 3
1460 4
1461 4
1462 6
1463 2
1464 5
1465 2
1466 1
1467 2
1468 3
1469 3
1470 2
1471 5
1472 3
1473 1
1474 2
1475 1
1476 2
1478 1
1479 2
1480 1
1481 2
1482 1
1483 2
1484 1
1485 1
1486 4
1487 3
1488 1
1489 1
1490 2
1492 2
1493 1
1494 3
1495 3
1496 1
1497 2
1499 1
1500 1
1502 4
1503 3
1505 2
1507 2
1508 2
1509 1
1511 1
1512 1
1513 3
1514 1
1516 3
1518 2
1519 1
1521 1
1523 3
1526 1
1527 2
1528 1
1529 2
1532 1
1533 1
1534 1
1537 1
1538 1
1541 1
1545 1
1546 2
1548 1
1549 1
1552 1
1553 2
1557 1
1560 1
1564 1
1573 1
1577 2
1579 1
1585 1
1587 1
1589 1
1601 2
1632 1
1633 1
