N J h mean_R_sq err_mean_R_sq mean_R_gyr_sq err_mean_R_gyr_sq 
900 1.317 0 5224.72 63.6869 815.716 6.17277
1000 179
1001 177
1002 149
1003 159
1004 158
1005 118
1006 134
1007 127
1008 122
1009 139
1010 126
1011 120
1012 98
1013 111
1014 123
1015 109
1016 88
1017 96
1018 76
1019 73
1020 80
1021 89
1022 66
1023 83
1024 68
1025 61
1026 58
1027 51
1028 57
1029 63
1030 61
1031 51
1032 52
1033 45
1034 54
1035 37
1036 36
1037 39
1038 45
1039 39
1040 37
1041 29
1042 30
1043 27
1044 27
1045 26
1046 32
1047 20
1048 18
1049 31
1050 20
1051 22
1052 31
1053 22
1054 13
1055 31
1056 18
1057 19
1058 13
1059 25
1060 18
1061 16
1062 15
1063 17
1064 15
1065 14
1066 11
1067 8
1068 11
1069 11
1070 14
1071 9
1072 15
1073 10
1074 6
1075 7
1076 2
1077 5
1078 11
1079 12
1080 7
1081 6
1082 7
1083 6
1084 6
1085 2
1086 4
1087 7
1088 6
1089 7
1090 4
1091 2
1092 5
1093 2
1094 7
1095 2
1096 1
1097 3
1098 1
1099 1
1100 3
1101 3
1102 4
1103 4
1104 4
1105 4
1106 4
1107 1
1108 3
1109 1
1110 2
1111 2
1112 1
1113 2
1114 1
1115 2
1116 4
1117 2
1118 1
1119 3
1120 1
1121 2
1123 2
1124 2
1125 1
1129 1
1130 1
1134 3
1135 1
1136 1
1138 1
1143 1
1144 1
1147 1
1148 2
1150 1
1152 1
1162 1
1179 1
1188 1
1190 1
