N J h mean_R_sq err_mean_R_sq mean_R_gyr_sq err_mean_R_gyr_sq 
1600 1.324 0 10509 107.273 1645.86 10.0294
782 1
833 1
836 1
842 1
845 1
849 1
851 2
852 1
853 1
854 1
856 2
857 1
860 2
861 1
863 4
864 1
865 2
866 4
867 3
868 2
869 7
870 7
871 7
872 4
873 2
874 2
875 2
876 3
877 7
878 7
879 4
880 4
881 6
882 7
883 6
884 9
885 9
886 9
887 7
888 9
889 15
890 14
891 11
892 15
893 12
894 13
895 16
896 21
897 14
898 17
899 14
900 10
901 23
902 22
903 15
904 23
905 22
906 16
907 27
908 16
909 25
910 27
911 31
912 33
913 24
914 31
915 27
916 39
917 42
918 48
919 38
920 35
921 29
922 41
923 40
924 44
925 51
926 43
927 42
928 38
929 48
930 57
931 62
932 59
933 44
934 53
935 59
936 45
937 55
938 70
939 54
940 78
941 62
942 65
943 73
944 80
945 78
946 72
947 72
948 89
949 76
950 82
951 79
952 87
953 83
954 82
955 88
956 91
957 95
958 98
959 92
960 83
961 79
962 103
963 99
964 83
965 85
966 75
967 81
968 83
969 96
970 108
971 105
972 98
973 101
974 87
975 97
976 93
977 88
978 100
979 96
980 104
981 88
982 75
983 99
984 93
985 77
986 92
987 78
988 84
989 74
990 77
991 81
992 83
993 81
994 76
995 74
996 64
997 88
998 69
999 80
1000 53
1001 65
1002 59
1003 53
1004 61
1005 71
1006 62
1007 64
1008 49
1009 56
1010 49
1011 60
1012 52
1013 59
1014 42
1015 38
1016 34
1017 30
1018 33
1019 40
1020 38
1021 30
1022 25
1023 34
1024 30
1025 31
1026 29
1027 27
1028 36
1029 28
1030 22
1031 19
1032 21
1033 21
1034 20
1035 25
1036 25
1037 18
1038 22
1039 13
1040 22
1041 20
1042 19
1043 16
1044 10
1045 9
1046 6
1047 15
1048 10
1049 8
1050 5
1051 6
1052 5
1053 3
1054 6
1055 4
1056 2
1057 3
1058 7
1059 1
1060 8
1061 4
1062 4
1063 4
1064 2
1065 3
1066 2
1067 4
1068 4
1069 2
1070 1
1071 2
1073 2
1074 4
1075 2
1076 1
1077 2
1078 1
1079 1
1081 1
1090 1
1096 1
1100 1
1103 1
