N J h mean_R_sq err_mean_R_sq mean_R_gyr_sq err_mean_R_gyr_sq 
1600 1.475 0 1150.73 39.2103 361.683 1.93141
542 1
546 1
547 1
548 1
553 1
554 2
557 3
558 2
559 4
560 1
563 2
565 1
566 3
567 1
569 2
571 3
572 3
573 4
574 2
575 4
576 2
577 5
579 5
580 7
581 6
582 4
583 8
584 7
585 4
586 2
587 7
588 4
589 8
590 7
591 9
592 3
593 10
594 11
595 5
596 7
597 14
598 7
599 11
600 10
601 13
602 8
603 15
604 18
605 14
606 19
607 12
608 10
609 11
610 15
611 12
612 20
613 11
614 21
615 18
616 13
617 16
618 17
619 14
620 14
621 14
622 18
623 16
624 13
625 17
626 17
627 9
628 10
629 18
630 16
631 16
632 12
633 13
634 17
635 6
636 16
637 12
638 16
639 15
640 9
641 13
642 14
643 16
644 11
645 13
646 12
647 11
648 10
649 9
650 7
651 6
652 7
653 9
654 8
655 11
656 6
657 6
658 12
659 6
660 5
661 8
662 9
663 10
664 5
665 4
666 3
667 1
668 1
669 4
670 6
671 3
672 6
673 1
674 3
675 5
676 3
677 4
678 2
679 6
680 3
681 4
682 3
683 3
684 2
685 2
686 3
687 1
688 3
690 3
691 3
692 1
693 1
695 1
697 1
698 2
699 2
701 1
702 2
704 1
705 2
706 1
713 1
717 1
