N J h mean_R_sq err_mean_R_sq mean_R_gyr_sq err_mean_R_gyr_sq 
2500 1.42 0 2480.37 35.8628 699.158 3.52633
1000 83
1001 99
1002 98
1003 95
1004 86
1005 102
1006 92
1007 89
1008 100
1009 95
1010 79
1011 86
1012 95
1013 83
1014 87
1015 99
1016 96
1017 83
1018 88
1019 78
1020 87
1021 92
1022 95
1023 77
1024 100
1025 84
1026 99
1027 71
1028 101
1029 77
1030 67
1031 81
1032 85
1033 108
1034 67
1035 96
1036 80
1037 88
1038 90
1039 75
1040 92
1041 76
1042 81
1043 80
1044 92
1045 84
1046 101
1047 100
1048 82
1049 88
1050 91
1051 88
1052 85
1053 82
1054 94
1055 83
1056 77
1057 69
1058 80
1059 81
1060 79
1061 83
1062 70
1063 77
1064 84
1065 66
1066 79
1067 67
1068 77
1069 64
1070 81
1071 74
1072 80
1073 88
1074 64
1075 73
1076 80
1077 79
1078 71
1079 65
1080 85
1081 69
1082 76
1083 72
1084 69
1085 52
1086 75
1087 78
1088 58
1089 63
1090 53
1091 61
1092 60
1093 69
1094 57
1095 71
1096 73
1097 72
1098 77
1099 89
1100 51
1101 50
1102 61
1103 61
1104 61
1105 66
1106 56
1107 78
1108 51
1109 51
1110 57
1111 50
1112 60
1113 54
1114 47
1115 55
1116 52
1117 71
1118 54
1119 67
1120 45
1121 60
1122 55
1123 49
1124 52
1125 49
1126 53
1127 65
1128 66
1129 45
1130 57
1131 53
1132 46
1133 58
1134 61
1135 57
1136 60
1137 42
1138 41
1139 49
1140 38
1141 42
1142 42
1143 43
1144 50
1145 54
1146 42
1147 52
1148 45
1149 49
1150 47
1151 43
1152 47
1153 42
1154 42
1155 43
1156 38
1157 44
1158 48
1159 51
1160 45
1161 40
1162 39
1163 34
1164 38
1165 47
1166 28
1167 43
1168 36
1169 36
1170 47
1171 27
1172 36
1173 37
1174 31
1175 35
1176 33
1177 31
1178 32
1179 39
1180 31
1181 32
1182 27
1183 31
1184 36
1185 22
1186 19
1187 30
1188 28
1189 30
1190 23
1191 36
1192 31
1193 20
1194 25
1195 41
1196 29
1197 29
1198 31
1199 24
1200 32
1201 23
1202 27
1203 24
1204 25
1205 23
1206 25
1207 33
1208 31
1209 24
1210 17
1211 21
1212 25
1213 17
1214 15
1215 25
1216 22
1217 17
1218 17
1219 18
1220 19
1221 20
1222 15
1223 15
1224 17
1225 20
1226 18
1227 16
1228 15
1229 12
1230 23
1231 11
1232 18
1233 17
1234 16
1235 14
1236 11
1237 16
1238 15
1239 10
1240 14
1241 12
1242 11
1243 15
1244 8
1245 12
1246 9
1247 12
1248 10
1249 14
1250 21
1251 9
1252 14
1253 13
1254 15
1255 12
1256 8
1257 11
1258 12
1259 11
1260 8
1261 11
1262 10
1263 7
1264 6
1265 15
1266 3
1267 10
1268 8
1269 8
1270 8
1271 6
1272 4
1273 6
1274 8
1275 7
1276 4
1277 5
1278 7
1279 5
1280 2
1281 3
1282 2
1283 3
1284 5
1285 6
1286 2
1287 2
1288 3
1289 6
1290 3
1291 2
1292 5
1293 2
1294 6
1295 1
1296 3
1297 4
1298 3
1299 4
1300 1
1301 3
1302 4
1303 1
1304 1
1305 2
1306 2
1307 6
1308 1
1309 3
1310 1
1311 3
1312 4
1313 5
1314 1
1315 3
1316 6
1317 2
1318 2
1319 3
1320 2
1321 2
1322 2
1323 2
1324 3
1325 4
1326 2
1327 1
1328 1
1329 4
1330 2
1331 3
1332 1
1333 2
1335 2
1336 1
1340 1
1341 2
1344 1
1345 3
1346 1
1347 2
1350 1
1352 1
1353 1
1354 1
1355 2
1358 1
1360 1
1365 1
1366 1
1371 2
1377 1
1378 1
1379 1
1380 1
1388 1
1399 1
1403 1
1425 1
