N J h mean_R_sq err_mean_R_sq mean_R_gyr_sq err_mean_R_gyr_sq 
4900 1.31 0 67826.5 5688.42 9983.15 784.354
1000 4142
1001 3315
1002 2463
1003 1985
1004 1587
1005 1256
1006 917
1007 768
1008 622
1009 546
1010 411
1011 329
1012 258
1013 206
1014 194
1015 136
1016 116
1017 108
1018 88
1019 63
1020 52
1021 40
1022 34
1023 30
1024 30
1025 24
1026 17
1027 9
1028 13
1029 15
1030 11
1031 18
1032 15
1033 9
1034 6
1035 12
1036 9
1037 10
1038 14
1039 8
1040 7
1041 8
1042 8
1043 6
1044 9
1045 8
1046 8
1047 5
1048 2
1049 9
1050 4
1051 5
1052 7
1053 2
1054 4
1055 5
1056 7
1057 3
1058 1
1059 1
1060 1
1061 3
1062 2
1063 2
1065 3
1066 1
1067 2
1068 1
1072 1
1073 2
1074 1
1075 3
1076 2
1078 1
1079 1
1080 2
1083 1
1084 1
1085 1
1090 1
1091 2
1096 1
1099 2
1160 1
1201 1
1203 1
1210 1
1219 1
1220 1
1223 1
1255 1
1258 1
1264 1
1267 1
1276 1
1278 1
1285 1
1289 1
1296 1
1297 1
1304 1
1306 1
1312 2
1314 1
1326 1
1328 1
1331 1
1338 1
1352 1
1356 1
1360 1
1362 1
1372 1
1377 2
1384 1
1386 1
1394 1
1397 1
1398 1
1405 1
1406 2
1407 1
1420 2
1425 1
1426 3
1428 1
1429 1
1431 2
1433 1
1438 1
1442 1
1443 1
1457 1
1462 1
1466 1
1476 1
1484 1
1490 1
1491 1
1497 2
1509 1
1535 1
