N J h mean_R_sq err_mean_R_sq mean_R_gyr_sq err_mean_R_gyr_sq 
4900 1.31 0 64670.9 1645.1 9485.75 203.494
901 1
918 1
921 1
922 1
923 1
926 1
927 2
928 2
929 1
930 2
931 6
932 6
933 2
934 7
935 2
936 9
937 4
938 10
939 8
940 7
941 11
942 13
943 12
944 20
945 10
946 16
947 17
948 20
949 17
950 37
951 31
952 48
953 42
954 42
955 33
956 34
957 54
958 50
959 57
960 81
961 61
962 76
963 77
964 72
965 83
966 91
967 96
968 110
969 111
970 123
971 125
972 124
973 118
974 132
975 164
976 153
977 181
978 168
979 180
980 183
981 177
982 193
983 194
984 218
985 200
986 183
987 198
988 240
989 218
990 210
991 242
992 206
993 213
994 216
995 209
996 212
997 220
998 234
999 205
1000 219
1001 207
1002 195
1003 218
1004 197
1005 181
1006 186
1007 182
1008 195
1009 156
1010 142
1011 164
1012 139
1013 144
1014 121
1015 115
1016 122
1017 119
1018 120
1019 99
1020 97
1021 89
1022 69
1023 94
1024 63
1025 60
1026 66
1027 59
1028 54
1029 51
1030 46
1031 36
1032 29
1033 46
1034 42
1035 36
1036 22
1037 14
1038 26
1039 19
1040 13
1041 14
1042 10
1043 11
1044 12
1045 10
1046 7
1047 7
1048 8
1049 3
1050 3
1051 6
1052 2
1053 1
1054 3
1055 1
1056 1
1057 4
1058 2
1059 1
1060 1
1061 2
1062 1
1067 1
1071 1
