N J h mean_R_sq err_mean_R_sq mean_R_gyr_sq err_mean_R_gyr_sq 
2916 1.364 0 12516.9 1278.5 2209.04 164.397
695 1
757 1
766 1
768 1
781 1
793 1
796 1
818 1
826 1
828 1
830 3
833 2
837 1
840 1
842 1
847 1
851 2
852 1
854 1
855 1
856 1
857 1
862 2
863 1
866 1
868 1
872 1
877 1
880 1
881 1
883 1
884 1
885 1
888 1
890 1
892 2
893 1
897 2
902 2
903 1
904 1
905 1
909 1
910 2
912 3
916 1
918 1
919 1
921 1
922 2
924 1
925 2
926 1
927 1
928 1
930 1
931 1
934 1
935 1
938 1
941 3
942 1
944 2
945 2
947 1
948 2
949 1
950 1
951 1
954 3
955 1
956 1
957 4
958 1
961 2
962 1
963 2
964 2
965 1
966 1
967 1
969 1
973 1
975 4
976 1
977 1
978 2
979 2
981 1
982 3
983 4
984 3
987 2
989 3
990 2
992 1
993 2
994 2
996 1
998 2
999 2
1000 2
1001 1
1002 1
1004 1
1005 2
1007 1
1008 1
1010 3
1011 1
1012 1
1014 5
1015 1
1016 2
1019 2
1020 2
1022 2
1025 1
1026 1
1030 1
1032 1
1034 1
1036 1
1037 1
1040 1
1043 3
1044 1
1047 1
1050 2
1051 1
1052 1
1053 4
1055 3
1056 3
1059 2
1060 1
1061 1
1062 3
1063 2
1064 3
1065 2
1066 1
1067 3
1069 2
1070 2
1077 3
1079 1
1080 1
1081 2
1084 1
1085 3
1086 1
1087 2
1088 1
1089 2
1091 1
1093 1
1094 1
1095 1
1096 1
1097 2
1098 1
1099 1
1100 1
1103 1
1105 1
1107 3
1112 2
1113 1
1116 1
1118 1
1119 1
1121 2
1123 1
1124 1
1127 2
1129 1
1132 1
1136 1
1137 2
1141 1
1142 1
1144 1
1145 1
1146 1
1148 1
1149 1
1151 2
1153 1
1154 1
1160 1
1161 1
1166 1
1172 1
1177 1
1178 1
1179 1
1186 1
1190 1
1196 1
1205 1
1207 1
1208 1
1215 1
1259 1
