N J h mean_R_sq err_mean_R_sq mean_R_gyr_sq err_mean_R_gyr_sq 
1600 1.317 0 11435.7 173.157 1763.96 17.0075
1000 261
1001 252
1002 230
1003 207
1004 221
1005 167
1006 164
1007 168
1008 154
1009 176
1010 118
1011 115
1012 114
1013 106
1014 103
1015 115
1016 117
1017 95
1018 69
1019 73
1020 82
1021 74
1022 54
1023 63
1024 50
1025 58
1026 40
1027 40
1028 38
1029 42
1030 40
1031 32
1032 35
1033 23
1034 27
1035 23
1036 29
1037 18
1038 28
1039 15
1040 19
1041 13
1042 8
1043 9
1044 14
1045 10
1046 12
1047 5
1048 13
1049 7
1050 5
1051 14
1052 12
1053 7
1054 11
1055 10
1056 1
1057 11
1058 6
1059 7
1060 4
1061 3
1062 2
1063 5
1064 1
1065 6
1066 5
1067 3
1068 2
1069 3
1071 6
1072 2
1073 1
1074 3
1075 3
1076 1
1077 1
1078 1
1080 1
1081 1
1082 2
1085 1
1087 1
1088 1
1090 1
1092 1
1099 1
1102 1
1105 1
1108 1
1112 1
1115 1
1116 1
1124 1
