N J h mean_R_sq err_mean_R_sq mean_R_gyr_sq err_mean_R_gyr_sq 
2916 1.47 0 2084.48 272.563 669.915 38.8251
1000 3
1001 6
1002 7
1003 12
1004 3
1005 7
1006 8
1007 6
1008 2
1009 2
1010 6
1011 5
1012 10
1013 6
1014 6
1015 4
1016 5
1017 4
1018 6
1019 10
1020 10
1021 13
1022 9
1023 5
1024 3
1025 6
1026 7
1027 6
1028 8
1029 6
1030 9
1031 7
1032 7
1033 7
1034 4
1035 8
1036 13
1037 6
1038 6
1039 5
1040 11
1041 12
1042 7
1043 6
1044 8
1045 7
1046 15
1047 10
1048 14
1049 20
1050 12
1051 9
1052 17
1053 14
1054 14
1055 12
1056 14
1057 8
1058 8
1059 16
1060 15
1061 11
1062 15
1063 6
1064 12
1065 13
1066 8
1067 6
1068 12
1069 12
1070 15
1071 14
1072 16
1073 4
1074 18
1075 13
1076 14
1077 11
1078 12
1079 16
1080 10
1081 16
1082 9
1083 22
1084 14
1085 19
1086 17
1087 12
1088 12
1089 9
1090 14
1091 9
1092 13
1093 15
1094 24
1095 21
1096 9
1097 7
1098 11
1099 12
1100 16
1101 14
1102 13
1103 20
1104 18
1105 9
1106 19
1107 19
1108 19
1109 19
1110 21
1111 17
1112 16
1113 13
1114 12
1115 17
1116 19
1117 19
1118 18
1119 13
1120 17
1121 18
1122 15
1123 16
1124 16
1125 21
1126 16
1127 22
1128 17
1129 15
1130 18
1131 17
1132 23
1133 17
1134 19
1135 8
1136 18
1137 19
1138 7
1139 23
1140 22
1141 27
1142 24
1143 20
1144 22
1145 18
1146 26
1147 15
1148 21
1149 14
1150 23
1151 17
1152 29
1153 13
1154 21
1155 22
1156 13
1157 19
1158 26
1159 21
1160 16
1161 19
1162 22
1163 23
1164 15
1165 15
1166 27
1167 34
1168 26
1169 26
1170 26
1171 25
1172 25
1173 20
1174 17
1175 23
1176 12
1177 23
1178 21
1179 30
1180 24
1181 20
1182 17
1183 32
1184 18
1185 25
1186 24
1187 27
1188 27
1189 21
1190 31
1191 32
1192 17
1193 30
1194 26
1195 27
1196 20
1197 21
1198 24
1199 26
1200 23
1201 26
1202 21
1203 25
1204 29
1205 30
1206 23
1207 27
1208 28
1209 24
1210 22
1211 26
1212 22
1213 31
1214 30
1215 18
1216 39
1217 23
1218 21
1219 24
1220 20
1221 22
1222 21
1223 18
1224 29
1225 30
1226 22
1227 36
1228 21
1229 26
1230 26
1231 26
1232 35
1233 32
1234 18
1235 30
1236 29
1237 27
1238 23
1239 38
1240 29
1241 22
1242 19
1243 29
1244 19
1245 23
1246 29
1247 25
1248 16
1249 17
1250 28
1251 19
1252 21
1253 25
1254 25
1255 21
1256 29
1257 23
1258 21
1259 18
1260 22
1261 26
1262 17
1263 32
1264 27
1265 26
1266 22
1267 15
1268 18
1269 13
1270 29
1271 23
1272 25
1273 18
1274 24
1275 20
1276 22
1277 28
1278 22
1279 25
1280 21
1281 28
1282 17
1283 18
1284 15
1285 19
1286 24
1287 29
1288 22
1289 20
1290 19
1291 20
1292 19
1293 22
1294 21
1295 25
1296 29
1297 26
1298 20
1299 25
1300 22
1301 19
1302 24
1303 22
1304 27
1305 21
1306 23
1307 12
1308 18
1309 18
1310 21
1311 15
1312 23
1313 22
1314 15
1315 17
1316 16
1317 10
1318 16
1319 26
1320 16
1321 11
1322 21
1323 28
1324 16
1325 11
1326 8
1327 9
1328 16
1329 21
1330 16
1331 18
1332 14
1333 16
1334 18
1335 16
1336 12
1337 9
1338 10
1339 12
1340 14
1341 13
1342 13
1343 15
1344 13
1345 17
1346 10
1347 22
1348 13
1349 8
1350 14
1351 17
1352 8
1353 11
1354 6
1355 6
1356 7
1357 9
1358 7
1359 13
1360 14
1361 6
1362 9
1363 10
1364 9
1365 7
1366 7
1367 12
1368 7
1369 10
1370 8
1371 5
1372 7
1373 7
1374 7
1375 5
1376 7
1377 8
1378 8
1379 9
1380 6
1381 8
1382 5
1383 3
1384 6
1385 4
1386 12
1387 4
1388 7
1389 8
1390 8
1391 3
1392 4
1393 6
1394 4
1395 4
1396 4
1397 3
1398 4
1399 4
1400 3
1401 2
1402 4
1403 2
1404 3
1405 3
1408 1
1409 2
1410 2
1412 1
1413 5
1414 2
1415 3
1416 1
1417 2
1418 2
1419 2
1420 1
1421 1
1422 3
1423 1
1424 2
1426 2
1428 1
1429 2
1430 1
1431 3
1432 1
1433 1
1435 1
1436 1
1437 1
1438 1
1439 1
1441 2
1442 1
1444 1
1451 1
1452 2
1453 1
1454 2
1457 1
1458 1
1461 1
1466 1
1471 1
1475 1
1478 1
1480 1
