N J h mean_R_sq err_mean_R_sq mean_R_gyr_sq err_mean_R_gyr_sq 
2916 1.44 0 2193.28 56.7948 698.11 6.09293
403 1
425 1
429 1
451 1
461 1
462 1
468 1
470 1
472 1
478 1
481 1
483 2
485 1
487 1
489 1
490 2
492 1
495 1
496 1
499 2
500 2
502 1
503 1
506 1
507 1
509 1
510 1
517 1
520 2
522 1
524 2
525 2
526 2
527 2
531 1
532 1
533 2
534 2
535 2
536 2
537 3
538 1
539 4
540 1
542 1
543 2
544 1
546 1
547 2
549 1
550 2
551 1
553 2
554 1
555 1
556 1
558 4
559 1
560 3
562 2
563 2
564 1
565 4
566 2
568 3
569 2
570 2
571 2
572 2
574 1
575 1
576 1
577 1
578 1
579 2
580 1
581 4
584 1
585 3
586 1
587 2
588 2
589 2
590 3
591 2
592 1
593 1
595 4
597 2
598 2
599 1
600 2
601 3
605 2
606 1
607 2
608 5
609 2
610 2
611 4
612 1
614 2
615 1
617 2
618 3
619 3
620 4
621 1
624 1
625 1
627 4
628 4
629 6
630 1
632 2
633 2
634 1
635 1
637 2
638 2
640 2
641 2
642 2
643 4
644 1
645 2
646 2
647 2
648 3
649 1
651 3
652 1
653 1
654 2
655 7
656 5
657 4
658 2
659 2
660 2
661 2
662 1
663 3
664 3
665 2
666 1
667 2
668 3
669 2
670 1
671 2
673 5
674 1
675 2
676 1
677 3
678 1
679 3
680 2
681 2
682 4
683 2
684 1
685 3
686 1
687 1
688 3
689 3
690 1
691 3
692 4
693 1
694 1
695 4
696 4
697 2
698 2
699 2
700 1
701 2
702 2
703 1
704 5
705 2
706 2
707 4
708 1
709 4
710 2
711 1
712 2
714 3
715 3
716 4
717 3
718 1
720 1
721 1
722 3
723 2
724 5
725 7
726 3
727 1
728 2
729 7
730 1
731 1
732 3
734 4
735 3
736 1
737 1
738 5
739 3
740 4
741 4
742 7
743 2
745 2
746 2
747 4
748 3
749 4
750 3
751 1
752 8
753 3
754 2
755 2
756 1
758 7
759 7
760 2
761 1
762 2
763 3
764 3
765 2
766 2
767 1
768 5
769 3
770 5
771 2
772 2
773 5
774 3
775 6
776 2
777 2
778 2
779 2
780 4
781 3
782 1
783 1
784 1
785 4
786 1
787 4
788 1
789 2
790 3
791 1
792 1
793 3
794 1
796 1
797 3
798 4
799 3
800 4
801 4
802 4
803 2
805 1
806 1
807 3
808 1
809 2
811 3
812 1
813 4
814 1
815 1
816 2
817 2
818 2
819 2
820 1
821 1
822 1
823 4
824 2
825 3
826 1
828 2
829 6
830 3
831 4
832 2
833 4
834 2
835 5
836 3
837 5
838 3
839 2
840 2
841 3
842 1
843 3
844 1
845 2
846 6
847 1
848 2
849 3
850 3
851 1
852 5
853 5
854 4
856 1
857 5
858 2
860 5
861 2
862 2
863 3
864 3
865 4
866 4
867 5
868 3
869 7
871 5
872 6
873 3
874 3
875 3
876 2
877 2
878 2
880 4
881 2
882 5
883 2
884 3
885 3
886 4
887 4
888 3
889 5
891 3
892 1
893 4
894 4
895 2
896 2
897 2
898 3
899 3
900 2
901 3
902 4
903 1
904 4
905 1
906 1
907 1
908 3
909 3
910 1
911 4
912 5
913 5
914 3
915 4
916 1
917 5
918 2
919 4
920 1
921 2
922 2
923 3
924 4
925 3
926 1
927 2
928 3
929 6
930 5
931 4
932 2
933 7
934 2
935 1
936 1
937 3
938 4
939 2
940 1
941 3
942 4
943 5
945 1
946 4
947 3
948 2
949 1
950 1
951 3
952 2
953 2
954 4
955 3
956 3
957 2
958 1
959 3
960 3
961 1
962 4
963 1
964 2
965 4
966 5
967 5
968 2
969 3
970 5
971 1
973 3
974 4
975 1
976 5
977 4
978 1
979 5
980 5
981 3
982 7
983 2
984 4
985 3
986 4
987 2
988 2
989 3
990 4
991 3
992 4
993 5
994 7
995 6
996 3
997 2
998 4
999 6
1000 6
1001 4
1002 2
1003 1
1005 5
1006 3
1007 1
1008 4
1009 1
1011 6
1012 2
1013 1
1014 3
1015 6
1016 5
1017 4
1018 4
1019 3
1020 4
1021 3
1022 4
1023 2
1024 4
1025 3
1026 3
1027 3
1028 5
1029 1
1030 3
1031 7
1032 2
1033 2
1034 3
1035 5
1036 3
1038 3
1039 5
1040 5
1041 4
1042 6
1043 5
1044 2
1046 3
1047 5
1048 1
1049 4
1050 5
1051 2
1052 3
1053 2
1054 1
1055 5
1056 1
1057 4
1058 1
1060 3
1061 4
1062 2
1063 4
1064 3
1065 4
1066 5
1067 5
1068 7
1069 4
1071 5
1072 5
1073 1
1074 6
1075 1
1076 3
1077 1
1078 2
1079 6
1080 4
1081 2
1082 4
1083 2
1084 1
1085 2
1086 2
1087 1
1088 1
1089 1
1091 5
1092 3
1093 2
1094 2
1095 5
1096 3
1097 4
1098 3
1099 4
1100 6
1101 2
1102 5
1103 3
1105 1
1106 2
1107 4
1108 2
1110 1
1111 4
1112 1
1113 5
1114 1
1115 3
1116 2
1117 4
1118 6
1119 1
1120 1
1121 2
1122 3
1123 2
1124 5
1125 1
1126 1
1127 7
1129 5
1130 2
1131 3
1132 4
1133 3
1134 5
1135 2
1136 2
1137 3
1138 2
1139 2
1140 3
1141 2
1142 1
1143 6
1144 3
1145 5
1146 3
1147 7
1148 2
1149 4
1150 3
1151 3
1152 2
1153 4
1154 2
1155 1
1156 3
1157 4
1158 2
1159 2
1160 4
1161 3
1162 1
1163 5
1164 1
1165 3
1166 6
1167 4
1168 3
1169 5
1170 2
1171 2
1172 3
1173 4
1174 2
1175 2
1176 3
1177 2
1178 3
1179 5
1180 2
1181 4
1182 3
1183 6
1184 1
1185 2
1186 3
1187 1
1188 1
1189 2
1190 1
1191 2
1192 2
1193 3
1194 2
1197 1
1198 6
1199 2
1200 7
1201 1
1202 7
1203 5
1204 5
1205 4
1206 2
1207 1
1208 2
1209 2
1210 1
1211 3
1212 3
1213 2
1214 4
1215 1
1216 1
1218 4
1219 1
1220 2
1221 2
1222 4
1223 6
1224 1
1225 1
1226 2
1227 2
1228 5
1229 4
1230 4
1231 1
1232 7
1233 5
1234 3
1235 1
1236 5
1237 1
1238 5
1240 3
1241 3
1242 6
1243 4
1244 5
1245 1
1246 2
1247 2
1248 5
1249 4
1250 2
1251 2
1252 2
1253 3
1254 1
1256 2
1257 1
1258 3
1259 6
1260 2
1261 3
1262 2
1263 4
1265 3
1266 1
1267 2
1268 1
1269 3
1270 4
1271 2
1272 2
1274 4
1275 2
1276 5
1277 4
1278 2
1279 2
1281 6
1282 2
1283 2
1284 2
1285 3
1286 4
1287 1
1288 1
1289 3
1290 4
1292 4
1293 4
1294 3
1295 5
1296 4
1297 3
1298 1
1299 4
1300 3
1301 6
1302 3
1304 2
1305 4
1306 2
1307 4
1308 4
1309 3
1310 3
1311 6
1313 4
1314 2
1315 2
1316 1
1317 4
1318 4
1319 4
1321 2
1322 1
1323 1
1324 2
1326 4
1327 5
1328 1
1329 2
1330 3
1331 2
1332 5
1333 3
1334 3
1336 1
1337 2
1338 4
1339 3
1340 1
1341 3
1342 3
1344 1
1345 4
1346 5
1347 4
1348 4
1349 1
1350 2
1351 1
1352 1
1353 3
1354 2
1355 2
1356 1
1357 1
1358 1
1359 1
1360 1
1361 3
1362 3
1364 2
1365 1
1367 3
1368 3
1369 3
1370 1
1371 5
1372 3
1373 1
1374 3
1375 2
1376 1
1377 4
1378 3
1380 3
1381 2
1382 3
1383 1
1384 4
1385 2
1386 2
1388 2
1389 3
1391 1
1392 1
1393 2
1395 1
1396 1
1397 3
1398 3
1399 2
1401 1
1402 3
1403 2
1404 1
1406 2
1407 2
1408 2
1410 1
1411 1
1412 1
1413 1
1417 1
1418 1
1419 2
1420 1
1421 1
1422 2
1423 3
1424 2
1425 5
1426 2
1428 1
1430 3
1431 5
1432 2
1433 1
1434 1
1435 1
1436 1
1437 2
1439 1
1440 2
1441 1
1443 3
1444 1
1446 2
1447 2
1450 1
1453 1
1455 2
1457 2
1459 1
1460 4
1461 1
1462 2
1463 2
1464 1
1469 1
1470 2
1472 1
1473 1
1475 1
1476 1
1477 1
1478 1
1479 1
1480 1
1481 1
1482 1
1484 3
1488 1
1491 1
1492 1
1493 1
1495 1
1496 1
1497 2
1498 1
1500 1
1507 1
1508 1
1509 2
1510 3
1512 1
1513 1
1521 1
1523 1
1525 1
1527 2
1529 2
1530 1
1532 1
1534 1
1537 1
1544 1
1549 1
1571 1
1575 1
1582 1
1583 2
1637 1
