N J h mean_R_sq err_mean_R_sq mean_R_gyr_sq err_mean_R_gyr_sq 
900 1.42 0 1253.38 10.4316 290.367 0.871438
327 1
335 1
339 2
348 1
370 1
371 1
372 1
388 1
390 1
397 2
399 1
400 2
402 1
403 2
406 1
407 1
409 2
411 1
412 1
414 1
415 1
417 1
418 1
420 3
422 1
423 1
424 1
425 1
426 3
428 1
430 2
431 2
432 1
433 1
434 3
435 1
436 1
437 1
439 1
440 1
443 1
444 3
445 4
451 5
452 1
454 2
455 4
457 3
458 2
459 1
460 3
461 2
463 1
464 4
465 2
466 4
467 3
468 2
469 1
470 7
471 4
472 2
474 4
475 1
476 1
477 3
478 2
479 3
480 1
481 3
482 4
483 2
484 4
485 2
486 3
487 4
488 5
489 2
490 3
491 3
492 6
493 3
494 4
495 2
496 3
497 5
498 3
499 3
500 1
501 2
502 3
503 5
504 6
505 2
507 4
508 2
509 4
510 2
511 6
512 1
513 2
514 7
515 2
516 3
517 5
518 4
519 3
520 9
521 4
522 6
523 5
524 5
525 3
526 6
527 5
528 4
529 2
530 4
531 6
532 6
533 3
534 6
535 1
536 2
537 9
538 5
539 6
540 4
541 4
542 6
543 7
544 8
545 15
546 4
547 10
548 6
549 5
550 8
551 7
552 6
553 2
554 9
555 6
556 5
557 6
558 7
559 1
560 6
561 12
562 6
563 7
564 6
565 4
566 2
567 5
568 4
569 13
570 10
571 12
572 4
573 5
574 3
575 7
576 9
577 7
578 12
579 5
580 6
581 6
582 12
583 6
584 6
585 6
586 4
587 6
588 4
589 7
590 1
591 7
592 4
593 6
594 9
595 5
596 8
597 8
598 8
599 11
600 10
601 16
602 6
603 8
604 7
605 6
606 9
607 13
608 12
609 5
610 10
611 6
612 6
613 3
614 9
615 6
616 7
617 10
618 16
619 9
620 13
621 10
622 6
623 8
624 11
625 4
626 9
627 10
628 10
629 10
630 11
631 11
632 10
633 13
634 12
635 12
636 6
637 6
638 6
639 16
640 9
641 12
642 10
643 8
644 10
645 8
646 14
647 11
648 14
649 14
650 21
651 17
652 12
653 11
654 17
655 13
656 8
657 14
658 12
659 15
660 17
661 6
662 13
663 18
664 13
665 11
666 16
667 7
668 11
669 14
670 8
671 12
672 10
673 13
674 6
675 11
676 13
677 15
678 6
679 12
680 11
681 19
682 15
683 13
684 10
685 11
686 9
687 7
688 13
689 15
690 11
691 15
692 13
693 22
694 16
695 12
696 16
697 16
698 12
699 11
700 11
701 18
702 15
703 22
704 14
705 13
706 15
707 11
708 17
709 17
710 11
711 12
712 13
713 15
714 12
715 14
716 18
717 23
718 17
719 18
720 12
721 14
722 16
723 16
724 16
725 18
726 20
727 15
728 12
729 13
730 14
731 8
732 15
733 17
734 17
735 23
736 19
737 23
738 22
739 8
740 13
741 12
742 11
743 17
744 15
745 12
746 18
747 13
748 13
749 17
750 22
751 6
752 12
753 18
754 18
755 15
756 10
757 13
758 16
759 16
760 14
761 6
762 20
763 20
764 24
765 16
766 19
767 12
768 12
769 9
770 14
771 15
772 9
773 19
774 14
775 10
776 22
777 20
778 23
779 16
780 17
781 21
782 18
783 10
784 20
785 21
786 9
787 20
788 20
789 15
790 11
791 14
792 16
793 22
794 19
795 16
796 15
797 18
798 16
799 19
800 13
801 16
802 18
803 15
804 15
805 14
806 22
807 21
808 16
809 17
810 16
811 13
812 18
813 19
814 15
815 21
816 20
817 24
818 18
819 19
820 23
821 12
822 22
823 20
824 20
825 20
826 22
827 21
828 15
829 9
830 23
831 17
832 21
833 21
834 23
835 19
836 25
837 17
838 18
839 13
840 17
841 27
842 20
843 19
844 19
845 13
846 21
847 21
848 20
849 26
850 13
851 22
852 20
853 24
854 16
855 24
856 15
857 17
858 18
859 21
860 18
861 20
862 18
863 16
864 17
865 25
866 24
867 19
868 14
869 25
870 14
871 20
872 16
873 24
874 17
875 16
876 30
877 8
878 17
879 19
880 23
881 11
882 21
883 23
884 21
885 27
886 21
887 20
888 16
889 18
890 17
891 22
892 26
893 24
894 19
895 20
896 20
897 21
898 14
899 28
900 19
901 23
902 21
903 25
904 17
905 17
906 29
907 21
908 18
909 16
910 14
911 23
912 29
913 26
914 21
915 25
916 16
917 30
918 16
919 14
920 17
921 16
922 20
923 25
924 23
925 27
926 18
927 22
928 20
929 13
930 21
931 21
932 27
933 17
934 24
935 19
936 16
937 22
938 20
939 22
940 28
941 14
942 22
943 19
944 21
945 23
946 22
947 25
948 21
949 20
950 15
951 26
952 15
953 15
954 18
955 23
956 11
957 19
958 17
959 22
960 21
961 19
962 22
963 17
964 16
965 24
966 26
967 19
968 15
969 20
970 27
971 23
972 27
973 14
974 22
975 16
976 22
977 25
978 18
979 16
980 21
981 16
982 17
983 29
984 16
985 26
986 18
987 19
988 22
989 22
990 19
991 26
992 19
993 21
994 27
995 24
996 16
997 15
998 18
999 19
1000 22
1001 26
1002 27
1003 27
1004 24
1005 19
1006 24
1007 14
1008 21
1009 25
1010 24
1011 17
1012 23
1013 12
1014 13
1015 19
1016 17
1017 18
1018 11
1019 21
1020 21
1021 20
1022 30
1023 12
1024 22
1025 18
1026 21
1027 18
1028 16
1029 23
1030 19
1031 19
1032 24
1033 18
1034 30
1035 17
1036 22
1037 35
1038 21
1039 18
1040 19
1041 20
1042 20
1043 11
1044 22
1045 13
1046 27
1047 24
1048 22
1049 21
1050 25
1051 15
1052 24
1053 21
1054 31
1055 22
1056 25
1057 21
1058 34
1059 20
1060 25
1061 22
1062 21
1063 19
1064 22
1065 24
1066 32
1067 17
1068 28
1069 17
1070 27
1071 22
1072 23
1073 31
1074 22
1075 21
1076 19
1077 20
1078 19
1079 23
1080 23
1081 22
1082 15
1083 19
1084 20
1085 20
1086 21
1087 17
1088 21
1089 22
1090 16
1091 21
1092 24
1093 19
1094 16
1095 14
1096 21
1097 12
1098 26
1099 17
1100 17
1101 19
1102 23
1103 24
1104 16
1105 20
1106 21
1107 22
1108 21
1109 17
1110 16
1111 16
1112 21
1113 23
1114 23
1115 15
1116 29
1117 17
1118 24
1119 22
1120 14
1121 13
1122 21
1123 15
1124 20
1125 24
1126 21
1127 23
1128 31
1129 17
1130 22
1131 20
1132 19
1133 14
1134 19
1135 18
1136 20
1137 15
1138 19
1139 19
1140 19
1141 11
1142 15
1143 26
1144 21
1145 22
1146 18
1147 22
1148 11
1149 23
1150 25
1151 23
1152 22
1153 26
1154 22
1155 12
1156 9
1157 12
1158 25
1159 10
1160 17
1161 15
1162 18
1163 16
1164 14
1165 16
1166 15
1167 17
1168 22
1169 16
1170 16
1171 16
1172 20
1173 21
1174 15
1175 24
1176 16
1177 15
1178 16
1179 18
1180 21
1181 14
1182 20
1183 24
1184 15
1185 22
1186 12
1187 17
1188 24
1189 15
1190 22
1191 18
1192 18
1193 16
1194 10
1195 22
1196 19
1197 17
1198 24
1199 12
1200 16
1201 24
1202 14
1203 28
1204 20
1205 24
1206 14
1207 12
1208 19
1209 20
1210 17
1211 14
1212 24
1213 20
1214 13
1215 25
1216 16
1217 17
1218 12
1219 20
1220 11
1221 9
1222 13
1223 21
1224 22
1225 19
1226 14
1227 18
1228 18
1229 9
1230 20
1231 21
1232 11
1233 23
1234 18
1235 12
1236 11
1237 15
1238 23
1239 15
1240 20
1241 25
1242 23
1243 16
1244 12
1245 21
1246 19
1247 11
1248 8
1249 19
1250 13
1251 12
1252 17
1253 20
1254 10
1255 22
1256 18
1257 21
1258 19
1259 14
1260 21
1261 23
1262 14
1263 21
1264 21
1265 16
1266 16
1267 12
1268 14
1269 13
1270 18
1271 20
1272 20
1273 12
1274 14
1275 9
1276 14
1277 8
1278 20
1279 10
1280 21
1281 9
1282 13
1283 14
1284 16
1285 12
1286 11
1287 13
1288 19
1289 14
1290 14
1291 16
1292 19
1293 14
1294 13
1295 8
1296 20
1297 14
1298 12
1299 11
1300 24
1301 5
1302 15
1303 11
1304 17
1305 13
1306 14
1307 12
1308 8
1309 19
1310 6
1311 13
1312 10
1313 12
1314 10
1315 12
1316 17
1317 16
1318 11
1319 14
1320 9
1321 17
1322 10
1323 15
1324 14
1325 12
1326 10
1327 12
1328 14
1329 10
1330 16
1331 10
1332 5
1333 6
1334 12
1335 15
1336 11
1337 12
1338 17
1339 12
1340 18
1341 10
1342 6
1343 15
1344 12
1345 10
1346 10
1347 10
1348 18
1349 8
1350 11
1351 12
1352 8
1353 10
1354 9
1355 9
1356 14
1357 4
1358 8
1359 10
1360 8
1361 7
1362 11
1363 10
1364 12
1365 9
1366 10
1367 10
1368 6
1369 17
1370 8
1371 9
1372 13
1373 10
1374 11
1375 7
1376 9
1377 12
1378 7
1379 15
1380 16
1381 5
1382 12
1383 5
1384 12
1385 9
1386 9
1387 17
1388 14
1389 7
1390 4
1391 11
1392 8
1393 3
1394 8
1395 8
1396 16
1397 10
1398 8
1399 8
1400 15
1401 7
1402 8
1403 7
1404 8
1405 9
1406 8
1407 10
1408 5
1409 12
1410 9
1411 11
1412 7
1413 6
1414 7
1415 13
1416 5
1417 8
1418 7
1419 6
1420 9
1421 7
1422 9
1423 8
1424 4
1425 8
1426 3
1427 11
1428 4
1429 5
1430 11
1431 10
1432 7
1433 9
1434 3
1435 8
1436 8
1437 4
1438 9
1439 5
1440 10
1441 4
1442 10
1443 5
1444 7
1445 7
1446 4
1447 4
1448 8
1449 6
1450 6
1451 5
1452 7
1453 7
1454 9
1455 4
1456 5
1457 8
1458 11
1459 7
1460 4
1461 4
1462 4
1463 5
1464 5
1465 3
1466 4
1467 5
1468 2
1469 7
1470 3
1471 2
1472 3
1473 6
1474 5
1475 4
1476 2
1477 5
1478 4
1479 5
1480 6
1481 4
1482 2
1483 3
1484 7
1485 2
1486 4
1487 3
1488 4
1489 2
1490 4
1491 5
1492 1
1493 4
1494 5
1496 3
1497 6
1498 9
1499 5
1500 2
1501 5
1502 4
1503 1
1504 3
1505 7
1506 3
1507 7
1508 4
1509 3
1510 3
1511 3
1512 5
1513 2
1514 5
1515 2
1516 5
1517 1
1518 2
1519 4
1520 5
1521 2
1522 2
1524 2
1525 2
1526 4
1529 1
1530 6
1531 2
1532 3
1533 2
1535 3
1536 5
1537 3
1539 1
1540 2
1541 3
1542 3
1543 3
1544 3
1547 4
1548 1
1549 3
1550 1
1551 2
1553 5
1554 2
1555 1
1556 1
1558 2
1559 4
1561 1
1564 3
1565 1
1566 1
1567 1
1568 2
1569 1
1570 5
1573 1
1574 1
1575 5
1576 1
1578 2
1585 2
1586 1
1593 1
1594 1
1595 3
1597 1
1599 1
1600 1
1601 1
1603 1
1604 1
1613 3
1616 1
1626 1
1630 1
1632 1
1633 1
1649 1
