N J h mean_R_sq err_mean_R_sq mean_R_gyr_sq err_mean_R_gyr_sq 
10000 1.38 0 3.03113e+06 1.37302e+06 374836 163979
1000 337
1001 241
1002 209
1003 197
1004 129
1005 98
1006 101
1007 77
1008 75
1009 54
1010 44
1011 55
1012 49
1013 37
1014 39
1015 27
1016 25
1017 19
1018 19
1019 19
1020 15
1021 18
1022 16
1023 22
1024 11
1025 14
1026 17
1027 10
1028 10
1029 5
1030 12
1031 1
1032 8
1033 9
1034 4
1035 6
1036 6
1037 2
1038 4
1039 5
1040 5
1041 5
1042 7
1043 2
1044 3
1045 6
1047 4
1048 1
1049 1
1050 2
1051 1
1054 1
1055 1
1056 2
1057 2
1059 2
1062 1
1064 1
1066 1
1070 1
1074 1
1082 1
1100 1
1107 1
