N J h mean_R_sq err_mean_R_sq mean_R_gyr_sq err_mean_R_gyr_sq 
10000 1.348 0 236414 144602 36951.9 23138.8
1000 3806
1001 3019
1002 2557
1003 2025
1004 1562
1005 1255
1006 977
1007 700
1008 636
1009 469
1010 357
1011 280
1012 185
1013 163
1014 123
1015 85
1016 76
1017 44
1018 28
1019 20
1020 8
1021 5
1022 12
1023 12
1024 10
1025 7
1026 6
1027 3
1028 1
1029 2
1030 1
1031 1
1032 2
1033 3
1034 2
1035 1
1036 1
1037 1
1038 4
1039 4
1040 3
1041 3
1042 2
1043 4
1044 2
1045 5
1046 4
1047 5
1048 5
1049 4
1050 5
1051 4
1052 8
1053 5
1054 4
1055 6
1056 9
1057 5
1058 9
1059 5
1060 11
1061 6
1062 7
1063 5
1064 6
1065 7
1066 9
1067 13
1068 8
1069 12
1070 12
1071 15
1072 17
1073 17
1074 20
1075 23
1076 18
1077 21
1078 27
1079 20
1080 36
1081 40
1082 34
1083 37
1084 32
1085 23
1086 38
1087 36
1088 30
1089 38
1090 40
1091 44
1092 32
1093 47
1094 44
1095 44
1096 63
1097 37
1098 43
1099 44
1100 35
1101 42
1102 53
1103 40
1104 30
1105 31
1106 35
1107 30
1108 26
1109 30
1110 16
1111 17
1112 14
1113 20
1114 10
1115 16
1116 8
1117 10
1118 9
1119 7
1120 4
1121 6
1122 7
1123 5
1124 6
1125 4
1126 3
1127 1
1128 3
1131 2
1132 1
1133 1
1134 2
1138 1
1142 1
1146 1
1148 1
1160 1
1161 1
1163 1
1184 1
1188 2
1191 1
1192 1
1200 1
1215 1
1216 1
1231 1
1232 2
1234 1
1235 1
1238 1
1246 1
1253 2
1254 1
1256 1
1257 1
1258 1
1259 1
1260 1
1261 3
1262 1
1263 1
1265 1
1267 1
1268 1
1273 2
1274 1
1275 3
1276 1
1277 2
1278 1
1279 1
1280 2
1281 2
1282 4
1283 1
1284 3
1285 1
1286 1
1287 1
1289 1
1290 3
1291 1
1293 2
1294 4
1295 3
1296 5
1297 1
1298 1
1299 1
1300 1
1301 1
1302 2
1303 2
1304 2
1305 1
1306 2
1307 1
1310 4
1311 3
1312 1
1313 3
1315 2
1316 1
1317 1
1319 3
1320 1
1322 2
1323 2
1324 2
1325 2
1326 2
1327 3
1328 3
1329 1
1330 2
1332 2
1333 1
1335 1
1336 2
1338 2
1339 3
1340 2
1341 1
1342 2
1344 2
1345 2
1346 3
1347 1
1348 2
1349 4
1350 1
1351 1
1352 4
1354 1
1355 3
1356 1
1357 4
1358 3
1361 3
1362 2
1363 1
1364 2
1365 2
1366 3
1367 2
1372 3
1373 1
1379 2
1381 1
1385 1
1387 1
1389 1
1391 3
1393 2
1397 1
1398 1
1400 2
1403 1
1404 1
1405 1
1407 1
1410 1
1411 2
1412 2
1413 2
1415 2
1417 2
1418 1
1420 2
1421 1
1424 1
1427 1
1432 1
1433 1
1436 1
1442 1
1452 1
1453 1
1455 1
1457 1
1461 1
1463 1
1464 1
1465 1
1468 1
1469 1
1474 1
1479 1
1490 1
1498 2
1499 1
1503 1
1509 1
1510 1
1515 1
1530 1
1537 1
1546 1
1566 1
1613 1
1619 1
