N J h mean_R_sq err_mean_R_sq mean_R_gyr_sq err_mean_R_gyr_sq 
2916 1.31 0 29450.8 247.053 4409.41 26.9679
881 1
882 1
890 1
893 1
894 1
895 1
897 2
901 1
902 1
905 2
907 2
908 2
909 2
910 3
911 2
912 2
913 4
914 2
915 3
916 3
917 9
918 5
919 6
920 9
921 4
922 6
923 10
924 12
925 16
926 10
927 13
928 17
929 13
930 17
931 22
932 15
933 31
934 21
935 23
936 26
937 31
938 32
939 28
940 28
941 48
942 45
943 35
944 55
945 60
946 49
947 76
948 53
949 74
950 77
951 82
952 66
953 90
954 77
955 93
956 112
957 103
958 114
959 132
960 133
961 140
962 139
963 155
964 152
965 149
966 188
967 173
968 177
969 183
970 191
971 208
972 232
973 217
974 230
975 221
976 226
977 214
978 241
979 244
980 244
981 266
982 276
983 280
984 267
985 293
986 273
987 254
988 316
989 259
990 309
991 299
992 311
993 318
994 312
995 285
996 311
997 310
998 310
999 312
1000 302
1001 328
1002 289
1003 298
1004 281
1005 287
1006 272
1007 260
1008 280
1009 256
1010 268
1011 259
1012 249
1013 240
1014 227
1015 252
1016 229
1017 239
1018 194
1019 240
1020 176
1021 170
1022 208
1023 152
1024 183
1025 162
1026 138
1027 140
1028 137
1029 126
1030 108
1031 119
1032 119
1033 115
1034 115
1035 96
1036 112
1037 82
1038 79
1039 75
1040 69
1041 67
1042 58
1043 65
1044 50
1045 49
1046 48
1047 28
1048 53
1049 34
1050 29
1051 19
1052 32
1053 19
1054 19
1055 20
1056 23
1057 10
1058 16
1059 11
1060 13
1061 13
1062 12
1063 10
1064 12
1065 13
1066 5
1067 6
1068 4
1069 6
1070 4
1071 2
1072 1
1073 2
1074 1
1075 2
1076 2
1077 1
1078 1
1079 1
1080 2
1082 2
1083 1
1089 1
1094 1
