N J h mean_R_sq err_mean_R_sq mean_R_gyr_sq err_mean_R_gyr_sq 
3600 1.352 0 20606.7 1557.47 3362.02 212.807
658 1
716 1
720 1
740 1
750 2
758 1
759 1
762 2
771 1
772 1
775 1
778 1
779 2
781 2
782 2
783 1
784 2
789 3
790 1
792 1
793 2
794 1
795 2
796 1
798 2
799 3
800 1
801 1
802 3
803 4
804 1
805 2
807 2
809 1
811 3
812 3
813 2
814 4
815 1
816 3
817 1
818 4
819 2
820 4
821 5
822 5
824 5
826 4
827 2
828 4
829 4
831 2
832 4
833 5
834 4
835 2
836 1
837 3
838 2
839 6
840 5
841 5
842 2
843 2
844 4
845 4
846 7
847 3
848 3
849 2
850 4
851 6
852 5
853 3
854 5
855 4
856 3
857 6
858 5
859 10
860 13
861 7
862 8
863 15
864 11
865 8
866 10
867 6
868 9
869 5
870 12
871 8
872 15
873 6
874 11
875 6
876 11
877 11
878 8
879 9
880 16
881 7
882 11
883 4
884 12
885 10
886 6
887 8
888 16
889 13
890 20
891 13
892 13
893 16
894 10
895 14
896 14
897 15
898 17
899 11
900 6
901 18
902 15
903 17
904 20
905 20
906 11
907 19
908 19
909 19
910 11
911 21
912 20
913 22
914 23
915 24
916 23
917 23
918 13
919 22
920 17
921 17
922 25
923 17
924 24
925 9
926 22
927 17
928 22
929 15
930 29
931 24
932 28
933 29
934 35
935 18
936 22
937 32
938 23
939 25
940 29
941 27
942 34
943 27
944 17
945 39
946 24
947 32
948 20
949 26
950 29
951 20
952 26
953 27
954 31
955 35
956 24
957 20
958 34
959 25
960 32
961 34
962 24
963 32
964 31
965 30
966 30
967 28
968 38
969 28
970 30
971 36
972 34
973 29
974 32
975 24
976 27
977 36
978 27
979 35
980 27
981 28
982 38
983 37
984 30
985 34
986 39
987 27
988 21
989 24
990 40
991 26
992 37
993 31
994 35
995 30
996 36
997 34
998 29
999 35
1000 35
1001 20
1002 32
1003 21
1004 31
1005 32
1006 38
1007 40
1008 43
1009 39
1010 25
1011 27
1012 34
1013 28
1014 33
1015 26
1016 32
1017 36
1018 36
1019 27
1020 33
1021 37
1022 22
1023 36
1024 32
1025 21
1026 30
1027 43
1028 28
1029 31
1030 39
1031 21
1032 28
1033 27
1034 34
1035 31
1036 28
1037 21
1038 23
1039 27
1040 30
1041 25
1042 24
1043 13
1044 34
1045 26
1046 39
1047 31
1048 29
1049 25
1050 21
1051 25
1052 28
1053 21
1054 17
1055 17
1056 22
1057 31
1058 24
1059 25
1060 23
1061 28
1062 33
1063 22
1064 22
1065 23
1066 24
1067 11
1068 20
1069 19
1070 22
1071 22
1072 22
1073 15
1074 25
1075 26
1076 17
1077 16
1078 24
1079 14
1080 16
1081 18
1082 21
1083 16
1084 25
1085 17
1086 26
1087 20
1088 25
1089 17
1090 20
1091 7
1092 13
1093 19
1094 17
1095 21
1096 17
1097 10
1098 20
1099 17
1100 12
1101 18
1102 9
1103 15
1104 10
1105 12
1106 9
1107 9
1108 17
1109 8
1110 21
1111 9
1112 11
1113 7
1114 8
1115 12
1116 7
1117 11
1118 14
1119 8
1120 13
1121 10
1122 8
1123 13
1124 9
1125 9
1126 13
1127 7
1128 10
1129 6
1130 7
1131 3
1132 8
1133 4
1134 11
1135 3
1136 2
1137 3
1138 5
1139 11
1140 4
1141 11
1142 2
1143 7
1144 6
1145 4
1146 3
1147 7
1148 5
1149 4
1150 5
1151 4
1152 2
1153 2
1154 2
1155 9
1156 1
1157 5
1158 8
1159 5
1160 3
1161 4
1162 1
1163 3
1164 4
1165 2
1166 1
1167 6
1168 2
1169 4
1170 6
1171 1
1172 3
1173 1
1174 2
1175 2
1176 4
1178 1
1179 2
1180 1
1181 2
1182 2
1183 2
1184 2
1185 3
1186 2
1187 2
1188 6
1189 1
1190 2
1191 2
1192 2
1194 2
1195 1
1196 1
1197 1
1200 2
1202 4
1203 1
1205 2
1207 3
1209 1
1210 1
1212 1
1216 2
1218 1
1219 1
1223 1
1224 2
1228 1
1230 1
1231 2
1243 1
1245 1
1246 1
1261 1
1282 1
1291 1
