N J h mean_R_sq err_mean_R_sq mean_R_gyr_sq err_mean_R_gyr_sq 
1225 1.421 0 1556.08 29.2431 379.47 2.47976
1000 20
1001 17
1002 17
1003 22
1004 28
1005 18
1006 21
1007 28
1008 25
1009 23
1010 21
1011 13
1012 23
1013 21
1014 20
1015 20
1016 23
1017 21
1018 26
1019 20
1020 14
1021 22
1022 13
1023 28
1024 7
1025 17
1026 21
1027 16
1028 26
1029 20
1030 20
1031 17
1032 19
1033 18
1034 22
1035 11
1036 19
1037 23
1038 24
1039 16
1040 16
1041 18
1042 22
1043 19
1044 12
1045 14
1046 16
1047 22
1048 21
1049 22
1050 26
1051 26
1052 21
1053 22
1054 15
1055 13
1056 20
1057 17
1058 23
1059 17
1060 17
1061 22
1062 19
1063 24
1064 26
1065 15
1066 21
1067 16
1068 14
1069 19
1070 14
1071 19
1072 19
1073 16
1074 22
1075 16
1076 14
1077 14
1078 13
1079 24
1080 18
1081 9
1082 17
1083 18
1084 14
1085 27
1086 16
1087 25
1088 18
1089 12
1090 10
1091 20
1092 15
1093 24
1094 21
1095 16
1096 12
1097 14
1098 23
1099 15
1100 17
1101 16
1102 13
1103 18
1104 11
1105 14
1106 18
1107 21
1108 20
1109 12
1110 18
1111 8
1112 15
1113 18
1114 20
1115 15
1116 19
1117 13
1118 15
1119 14
1120 8
1121 15
1122 18
1123 15
1124 15
1125 17
1126 16
1127 16
1128 22
1129 20
1130 12
1131 13
1132 20
1133 16
1134 10
1135 21
1136 9
1137 14
1138 13
1139 19
1140 19
1141 12
1142 12
1143 10
1144 17
1145 16
1146 9
1147 20
1148 17
1149 8
1150 14
1151 15
1152 15
1153 11
1154 16
1155 12
1156 7
1157 9
1158 15
1159 11
1160 13
1161 6
1162 13
1163 7
1164 11
1165 8
1166 10
1167 11
1168 12
1169 10
1170 15
1171 9
1172 9
1173 12
1174 12
1175 9
1176 8
1177 11
1178 6
1179 9
1180 15
1181 6
1182 13
1183 7
1184 6
1185 9
1186 12
1187 14
1188 7
1189 11
1190 9
1191 9
1192 8
1193 9
1194 9
1195 5
1196 3
1197 6
1198 9
1199 8
1200 11
1201 7
1202 6
1203 8
1204 7
1205 10
1206 9
1207 3
1208 5
1209 5
1210 9
1211 8
1212 8
1213 6
1214 6
1215 7
1216 5
1217 8
1218 12
1219 4
1220 14
1221 11
1222 7
1223 3
1224 8
1225 7
1226 3
1227 5
1228 8
1229 6
1230 7
1231 5
1232 5
1233 3
1234 5
1235 8
1236 6
1237 6
1238 11
1239 5
1240 5
1241 4
1242 6
1243 7
1244 6
1245 6
1246 7
1247 5
1248 5
1249 4
1250 2
1251 7
1252 2
1253 2
1254 6
1255 3
1256 5
1257 4
1258 3
1259 5
1260 5
1261 3
1262 6
1263 8
1264 6
1265 5
1266 2
1267 4
1268 4
1269 5
1270 4
1271 3
1272 4
1273 6
1274 3
1275 5
1276 4
1277 2
1278 5
1279 3
1280 3
1281 3
1282 1
1283 6
1284 1
1285 5
1286 2
1287 3
1288 4
1290 4
1291 1
1292 3
1293 3
1294 3
1295 1
1296 3
1297 4
1298 1
1299 2
1300 3
1302 2
1303 4
1304 3
1305 2
1306 2
1307 4
1308 1
1309 1
1310 2
1311 2
1312 1
1313 7
1314 1
1315 1
1316 1
1317 1
1318 1
1319 3
1320 3
1321 1
1322 4
1323 2
1324 3
1325 3
1326 1
1327 1
1328 1
1330 2
1331 1
1332 1
1333 2
1334 4
1335 2
1336 1
1339 1
1340 2
1341 1
1342 2
1343 1
1344 2
1345 2
1346 3
1347 3
1348 3
1349 1
1350 1
1351 2
1352 1
1355 1
1359 1
1360 1
1361 3
1362 1
1363 1
1364 1
1365 2
1366 1
1367 1
1368 2
1370 1
1371 2
1375 1
1377 1
1379 1
1382 2
1394 1
1396 1
1397 1
1403 1
1404 1
1415 1
1420 1
1421 1
1426 1
1432 1
1433 1
