N J h mean_R_sq err_mean_R_sq mean_R_gyr_sq err_mean_R_gyr_sq 
1225 1.348 0 4811.22 234.434 853.286 23.2546
687 1
703 1
724 1
725 1
728 1
739 1
747 1
749 1
752 1
764 1
770 1
779 1
785 1
796 1
800 1
804 1
807 1
808 1
809 1
810 1
816 1
818 1
820 1
822 2
825 2
828 1
838 1
839 1
844 1
846 1
853 2
855 1
860 2
863 1
868 1
872 2
873 1
874 3
875 1
877 1
883 1
884 1
885 1
888 1
891 2
892 1
893 1
894 1
896 1
898 1
899 1
901 2
903 1
910 1
912 1
913 1
914 3
915 2
917 1
918 1
920 1
923 1
924 1
925 2
926 1
927 2
928 2
931 1
932 1
934 1
935 1
937 1
938 1
939 1
940 2
942 1
945 1
947 2
949 2
950 1
951 1
952 1
956 1
957 2
958 3
961 1
963 1
964 2
966 1
967 3
968 1
969 1
971 2
972 1
976 2
977 2
978 1
979 1
980 1
981 2
984 1
985 2
988 1
989 1
991 3
992 1
993 2
995 3
996 3
999 2
1001 4
1002 1
1003 3
1004 1
1013 1
1014 1
1015 2
1017 1
1023 3
1024 2
1025 1
1026 1
1027 2
1033 2
1034 3
1035 2
1037 1
1038 2
1039 1
1042 1
1043 1
1044 3
1045 2
1046 2
1048 1
1049 3
1051 3
1053 2
1055 2
1056 1
1057 1
1059 1
1061 1
1062 1
1063 1
1065 1
1066 1
1067 1
1068 1
1069 2
1070 1
1072 1
1073 1
1074 1
1076 1
1077 1
1079 1
1080 2
1081 1
1084 2
1088 1
1090 1
1091 2
1095 1
1097 1
1102 1
1103 1
1107 1
1112 1
1113 2
1114 1
1116 3
1118 2
1119 1
1121 1
1122 1
1125 2
1128 1
1132 1
1133 1
1134 2
1138 1
1140 1
1142 2
1143 1
1155 1
1156 1
1160 1
1161 1
1162 1
1165 1
1169 1
1170 1
1171 1
1173 1
1178 1
1179 2
1188 1
1190 1
1194 1
1199 1
1202 1
1204 2
1206 1
1210 1
1219 1
1224 1
1231 1
1233 1
1235 1
1243 1
1247 1
1253 1
1264 1
1266 1
1274 1
1280 1
1298 1
1309 1
1314 1
1337 1
1338 1
1364 1
1365 1
