N J h mean_R_sq err_mean_R_sq mean_R_gyr_sq err_mean_R_gyr_sq 
2500 1.41 0 4650.3 1777.54 1144.6 368.485
652 2
660 1
666 2
667 1
668 3
669 1
670 2
672 1
673 3
674 3
675 1
676 1
677 3
678 2
679 3
681 2
682 3
683 3
684 2
685 3
686 1
687 2
688 4
689 3
690 3
691 5
692 2
693 5
694 2
695 4
696 5
697 1
698 2
699 2
700 5
701 8
702 6
703 3
704 5
705 5
706 7
707 7
708 7
709 3
710 5
711 8
712 4
713 7
714 5
715 9
716 6
717 4
718 8
719 7
720 12
721 6
722 9
723 6
724 4
725 9
726 11
727 4
728 7
729 6
730 4
731 10
732 4
733 7
734 10
735 7
736 1
737 5
738 3
739 4
740 9
741 4
742 4
743 6
744 2
745 4
746 5
747 2
748 5
749 7
750 5
751 4
752 1
753 5
754 3
755 2
756 2
757 8
758 5
759 1
760 4
761 2
762 1
763 1
764 10
765 2
766 2
767 6
768 4
769 1
770 4
771 2
772 4
773 1
774 3
775 3
776 2
777 1
778 2
779 1
780 2
782 1
783 3
784 1
785 3
787 1
788 2
789 1
797 1
799 1
800 2
803 1
806 1
815 1
824 1
826 1
834 1
854 1
866 1
872 1
873 1
