N J h mean_R_sq err_mean_R_sq mean_R_gyr_sq err_mean_R_gyr_sq 
3600 1.47 0 2417.25 318.996 802.819 26.9148
371 1
384 1
385 1
390 1
398 1
422 1
426 1
434 1
439 1
441 1
442 1
445 1
450 1
463 1
465 1
472 1
482 1
487 2
489 1
492 1
496 1
499 1
509 1
514 1
518 1
522 1
523 1
526 1
527 1
528 1
529 2
533 1
534 1
537 1
538 1
539 2
541 2
546 1
550 1
552 1
553 1
555 1
556 1
557 1
558 2
559 1
563 1
564 4
565 1
570 2
572 1
574 1
575 1
576 3
577 1
581 1
583 1
586 2
589 1
591 1
593 1
597 1
601 1
603 2
604 1
605 1
606 1
607 2
608 1
609 1
610 2
615 1
617 1
618 2
619 3
620 1
623 1
626 1
629 1
638 1
639 1
641 1
642 1
644 1
647 2
651 2
653 2
655 1
660 2
661 1
665 1
666 1
667 1
669 1
671 2
674 2
676 1
678 2
680 1
681 3
682 2
685 1
686 1
687 1
688 1
689 1
691 1
693 3
696 1
698 1
700 1
702 1
704 3
707 1
708 3
709 1
712 2
715 1
719 1
720 1
724 2
725 1
726 1
730 1
732 1
734 1
735 2
737 2
738 1
741 1
743 1
744 1
746 1
751 1
752 1
753 1
754 1
757 1
758 1
759 1
762 1
765 1
767 2
768 1
772 2
773 1
774 1
777 1
780 1
781 1
782 1
787 1
789 1
797 2
798 1
799 1
800 1
801 2
802 1
808 1
809 1
810 1
811 1
813 2
815 1
820 1
821 1
822 2
823 1
824 2
825 1
826 1
827 1
829 1
831 1
833 1
837 3
843 1
847 1
850 1
851 1
853 2
854 1
855 1
856 1
859 1
861 2
864 1
867 1
874 2
877 1
878 2
879 1
884 1
886 1
887 1
888 2
889 1
892 1
894 1
895 1
897 2
908 2
909 1
910 2
915 1
918 1
919 1
922 1
923 1
925 1
928 1
930 1
935 2
936 1
937 1
938 1
939 1
944 1
945 1
948 1
949 1
953 2
954 1
956 2
962 1
964 1
972 2
975 1
978 1
979 4
980 2
981 1
982 1
983 1
985 1
991 1
994 2
996 2
997 1
998 1
999 2
1000 2
1005 1
1009 2
1010 1
1012 1
1013 2
1015 1
1019 1
1020 1
1021 2
1022 1
1025 1
1026 1
1028 1
1030 2
1031 1
1034 1
1035 1
1036 2
1037 1
1038 1
1039 1
1040 2
1041 1
1049 1
1050 1
1051 1
1053 1
1055 1
1056 1
1059 2
1060 1
1069 1
1070 2
1071 1
1073 1
1077 1
1081 1
1083 1
1089 1
1091 1
1094 2
1098 2
1100 1
1102 1
1105 2
1107 1
1110 1
1112 1
1117 1
1119 1
1120 1
1121 1
1124 2
1128 1
1129 1
1130 1
1132 1
1134 1
1135 1
1138 1
1141 1
1146 1
1150 1
1158 2
1159 2
1160 1
1161 1
1163 1
1164 2
1166 1
1168 1
1169 1
1170 1
1171 1
1176 1
1179 1
1182 1
1184 1
1185 1
1187 2
1189 1
1192 1
1195 1
1197 1
1200 1
1202 1
1203 1
1206 1
1216 1
1217 1
1218 1
1219 2
1220 1
1226 1
1227 2
1228 1
1229 3
1230 1
1232 1
1233 1
1236 2
1237 1
1241 1
1245 2
1246 2
1252 1
1253 2
1254 1
1257 1
1258 1
1264 1
1265 1
1267 1
1268 1
1269 1
1270 1
1271 1
1274 1
1276 1
1278 1
1285 2
1286 1
1287 1
1289 2
1291 1
1292 1
1293 1
1294 3
1295 1
1298 1
1301 1
1302 1
1303 1
1306 2
1309 1
1311 1
1312 1
1313 2
1315 1
1319 1
1321 1
1322 2
1327 1
1329 1
1338 2
1339 1
1340 1
1343 1
1344 3
1346 1
1349 1
1350 1
1353 1
1354 1
1360 3
1362 1
1363 3
1364 1
1373 1
1377 2
1378 1
1384 1
1385 1
1386 1
1388 1
1392 1
1393 2
1394 2
1395 1
1396 2
1400 1
1403 2
1407 2
1408 1
1410 1
1413 1
1416 1
1418 1
1419 1
1422 2
1434 1
1436 2
1439 2
1441 1
1444 1
1447 3
1451 2
1454 1
1457 1
1459 2
1460 1
1461 2
1462 1
1463 1
1464 2
1466 1
1470 3
1473 1
1477 3
1480 1
1483 1
1486 2
1493 2
1494 2
1508 1
1510 1
1516 1
1517 1
1524 1
1526 1
1527 1
1528 1
1531 2
1532 1
1547 1
1550 1
1552 1
1560 1
1564 1
1569 1
1572 1
1573 1
1575 2
1584 1
1598 1
1605 1
1606 1
