N J h mean_R_sq err_mean_R_sq mean_R_gyr_sq err_mean_R_gyr_sq 
3600 1.37 0 12155.2 1750.82 2352.39 304.306
722 1
754 1
757 2
758 1
759 1
765 1
766 1
768 1
770 1
771 2
773 4
775 3
776 5
777 1
778 7
779 2
780 3
781 8
782 4
783 1
784 3
785 4
786 4
787 7
788 6
789 7
790 11
791 9
792 3
793 6
794 6
795 8
796 6
797 14
798 7
799 6
800 9
801 7
802 17
803 9
804 7
805 13
806 11
807 11
808 15
809 11
810 14
811 9
812 20
813 13
814 14
815 8
816 16
817 13
818 20
819 12
820 8
821 13
822 20
823 13
824 14
825 15
826 24
827 18
828 11
829 21
830 20
831 15
832 19
833 10
834 21
835 19
836 12
837 31
838 12
839 8
840 26
841 25
842 18
843 31
844 17
845 25
846 18
847 23
848 18
849 19
850 21
851 11
852 21
853 14
854 17
855 12
856 13
857 16
858 18
859 15
860 10
861 11
862 12
863 9
864 13
865 12
866 11
867 9
868 8
869 18
870 11
871 9
872 8
873 4
874 9
875 9
876 6
877 5
878 9
879 9
880 7
881 8
882 4
884 4
885 4
886 5
887 4
888 6
889 8
890 1
891 6
892 3
893 2
894 5
895 2
896 3
897 2
899 1
900 2
901 3
903 1
905 1
907 1
908 3
911 1
912 1
913 2
914 3
917 1
919 1
920 2
930 1
941 1
