N J h mean_R_sq err_mean_R_sq mean_R_gyr_sq err_mean_R_gyr_sq 
2500 1.437 0 1987.51 29.8175 617.288 3.46189
387 1
410 2
411 1
414 1
422 1
427 1
434 1
438 2
441 1
447 1
448 1
449 2
452 1
456 2
459 1
460 2
462 4
465 1
466 1
467 2
470 1
471 1
472 3
475 1
476 1
477 1
478 1
480 2
481 1
485 1
486 3
487 2
489 1
492 1
493 4
495 1
496 2
497 2
500 2
501 1
502 1
503 3
505 2
506 2
507 1
508 1
509 4
510 1
511 1
512 1
513 3
514 1
515 1
516 3
517 3
518 1
520 1
521 1
522 2
523 1
524 4
525 1
526 2
527 1
528 1
529 4
530 1
531 2
532 3
533 2
534 1
535 2
536 2
538 1
539 3
540 2
541 2
543 3
544 2
545 4
546 2
547 1
548 3
549 5
550 2
551 2
552 1
553 1
554 4
555 4
556 2
557 3
558 2
559 3
560 3
561 6
562 4
563 2
564 2
565 5
566 2
567 5
568 5
569 1
570 4
572 5
573 4
574 2
575 3
577 1
578 4
579 1
580 8
581 6
582 4
584 2
585 4
586 2
587 3
588 2
589 7
590 2
591 3
592 4
593 6
594 4
595 4
596 6
597 5
598 3
599 3
600 1
601 2
602 3
603 4
604 4
605 3
606 2
607 5
608 2
609 2
610 1
611 4
612 1
614 3
615 2
616 4
617 5
618 4
619 3
620 5
621 7
622 4
623 5
624 7
625 3
626 3
627 2
628 8
629 3
630 1
631 5
632 3
633 1
634 3
635 4
636 9
637 4
638 5
639 8
640 7
641 7
642 7
643 4
644 3
645 2
646 2
647 6
648 5
649 7
650 3
651 4
652 6
653 4
654 11
655 5
656 2
657 5
658 4
659 6
660 3
661 8
662 8
663 6
664 6
665 1
666 5
667 7
668 4
669 8
670 5
671 2
672 5
673 4
674 7
675 3
676 2
677 6
678 6
679 6
680 3
681 8
682 10
683 6
684 6
685 8
686 2
687 8
688 5
689 3
690 7
691 6
692 4
693 3
694 6
695 4
696 9
697 7
698 4
699 13
700 6
701 6
702 5
703 2
704 8
705 8
706 6
707 5
708 6
709 1
710 5
711 3
712 3
713 5
714 8
715 6
716 11
717 2
718 5
719 4
720 7
721 8
722 5
723 3
724 7
725 4
726 1
727 4
728 10
729 6
730 5
731 4
732 5
733 5
734 6
735 9
736 6
737 3
738 5
739 8
740 5
741 5
742 11
743 1
744 3
745 9
746 3
747 4
748 5
749 4
750 6
751 8
752 1
753 9
754 6
755 5
756 8
757 1
758 6
759 1
760 5
761 4
762 6
763 4
764 11
765 5
766 6
767 5
768 5
769 8
770 7
771 4
772 11
773 5
774 3
775 5
776 5
777 13
778 3
779 7
780 2
781 5
782 7
783 3
784 6
785 4
786 6
787 5
788 5
789 9
790 7
791 6
792 8
793 8
794 8
795 3
796 2
797 3
798 6
799 6
800 6
801 9
802 5
803 4
804 4
805 6
806 4
807 9
808 6
809 4
810 10
811 3
812 8
813 10
814 2
815 7
816 7
817 6
818 10
819 4
820 6
821 6
822 7
823 4
824 7
825 4
826 7
827 3
828 3
829 10
830 3
831 2
832 5
833 7
834 5
835 3
836 5
837 4
838 11
839 7
840 8
841 5
842 8
843 5
844 10
845 8
846 7
847 12
848 3
849 10
850 6
851 7
852 11
853 7
854 8
855 9
856 7
857 11
858 8
859 3
860 4
861 5
862 7
863 5
864 7
865 13
866 8
867 9
868 11
869 10
870 2
871 8
872 12
873 11
874 7
875 13
876 7
877 3
878 6
879 5
880 7
881 2
882 5
883 7
884 6
885 10
886 6
887 7
888 7
889 5
890 6
891 5
892 3
893 9
894 9
895 8
896 13
897 6
898 6
899 5
900 9
901 7
902 6
903 7
904 9
905 7
906 7
907 6
908 4
909 6
910 6
911 1
912 7
913 5
914 6
915 3
916 10
917 5
918 10
919 7
920 5
921 9
922 7
923 4
924 10
925 8
926 7
927 4
928 11
929 5
930 9
931 7
932 6
933 3
934 6
935 9
936 4
937 6
938 9
939 6
940 3
941 8
942 5
943 6
944 8
945 3
946 5
947 10
948 10
949 6
950 11
951 6
952 6
953 3
954 8
955 5
956 5
957 3
958 8
959 4
960 8
961 4
962 8
963 14
964 4
965 6
966 4
967 10
968 9
969 10
970 6
971 4
972 8
973 3
974 5
975 4
976 7
977 9
978 4
979 4
980 4
981 4
982 4
983 4
984 3
985 4
986 8
987 7
988 6
989 5
990 10
991 9
992 6
993 5
994 5
995 10
996 8
997 8
998 5
999 7
1000 5
1001 6
1002 7
1003 3
1004 7
1005 5
1006 7
1007 4
1008 7
1009 7
1010 7
1011 6
1012 7
1013 12
1014 8
1015 5
1016 7
1017 11
1018 8
1019 8
1020 5
1021 5
1022 11
1023 4
1024 8
1025 6
1026 4
1027 6
1028 4
1029 5
1030 6
1031 4
1032 5
1033 4
1034 9
1035 9
1036 10
1037 5
1038 8
1039 9
1040 9
1041 5
1042 5
1043 6
1044 5
1045 8
1046 11
1047 7
1048 6
1049 5
1050 7
1051 7
1052 6
1053 9
1054 10
1055 5
1056 8
1057 5
1058 3
1059 6
1060 6
1061 12
1062 4
1063 1
1064 8
1065 4
1066 6
1067 6
1068 3
1069 2
1070 5
1071 2
1072 5
1073 8
1074 6
1075 7
1076 4
1077 6
1078 5
1079 9
1080 12
1081 3
1082 6
1083 7
1084 12
1085 4
1086 4
1087 8
1088 4
1089 9
1090 2
1091 6
1092 7
1093 2
1094 6
1095 5
1096 10
1097 4
1098 5
1099 8
1100 3
1101 2
1102 8
1103 6
1104 7
1105 6
1106 3
1107 4
1108 3
1109 1
1110 4
1111 4
1112 7
1113 6
1114 3
1115 4
1116 4
1117 5
1118 13
1119 8
1120 8
1121 3
1122 7
1123 12
1124 6
1125 6
1126 5
1127 3
1128 9
1129 13
1130 9
1131 4
1132 4
1133 8
1134 9
1135 9
1136 6
1137 6
1138 6
1139 5
1140 7
1141 1
1142 7
1143 8
1144 4
1145 7
1146 7
1147 4
1148 7
1149 5
1150 6
1151 4
1152 8
1153 5
1154 10
1155 8
1156 13
1157 7
1158 11
1159 5
1160 5
1161 3
1162 7
1163 2
1164 5
1165 7
1166 9
1167 5
1168 7
1169 8
1170 7
1171 7
1172 8
1173 8
1174 7
1175 4
1176 6
1177 4
1178 6
1179 9
1180 4
1181 3
1182 6
1183 7
1184 9
1185 5
1186 2
1187 7
1188 5
1189 5
1190 1
1191 7
1192 9
1193 6
1194 5
1195 6
1196 8
1197 5
1198 8
1199 5
1200 8
1201 9
1202 8
1203 7
1204 2
1205 3
1206 4
1207 6
1208 2
1209 6
1210 8
1211 5
1212 10
1213 1
1214 5
1215 7
1216 5
1217 10
1218 5
1219 4
1220 1
1221 2
1222 8
1223 4
1224 7
1225 8
1226 3
1227 7
1228 6
1229 8
1230 2
1231 7
1232 7
1233 5
1234 12
1235 6
1236 7
1237 4
1238 9
1239 7
1240 9
1241 2
1242 9
1243 15
1244 9
1245 6
1246 5
1247 6
1248 7
1249 6
1250 6
1251 5
1252 6
1253 3
1254 4
1255 7
1256 6
1257 8
1258 2
1259 5
1260 5
1261 8
1262 7
1263 6
1264 3
1265 7
1266 4
1267 7
1268 3
1269 8
1270 3
1271 5
1272 2
1273 3
1274 3
1275 6
1276 7
1277 3
1278 2
1279 6
1280 10
1281 3
1282 7
1283 4
1284 3
1285 8
1286 10
1287 5
1288 7
1289 3
1290 5
1291 3
1292 5
1293 7
1294 2
1295 7
1296 4
1297 5
1298 6
1299 3
1300 8
1301 4
1302 4
1303 8
1304 2
1305 6
1306 7
1307 1
1308 5
1309 3
1310 8
1311 2
1312 7
1313 9
1314 7
1315 2
1316 4
1317 3
1318 6
1319 5
1320 8
1321 5
1322 4
1323 4
1324 3
1325 5
1326 4
1327 4
1328 6
1329 8
1330 4
1331 5
1332 5
1333 5
1334 7
1335 8
1336 1
1337 7
1338 5
1339 4
1340 3
1341 3
1342 6
1343 4
1344 1
1345 3
1346 11
1347 3
1348 8
1349 4
1350 6
1351 4
1352 4
1353 6
1354 5
1355 7
1356 5
1357 2
1358 4
1359 4
1360 4
1361 5
1362 5
1363 6
1364 4
1365 4
1366 4
1367 3
1368 8
1369 4
1370 5
1371 5
1372 8
1373 4
1374 7
1375 5
1376 4
1377 4
1378 3
1379 2
1380 5
1381 4
1382 4
1383 7
1384 5
1386 8
1387 5
1388 5
1389 3
1390 3
1391 4
1392 3
1393 4
1394 5
1395 2
1396 3
1397 2
1398 5
1399 4
1400 2
1401 4
1402 1
1403 6
1404 2
1405 4
1406 5
1407 4
1408 4
1409 7
1410 5
1411 2
1412 3
1413 2
1414 4
1415 2
1416 7
1417 4
1418 2
1419 3
1420 2
1421 2
1422 3
1423 1
1424 2
1425 2
1426 3
1427 1
1428 3
1429 4
1430 5
1432 2
1433 4
1434 3
1435 4
1436 1
1437 4
1438 1
1439 3
1440 4
1441 2
1442 3
1443 1
1444 3
1445 1
1446 2
1447 2
1450 4
1451 4
1452 3
1453 5
1454 3
1455 1
1456 1
1457 5
1458 1
1459 1
1460 3
1461 1
1462 4
1463 3
1465 1
1466 3
1467 2
1468 1
1471 1
1472 2
1473 2
1474 1
1475 2
1476 2
1477 4
1478 1
1479 1
1480 1
1481 2
1482 2
1483 4
1484 4
1485 2
1486 1
1487 1
1488 3
1489 1
1490 1
1491 2
1492 4
1494 1
1495 2
1496 1
1497 2
1498 1
1499 1
1500 1
1502 1
1504 1
1506 3
1507 2
1510 1
1511 1
1513 1
1514 1
1516 1
1517 1
1518 1
1520 1
1521 1
1523 1
1525 2
1526 1
1528 1
1530 1
1531 1
1533 1
1534 1
1535 1
1536 2
1539 1
1541 1
1542 1
1545 2
1550 1
1552 1
1553 1
1554 1
1560 1
1563 1
1580 1
1586 1
1588 1
1592 1
1595 1
1598 1
