N J h mean_R_sq err_mean_R_sq mean_R_gyr_sq err_mean_R_gyr_sq 
900 1.344 0 3973.22 209.152 677.1 21.201
761 1
809 1
811 1
815 1
816 1
821 1
824 1
831 1
833 1
834 1
835 1
839 2
841 1
845 1
846 1
847 1
848 2
849 1
856 1
857 1
858 1
859 1
861 1
865 1
866 1
868 1
869 1
870 2
872 2
874 2
877 2
878 3
879 1
881 1
883 1
884 2
885 2
886 1
887 2
889 1
890 2
891 3
892 1
893 1
895 2
896 3
897 1
898 2
899 2
900 1
902 1
903 2
904 2
905 5
906 1
907 6
910 2
911 3
912 3
913 3
914 2
915 1
916 1
917 2
918 1
919 4
920 4
921 2
922 2
924 2
925 2
926 2
927 2
929 3
930 3
931 1
932 1
933 1
934 3
935 3
936 3
937 3
938 3
939 1
940 1
942 2
943 4
944 2
945 1
946 2
947 5
948 2
950 1
951 2
953 3
954 1
956 1
957 1
958 2
959 5
961 3
962 1
963 4
964 3
965 3
966 1
967 2
968 4
969 2
970 4
971 1
972 1
973 1
975 4
977 2
978 2
980 2
981 1
982 1
983 2
984 5
985 2
986 2
987 2
988 1
989 3
990 1
991 1
992 1
993 2
994 3
995 3
996 2
997 2
1000 3
1001 2
1003 2
1004 2
1005 1
1006 5
1010 1
1012 1
1013 1
1014 2
1015 2
1016 3
1020 1
1021 1
1023 1
1024 1
1030 1
1039 1
1042 1
1043 1
1053 1
1054 1
1056 1
1060 1
1063 1
1064 1
1065 1
1067 1
