N J h mean_R_sq err_mean_R_sq mean_R_gyr_sq err_mean_R_gyr_sq 
2500 1.352 0 12053.5 262.836 2027.17 33.941
695 1
697 1
704 1
717 1
718 1
726 1
728 1
731 1
732 1
733 2
736 1
737 2
739 1
741 2
742 1
747 1
750 1
751 1
752 1
753 1
754 1
756 3
757 2
758 1
759 1
762 1
763 1
765 1
766 2
767 1
768 2
769 2
771 2
772 2
773 2
775 2
776 2
777 3
778 1
779 4
780 2
781 1
782 1
784 1
785 3
786 2
787 3
788 1
789 2
790 5
792 3
793 4
794 4
795 1
796 1
797 3
799 2
800 2
801 4
802 4
803 4
804 2
805 1
806 1
807 4
808 7
809 2
810 4
811 2
812 3
813 7
814 7
815 2
816 3
817 7
818 3
819 2
820 1
821 7
822 7
823 4
824 9
825 3
826 1
827 3
828 4
829 6
830 5
831 8
832 5
833 8
834 5
835 7
836 1
837 9
838 7
839 6
840 8
841 8
842 5
843 5
844 4
845 3
846 3
847 6
848 6
849 6
850 9
851 4
852 11
853 15
854 5
855 10
856 7
857 5
858 11
859 10
860 7
861 8
862 10
863 9
864 9
865 13
866 11
867 12
868 11
869 7
870 11
871 7
872 12
873 11
874 8
875 12
876 6
877 14
878 15
879 8
880 13
881 6
882 7
883 10
884 10
885 11
886 11
887 13
888 13
889 18
890 7
891 13
892 18
893 21
894 14
895 19
896 17
897 12
898 12
899 11
900 16
901 20
902 11
903 14
904 17
905 17
906 18
907 13
908 15
909 17
910 19
911 17
912 15
913 21
914 17
915 18
916 22
917 24
918 16
919 28
920 26
921 17
922 22
923 19
924 31
925 21
926 21
927 22
928 19
929 20
930 15
931 23
932 18
933 23
934 17
935 20
936 28
937 25
938 17
939 22
940 29
941 24
942 27
943 27
944 18
945 29
946 26
947 24
948 29
949 16
950 34
951 22
952 29
953 28
954 23
955 20
956 22
957 28
958 35
959 22
960 24
961 21
962 21
963 36
964 26
965 20
966 24
967 21
968 26
969 29
970 23
971 13
972 24
973 21
974 23
975 23
976 27
977 22
978 34
979 23
980 23
981 31
982 22
983 38
984 38
985 30
986 28
987 27
988 34
989 24
990 35
991 25
992 28
993 17
994 22
995 28
996 27
997 22
998 30
999 21
1000 39
1001 35
1002 30
1003 31
1004 16
1005 27
1006 37
1007 21
1008 26
1009 22
1010 30
1011 26
1012 28
1013 31
1014 30
1015 25
1016 24
1017 25
1018 30
1019 30
1020 28
1021 36
1022 33
1023 29
1024 24
1025 29
1026 30
1027 31
1028 20
1029 20
1030 20
1031 33
1032 37
1033 19
1034 20
1035 18
1036 33
1037 30
1038 21
1039 25
1040 22
1041 20
1042 22
1043 26
1044 24
1045 21
1046 28
1047 25
1048 15
1049 26
1050 23
1051 24
1052 23
1053 24
1054 34
1055 18
1056 22
1057 16
1058 26
1059 17
1060 18
1061 21
1062 15
1063 28
1064 23
1065 24
1066 21
1067 24
1068 25
1069 17
1070 25
1071 18
1072 13
1073 29
1074 21
1075 16
1076 17
1077 18
1078 19
1079 16
1080 16
1081 17
1082 20
1083 23
1084 19
1085 20
1086 24
1087 10
1088 12
1089 14
1090 18
1091 12
1092 19
1093 25
1094 18
1095 15
1096 22
1097 11
1098 14
1099 19
1100 9
1101 9
1102 6
1103 13
1104 16
1105 15
1106 7
1107 6
1108 11
1109 15
1110 10
1111 7
1112 14
1113 21
1114 9
1115 17
1116 8
1117 10
1118 9
1119 10
1120 14
1121 12
1122 9
1123 13
1124 6
1125 11
1126 10
1127 7
1128 12
1129 7
1130 11
1131 6
1132 9
1133 13
1134 9
1135 9
1136 11
1137 7
1138 7
1139 4
1140 6
1141 5
1142 6
1143 5
1144 5
1145 6
1146 7
1147 7
1148 9
1149 6
1150 5
1151 5
1152 8
1153 4
1154 4
1155 6
1156 2
1157 10
1158 6
1159 7
1160 6
1161 4
1162 4
1163 2
1164 6
1165 4
1166 1
1167 3
1168 8
1169 5
1170 5
1171 6
1172 3
1173 1
1174 5
1175 4
1176 6
1177 3
1178 3
1179 7
1180 1
1181 2
1182 3
1183 6
1184 3
1185 3
1186 4
1187 3
1188 5
1189 3
1190 5
1191 4
1192 5
1193 2
1194 1
1195 7
1196 5
1197 6
1198 2
1200 2
1201 1
1202 3
1203 1
1204 2
1206 5
1207 3
1208 2
1210 1
1211 3
1212 1
1213 1
1214 4
1215 2
1216 3
1217 2
1218 1
1219 3
1220 2
1221 2
1222 1
1223 2
1224 1
1225 1
1226 5
1227 2
1228 1
1229 1
1231 3
1232 2
1234 4
1235 1
1236 1
1237 1
1238 2
1239 1
1240 3
1242 1
1243 2
1245 1
1247 1
1248 1
1250 2
1251 1
1253 1
1255 1
1256 2
1259 1
1261 3
1266 1
1268 1
1271 1
1272 1
1274 1
1277 2
1279 1
1281 1
1284 1
1292 2
1301 1
1344 1
