N J h mean_R_sq err_mean_R_sq mean_R_gyr_sq err_mean_R_gyr_sq 
2500 1.425 0 2936.45 563.93 755.441 77.7064
468 1
491 1
493 1
503 1
516 1
519 2
521 1
525 1
531 1
533 1
534 1
540 1
545 2
548 1
549 2
557 1
561 1
562 1
566 1
575 1
581 1
595 1
596 1
603 1
604 1
607 1
610 1
611 2
614 2
616 1
617 1
619 1
620 1
622 1
626 1
634 2
636 1
638 1
642 1
643 1
646 2
650 3
653 1
654 1
655 1
657 1
658 2
660 1
662 3
663 2
668 1
670 2
672 1
673 1
677 2
678 2
679 1
680 1
685 1
686 2
689 1
691 2
692 1
693 1
694 3
696 1
699 1
700 1
702 1
703 1
706 1
707 1
711 2
712 3
713 1
714 3
715 4
716 3
717 2
718 2
719 2
720 3
723 2
724 1
725 1
726 1
727 1
728 1
734 1
735 1
739 1
741 2
742 1
743 1
744 1
745 2
747 1
748 1
750 3
751 3
752 2
753 2
754 1
755 2
757 1
759 1
760 1
762 1
763 1
764 1
765 1
766 3
767 2
768 2
770 1
772 1
773 1
774 3
775 1
776 3
778 1
780 1
781 1
782 2
783 3
784 2
785 1
787 1
789 1
790 2
791 3
792 1
793 1
795 3
796 2
797 2
798 1
799 1
802 1
803 2
805 1
806 2
808 2
809 1
811 3
812 1
813 3
814 1
815 2
817 2
818 1
819 3
820 4
821 2
822 1
823 3
825 1
826 1
827 4
830 1
831 3
832 2
834 1
835 1
836 1
837 1
839 1
840 3
843 2
844 1
847 3
849 1
852 1
853 3
854 1
855 1
856 2
858 2
859 2
860 1
861 1
862 2
863 3
864 2
865 3
866 2
867 2
870 1
871 2
872 1
874 4
876 4
877 3
878 1
879 1
880 1
882 1
883 6
884 2
885 4
886 2
888 3
890 2
891 1
894 4
895 4
896 1
897 3
898 1
899 1
900 3
904 3
905 3
906 1
907 1
908 1
909 1
910 3
911 2
912 3
915 2
916 1
917 3
918 2
920 1
921 1
922 3
923 1
925 1
926 2
930 3
931 2
933 1
935 2
936 2
937 2
938 2
939 1
940 1
941 1
942 2
943 2
944 2
945 1
946 5
947 1
948 1
949 4
950 2
951 2
952 2
953 2
954 4
955 2
956 1
957 2
958 2
961 1
963 2
966 2
968 1
969 3
971 1
975 1
976 5
979 3
980 1
981 2
982 4
983 1
984 1
985 1
987 1
989 2
990 3
991 2
992 2
993 2
994 1
995 1
996 1
997 1
998 1
999 2
1000 6
1003 2
1004 1
1005 2
1007 3
1008 2
1009 2
1012 3
1014 3
1015 1
1016 1
1017 1
1020 1
1021 2
1022 4
1023 3
1024 1
1025 4
1026 2
1027 1
1028 2
1029 2
1031 2
1032 1
1033 1
1034 2
1035 1
1036 2
1037 2
1040 2
1041 2
1043 2
1044 1
1047 3
1048 2
1049 1
1050 2
1051 1
1052 3
1053 1
1055 2
1056 2
1057 1
1058 1
1059 1
1060 2
1061 1
1062 2
1064 1
1065 1
1066 1
1067 3
1068 3
1069 1
1070 2
1071 3
1072 3
1077 1
1080 3
1082 1
1085 2
1086 1
1087 3
1088 1
1089 2
1090 2
1091 1
1092 2
1093 1
1097 2
1098 1
1099 2
1100 3
1102 1
1104 3
1105 4
1106 1
1107 2
1108 1
1109 3
1110 1
1111 1
1112 1
1113 1
1114 4
1115 1
1116 1
1117 2
1118 3
1119 2
1126 1
1128 3
1129 4
1130 1
1131 1
1132 1
1133 2
1134 2
1135 3
1136 1
1137 2
1139 3
1141 1
1142 1
1143 3
1145 2
1147 1
1148 3
1149 1
1150 2
1151 1
1152 1
1153 1
1154 1
1156 3
1157 3
1158 1
1160 1
1164 2
1165 4
1166 1
1169 1
1172 1
1173 3
1174 2
1175 1
1176 2
1177 1
1178 2
1179 3
1180 5
1181 1
1182 5
1183 1
1184 4
1185 3
1187 1
1188 1
1190 2
1191 1
1192 2
1195 1
1197 1
1199 5
1200 1
1202 1
1204 1
1205 4
1206 1
1207 2
1209 1
1212 1
1213 2
1218 2
1219 6
1220 2
1221 4
1222 2
1223 1
1224 2
1226 1
1227 2
1229 1
1230 3
1232 1
1234 2
1235 1
1236 1
1238 1
1239 2
1240 1
1241 2
1242 1
1243 1
1244 1
1246 5
1247 2
1251 1
1252 1
1254 2
1255 1
1256 2
1257 1
1258 3
1260 1
1261 1
1263 3
1266 3
1267 1
1268 3
1269 2
1270 2
1271 2
1274 3
1275 1
1277 1
1278 1
1279 1
1280 2
1282 1
1285 2
1286 1
1287 2
1289 1
1290 1
1291 1
1293 2
1294 1
1295 2
1296 2
1297 1
1299 1
1300 1
1301 3
1303 2
1305 1
1306 1
1307 3
1308 1
1309 4
1312 1
1315 1
1316 3
1319 1
1320 1
1322 2
1324 1
1325 1
1326 2
1327 2
1329 1
1332 1
1334 3
1335 1
1336 1
1337 2
1339 3
1340 1
1343 1
1347 4
1348 2
1349 1
1351 2
1352 2
1353 1
1356 1
1357 1
1358 1
1359 1
1360 1
1363 1
1365 1
1369 2
1370 2
1376 1
1380 2
1383 1
1384 2
1385 1
1389 1
1390 1
1394 1
1395 1
1399 1
1401 1
1402 1
1403 1
1407 1
1408 2
1412 1
1417 1
1421 1
1422 1
1426 1
1427 1
1428 2
1430 2
1433 1
1435 3
1439 1
1446 1
1448 1
1450 1
1452 2
1459 1
1465 1
1467 1
1471 2
1488 1
1494 1
1514 1
1519 1
1529 1
1534 2
1546 1
1572 1
1581 1
