N J h mean_R_sq err_mean_R_sq mean_R_gyr_sq err_mean_R_gyr_sq 
3600 1.4 0 5522.1 939.247 1312.73 124.221
494 1
505 1
518 1
537 1
545 2
549 1
552 1
554 1
556 1
558 1
560 1
563 1
564 1
570 1
573 1
574 1
588 3
589 1
591 1
597 1
598 1
602 1
604 2
605 1
606 1
608 1
612 1
614 1
615 1
618 1
619 1
621 2
622 1
623 1
624 2
625 1
626 1
627 2
630 1
631 1
632 3
633 2
634 3
635 3
636 2
637 2
638 1
640 1
641 2
642 4
643 3
644 1
645 1
646 1
647 4
649 2
650 1
651 2
652 2
653 1
654 3
655 2
656 2
657 1
658 3
661 3
662 3
663 1
664 1
665 2
666 1
667 1
668 4
669 1
670 4
671 1
672 2
673 2
674 3
675 4
676 2
677 5
678 3
679 1
680 4
681 1
682 3
683 4
684 3
685 3
686 2
687 1
688 2
689 2
690 1
691 5
692 5
693 3
694 1
695 5
696 4
697 2
698 3
699 4
700 5
701 2
702 3
703 3
704 5
705 4
706 4
707 3
708 3
709 1
710 1
711 4
712 7
713 7
714 4
715 7
716 1
717 6
718 3
719 7
720 6
721 1
722 4
723 4
724 2
725 3
726 2
727 4
728 7
729 7
730 4
731 3
732 5
733 4
734 3
735 11
736 6
737 7
738 3
739 2
740 4
741 1
742 5
743 4
744 4
745 11
746 4
747 7
748 11
749 6
750 6
751 5
752 5
753 4
754 5
755 7
756 8
757 5
758 6
759 10
760 8
761 6
762 11
763 8
764 7
765 5
766 2
767 11
768 6
769 8
770 3
771 5
772 10
773 8
774 7
775 5
776 6
777 10
778 8
779 9
780 10
781 10
782 8
783 4
784 6
785 8
786 9
787 13
788 6
789 10
790 10
791 7
792 7
793 8
794 9
795 5
796 15
797 8
798 9
799 10
800 8
801 12
802 7
803 7
804 11
805 12
806 9
807 17
808 5
809 10
810 8
811 9
812 10
813 12
814 16
815 10
816 14
817 6
818 11
819 13
820 7
821 7
822 12
823 15
824 12
825 10
826 7
827 16
828 10
829 9
830 10
831 9
832 8
833 18
834 12
835 12
836 12
837 10
838 10
839 14
840 12
841 12
842 9
843 8
844 19
845 22
846 10
847 11
848 12
849 18
850 12
851 11
852 17
853 14
854 14
855 13
856 17
857 13
858 12
859 10
860 12
861 10
862 12
863 13
864 15
865 19
866 14
867 17
868 14
869 21
870 14
871 16
872 15
873 13
874 11
875 12
876 13
877 14
878 10
879 12
880 14
881 14
882 20
883 15
884 16
885 11
886 12
887 14
888 11
889 14
890 14
891 13
892 9
893 6
894 17
895 14
896 15
897 15
898 10
899 8
900 16
901 10
902 14
903 17
904 15
905 19
906 10
907 20
908 14
909 17
910 19
911 17
912 15
913 27
914 14
915 19
916 20
917 15
918 23
919 16
920 20
921 15
922 7
923 19
924 17
925 15
926 9
927 14
928 14
929 18
930 16
931 13
932 16
933 17
934 12
935 14
936 21
937 15
938 11
939 15
940 13
941 24
942 22
943 20
944 14
945 17
946 14
947 15
948 19
949 14
950 21
951 12
952 20
953 20
954 19
955 21
956 22
957 13
958 16
959 18
960 26
961 17
962 16
963 21
964 17
965 18
966 16
967 19
968 24
969 21
970 16
971 19
972 16
973 19
974 27
975 21
976 20
977 14
978 15
979 23
980 16
981 17
982 16
983 14
984 13
985 26
986 19
987 20
988 18
989 14
990 18
991 14
992 12
993 28
994 17
995 13
996 19
997 27
998 24
999 22
1000 22
1001 14
1002 16
1003 13
1004 22
1005 20
1006 20
1007 17
1008 24
1009 16
1010 9
1011 22
1012 14
1013 23
1014 22
1015 16
1016 23
1017 15
1018 17
1019 22
1020 25
1021 16
1022 26
1023 16
1024 17
1025 16
1026 12
1027 18
1028 18
1029 22
1030 21
1031 17
1032 16
1033 21
1034 18
1035 18
1036 18
1037 21
1038 18
1039 18
1040 19
1041 19
1042 14
1043 20
1044 22
1045 16
1046 21
1047 19
1048 16
1049 18
1050 14
1051 26
1052 20
1053 12
1054 13
1055 26
1056 13
1057 14
1058 10
1059 11
1060 20
1061 15
1062 15
1063 26
1064 14
1065 18
1066 20
1067 18
1068 14
1069 21
1070 18
1071 19
1072 18
1073 19
1074 20
1075 10
1076 20
1077 13
1078 22
1079 23
1080 11
1081 19
1082 21
1083 15
1084 17
1085 18
1086 23
1087 16
1088 19
1089 8
1090 11
1091 13
1092 15
1093 17
1094 16
1095 13
1096 13
1097 11
1098 13
1099 15
1100 17
1101 16
1102 17
1103 10
1104 15
1105 26
1106 16
1107 21
1108 21
1109 13
1110 14
1111 14
1112 14
1113 16
1114 16
1115 13
1116 17
1117 20
1118 14
1119 17
1120 18
1121 8
1122 12
1123 12
1124 15
1125 12
1126 14
1127 13
1128 13
1129 14
1130 12
1131 13
1132 13
1133 14
1134 12
1135 17
1136 12
1137 15
1138 19
1139 13
1140 15
1141 17
1142 17
1143 8
1144 20
1145 15
1146 9
1147 17
1148 10
1149 10
1150 16
1151 17
1152 16
1153 9
1154 14
1155 15
1156 11
1157 12
1158 6
1159 12
1160 7
1161 18
1162 17
1163 11
1164 12
1165 12
1166 5
1167 6
1168 11
1169 12
1170 12
1171 6
1172 6
1173 10
1174 10
1175 8
1176 7
1177 13
1178 12
1179 3
1180 7
1181 11
1182 11
1183 10
1184 5
1185 8
1186 12
1187 16
1188 10
1189 12
1190 11
1191 8
1192 10
1193 9
1194 11
1195 10
1196 2
1197 10
1198 11
1199 9
1200 2
1201 8
1202 8
1203 1
1204 10
1205 11
1206 16
1207 10
1208 5
1209 10
1210 12
1211 15
1212 10
1213 9
1214 11
1215 8
1216 11
1217 9
1218 11
1219 8
1220 6
1221 11
1222 13
1223 10
1224 9
1225 5
1226 7
1227 7
1228 9
1229 11
1230 3
1231 8
1232 10
1233 5
1234 14
1235 1
1236 7
1237 5
1238 8
1239 10
1240 6
1241 7
1242 9
1243 5
1244 5
1245 4
1246 9
1247 8
1248 6
1249 6
1250 7
1251 7
1252 6
1253 5
1254 4
1255 4
1256 4
1257 3
1258 7
1259 6
1260 9
1261 1
1262 4
1263 4
1265 4
1266 4
1267 3
1268 5
1269 2
1270 4
1271 2
1272 6
1273 4
1274 6
1275 8
1276 4
1277 4
1278 5
1279 5
1280 5
1281 4
1282 7
1284 4
1285 8
1286 6
1287 3
1288 7
1289 5
1290 6
1291 5
1292 3
1293 3
1294 5
1295 7
1296 3
1297 2
1298 3
1299 3
1300 3
1301 4
1302 8
1303 5
1304 3
1305 2
1306 2
1307 2
1308 1
1309 4
1310 3
1311 1
1312 1
1313 2
1314 1
1315 3
1316 4
1317 4
1318 3
1319 3
1320 2
1321 1
1323 4
1324 5
1325 1
1326 3
1327 1
1328 5
1329 1
1330 3
1331 1
1332 2
1333 3
1334 2
1335 1
1336 3
1337 2
1341 1
1342 2
1343 4
1344 2
1345 1
1346 4
1349 2
1350 1
1351 1
1352 3
1353 2
1354 3
1355 1
1356 2
1357 4
1358 1
1359 1
1360 2
1361 1
1362 1
1363 1
1364 1
1366 1
1367 1
1368 2
1369 2
1371 3
1372 2
1373 1
1376 2
1378 2
1380 1
1382 2
1384 1
1387 1
1388 2
1389 1
1392 1
1393 2
1394 1
1397 1
1400 2
1403 1
1406 2
1420 1
1422 1
1431 1
1432 1
1433 1
1435 1
1448 1
1454 1
1457 1
1462 1
1464 1
