N J h mean_R_sq err_mean_R_sq mean_R_gyr_sq err_mean_R_gyr_sq 
2916 1.4 0 3830.42 330.596 984.115 38.1668
512 1
556 1
565 1
579 1
584 2
598 1
608 1
614 1
618 2
644 1
649 2
650 1
653 1
657 1
659 1
665 1
673 1
674 2
675 1
679 1
680 1
681 3
684 1
691 1
693 1
694 1
695 2
696 2
697 1
698 1
699 1
705 2
707 1
708 1
712 1
713 1
714 1
715 2
718 2
723 1
724 1
725 3
728 2
729 1
731 2
732 2
733 1
735 2
736 1
737 1
740 3
741 1
742 2
744 1
745 2
746 2
749 1
750 3
751 1
752 2
755 1
756 4
757 1
758 2
759 5
760 1
761 3
763 1
764 1
765 2
767 1
768 3
769 2
771 2
772 3
775 1
777 3
778 2
779 1
781 2
782 3
783 2
784 1
786 1
787 3
788 1
789 3
790 1
791 4
794 3
795 2
796 2
797 1
798 5
799 2
800 1
801 1
802 1
803 2
804 2
805 4
807 2
808 2
809 2
810 1
811 1
812 2
813 2
814 2
815 1
816 1
817 1
818 1
819 1
821 5
822 4
823 2
824 3
825 3
826 4
827 1
828 4
829 1
830 2
831 2
832 3
833 2
834 3
835 1
837 2
839 1
840 1
841 1
843 1
845 2
846 2
847 6
848 1
849 3
850 1
851 4
852 2
853 3
854 2
855 2
857 4
858 3
859 2
860 2
861 2
862 4
863 2
864 3
865 3
866 4
867 3
868 3
869 3
870 1
871 2
872 2
873 2
874 4
875 3
876 2
877 3
878 1
879 1
880 6
881 5
882 4
883 1
885 2
886 6
887 2
888 2
889 3
890 1
891 1
892 2
893 2
895 4
896 2
898 2
899 2
900 2
901 1
902 2
903 2
904 5
905 1
906 3
907 5
908 3
909 6
910 3
911 2
912 2
913 7
914 2
915 1
916 3
917 4
918 6
919 2
920 1
921 1
922 4
923 5
924 4
925 1
926 2
927 5
929 2
930 2
931 3
932 1
933 1
934 2
935 1
936 1
937 3
938 1
939 2
940 1
941 4
942 3
943 2
944 3
945 5
946 2
948 2
949 3
950 5
951 2
952 5
953 2
954 5
955 3
956 1
957 2
958 6
959 1
961 3
962 3
963 2
964 3
965 3
966 3
968 3
969 1
970 6
971 5
972 2
973 2
974 2
975 4
976 1
977 4
978 5
979 1
980 3
981 1
982 4
983 4
984 1
986 1
987 6
988 3
989 3
990 1
991 2
992 2
993 3
994 4
995 5
996 4
997 1
998 1
999 1
1000 4
1001 4
1002 7
1003 3
1004 5
1005 4
1006 1
1007 2
1008 1
1009 4
1010 3
1011 3
1012 1
1013 3
1014 2
1015 2
1016 4
1018 2
1019 2
1020 3
1021 4
1022 2
1023 6
1024 4
1025 4
1027 1
1028 5
1029 5
1030 3
1031 4
1032 3
1034 2
1035 3
1036 6
1037 4
1038 4
1039 5
1040 2
1041 1
1042 4
1043 3
1044 2
1045 1
1046 7
1047 5
1048 3
1049 3
1051 6
1052 3
1053 2
1054 4
1055 4
1056 3
1057 3
1058 2
1059 2
1060 3
1061 2
1062 1
1063 7
1064 1
1065 4
1066 4
1067 3
1068 3
1069 1
1070 3
1071 4
1072 2
1073 3
1074 4
1075 2
1076 6
1077 2
1078 4
1079 1
1080 2
1081 1
1082 3
1083 6
1084 7
1085 5
1086 5
1087 4
1088 1
1090 2
1091 1
1092 3
1093 2
1094 4
1095 2
1096 1
1097 1
1098 2
1099 4
1100 1
1101 2
1102 1
1103 5
1104 4
1105 1
1106 1
1107 5
1108 2
1109 2
1110 4
1111 3
1112 4
1113 4
1114 2
1115 3
1116 3
1117 5
1118 1
1120 1
1121 1
1122 2
1123 4
1124 2
1125 1
1126 2
1127 1
1128 3
1129 4
1130 2
1131 1
1134 1
1135 1
1136 3
1137 2
1138 3
1139 5
1140 1
1141 2
1142 1
1143 2
1144 1
1146 3
1147 6
1148 3
1149 4
1150 2
1151 1
1152 1
1155 1
1156 1
1157 1
1158 1
1159 5
1160 2
1161 3
1162 5
1163 3
1165 2
1167 4
1168 3
1171 4
1173 2
1175 3
1176 2
1178 4
1179 2
1180 1
1181 4
1183 2
1185 4
1186 2
1189 1
1190 1
1191 4
1192 3
1193 3
1194 4
1195 1
1196 1
1197 1
1198 1
1199 1
1200 4
1202 3
1203 1
1204 1
1205 1
1206 1
1207 1
1208 1
1211 5
1212 2
1213 1
1215 3
1216 2
1217 2
1218 2
1219 1
1220 1
1221 1
1222 1
1223 2
1225 2
1226 2
1229 2
1230 1
1231 1
1232 1
1233 1
1234 1
1235 3
1236 1
1237 1
1238 1
1239 1
1240 2
1241 1
1242 2
1243 2
1244 3
1246 2
1247 1
1249 1
1250 2
1251 1
1252 3
1253 3
1255 1
1256 1
1263 2
1264 3
1265 5
1266 2
1268 1
1270 1
1271 2
1273 2
1274 1
1276 1
1277 1
1279 3
1280 2
1281 3
1282 1
1287 2
1288 1
1290 1
1292 1
1293 1
1294 1
1296 1
1297 2
1298 2
1299 1
1301 1
1302 1
1304 1
1309 1
1311 1
1312 1
1314 2
1319 1
1320 1
1324 2
1328 2
1333 1
1335 1
1337 1
1338 1
1339 1
1348 2
1349 1
1354 1
1356 1
1367 1
1372 1
1373 1
1377 1
1379 1
1382 1
1384 1
1389 1
1395 1
1400 1
1407 2
1422 1
1425 1
1432 1
1475 1
1519 1
