N J h mean_R_sq err_mean_R_sq mean_R_gyr_sq err_mean_R_gyr_sq 
8100 1.43 0 428358 225766 73607.1 34443.8
224 1
229 3
230 6
232 6
233 2
234 5
235 12
236 16
237 15
238 19
239 14
240 19
241 13
242 16
243 18
244 18
245 22
246 15
247 35
248 31
249 32
250 36
251 35
252 45
253 53
254 61
255 61
256 57
257 88
258 77
259 82
260 61
261 83
262 72
263 82
264 98
265 108
266 106
267 124
268 107
269 91
270 98
271 125
272 97
273 111
274 115
275 120
276 124
277 117
278 128
279 129
280 113
281 129
282 143
283 124
284 126
285 125
286 133
287 130
288 150
289 146
290 162
291 144
292 164
293 159
294 183
295 167
296 166
297 155
298 165
299 160
300 169
301 171
302 164
303 204
304 189
305 175
306 150
307 174
308 191
309 139
310 141
311 121
312 122
313 124
314 131
315 105
316 116
317 123
318 111
319 112
320 86
321 77
322 97
323 100
324 98
325 98
326 92
327 119
328 118
329 110
330 99
331 118
332 116
333 111
334 120
335 144
336 157
337 163
338 179
339 162
340 171
341 147
342 173
343 192
344 195
345 199
346 224
347 184
348 218
349 211
350 203
351 197
352 220
353 228
354 229
355 198
356 211
357 252
358 223
359 217
360 207
361 210
362 181
363 184
364 196
365 182
366 172
367 157
368 163
369 136
370 125
371 84
372 97
373 93
374 91
375 84
376 85
377 74
378 64
379 67
380 68
381 42
382 51
383 35
384 38
385 32
386 26
387 12
388 17
389 15
390 8
391 11
392 12
393 10
394 8
395 6
396 3
397 2
398 7
400 3
