N J h mean_R_sq err_mean_R_sq mean_R_gyr_sq err_mean_R_gyr_sq 
2916 1.32 0 52966.7 25443.2 8024.88 3771.64
899 1
914 1
918 1
924 1
926 1
928 2
929 1
930 1
933 1
934 1
937 2
938 1
939 1
940 1
941 2
943 1
944 3
947 4
948 2
949 1
952 3
953 1
954 1
955 1
956 1
957 3
958 2
959 4
960 3
961 1
962 3
963 2
964 2
965 1
966 3
967 4
968 2
969 1
970 3
971 1
972 1
973 4
974 4
975 2
976 3
977 5
978 2
979 3
980 4
981 4
983 5
984 2
985 4
987 2
988 1
989 3
990 2
991 3
992 1
993 2
994 2
995 2
996 5
997 1
998 1
999 2
1000 3
1002 3
1003 3
1004 3
1005 2
1006 5
1007 3
1008 3
1009 3
1010 1
1011 3
1012 3
1014 1
1015 1
1016 1
1017 2
1019 1
1020 2
1021 1
1022 2
1023 2
1024 1
1026 1
1028 1
1029 1
1032 2
1033 1
1035 1
1044 1
1083 1
