N J h mean_R_sq err_mean_R_sq mean_R_gyr_sq err_mean_R_gyr_sq 
1600 1.325 0 10560.1 135.709 1643.83 13.6545
1000 259
1001 240
1002 194
1003 220
1004 218
1005 174
1006 190
1007 178
1008 148
1009 157
1010 142
1011 123
1012 142
1013 104
1014 108
1015 100
1016 89
1017 100
1018 75
1019 79
1020 92
1021 69
1022 61
1023 53
1024 58
1025 39
1026 46
1027 45
1028 47
1029 44
1030 36
1031 28
1032 33
1033 30
1034 22
1035 21
1036 25
1037 24
1038 24
1039 13
1040 25
1041 10
1042 14
1043 13
1044 19
1045 22
1046 14
1047 13
1048 17
1049 11
1050 14
1051 12
1052 7
1053 13
1054 12
1055 8
1056 10
1057 3
1058 7
1059 4
1060 11
1061 2
1062 1
1063 5
1064 7
1065 4
1066 2
1067 4
1068 5
1069 4
1070 3
1071 1
1072 6
1073 2
1074 3
1076 4
1077 3
1078 1
1079 3
1080 1
1081 4
1083 2
1084 3
1085 1
1087 2
1089 2
1090 2
1091 2
1093 2
1094 2
1096 1
1097 1
1103 1
1105 1
1119 1
1123 1
1124 1
