N J h mean_R_sq err_mean_R_sq mean_R_gyr_sq err_mean_R_gyr_sq 
8100 1.435 0 94895.6 84024.7 18986 16064.3
229 1
230 1
232 1
233 1
234 2
236 2
237 2
238 7
239 2
240 6
241 4
242 8
243 10
244 17
245 17
246 17
247 27
248 30
249 28
250 30
251 46
252 39
253 41
254 35
255 31
256 23
257 35
258 25
259 22
260 13
261 22
262 21
263 22
264 22
265 26
266 30
267 21
268 26
269 33
270 32
271 31
272 32
273 34
274 41
275 32
276 34
277 34
278 49
279 42
280 41
281 37
282 36
283 33
284 19
285 33
286 18
287 19
288 14
289 18
290 15
291 15
292 11
293 11
294 6
295 10
296 7
297 15
298 6
299 5
300 11
301 4
302 7
303 8
304 5
305 6
306 6
307 6
308 4
309 9
310 4
311 5
312 7
313 3
314 5
315 7
316 10
317 10
318 9
319 12
320 12
321 10
322 19
323 18
324 27
325 15
326 25
327 26
328 25
329 46
330 44
331 54
332 64
333 46
334 72
335 74
336 101
337 89
338 99
339 125
340 151
341 151
342 139
343 149
344 175
345 180
346 181
347 209
348 215
349 239
350 263
351 249
352 252
353 305
354 297
355 317
356 325
357 343
358 357
359 362
360 327
361 368
362 407
363 357
364 394
365 383
366 369
367 382
368 343
369 362
370 366
371 350
372 324
373 337
374 287
375 315
376 299
377 279
378 274
379 241
380 229
381 194
382 197
383 203
384 197
385 139
386 122
387 138
388 121
389 108
390 98
391 93
392 72
393 73
394 62
395 54
396 39
397 35
398 41
399 20
400 21
401 25
402 15
403 18
404 12
405 6
406 10
407 5
408 6
409 6
410 4
412 1
413 2
414 3
415 1
417 1
