N J h mean_R_sq err_mean_R_sq mean_R_gyr_sq err_mean_R_gyr_sq 
1225 1.4 0 2127.04 60.2181 466.327 4.93511
410 1
432 1
435 1
443 1
453 1
460 1
491 1
498 1
499 1
505 1
507 1
517 1
518 1
521 1
524 1
530 2
532 1
535 1
539 1
547 1
549 1
556 1
558 1
564 1
565 1
567 1
570 1
573 2
574 2
575 1
576 1
578 1
581 2
584 1
585 1
589 2
592 1
595 1
596 1
597 1
598 2
599 1
600 1
603 1
604 1
605 2
606 1
607 2
609 1
610 2
611 1
612 1
614 1
615 1
616 3
617 5
619 1
620 1
621 1
622 3
624 1
626 1
627 2
628 1
633 2
637 2
638 1
642 1
643 3
644 1
645 2
646 1
647 1
648 2
650 3
651 2
652 1
653 2
654 3
655 1
657 1
659 1
660 3
662 2
663 2
664 3
665 1
666 1
667 1
668 1
670 1
672 1
673 1
674 1
675 2
680 1
681 3
682 3
684 1
685 4
686 2
687 1
690 1
691 1
692 1
693 1
694 3
695 1
696 2
697 1
698 1
700 2
701 2
702 2
703 2
704 2
705 2
706 2
707 1
710 1
711 1
713 1
714 5
715 1
716 1
717 2
719 2
720 4
721 4
722 1
723 1
725 2
726 2
727 4
728 5
730 3
731 1
732 5
733 4
734 2
735 3
736 6
737 2
738 2
739 3
741 3
742 2
743 3
744 4
745 1
746 2
747 2
748 1
749 1
750 1
751 1
752 3
753 1
755 2
756 1
757 1
758 2
759 3
760 1
761 2
762 2
763 2
764 1
765 3
766 4
767 2
768 6
769 3
770 2
771 1
772 3
773 3
775 3
776 1
777 5
778 1
779 3
780 3
781 3
783 3
784 4
785 2
786 1
787 1
788 2
789 2
791 1
792 2
793 1
794 2
795 4
796 2
798 2
799 3
801 3
802 4
803 3
804 3
805 2
806 2
807 4
808 1
809 1
810 4
811 3
812 4
813 1
814 4
815 3
816 3
817 4
818 1
819 4
820 4
821 2
822 4
823 1
824 1
825 4
826 5
827 2
828 4
829 5
830 1
831 1
832 2
833 6
834 10
835 1
836 4
837 6
838 6
839 3
840 5
841 4
842 1
843 3
844 3
845 2
846 2
847 3
848 3
849 4
850 5
851 4
852 1
853 5
854 1
855 4
856 3
857 3
858 5
859 1
860 6
861 3
862 4
863 4
864 2
865 6
866 9
867 3
868 2
869 1
870 4
871 5
872 1
873 1
874 6
875 4
876 2
877 1
879 2
880 6
881 3
882 3
883 6
884 2
885 5
886 4
887 5
888 2
889 4
890 6
891 3
892 3
893 1
894 5
895 2
896 7
898 4
899 7
900 3
901 4
902 1
903 3
904 2
905 5
906 4
907 3
908 3
909 6
910 4
911 2
912 3
913 4
914 3
915 1
916 2
917 4
918 6
919 2
920 6
921 2
922 4
923 7
924 3
925 5
926 7
927 5
928 3
929 2
930 1
931 4
932 5
933 4
934 6
935 6
936 6
937 4
938 5
939 3
940 3
941 6
942 7
943 3
944 5
945 5
946 2
948 2
949 7
950 4
951 2
952 5
953 5
954 5
955 1
956 2
957 6
958 8
959 5
960 2
961 2
962 5
963 2
964 3
965 2
966 3
967 2
968 4
969 4
970 6
971 1
972 2
973 3
974 2
975 5
976 4
977 4
978 2
979 5
980 3
981 7
982 3
983 3
984 3
985 6
986 4
987 2
988 2
989 8
990 2
991 3
992 2
993 5
994 1
995 3
996 5
997 5
998 3
1000 3
1001 1
1002 3
1003 3
1004 3
1005 3
1006 2
1007 2
1008 2
1009 4
1010 3
1011 5
1012 7
1013 3
1014 7
1015 4
1016 6
1017 2
1018 1
1019 4
1020 4
1021 3
1022 2
1023 2
1024 6
1025 1
1026 3
1027 5
1028 5
1029 4
1030 4
1031 5
1032 5
1033 2
1034 2
1035 2
1036 5
1037 5
1038 5
1039 6
1040 5
1041 4
1042 8
1043 2
1045 7
1046 2
1047 2
1048 4
1049 8
1050 1
1051 1
1052 3
1053 3
1054 6
1055 6
1056 2
1057 2
1058 5
1059 2
1060 2
1061 2
1062 1
1063 4
1064 1
1065 2
1066 7
1067 2
1068 3
1069 4
1070 3
1071 3
1072 3
1073 2
1074 4
1075 1
1076 4
1077 5
1078 3
1079 3
1080 3
1081 3
1082 4
1083 2
1084 2
1085 4
1086 3
1087 3
1088 3
1089 2
1090 2
1091 1
1092 6
1093 7
1094 2
1095 5
1096 7
1097 7
1098 2
1099 7
1100 5
1101 1
1102 2
1103 4
1104 3
1105 3
1106 3
1107 3
1108 2
1109 2
1110 6
1111 3
1112 2
1113 4
1114 6
1115 6
1116 1
1117 5
1118 4
1119 1
1121 4
1122 1
1123 2
1124 1
1125 2
1126 5
1127 5
1128 1
1129 4
1130 4
1131 1
1132 4
1133 3
1134 2
1135 4
1136 5
1137 4
1138 2
1139 2
1140 4
1141 1
1142 2
1143 3
1144 2
1145 4
1146 2
1147 6
1148 5
1149 5
1150 6
1151 3
1152 2
1153 2
1154 3
1155 8
1156 3
1157 2
1158 5
1159 5
1160 2
1161 2
1162 7
1163 2
1164 4
1165 4
1166 5
1167 1
1168 2
1169 3
1170 4
1171 4
1174 1
1175 4
1176 2
1177 1
1178 4
1179 4
1180 3
1181 4
1182 4
1183 3
1184 6
1185 2
1186 6
1187 2
1188 1
1189 4
1190 2
1191 4
1192 4
1193 4
1194 1
1195 2
1196 2
1197 3
1198 1
1199 4
1200 4
1201 1
1202 1
1203 4
1204 1
1205 3
1207 3
1208 1
1210 2
1211 5
1212 3
1213 1
1214 3
1215 2
1216 3
1217 2
1218 2
1219 3
1220 2
1221 2
1222 3
1223 1
1224 5
1225 3
1226 2
1227 3
1228 1
1230 8
1231 1
1232 6
1233 2
1234 1
1235 4
1236 2
1237 3
1238 3
1239 1
1240 5
1241 1
1242 1
1243 1
1244 3
1245 3
1246 2
1247 4
1248 1
1249 1
1250 2
1251 4
1252 6
1254 2
1255 3
1256 4
1258 2
1259 3
1260 3
1261 3
1263 3
1264 3
1265 3
1266 3
1267 2
1269 1
1270 5
1271 4
1272 1
1273 3
1275 1
1276 1
1279 1
1280 1
1282 1
1283 3
1284 1
1285 2
1286 2
1287 3
1288 3
1289 1
1290 1
1291 1
1292 1
1293 3
1296 1
1297 4
1298 1
1299 1
1300 1
1301 4
1302 1
1303 2
1306 1
1307 1
1309 3
1310 2
1311 1
1314 3
1315 3
1316 1
1317 1
1318 2
1319 1
1320 2
1321 3
1322 1
1323 1
1325 3
1326 1
1327 3
1328 1
1329 3
1330 1
1332 2
1333 1
1334 3
1335 2
1336 1
1337 3
1338 1
1339 2
1340 1
1341 1
1342 3
1343 4
1344 2
1345 2
1346 2
1347 1
1348 1
1349 1
1350 1
1353 2
1355 2
1358 1
1360 1
1362 1
1363 2
1365 2
1366 1
1368 1
1369 1
1370 3
1371 1
1372 2
1373 1
1374 1
1376 2
1377 1
1378 1
1379 1
1381 1
1383 1
1389 3
1391 1
1392 2
1394 1
1395 1
1396 1
1397 1
1398 1
1400 1
1401 1
1402 1
1403 3
1407 1
1408 1
1410 1
1411 2
1412 1
1413 1
1419 1
1420 3
1422 1
1427 1
1431 2
1432 1
1437 1
1444 1
1446 1
1453 1
1455 2
1464 1
1465 1
1468 1
1476 1
1490 1
1517 1
1519 1
1539 2
1540 1
1545 1
1546 1
