N J h mean_R_sq err_mean_R_sq mean_R_gyr_sq err_mean_R_gyr_sq 
4900 1.348 0 31257.5 1170.61 5132.07 169.994
808 2
813 1
815 1
816 1
820 1
821 1
824 1
825 2
826 2
827 2
828 4
829 4
831 1
832 3
833 2
834 1
835 2
836 4
837 6
838 4
839 3
840 4
841 10
842 5
843 13
844 8
845 6
846 7
847 9
848 6
849 10
850 15
851 15
852 13
853 20
854 16
855 17
856 21
857 25
858 14
859 36
860 31
861 29
862 27
863 30
864 40
865 39
866 43
867 42
868 41
869 48
870 50
871 71
872 54
873 56
874 67
875 61
876 74
877 88
878 78
879 78
880 63
881 85
882 93
883 87
884 81
885 96
886 105
887 99
888 90
889 124
890 94
891 94
892 97
893 131
894 88
895 129
896 104
897 129
898 102
899 125
900 121
901 109
902 111
903 115
904 126
905 126
906 126
907 118
908 138
909 138
910 100
911 99
912 110
913 96
914 99
915 111
916 88
917 79
918 84
919 83
920 89
921 83
922 77
923 79
924 73
925 75
926 73
927 64
928 74
929 67
930 53
931 61
932 60
933 44
934 41
935 44
936 35
937 46
938 39
939 34
940 36
941 25
942 27
943 26
944 21
945 21
946 14
947 15
948 15
949 21
950 13
951 9
952 12
953 10
954 6
955 5
956 4
957 6
958 6
959 5
960 1
961 1
962 3
963 3
964 3
965 2
966 1
967 4
968 1
969 1
970 2
972 5
973 1
974 1
976 1
977 1
985 1
986 1
