N J h mean_R_sq err_mean_R_sq mean_R_gyr_sq err_mean_R_gyr_sq 
1225 1.356 0 4367.23 154.334 772.33 15.5143
636 1
642 1
653 1
678 1
691 1
702 1
713 1
721 1
730 1
739 1
749 1
751 2
752 1
753 1
760 1
761 1
763 1
767 1
770 2
773 1
775 1
785 2
786 1
790 1
792 1
794 1
797 2
801 1
803 1
806 1
808 1
811 2
814 1
816 1
818 1
819 1
820 2
821 2
822 2
824 1
825 1
827 1
831 1
832 1
833 1
834 2
841 1
842 1
843 1
844 2
845 2
846 1
847 2
848 1
851 4
852 2
853 1
855 1
856 2
857 2
858 2
859 1
860 1
861 3
863 2
865 1
866 2
867 1
869 4
870 1
871 1
874 2
875 1
876 1
877 4
878 2
879 1
880 3
881 2
882 3
883 2
884 1
885 4
886 2
887 3
888 3
890 1
891 2
892 1
893 3
894 4
896 2
897 4
898 1
899 1
900 3
901 1
902 4
903 1
905 3
906 2
907 2
908 4
909 1
911 2
912 3
914 2
916 2
917 1
918 2
919 3
921 1
922 2
924 1
925 1
926 2
927 1
928 2
930 1
931 1
932 1
933 1
935 1
936 3
937 1
938 1
939 2
940 1
942 4
944 1
945 2
946 2
947 2
948 4
949 2
950 2
951 2
952 5
953 1
954 3
955 1
956 4
957 1
958 5
960 4
962 1
964 2
965 1
966 2
967 2
968 4
969 2
971 3
972 5
973 2
974 2
976 3
977 1
979 2
982 2
983 3
984 1
985 3
986 3
988 2
989 3
991 3
992 1
993 3
995 2
996 2
997 2
998 4
999 1
1000 1
1001 2
1002 2
1003 2
1004 1
1005 5
1006 1
1007 1
1008 1
1009 1
1010 2
1011 1
1012 2
1013 1
1014 3
1015 2
1016 4
1017 1
1018 2
1019 2
1020 1
1021 1
1022 1
1023 3
1024 1
1025 2
1028 3
1030 3
1031 2
1032 1
1034 4
1035 1
1036 3
1037 2
1038 1
1039 3
1040 1
1041 1
1043 1
1044 2
1045 3
1047 3
1048 3
1050 3
1052 3
1054 1
1055 1
1056 3
1057 4
1058 5
1060 1
1061 3
1062 1
1063 1
1065 2
1066 2
1067 2
1068 1
1069 2
1070 1
1071 1
1073 3
1074 1
1075 2
1078 1
1079 1
1081 2
1083 2
1084 1
1085 2
1086 2
1088 1
1089 2
1090 4
1091 3
1092 4
1093 2
1094 1
1095 2
1096 2
1100 2
1101 2
1102 1
1103 3
1105 2
1106 1
1108 2
1111 1
1114 2
1115 1
1118 1
1119 1
1120 1
1121 2
1122 1
1123 1
1125 1
1127 2
1129 1
1130 3
1131 1
1132 1
1133 1
1135 1
1136 2
1137 2
1138 1
1139 2
1140 1
1141 1
1142 2
1143 1
1144 1
1145 2
1147 1
1149 2
1152 1
1153 2
1154 2
1155 2
1156 1
1157 2
1160 2
1161 1
1162 1
1163 2
1164 1
1165 1
1169 1
1170 4
1171 1
1173 2
1175 1
1177 1
1178 1
1184 1
1185 2
1188 2
1201 1
1203 1
1204 2
1205 1
1206 1
1208 1
1209 1
1211 2
1215 1
1219 1
1220 1
1227 3
1228 1
1229 1
1233 2
1241 1
1242 1
1250 1
1254 1
1255 1
1258 1
1277 1
1278 1
1290 1
1296 1
1304 1
1317 1
1322 1
