N J h mean_R_sq err_mean_R_sq mean_R_gyr_sq err_mean_R_gyr_sq 
2916 1.38 0 12126.9 3461.02 2183.8 543.113
686 1
688 2
722 1
724 1
755 1
760 1
768 1
773 1
781 1
786 1
793 1
796 1
797 1
801 1
810 1
813 3
816 1
817 1
819 1
826 1
829 1
837 2
838 1
840 1
841 1
842 1
843 1
846 1
847 2
848 1
849 1
852 2
853 1
854 1
857 1
864 1
866 1
867 3
868 1
870 1
872 1
873 2
874 2
876 1
880 1
884 1
885 1
887 1
889 1
891 1
893 1
894 1
895 1
896 1
897 1
898 3
899 1
901 1
904 1
905 1
906 1
910 1
911 1
915 2
916 2
918 1
922 1
923 1
924 2
925 1
926 2
928 1
930 1
931 1
932 2
933 1
938 1
942 1
943 2
944 1
945 1
946 1
948 1
949 5
951 2
952 2
953 1
954 2
955 1
956 1
958 2
959 2
960 1
964 2
967 1
969 2
971 2
972 1
974 1
975 1
979 2
983 1
984 3
985 1
986 1
988 2
989 2
990 1
991 1
994 1
996 4
1002 2
1003 2
1004 2
1006 2
1010 2
1012 2
1014 3
1015 2
1019 2
1023 3
1024 2
1025 2
1027 2
1029 3
1030 1
1031 2
1032 1
1033 2
1034 2
1037 3
1040 1
1041 1
1042 1
1043 1
1045 1
1049 2
1050 1
1051 1
1053 1
1054 2
1055 2
1056 1
1058 1
1059 1
1060 1
1061 2
1064 3
1065 1
1068 1
1069 2
1070 1
1071 1
1072 1
1076 1
1077 2
1078 2
1079 1
1080 2
1081 3
1082 2
1083 2
1084 1
1085 2
1088 1
1089 1
1091 2
1092 2
1095 1
1100 1
1105 1
1107 2
1109 1
1110 1
1117 1
1118 1
1123 2
1124 1
1125 1
1126 1
1128 1
1129 1
1131 1
1133 2
1134 1
1142 1
1143 2
1145 1
1147 1
1148 1
1149 1
1166 1
1170 1
1179 1
1180 1
1189 1
1190 1
1194 1
1195 1
1196 1
1199 2
1200 1
1203 1
1204 1
1206 1
1210 1
1214 1
1216 1
1223 1
1240 1
1243 1
1254 1
1264 1
1280 1
1307 1
1318 1
1331 1
