N J h mean_R_sq err_mean_R_sq mean_R_gyr_sq err_mean_R_gyr_sq 
4900 1.36 0 23213.9 1574.2 3919.51 166.667
709 1
733 1
755 1
781 1
783 1
786 1
788 2
791 1
792 3
798 1
801 1
802 1
803 1
805 2
806 2
807 1
808 2
810 1
811 1
815 2
816 2
818 1
819 3
820 2
821 1
823 1
826 1
827 2
828 2
829 1
830 2
831 2
833 1
834 2
835 1
836 3
838 3
839 1
840 1
841 2
842 2
843 1
844 2
845 1
846 2
847 3
848 3
849 1
850 1
853 1
854 3
855 4
856 1
858 3
859 3
860 3
861 4
862 7
863 6
864 4
866 5
867 5
868 9
869 5
870 8
871 5
872 6
873 2
874 3
875 4
876 6
877 1
878 4
879 5
880 4
881 2
882 3
883 3
884 7
885 3
886 3
887 5
888 2
889 3
890 2
891 4
892 5
893 5
894 3
895 7
896 3
897 4
898 11
899 6
900 2
901 5
902 3
903 7
904 11
905 3
906 8
907 10
908 11
909 11
910 5
911 8
912 6
913 5
914 8
915 9
916 8
917 11
918 9
919 11
920 13
921 10
922 14
923 12
924 11
925 13
926 9
927 8
928 11
929 10
930 10
931 12
932 12
933 11
934 7
935 16
936 11
937 13
938 10
939 10
940 17
941 11
942 21
943 12
944 11
945 13
946 12
947 9
948 15
949 10
950 15
951 16
952 14
953 13
954 19
955 17
956 14
957 14
958 15
959 10
960 16
961 17
962 18
963 15
964 17
965 11
966 24
967 16
968 14
969 12
970 15
971 15
972 17
973 18
974 20
975 10
976 15
977 23
978 20
979 18
980 20
981 14
982 20
983 20
984 20
985 13
986 24
987 20
988 18
989 17
990 13
991 18
992 13
993 15
994 16
995 15
996 9
997 12
998 15
999 14
1000 14
1001 18
1002 13
1003 17
1004 21
1005 14
1006 16
1007 20
1008 15
1009 20
1010 26
1011 14
1012 12
1013 14
1014 11
1015 14
1016 14
1017 16
1018 25
1019 13
1020 11
1021 15
1022 12
1023 16
1024 15
1025 15
1026 12
1027 18
1028 12
1029 17
1030 13
1031 16
1032 18
1033 16
1034 10
1035 14
1036 14
1037 14
1038 6
1039 9
1040 15
1041 10
1042 16
1043 14
1044 12
1045 12
1046 14
1047 8
1048 23
1049 15
1050 5
1051 16
1052 13
1053 9
1054 11
1055 16
1056 14
1057 10
1058 9
1059 16
1060 10
1061 8
1062 13
1063 13
1064 12
1065 13
1066 10
1067 6
1068 8
1069 14
1070 7
1071 9
1072 10
1073 11
1074 12
1075 4
1076 11
1077 11
1078 12
1079 7
1080 14
1081 8
1082 4
1083 6
1084 7
1085 11
1086 12
1087 7
1088 9
1089 14
1090 13
1091 4
1092 8
1093 16
1094 12
1095 6
1096 5
1097 11
1098 8
1099 8
1100 6
1101 5
1102 4
1103 5
1104 3
1105 5
1106 6
1107 6
1108 10
1109 4
1110 7
1111 8
1112 3
1113 6
1114 8
1115 2
1116 6
1117 5
1118 6
1119 2
1120 6
1121 4
1122 3
1123 8
1124 10
1125 1
1126 1
1127 3
1128 3
1129 3
1130 1
1131 3
1132 2
1133 5
1134 6
1135 7
1136 1
1137 5
1138 5
1139 2
1140 4
1141 1
1142 4
1143 1
1145 3
1146 6
1147 1
1148 2
1149 4
1150 2
1151 2
1152 1
1153 2
1154 2
1155 1
1156 1
1157 2
1158 1
1159 1
1160 1
1161 2
1162 1
1163 4
1164 1
1166 2
1167 2
1168 2
1169 2
1170 1
1171 3
1174 1
1175 2
1176 1
1177 1
1180 2
1181 1
1182 2
1183 1
1184 1
1185 1
1186 2
1190 1
1194 2
1196 1
1197 1
1198 1
1200 1
1201 1
1202 1
1204 1
1211 1
1218 1
1226 1
1228 1
1236 1
1273 1
