N J h mean_R_sq err_mean_R_sq mean_R_gyr_sq err_mean_R_gyr_sq 
4900 1.364 0 22809.7 3207.74 3919.46 416.906
1000 437
1001 399
1002 401
1003 370
1004 345
1005 327
1006 266
1007 268
1008 270
1009 230
1010 195
1011 215
1012 162
1013 159
1014 149
1015 149
1016 105
1017 119
1018 125
1019 104
1020 87
1021 115
1022 72
1023 87
1024 67
1025 63
1026 67
1027 51
1028 41
1029 44
1030 43
1031 37
1032 35
1033 37
1034 26
1035 45
1036 29
1037 29
1038 33
1039 26
1040 22
1041 21
1042 12
1043 15
1044 29
1045 12
1046 24
1047 11
1048 10
1049 10
1050 5
1051 4
1052 4
1053 16
1054 6
1055 6
1056 4
1057 2
1058 10
1059 5
1060 1
1061 6
1062 2
1063 2
1064 1
1065 4
1066 1
1067 2
1068 1
1069 1
1070 1
1071 1
1072 2
1073 1
1074 1
1075 2
1076 3
1077 1
1078 1
1079 1
1081 1
1082 1
1084 1
1092 1
1098 1
1103 1
1120 1
