N J h mean_R_sq err_mean_R_sq mean_R_gyr_sq err_mean_R_gyr_sq 
4900 1.36 0 22737.2 555.955 3897.29 63.08
1000 1261
1001 1145
1002 1045
1003 961
1004 853
1005 787
1006 752
1007 669
1008 667
1009 589
1010 509
1011 522
1012 457
1013 406
1014 347
1015 297
1016 282
1017 293
1018 241
1019 202
1020 197
1021 212
1022 188
1023 151
1024 145
1025 112
1026 115
1027 109
1028 104
1029 108
1030 89
1031 86
1032 70
1033 90
1034 63
1035 59
1036 51
1037 53
1038 56
1039 36
1040 42
1041 23
1042 29
1043 28
1044 27
1045 31
1046 19
1047 21
1048 14
1049 24
1050 10
1051 11
1052 13
1053 12
1054 6
1055 12
1056 3
1057 4
1058 7
1059 4
1060 4
1061 7
1062 5
1063 5
1064 8
1065 4
1066 3
1067 3
1068 3
1069 3
1070 1
1071 3
1072 3
1073 4
1074 1
1075 3
1076 1
1077 3
1078 2
1079 1
1080 3
1084 2
1085 3
1088 1
1089 1
1094 1
1100 1
1112 1
