N J h mean_R_sq err_mean_R_sq mean_R_gyr_sq err_mean_R_gyr_sq 
2500 1.47 0 2190.22 553.465 619.214 66.2677
1000 6
1001 1
1002 1
1003 2
1005 5
1006 4
1007 2
1008 2
1009 1
1010 2
1011 2
1012 1
1014 2
1015 3
1016 3
1017 7
1019 4
1020 3
1021 2
1022 4
1023 5
1024 6
1025 3
1026 4
1027 6
1028 5
1029 3
1030 4
1031 1
1032 3
1033 5
1034 1
1035 3
1036 3
1037 7
1038 3
1039 3
1040 4
1041 2
1042 4
1044 2
1045 7
1046 6
1047 5
1048 3
1049 7
1050 5
1051 4
1052 6
1053 5
1054 5
1055 2
1056 4
1057 9
1058 1
1060 4
1061 2
1062 5
1063 6
1064 2
1065 4
1066 1
1067 1
1068 5
1069 4
1070 3
1071 7
1072 3
1073 4
1074 4
1075 3
1076 2
1077 3
1078 2
1079 3
1080 6
1081 3
1082 6
1083 9
1084 5
1085 5
1087 4
1088 4
1089 2
1090 3
1091 3
1092 7
1093 3
1094 6
1095 2
1096 1
1097 5
1098 4
1099 2
1100 6
1101 1
1102 3
1103 5
1104 7
1105 2
1106 13
1107 2
1108 5
1109 6
1110 8
1111 2
1112 8
1113 8
1114 4
1115 7
1116 11
1117 3
1118 7
1119 9
1120 6
1121 7
1122 8
1123 5
1124 7
1125 6
1126 6
1127 1
1128 5
1129 9
1130 4
1131 4
1132 9
1133 6
1134 5
1135 7
1136 3
1137 5
1138 11
1139 9
1140 5
1141 10
1142 6
1143 10
1144 7
1145 7
1146 4
1147 4
1148 6
1149 4
1150 6
1151 14
1152 9
1153 6
1154 6
1155 9
1156 8
1157 9
1158 7
1159 6
1160 10
1161 6
1162 8
1163 7
1164 5
1165 5
1166 6
1167 6
1168 10
1169 7
1170 4
1171 7
1172 11
1173 5
1174 2
1175 7
1176 6
1177 9
1178 11
1179 6
1180 8
1181 7
1182 5
1183 9
1184 18
1185 8
1186 6
1187 2
1188 7
1189 6
1190 6
1191 8
1192 13
1193 7
1194 14
1195 8
1196 6
1197 7
1198 5
1199 11
1200 6
1201 5
1202 15
1203 9
1204 8
1205 7
1206 7
1207 10
1208 12
1209 8
1210 9
1211 5
1212 9
1213 14
1214 8
1215 11
1216 14
1217 5
1218 6
1219 9
1220 8
1221 10
1222 8
1223 8
1224 6
1225 14
1226 9
1227 6
1228 9
1229 11
1230 9
1231 8
1232 6
1233 12
1234 8
1235 10
1236 9
1237 10
1238 5
1239 11
1240 9
1241 13
1242 8
1243 10
1244 3
1245 7
1246 10
1247 11
1248 9
1249 6
1250 8
1251 9
1252 9
1253 10
1254 9
1255 7
1256 7
1257 10
1258 12
1259 9
1260 6
1261 12
1262 6
1263 12
1264 5
1265 14
1266 10
1267 13
1268 8
1269 4
1270 5
1271 5
1272 5
1273 4
1274 6
1275 6
1276 7
1277 9
1278 8
1279 10
1280 7
1281 13
1282 6
1283 6
1284 4
1285 9
1286 6
1287 6
1288 9
1290 8
1291 9
1292 5
1293 11
1294 4
1295 7
1296 7
1297 6
1298 5
1299 6
1300 4
1301 7
1302 7
1303 8
1304 7
1305 8
1306 12
1307 9
1308 7
1309 8
1310 12
1311 7
1312 2
1313 5
1314 4
1315 5
1316 7
1317 7
1318 3
1319 6
1320 6
1321 6
1322 5
1323 5
1324 6
1325 1
1326 4
1327 7
1328 5
1329 4
1330 1
1331 7
1332 6
1333 4
1334 3
1335 3
1336 3
1337 6
1338 4
1339 3
1340 4
1341 7
1342 12
1343 7
1344 5
1345 3
1347 4
1348 2
1349 3
1351 4
1352 11
1353 4
1354 4
1355 5
1356 8
1357 2
1358 5
1359 1
1360 5
1361 4
1362 2
1363 1
1364 2
1365 1
1366 6
1367 2
1368 4
1369 2
1370 5
1371 2
1372 1
1373 3
1374 2
1375 3
1376 6
1377 4
1378 6
1379 3
1380 2
1381 2
1382 2
1383 2
1384 2
1385 2
1386 1
1387 1
1388 1
1389 2
1390 1
1391 2
1392 2
1393 2
1394 1
1395 2
1396 1
1398 1
1399 1
1400 5
1401 3
1402 2
1403 1
1404 1
1405 1
1407 1
1409 1
1410 1
1411 1
1412 2
1413 1
1414 1
1415 1
1417 2
1418 1
1419 1
1420 1
1423 2
1428 2
1433 1
1435 1
1436 1
1439 1
1449 3
