N J h mean_R_sq err_mean_R_sq mean_R_gyr_sq err_mean_R_gyr_sq 
2500 1.435 0 5532.77 3407.64 1318.21 673.276
582 1
587 1
589 1
592 1
593 1
602 1
606 1
609 1
611 1
613 3
614 1
615 3
616 1
617 3
618 5
620 2
621 5
622 3
623 2
624 1
625 1
626 4
627 4
628 5
629 5
630 4
631 2
632 6
633 5
634 11
635 4
636 13
637 10
638 11
639 8
640 13
641 6
642 6
643 4
644 10
645 5
646 3
647 5
648 8
649 13
650 14
651 7
652 9
653 8
654 17
655 13
656 14
657 18
658 12
659 13
660 8
661 14
662 14
663 10
664 6
665 21
666 14
667 8
668 18
669 10
670 17
671 17
672 9
673 12
674 6
675 19
676 15
677 13
678 16
679 20
680 11
681 11
682 14
683 11
684 16
685 10
686 21
687 10
688 9
689 10
690 10
691 13
692 10
693 10
694 8
695 12
696 8
697 5
698 8
699 6
700 12
701 7
702 7
703 6
704 8
705 7
706 10
707 13
708 4
709 4
710 6
711 4
712 4
713 6
714 7
715 4
716 2
717 5
718 4
719 2
721 1
722 3
723 4
724 3
725 1
726 3
727 3
728 2
729 1
731 2
732 2
734 2
737 1
738 1
741 2
742 1
746 1
751 1
753 1
754 1
756 1
758 1
761 1
763 1
766 1
771 1
776 1
778 1
784 1
785 2
787 1
788 1
790 2
791 2
792 1
793 1
794 1
795 2
798 1
800 1
801 2
805 1
808 1
813 1
820 1
836 1
837 1
