N J h mean_R_sq err_mean_R_sq mean_R_gyr_sq err_mean_R_gyr_sq 
2500 1.435 0 5532.77 3407.64 1318.21 673.276
1000 7
1001 1
1002 9
1003 4
1004 9
1005 6
1006 10
1007 9
1008 4
1009 2
1010 7
1011 1
1012 3
1013 2
1014 2
1015 5
1016 6
1017 3
1018 4
1019 6
1020 3
1021 4
1022 7
1023 6
1024 4
1025 3
1026 5
1027 9
1028 6
1029 8
1030 4
1031 1
1032 5
1033 3
1034 6
1035 7
1036 1
1037 4
1038 3
1039 2
1040 2
1041 3
1042 3
1043 5
1044 3
1045 4
1046 4
1047 9
1048 4
1049 1
1050 3
1051 6
1052 6
1053 4
1054 9
1055 3
1056 6
1057 2
1058 8
1059 2
1060 3
1061 3
1062 5
1063 1
1064 3
1065 2
1066 2
1067 4
1068 5
1069 5
1070 8
1071 7
1073 6
1074 2
1075 7
1076 2
1077 6
1078 7
1079 6
1080 5
1081 8
1082 1
1083 5
1084 6
1085 2
1086 5
1087 3
1088 4
1089 4
1090 7
1091 2
1092 4
1093 3
1094 3
1095 5
1096 6
1097 6
1098 2
1099 4
1100 4
1101 4
1102 5
1103 1
1104 3
1105 3
1107 5
1108 3
1109 3
1110 5
1111 8
1112 6
1113 2
1114 4
1115 3
1116 2
1117 3
1118 5
1119 3
1120 1
1121 5
1122 4
1123 8
1124 2
1125 8
1126 2
1127 4
1128 4
1129 4
1130 7
1131 3
1132 4
1133 2
1134 5
1135 2
1136 2
1137 2
1138 3
1139 2
1140 4
1141 9
1142 4
1143 4
1144 5
1145 4
1146 3
1147 1
1148 3
1149 5
1150 3
1151 3
1152 4
1153 3
1154 6
1155 5
1156 3
1157 6
1158 6
1159 3
1160 1
1161 6
1162 3
1163 2
1164 6
1165 4
1166 6
1167 5
1168 4
1169 4
1170 2
1171 2
1172 4
1173 3
1174 2
1175 1
1176 2
1177 4
1178 3
1179 5
1180 3
1181 2
1182 5
1183 7
1184 4
1185 2
1186 4
1187 5
1188 3
1189 1
1190 3
1191 2
1192 5
1193 4
1194 6
1195 6
1196 2
1197 2
1198 1
1200 2
1201 3
1202 3
1203 1
1204 3
1205 3
1207 1
1208 4
1209 1
1210 1
1211 1
1212 3
1213 2
1214 2
1215 5
1216 3
1218 2
1219 2
1220 3
1221 1
1222 2
1223 2
1224 4
1225 4
1226 1
1228 6
1229 2
1230 2
1232 1
1233 3
1234 1
1235 3
1237 2
1238 1
1239 3
1240 2
1241 1
1242 1
1243 3
1244 1
1245 3
1246 1
1247 1
1248 2
1249 2
1250 2
1251 1
1252 2
1253 1
1254 1
1255 1
1256 1
1257 1
1258 4
1259 3
1262 1
1263 2
1264 1
1265 1
1266 2
1267 1
1268 3
1269 1
1270 1
1271 4
1272 1
1274 1
1275 1
1276 1
1277 4
1278 2
1280 1
1281 2
1283 1
1285 2
1288 2
1291 1
1292 2
1293 2
1294 1
1295 1
1297 2
1298 1
1301 1
1302 1
1306 2
1308 1
1309 1
1310 1
1313 2
1315 1
1319 2
1323 1
1326 1
1327 1
1339 1
1343 1
1350 2
1352 2
1363 1
1364 1
1394 1
