N J h mean_R_sq err_mean_R_sq mean_R_gyr_sq err_mean_R_gyr_sq 
8100 1.433 0 180334 172450 23372 21169.5
590 1
592 1
593 3
594 2
596 1
597 2
598 4
599 1
600 2
601 1
602 5
603 5
604 5
605 5
606 6
607 9
608 11
609 7
610 16
611 15
612 22
613 16
614 17
615 16
616 24
617 27
618 25
619 43
620 39
621 39
622 40
623 55
624 43
625 55
626 46
627 55
628 66
629 56
630 63
631 66
632 64
633 73
634 66
635 73
636 75
637 76
638 79
639 82
640 49
641 79
642 56
643 72
644 80
645 84
646 69
647 51
648 55
649 52
650 56
651 48
652 58
653 57
654 39
655 41
656 26
657 32
658 34
659 38
660 24
661 23
662 19
663 19
664 15
665 13
666 14
667 18
668 6
669 13
670 5
671 7
672 7
673 9
674 8
675 4
676 6
677 4
678 6
679 2
680 1
681 1
682 3
684 1
685 1
686 1
693 2
698 1
729 1
754 1
762 1
828 1
835 1
889 1
900 1
903 1
906 1
907 1
908 1
910 2
911 1
912 4
913 3
914 2
915 2
917 2
918 1
919 3
920 5
921 2
922 4
923 2
924 3
925 7
926 1
927 9
928 3
929 3
930 2
931 2
932 3
933 1
934 2
935 2
936 2
937 2
940 1
