N J h mean_R_sq err_mean_R_sq mean_R_gyr_sq err_mean_R_gyr_sq 
3600 1.405 0 5446.42 1193.39 1336.39 195.282
626 1
630 1
633 1
635 1
636 1
639 1
642 1
647 1
649 3
650 2
651 1
654 6
655 3
656 3
657 2
658 2
660 1
661 4
662 6
663 3
664 7
665 8
666 6
667 5
668 6
669 9
670 4
671 6
672 12
673 6
674 11
675 8
676 13
677 13
678 22
679 16
680 20
681 19
682 12
683 28
684 23
685 19
686 30
687 26
688 28
689 40
690 36
691 31
692 41
693 34
694 42
695 37
696 38
697 52
698 50
699 60
700 51
701 56
702 44
703 53
704 62
705 54
706 65
707 81
708 78
709 50
710 59
711 64
712 69
713 74
714 83
715 82
716 82
717 65
718 75
719 66
720 74
721 75
722 70
723 76
724 82
725 85
726 86
727 54
728 85
729 54
730 55
731 91
732 86
733 73
734 77
735 81
736 82
737 75
738 51
739 72
740 78
741 68
742 69
743 76
744 57
745 59
746 63
747 58
748 59
749 59
750 47
751 56
752 44
753 58
754 51
755 46
756 51
757 51
758 41
759 50
760 33
761 30
762 25
763 45
764 34
765 32
766 25
767 32
768 19
769 40
770 32
771 19
772 27
773 22
774 15
775 20
776 18
777 11
778 18
779 24
780 11
781 14
782 11
783 10
784 18
785 6
786 3
787 12
788 5
789 8
790 7
791 8
792 6
793 3
794 3
795 2
796 2
797 3
798 2
799 3
800 1
801 1
802 3
803 1
804 3
805 2
806 2
808 1
809 2
810 3
813 1
815 1
818 1
820 2
821 1
822 1
830 1
831 1
832 1
875 1
876 1
879 1
885 1
891 1
893 1
895 1
898 1
908 2
911 1
913 1
