N J h mean_R_sq err_mean_R_sq mean_R_gyr_sq err_mean_R_gyr_sq 
4900 1.433 0 3683.96 283.149 1188.58 30.3776
576 1
587 1
590 1
592 3
593 1
594 1
597 2
599 1
600 4
601 2
602 1
603 3
604 3
605 3
606 6
607 5
608 2
609 8
610 7
611 9
612 8
613 7
614 5
615 6
616 11
617 19
618 16
619 16
620 28
621 23
622 23
623 30
624 36
625 24
626 38
627 26
628 29
629 36
630 33
631 58
632 48
633 45
634 41
635 59
636 52
637 57
638 64
639 61
640 67
641 53
642 56
643 76
644 75
645 73
646 58
647 67
648 64
649 74
650 50
651 70
652 69
653 71
654 60
655 76
656 64
657 62
658 51
659 51
660 62
661 68
662 74
663 39
664 49
665 44
666 58
667 51
668 53
669 51
670 41
671 52
672 44
673 32
674 42
675 32
676 25
677 26
678 24
679 23
680 31
681 28
682 13
683 16
684 22
685 16
686 16
687 23
688 20
689 15
690 8
691 13
692 11
693 10
694 16
695 8
696 6
697 8
698 12
699 6
700 5
701 10
702 4
703 5
704 4
705 1
706 4
707 2
708 2
709 2
710 2
711 2
712 3
713 2
714 3
715 2
718 2
719 2
720 1
730 1
737 1
765 1
