N J h mean_R_sq err_mean_R_sq mean_R_gyr_sq err_mean_R_gyr_sq 
1225 1.405 0 1968.51 21.0885 438.473 2.23373
1000 105
1001 72
1002 101
1003 87
1004 96
1005 81
1006 99
1007 89
1008 85
1009 80
1010 91
1011 97
1012 77
1013 92
1014 89
1015 96
1016 69
1017 100
1018 89
1019 90
1020 91
1021 97
1022 92
1023 84
1024 88
1025 86
1026 79
1027 84
1028 97
1029 76
1030 85
1031 80
1032 93
1033 66
1034 74
1035 66
1036 81
1037 63
1038 79
1039 75
1040 62
1041 61
1042 59
1043 60
1044 68
1045 74
1046 58
1047 60
1048 68
1049 88
1050 73
1051 66
1052 60
1053 71
1054 73
1055 64
1056 65
1057 70
1058 69
1059 68
1060 61
1061 54
1062 67
1063 79
1064 67
1065 70
1066 64
1067 69
1068 66
1069 47
1070 72
1071 61
1072 56
1073 66
1074 53
1075 47
1076 52
1077 41
1078 56
1079 54
1080 66
1081 49
1082 60
1083 56
1084 50
1085 58
1086 48
1087 51
1088 53
1089 51
1090 61
1091 47
1092 41
1093 47
1094 39
1095 52
1096 45
1097 38
1098 48
1099 50
1100 56
1101 45
1102 52
1103 48
1104 37
1105 48
1106 45
1107 46
1108 47
1109 37
1110 44
1111 43
1112 43
1113 40
1114 37
1115 39
1116 33
1117 52
1118 36
1119 37
1120 38
1121 41
1122 38
1123 39
1124 32
1125 34
1126 32
1127 26
1128 41
1129 36
1130 30
1131 33
1132 40
1133 44
1134 36
1135 31
1136 28
1137 36
1138 31
1139 39
1140 35
1141 30
1142 32
1143 18
1144 34
1145 29
1146 40
1147 28
1148 27
1149 31
1150 28
1151 27
1152 30
1153 35
1154 25
1155 28
1156 22
1157 21
1158 20
1159 19
1160 31
1161 22
1162 33
1163 24
1164 27
1165 26
1166 27
1167 22
1168 21
1169 15
1170 24
1171 27
1172 17
1173 25
1174 25
1175 21
1176 22
1177 18
1178 18
1179 21
1180 22
1181 27
1182 22
1183 20
1184 18
1185 19
1186 19
1187 18
1188 13
1189 14
1190 13
1191 16
1192 13
1193 16
1194 18
1195 13
1196 20
1197 19
1198 17
1199 12
1200 13
1201 12
1202 21
1203 14
1204 16
1205 9
1206 16
1207 12
1208 17
1209 9
1210 13
1211 11
1212 13
1213 12
1214 7
1215 9
1216 6
1217 11
1218 18
1219 11
1220 14
1221 21
1222 7
1223 13
1224 14
1225 11
1226 14
1227 13
1228 13
1229 14
1230 13
1231 7
1232 19
1233 13
1234 8
1235 9
1236 11
1237 6
1238 9
1239 6
1240 9
1241 16
1242 8
1243 8
1244 5
1245 9
1246 7
1247 11
1248 9
1249 5
1250 3
1251 8
1252 8
1253 7
1254 5
1255 5
1256 7
1257 2
1258 4
1259 6
1260 4
1261 4
1262 7
1263 6
1264 4
1265 7
1266 5
1267 3
1268 3
1269 4
1270 6
1271 6
1272 4
1273 2
1274 3
1275 5
1276 8
1277 6
1278 2
1279 6
1280 3
1281 3
1282 7
1283 4
1285 3
1286 3
1287 2
1288 6
1289 6
1290 3
1291 5
1292 2
1293 1
1294 1
1295 3
1296 5
1298 6
1299 2
1300 3
1301 2
1302 5
1303 1
1304 4
1305 2
1306 2
1307 3
1308 4
1309 3
1310 2
1311 1
1312 2
1313 2
1314 2
1315 3
1316 1
1319 4
1321 1
1322 1
1323 1
1324 2
1325 2
1326 2
1327 1
1328 1
1329 2
1330 1
1331 1
1332 1
1333 1
1334 1
1335 1
1336 1
1337 3
1338 4
1342 1
1344 1
1346 1
1349 1
1354 1
1356 2
1360 1
1361 1
1362 1
1363 2
1365 1
1366 2
1378 1
1380 1
1381 1
1382 1
1386 1
1400 1
1407 1
1410 1
1411 2
