N J h mean_R_sq err_mean_R_sq mean_R_gyr_sq err_mean_R_gyr_sq 
4900 1.348 0 31257.5 1170.61 5132.07 169.994
1000 738
1001 644
1002 603
1003 489
1004 462
1005 418
1006 372
1007 312
1008 312
1009 270
1010 236
1011 191
1012 172
1013 160
1014 158
1015 128
1016 105
1017 93
1018 84
1019 80
1020 79
1021 66
1022 59
1023 47
1024 33
1025 43
1026 49
1027 22
1028 47
1029 27
1030 22
1031 20
1032 13
1033 21
1034 18
1035 14
1036 10
1037 9
1038 6
1039 9
1040 11
1041 5
1042 2
1043 4
1044 5
1045 4
1046 4
1047 4
1048 2
1049 2
1050 1
1051 1
1052 2
1053 1
1054 1
1061 1
1062 1
1063 1
1064 1
1065 1
1067 1
1075 1
1086 1
1094 1
