N J h mean_R_sq err_mean_R_sq mean_R_gyr_sq err_mean_R_gyr_sq 
2916 1.31 0 29429 314.926 4396.63 35.1964
771 1
780 1
784 1
801 1
804 1
808 1
809 2
810 1
811 1
812 1
814 1
816 1
817 1
818 3
821 1
822 1
823 1
824 2
825 2
827 1
828 1
829 6
830 3
831 4
832 3
834 3
835 3
836 1
838 1
839 2
840 1
841 2
842 4
843 7
844 4
845 4
846 6
847 3
848 4
849 5
850 5
851 5
852 5
853 5
854 5
855 7
856 6
857 6
858 4
859 5
860 6
861 8
862 6
863 7
864 8
865 8
866 8
867 5
868 12
869 5
870 14
871 11
872 9
873 7
874 3
875 9
876 4
877 7
878 12
879 12
880 20
881 12
882 17
883 5
884 17
885 15
886 14
887 17
888 13
889 12
890 18
891 15
892 15
893 23
894 23
895 19
896 17
897 21
898 21
899 20
900 23
901 29
902 21
903 25
904 36
905 20
906 20
907 15
908 27
909 27
910 28
911 27
912 22
913 36
914 28
915 23
916 28
917 41
918 28
919 39
920 38
921 34
922 30
923 33
924 36
925 39
926 49
927 32
928 38
929 45
930 45
931 57
932 37
933 50
934 46
935 51
936 50
937 48
938 45
939 49
940 49
941 42
942 51
943 51
944 50
945 46
946 67
947 54
948 67
949 58
950 67
951 61
952 57
953 74
954 62
955 55
956 68
957 67
958 51
959 59
960 51
961 79
962 87
963 65
964 74
965 60
966 60
967 79
968 69
969 58
970 63
971 60
972 72
973 76
974 67
975 62
976 72
977 67
978 83
979 82
980 78
981 77
982 78
983 73
984 59
985 89
986 80
987 68
988 96
989 86
990 83
991 76
992 84
993 79
994 87
995 76
996 65
997 85
998 87
999 81
1000 94
1001 84
1002 86
1003 81
1004 90
1005 78
1006 99
1007 80
1008 82
1009 73
1010 77
1011 70
1012 85
1013 73
1014 78
1015 74
1016 75
1017 80
1018 85
1019 79
1020 75
1021 76
1022 89
1023 73
1024 65
1025 78
1026 82
1027 76
1028 71
1029 72
1030 80
1031 59
1032 81
1033 75
1034 85
1035 72
1036 70
1037 64
1038 56
1039 56
1040 66
1041 50
1042 54
1043 54
1044 63
1045 59
1046 59
1047 62
1048 44
1049 57
1050 51
1051 67
1052 50
1053 51
1054 56
1055 62
1056 55
1057 49
1058 41
1059 47
1060 46
1061 54
1062 52
1063 54
1064 40
1065 53
1066 42
1067 45
1068 44
1069 34
1070 48
1071 42
1072 47
1073 38
1074 46
1075 41
1076 38
1077 37
1078 36
1079 44
1080 48
1081 36
1082 35
1083 38
1084 32
1085 36
1086 36
1087 32
1088 25
1089 36
1090 39
1091 34
1092 19
1093 22
1094 27
1095 20
1096 20
1097 20
1098 25
1099 28
1100 35
1101 30
1102 12
1103 18
1104 16
1105 15
1106 25
1107 19
1108 24
1109 15
1110 12
1111 13
1112 13
1113 15
1114 11
1115 14
1116 13
1117 15
1118 5
1119 18
1120 17
1121 9
1122 9
1123 10
1124 14
1125 9
1126 13
1127 10
1128 8
1129 14
1130 14
1131 8
1132 6
1133 9
1134 13
1135 10
1136 6
1137 5
1138 7
1139 9
1140 8
1141 7
1142 5
1143 4
1144 6
1145 7
1146 7
1147 5
1148 4
1149 1
1150 4
1151 1
1152 2
1153 4
1154 7
1155 4
1156 1
1157 2
1158 1
1159 1
1160 5
1161 3
1162 1
1164 1
1165 1
1166 5
1167 2
1168 1
1169 3
1170 1
1171 2
1172 2
1173 4
1174 2
1176 2
1180 2
1181 2
1182 1
1183 1
1185 1
1188 1
1197 1
1198 1
1199 1
1208 1
1210 2
1216 1
1219 1
1248 1
