N J h mean_R_sq err_mean_R_sq mean_R_gyr_sq err_mean_R_gyr_sq 
8100 1.43 0 428358 225766 73607.1 34443.8
171 1
173 1
190 1
203 1
208 1
214 1
217 3
222 2
226 2
232 1
233 1
236 1
238 1
239 1
240 1
242 2
244 1
246 1
248 2
253 3
255 2
256 1
257 1
260 1
262 1
269 1
270 2
272 2
275 1
276 2
277 2
278 1
280 2
281 1
282 2
283 4
284 1
286 1
287 3
288 3
289 2
290 2
291 1
293 2
294 6
297 1
298 2
299 2
302 1
304 4
305 1
306 1
307 4
308 1
309 2
310 3
312 2
314 1
315 1
316 4
317 4
319 5
320 3
321 2
322 3
323 3
324 2
325 2
326 1
327 1
328 1
329 1
331 2
332 1
333 1
334 3
335 1
337 2
338 2
341 1
342 2
343 1
346 3
350 2
351 2
352 1
353 2
354 2
355 3
356 1
358 3
359 1
360 2
361 2
362 2
363 3
364 2
366 1
367 5
368 2
369 1
371 3
372 1
373 2
374 3
375 7
376 3
378 2
379 2
380 1
381 3
382 2
383 2
384 1
385 3
386 1
387 1
388 3
389 2
390 1
391 1
392 3
393 1
394 2
395 2
396 3
397 1
398 2
399 4
400 2
401 4
402 4
403 1
405 3
406 1
407 3
408 2
409 2
410 3
411 2
412 1
413 3
414 1
415 1
416 2
417 4
418 4
419 3
421 2
422 4
423 5
424 2
425 3
426 2
427 6
428 4
429 3
430 5
431 9
432 7
433 4
434 5
435 5
436 3
437 2
438 3
439 8
440 3
441 3
442 2
443 4
444 2
445 3
446 7
447 4
448 6
449 2
450 7
451 3
452 7
453 3
454 5
455 3
456 2
457 6
458 5
459 6
460 3
461 5
462 5
463 7
464 10
465 3
466 7
467 5
468 5
469 5
470 6
471 7
472 8
473 9
474 10
475 10
476 7
477 8
478 9
479 5
480 12
481 2
482 7
483 13
484 4
485 8
486 9
487 2
488 8
489 15
490 10
491 8
492 5
493 9
494 8
495 11
496 6
497 3
498 5
499 7
500 11
501 7
502 6
503 13
504 11
505 13
506 12
507 14
508 10
509 11
510 9
511 16
512 11
513 15
514 12
515 18
516 10
517 11
518 21
519 14
520 13
521 17
522 12
523 14
524 12
525 10
526 12
527 12
528 13
529 15
530 16
531 13
532 22
533 21
534 15
535 14
536 17
537 19
538 22
539 20
540 26
541 28
542 26
543 22
544 28
545 17
546 24
547 27
548 18
549 25
550 36
551 19
552 25
553 25
554 21
555 31
556 26
557 19
558 21
559 23
560 31
561 19
562 28
563 21
564 20
565 31
566 21
567 22
568 24
569 29
570 28
571 31
572 26
573 18
574 26
575 18
576 27
577 24
578 25
579 22
580 26
581 25
582 22
583 26
584 25
585 12
586 15
587 27
588 26
589 29
590 31
591 28
592 28
593 21
594 24
595 19
596 22
597 23
598 27
599 20
600 24
601 24
602 20
603 15
604 30
605 19
606 13
607 18
608 24
609 18
610 28
611 21
612 17
613 23
614 23
615 23
616 22
617 28
618 23
619 21
620 20
621 26
622 17
623 18
624 16
625 18
626 26
627 31
628 23
629 25
630 24
631 15
632 18
633 20
634 24
635 19
636 24
637 22
638 18
639 19
640 28
641 26
642 25
643 24
644 24
645 27
646 22
647 23
648 32
649 21
650 26
651 17
652 21
653 25
654 28
655 16
656 27
657 26
658 24
659 26
660 17
661 25
662 19
663 15
664 15
665 30
666 22
667 21
668 27
669 20
670 34
671 24
672 25
673 27
674 27
675 23
676 28
677 23
678 27
679 27
680 30
681 32
682 27
683 26
684 28
685 23
686 24
687 23
688 26
689 20
690 21
691 24
692 16
693 27
694 29
695 22
696 22
697 29
698 30
699 21
700 32
701 15
702 30
703 34
704 28
705 27
706 26
707 21
708 25
709 18
710 32
711 25
712 27
713 27
714 26
715 42
716 18
717 27
718 28
719 33
720 30
721 28
722 29
723 25
724 20
725 23
726 27
727 25
728 32
729 31
730 33
731 26
732 20
733 20
734 29
735 20
736 19
737 34
738 27
739 27
740 19
741 29
742 27
743 20
744 25
745 21
746 15
747 29
748 24
749 23
750 31
751 23
752 33
753 22
754 33
755 28
756 26
757 23
758 29
759 32
760 38
761 26
762 24
763 29
764 27
765 32
766 39
767 28
768 26
769 28
770 33
771 32
772 28
773 33
774 29
775 36
776 36
777 33
778 30
779 44
780 41
781 32
782 38
783 24
784 32
785 28
786 28
787 29
788 25
789 34
790 31
791 28
792 30
793 37
794 34
795 36
796 35
797 34
798 35
799 36
800 31
801 35
802 35
803 25
804 32
805 30
806 34
807 28
808 26
809 22
810 34
811 31
812 29
813 25
814 35
815 31
816 27
817 43
818 27
819 36
820 44
821 26
822 28
823 23
824 31
825 21
826 38
827 40
828 30
829 33
830 24
831 31
832 26
833 27
834 25
835 26
836 29
837 28
838 28
839 19
840 34
841 24
842 31
843 30
844 38
845 29
846 32
847 23
848 34
849 22
850 24
851 28
852 19
853 33
854 36
855 30
856 25
857 35
858 22
859 24
860 30
861 30
862 32
863 33
864 30
865 29
866 26
867 35
868 29
869 34
870 31
871 33
872 30
873 26
874 27
875 22
876 32
877 30
878 38
879 20
880 38
881 33
882 33
883 37
884 30
885 15
886 37
887 33
888 22
889 30
890 36
891 29
892 22
893 26
894 26
895 22
896 22
897 34
898 34
899 15
900 25
901 24
902 26
903 21
904 26
905 36
906 23
907 19
908 30
909 21
910 26
911 19
912 29
913 26
914 24
915 27
916 32
917 20
918 19
919 25
920 21
921 27
922 31
923 24
924 28
925 21
926 21
927 29
928 21
929 16
930 28
931 21
932 21
933 16
934 31
935 31
936 19
937 23
938 11
939 23
940 25
941 22
942 19
943 30
944 27
945 20
946 23
947 16
948 32
949 28
950 21
951 25
952 21
953 26
954 18
955 32
956 23
957 29
958 13
959 27
960 32
961 41
962 25
963 34
964 26
965 24
966 33
967 33
968 36
969 34
970 27
971 29
972 40
973 26
974 30
975 28
976 35
977 36
978 34
979 28
980 39
981 28
982 31
983 30
984 32
985 34
986 23
987 37
988 38
989 33
990 32
991 35
992 26
993 25
994 27
995 33
996 31
997 28
998 31
999 42
1000 31
1001 31
1002 36
1003 28
1004 29
1005 27
1006 25
1007 34
1008 34
1009 30
1010 31
1011 29
1012 29
1013 20
1014 23
1015 24
1016 27
1017 32
1018 35
1019 28
1020 31
1021 17
1022 25
1023 29
1024 29
1025 22
1026 23
1027 32
1028 25
1029 33
1030 18
1031 25
1032 20
1033 22
1034 18
1035 21
1036 23
1037 13
1038 24
1039 23
1040 21
1041 33
1042 21
1043 17
1044 28
1045 10
1046 16
1047 15
1048 22
1049 17
1050 19
1051 17
1052 16
1053 20
1054 20
1055 22
1056 27
1057 24
1058 26
1059 12
1060 17
1061 23
1062 17
1063 22
1064 21
1065 19
1066 16
1067 17
1068 20
1069 17
1070 18
1071 14
1072 12
1073 23
1074 21
1075 26
1076 9
1077 19
1078 16
1079 16
1080 23
1081 22
1082 19
1083 18
1084 17
1085 21
1086 19
1087 21
1088 20
1089 15
1090 18
1091 13
1092 19
1093 18
1094 14
1095 18
1096 18
1097 18
1098 19
1099 18
1100 8
1101 11
1102 21
1103 13
1104 12
1105 12
1106 10
1107 14
1108 16
1109 14
1110 18
1111 18
1112 19
1113 21
1114 19
1115 19
1116 17
1117 13
1118 26
1119 19
1120 28
1121 16
1122 16
1123 12
1124 25
1125 23
1126 19
1127 21
1128 24
1129 19
1130 17
1131 22
1132 14
1133 17
1134 24
1135 23
1136 13
1137 28
1138 16
1139 20
1140 21
1141 15
1142 14
1143 11
1144 21
1145 24
1146 19
1147 15
1148 23
1149 21
1150 17
1151 16
1152 16
1153 11
1154 22
1155 11
1156 13
1157 18
1158 15
1159 7
1160 7
1161 7
1162 19
1163 16
1164 10
1165 21
1166 19
1167 9
1168 10
1169 19
1170 14
1171 6
1172 8
1173 9
1174 4
1175 12
1176 8
1177 8
1178 17
1179 5
1180 6
1181 11
1182 8
1183 4
1184 7
1185 13
1186 6
1187 8
1188 13
1189 10
1190 4
1191 3
1192 2
1193 4
1194 6
1195 2
1196 2
1197 4
1198 1
1200 3
1201 5
1203 3
1204 4
1205 4
1206 3
1207 2
1208 3
1209 4
1210 4
1211 6
1212 3
1213 2
1214 5
1215 3
1216 4
1217 5
1218 4
1219 6
1220 5
1221 7
1222 1
1223 7
1224 2
1225 5
1226 4
1227 5
1228 3
1229 8
1230 5
1231 6
1232 7
1233 4
1234 5
1235 4
1236 8
1237 4
1238 8
1239 5
1240 6
1241 5
1242 8
1243 6
1244 4
1245 8
1246 6
1247 4
1248 7
1249 6
1250 8
1251 8
1252 7
1253 10
1254 5
1255 1
1256 6
1257 6
1258 8
1259 6
1260 3
1261 4
1262 4
1263 9
1264 4
1265 6
1266 3
1267 7
1268 2
1269 4
1270 8
1271 1
1272 10
1273 4
1274 4
1275 5
1276 4
1277 7
1278 3
1279 8
1280 6
1281 6
1282 8
1283 3
1284 4
1285 11
1286 7
1287 14
1288 8
1289 9
1290 10
1291 7
1292 11
1293 6
1294 6
1295 6
1296 7
1297 6
1298 4
1299 12
1300 5
1301 4
1302 6
1303 8
1304 7
1305 4
1306 5
1307 6
1308 3
1309 4
1310 10
1311 4
1312 7
1313 4
1314 5
1315 2
1316 6
1317 7
1318 9
1319 9
1320 7
1321 2
1322 4
1323 5
1324 8
1325 7
1326 6
1327 4
1328 8
1329 5
1330 6
1331 3
1332 9
1333 9
1334 9
1335 4
1336 10
1337 3
1338 4
1339 4
1340 3
1341 7
1342 9
1343 5
1344 4
1345 5
1346 10
1347 5
1348 10
1349 8
1350 8
1351 6
1352 9
1353 5
1354 7
1355 6
1356 6
1357 4
1358 10
1359 5
1360 7
1361 9
1362 6
1363 4
1364 5
1365 4
1366 5
1367 6
1368 3
1369 5
1370 8
1371 6
1372 6
1373 8
1374 5
1375 1
1376 5
1377 4
1378 2
1379 1
1380 5
1381 3
1382 3
1383 3
1384 6
1385 3
1386 3
1387 2
1388 5
1389 4
1390 3
1391 6
1392 7
1393 2
1394 7
1395 4
1396 8
1397 3
1398 5
1399 3
1400 3
1401 4
1402 6
1403 2
1404 2
1405 6
1406 6
1407 2
1408 5
1409 7
1410 7
1412 3
1413 2
1414 3
1415 4
1416 4
1417 9
1418 2
1419 2
1420 2
1421 2
1422 2
1423 4
1424 3
1425 3
1426 5
1427 5
1428 6
1429 1
1430 4
1431 5
1434 3
1435 2
1437 3
1438 1
1439 1
1440 1
1441 1
1443 1
1445 1
1446 2
1447 1
1448 2
1451 1
1452 2
1456 1
1462 1
