N J h mean_R_sq err_mean_R_sq mean_R_gyr_sq err_mean_R_gyr_sq 
8100 1.437 0 12496.8 7031.18 2698.58 829.687
581 1
582 1
585 2
586 3
587 2
588 3
589 2
590 2
591 3
592 3
593 7
594 7
595 7
596 7
597 16
598 8
599 11
600 16
601 14
602 14
603 16
604 25
605 23
606 22
607 23
608 32
609 35
610 38
611 41
612 45
613 54
614 65
615 55
616 58
617 50
618 71
619 78
620 82
621 70
622 94
623 87
624 92
625 97
626 80
627 86
628 75
629 73
630 84
631 77
632 80
633 76
634 73
635 66
636 79
637 89
638 72
639 66
640 69
641 55
642 59
643 64
644 67
645 43
646 52
647 45
648 55
649 45
650 37
651 37
652 38
653 19
654 24
655 14
656 32
657 20
658 15
659 21
660 15
661 17
662 7
663 8
664 7
665 11
666 4
667 10
668 5
669 7
670 8
672 4
673 3
674 2
675 2
676 3
678 1
679 2
684 1
685 1
687 1
692 1
693 1
708 1
754 1
797 1
803 1
805 1
812 1
818 1
820 1
886 1
