N J h mean_R_sq err_mean_R_sq mean_R_gyr_sq err_mean_R_gyr_sq 
8100 1.376 0 678560 521096 96157.9 67663.5
1000 331
1001 246
1002 237
1003 195
1004 171
1005 158
1006 130
1007 121
1008 111
1009 103
1010 91
1011 90
1012 67
1013 67
1014 68
1015 63
1016 49
1017 46
1018 31
1019 34
1020 48
1021 46
1022 33
1023 14
1024 26
1025 25
1026 23
1027 20
1028 17
1029 10
1030 12
1031 12
1032 10
1033 10
1034 7
1035 5
1036 7
1037 6
1038 4
1039 8
1040 6
1041 6
1042 3
1043 2
1044 4
1045 2
1046 3
1047 3
1048 2
1049 2
1050 3
1051 1
1052 1
1053 1
1055 1
1056 1
1057 1
1059 1
1060 1
1063 1
1065 1
1066 1
