N J h mean_R_sq err_mean_R_sq mean_R_gyr_sq err_mean_R_gyr_sq 
8100 1.344 0 930685 620143 145702 86635.6
863 1
868 2
871 1
872 1
874 1
877 2
878 2
879 4
880 4
881 5
882 3
883 4
884 6
885 3
886 3
887 9
888 8
889 9
890 11
891 10
892 14
893 12
894 14
895 27
896 20
897 23
898 25
899 29
900 31
901 34
902 39
903 41
904 33
905 47
906 42
907 47
908 41
909 40
910 44
911 53
912 42
913 59
914 45
915 54
916 62
917 54
918 63
919 69
920 44
921 54
922 55
923 52
924 59
925 55
926 56
927 54
928 46
929 47
930 40
931 42
932 42
933 35
934 40
935 33
936 37
937 31
938 25
939 27
940 11
941 13
942 11
943 10
944 11
945 10
946 15
947 7
948 10
949 5
950 13
951 7
952 3
953 7
954 3
955 4
956 5
957 4
958 10
959 3
960 7
961 4
962 3
963 4
964 6
965 6
966 9
967 3
968 5
969 9
970 9
971 15
972 14
973 19
974 12
975 6
976 18
977 14
978 17
979 12
980 17
981 12
982 15
983 16
984 13
985 10
986 14
987 14
988 18
989 12
990 10
991 15
992 10
993 5
994 4
995 6
996 7
997 13
998 2
999 6
1000 3
1001 2
1002 2
1004 3
1005 3
1006 2
1007 3
1008 4
1009 2
1010 1
1011 4
1012 3
1013 1
1014 3
1016 1
1017 1
1019 2
1020 3
1022 2
1023 2
1024 3
1025 4
1027 1
1029 1
1032 1
1035 1
1051 1
