N J h mean_R_sq err_mean_R_sq mean_R_gyr_sq err_mean_R_gyr_sq 
1600 1.4 0 2550.48 77.1854 581.333 7.93587
1000 16
1001 20
1002 19
1003 21
1004 14
1005 25
1006 14
1007 20
1008 12
1009 21
1010 21
1011 22
1012 20
1013 21
1014 10
1015 12
1016 20
1017 18
1018 17
1019 20
1020 13
1021 25
1022 20
1023 8
1024 16
1025 14
1026 21
1027 15
1028 17
1029 18
1030 20
1031 14
1032 17
1033 11
1034 19
1035 15
1036 13
1037 18
1038 15
1039 11
1040 16
1041 22
1042 15
1043 15
1044 17
1045 18
1046 13
1047 11
1048 18
1049 13
1050 19
1051 16
1052 14
1053 14
1054 19
1055 18
1056 17
1057 11
1058 7
1059 9
1060 8
1061 10
1062 10
1063 15
1064 13
1065 10
1066 9
1067 9
1068 11
1069 8
1070 5
1071 10
1072 12
1073 9
1074 12
1075 14
1076 11
1077 12
1078 6
1079 11
1080 5
1081 11
1082 7
1083 10
1084 13
1085 5
1086 11
1087 9
1088 6
1089 8
1090 12
1091 5
1092 6
1093 10
1094 10
1095 4
1096 6
1097 7
1098 9
1099 8
1100 8
1101 8
1102 5
1103 9
1104 7
1105 7
1106 9
1107 6
1108 8
1109 2
1110 6
1111 6
1112 8
1113 8
1114 6
1115 5
1116 6
1117 6
1118 8
1119 3
1120 4
1121 8
1122 4
1123 6
1124 8
1125 3
1126 3
1127 2
1128 3
1129 4
1130 3
1131 9
1132 4
1133 4
1134 6
1135 6
1136 5
1137 3
1138 8
1139 5
1140 4
1141 7
1142 3
1143 2
1144 4
1145 4
1146 7
1147 1
1148 2
1149 6
1150 5
1151 2
1152 2
1153 5
1154 5
1155 3
1156 2
1157 4
1158 2
1159 2
1160 1
1162 2
1163 3
1165 2
1166 2
1167 2
1168 8
1169 2
1170 1
1171 2
1172 2
1173 2
1174 4
1175 2
1176 4
1177 2
1178 3
1180 3
1181 2
1183 2
1184 2
1185 6
1186 2
1187 1
1188 3
1189 2
1191 2
1193 1
1194 3
1195 1
1196 1
1197 1
1199 1
1200 1
1201 1
1202 1
1205 2
1207 2
1208 4
1209 1
1210 1
1212 3
1213 2
1214 4
1215 3
1216 1
1219 1
1220 1
1221 2
1222 2
1226 1
1227 1
1228 3
1229 1
1231 2
1232 2
1233 1
1234 1
1235 1
1236 1
1238 1
1240 1
1243 1
1246 1
1249 1
1250 2
1253 1
1255 1
1256 1
1257 1
1262 2
1265 1
1270 1
1272 1
1278 1
1291 1
1301 1
1303 1
1304 2
1322 1
