N J h mean_R_sq err_mean_R_sq mean_R_gyr_sq err_mean_R_gyr_sq 
1225 1.34 0 6025.2 47.6744 981.329 4.57362
1000 423
1001 380
1002 384
1003 416
1004 336
1005 362
1006 345
1007 332
1008 353
1009 319
1010 285
1011 283
1012 276
1013 268
1014 243
1015 238
1016 210
1017 204
1018 235
1019 223
1020 218
1021 192
1022 185
1023 203
1024 165
1025 179
1026 172
1027 154
1028 167
1029 130
1030 140
1031 133
1032 111
1033 120
1034 111
1035 119
1036 126
1037 107
1038 115
1039 116
1040 76
1041 92
1042 84
1043 95
1044 96
1045 90
1046 69
1047 85
1048 68
1049 72
1050 60
1051 58
1052 51
1053 49
1054 49
1055 52
1056 56
1057 44
1058 61
1059 43
1060 48
1061 39
1062 38
1063 49
1064 40
1065 34
1066 39
1067 32
1068 29
1069 33
1070 26
1071 23
1072 26
1073 16
1074 21
1075 23
1076 18
1077 25
1078 29
1079 17
1080 20
1081 24
1082 28
1083 17
1084 13
1085 14
1086 9
1087 19
1088 14
1089 14
1090 8
1091 13
1092 9
1093 10
1094 11
1095 2
1096 4
1097 13
1098 5
1099 4
1100 8
1101 6
1102 7
1103 14
1104 10
1105 7
1106 5
1107 6
1108 8
1109 10
1110 10
1111 6
1112 5
1113 1
1114 4
1115 4
1116 4
1117 2
1118 3
1119 4
1120 4
1121 2
1122 3
1124 5
1125 2
1126 4
1127 3
1128 1
1129 1
1130 1
1131 3
1133 2
1134 1
1135 2
1137 1
1138 1
1141 1
1142 7
1144 2
1146 1
1147 2
1148 1
1149 2
1150 2
1151 2
1152 1
1153 1
1154 1
1155 2
1156 1
1157 1
1158 2
1160 1
1161 2
1163 1
1164 2
1165 1
1171 1
1172 1
1175 2
1179 1
1180 2
1182 2
1185 1
1186 1
1187 1
1189 1
1190 1
1198 1
1199 1
1204 1
1240 1
1337 1
