N J h mean_R_sq err_mean_R_sq mean_R_gyr_sq err_mean_R_gyr_sq 
1225 1.433 0 1280.89 19.5102 342.513 1.56695
575 1
587 1
592 1
599 2
600 2
601 1
603 1
604 2
605 3
606 4
607 4
608 1
609 1
610 3
612 3
613 5
614 6
615 4
616 3
617 2
618 3
619 2
620 5
621 2
622 4
623 6
624 6
625 3
626 8
627 9
628 8
629 10
630 4
631 9
632 12
633 9
634 7
635 11
636 13
637 9
638 11
639 16
640 13
641 16
642 24
643 14
644 24
645 21
646 22
647 27
648 19
649 25
650 19
651 30
652 27
653 23
654 25
655 27
656 30
657 26
658 28
659 29
660 28
661 42
662 36
663 36
664 31
665 38
666 36
667 33
668 29
669 35
670 50
671 29
672 48
673 46
674 47
675 39
676 51
677 51
678 49
679 45
680 56
681 52
682 52
683 59
684 49
685 47
686 54
687 41
688 67
689 49
690 68
691 50
692 71
693 70
694 55
695 68
696 52
697 50
698 61
699 64
700 61
701 62
702 62
703 77
704 56
705 66
706 67
707 82
708 65
709 62
710 55
711 70
712 44
713 66
714 48
715 62
716 65
717 63
718 58
719 61
720 38
721 63
722 58
723 58
724 60
725 67
726 49
727 49
728 56
729 58
730 62
731 52
732 49
733 58
734 55
735 62
736 42
737 38
738 58
739 44
740 29
741 47
742 52
743 35
744 32
745 39
746 45
747 52
748 41
749 36
750 31
751 27
752 33
753 39
754 20
755 30
756 28
757 21
758 23
759 21
760 32
761 28
762 24
763 24
764 24
765 21
766 22
767 15
768 22
769 21
770 13
771 16
772 14
773 15
774 16
775 9
776 17
777 19
778 17
779 12
780 13
781 14
782 14
783 19
784 8
785 10
786 12
787 6
788 9
789 8
790 12
791 7
792 6
793 6
794 7
795 10
796 9
797 9
798 7
799 4
800 9
801 6
802 4
803 4
804 7
805 3
806 1
807 4
808 4
809 2
810 2
811 1
812 3
813 2
814 2
815 1
816 4
817 1
818 2
819 6
822 3
823 1
826 2
827 1
828 1
829 4
830 2
831 2
833 1
834 3
835 1
837 1
838 3
840 1
843 1
846 1
866 1
878 1
907 1
