N J h mean_R_sq err_mean_R_sq mean_R_gyr_sq err_mean_R_gyr_sq 
10000 1.425 0 244368 236635 38747.8 36224.4
1000 33
1001 31
1002 28
1003 24
1004 33
1005 24
1006 28
1007 22
1008 25
1009 23
1010 19
1011 10
1012 34
1013 17
1014 15
1015 18
1016 30
1017 21
1018 22
1019 19
1020 18
1021 23
1022 16
1023 24
1024 15
1025 25
1026 14
1027 17
1028 21
1029 11
1030 23
1031 18
1032 10
1033 19
1034 10
1035 20
1036 18
1037 17
1038 18
1039 18
1040 15
1041 17
1042 25
1043 7
1044 15
1045 18
1046 13
1047 18
1048 16
1049 19
1050 10
1051 13
1052 14
1053 11
1054 10
1055 16
1056 11
1057 15
1058 10
1059 16
1060 7
1061 17
1062 15
1063 11
1064 15
1065 16
1066 12
1067 10
1068 16
1069 16
1070 16
1071 14
1072 15
1073 10
1074 13
1075 12
1076 16
1077 16
1078 6
1079 13
1080 14
1081 16
1082 10
1083 11
1084 6
1085 10
1086 21
1087 11
1088 9
1089 17
1090 5
1091 16
1092 13
1093 11
1094 18
1095 10
1096 14
1097 4
1098 10
1099 12
1100 8
1101 7
1102 9
1103 6
1104 14
1105 17
1106 14
1107 7
1108 12
1109 9
1110 8
1111 9
1112 7
1113 8
1114 11
1115 19
1116 10
1117 12
1118 8
1119 8
1120 6
1121 9
1122 9
1123 10
1124 9
1125 7
1126 4
1127 11
1128 5
1129 5
1130 5
1131 4
1132 6
1133 4
1134 4
1135 2
1136 4
1137 5
1138 8
1139 4
1140 3
1141 8
1142 2
1143 5
1144 2
1145 6
1146 4
1147 9
1148 3
1149 5
1150 2
1151 4
1152 1
1153 8
1154 5
1155 8
1156 2
1157 4
1158 3
1159 4
1160 6
1161 9
1162 5
1163 1
1164 4
1165 3
1166 1
1167 1
1168 4
1169 4
1170 6
1171 7
1172 3
1173 2
1174 3
1175 3
1176 2
1177 3
1178 5
1179 4
1180 4
1181 3
1182 4
1183 3
1184 3
1185 1
1186 1
1187 5
1188 2
1189 1
1190 3
1191 3
1192 4
1193 5
1194 2
1195 1
1196 3
1197 1
1198 2
1200 1
1201 1
1203 1
1204 3
1208 1
1209 1
1212 1
1213 3
1214 2
1215 1
1216 2
1219 1
1223 1
1225 2
1228 2
1229 1
1232 1
1236 2
1242 1
1244 1
1251 1
1260 1
1261 1
1266 1
1276 1
1283 1
1289 1
