N J h mean_R_sq err_mean_R_sq mean_R_gyr_sq err_mean_R_gyr_sq 
1225 1.41 0 1847.42 54.8809 413.202 4.07692
624 1
635 1
638 1
639 2
640 1
641 1
643 1
653 1
654 1
656 2
657 2
658 1
660 1
661 2
662 3
663 2
664 2
665 2
666 3
667 2
668 1
669 2
670 2
671 1
672 1
673 3
674 2
675 1
676 2
677 1
678 1
679 4
680 2
681 4
682 2
683 5
684 6
685 5
686 3
687 2
688 7
689 7
690 7
691 6
692 9
693 6
694 6
695 4
696 6
697 7
698 4
699 7
700 1
701 5
702 8
703 9
704 9
705 6
706 4
707 6
708 7
709 5
710 16
711 7
712 11
713 10
714 9
715 10
716 4
717 7
718 10
719 12
720 9
721 10
722 11
723 13
724 13
725 13
726 10
727 10
728 11
729 17
730 15
731 14
732 13
733 12
734 13
735 7
736 22
737 14
738 13
739 14
740 23
741 18
742 13
743 11
744 15
745 18
746 10
747 16
748 9
749 14
750 13
751 11
752 17
753 17
754 9
755 13
756 19
757 19
758 17
759 14
760 9
761 13
762 20
763 13
764 23
765 16
766 16
767 21
768 16
769 15
770 15
771 19
772 9
773 20
774 19
775 9
776 11
777 11
778 15
779 11
780 10
781 15
782 9
783 11
784 17
785 15
786 13
787 12
788 12
789 11
790 20
791 12
792 7
793 3
794 14
795 7
796 10
797 15
798 12
799 7
800 11
801 9
802 10
803 19
804 7
805 9
806 7
807 5
808 7
809 9
810 12
811 3
812 11
813 7
814 7
815 9
816 7
817 7
818 6
819 5
820 10
821 5
822 8
823 3
824 2
825 5
826 5
827 3
828 4
830 7
831 3
832 1
833 4
834 1
835 1
836 5
837 3
838 5
839 2
841 3
842 5
843 2
844 2
845 2
846 1
847 4
848 2
850 1
851 3
852 3
853 2
854 1
855 4
856 1
857 4
858 1
859 1
860 2
862 1
866 1
870 1
872 1
874 1
877 1
879 1
885 1
886 1
889 1
890 1
892 1
894 1
903 1
