N J h mean_R_sq err_mean_R_sq mean_R_gyr_sq err_mean_R_gyr_sq 
1225 1.355 0 4853.99 45.6563 824.586 4.8489
469 1
517 1
545 1
548 1
556 1
563 1
575 1
582 1
585 1
587 2
588 2
600 1
603 1
604 1
605 1
609 2
614 2
615 2
616 1
618 1
619 1
620 1
621 1
624 1
629 1
630 1
631 1
632 2
634 1
635 1
640 1
641 1
643 1
644 3
646 1
648 2
649 1
652 1
653 3
654 1
657 1
658 1
659 1
660 1
661 2
663 1
665 2
668 1
670 1
671 1
672 2
673 5
674 1
676 4
677 1
678 2
680 2
681 6
682 1
683 1
684 1
685 2
686 2
687 2
688 1
689 3
690 2
691 1
692 3
693 3
694 3
695 5
696 2
697 2
698 3
699 2
700 4
701 1
702 3
703 2
704 1
705 7
706 2
707 7
708 3
709 3
711 1
712 2
713 3
714 8
715 4
716 1
717 2
718 4
719 5
720 5
721 8
722 5
723 2
724 3
725 1
726 4
727 7
728 3
729 7
730 3
731 5
732 4
733 3
734 5
735 6
736 6
737 8
738 6
739 3
740 8
741 1
742 6
743 8
744 7
745 4
746 8
747 5
748 3
749 1
750 13
751 9
752 7
753 2
754 6
755 6
756 8
757 6
758 4
759 3
760 6
761 9
762 5
763 8
764 10
765 7
766 7
767 3
768 11
769 9
770 7
771 10
772 12
773 5
774 5
775 15
776 9
777 10
778 5
779 11
780 10
781 12
782 14
783 10
784 5
785 9
786 13
787 10
788 10
789 21
790 9
791 11
792 8
793 9
794 18
795 15
796 12
797 11
798 10
799 15
800 11
801 10
802 17
803 13
804 19
805 12
806 13
807 15
808 11
809 13
810 10
811 11
812 16
813 11
814 14
815 18
816 8
817 19
818 11
819 22
820 11
821 12
822 20
823 10
824 25
825 17
826 19
827 12
828 19
829 14
830 24
831 22
832 23
833 17
834 27
835 23
836 15
837 24
838 17
839 20
840 25
841 12
842 31
843 16
844 19
845 13
846 22
847 21
848 28
849 23
850 20
851 34
852 15
853 28
854 32
855 25
856 24
857 24
858 30
859 31
860 26
861 22
862 26
863 29
864 27
865 25
866 28
867 30
868 22
869 31
870 21
871 39
872 24
873 27
874 25
875 26
876 31
877 25
878 27
879 31
880 32
881 26
882 27
883 28
884 25
885 34
886 19
887 23
888 27
889 37
890 32
891 30
892 32
893 45
894 27
895 30
896 28
897 40
898 21
899 34
900 32
901 33
902 33
903 30
904 36
905 24
906 36
907 37
908 30
909 28
910 33
911 31
912 39
913 43
914 32
915 27
916 34
917 35
918 39
919 27
920 36
921 41
922 37
923 37
924 35
925 35
926 39
927 37
928 33
929 34
930 27
931 49
932 40
933 36
934 34
935 46
936 39
937 41
938 44
939 33
940 37
941 34
942 34
943 37
944 45
945 40
946 35
947 39
948 45
949 30
950 40
951 40
952 30
953 46
954 51
955 45
956 32
957 36
958 40
959 36
960 39
961 30
962 37
963 41
964 40
965 33
966 43
967 47
968 31
969 47
970 37
971 33
972 37
973 26
974 47
975 33
976 38
977 46
978 34
979 44
980 40
981 47
982 48
983 48
984 46
985 34
986 42
987 36
988 37
989 41
990 35
991 42
992 36
993 40
994 46
995 31
996 30
997 37
998 49
999 38
1000 43
1001 37
1002 39
1003 45
1004 39
1005 38
1006 58
1007 41
1008 34
1009 40
1010 50
1011 53
1012 57
1013 42
1014 44
1015 49
1016 42
1017 44
1018 29
1019 37
1020 31
1021 46
1022 36
1023 49
1024 47
1025 38
1026 35
1027 37
1028 37
1029 34
1030 50
1031 43
1032 37
1033 38
1034 44
1035 27
1036 34
1037 34
1038 38
1039 36
1040 36
1041 44
1042 45
1043 32
1044 44
1045 54
1046 35
1047 46
1048 41
1049 51
1050 38
1051 28
1052 36
1053 40
1054 31
1055 44
1056 42
1057 42
1058 52
1059 43
1060 28
1061 39
1062 33
1063 39
1064 28
1065 30
1066 38
1067 32
1068 34
1069 38
1070 45
1071 38
1072 52
1073 41
1074 35
1075 38
1076 35
1077 33
1078 37
1079 34
1080 35
1081 32
1082 35
1083 25
1084 21
1085 37
1086 35
1087 51
1088 37
1089 44
1090 26
1091 34
1092 26
1093 36
1094 42
1095 32
1096 31
1097 39
1098 26
1099 28
1100 22
1101 34
1102 21
1103 29
1104 27
1105 26
1106 34
1107 33
1108 22
1109 23
1110 32
1111 37
1112 30
1113 30
1114 18
1115 31
1116 34
1117 30
1118 25
1119 25
1120 19
1121 18
1122 24
1123 32
1124 15
1125 25
1126 24
1127 33
1128 21
1129 25
1130 22
1131 33
1132 35
1133 37
1134 25
1135 28
1136 30
1137 22
1138 29
1139 24
1140 26
1141 20
1142 21
1143 29
1144 19
1145 15
1146 21
1147 15
1148 23
1149 17
1150 26
1151 27
1152 24
1153 21
1154 19
1155 25
1156 22
1157 15
1158 30
1159 15
1160 15
1161 25
1162 25
1163 22
1164 32
1165 29
1166 26
1167 13
1168 14
1169 23
1170 16
1171 23
1172 9
1173 23
1174 18
1175 14
1176 24
1177 12
1178 22
1179 18
1180 15
1181 16
1182 14
1183 14
1184 19
1185 12
1186 12
1187 12
1188 15
1189 13
1190 15
1191 10
1192 16
1193 16
1194 20
1195 18
1196 23
1197 10
1198 10
1199 14
1200 14
1201 15
1202 20
1203 16
1204 16
1205 14
1206 14
1207 11
1208 15
1209 18
1210 8
1211 12
1212 7
1213 20
1214 14
1215 7
1216 11
1217 11
1218 10
1219 15
1220 8
1221 8
1222 8
1223 6
1224 12
1225 11
1226 8
1227 7
1228 13
1229 7
1230 9
1231 15
1232 12
1233 9
1234 16
1235 8
1236 10
1237 8
1238 7
1239 6
1240 5
1241 8
1242 8
1243 8
1244 6
1245 4
1246 4
1247 3
1248 5
1249 3
1250 8
1251 9
1252 8
1253 2
1254 4
1255 5
1256 8
1257 6
1258 6
1259 4
1260 5
1261 5
1262 7
1263 7
1264 5
1265 8
1266 6
1267 3
1268 8
1269 6
1270 5
1271 3
1272 1
1273 3
1274 3
1275 9
1276 2
1277 4
1278 2
1279 2
1280 5
1281 3
1282 5
1283 3
1284 4
1285 4
1286 4
1287 3
1288 2
1289 5
1290 2
1291 5
1292 1
1293 2
1294 1
1296 3
1297 1
1298 2
1299 3
1301 2
1302 2
1303 3
1304 5
1305 3
1306 3
1307 1
1308 3
1309 3
1310 2
1312 1
1313 2
1314 4
1315 3
1316 3
1317 1
1318 2
1319 1
1322 2
1324 1
1326 3
1327 1
1328 1
1332 1
1333 4
1336 1
1339 4
1341 1
1343 3
1345 1
1346 1
1349 1
1350 1
1353 2
1354 1
1357 1
1360 3
1362 1
1363 2
1366 3
1367 1
1371 1
1376 1
1381 3
1385 1
1388 1
1389 1
1391 1
1394 1
1397 2
1398 1
1407 1
1409 1
1412 2
1416 1
1419 1
1420 1
1424 1
1425 1
1430 1
1446 1
1448 1
1450 1
1474 1
