N J h mean_R_sq err_mean_R_sq mean_R_gyr_sq err_mean_R_gyr_sq 
8100 1.364 0 740314 555619 110505 81679.4
1000 747
1001 645
1002 563
1003 464
1004 416
1005 343
1006 332
1007 257
1008 205
1009 231
1010 151
1011 161
1012 125
1013 111
1014 95
1015 97
1016 85
1017 79
1018 74
1019 59
1020 43
1021 34
1022 34
1023 33
1024 23
1025 19
1026 17
1027 15
1028 17
1029 10
1030 12
1031 14
1032 6
1033 12
1034 2
1035 6
1036 7
1037 5
1038 8
1039 8
1040 6
1041 6
1042 4
1043 6
1044 1
1045 2
1046 1
1047 2
1049 1
1053 1
1054 1
1055 1
1062 1
1069 1
