N J h mean_R_sq err_mean_R_sq mean_R_gyr_sq err_mean_R_gyr_sq 
1225 1.344 0 5698.28 233.138 935.786 20.9706
671 2
678 1
687 1
692 1
693 1
712 1
719 1
721 1
733 1
743 1
753 1
755 1
757 1
758 1
767 1
768 1
769 1
772 1
778 1
782 1
783 1
786 1
788 1
792 1
799 1
803 1
804 2
806 1
807 2
808 1
813 1
816 1
819 1
821 1
827 1
828 1
829 1
834 1
835 2
838 1
839 1
843 2
844 1
845 1
847 2
849 1
850 1
851 3
855 1
856 1
857 1
858 1
860 1
861 1
862 1
864 4
865 2
870 2
871 3
873 1
875 3
876 3
878 4
879 1
880 2
881 3
883 1
886 4
888 1
891 2
892 3
894 1
896 1
902 2
904 3
906 2
907 2
908 2
910 1
911 1
912 2
913 3
914 2
915 3
916 2
917 1
918 1
919 2
921 1
922 1
924 3
925 3
926 3
927 2
928 2
930 1
931 2
933 2
934 1
935 3
936 2
937 2
938 4
939 4
940 3
941 4
942 2
943 3
944 2
945 2
946 1
948 1
949 1
950 2
951 2
952 4
953 2
954 1
955 2
956 3
957 2
960 2
961 3
962 3
963 4
964 2
967 3
969 4
970 2
971 2
973 2
974 2
975 3
976 2
977 6
978 3
979 1
980 1
981 2
982 4
983 4
985 2
986 2
987 2
988 1
989 3
990 2
991 4
993 1
994 2
996 2
997 2
998 3
999 3
1000 3
1001 3
1002 1
1003 1
1004 1
1005 1
1006 2
1007 3
1008 1
1009 3
1010 2
1011 1
1012 2
1013 3
1014 2
1015 1
1016 2
1017 3
1018 3
1019 2
1020 2
1021 6
1022 1
1023 2
1024 4
1025 4
1026 1
1027 3
1028 2
1029 3
1030 2
1031 2
1033 2
1035 2
1036 4
1037 1
1038 2
1039 5
1040 2
1041 2
1042 1
1044 1
1045 2
1047 2
1048 1
1050 4
1051 2
1052 3
1054 5
1055 2
1056 2
1057 2
1058 2
1059 2
1061 1
1062 1
1063 3
1064 3
1065 4
1066 2
1067 2
1068 1
1069 2
1071 1
1072 2
1073 5
1074 1
1075 5
1076 2
1077 2
1078 2
1079 2
1080 2
1081 1
1082 3
1083 1
1084 2
1086 1
1087 4
1088 1
1089 1
1090 2
1092 1
1095 1
1096 2
1097 1
1098 1
1101 1
1102 2
1103 2
1104 3
1105 1
1108 4
1110 3
1111 2
1112 2
1114 2
1115 1
1116 2
1117 1
1118 1
1119 1
1121 4
1124 4
1125 3
1126 2
1127 1
1128 1
1129 2
1131 1
1132 1
1133 1
1137 1
1138 1
1139 1
1143 1
1144 1
1145 1
1146 4
1147 1
1148 1
1150 2
1151 1
1153 1
1154 1
1155 1
1156 1
1158 2
1159 2
1160 1
1161 1
1163 2
1164 3
1167 1
1168 1
1169 2
1170 1
1171 1
1173 1
1174 1
1175 1
1177 3
1180 2
1184 1
1188 1
1195 1
1196 2
1197 1
1199 1
1203 1
1205 1
1206 1
1208 1
1211 1
1215 1
1224 2
1226 1
1228 1
1234 2
1235 1
1236 1
1238 1
1252 1
1260 1
1262 1
1263 1
1273 1
1299 1
1328 1
