N J h mean_R_sq err_mean_R_sq mean_R_gyr_sq err_mean_R_gyr_sq 
900 1.355 0 3354.91 26.6413 574.412 2.92237
718 1
721 1
728 1
729 1
732 1
737 1
740 1
743 3
744 1
745 2
746 1
747 1
748 2
749 1
750 1
752 3
755 1
756 2
757 1
758 1
759 2
760 2
761 2
762 6
763 4
765 1
766 4
767 3
768 1
769 5
770 1
771 4
772 2
773 4
774 5
775 3
776 4
777 8
778 3
779 1
780 3
781 4
782 3
783 5
784 5
785 6
786 6
787 6
788 8
789 6
790 10
791 11
792 6
793 8
794 10
795 13
796 9
797 11
798 10
799 12
800 11
801 11
802 11
803 14
804 11
805 10
806 15
807 15
808 13
809 10
810 15
811 12
812 12
813 19
814 16
815 14
816 18
817 20
818 17
819 22
820 18
821 28
822 16
823 25
824 21
825 28
826 23
827 20
828 18
829 35
830 27
831 29
832 37
833 33
834 30
835 28
836 40
837 31
838 40
839 35
840 41
841 37
842 41
843 42
844 51
845 37
846 44
847 46
848 45
849 37
850 54
851 49
852 39
853 47
854 43
855 57
856 47
857 53
858 54
859 59
860 67
861 67
862 62
863 54
864 63
865 70
866 87
867 77
868 55
869 59
870 64
871 69
872 75
873 71
874 95
875 78
876 65
877 92
878 93
879 66
880 89
881 60
882 70
883 75
884 93
885 83
886 83
887 106
888 85
889 89
890 74
891 99
892 75
893 90
894 85
895 87
896 85
897 70
898 85
899 85
900 90
901 99
902 89
903 101
904 100
905 106
906 89
907 105
908 89
909 91
910 85
911 87
912 101
913 100
914 76
915 83
916 88
917 94
918 100
919 88
920 89
921 92
922 106
923 83
924 79
925 106
926 98
927 86
928 95
929 87
930 78
931 88
932 83
933 82
934 82
935 86
936 79
937 94
938 68
939 83
940 88
941 89
942 81
943 69
944 71
945 77
946 69
947 70
948 79
949 61
950 67
951 68
952 64
953 61
954 48
955 69
956 67
957 56
958 50
959 53
960 62
961 57
962 50
963 61
964 47
965 55
966 49
967 37
968 59
969 48
970 34
971 39
972 42
973 35
974 49
975 34
976 55
977 34
978 39
979 36
980 41
981 28
982 41
983 28
984 29
985 33
986 32
987 32
988 30
989 24
990 31
991 31
992 18
993 41
994 29
995 20
996 22
997 19
998 18
999 21
1000 23
1001 16
1002 21
1003 18
1004 19
1005 19
1006 11
1007 14
1008 12
1009 11
1010 18
1011 11
1012 13
1013 5
1014 6
1015 15
1016 15
1017 13
1018 10
1019 7
1020 8
1021 8
1022 11
1023 3
1024 3
1025 7
1026 8
1027 2
1028 9
1029 6
1030 9
1031 9
1032 3
1033 8
1034 3
1035 5
1036 4
1037 5
1038 2
1040 2
1041 3
1042 6
1043 2
1045 1
1046 2
1049 2
1050 1
1051 1
1052 3
1053 2
1055 2
1056 2
1057 1
1058 1
1059 2
1061 3
1064 1
1065 1
1066 1
1068 1
1070 1
1072 1
1073 1
1081 1
1082 1
