N J h mean_R_sq err_mean_R_sq mean_R_gyr_sq err_mean_R_gyr_sq 
8100 1.356 0 480459 384784 70182.7 53903.4
802 1
808 1
812 1
814 2
815 4
816 1
817 1
819 3
820 1
821 3
822 3
823 6
824 3
825 3
826 6
827 7
828 8
829 15
830 5
831 13
832 11
833 14
834 10
835 16
836 16
837 22
838 15
839 24
840 17
841 33
842 29
843 16
844 33
845 16
846 27
847 26
848 46
849 33
850 30
851 29
852 38
853 48
854 36
855 36
856 44
857 38
858 41
859 35
860 35
861 44
862 40
863 37
864 46
865 40
866 55
867 52
868 40
869 39
870 43
871 35
872 50
873 47
874 47
875 29
876 36
877 45
878 42
879 46
880 31
881 28
882 33
883 28
884 28
885 29
886 28
887 20
888 31
889 26
890 28
891 16
892 15
893 12
894 20
895 16
896 10
897 21
898 5
899 10
900 9
901 7
902 7
903 7
904 10
905 6
906 7
907 5
908 7
909 7
910 6
911 6
912 5
913 7
914 8
915 5
916 5
917 14
918 10
919 12
920 9
921 11
922 16
923 11
924 10
925 14
926 14
927 13
928 15
929 14
930 17
931 15
932 15
933 16
934 15
935 17
936 19
937 17
938 17
939 11
940 14
941 16
942 14
943 34
944 22
945 16
946 13
947 12
948 9
949 11
950 12
951 13
952 11
953 10
954 8
955 5
956 7
957 9
958 4
959 5
960 4
961 4
962 3
963 2
964 5
965 3
966 3
967 2
968 1
969 2
970 1
971 3
972 2
974 1
975 1
976 1
977 1
979 1
980 4
982 1
983 1
984 1
986 1
987 1
988 2
989 2
991 1
993 1
995 2
996 2
997 3
999 1
1001 1
1004 1
1007 2
1008 2
