N J h mean_R_sq err_mean_R_sq mean_R_gyr_sq err_mean_R_gyr_sq 
1600 1.344 0 7939.86 91.9045 1302.95 9.52405
594 1
623 1
625 1
660 1
661 1
669 1
672 1
675 1
680 1
688 1
689 1
692 1
697 1
700 1
701 1
705 1
706 2
707 2
709 1
710 1
713 1
717 1
719 1
720 1
722 2
723 1
727 1
728 1
730 1
732 1
733 2
734 1
735 1
737 3
738 2
739 1
742 3
743 5
745 1
746 1
747 1
749 1
750 3
752 1
753 3
754 3
755 4
756 1
757 1
758 1
759 4
760 3
761 3
762 2
763 1
764 1
765 1
766 2
767 3
768 3
769 1
770 1
771 1
772 3
773 4
774 1
775 4
776 2
777 1
778 2
779 3
780 5
781 2
782 4
783 1
784 2
785 7
786 6
787 1
788 4
789 5
790 4
791 4
792 3
793 4
794 3
795 2
796 5
797 8
798 3
799 3
800 6
801 4
802 4
803 4
804 7
805 3
806 2
807 5
808 8
809 2
810 5
811 10
812 4
813 7
814 7
815 6
816 3
817 5
818 6
819 11
820 6
821 5
822 4
823 4
824 5
825 7
826 5
827 7
828 11
829 11
830 8
831 3
832 7
833 3
834 10
835 12
836 5
837 9
838 9
839 9
840 5
841 8
842 12
843 7
844 10
845 15
846 16
847 6
848 5
849 8
850 6
851 7
852 8
853 8
854 6
855 11
856 6
857 10
858 18
859 9
860 6
861 10
862 9
863 9
864 11
865 6
866 16
867 7
868 9
869 10
870 11
871 10
872 11
873 13
874 10
875 19
876 11
877 14
878 9
879 14
880 17
881 14
882 14
883 16
884 11
885 8
886 11
887 15
888 11
889 13
890 10
891 12
892 14
893 16
894 10
895 18
896 15
897 9
898 22
899 15
900 19
901 15
902 15
903 14
904 11
905 15
906 16
907 15
908 20
909 23
910 20
911 13
912 23
913 17
914 22
915 13
916 13
917 23
918 22
919 16
920 17
921 23
922 17
923 28
924 17
925 10
926 19
927 14
928 22
929 19
930 23
931 19
932 21
933 22
934 19
935 20
936 23
937 15
938 27
939 12
940 15
941 19
942 21
943 16
944 24
945 25
946 21
947 22
948 26
949 26
950 25
951 25
952 21
953 19
954 26
955 20
956 25
957 19
958 26
959 27
960 24
961 14
962 19
963 26
964 23
965 28
966 25
967 17
968 32
969 19
970 26
971 21
972 28
973 22
974 29
975 12
976 29
977 22
978 33
979 28
980 26
981 24
982 24
983 18
984 26
985 34
986 20
987 25
988 27
989 33
990 24
991 19
992 18
993 22
994 30
995 22
996 24
997 26
998 35
999 22
1000 25
1001 27
1002 18
1003 30
1004 19
1005 24
1006 30
1007 30
1008 26
1009 22
1010 21
1011 25
1012 14
1013 16
1014 32
1015 35
1016 27
1017 26
1018 21
1019 24
1020 22
1021 23
1022 35
1023 26
1024 24
1025 24
1026 18
1027 19
1028 27
1029 19
1030 25
1031 23
1032 29
1033 27
1034 23
1035 30
1036 22
1037 29
1038 21
1039 18
1040 22
1041 27
1042 29
1043 22
1044 18
1045 30
1046 23
1047 25
1048 18
1049 22
1050 25
1051 32
1052 22
1053 26
1054 19
1055 30
1056 21
1057 21
1058 29
1059 20
1060 25
1061 25
1062 27
1063 28
1064 17
1065 28
1066 19
1067 25
1068 19
1069 20
1070 16
1071 10
1072 19
1073 22
1074 15
1075 20
1076 21
1077 18
1078 23
1079 18
1080 22
1081 16
1082 17
1083 20
1084 17
1085 14
1086 15
1087 18
1088 12
1089 12
1090 24
1091 18
1092 18
1093 17
1094 18
1095 16
1096 25
1097 17
1098 16
1099 20
1100 21
1101 19
1102 12
1103 19
1104 22
1105 12
1106 14
1107 21
1108 11
1109 10
1110 12
1111 9
1112 13
1113 12
1114 14
1115 12
1116 11
1117 11
1118 18
1119 11
1120 12
1121 16
1122 7
1123 15
1124 13
1125 12
1126 12
1127 15
1128 9
1129 12
1130 12
1131 6
1132 15
1133 16
1134 7
1135 8
1136 10
1137 12
1138 14
1139 8
1140 13
1141 2
1142 13
1143 9
1144 8
1145 11
1146 9
1147 6
1148 8
1149 11
1150 11
1151 11
1152 11
1153 9
1154 8
1155 7
1156 15
1157 10
1158 6
1159 12
1160 6
1161 9
1162 7
1163 8
1164 11
1165 8
1166 9
1167 9
1168 7
1169 11
1170 5
1171 8
1172 4
1173 6
1174 7
1175 3
1176 4
1177 4
1178 8
1179 7
1180 3
1181 6
1182 3
1183 5
1184 3
1185 2
1186 5
1187 3
1188 5
1189 4
1190 5
1191 5
1192 5
1193 4
1194 4
1195 4
1196 9
1197 3
1198 3
1199 6
1200 4
1201 8
1202 4
1203 1
1204 4
1205 5
1206 5
1207 4
1208 2
1209 4
1210 8
1211 5
1212 5
1213 1
1214 4
1216 5
1217 1
1218 3
1219 2
1220 1
1221 1
1222 1
1223 3
1224 1
1225 1
1226 1
1227 3
1228 3
1229 1
1230 2
1231 1
1233 2
1234 4
1235 1
1236 2
1237 2
1239 3
1240 2
1241 1
1242 1
1243 3
1244 2
1245 3
1246 1
1247 1
1248 1
1249 1
1250 1
1251 2
1252 1
1255 3
1256 1
1258 1
1259 2
1261 1
1262 1
1263 3
1264 2
1265 2
1266 2
1267 1
1269 3
1270 1
1272 3
1273 1
1276 1
1282 1
1286 1
1288 3
1293 1
1295 2
1298 1
1301 1
1306 1
1316 2
1318 1
1324 1
1327 1
1328 1
1330 1
1359 1
1363 1
