N J h mean_R_sq err_mean_R_sq mean_R_gyr_sq err_mean_R_gyr_sq 
10000 1.344 0 1.12828e+06 553406 162833 78328.6
866 1
876 2
878 1
879 4
880 2
881 5
882 2
883 4
884 4
885 5
886 4
887 7
888 8
889 9
890 11
891 10
892 12
893 17
894 16
895 14
896 23
897 29
898 17
899 18
900 25
901 34
902 29
903 43
904 34
905 23
906 43
907 38
908 52
909 67
910 41
911 57
912 47
913 47
914 46
915 48
916 47
917 50
918 48
919 51
920 44
921 61
922 48
923 50
924 46
925 49
926 48
927 55
928 62
929 42
930 51
931 59
932 61
933 56
934 57
935 57
936 54
937 65
938 54
939 48
940 50
941 46
942 51
943 40
944 42
945 48
946 46
947 42
948 37
949 43
950 24
951 23
952 33
953 34
954 23
955 23
956 32
957 22
958 19
959 16
960 11
961 15
962 12
963 9
964 7
965 10
966 9
967 11
968 12
969 11
970 11
971 9
972 9
973 5
974 7
975 5
976 6
977 10
978 7
979 15
980 5
981 1
982 6
983 2
984 5
985 6
986 9
987 3
988 7
989 5
990 4
991 4
992 2
993 3
994 6
995 6
996 2
997 6
998 5
999 4
1000 1
1001 6
1002 7
1003 3
1004 4
1005 8
1006 5
1007 5
1008 4
1009 3
1010 3
1011 1
1012 1
1013 1
1014 3
1015 4
1017 1
1020 1
