N J h mean_R_sq err_mean_R_sq mean_R_gyr_sq err_mean_R_gyr_sq 
3600 1.344 0 24347.6 812.063 3835.09 105.238
790 1
795 1
807 1
811 1
815 1
817 1
822 1
823 1
824 1
829 2
832 2
833 2
834 2
835 2
836 1
837 7
838 2
839 6
840 1
841 5
842 6
843 8
844 9
845 5
846 4
847 5
848 10
849 6
850 5
851 9
852 6
853 13
854 14
855 11
856 14
857 24
858 18
859 25
860 16
861 28
862 20
863 18
864 25
865 34
866 28
867 24
868 22
869 29
870 32
871 40
872 44
873 38
874 39
875 44
876 47
877 40
878 40
879 63
880 50
881 53
882 62
883 71
884 67
885 48
886 68
887 68
888 75
889 76
890 64
891 88
892 74
893 77
894 88
895 81
896 77
897 91
898 93
899 84
900 87
901 103
902 92
903 95
904 125
905 127
906 104
907 105
908 105
909 119
910 117
911 112
912 113
913 124
914 100
915 107
916 128
917 101
918 120
919 111
920 116
921 139
922 120
923 111
924 92
925 102
926 110
927 110
928 99
929 105
930 99
931 101
932 106
933 85
934 102
935 79
936 84
937 88
938 87
939 107
940 99
941 74
942 71
943 69
944 71
945 65
946 61
947 71
948 76
949 57
950 50
951 64
952 70
953 63
954 50
955 36
956 41
957 43
958 45
959 31
960 37
961 24
962 28
963 24
964 20
965 27
966 19
967 20
968 12
969 14
970 13
971 15
972 14
973 9
974 15
975 11
976 14
977 6
978 9
979 6
980 7
981 5
982 5
983 6
984 2
985 2
986 3
987 3
988 1
989 5
992 2
993 4
994 1
995 1
996 2
998 2
999 1
1001 1
1008 1
1009 1
1012 2
1016 1
1017 1
