N J h mean_R_sq err_mean_R_sq mean_R_gyr_sq err_mean_R_gyr_sq 
2916 1.39 0 10159.1 5316.97 1907.34 813.739
1000 3
1001 3
1002 6
1003 2
1004 4
1005 3
1006 3
1007 6
1008 5
1009 8
1010 4
1011 2
1012 2
1013 3
1014 4
1016 4
1017 4
1018 1
1019 4
1020 3
1021 4
1022 1
1023 3
1025 2
1026 2
1027 1
1028 3
1029 4
1031 2
1032 1
1033 2
1034 3
1035 4
1036 2
1038 5
1041 2
1042 2
1043 4
1044 1
1047 4
1048 2
1049 3
1050 1
1051 1
1054 1
1055 2
1056 2
1058 3
1059 2
1060 1
1061 1
1062 3
1063 2
1064 1
1065 2
1066 3
1067 2
1068 2
1069 1
1070 1
1072 2
1074 1
1077 1
1079 2
1082 2
1086 1
1087 1
1088 2
1091 1
1092 1
1093 1
1094 2
1098 3
1102 1
1106 1
1111 1
1114 2
1119 1
1131 1
1140 1
1144 2
1151 1
1158 1
1162 1
1165 1
1166 1
1180 1
1186 1
