N J h mean_R_sq err_mean_R_sq mean_R_gyr_sq err_mean_R_gyr_sq 
1600 1.417 0 1875.19 27.2233 483.671 2.99381
1000 32
1001 38
1002 40
1003 42
1004 47
1005 48
1006 51
1007 51
1008 35
1009 49
1010 41
1011 34
1012 39
1013 52
1014 41
1015 50
1016 44
1017 40
1018 52
1019 32
1020 41
1021 43
1022 40
1023 43
1024 36
1025 46
1026 33
1027 46
1028 42
1029 34
1030 48
1031 27
1032 47
1033 40
1034 35
1035 42
1036 38
1037 40
1038 37
1039 30
1040 40
1041 39
1042 42
1043 47
1044 36
1045 23
1046 31
1047 37
1048 32
1049 33
1050 37
1051 30
1052 44
1053 31
1054 41
1055 36
1056 25
1057 37
1058 46
1059 45
1060 45
1061 34
1062 31
1063 30
1064 38
1065 35
1066 31
1067 34
1068 31
1069 40
1070 50
1071 39
1072 32
1073 30
1074 34
1075 33
1076 38
1077 34
1078 38
1079 26
1080 33
1081 46
1082 21
1083 30
1084 42
1085 31
1086 33
1087 32
1088 24
1089 29
1090 39
1091 36
1092 36
1093 32
1094 35
1095 41
1096 29
1097 28
1098 33
1099 32
1100 21
1101 28
1102 31
1103 31
1104 30
1105 26
1106 33
1107 25
1108 31
1109 24
1110 24
1111 28
1112 27
1113 28
1114 27
1115 17
1116 23
1117 18
1118 23
1119 25
1120 33
1121 27
1122 30
1123 22
1124 26
1125 21
1126 20
1127 29
1128 30
1129 19
1130 24
1131 27
1132 31
1133 19
1134 20
1135 21
1136 23
1137 27
1138 19
1139 28
1140 17
1141 18
1142 19
1143 17
1144 24
1145 26
1146 31
1147 19
1148 21
1149 22
1150 36
1151 27
1152 22
1153 16
1154 18
1155 23
1156 18
1157 19
1158 26
1159 16
1160 17
1161 26
1162 17
1163 18
1164 19
1165 27
1166 14
1167 15
1168 21
1169 11
1170 19
1171 11
1172 19
1173 12
1174 16
1175 16
1176 14
1177 21
1178 17
1179 18
1180 17
1181 27
1182 17
1183 18
1184 13
1185 15
1186 13
1187 25
1188 14
1189 10
1190 18
1191 11
1192 12
1193 16
1194 10
1195 12
1196 16
1197 14
1198 11
1199 14
1200 8
1201 11
1202 13
1203 14
1204 13
1205 15
1206 11
1207 12
1208 21
1209 11
1210 8
1211 9
1212 12
1213 12
1214 14
1215 14
1216 11
1217 11
1218 12
1219 15
1220 16
1221 8
1222 12
1223 9
1224 16
1225 11
1226 7
1227 4
1228 10
1229 9
1230 18
1231 3
1232 4
1233 9
1234 9
1235 13
1236 8
1237 10
1238 6
1239 8
1240 7
1241 5
1242 8
1243 10
1244 6
1245 10
1246 6
1247 3
1248 9
1249 4
1250 7
1251 4
1252 7
1253 8
1254 5
1255 8
1256 10
1257 6
1258 6
1259 6
1260 3
1261 3
1262 5
1263 7
1264 5
1265 3
1266 7
1267 8
1268 2
1269 5
1270 4
1271 1
1272 5
1273 5
1274 2
1275 6
1276 10
1277 2
1278 9
1279 4
1280 4
1281 5
1282 3
1283 6
1284 2
1285 11
1286 5
1287 2
1288 2
1289 4
1290 2
1291 3
1292 6
1294 6
1295 3
1296 3
1297 3
1298 5
1299 4
1300 1
1301 4
1302 1
1303 3
1304 2
1305 5
1306 5
1307 1
1308 2
1309 7
1310 1
1312 2
1313 4
1315 3
1316 4
1317 4
1318 2
1319 1
1320 1
1321 2
1322 2
1323 2
1324 4
1327 2
1328 3
1330 1
1331 2
1332 1
1333 1
1334 1
1335 1
1336 1
1337 1
1339 2
1340 1
1341 2
1343 2
1345 1
1348 1
1350 1
1352 1
1353 1
1356 1
1359 1
1364 2
1365 1
1366 1
1367 1
1370 2
1373 1
1375 1
1378 1
1381 1
1383 1
1384 1
1389 1
1420 1
1432 1
