N J h mean_R_sq err_mean_R_sq mean_R_gyr_sq err_mean_R_gyr_sq 
8100 1.42 0 28132.6 20124.4 6303.93 3966.66
184 1
210 1
234 1
238 1
242 1
243 4
245 2
251 1
253 1
254 1
255 3
258 1
261 1
262 1
274 2
280 1
282 1
289 1
293 1
295 1
306 1
319 1
338 1
344 1
345 1
349 2
352 2
354 2
355 2
356 1
357 1
360 3
361 1
363 1
364 2
365 2
369 2
372 2
373 1
375 1
377 1
381 2
390 1
402 1
417 1
421 2
428 1
436 1
441 1
456 1
458 1
459 1
465 1
467 2
470 1
475 1
476 1
477 1
479 2
480 1
486 1
487 1
488 2
489 1
490 1
493 1
495 1
499 1
500 2
501 2
503 1
505 1
507 1
509 1
511 2
512 1
514 1
516 1
517 3
519 1
522 1
523 3
524 1
525 2
526 1
527 1
528 1
529 3
530 1
531 4
532 1
533 2
535 5
536 1
537 2
538 1
539 2
540 5
541 2
542 3
543 6
544 5
545 4
546 2
547 2
548 7
549 3
550 8
551 6
552 7
553 5
554 5
555 4
556 6
557 8
558 1
559 7
560 3
561 1
562 7
563 7
564 4
565 5
566 3
567 10
568 2
569 3
570 12
571 5
572 7
573 3
574 10
575 4
576 9
577 7
578 5
579 7
580 5
581 11
582 11
583 12
584 13
585 7
586 9
587 12
588 9
589 6
590 6
591 13
592 8
593 6
594 10
595 10
596 8
597 6
598 8
599 6
600 7
601 9
602 11
603 6
604 8
605 8
606 14
607 9
608 9
609 15
610 6
611 8
612 13
613 6
614 5
615 8
616 8
617 6
618 6
619 13
620 8
621 9
622 7
623 5
624 6
625 11
626 10
627 8
628 8
629 9
630 9
631 4
632 7
633 6
634 9
635 16
636 5
637 13
638 14
639 13
640 5
641 5
642 6
643 13
644 5
645 7
646 10
647 15
648 14
649 22
650 13
651 11
652 10
653 10
654 22
655 22
656 15
657 12
658 20
659 20
660 11
661 11
662 16
663 18
664 20
665 16
666 10
667 8
668 20
669 11
670 13
671 6
672 16
673 9
674 15
675 15
676 10
677 17
678 14
679 14
680 13
681 14
682 15
683 15
684 15
685 14
686 15
687 16
688 12
689 19
690 12
691 19
692 9
693 12
694 9
695 19
696 8
697 6
698 13
699 10
700 14
701 7
702 14
703 9
704 9
705 8
706 11
707 7
708 10
709 11
710 8
711 10
712 11
713 9
714 13
715 11
716 10
717 6
718 15
719 15
720 6
721 9
722 13
723 13
724 10
725 8
726 12
727 11
728 9
729 6
730 9
731 6
732 11
733 10
734 8
735 11
736 13
737 15
738 10
739 21
740 14
741 8
742 15
743 17
744 16
745 11
746 15
747 20
748 18
749 12
750 20
751 16
752 22
753 16
754 22
755 18
756 25
757 22
758 19
759 21
760 14
761 21
762 17
763 30
764 21
765 23
766 8
767 24
768 21
769 22
770 23
771 32
772 32
773 26
774 31
775 20
776 34
777 24
778 20
779 23
780 30
781 19
782 25
783 25
784 17
785 21
786 33
787 25
788 25
789 25
790 25
791 30
792 30
793 24
794 32
795 36
796 35
797 30
798 34
799 29
800 27
801 32
802 29
803 38
804 30
805 42
806 30
807 31
808 27
809 29
810 33
811 30
812 36
813 32
814 24
815 25
816 31
817 34
818 38
819 33
820 31
821 25
822 13
823 24
824 22
825 22
826 25
827 27
828 29
829 25
830 36
831 30
832 27
833 21
834 26
835 31
836 25
837 26
838 37
839 33
840 29
841 27
842 24
843 23
844 30
845 42
846 31
847 36
848 34
849 27
850 29
851 22
852 13
853 27
854 24
855 34
856 26
857 30
858 27
859 27
860 34
861 33
862 38
863 30
864 18
865 32
866 28
867 40
868 35
869 26
870 23
871 33
872 41
873 36
874 24
875 26
876 37
877 23
878 48
879 31
880 35
881 42
882 36
883 35
884 26
885 33
886 39
887 39
888 46
889 33
890 26
891 40
892 31
893 41
894 41
895 39
896 36
897 41
898 46
899 49
900 33
901 52
902 38
903 47
904 35
905 21
906 51
907 41
908 47
909 46
910 24
911 54
912 37
913 36
914 32
915 35
916 44
917 54
918 48
919 49
920 42
921 40
922 37
923 43
924 32
925 31
926 50
927 34
928 29
929 39
930 21
931 28
932 43
933 40
934 33
935 58
936 27
937 32
938 41
939 48
940 45
941 35
942 38
943 43
944 38
945 49
946 39
947 36
948 54
949 50
950 37
951 37
952 44
953 44
954 30
955 39
956 41
957 38
958 43
959 37
960 47
961 36
962 34
963 37
964 35
965 27
966 45
967 38
968 50
969 52
970 41
971 42
972 33
973 32
974 44
975 36
976 42
977 31
978 43
979 39
980 37
981 42
982 39
983 35
984 26
985 40
986 34
987 44
988 24
989 46
990 40
991 34
992 28
993 40
994 31
995 38
996 37
997 30
998 32
999 23
1000 41
1001 33
1002 35
1003 34
1004 34
1005 34
1006 31
1007 30
1008 32
1009 37
1010 34
1011 25
1012 38
1013 34
1014 34
1015 47
1016 42
1017 40
1018 36
1019 36
1020 45
1021 34
1022 32
1023 35
1024 28
1025 34
1026 24
1027 21
1028 35
1029 31
1030 35
1031 24
1032 22
1033 37
1034 36
1035 24
1036 27
1037 42
1038 35
1039 29
1040 33
1041 29
1042 37
1043 40
1044 35
1045 29
1046 36
1047 41
1048 23
1049 38
1050 24
1051 20
1052 31
1053 26
1054 31
1055 33
1056 40
1057 37
1058 33
1059 32
1060 35
1061 23
1062 33
1063 24
1064 22
1065 23
1066 41
1067 24
1068 34
1069 31
1070 29
1071 28
1072 41
1073 34
1074 27
1075 28
1076 24
1077 37
1078 27
1079 24
1080 34
1081 30
1082 32
1083 34
1084 36
1085 32
1086 31
1087 30
1088 23
1089 33
1090 37
1091 28
1092 33
1093 28
1094 31
1095 32
1096 25
1097 26
1098 30
1099 36
1100 26
1101 32
1102 24
1103 31
1104 37
1105 18
1106 28
1107 29
1108 25
1109 28
1110 24
1111 29
1112 25
1113 40
1114 20
1115 30
1116 20
1117 24
1118 36
1119 27
1120 15
1121 26
1122 25
1123 22
1124 29
1125 34
1126 27
1127 29
1128 27
1129 16
1130 15
1131 33
1132 21
1133 29
1134 19
1135 18
1136 23
1137 23
1138 24
1139 19
1140 30
1141 19
1142 24
1143 30
1144 27
1145 25
1146 24
1147 24
1148 15
1149 27
1150 32
1151 23
1152 18
1153 24
1154 24
1155 21
1156 24
1157 22
1158 20
1159 32
1160 21
1161 26
1162 35
1163 27
1164 19
1165 23
1166 24
1167 23
1168 30
1169 20
1170 23
1171 22
1172 31
1173 18
1174 24
1175 27
1176 20
1177 30
1178 27
1179 23
1180 14
1181 15
1182 24
1183 22
1184 20
1185 17
1186 13
1187 13
1188 20
1189 19
1190 12
1191 15
1192 15
1193 21
1194 15
1195 12
1196 22
1197 20
1198 11
1199 13
1200 22
1201 13
1202 16
1203 7
1204 16
1205 10
1206 11
1207 9
1208 9
1209 17
1210 15
1211 18
1212 11
1213 11
1214 10
1215 15
1216 9
1217 17
1218 12
1219 12
1220 14
1221 14
1222 10
1223 10
1224 14
1225 16
1226 5
1227 9
1228 12
1229 14
1230 9
1231 11
1232 5
1233 7
1234 9
1235 12
1236 7
1237 8
1238 11
1239 13
1240 10
1241 11
1242 8
1243 11
1244 11
1245 17
1246 12
1247 14
1248 7
1249 4
1250 9
1251 8
1252 12
1253 5
1254 3
1255 5
1256 6
1257 7
1258 9
1259 4
1260 9
1261 6
1262 8
1263 10
1264 7
1265 7
1266 7
1267 8
1268 12
1269 11
1270 8
1271 3
1272 3
1273 11
1274 16
1275 8
1276 5
1277 5
1278 8
1279 7
1280 4
1281 9
1282 8
1283 10
1284 5
1285 10
1286 2
1287 1
1288 3
1289 6
1290 5
1291 5
1292 5
1293 4
1294 7
1295 3
1296 4
1297 8
1298 2
1299 5
1300 6
1301 7
1302 11
1303 6
1304 3
1305 7
1306 8
1307 3
1308 4
1309 6
1310 8
1311 1
1312 7
1313 4
1314 3
1315 3
1316 4
1317 3
1318 4
1319 6
1320 5
1321 4
1322 3
1323 1
1324 3
1325 5
1326 10
1327 2
1328 3
1329 5
1330 5
1331 5
1332 6
1333 5
1334 3
1335 3
1336 5
1337 2
1338 7
1339 6
1340 6
1341 5
1342 3
1343 5
1344 1
1345 5
1346 3
1348 4
1349 3
1350 4
1351 3
1352 3
1353 3
1354 3
1355 4
1356 1
1357 1
1358 2
1359 3
1360 2
1362 2
1365 1
1366 2
1367 2
1368 2
1369 1
1370 1
1371 1
1372 2
1373 1
1374 4
1376 5
1377 1
1378 1
1379 2
1380 3
1381 2
1382 1
1383 1
1384 3
1385 4
1386 3
1387 1
1388 1
1389 1
1390 1
1391 3
1392 3
1393 1
1394 1
1395 1
1399 1
1406 1
