N J h mean_R_sq err_mean_R_sq mean_R_gyr_sq err_mean_R_gyr_sq 
2500 1.44 0 1938.88 48.6326 608.444 3.17473
1000 17
1001 20
1002 14
1003 13
1004 15
1005 17
1006 17
1007 11
1008 22
1009 21
1010 14
1011 14
1012 10
1013 23
1014 12
1015 15
1016 14
1017 16
1018 14
1019 16
1020 14
1021 16
1022 16
1023 10
1024 15
1025 25
1026 21
1027 13
1028 18
1029 15
1030 14
1031 18
1032 25
1033 11
1034 13
1035 11
1036 16
1037 21
1038 16
1039 19
1040 26
1041 9
1042 22
1043 16
1044 13
1045 14
1046 16
1047 14
1048 14
1049 17
1050 15
1051 17
1052 16
1053 16
1054 16
1055 16
1056 25
1057 23
1058 22
1059 18
1060 16
1061 9
1062 13
1063 19
1064 24
1065 16
1066 22
1067 18
1068 12
1069 20
1070 19
1071 17
1072 20
1073 7
1074 21
1075 15
1076 23
1077 21
1078 14
1079 19
1080 14
1081 22
1082 15
1083 23
1084 11
1085 13
1086 9
1087 16
1088 18
1089 26
1090 17
1091 21
1092 18
1093 18
1094 19
1095 17
1096 11
1097 15
1098 16
1099 15
1100 21
1101 30
1102 17
1103 15
1104 21
1105 15
1106 18
1107 16
1108 22
1109 24
1110 15
1111 20
1112 16
1113 13
1114 15
1115 20
1116 25
1117 18
1118 16
1119 18
1120 12
1121 18
1122 21
1123 7
1124 22
1125 20
1126 24
1127 9
1128 17
1129 14
1130 14
1131 16
1132 22
1133 24
1134 17
1135 17
1136 19
1137 23
1138 16
1139 15
1140 26
1141 11
1142 19
1143 16
1144 16
1145 18
1146 21
1147 13
1148 24
1149 11
1150 22
1151 15
1152 14
1153 13
1154 15
1155 17
1156 12
1157 23
1158 17
1159 17
1160 17
1161 20
1162 15
1163 22
1164 13
1165 14
1166 18
1167 18
1168 15
1169 14
1170 12
1171 20
1172 18
1173 20
1174 19
1175 15
1176 12
1177 11
1178 21
1179 14
1180 7
1181 15
1182 14
1183 13
1184 16
1185 12
1186 8
1187 16
1188 11
1189 23
1190 16
1191 14
1192 15
1193 19
1194 11
1195 21
1196 6
1197 23
1198 14
1199 14
1200 18
1201 18
1202 14
1203 9
1204 15
1205 15
1206 10
1207 16
1208 11
1209 9
1210 7
1211 13
1212 18
1213 17
1214 16
1215 13
1216 15
1217 13
1218 10
1219 20
1220 13
1221 20
1222 6
1223 17
1224 17
1225 7
1226 21
1227 20
1228 9
1229 13
1230 12
1231 10
1232 11
1233 13
1234 6
1235 15
1236 12
1237 4
1238 10
1239 10
1240 17
1241 10
1242 14
1243 10
1244 11
1245 16
1246 10
1247 8
1248 5
1249 10
1250 7
1251 13
1252 10
1253 11
1254 8
1255 9
1256 11
1257 7
1258 12
1259 13
1260 11
1261 6
1262 10
1263 14
1264 13
1265 11
1266 4
1267 10
1268 8
1269 7
1270 5
1271 11
1272 6
1273 7
1274 8
1275 11
1276 11
1277 8
1278 7
1279 9
1280 5
1281 9
1282 13
1283 1
1284 5
1285 8
1286 3
1287 3
1288 8
1289 8
1290 11
1291 2
1292 7
1293 7
1294 11
1295 1
1296 10
1297 4
1298 6
1299 5
1300 6
1301 2
1302 2
1303 6
1304 9
1305 2
1306 7
1307 3
1308 6
1309 4
1310 6
1311 2
1312 6
1313 3
1314 2
1315 2
1316 4
1317 2
1318 3
1319 2
1320 8
1321 7
1322 2
1323 1
1324 3
1327 5
1328 5
1329 4
1330 1
1332 4
1333 3
1334 3
1335 7
1336 1
1337 6
1338 7
1339 2
1340 3
1341 2
1342 3
1343 3
1344 1
1345 1
1346 1
1348 1
1350 2
1351 2
1352 3
1356 1
1358 3
1361 1
1362 3
1363 3
1364 2
1366 1
1367 1
1368 1
1369 1
1371 1
1373 1
1374 1
1375 1
1376 2
1377 2
1379 2
1381 1
1382 1
1383 1
1384 1
1386 1
1387 1
1390 1
1391 1
1395 2
1396 1
1397 1
1404 2
1411 3
1415 1
1449 1
