10000 1.31 0 287105 92942.6 38713.4 11263.1 -1.00511 0.00139763 1.01046 0.00280581 1.02186 0.0056597 0.000397238 0.00059392 -0.00047841 0.000604377 0.00217207 5.27787e-05 9.40701e-06 4.6202e-07 60000000000 0.302532 0.00109807 0.39995 0.00144965 0.297447 0.00194784 34821.4 11283.2 3892.04 329.461 0.49336 0.0303641 
1225 1.31 0 8525.89 60.7748 1307.28 6.01413 -0.999622 0.000388403 1.00084 0.00077667 1.00813 0.00156402 -0.000628053 0.000937141 -0.00093056 0.00109993 0.0174816 0.000217181 0.000599891 1.44501e-05 254000000000 0.308675 0.000301144 0.397598 0.000154561 0.293125 0.000345373 1111.6 6.03731 195.682 1.06072 0.457894 0.0027466 
1600 1.31 0 12378.6 119.763 1890.91 13.7794 -1.00205 0.000399313 1.00536 0.000800746 1.01578 0.00161464 -0.000397899 0.000917208 -0.000283443 0.00106786 0.0134792 0.000120408 0.000362169 7.05701e-06 242000000000 0.306695 0.000423308 0.397406 0.000138016 0.295443 0.000428597 1611.16 12.5853 279.756 1.58114 0.462159 0.0025909 
2500 1.31 0 23501.4 250.265 3523.61 26.4613 -1.00413 0.000453118 1.00912 0.000914352 1.02167 0.00186795 -0.000956465 0.00058989 0.000106007 0.000612411 0.00873932 8.02993e-05 0.000152344 3.32763e-06 246000000000 0.304321 0.00040406 0.398098 0.000142041 0.297293 0.000403116 3007.09 26.602 516.519 3.04993 0.466883 0.00308785 
2916 1.31 0 29541.4 327.94 4406.96 36.9424 -1.005 0.000351526 1.01074 0.000705991 1.02444 0.00142753 -0.000348727 0.000559435 0.00103667 0.00059696 0.00754824 7.17067e-05 0.000113336 2.30986e-06 232000000000 0.303513 0.000319735 0.397818 0.000178214 0.298423 0.000356638 3778.02 37.1326 628.941 5.8397 0.476823 0.0036098 
3600 1.31 0 39793.3 591.919 5946.73 72.8759 -1.00549 0.000396267 1.01158 0.000796641 1.02564 0.00161322 -0.000128361 0.000536016 0.00020994 0.000530558 0.00628904 5.8784e-05 7.86157e-05 1.65942e-06 230000000000 0.302874 0.000377596 0.398207 0.000255251 0.298718 0.000445725 5090.63 73.1165 856.1 8.87161 0.47466 0.0053623 
4900 1.31 0 65142.3 1740.77 9515.33 215.143 -1.00663 0.000519648 1.01374 0.00104515 1.02943 0.00211672 0.000536798 0.000449817 -0.000683382 0.000528487 0.00455337 6.57345e-05 4.20286e-05 1.20405e-06 216000000000 0.301901 0.00046313 0.398183 0.000221165 0.29977 0.000545689 8209.37 216.585 1305.95 20.4756 0.485676 0.00587515 
8100 1.31 0 156572 30366.1 22982.6 4362.26 -1.00678 0.00148798 1.01389 0.00300085 1.02908 0.00610862 -0.000308958 0.00063491 0.000307045 0.00102291 0.00273132 4.76346e-05 1.48576e-05 5.52783e-07 68000000000 0.301273 0.00107984 0.399269 0.00111444 0.299368 0.00179827 20239.8 4291.37 2742.79 116.392 0.482237 0.0184518 
900 1.31 0 5496.25 37.9466 854.696 3.39524 -0.996503 0.000480074 0.995147 0.000960839 0.998834 0.0019379 5.7038e-05 0.00102776 0.00107216 0.00126269 0.0230786 0.000223816 0.001056 2.23981e-05 258000000000 0.311663 0.000373619 0.397508 0.000176572 0.290014 0.000447927 724.355 3.39444 130.341 0.585694 0.449091 0.0023099 
10000 1.314 0 298869 120735 40723.5 16118.5 -1.01456 0.00151285 1.02958 0.0030548 1.06103 0.00623441 0.000893564 0.000808232 -0.000801854 0.000735568 0.00241217 6.76261e-05 1.14489e-05 5.27724e-07 60000000000 0.295393 0.00130423 0.399223 0.00197901 0.305314 0.00223841 37307.9 16074.9 3415.65 174.838 0.514487 0.0314621 
8100 1.314 0 188992 61673 26555.4 7914.07 -1.01607 0.00150679 1.03268 0.00305303 1.06764 0.00627588 -0.000194632 0.000677087 0.000310112 0.000691837 0.00290325 8.13632e-05 1.69725e-05 1.10472e-06 68000000000 0.294012 0.00123152 0.398817 0.00122476 0.307086 0.00195601 23913.4 7909.83 2642.02 98.0893 0.490313 0.0217864 
2500 1.315 0 21974.2 204.939 3314.29 20.2644 -1.0147 0.000356283 1.03044 0.000722289 1.06522 0.00148852 -0.000925676 0.000934426 0.0008582 0.000785242 0.00945762 0.000103653 0.000182727 4.71581e-06 242000000000 0.296574 0.000319926 0.396893 0.000146601 0.306248 0.000360545 2824.19 20.3535 490.097 3.65971 0.46397 0.00297929 
2916 1.315 0 27708.4 326.186 4200.43 37.6937 -1.01441 0.000399737 1.02976 0.000819909 1.06342 0.00172828 -0.000174587 0.000614854 -0.000284518 0.000632274 0.00795833 8.15888e-05 0.000127796 2.87617e-06 242000000000 0.296868 0.000397158 0.396929 0.000140376 0.305961 0.000366035 3581.99 37.651 618.438 4.29262 0.463654 0.0034308 
1225 1.317 0 7902.59 67.7022 1227.44 7.16715 -1.01272 0.00043599 1.02726 0.000879879 1.06213 0.00180735 -3.378e-05 0.00103908 0.000509832 0.00101004 0.01882 0.000207546 0.000701795 1.92718e-05 186000000000 0.299071 0.000371528 0.396196 0.000220209 0.304141 0.000462579 1039.3 7.10042 188.137 1.33275 0.447194 0.00288009 
1600 1.317 0 11464.8 122.778 1769.64 13.993 -1.0158 0.000458675 1.03317 0.000936571 1.07294 0.00196285 0.000838784 0.000918142 0.00105109 0.000858915 0.0147691 0.000159498 0.000429945 1.01972e-05 176000000000 0.2968 0.000398489 0.396306 0.000202952 0.306455 0.000497572 1503.78 13.845 265.861 1.89503 0.454882 0.00404619 
900 1.317 0 5238.4 43.6337 815.584 3.90605 -1.0097 0.000509383 1.02176 0.00103438 1.05326 0.00215359 0.00121444 0.00110755 0.000595132 0.00118682 0.02475 0.000251439 0.00120832 2.63449e-05 192000000000 0.302518 0.0004856 0.396044 0.000235867 0.300646 0.00056946 690.77 3.95606 124.814 0.692355 0.446777 0.00256536 
10000 1.318 0 297491 156501 44013.3 22479.7 -1.02545 0.00160328 1.05178 0.00326914 1.10722 0.00680357 -0.000409021 0.000902908 -5.93958e-05 0.000781008 0.00245194 5.88528e-05 1.23177e-05 6.97659e-07 60000000000 0.28591 0.00122924 0.399587 0.00337711 0.314433 0.00287292 40714.8 22636.6 3298.55 186.337 0.474139 0.0384576 
8100 1.318 0 154214 43819.7 22620.1 5829 -1.02503 0.00114509 1.051 0.00233914 1.10587 0.00488707 -0.000169191 0.00067781 -4.1405e-05 0.000719384 0.00310874 6.44537e-05 1.96998e-05 8.23824e-07 66000000000 0.287208 0.00094795 0.398043 0.00134996 0.314663 0.00160399 20054.9 5892.07 2565.14 107.709 0.464294 0.0263767 
2500 1.32 0 20952.8 345.226 3174.75 27.0087 -1.0245 0.00034843 1.05047 0.00071588 1.10716 0.00151593 -0.000376152 0.000880388 -0.000222516 0.000933626 0.00994868 9.3759e-05 0.000199506 4.45823e-06 232000000000 0.289458 0.000325821 0.396054 0.000152888 0.314209 0.000355043 2700.55 28.7758 474.203 3.14521 0.460005 0.00490406 
3600 1.32 0 35138.6 681.742 5349.44 74.669 -1.02681 0.000466662 1.05496 0.000960799 1.11558 0.00204124 -0.000765184 0.000659613 -0.00109135 0.000803341 0.00705444 7.73801e-05 9.92897e-05 2.54312e-06 182000000000 0.287545 0.000489086 0.395756 0.000199804 0.316506 0.000495204 4581.07 75.1234 768.363 7.30081 0.473792 0.00515115 
4900 1.32 0 54671 1478.03 8094.97 163.405 -1.02766 0.000745714 1.05655 0.00152649 1.11827 0.00320372 0.000651011 0.000749511 0.000640497 0.000583388 0.00514067 8.09976e-05 5.25867e-05 1.59336e-06 168000000000 0.286629 0.000554786 0.396057 0.000262689 0.317174 0.00075684 6886.02 163.913 1208.96 15.2026 0.459216 0.00799397 
10000 1.322 0 305645 143192 44058.7 20936.1 -1.03431 0.0020884 1.07009 0.00429516 1.1463 0.00909419 0.000475446 0.00067942 0.00055761 0.000815548 0.00271969 8.65308e-05 1.49939e-05 1.07265e-06 60000000000 0.280641 0.0015324 0.396957 0.00344013 0.322334 0.00346385 40983.1 21008.1 3075.65 187.909 0.52551 0.0418565 
8100 1.322 0 179730 55894.6 25484.8 7605.88 -1.03318 0.00144112 1.06776 0.00295662 1.14141 0.00623197 0.0014324 0.00106105 0.000358312 0.000894095 0.00312044 7.50459e-05 1.96165e-05 9.00519e-07 66000000000 0.281627 0.00126837 0.397274 0.00195213 0.321015 0.0022154 23207.5 7623.03 2277.3 68.921 0.523956 0.0286593 
1600 1.324 0 10537.3 103.116 1647.97 9.66376 -1.03058 0.000449461 1.06349 0.000942409 1.13694 0.00207927 -0.000940765 0.000981008 0.000670844 0.000989079 0.0162458 0.000229648 0.000520991 1.2899e-05 180000000000 0.286113 0.000363488 0.394575 0.000176436 0.31888 0.000402447 1395.08 9.88045 252.897 1.64425 0.444961 0.00307247 
1225 1.325 0 7253.16 52.8167 1140.35 4.93402 -1.0303 0.000379393 1.06328 0.000785104 1.1381 0.00169343 -0.00121699 0.000931678 -0.000964649 0.000981966 0.0208169 0.000179273 0.000851969 1.77554e-05 268000000000 0.287099 0.000347436 0.3944 0.000158158 0.317937 0.000369087 963.418 4.94687 176.93 1.0311 0.441556 0.00241886 
1600 1.325 0 10509.3 86.011 1631.54 7.47402 -1.03313 0.000346608 1.06871 0.000716708 1.14795 0.00154096 0.000900866 0.000831713 0.000398404 0.000840939 0.0160573 0.000147362 0.000512459 1.07078e-05 262000000000 0.284319 0.000298599 0.394517 0.00019321 0.320738 0.000376536 1383.29 7.48715 248.246 1.03929 0.447849 0.00214757 
900 1.325 0 4817.82 33.4575 761.848 3.0773 -1.02613 0.000415602 1.05522 0.000854086 1.12314 0.00182077 -0.0006101 0.000989916 -0.00107321 0.00112913 0.0274689 0.00023311 0.00148026 2.80011e-05 280000000000 0.290864 0.000443501 0.394841 0.000196222 0.31353 0.000391117 642.467 3.10191 119.381 0.483498 0.435755 0.0020297 
10000 1.326 0 410849 273985 62578.4 41816.7 -1.04086 0.00415258 1.08375 0.00857208 1.17601 0.0182841 0.000228674 0.000918031 0.000851454 0.000663421 0.00273155 0.000100904 1.49678e-05 1.00387e-06 60000000000 0.275157 0.00192441 0.398858 0.0060629 0.32592 0.00716631 59701.3 41801.7 2877.15 148.174 0.520083 0.0550503 
8100 1.326 0 155470 47550.5 22577.7 6643.41 -1.04121 0.0019413 1.08444 0.00402512 1.1774 0.00865955 0.000422235 0.000757566 -0.000332718 0.000798988 0.00340549 7.35696e-05 2.37686e-05 9.66094e-07 66000000000 0.276044 0.00144103 0.396169 0.00143637 0.327705 0.00244752 20349.9 6647.83 2227.85 107.195 0.491253 0.0241793 
3600 1.33 0 30201 599.929 4626.61 66.6103 -1.05007 0.000518189 1.10332 0.00108874 1.22032 0.00240827 -0.000635776 0.000647796 0.00100392 0.000839874 0.00825617 9.71231e-05 0.000135075 3.87891e-06 182000000000 0.270722 0.000454032 0.392562 0.000268331 0.336533 0.00054428 3942.03 67.1015 684.578 6.20407 0.458864 0.00545578 
4900 1.33 0 49010.8 2241.69 7382.16 331.313 -1.05104 0.000601867 1.10522 0.00126503 1.22383 0.00279875 0.00117695 0.000948617 -0.000432983 0.000546935 0.00598733 8.01691e-05 7.24444e-05 2.0868e-06 190000000000 0.269986 0.000551959 0.392354 0.000241828 0.337527 0.00064149 6315.93 334.559 1066.23 15.126 0.461713 0.00699997 
1225 1.34 0 6010.98 58.6936 982.025 4.33335 -1.06349 0.000393813 1.13296 0.000838085 1.29245 0.00191024 0.00162418 0.000978902 0.000132603 0.00112112 0.0256261 0.00025363 0.00129705 2.76438e-05 260000000000 0.264028 0.000329563 0.389247 0.000167915 0.346193 0.000429911 823.131 4.38905 158.894 0.956353 0.423659 0.00281045 
1600 1.34 0 8518.77 72.3033 1385.84 7.20436 -1.06689 0.000358878 1.13978 0.000768041 1.30599 0.00176947 0.000314026 0.00106278 -0.000277375 0.00101585 0.0201017 0.000177148 0.000812567 1.56767e-05 256000000000 0.260553 0.000306309 0.389201 0.000160872 0.349848 0.000385253 1163.21 7.18867 222.626 1.45857 0.426478 0.00276754 
3600 1.34 0 25855.1 848.026 4102.35 120.329 -1.07397 0.000692488 1.15415 0.00148439 1.33548 0.00341772 7.02541e-05 0.000784085 -0.000586686 0.000719725 0.00965058 0.000106435 0.000184716 4.33646e-06 204000000000 0.254029 0.000547836 0.388455 0.000205318 0.357342 0.000646326 3474.34 119.996 628.012 6.93108 0.434704 0.00696346 
4900 1.34 0 40918.6 2797.68 6451.69 454.127 -1.07539 0.000608495 1.15704 0.00130687 1.34138 0.00301976 -0.000325698 0.000803633 -0.000762076 0.000624882 0.00717298 9.93389e-05 0.000102859 3.41799e-06 194000000000 0.252621 0.000524258 0.388632 0.000350248 0.358621 0.000728314 5532.55 454.446 919.134 12.1571 0.449851 0.00808289 
900 1.34 0 4030.87 36.6547 662.94 2.97395 -1.05863 0.000497164 1.12321 0.001062 1.27287 0.00244435 -0.00153489 0.00108109 0.00215444 0.00110727 0.0330512 0.000309997 0.00211226 4.19953e-05 268000000000 0.268826 0.000451754 0.389367 0.000187854 0.34108 0.000490215 554.069 2.98269 108.871 0.456328 0.417023 0.00220326 
1225 1.344 0 5698.28 233.138 935.786 20.9706 -1.07359 0.0019291 1.1545 0.00417199 1.34163 0.00980959 0.00751679 0.00632124 0.00287537 0.00470202 0.0262086 0.0013685 0.00130527 0.000162029 12000000000 0.258338 0.0015118 0.387839 0.000985229 0.353312 0.00231121 783.614 20.4048 152.171 3.03168 0.426213 0.010251 
1600 1.344 0 7914.1 247.472 1292.24 24.1751 -1.07781 0.00141 1.16314 0.00304325 1.35975 0.00713158 -0.0011248 0.00366725 -6.62443e-05 0.00358265 0.0209441 0.00092054 0.000931377 9.80593e-05 16000000000 0.253356 0.00113477 0.386995 0.000687086 0.359263 0.00146652 1083.72 24.5689 208.517 3.50646 0.421322 0.00928073 
2500 1.344 0 14994 684.186 2438.97 95.568 -1.08208 0.00215024 1.17199 0.00468973 1.37875 0.0111863 0.00184629 0.00458651 -0.00169881 0.00397121 0.0145919 0.000700444 0.000434565 4.28184e-05 14000000000 0.249154 0.00163327 0.387004 0.000818384 0.363582 0.00221568 2071.41 95.0593 367.562 9.33304 0.437552 0.0145114 
2916 1.344 0 21510.8 4815.57 3508.76 780.772 -1.08461 0.00228207 1.17734 0.00491985 1.39059 0.0114785 -0.00368107 0.00407558 0.003883 0.00348309 0.011945 0.00062557 0.000285088 3.26965e-05 12000000000 0.247647 0.00184092 0.386541 0.0012396 0.365585 0.00267467 3062.81 781.446 445.952 13.1751 0.434384 0.0195535 
3600 1.344 0 33566.2 8862.22 5069.46 1171.46 -1.0826 0.00225586 1.17284 0.00489629 1.37938 0.0115568 -0.000313734 0.00341228 -0.00243965 0.00339755 0.0100922 0.0004024 0.000193184 1.65787e-05 12000000000 0.247799 0.00191291 0.386993 0.00190872 0.365041 0.00261063 4461.36 1179.95 608.093 21.584 0.439393 0.0249277 
4900 1.344 0 62250.2 21650.5 9611.79 3329.64 -1.08841 0.00384093 1.18534 0.0082261 1.40833 0.0189073 -0.00403423 0.00266251 -0.00262677 0.00352175 0.00737592 0.000305602 0.000108525 9.47701e-06 12000000000 0.243102 0.00287465 0.386733 0.0026063 0.370052 0.00512943 8853.32 3348.7 758.464 41.8037 0.534721 0.0399 
900 1.344 0 3950.92 136.537 664.124 13.1144 -1.06356 0.00247313 1.13361 0.0050549 1.29622 0.0105529 0.00191648 0.00638593 0.00193552 0.00601654 0.0344743 0.00144978 0.00223867 0.000182895 14000000000 0.26433 0.00187826 0.389413 0.00091369 0.345531 0.00205984 556.54 13.206 107.584 2.016 0.420132 0.00931923 
1225 1.348 0 4884.74 173.291 858.032 16.8813 -1.08204 0.00189644 1.1727 0.00411572 1.38406 0.00975869 0.00471926 0.00483211 0.00640379 0.00523744 0.0286572 0.00150477 0.00165234 0.000170935 12000000000 0.250931 0.00143567 0.386009 0.000790203 0.362561 0.00176476 707.541 16.7594 150.491 3.33185 0.392395 0.00985522 
1600 1.348 0 6869.83 278.342 1167.64 28.5093 -1.09072 0.00224419 1.19135 0.00493218 1.42734 0.0119775 -0.00130229 0.00507054 -0.00671328 0.00518333 0.0228961 0.00100089 0.00106895 0.000100394 12000000000 0.245135 0.00158444 0.383179 0.00081811 0.371302 0.00211294 962.485 29.7061 205.153 4.88914 0.389925 0.0118398 
2500 1.348 0 14139 1382.17 2380.11 182.461 -1.09336 0.00155188 1.19645 0.00339808 1.43633 0.00817361 0.00292333 0.00347989 0.00345698 0.00417171 0.0154385 0.000755427 0.00047052 5.00112e-05 14000000000 0.240462 0.0012716 0.384981 0.000802962 0.374315 0.00165176 2025.53 184.186 354.587 10.271 0.427027 0.0133723 
2916 1.348 0 16603.2 1031.24 2765.83 121.154 -1.09469 0.00225458 1.19935 0.00495701 1.44323 0.01201 -0.000657966 0.00354025 -0.00147196 0.00352849 0.0149926 0.000677381 0.000434651 3.91853e-05 12000000000 0.240264 0.00190585 0.383803 0.00092956 0.375743 0.00244044 2347.7 120.555 418.131 14.0807 0.437938 0.0176605 
3600 1.348 0 23976.3 2145.79 3879.98 307.961 -1.09895 0.00199332 1.20846 0.00440176 1.46415 0.0107518 -0.00118127 0.00308878 -0.000506161 0.00311475 0.0114344 0.000454867 0.000253808 2.07359e-05 12000000000 0.237204 0.00172347 0.382503 0.000887212 0.380149 0.0022079 3347.25 309.235 532.736 21.8883 0.455083 0.0264565 
4900 1.348 0 33625.5 6139.77 6000.42 1016.4 -1.09571 0.00272025 1.2012 0.0059257 1.44592 0.0140861 -0.00318052 0.00247459 0.0045124 0.00313727 0.00812532 0.00036098 0.000127108 1.09237e-05 12000000000 0.239405 0.00246615 0.383373 0.00143342 0.377098 0.00307533 5151.03 1008.25 849.387 44.1488 0.417305 0.0276434 
900 1.348 0 3542.07 111.12 609.926 11.1895 -1.07663 0.00205635 1.1619 0.00444056 1.363 0.0104474 0.00554211 0.00605529 0.000101225 0.00543622 0.0376708 0.00150759 0.00279486 0.000238347 14000000000 0.256903 0.00157674 0.386524 0.000850849 0.355917 0.00203845 504.325 11.2668 105.601 2.16931 0.393576 0.0134681 
2500 1.35 0 12569 163.898 2111.29 17.3302 -1.09741 0.000438542 1.20543 0.000965638 1.45844 0.002348 0.000823515 0.000885154 8.90104e-05 0.00129796 0.0162903 0.000162913 0.000516275 1.08683e-05 228000000000 0.238592 0.000388435 0.383113 0.000190246 0.378056 0.000551291 1760.7 17.3819 350.594 2.28854 0.410682 0.0038995 
2916 1.35 0 15223.8 3258.1 2720.16 459.14 -1.09973 0.0023643 1.21025 0.00517792 1.46885 0.0124432 0.00226839 0.00471354 -0.000724555 0.00511883 0.0144038 0.000820189 0.000412066 5.11462e-05 6000000000 0.23478 0.00212172 0.383205 0.00125995 0.38183 0.00279778 2300.88 459.935 419.283 14.2856 0.38804 0.0234923 
3600 1.35 0 19695.3 325.898 3257.26 42.4585 -1.1026 0.000581074 1.21652 0.00127991 1.48387 0.00311341 0.000201848 0.000780919 -0.00074511 0.000806296 0.0119675 0.00012494 0.00028478 6.4373e-06 208000000000 0.233549 0.000446063 0.382523 0.000247753 0.383768 0.000629296 2719.53 42.3313 537.727 4.53664 0.414404 0.00532729 
4900 1.35 0 30932.1 1575.41 5089.45 218.014 -1.10368 0.000742553 1.21871 0.00163783 1.48819 0.00399084 0.00091017 0.000918904 0.000849904 0.000739441 0.00893286 0.000121436 0.000159955 4.49425e-06 172000000000 0.232765 0.000628146 0.38234 0.000325375 0.384778 0.000856009 4287.56 217.73 801.89 15.5877 0.424456 0.00941681 
1225 1.352 0 5080.94 181.647 855.571 16.6904 -1.09048 0.00228854 1.19106 0.00497566 1.42783 0.0118428 0.00872282 0.00499767 0.00247186 0.00499272 0.0302914 0.00117643 0.00176594 0.000147521 12000000000 0.24485 0.00149556 0.384743 0.00076249 0.369895 0.00182941 709.453 16.8712 146.118 2.88472 0.402003 0.00992487 
1600 1.352 0 6835.17 273.523 1202.27 32.4453 -1.09612 0.00203092 1.20317 0.00439938 1.45585 0.010353 0.00171542 0.00453985 -0.00256245 0.00526706 0.0240217 0.00101762 0.00113959 9.58635e-05 12000000000 0.241257 0.00169635 0.382848 0.000785162 0.375532 0.00220378 999.572 32.0272 202.696 6.07649 0.398853 0.0113642 
2500 1.352 0 13806 1358.29 2258.99 208.236 -1.10187 0.00171342 1.21531 0.00381913 1.48276 0.00952045 -0.00181006 0.00341523 -0.00332246 0.00467245 0.0168258 0.000819284 0.000576999 6.49138e-05 14000000000 0.235998 0.00140244 0.382259 0.000837262 0.381484 0.00188693 1916.17 210.28 342.824 8.02644 0.414607 0.0127842 
2916 1.352 0 15154.3 1142.6 2585.3 125.756 -1.10344 0.00219115 1.21856 0.00485832 1.48969 0.0119761 -0.00123837 0.00431147 0.00108341 0.0035591 0.0142582 0.000773366 0.000430292 5.82259e-05 12000000000 0.233606 0.00175457 0.383308 0.000707281 0.382864 0.00218842 2177.14 122.843 408.166 14.986 0.425201 0.0197043 
3600 1.352 0 34459.4 15673.9 5289.8 2196.44 -1.10765 0.00315755 1.22781 0.00688179 1.51199 0.0164101 -0.000763845 0.00386256 0.00438324 0.00354025 0.0128924 0.00074805 0.000330952 4.49564e-05 12000000000 0.228637 0.00208401 0.383642 0.00235729 0.387572 0.00417994 4751.76 2174.06 538.032 29.0816 0.409605 0.0235652 
4900 1.352 0 53598.1 29105.6 8192.84 4072.22 -1.11158 0.00433985 1.23637 0.00948562 1.53236 0.0227164 0.00229341 0.00297366 -0.00386208 0.0033447 0.00890053 0.000486601 0.000151145 1.64349e-05 10000000000 0.225394 0.00302045 0.383232 0.00248931 0.391259 0.00538162 7479.25 4060.11 713.586 34.1579 0.420793 0.0332685 
900 1.352 0 3328.83 109.694 571.895 12.7157 -1.08655 0.0024041 1.18314 0.00526935 1.412 0.0128387 0.00552384 0.00583955 0.000266036 0.00543489 0.0419901 0.00164599 0.00356253 0.00039122 14000000000 0.249611 0.00186247 0.385481 0.00100418 0.364271 0.00232745 471.147 12.149 100.748 1.8495 0.390571 0.00977086 
1225 1.355 0 4857.23 45.6563 825.494 4.8489 -1.09938 0.000461997 1.21069 0.00101375 1.47569 0.00245248 -0.000949824 0.00113282 0.000206261 0.00112329 0.033001 0.000294069 0.00212533 4.42563e-05 256000000000 0.239443 0.000357026 0.38183 0.000180591 0.378237 0.000457568 683.296 4.48023 142.198 0.650568 0.394641 0.00214121 
1600 1.355 0 6700.17 69.1575 1139.65 6.41578 -1.10352 0.000459708 1.21942 0.00101456 1.49509 0.00247861 -0.00102002 0.00105089 -0.000562999 0.00115021 0.0261519 0.000283529 0.00135004 3.32675e-05 246000000000 0.235677 0.000369799 0.381523 0.0001738 0.382432 0.000523527 944.91 6.18487 194.737 0.855818 0.399455 0.00252528 
900 1.355 0 3327.63 29.6841 571.501 2.83374 -1.09134 0.000551698 1.19368 0.00120689 1.43757 0.00290381 0.00252296 0.00137177 0.000244078 0.00206087 0.0413216 0.000479412 0.00328236 7.79834e-05 270000000000 0.246464 0.000494915 0.383269 0.000196847 0.369593 0.000594545 472.576 2.97212 98.9248 0.535966 0.39376 0.0030003 
1225 1.356 0 4367.23 154.334 772.33 15.5143 -1.10174 0.00190955 1.21586 0.00418523 1.48827 0.0101752 0.00162373 0.00679975 -0.00644497 0.00508121 0.0318684 0.00138953 0.00189673 0.00016731 12000000000 0.2364 0.00152449 0.381774 0.000863113 0.381315 0.00191116 635.73 15.5255 136.6 2.39752 0.386471 0.0094467 
1600 1.356 0 6141.22 258.614 1076.96 29.3938 -1.10915 0.00171842 1.23171 0.00382042 1.52447 0.00948861 0.00377816 0.00502058 -0.0011021 0.00476107 0.0281866 0.00127185 0.00148528 0.000127628 12000000000 0.230654 0.00154077 0.379552 0.000918136 0.389422 0.00194602 884.678 29.0446 192.284 3.74546 0.378028 0.0102446 
2500 1.356 0 11525.9 623.83 1930.72 84.1186 -1.11495 0.00184342 1.24426 0.0041371 1.55387 0.0104517 0.00170019 0.00359277 -0.00425665 0.00502115 0.0195826 0.00077242 0.000731025 7.21709e-05 14000000000 0.226356 0.00148778 0.378211 0.000669018 0.395211 0.00167825 1608.8 84.6268 321.918 7.21762 0.404548 0.0158106 
2916 1.356 0 17344.5 3065.25 2884.97 443.387 -1.11221 0.00253043 1.23818 0.00561579 1.53886 0.0138783 -0.00200005 0.00397292 0.000910347 0.00361168 0.0162962 0.00091477 0.000530438 5.67183e-05 12000000000 0.227748 0.00211792 0.379977 0.0010826 0.39209 0.00268359 2483.27 443.595 401.701 14.0582 0.417741 0.023469 
3600 1.356 0 23935.5 8356.3 4058.19 1333.1 -1.11878 0.00286398 1.25251 0.00635307 1.57296 0.0156728 -0.00342773 0.00446078 0.00207565 0.00370719 0.0128776 0.000700627 0.000340357 3.40619e-05 10000000000 0.222145 0.00214823 0.380198 0.00230369 0.397504 0.00395629 3569.62 1330.66 488.563 20.3166 0.393497 0.023621 
4900 1.356 0 59941.8 30667.5 8527.19 4029.56 -1.12334 0.00408921 1.26273 0.00906384 1.59868 0.022348 -0.00383284 0.00345183 0.0025001 0.00381666 0.010092 0.0005301 0.00018744 1.83706e-05 10000000000 0.218637 0.00277144 0.378249 0.00280643 0.403002 0.00522869 7861.65 4029.57 665.539 30.2769 0.462887 0.0343368 
900 1.356 0 3200.98 130.888 578.603 10.7889 -1.09127 0.00245476 1.19357 0.00543843 1.43753 0.0134417 0.000980521 0.00569912 0.00407833 0.0054919 0.0424747 0.00151409 0.00340389 0.000250131 14000000000 0.245901 0.00165483 0.383852 0.000878824 0.369557 0.00215526 480.037 10.8532 98.5661 1.71031 0.394841 0.00930115 
1225 1.36 0 4468.42 153.716 786.361 16.1179 -1.11426 0.00147874 1.24354 0.00330527 1.55621 0.00831708 0.00141902 0.00581983 0.00137336 0.005682 0.0355686 0.00167368 0.0024896 0.000202881 18000000000 0.228652 0.00113433 0.377592 0.000824806 0.393293 0.00150798 654.243 16.0321 132.118 2.17059 0.397713 0.00813105 
1600 1.36 0 5790.56 282.595 1028.24 32.1936 -1.11891 0.00177572 1.25361 0.0039683 1.57985 0.00996046 -0.00108755 0.00501928 0.00012957 0.00537729 0.0308146 0.0016918 0.00186561 0.000210332 12000000000 0.224641 0.00142067 0.377388 0.000781794 0.397631 0.00181121 846.747 31.4711 181.496 3.51554 0.386196 0.0118492 
2500 1.36 0 10812.9 1078.13 1849.88 118.806 -1.12563 0.00260829 1.26819 0.00583513 1.61415 0.0146469 0.00285913 0.00372156 0.00648847 0.00385729 0.0201488 0.000994858 0.000829866 9.67473e-05 16000000000 0.21848 0.00196698 0.37595 0.00108022 0.405342 0.00287832 1541.6 116.662 308.28 6.19579 0.407255 0.0172737 
2916 1.36 0 12675.6 1368.72 2212.66 169.884 -1.12904 0.00207575 1.27581 0.00463357 1.63314 0.0115834 0.00364444 0.00359731 0.000972277 0.00397836 0.0185236 0.000733369 0.000646389 6.12372e-05 14000000000 0.215835 0.00171365 0.375938 0.000725795 0.408034 0.00230367 1836.72 168.52 375.938 9.17129 0.379393 0.0164472 
3600 1.36 0 15810.2 1111.95 2796.62 154.114 -1.13062 0.000707434 1.27917 0.00159947 1.64076 0.00409626 0.0010866 0.00126751 0.00166805 0.000963204 0.0148992 0.00019837 0.000436567 1.19448e-05 182000000000 0.214574 0.000489613 0.375408 0.000397458 0.40987 0.000827273 2312.01 155.124 484.602 5.41583 0.381345 0.00935973 
4900 1.36 0 22238.7 782.938 3857.09 82.8022 -1.13508 0.000666748 1.28908 0.00151159 1.66514 0.00389156 0.000152281 0.000911109 -0.00101211 0.000880121 0.0112794 0.000136504 0.000251351 6.64247e-06 188000000000 0.210916 0.000553055 0.374292 0.000296868 0.414682 0.000733707 3172.23 86.9341 684.859 10.2725 0.381332 0.00890461 
900 1.36 0 3269.65 156.406 553.635 13.6997 -1.10351 0.00267139 1.22054 0.00590231 1.5034 0.0145251 -0.00229241 0.00698964 -0.00221121 0.00650865 0.0454207 0.00237862 0.00408368 0.000536628 12000000000 0.237508 0.00216254 0.380395 0.00100097 0.381389 0.00248022 460.557 13.1153 93.0773 1.90072 0.405076 0.0101057 
1225 1.364 0 4117.74 133.027 742.463 12.6621 -1.11981 0.0016312 1.25604 0.00365366 1.58802 0.00921774 -0.00375855 0.00482151 -0.0073516 0.00514317 0.0391664 0.00123642 0.00291019 0.000175708 18000000000 0.225017 0.0012089 0.378108 0.000973233 0.396419 0.00161973 613.29 13.1771 129.172 2.08023 0.389198 0.00867452 
1600 1.364 0 5329.05 216.299 956.35 22.2861 -1.12896 0.00154347 1.27634 0.00345927 1.63814 0.00874428 0.00200538 0.0044355 -0.00108226 0.00413202 0.030585 0.00109817 0.00185154 0.000146128 18000000000 0.219006 0.00126421 0.375153 0.000634952 0.40551 0.00158836 776.109 22.709 180.241 2.55761 0.356593 0.00980901 
2500 1.364 0 10312.9 1193.89 1801.9 185.002 -1.13866 0.00194536 1.29779 0.00444543 1.69073 0.0116523 -0.00108577 0.00592292 -0.00182697 0.00376131 0.0220675 0.000734394 0.000915495 6.30058e-05 16000000000 0.210103 0.00112944 0.372824 0.00118564 0.416858 0.00224313 1510.87 186.174 291.023 6.32525 0.377215 0.0171205 
2916 1.364 0 10945.1 725.478 1980.83 96.7375 -1.13993 0.0018484 1.30051 0.00418295 1.69681 0.010737 0.00114294 0.00400186 0.00699161 0.00448681 0.0195186 0.00087395 0.000739227 6.87023e-05 14000000000 0.209215 0.00162638 0.372882 0.000690104 0.417735 0.00213006 1608.59 95.5476 372.243 10.1006 0.365992 0.0189271 
3600 1.364 0 31796.6 17227.3 5302.15 2760.4 -1.13444 0.00431033 1.28816 0.0095802 1.66544 0.0237657 -0.000609137 0.00345433 0.000132632 0.00333736 0.0134318 0.000651893 0.000334027 3.30592e-05 12000000000 0.211479 0.00262891 0.37638 0.00326093 0.41199 0.00568652 4835.03 2770.98 467.116 22.3552 0.385398 0.037963 
4900 1.364 0 51359.2 28669.1 7676.68 3776.21 -1.14706 0.00306406 1.31658 0.0069048 1.73762 0.0176237 -0.00103174 0.00370193 -0.00148337 0.00321408 0.012743 0.000716814 0.000328239 3.81817e-05 12000000000 0.202278 0.00232329 0.371357 0.00200697 0.426267 0.00389327 7104.1 3778.09 572.576 21.0753 0.441474 0.0347304 
900 1.364 0 2857.29 96.2789 516.309 9.68964 -1.1089 0.00208026 1.23237 0.00465301 1.53214 0.0117177 0.00309939 0.00554823 -0.00869129 0.00520051 0.0480047 0.00234528 0.00413486 0.000379266 18000000000 0.235954 0.00133046 0.37889 0.000996559 0.384545 0.00211583 422.061 9.5081 94.2486 1.46518 0.370916 0.00813206 
1225 1.368 0 3582.48 112.594 693.784 13.9514 -1.1321 0.00160619 1.28382 0.00366234 1.65932 0.00961902 -0.000828463 0.00619237 -0.00825532 0.00598985 0.0402133 0.00134245 0.0030178 0.000205355 18000000000 0.217695 0.00115793 0.373696 0.000769508 0.408178 0.0016425 564.81 14.6651 128.974 1.89016 0.367199 0.01049 
1600 1.368 0 5597.64 225.941 972.032 24.0016 -1.13921 0.00197778 1.29962 0.00453353 1.69847 0.0119757 0.00410847 0.00496723 -0.0020588 0.00469309 0.0353814 0.00149729 0.00239361 0.000188683 18000000000 0.212606 0.00155737 0.371908 0.000752141 0.41516 0.00214354 801.9 23.2526 170.132 2.63997 0.384499 0.0089915 
2500 1.368 0 8281.74 587.026 1551.67 80.559 -1.15137 0.00282355 1.32686 0.00648916 1.767 0.0171893 -0.00361017 0.00415109 -0.000122504 0.00490257 0.0239679 0.00101525 0.00116712 9.92704e-05 14000000000 0.201009 0.00229057 0.369123 0.00108539 0.429669 0.00327534 1280.21 79.2132 271.458 5.98937 0.376082 0.0158233 
2916 1.368 0 12080 1748.14 2032.66 209.658 -1.15255 0.00240143 1.32943 0.00551278 1.77298 0.0145725 -0.00236285 0.00395298 0.00403652 0.00425727 0.0214491 0.000960797 0.000959977 0.000100586 14000000000 0.200651 0.00187747 0.368933 0.000964427 0.430239 0.00266716 1700.95 208.561 331.707 8.07576 0.379787 0.0222957 
3600 1.368 0 21692.3 8992.02 3680.47 1401.57 -1.15516 0.00317758 1.33547 0.00724973 1.78923 0.0189366 0.00189775 0.00385517 0.00536854 0.00433019 0.0178423 0.000978539 0.0006432 7.40826e-05 12000000000 0.19754 0.00215709 0.369669 0.00231469 0.432655 0.0039863 3286.11 1398.42 394.358 12.6616 0.395904 0.0303839 
4900 1.368 0 18968.9 2111.12 3373.34 247.785 -1.16122 0.00234355 1.3491 0.00542253 1.82372 0.0145843 0.00363031 0.00407927 -0.003097 0.00472643 0.0157925 0.000717444 0.000487626 4.69925e-05 10000000000 0.192866 0.00178915 0.3677 0.00112962 0.439338 0.00265822 2809.62 252.462 563.716 23.5833 0.393469 0.0340378 
900 1.368 0 2904.16 101.336 504.265 9.08797 -1.12379 0.00211267 1.26583 0.00477776 1.61705 0.0123307 -0.00623767 0.00788879 -0.00856873 0.00556549 0.0517029 0.00195234 0.0048198 0.000353153 18000000000 0.226606 0.0014089 0.37552 0.000819825 0.397243 0.00189588 414.16 9.01567 90.105 1.6007 0.374394 0.008117 
1225 1.37 0 3742.94 32.8215 681.665 3.10767 -1.1368 0.000421364 1.29449 0.000957225 1.68693 0.00248989 0.00245146 0.00134941 -0.000339408 0.00131779 0.0432238 0.000362826 0.00354849 6.08106e-05 264000000000 0.214912 0.000306803 0.372058 0.000191144 0.412589 0.000425831 554.915 3.11354 126.75 0.544881 0.36229 0.00216516 
1600 1.37 0 4972.06 52.5136 907.557 5.47881 -1.1448 0.000512117 1.31233 0.00114715 1.73144 0.00303129 0.000977104 0.0012203 -5.43255e-07 0.00128279 0.0361446 0.000542849 0.00251005 6.93761e-05 240000000000 0.208198 0.000424133 0.370153 0.000214531 0.421319 0.000600594 738.184 5.44371 169.372 0.721838 0.360958 0.00253174 
2916 1.37 0 9358.38 205.991 1734.34 28.8907 -1.1594 0.000559061 1.34527 0.00129516 1.81545 0.00348492 -0.00022211 0.00109236 0.00101253 0.00148275 0.023243 0.00025058 0.00104072 2.34941e-05 210000000000 0.196071 0.00043985 0.366636 0.000215857 0.437123 0.000605131 1411.72 28.2408 322.621 2.85953 0.358135 0.00479192 
3600 1.37 0 11714.3 387.757 2193.48 55.3689 -1.16291 0.000660393 1.35326 0.00153097 1.8362 0.00412422 0.000174966 0.00113526 -5.92996e-05 0.00113462 0.0193199 0.000278001 0.000737667 1.75343e-05 198000000000 0.193007 0.000560712 0.365959 0.000227319 0.4409 0.000714877 1785.32 55.2766 408.164 3.95658 0.356616 0.00729526 
4900 1.37 0 16302.2 1503.82 3041.26 200.181 -1.16904 0.000969438 1.36739 0.00225877 1.87376 0.00614313 0.000260579 0.000982694 -0.000574051 0.000919706 0.0154434 0.000215663 0.000468467 1.51858e-05 174000000000 0.187746 0.000788704 0.364307 0.000312871 0.447851 0.00104707 2471.2 198.088 570.06 5.84985 0.336648 0.0120811 
900 1.37 0 2715.36 24.7664 486.369 2.00337 -1.12784 0.000441295 1.2748 0.00099838 1.63938 0.00257897 -8.97227e-05 0.00154482 0.000464392 0.00155949 0.0524497 0.000410398 0.00511848 8.00563e-05 276000000000 0.222749 0.000348917 0.374041 0.000247536 0.402577 0.000451635 396.743 2.02437 89.6261 0.299912 0.366953 0.002017 
1225 1.372 0 3770.98 143.722 673.699 15.4121 -1.14207 0.00158928 1.3065 0.00363727 1.71827 0.00960293 -0.00299774 0.0059161 0.00550698 0.00495048 0.0446512 0.00150205 0.00378399 0.00028563 18000000000 0.211651 0.00116346 0.3703 0.000869059 0.417622 0.00180858 551.201 15.829 122.499 1.72485 0.370878 0.0104445 
1600 1.372 0 4763.53 188.637 877.893 20.395 -1.15001 0.00161673 1.32429 0.00371883 1.76316 0.00989152 -0.000243478 0.00543454 0.00176359 0.00522222 0.0380602 0.00144029 0.00271777 0.000227394 16000000000 0.204759 0.00118832 0.367168 0.000821493 0.427749 0.00170255 711.79 20.9737 166.104 2.45642 0.351652 0.00901764 
2500 1.372 0 8010.88 555.915 1480.72 68.1027 -1.16239 0.00152799 1.35231 0.00354987 1.83502 0.0096138 0.00164763 0.00456606 -0.00097423 0.00482644 0.027512 0.00107709 0.00138256 0.000110239 14000000000 0.194546 0.00126204 0.365257 0.000926342 0.440004 0.00192209 1211.83 67.8648 268.895 6.06759 0.367862 0.0172173 
2916 1.372 0 10504.1 1776.53 1907.66 262.681 -1.16802 0.00317365 1.3655 0.00737531 1.87123 0.0199716 0.00625377 0.00574439 0.00713769 0.00420748 0.0246554 0.00116582 0.00121877 0.000102138 14000000000 0.189959 0.00212542 0.364704 0.0013913 0.445182 0.00335856 1594.99 260.533 312.669 8.19685 0.357224 0.0234909 
3600 1.372 0 17101.5 6380.8 2907.13 844.67 -1.16824 0.00361566 1.36595 0.0083464 1.87207 0.0223445 -0.005454 0.00396096 -0.00481656 0.00488984 0.0195003 0.000791556 0.000738566 6.51904e-05 12000000000 0.189677 0.00241947 0.364674 0.00177868 0.445515 0.0039015 2494.51 845.588 412.618 11.243 0.340248 0.024924 
4900 1.372 0 35588.2 18117.7 5770.25 2601.29 -1.17019 0.00454535 1.37029 0.0105379 1.88273 0.028411 0.00205441 0.00499896 0.0018034 0.00410002 0.0160143 0.00141332 0.000537671 0.000102379 10000000000 0.186439 0.00326773 0.364783 0.00228119 0.448684 0.00495527 5217.61 2604.06 552.642 22.2051 0.366853 0.049656 
900 1.372 0 2548.39 107.989 478.577 9.76273 -1.13195 0.00196734 1.28412 0.00446138 1.66348 0.0115634 -0.00840005 0.00569489 -0.00256606 0.00586912 0.0554256 0.00192128 0.00585617 0.000425462 18000000000 0.218673 0.00148911 0.373433 0.000932207 0.407334 0.00212393 388.002 9.68711 90.5756 1.43126 0.359404 0.00869185 
2500 1.38 0 6960.57 1102.76 1316.62 130.145 -1.18448 0.0032842 1.40443 0.00780222 1.98045 0.0220993 0.0155624 0.0108395 0.000600671 0.00793731 0.0325305 0.00186728 0.00210552 0.000243628 6000000000 0.181985 0.00248627 0.357439 0.0012375 0.460401 0.00358522 1060.27 129.951 256.356 7.70407 0.311977 0.0197687 
2916 1.38 0 12126.9 3461.02 2183.8 543.113 -1.18351 0.00334813 1.40184 0.00791893 1.97158 0.0222237 -0.00182149 0.00776595 -0.00252089 0.00836673 0.0295109 0.00202816 0.00162094 0.000206753 6000000000 0.181057 0.00257313 0.360842 0.00188105 0.457942 0.00414337 1893.38 541.441 290.416 10.3009 0.394356 0.0242609 
3600 1.38 0 9595.75 1072.79 1899.78 161.185 -1.19473 0.000722938 1.4283 0.00171636 2.04529 0.0048502 -0.000511971 0.00140849 -0.000861247 0.00131046 0.0262123 0.000350244 0.00131567 3.47269e-05 166000000000 0.17259 0.000533564 0.354974 0.000326815 0.472312 0.000814308 1535.07 162.937 364.712 3.17119 0.321529 0.0110437 
4900 1.38 0 14494.1 3324.1 2844.55 480.308 -1.20228 0.000969477 1.44622 0.00230365 2.09579 0.0065247 -0.000508057 0.00151789 -3.47477e-05 0.00118582 0.0211439 0.000284171 0.000852211 2.32539e-05 146000000000 0.166354 0.000783065 0.352996 0.000504493 0.480562 0.00113654 2357.93 479.37 486.616 10.0383 0.326254 0.0156043 
1225 1.385 0 2857.32 27.5193 559.922 2.50725 -1.17692 0.000437858 1.38732 0.00102851 1.93681 0.0028573 0.00212184 0.0019126 -0.00115311 0.00155908 0.0586628 0.000483055 0.00620378 9.76363e-05 250000000000 0.189715 0.000354534 0.359228 0.000226766 0.450655 0.000513559 446.182 2.52325 113.74 0.398816 0.326619 0.00207801 
1600 1.385 0 3534.47 39.8853 721.948 4.23212 -1.18625 0.000481162 1.40899 0.00113701 1.99538 0.00319178 -0.00052963 0.0018953 0.00251477 0.00155619 0.050378 0.000564553 0.00463959 0.000104906 238000000000 0.182099 0.000334716 0.356623 0.000231956 0.460986 0.00048648 570.829 4.27716 151.119 0.584738 0.315862 0.00298246 
900 1.385 0 2106.66 20.7018 408.341 1.77228 -1.16451 0.000519523 1.35886 0.00120367 1.86158 0.00325538 -0.00206963 0.00170131 0.000726976 0.00166316 0.068681 0.000680276 0.00841799 0.000154093 270000000000 0.199832 0.000341857 0.362524 0.000231018 0.437078 0.000486427 325.942 1.73713 82.3982 0.258842 0.330205 0.00196221 
1225 1.39 0 2506.27 36.8696 515.949 3.70814 -1.19036 0.000799864 1.41913 0.00191533 2.02625 0.00551757 0.00178091 0.0029252 -0.00154346 0.00361032 0.0645882 0.000825159 0.00736167 0.000186908 94000000000 0.181769 0.000568689 0.354457 0.000375877 0.463386 0.000830744 405.478 3.74313 110.47 0.608351 0.307147 0.00337038 
1600 1.39 0 3160.24 61.3687 672.38 7.43513 -1.20072 0.000723833 1.44343 0.00173011 2.09337 0.00496384 -0.000567092 0.00241653 0.0012348 0.00397789 0.0560809 0.000804796 0.00563426 0.000153945 90000000000 0.173372 0.000603973 0.351412 0.000351319 0.474938 0.000849473 527.31 7.32041 145.07 0.971062 0.302726 0.00408313 
2500 1.39 0 4122.13 352.852 936.376 39.008 -1.22062 0.00223714 1.4909 0.00545754 2.22875 0.016298 -0.00874794 0.0116204 -0.00406705 0.0095731 0.0459008 0.00242425 0.00382238 0.000485177 6000000000 0.157799 0.00138905 0.343486 0.0011543 0.498549 0.00237351 711.084 38.9944 225.292 6.37098 0.265198 0.021205 
2916 1.39 0 8426.07 3596.25 1630.26 550.619 -1.22028 0.00355343 1.49042 0.00845172 2.22909 0.0240635 0.000394922 0.00962164 0.0015538 0.00909549 0.0438347 0.00245645 0.00349721 0.000349541 6000000000 0.157461 0.00238465 0.347513 0.00221652 0.494886 0.00446035 1348.09 541.185 282.171 11.2823 0.255863 0.0227928 
3600 1.39 0 6005.83 228.492 1403.12 39.4167 -1.22765 0.000622636 1.50799 0.00151497 2.27926 0.00449763 0.0030858 0.00155531 0.000974973 0.00186337 0.0363884 0.000412382 0.0024648 5.58388e-05 156000000000 0.152403 0.000431098 0.3421 0.000347309 0.505387 0.000759666 1072.58 39.4049 330.549 2.34058 0.266113 0.00649059 
4900 1.39 0 8602.78 1463.49 1977.95 189.863 -1.23608 0.000593102 1.52859 0.00145395 2.34077 0.00439725 0.000863511 0.001962 0.00267535 0.00143104 0.0297267 0.000375035 0.00169271 4.35934e-05 144000000000 0.146144 0.000460231 0.338858 0.000279759 0.514925 0.000683839 1526.18 190.013 451.773 6.27211 0.247622 0.00804323 
900 1.39 0 1974.02 28.6325 388.961 2.45788 -1.17739 0.0011549 1.38914 0.00267492 1.94575 0.00721706 0.0019689 0.00436312 0.00627994 0.00299001 0.0760153 0.000996695 0.0101609 0.000230981 102000000000 0.192538 0.00074323 0.358578 0.000466768 0.448336 0.00115894 308.241 2.47615 80.7199 0.518525 0.318204 0.00415044 
3600 1.4 0 5418.67 884.118 1298.87 117.307 -1.25838 0.000617042 1.58431 0.0015334 2.51498 0.00475636 -0.000165412 0.00177259 8.88374e-05 0.00176981 0.050339 0.000524552 0.00446637 9.2197e-05 160000000000 0.135031 0.000386525 0.328564 0.000392235 0.536307 0.000754927 995.992 117.786 302.876 2.02009 0.238768 0.00718572 
4900 1.4 0 6652.99 1222.74 1697.7 162.347 -1.26583 0.000744403 1.60294 0.0018457 2.57345 0.00569247 4.78294e-05 0.002022 -0.00109346 0.00216732 0.0417216 0.000584992 0.00312375 8.83212e-05 136000000000 0.129302 0.000491995 0.325749 0.000412393 0.544884 0.000886858 1282.4 163.546 415.297 4.26195 0.225708 0.00961276 
1225 1.405 0 1973.26 27.153 438.901 2.31522 -1.22784 0.000532992 1.50963 0.00129611 2.29122 0.00390686 0.00329535 0.00282139 0.00050986 0.00311934 0.0863626 0.00105217 0.0124444 0.000243673 152000000000 0.159976 0.000365596 0.339984 0.000350712 0.499688 0.000665997 337.711 2.41692 101.19 0.456706 0.277526 0.00271092 
1600 1.405 0 2322.68 41.933 550.345 4.22548 -1.241 0.000833586 1.54169 0.00204343 2.38667 0.00616531 -0.00478398 0.00336353 0.0018216 0.00294478 0.0804609 0.00103157 0.0106265 0.000239343 102000000000 0.150094 0.00048989 0.33539 0.000413764 0.514273 0.000865623 417.892 4.36071 132.453 0.761444 0.263043 0.00393662 
2500 1.405 0 3075.79 88.1057 805.975 8.82896 -1.25922 0.000658397 1.58668 0.00165363 2.52418 0.00523106 0.00173429 0.00440169 -0.00284295 0.00319898 0.0677475 0.00102001 0.00778374 0.000218305 76000000000 0.13697 0.000422181 0.327586 0.000360525 0.535302 0.000710982 597.468 9.4139 208.507 1.44156 0.234633 0.00557965 
3600 1.405 0 4952.64 776.215 1252.73 127.488 -1.27149 0.000712395 1.61748 0.00178336 2.62143 0.00561344 0.000617843 0.00190561 0.00154297 0.00185925 0.0569088 0.000679091 0.00553311 0.000123596 168000000000 0.128215 0.00045233 0.322379 0.000390391 0.549315 0.000827182 956.545 127.754 296.185 2.17205 0.226694 0.00614607 
4900 1.405 0 5556.51 301.466 1526.46 37.0498 -1.27934 0.000817755 1.63728 0.00208829 2.68448 0.00681505 -0.000525877 0.00193997 0.00129814 0.00206658 0.0487804 0.000587741 0.00412265 9.3311e-05 134000000000 0.122238 0.00052728 0.319247 0.000320656 0.558452 0.00083049 1121.12 38.1556 405.336 3.75417 0.217773 0.0105639 
8100 1.405 0 2.13602e+06 580515 338645 52614 -1.13805 0.0102894 1.29607 0.0228376 1.68427 0.0563774 -0.00712401 0.00694956 -0.00730716 0.00713955 0.00928088 0.00111554 0.000171597 3.68835e-05 2000000000 0.199847 0.00503484 0.433516 0.0109331 0.366601 0.0158817 338424 52634.3 220.284 24.0588 0.996911 0.000408666 
900 1.405 0 1537.88 17.6251 331.297 1.588 -1.21241 0.000674263 1.47257 0.00164181 2.18399 0.00490939 0.00656892 0.00303845 0.00143506 0.00255212 0.09789 0.000853782 0.0156086 0.000293465 162000000000 0.17153 0.000402068 0.345456 0.000329375 0.482505 0.000659107 256.548 1.63597 74.749 0.303912 0.286481 0.00237498 
10000 1.409 0 4.50186e+06 801539 696364 66820.3 -1.14075 0.0113969 1.30239 0.0254398 1.70152 0.0635655 0.00824783 0.00853973 0.0067797 0.00757709 0.0113143 0.00192318 0.000241362 6.18911e-05 2000000000 0.199185 0.00616306 0.435868 0.00950078 0.364906 0.0156428 696145 66832.8 219.547 27.1141 0.998608 0.00021448 
1225 1.409 0 1806.09 23.9354 418.415 2.07679 -1.23793 0.000660716 1.53443 0.00161083 2.36646 0.00480042 0.00114076 0.00340896 -0.000277744 0.00255241 0.0931485 0.00125639 0.0141082 0.000359661 146000000000 0.154725 0.000452981 0.335436 0.000422193 0.5095 0.000859132 318.599 2.1174 99.8166 0.355419 0.265338 0.00245911 
1600 1.409 0 2200.39 35.7671 531.197 5.06323 -1.25026 0.000571487 1.56466 0.00142068 2.45753 0.0044047 -0.00200665 0.00319857 -0.000423858 0.00255816 0.0863369 0.000959748 0.0121685 0.000218491 136000000000 0.145503 0.000395216 0.330683 0.000302063 0.523574 0.000576311 400.503 5.05826 130.694 0.513061 0.251988 0.00315553 
2500 1.409 0 3159.87 145.307 808.923 20.9271 -1.2677 0.000888578 1.6081 0.00225907 2.59266 0.00731816 0.00168837 0.00354569 0.00281373 0.00302717 0.0712104 0.00110624 0.00840352 0.000254341 74000000000 0.132887 0.000509239 0.323171 0.000563258 0.543802 0.00103493 604.022 21.4161 204.901 1.46543 0.234177 0.00665659 
3600 1.409 0 4361.86 502.577 1144.83 77.4458 -1.28193 0.000563978 1.64411 0.00142975 2.70814 0.00461535 0.00109072 0.00270706 -0.00133483 0.00217212 0.0641622 0.000739675 0.00687418 0.000140784 158000000000 0.122753 0.000345428 0.317366 0.000353226 0.559794 0.000666904 853.05 78.5281 291.779 1.81493 0.214013 0.00564214 
4900 1.409 0 16463.9 11536.1 3178.23 1766.48 -1.28994 0.00205548 1.66483 0.00498746 2.77725 0.0147994 0.000394358 0.00208837 0.00073842 0.00211657 0.0565335 0.00088765 0.00543811 0.000142006 136000000000 0.116431 0.00118895 0.314663 0.00160763 0.568846 0.00277563 2783.19 1767.18 395.034 4.12912 0.202344 0.0119417 
8100 1.409 0 2.54615e+06 900375 349199 114166 -1.1632 0.0253603 1.3571 0.0586443 1.86333 0.157565 -0.00431907 0.00925614 -0.00439958 0.00868805 0.0135294 0.0030516 0.000348631 0.000117755 2000000000 0.183499 0.0124779 0.422127 0.0230547 0.394325 0.0355282 349033 114201 165.994 37.8797 0.993774 0.00244438 
900 1.409 0 1427.61 19.8414 318.378 2.0202 -1.22253 0.000567177 1.49713 0.00138676 2.25662 0.00417836 0.00374445 0.00269366 0.00614258 0.00283813 0.104992 0.00102374 0.0178638 0.000326959 160000000000 0.166343 0.000391029 0.341093 0.000315901 0.492074 0.000620687 245.305 1.86988 73.073 0.261034 0.280508 0.00236984 
2500 1.41 0 5796.19 2976.94 1397.95 612.357 -1.27093 0.00442982 1.61645 0.0109734 2.62037 0.0338442 -0.000812233 0.013306 -0.0141319 0.0109198 0.0709966 0.00347988 0.00807645 0.00079334 6000000000 0.131665 0.00224618 0.322928 0.00386932 0.545271 0.00592714 1204.37 616.199 193.582 6.28862 0.26112 0.0322251 
2916 1.41 0 3479.08 321.972 918.421 51.4289 -1.27726 0.000474744 1.63227 0.00119936 2.67001 0.0038405 -0.00232046 0.00254885 -0.00154003 0.00184114 0.0713444 0.000661131 0.00831418 0.00014186 174000000000 0.126346 0.000289646 0.319267 0.00030026 0.554275 0.000557625 682.151 51.6977 236.27 1.06159 0.214205 0.00382284 
3600 1.41 0 4053.21 348.554 1100.99 43.4367 -1.28388 0.000548207 1.64912 0.00138929 2.72461 0.00448523 -0.000534829 0.00285803 0.00172245 0.00278892 0.0656946 0.000730347 0.00718864 0.000140832 150000000000 0.121501 0.000330249 0.316578 0.000327678 0.561831 0.000631955 811.109 44.0027 289.882 2.25377 0.212823 0.00609711 
4900 1.41 0 10709.5 6058.29 2216.74 830.601 -1.29392 0.000983598 1.67494 0.00240768 2.80999 0.00732389 0.00254394 0.00214129 -2.6928e-05 0.00269752 0.058876 0.000775533 0.00577548 0.000130564 128000000000 0.114464 0.000582446 0.312324 0.000706682 0.573157 0.00127153 1823.35 831.6 393.389 3.82971 0.193775 0.00871991 
10000 1.413 0 8.7638e+06 223111 1.15085e+06 12925.5 -1.07084 0.00332167 1.14686 0.00707203 1.31605 0.0160435 0.0100079 0.00527959 0.0106302 0.00560156 0.00530667 0.000729963 5.429e-05 1.20836e-05 2000000000 0.235508 0.00229401 0.502112 0.0028929 0.262358 0.00495477 1.15073e+06 12927.4 119.335 7.84962 0.999583 2.58933e-05 
1225 1.413 0 1684.62 19.8616 400.103 2.04689 -1.24784 0.000533484 1.55901 0.00133135 2.44231 0.00417047 -0.00440832 0.00338643 -0.00188492 0.00268041 0.101241 0.000991951 0.0163518 0.000287224 154000000000 0.149471 0.000331001 0.331509 0.00035759 0.5187 0.000620468 301.571 1.96707 98.5321 0.376445 0.252945 0.00226657 
1600 1.413 0 2071.56 31.4249 509.956 3.57251 -1.25939 0.000532606 1.58758 0.00133795 2.53006 0.00423623 0.00304619 0.00303034 0.00209903 0.00255775 0.0934448 0.00139873 0.0140289 0.000360167 142000000000 0.140642 0.00041456 0.326635 0.00037592 0.532498 0.000752263 381.932 3.71347 128.024 0.569042 0.246081 0.00311765 
2500 1.413 0 2832.23 138.31 757.606 17.2866 -1.28024 0.000693526 1.64001 0.00177401 2.69618 0.0058189 0.00212795 0.00418478 -0.00142311 0.00393914 0.0825054 0.00126558 0.0108263 0.000297411 74000000000 0.126111 0.000405884 0.31731 0.000385941 0.556449 0.000730193 557.682 17.5271 199.924 1.59969 0.217361 0.00653571 
3600 1.413 0 3740.89 363.435 1045.12 43.5786 -1.29293 0.000431303 1.67239 0.0011106 2.8016 0.00369825 0.00101385 0.00232165 0.000958965 0.00213971 0.0731627 0.000764242 0.00862347 0.00015807 156000000000 0.11681 0.00026411 0.312053 0.000268044 0.571054 0.000518922 756.78 43.2464 288.344 2.17508 0.19434 0.00581141 
4900 1.413 0 4429.84 129.497 1342.26 16.4205 -1.30183 0.000615641 1.69528 0.00160335 2.87748 0.00544154 8.81607e-06 0.00287811 0.000663848 0.00264008 0.0645137 0.000860275 0.00678114 0.000160081 130000000000 0.110522 0.000355619 0.308089 0.00037379 0.581335 0.000712779 953.011 18.5859 389.246 5.13154 0.184958 0.00938044 
8100 1.413 0 1.60856e+06 753048 204187 96725 -1.17218 0.0217002 1.37704 0.0496299 1.91215 0.130342 -0.0156974 0.00785212 0.0173961 0.0121189 0.0131482 0.00243053 0.00038399 0.000107131 2000000000 0.180048 0.0124813 0.414241 0.0167694 0.405678 0.0292493 203865 96750.1 322.679 26.8896 0.980043 0.00538314 
900 1.413 0 1353.18 14.9383 308.701 1.40141 -1.23034 0.000543551 1.51636 0.00133144 2.31516 0.00402882 -0.000360258 0.00253852 0.000247153 0.00250481 0.109871 0.000926141 0.0191719 0.000290934 166000000000 0.162007 0.000342886 0.338034 0.00031994 0.499478 0.00057434 236.474 1.44974 72.2271 0.252275 0.272231 0.00227057 
1225 1.417 0 1590.37 18.3136 387.88 1.8992 -1.25733 0.000545354 1.58273 0.00136235 2.5167 0.00427091 0.003298 0.00266334 -0.000702743 0.00309679 0.109664 0.00122875 0.0187152 0.000343614 148000000000 0.14455 0.000369005 0.327125 0.000304368 0.528016 0.000633915 291.068 2.06356 96.8118 0.374196 0.248045 0.00291508 
1600 1.417 0 1875.19 27.2233 483.671 2.99381 -1.27056 0.000531707 1.61578 0.00134776 2.62007 0.00434763 0.00342256 0.00294959 0.000954108 0.00326981 0.103532 0.00102988 0.016618 0.000331662 134000000000 0.134762 0.00033127 0.321519 0.00031337 0.543499 0.000567555 357.361 3.17645 126.31 0.578811 0.229774 0.00334002 
2500 1.417 0 2573.08 67.3624 717.486 7.31529 -1.28965 0.000780937 1.66412 0.00200224 2.77548 0.00658993 -0.00246745 0.00377662 -0.000184234 0.00332762 0.0897926 0.00126466 0.0126305 0.000324662 72000000000 0.121144 0.000449855 0.31261 0.00037861 0.566126 0.000764397 521.429 7.92839 196.057 1.40951 0.21337 0.00643497 
3600 1.417 0 3390.29 126.476 1002.73 16.4077 -1.3019 0.000400726 1.6956 0.00104141 2.87949 0.00352234 -0.00169708 0.00247403 0.00625282 0.00242465 0.0790214 0.000740007 0.00976813 0.000168209 146000000000 0.11246 0.000240561 0.307502 0.00024711 0.579959 0.000460754 720.639 17.0671 282.093 1.8408 0.195908 0.00570706 
4900 1.417 0 8451.97 4378.54 1864.35 568.136 -1.31161 0.000771528 1.72092 0.00192113 2.96552 0.00602904 0.000901688 0.00359245 0.000154956 0.00263766 0.0726192 0.000904523 0.00840252 0.000185332 120000000000 0.105792 0.000457658 0.302943 0.000548387 0.591211 0.000990686 1480.66 566.31 383.69 4.23004 0.175483 0.00962385 
900 1.417 0 1294.81 20.742 299.518 1.98587 -1.2382 0.000761297 1.53556 0.00187124 2.37274 0.00567959 -0.000470883 0.00321623 -0.00271344 0.00271422 0.115565 0.00106381 0.0208466 0.000321212 164000000000 0.15761 0.000475858 0.334769 0.000379469 0.507147 0.000791604 228.505 2.01851 71.0126 0.33962 0.268202 0.00277396 
1225 1.42 0 1533.27 24.1379 377.189 2.32567 -1.26388 0.000702911 1.59921 0.00177981 2.56901 0.00572546 -0.00142037 0.00402989 -0.00115471 0.00352634 0.115703 0.00132484 0.0205674 0.000409469 114000000000 0.141123 0.000424756 0.32372 0.000409962 0.53485 0.000714091 281.099 2.43154 96.0899 0.348903 0.240371 0.00330932 
1600 1.42 0 1841.79 38.8374 478.282 5.81014 -1.27828 0.00063896 1.63543 0.00163088 2.68402 0.00533217 -0.000757813 0.00440583 0.0034033 0.00462684 0.109603 0.0012298 0.0183268 0.000391635 96000000000 0.131168 0.000434748 0.317288 0.000468192 0.551326 0.000803435 353.748 5.92246 124.534 0.491854 0.227661 0.00416769 
2500 1.42 0 2439.46 41.1259 696.157 4.37124 -1.2961 0.000552251 1.68081 0.00143954 2.8313 0.00489811 -0.00178974 0.00320798 -0.00261065 0.0025535 0.0970765 0.000858557 0.0145295 0.000243052 174000000000 0.11813 0.000342031 0.309614 0.000413993 0.572134 0.000723416 500.569 4.38341 195.588 0.799554 0.201668 0.00353017 
2916 1.42 0 2753.39 54.5922 796.419 8.02773 -1.3019 0.000460329 1.69574 0.00120255 2.88098 0.00411004 0.00083405 0.00296447 -0.00413437 0.00243048 0.0929491 0.000819322 0.0132211 0.000206781 164000000000 0.114028 0.000287899 0.307173 0.000295037 0.578696 0.000554358 568.616 8.61148 227.803 1.05344 0.192112 0.00496771 
3600 1.42 0 6223.06 2976.1 1344.99 398.061 -1.30959 0.00141724 1.71587 0.00363541 2.94977 0.0120713 0.00371711 0.00816502 0.00833986 0.0080302 0.0898542 0.00378318 0.0124215 0.000973299 14000000000 0.108225 0.000962333 0.304094 0.00101479 0.587606 0.00193742 1065.75 400.601 279.241 4.52339 0.17538 0.0144795 
4900 1.42 0 8521.09 4195.06 2027.73 690.759 -1.31851 0.00227136 1.73919 0.00574629 3.02956 0.0185563 -0.00491764 0.00733785 -0.00520274 0.00736847 0.075339 0.00350178 0.00898303 0.00070484 14000000000 0.102701 0.00134632 0.299707 0.00164221 0.59754 0.00286125 1675.84 692.581 351.892 12.2316 0.225614 0.0275243 
900 1.42 0 1243.19 16.3938 290.238 1.3799 -1.2464 0.000735318 1.55588 0.00183206 2.43546 0.00572138 0.00647681 0.00320057 0.00164219 0.00368914 0.122788 0.00112941 0.0232094 0.000385606 124000000000 0.153692 0.000379629 0.331351 0.00040894 0.514501 0.000705929 219.537 1.42213 70.7015 0.280385 0.257712 0.00242435 
1225 1.421 0 1539.37 20.266 377.309 1.69576 -1.26462 0.000683383 1.60109 0.00173031 2.57518 0.00557436 0.0033742 0.00290052 -0.000650736 0.00286212 0.116557 0.00112915 0.0207472 0.000344347 144000000000 0.14061 0.000328327 0.323451 0.000391462 0.535628 0.000644226 281.822 1.76472 95.4874 0.359281 0.241981 0.00238993 
1600 1.421 0 1837.42 36.5633 477.16 4.16586 -1.27912 0.000579437 1.63756 0.00147472 2.69086 0.00479463 0.000677224 0.00305707 -0.000843889 0.00325005 0.111731 0.00125415 0.0188119 0.000329826 130000000000 0.13078 0.000315706 0.317221 0.000338738 0.551778 0.000610082 352.899 4.3784 124.261 0.51424 0.228717 0.00362572 
2500 1.421 0 2506.07 110.679 705.78 16.2737 -1.29789 0.000658168 1.68551 0.00170075 2.84746 0.0056932 -0.00201517 0.00444686 0.00382234 0.00385379 0.0983885 0.00130609 0.0149089 0.000357078 70000000000 0.117114 0.000373153 0.308339 0.000377308 0.574424 0.000690871 510.547 16.5788 195.233 1.60759 0.19768 0.0064127 
3600 1.421 0 4008.92 889.166 1092.65 140.472 -1.3121 0.000664147 1.7223 0.0017296 2.9711 0.00588583 -0.00321071 0.00268112 -0.00159272 0.0024779 0.0891564 0.00151768 0.0121495 0.000356077 142000000000 0.10764 0.000380373 0.302317 0.000388687 0.589967 0.000744421 812.627 142.227 280.02 3.04045 0.182077 0.0091748 
4900 1.421 0 4642.33 539.244 1355.08 82.2725 -1.32135 0.000502848 1.74648 0.0013196 3.0538 0.00455496 -0.000507874 0.00271158 -0.00403987 0.00263846 0.0797248 0.00102036 0.00990256 0.000212498 122000000000 0.101316 0.000313929 0.297705 0.000287764 0.600926 0.000584679 975.697 84.1172 379.382 3.19296 0.175121 0.00693192 
900 1.421 0 1231.61 13.5729 290.053 1.21832 -1.24803 0.000694596 1.56001 0.00172293 2.4486 0.00532974 -0.00136608 0.00308783 -0.00340944 0.00289397 0.123672 0.00116715 0.0234535 0.000393577 156000000000 0.15264 0.000388374 0.330824 0.000393266 0.516093 0.000641997 219.671 1.24915 70.382 0.276333 0.259434 0.00233461 
10000 1.425 0 151008 139289 24472 21320.6 -1.34104 0.00712378 1.79998 0.0178327 3.25011 0.0563197 -0.000119053 0.00319951 0.00397711 0.00309451 0.0695019 0.00263999 0.00762592 0.000404533 76000000000 0.0890286 0.00394948 0.289524 0.00548001 0.621429 0.00942883 23717.3 21343.8 754.704 27.5513 0.16157 0.0372996 
1225 1.425 0 1421.01 17.4145 363.789 1.57593 -1.27386 0.000519789 1.62453 0.00131915 2.65092 0.0042684 0.00237071 0.00301359 0.0015897 0.00291871 0.124883 0.00120652 0.023397 0.000410021 142000000000 0.135924 0.000345817 0.319404 0.000324972 0.544384 0.000579539 269.231 1.65791 94.5582 0.426418 0.23178 0.00233976 
1600 1.425 0 1688.88 35.4911 454.281 2.63115 -1.28804 0.000528101 1.6604 0.00135764 2.76589 0.00450271 0.00313879 0.00312405 0.00208994 0.00325024 0.118922 0.00117677 0.020992 0.000336822 130000000000 0.126146 0.000405044 0.312562 0.00032746 0.56108 0.000610649 331.156 2.73754 123.125 0.564894 0.214979 0.00376271 
2500 1.425 0 2933.3 623.511 766.365 103.842 -1.30764 0.00077245 1.71089 0.0019744 2.93378 0.00649646 0.000378949 0.00383407 0.00155384 0.00398031 0.106589 0.00140142 0.0171054 0.000380525 70000000000 0.112817 0.000440667 0.30428 0.000545402 0.582787 0.00094826 572.702 104.361 193.663 1.44624 0.184399 0.00636189 
3600 1.425 0 3144.5 191.596 945.957 27.1537 -1.32109 0.000437117 1.74589 0.00115293 3.05247 0.00401749 -0.00221174 0.0037516 0.00213518 0.00285783 0.0990315 0.00108858 0.014585 0.000287574 128000000000 0.103423 0.000254083 0.297383 0.000289552 0.59912 0.000520644 667.716 27.8622 278.241 2.52895 0.171357 0.00687005 
4900 1.425 0 5370.54 1475.76 1414.22 188.553 -1.33105 0.000862004 1.77217 0.00227864 3.14393 0.00798503 0.000284918 0.00379101 -0.000224546 0.00356504 0.0892679 0.00159182 0.0121306 0.000381328 84000000000 0.0966998 0.000505178 0.292557 0.000487421 0.610695 0.000984335 1042.31 189.08 371.916 4.28801 0.167774 0.00957652 
8100 1.425 0 1.46425e+06 582518 217158 60469.6 -1.22245 0.0167069 1.49714 0.0390487 2.25661 0.107369 0.00207552 0.00732452 0.00651449 0.00810651 0.0286862 0.00322024 0.00146202 0.000248848 6000000000 0.151868 0.00881515 0.38684 0.0147034 0.461252 0.0235053 216894 60493.7 264.499 25.962 0.993143 0.000833987 
900 1.425 0 1182.1 16.2219 280.344 1.25502 -1.25568 0.000558848 1.57907 0.00140016 2.50806 0.00442332 0.00263903 0.00331271 0.0011341 0.0029539 0.132494 0.00111479 0.0261681 0.000368955 152000000000 0.148545 0.000348059 0.326952 0.000350608 0.524051 0.000611802 210.881 1.29881 69.4632 0.25998 0.250809 0.00244611 
1225 1.429 0 1385.73 18.4985 353.264 1.4877 -1.2817 0.000506721 1.64443 0.001295 2.71506 0.00424707 0.00283056 0.00304853 -0.00320448 0.00351325 0.132209 0.00109066 0.0256187 0.000367677 150000000000 0.132161 0.000294498 0.315282 0.000328053 0.552268 0.000549114 259.186 1.5793 94.078 0.324702 0.222269 0.00241226 
1600 1.429 0 1634.85 25.4952 444.076 2.37193 -1.29581 0.000499038 1.68045 0.00128978 2.83276 0.00432046 -0.0004671 0.00351958 -0.00348459 0.00316732 0.127133 0.00108242 0.0235964 0.000366074 136000000000 0.122493 0.000269827 0.309099 0.000311043 0.568215 0.000505827 322.29 2.62602 121.786 0.444891 0.210534 0.00313942 
2500 1.429 0 2184.34 78.221 650.792 8.89849 -1.3166 0.000888851 1.73428 0.00233456 3.01365 0.00806618 -0.00253114 0.00452969 -0.00269789 0.00441749 0.118367 0.00175692 0.0203434 0.000539145 70000000000 0.108217 0.000493127 0.299272 0.000491621 0.592397 0.000925513 457.696 9.48909 193.096 1.10948 0.172958 0.0057773 
3600 1.429 0 3872.83 1051.84 1073.46 173.69 -1.32933 0.000724371 1.76776 0.00187782 3.12942 0.00634822 0.00486476 0.00288155 0.00428549 0.00291234 0.109065 0.00101814 0.0172658 0.000280745 134000000000 0.0997709 0.000360821 0.292973 0.000490034 0.607184 0.000818692 801.473 175.538 271.989 2.82277 0.171895 0.00845083 
4900 1.429 0 8031.2 4382.19 1876.38 668.733 -1.33731 0.00165292 1.78902 0.00426979 3.20484 0.0143258 0.00509184 0.00317783 -0.000962408 0.00434473 0.0981993 0.00166902 0.0141764 0.000359141 118000000000 0.094206 0.000919034 0.289175 0.00123211 0.616573 0.00212371 1506.27 671.511 370.112 5.00584 0.173476 0.0181673 
8100 1.429 0 9046.48 3458.94 2291.43 370.323 -1.35208 0.000739968 1.82841 0.00198056 3.34523 0.00711616 -0.0052204 0.00317196 0.00284155 0.00430977 0.0860922 0.00199623 0.0110672 0.000416205 80000000000 0.0845465 0.000515417 0.281334 0.00049099 0.634095 0.000972901 1671.48 371.637 619.946 17.0337 0.140622 0.0231733 
900 1.429 0 1115.16 14.4624 272.912 1.3329 -1.2641 0.000585809 1.60022 0.00147683 2.57511 0.00472569 -0.000627092 0.00307028 -0.00550086 0.00337167 0.140104 0.00112374 0.0288015 0.000462515 154000000000 0.144679 0.000364025 0.323415 0.000394453 0.531484 0.000687517 203.96 1.55945 68.952 0.299713 0.243189 0.00355084 
2500 1.43 0 2186.19 49.6948 647.792 5.78302 -1.3179 0.000434238 1.73771 0.00113793 3.02554 0.00391415 -0.00367121 0.00356178 -0.000766774 0.00330181 0.118565 0.00100009 0.0203927 0.000291978 168000000000 0.108084 0.000268789 0.298127 0.000264221 0.593681 0.000490474 456.78 6.14892 191.012 0.813843 0.179312 0.00406896 
2916 1.43 0 2419.35 36.4248 741.926 3.92671 -1.3243 0.000402421 1.75449 0.00106875 3.08325 0.0037739 0.000464541 0.00293888 0.00132083 0.00281168 0.115209 0.00100838 0.0192277 0.000294872 152000000000 0.103612 0.000233531 0.294787 0.000289232 0.60151 0.000493309 521.345 4.74506 220.58 1.13804 0.177012 0.00444263 
3600 1.43 0 2907.52 68.9491 907.501 9.21438 -1.33166 0.00047617 1.7739 0.00126172 3.15084 0.00443549 -0.00391219 0.00311422 0.00432142 0.00309065 0.110701 0.00132181 0.0177564 0.000327959 132000000000 0.0986988 0.000276052 0.291377 0.000300658 0.609855 0.000532788 637.33 10.8268 270.171 2.09697 0.174499 0.00669485 
4900 1.43 0 54723.1 50363.7 9512.04 8204.74 -1.33164 0.00964952 1.77532 0.024206 3.16501 0.0766053 0.000235882 0.00323466 0.00508755 0.00315519 0.098258 0.00497293 0.0146517 0.000945124 114000000000 0.0970894 0.0049224 0.295373 0.00855136 0.60749 0.0134725 9154.57 8219.44 357.475 15.168 0.199363 0.0513788 
10000 1.433 0 658714 490401 101518 72221.9 -1.33087 0.0255048 1.77674 0.0648746 3.19266 0.211216 -0.0014464 0.00322841 0.00193812 0.00319099 0.078686 0.0110275 0.0103505 0.00172825 78000000000 0.0961222 0.0136121 0.302339 0.020845 0.60152 0.0344567 100853 72306.9 664.678 85.1539 0.271394 0.122974 
1225 1.433 0 1284.67 17.0867 342.754 1.43434 -1.29084 0.00049285 1.66788 0.0012548 2.79242 0.00408281 0.000344946 0.00336325 0.0031043 0.00333654 0.140728 0.00105615 0.028363 0.000373521 148000000000 0.127729 0.000274188 0.31064 0.000319227 0.561349 0.000523636 250.502 1.47768 92.2516 0.312659 0.218036 0.00225086 
1600 1.433 0 1517.27 22.5792 431.43 2.54096 -1.30438 0.000493838 1.70271 0.0012857 2.90805 0.00437577 0.00499851 0.00336019 0.000302351 0.00315167 0.134545 0.00105458 0.0262076 0.000351424 134000000000 0.118502 0.000299372 0.304523 0.000339729 0.576782 0.000587225 311.041 2.67022 120.389 0.386713 0.201701 0.00234397 
2500 1.433 0 2372.85 258.369 675.269 33.5984 -1.32324 0.000756656 1.75179 0.00195845 3.07463 0.00657861 0.00864278 0.00450126 -0.0109477 0.00426687 0.123865 0.00142666 0.0215819 0.00046938 68000000000 0.105584 0.00053618 0.295502 0.00045442 0.598802 0.000984205 489.624 34.6353 185.645 1.64871 0.1905 0.00529317 
3600 1.433 0 2737.51 60.8351 873.403 7.11704 -1.33813 0.00035975 1.79116 0.00096048 3.21224 0.00342732 -0.000531044 0.00373955 0.00308466 0.0028538 0.117854 0.00114259 0.0197004 0.000347365 136000000000 0.0957161 0.0002022 0.287802 0.000240567 0.616415 0.000407208 599.043 8.07596 274.361 1.72979 0.150832 0.0047179 
4900 1.433 0 3555.98 192.211 1173.84 21.3129 -1.34733 0.000553539 1.81574 0.00148624 3.30004 0.00536206 -0.00634539 0.00374175 0.00526698 0.00329751 0.111028 0.00148627 0.0175056 0.0004166 102000000000 0.0896609 0.000298179 0.283042 0.000317643 0.627253 0.000601163 799.273 23.455 374.571 3.4721 0.14047 0.00716341 
8100 1.433 0 180334 172450 23372 21169.5 -1.35249 0.0085263 1.83178 0.0208853 3.37087 0.0635647 -0.00410444 0.00412516 -0.00647527 0.00407291 0.0933934 0.00366706 0.0129374 0.000656406 58000000000 0.0854607 0.00478803 0.282549 0.00647068 0.631967 0.0112489 22788.2 21187.9 583.802 26.3364 0.170313 0.0392213 
900 1.433 0 1073.71 13.5125 265.26 1.17188 -1.2725 0.000880291 1.62155 0.00224844 2.64421 0.00735882 -0.000436124 0.00313764 -0.000358345 0.00316188 0.148658 0.0014533 0.0321027 0.000581855 162000000000 0.140398 0.000490954 0.319183 0.000447614 0.540009 0.00080762 197.109 1.25108 68.1508 0.283517 0.236794 0.00230823 
1225 1.435 0 1274.22 19.4717 340.017 1.79067 -1.29305 0.000832963 1.67356 0.0021209 2.81134 0.00690191 -0.00202958 0.00398846 0.00295075 0.00454376 0.145107 0.00143901 0.0298581 0.000512179 108000000000 0.126599 0.000449903 0.309525 0.000498676 0.5636 0.000932754 247.828 1.91051 92.1887 0.408064 0.214992 0.0028755 
1600 1.435 0 1550.79 24.7845 426.712 2.32455 -1.30829 0.000527831 1.71292 0.00137424 2.94299 0.00467541 0.00254631 0.00419679 0.00475882 0.00421244 0.138573 0.00136751 0.0273779 0.000445407 100000000000 0.116553 0.000301976 0.302366 0.000348848 0.580889 0.000593951 306.394 2.54723 120.318 0.491086 0.199006 0.00304433 
900 1.435 0 1032.06 13.0285 261.907 1.22475 -1.27654 0.000621553 1.6317 0.00159392 2.67627 0.00526633 -0.00881378 0.0037274 -0.00260056 0.00480267 0.151324 0.0015213 0.0328499 0.000525358 118000000000 0.138544 0.00034583 0.318088 0.000423205 0.542953 0.000695195 194.332 1.28781 67.5745 0.235976 0.234943 0.00238421 
10000 1.437 0 75171.1 68258.3 9904.42 7591.05 -1.3713 0.00228408 1.88123 0.00575757 3.54393 0.0185931 -0.00282036 0.0044957 -0.000261208 0.00440951 0.102634 0.00153976 0.0148197 0.000348262 70000000000 0.0756594 0.00123588 0.270841 0.0018003 0.653484 0.00303336 9159.42 7599.85 745.004 17.0428 0.13053 0.0164377 
1225 1.437 0 1234.97 15.7186 335.866 1.2316 -1.29814 0.00057923 1.68677 0.00150606 2.8559 0.00510574 0.00357496 0.00357128 -0.000535587 0.0033815 0.150117 0.00117614 0.0316614 0.000429014 146000000000 0.124416 0.000281972 0.307073 0.000322919 0.568239 0.00055167 244.282 1.37279 91.5847 0.30694 0.213479 0.00244003 
1600 1.437 0 1485.54 19.6612 421.443 1.75925 -1.31187 0.000464044 1.72224 0.00121233 2.97461 0.00415001 -0.00478328 0.00347772 0.00277393 0.00344496 0.14413 0.00119927 0.029133 0.000441031 136000000000 0.115251 0.000314123 0.300877 0.000326565 0.583683 0.000546277 302.124 2.00905 119.319 0.439395 0.19699 0.0029581 
2500 1.437 0 1987.51 29.8175 617.288 3.46189 -1.3318 0.000546417 1.77447 0.00145261 3.15416 0.00514134 0.00570047 0.00399767 -0.00227272 0.00481807 0.132577 0.00117588 0.0244559 0.000371658 104000000000 0.101595 0.000271008 0.290652 0.000329364 0.607646 0.000571622 428.597 4.14835 188.692 0.896747 0.164773 0.00430787 
3600 1.437 0 2881.86 287.815 898.324 35.4752 -1.34551 0.000469406 1.81096 0.00126392 3.28362 0.00458777 -0.00771918 0.00388863 0.00123643 0.00380623 0.12854 0.00133508 0.0229994 0.000383042 94000000000 0.0926026 0.00026412 0.283935 0.00034707 0.623399 0.000587112 629.588 35.7947 268.736 1.97913 0.157562 0.00601822 
8100 1.437 0 11521.8 6148.29 2580.15 723.62 -1.36905 0.000811295 1.87461 0.00218838 3.51653 0.00800433 0.00133803 0.00382205 -0.000307363 0.00428751 0.107652 0.00201314 0.0164252 0.000568265 78000000000 0.0773124 0.00046994 0.271398 0.000486071 0.651267 0.000942898 1984.37 723.932 595.78 11.0057 0.143601 0.0134297 
900 1.437 0 1002.55 13.0727 257.423 0.870163 -1.28155 0.000531625 1.64452 0.00135973 2.71853 0.00447165 -0.00336397 0.00350476 0.00344584 0.00326982 0.157419 0.00113177 0.035193 0.000436345 160000000000 0.136252 0.000304096 0.314641 0.000337759 0.548694 0.00057343 190.331 0.921596 67.0916 0.194116 0.231113 0.00197793 
2500 1.44 0 1931.09 30.4492 609.118 2.45794 -1.33781 0.000545758 1.79048 0.0014639 3.21119 0.00527452 0.00546779 0.0041507 0.0037777 0.00331107 0.140948 0.00111278 0.0275305 0.000386426 154000000000 0.0988229 0.000310481 0.287212 0.000259646 0.613859 0.000550392 423.554 2.9678 185.564 0.708586 0.166265 0.00317075 
2916 1.44 0 2214.56 30.8227 700.715 3.16808 -1.34384 0.00042428 1.80653 0.00113542 3.26808 0.00407205 -0.00473745 0.0033334 0.00495785 0.00329804 0.138235 0.0010489 0.026146 0.000337547 142000000000 0.0950531 0.000227536 0.284112 0.000311428 0.620748 0.000464005 483.609 3.9331 217.106 0.997761 0.158674 0.00369079 
3600 1.44 0 4263.44 1730.23 1094.48 247.553 -1.35132 0.000809956 1.82671 0.00209982 3.34138 0.00713092 0.0016133 0.00389757 0.00741175 0.00348897 0.134569 0.00133701 0.0247353 0.000377418 126000000000 0.090161 0.000410861 0.280232 0.0006124 0.629549 0.00101496 826.282 248.471 268.201 1.92158 0.149506 0.00688184 
4900 1.44 0 14021.6 10386.1 2620.33 1453.13 -1.35945 0.00193392 1.84887 0.00490766 3.42354 0.0159821 -0.00478172 0.00338007 0.00277678 0.00358826 0.126688 0.00219375 0.0220407 0.000596379 106000000000 0.0846822 0.00111226 0.276474 0.00150599 0.6388 0.00261474 2255.28 1455.62 365.046 5.43828 0.145838 0.0139816 
10000 1.441 0 163513 150411 18587.3 15762.7 -1.37274 0.00749087 1.88563 0.019656 3.56384 0.0680512 0.0363378 0.0242548 0.0454658 0.0229502 0.102025 0.00678647 0.0150472 0.00171093 2000000000 0.0753042 0.00418333 0.271741 0.00597633 0.652933 0.0101553 17864.5 15790.4 722.832 40.967 0.151583 0.0586065 
1225 1.441 0 1206.68 18.4956 327.619 1.15398 -1.30573 0.000491136 1.70648 0.00127871 2.92267 0.00434975 0.000891623 0.0033366 0.00231435 0.0040068 0.1582 0.00111566 0.0349197 0.000418069 150000000000 0.120877 0.000283845 0.30341 0.000342226 0.575446 0.000553942 236.738 1.2631 90.8804 0.273312 0.205753 0.00213918 
1600 1.441 0 1421.05 30.8173 411.927 2.25186 -1.31857 0.000693167 1.73981 0.00182395 3.03512 0.00632575 -0.002822 0.00468618 -0.00737565 0.00689704 0.151032 0.00178162 0.0316194 0.000679501 74000000000 0.111934 0.000346029 0.297187 0.000451315 0.590692 0.000738084 293.402 2.37395 118.525 0.508986 0.190714 0.00338736 
2500 1.441 0 1954.09 35.1002 607.385 3.22871 -1.33989 0.00047324 1.79602 0.00126589 3.23088 0.00453641 0.000171389 0.00414495 0.00312737 0.00434257 0.144078 0.00154233 0.0284527 0.000481738 100000000000 0.0981358 0.000231561 0.285711 0.000303602 0.616051 0.000480901 421.771 3.8685 185.614 0.896592 0.164944 0.00393074 
3600 1.441 0 4487.61 1952.11 1173.18 325.887 -1.35214 0.00107247 1.82897 0.00274638 3.34994 0.00909488 -1.68125e-05 0.00319892 0.00213084 0.00407456 0.135589 0.00135939 0.0250847 0.000408831 124000000000 0.0900871 0.000605042 0.279771 0.000801478 0.630078 0.00139715 907.334 327.013 265.85 2.086 0.157217 0.00764467 
4900 1.441 0 3214.77 109.929 1117.55 12.2182 -1.36359 0.000372344 1.85976 0.00101161 3.46153 0.00373635 -0.00606702 0.00376996 0.000549029 0.00475317 0.131571 0.00178253 0.023334 0.000491809 108000000000 0.0826221 0.000214657 0.273712 0.000235462 0.643626 0.000413843 750.213 15.2737 367.34 4.643 0.129361 0.00808404 
8100 1.441 0 22602.2 16900.2 4045.84 2138.99 -1.37623 0.00120194 1.89444 0.003125 3.59204 0.0106675 -0.00100477 0.00431515 -0.00548711 0.0048452 0.117584 0.00162861 0.019009 0.000415208 76000000000 0.0746136 0.000630566 0.267241 0.00094673 0.658123 0.00154621 3474.19 2139.29 571.648 15.9963 0.157279 0.0205503 
900 1.441 0 954.753 10.6346 251.557 0.922727 -1.28807 0.000516599 1.66123 0.00132717 2.7736 0.00443148 -0.000961394 0.00348376 0.000204955 0.00332778 0.165824 0.00116946 0.0384193 0.000462738 164000000000 0.133255 0.000305206 0.31207 0.000348638 0.554278 0.00057345 184.875 0.944514 66.6813 0.185089 0.22339 0.00196143 
1225 1.45 0 1088.78 18.3279 311.22 1.18761 -1.32229 0.000595282 1.74989 0.00157321 3.07208 0.0055163 0.00784025 0.0043537 0.00455683 0.00475191 0.177326 0.00218443 0.0420918 0.000815397 94000000000 0.113389 0.000317008 0.294591 0.000413288 0.591778 0.000642662 221.705 1.37205 89.5153 0.346002 0.191115 0.00268188 
1600 1.45 0 1295.02 19.8824 395.045 1.84986 -1.33513 0.000537105 1.78365 0.00143376 3.18904 0.00511872 0.00401389 0.00465298 0.0011504 0.0048999 0.171191 0.00184694 0.0389739 0.000694957 94000000000 0.104852 0.000294723 0.288084 0.000399088 0.606899 0.000642573 277.626 2.05849 117.419 0.522582 0.176655 0.00329761 
2500 1.45 0 3746.24 1938.79 948.848 356.836 -1.35319 0.00246857 1.83212 0.00638678 3.3637 0.021476 0.00292081 0.00342357 0.000673763 0.00375973 0.163662 0.00274749 0.0355094 0.000814905 146000000000 0.0930481 0.00142549 0.279071 0.00182894 0.627787 0.0032506 768.205 359.408 180.643 2.71251 0.172826 0.0182155 
2916 1.45 0 2003.42 25.6521 671.547 2.38833 -1.36136 0.000507867 1.8539 0.00138071 3.44127 0.00510759 0.000272053 0.00377679 -0.00488969 0.00544847 0.162153 0.00126214 0.0342535 0.000429445 136000000000 0.0877351 0.000199965 0.274157 0.000371039 0.638028 0.000536798 456.938 3.45187 214.61 1.25443 0.145645 0.00405543 
3600 1.45 0 2459.4 130.542 833.801 12.9737 -1.36929 0.000466089 1.87543 0.00127456 3.52075 0.00476958 0.00731941 0.00363325 -0.00263937 0.00382005 0.158171 0.0015895 0.0325029 0.00052309 116000000000 0.0829857 0.000278079 0.269615 0.000268529 0.647347 0.000497534 573.012 14.1269 260.789 1.96924 0.149499 0.00557719 
4900 1.45 0 6594.47 3583.9 1605.64 531.809 -1.37825 0.00102502 1.90005 0.00268926 3.61379 0.00932291 -0.00747758 0.0039752 0.00346605 0.00474225 0.156231 0.00160036 0.0312843 0.000494846 92000000000 0.0770468 0.000571107 0.265075 0.000766939 0.657839 0.00132852 1246.84 533.553 358.796 3.87398 0.128324 0.00928227 
900 1.45 0 897.206 15.2106 241.598 1.03794 -1.30328 0.000705334 1.70048 0.00181929 2.90473 0.00607741 -4.06279e-05 0.00474553 -0.00127597 0.00493358 0.180735 0.00199423 0.0443838 0.000809858 104000000000 0.126557 0.000353743 0.304521 0.0005469 0.568551 0.000806764 175.55 1.10513 66.0479 0.282246 0.211001 0.00267052 
2500 1.46 0 2078.6 387.139 621.723 57.0617 -1.37148 0.000656714 1.88162 0.00177458 3.54547 0.00652277 0.00126927 0.00409853 -0.00297412 0.00439597 0.18827 0.00133901 0.0446045 0.000523141 140000000000 0.085537 0.000272316 0.267923 0.000506434 0.646452 0.000774988 441.918 58.0903 179.805 1.27545 0.149228 0.00542416 
2916 1.46 0 1835.4 20.341 646.569 2.09529 -1.37801 0.000357951 1.89946 0.000986617 3.61201 0.00375144 -0.00105748 0.0048196 0.00244141 0.00534887 0.18602 0.00120546 0.0434788 0.000463118 130000000000 0.0813848 0.000156344 0.264211 0.000250354 0.654334 0.000367758 434.787 3.21882 211.782 1.31977 0.133914 0.00406084 
3600 1.46 0 2313.6 60.377 793.796 6.57176 -1.38549 0.000338713 1.92002 0.000935904 3.68975 0.00357663 0.00302148 0.00456398 0.00835477 0.00400335 0.18378 0.00141243 0.0421027 0.00053731 110000000000 0.0767069 0.000189572 0.260096 0.000269849 0.663147 0.000428859 532.318 7.78854 261.478 1.8772 0.129178 0.00571378 
4900 1.46 0 5022.67 2170.79 1307.96 269.304 -1.39452 0.000528487 1.94507 0.0014202 3.78622 0.00519135 0.00203314 0.00523866 0.00152504 0.0050023 0.181407 0.00150333 0.0406199 0.000549051 88000000000 0.0708529 0.000271247 0.255116 0.000416513 0.673996 0.000670544 946.695 269.925 361.265 2.88437 0.107155 0.00497972 
1225 1.465 0 953.566 13.2347 293.977 0.854802 -1.34532 0.000507399 1.81115 0.00135776 3.28926 0.00488339 -0.00603571 0.00497186 -0.00836841 0.00512388 0.207615 0.0016173 0.0547401 0.000734141 92000000000 0.103997 0.000269539 0.282208 0.000435472 0.613569 0.000637317 206.593 1.05007 87.3832 0.341351 0.177418 0.0026124 
1600 1.465 0 1153.4 15.2045 372.33 1.15641 -1.35921 0.000508262 1.84842 0.00138062 3.42371 0.00510373 0.00519245 0.00580893 -0.00674837 0.00531066 0.206274 0.00167282 0.0534552 0.000725939 82000000000 0.0950426 0.000242209 0.274371 0.000381713 0.630433 0.000575394 258.556 1.44001 113.774 0.425744 0.165467 0.0027598 
900 1.465 0 787.209 10.9897 224.737 0.697561 -1.32721 0.000655464 1.76318 0.00173827 3.1207 0.00614008 0.00423321 0.00521191 -0.000982819 0.00490771 0.212742 0.0016073 0.057985 0.000738437 100000000000 0.115948 0.000310218 0.291856 0.000552092 0.591859 0.00082364 160.371 0.772555 64.3666 0.210409 0.19223 0.00214389 
2500 1.47 0 1791.1 188.062 571.931 21.5336 -1.3867 0.000378824 1.92352 0.00104154 3.70434 0.0039676 -0.00306369 0.00458704 0.000797602 0.00396007 0.211052 0.00139952 0.0541368 0.000571292 136000000000 0.0799415 0.000177003 0.258826 0.000256086 0.66115 0.000406492 394.451 21.7483 177.48 1.00124 0.141629 0.0034096 
2916 1.47 0 2105.05 286.368 673.804 40.5071 -1.39173 0.000372955 1.93745 0.00101781 3.75769 0.00381959 0.000288658 0.00412302 -0.00230878 0.00481246 0.209966 0.00134379 0.0533214 0.000550197 126000000000 0.0765772 0.000188203 0.25581 0.000319716 0.667543 0.000458215 463.65 40.646 210.154 1.09611 0.128572 0.00356704 
