N J h mean_R_sq err_mean_R_sq mean_R_gyr_sq err_mean_R_gyr_sq 
900 1.405 0 1558.9 26.1199 332.663 2.63474
1 3
5 9
9 5
13 8
17 10
25 20
29 11
37 9
41 17
45 9
49 3
53 17
61 15
65 24
73 13
81 3
85 26
89 16
97 11
101 13
109 12
113 11
117 9
121 8
125 22
137 25
145 33
149 12
153 13
157 11
169 18
173 15
181 11
185 30
193 10
197 15
205 28
221 31
225 26
229 10
233 17
241 21
245 16
257 16
261 10
265 38
269 12
277 12
281 18
289 17
293 10
305 23
313 24
317 13
325 41
333 10
337 15
349 10
353 12
361 5
365 30
369 15
373 14
377 37
389 11
397 12
401 12
405 4
409 17
421 11
425 38
433 11
441 6
445 31
449 9
457 7
461 12
477 17
481 21
485 21
493 24
505 20
509 7
521 8
529 8
533 26
541 12
545 17
549 9
557 8
565 20
569 9
577 18
585 27
593 9
601 12
605 10
613 6
617 10
625 33
629 20
637 12
641 11
653 10
657 10
661 9
673 13
677 11
685 30
689 20
697 24
701 8
709 17
725 27
729 8
733 14
745 31
757 9
761 8
765 19
769 9
773 12
785 18
793 24
797 11
801 15
809 6
821 5
829 9
833 11
841 14
845 32
853 16
857 10
865 17
873 7
877 11
881 6
901 13
905 16
909 11
925 22
929 14
937 4
941 10
949 9
953 14
961 4
965 19
977 11
981 8
985 17
997 4
1009 15
1013 7
1017 12
1021 3
1025 21
1033 9
1037 11
1049 8
1053 9
1061 8
1069 3
1073 15
1089 3
1093 16
1097 8
1105 25
1109 7
1117 7
1125 16
1129 10
1145 17
1153 7
1157 12
1165 11
1181 11
1189 15
1193 10
1201 14
1205 9
1213 9
1217 8
1225 12
1229 4
1233 10
1237 8
1241 12
1249 9
1261 13
1277 8
1285 18
1289 9
1297 12
1301 7
1305 19
1313 9
1321 5
1325 19
1341 4
1345 14
1361 8
1369 5
1373 6
1377 15
1381 9
1385 9
1405 16
1409 4
1413 14
1417 13
1421 7
1429 6
1433 8
1445 22
1453 11
1465 13
1469 13
1481 4
1489 9
1493 7
1513 10
1517 17
1521 4
1525 22
1537 9
1549 2
1553 7
1557 6
1565 14
1573 2
1585 12
1597 6
1601 4
1609 8
1613 3
1621 4
1625 21
1629 7
1637 8
1649 10
1657 7
1665 6
1669 4
1681 10
1685 7
1693 2
1697 2
1709 6
1717 6
1721 5
1733 2
1737 2
1741 7
1745 10
1753 4
1765 9
1769 10
1773 5
1777 4
1781 11
1789 10
1801 9
1805 6
1813 1
1825 20
1845 8
1849 1
1853 9
1861 4
1865 15
1873 4
1877 3
1885 14
1889 10
1901 4
1913 7
1921 10
1933 4
1937 5
1945 14
1949 3
1961 14
1973 2
1985 4
1989 10
1997 8
2005 9
2009 6
2017 4
2025 12
2029 2
2041 5
2045 7
2053 2
2057 6
2061 3
2069 4
2081 9
2089 4
2097 5
2105 7
2113 9
2117 9
2125 16
2129 2
2137 6
2141 6
2153 4
2161 4
2165 7
2169 3
2173 12
2197 5
2205 1
2209 3
2213 4
2221 1
2225 6
2237 1
2245 7
2249 8
2257 15
2269 6
2273 1
2281 4
2285 9
2293 2
2297 3
2305 7
2309 1
2313 5
2329 4
2333 4
2341 1
2349 2
2353 6
2357 4
2377 1
2381 6
2385 5
2389 7
2393 1
2401 2
2405 12
2417 6
2421 7
2425 10
2437 1
2441 3
2465 14
2473 2
2477 5
2493 4
2501 6
2509 5
2521 3
2525 12
2529 1
2533 3
2545 8
2549 2
2557 3
2561 11
2581 7
2593 2
2597 3
2601 5
2605 7
2609 3
2617 3
2621 4
2633 6
2637 3
2645 1
2657 3
2665 12
2669 4
2677 3
2689 1
2701 2
2705 8
2713 4
2725 10
2745 6
2749 1
2753 2
2777 4
2785 6
2789 2
2801 3
2809 2
2813 4
2817 3
2825 10
2837 4
2845 4
2853 4
2857 3
2861 4
2873 3
2885 5
2897 1
2909 4
2917 6
2925 7
2929 2
2941 4
2953 3
2957 2
2965 3
2969 3
2977 3
2989 4
2993 5
3001 2
3005 6
3025 2
3029 3
3033 2
3037 3
3041 1
3049 4
3061 3
3065 5
3077 2
3085 10
3109 1
3121 1
3125 6
3133 5
3145 8
3161 1
3169 2
3177 2
3185 4
3205 2
3217 2
3221 5
3229 1
3233 6
3249 1
3257 1
3265 2
3277 2
3281 3
3285 1
3293 3
3301 2
3305 3
3313 4
3321 1
3329 5
3341 5
3349 4
3357 2
3365 2
3373 1
3385 4
3389 3
3393 4
3413 1
3425 3
3445 5
3449 3
3457 4
3461 1
3481 1
3485 10
3497 1
3501 2
3505 4
3509 2
3517 1
3533 2
3541 2
3545 3
3557 3
3573 1
3577 4
3581 1
3589 2
3593 1
3601 4
3609 2
3613 1
3617 1
3625 9
3645 1
3649 3
3653 3
3665 6
3673 5
3677 1
3681 3
3697 2
3725 4
3733 1
3737 4
3757 3
3761 1
3769 2
3785 3
3789 2
3793 1
3797 1
3805 4
3809 4
3821 3
3825 2
3833 2
3845 4
3853 2
3865 2
3869 1
3877 1
3881 1
3889 3
3925 3
3929 1
3965 2
3973 3
3977 5
3985 1
3989 2
4001 2
4005 2
4013 2
4021 1
4033 4
4041 3
4045 1
4049 1
4057 3
4069 2
4097 3
4105 3
4113 3
4129 1
4133 1
4141 3
4145 1
4157 2
4165 3
4177 1
4201 2
4205 3
4217 2
4225 6
4229 1
4241 2
4261 1
4273 1
4285 2
4293 1
4297 2
4325 4
4329 7
4349 1
4357 2
4361 1
4365 2
4369 1
4373 1
4381 5
4385 1
4405 1
4409 1
4441 1
4453 1
4469 1
4477 2
4481 1
4489 1
4493 1
4513 1
4517 1
4525 3
4537 2
4545 1
4549 1
4581 2
4589 5
4621 2
4625 8
4633 2
4637 1
4657 1
4685 4
4689 1
4705 1
4709 2
4717 4
4721 1
4733 1
4745 2
4753 1
4761 1
4765 4
4777 3
4789 1
4793 2
4797 1
4805 1
4825 2
4849 2
4869 1
4877 1
4901 1
4905 3
4909 1
4913 1
4925 1
4973 1
4981 2
4985 2
5013 1
5017 1
5041 1
5045 1
5065 1
5069 1
5077 1
5081 1
5085 2
5125 1
5141 3
5185 3
5189 1
5213 2
5233 1
5237 2
5245 1
5249 3
5261 1
5265 3
5273 1
5305 1
5317 1
5329 2
5337 1
5341 1
5345 2
5353 1
5365 2
5389 2
5413 2
5417 1
5437 1
5441 1
5449 1
5465 1
5477 1
5485 1
5501 1
5525 2
5553 1
5573 1
5617 1
5629 1
5645 2
5653 1
5701 1
5713 1
5729 1
5733 1
5737 1
5765 2
5785 1
5801 1
5809 1
5813 1
5837 1
5849 1
5861 1
5905 2
5933 1
5941 1
5945 1
5953 1
5989 1
5993 2
6001 1
6025 3
6053 1
6093 1
6121 1
6137 1
6145 1
6185 1
6201 1
6205 3
6245 1
6253 1
6257 1
6273 1
6309 1
6341 4
6373 1
6409 1
6481 1
6485 2
6525 1
6553 1
6561 1
6597 1
6605 1
6625 1
6733 2
6805 1
6845 1
6869 1
6885 1
6889 1
6905 1
6949 1
6953 1
7033 1
7045 1
7081 1
7157 1
7253 1
7289 1
7297 1
7325 1
7373 1
7381 1
7445 1
7465 1
7549 1
7669 1
7745 1
7829 1
7857 1
7913 2
7921 1
7969 1
8081 1
8105 2
8177 1
8233 1
8249 1
8269 1
8285 1
8333 1
8357 1
8405 1
8465 1
8585 1
8693 1
8749 1
8765 1
8885 1
8933 1
9157 1
9221 1
9425 1
9441 1
9509 1
9533 1
9649 1
9745 1
9817 1
10025 1
10237 1
10421 1
10441 1
10573 1
10709 1
11133 1
11925 1
12725 1
13309 1
13417 1
