N J h mean_R_sq err_mean_R_sq mean_R_gyr_sq err_mean_R_gyr_sq 
8100 1.326 0 382601 245497 54044.9 33985.4
313 1
5837 1
6977 1
8957 1
9325 1
10265 1
10985 1
11041 1
11509 1
12325 1
13221 1
13653 1
14161 1
15125 1
15625 1
15809 1
16033 1
17289 1
17725 1
17989 1
18085 1
18181 1
19697 1
20365 1
20381 1
20465 1
21825 1
22405 1
22453 1
23081 1
23605 1
23725 1
24785 1
25321 1
25825 1
26469 1
26741 1
28009 1
28273 1
28565 1
28885 1
29537 1
29549 1
29573 1
30581 1
30665 1
31793 1
32157 1
32269 1
33505 1
34609 1
34765 1
35333 1
35477 1
35865 1
36257 1
36305 1
36405 1
37325 1
37825 1
37925 1
38465 1
39013 1
40385 1
40833 1
41165 1
41213 1
41225 1
41257 1
41345 1
41797 1
42013 1
42197 1
42761 1
43133 1
43297 1
44197 1
44525 1
44573 1
44725 1
44785 1
44909 1
45053 1
45621 1
45781 1
46909 1
47233 1
47437 1
47745 1
48037 1
48429 1
48689 1
48989 1
49293 1
49725 1
49985 1
50845 1
50921 1
50965 1
51481 1
52309 1
52741 1
52909 1
54629 1
54713 1
54797 1
55093 1
55549 1
55845 1
55981 1
56185 1
56209 1
56421 1
56657 1
56821 1
56869 1
57349 1
58021 1
58145 1
58261 1
58477 1
58565 1
58721 1
58901 1
59393 1
60125 1
60517 1
61073 1
61309 1
61409 1
62081 1
62485 1
62633 1
62653 1
62801 1
63229 1
63673 1
64021 1
64145 1
64153 1
64305 1
64637 1
64805 1
65025 1
65169 1
65581 1
66065 1
66389 1
67005 1
67937 1
67997 1
68049 1
68365 1
68429 1
68869 1
68969 1
69745 1
69925 1
70117 1
70225 1
70237 1
70381 1
70409 1
70421 1
71405 1
72529 1
72557 1
72745 1
72845 1
72913 1
73053 1
73069 1
73265 1
73445 1
74033 1
74241 1
74509 1
74633 1
75517 1
75605 1
75833 1
75901 1
76625 1
76837 1
77305 1
77389 1
77509 1
77669 1
78649 1
78761 1
78817 1
78849 1
79213 1
79525 1
79537 1
82273 1
83045 1
83681 1
84917 1
86357 1
86869 1
86981 1
87293 1
88173 1
88925 1
89581 1
89849 1
90017 1
90197 1
90793 1
90905 1
92585 1
93145 1
93757 1
93805 1
93881 1
93969 1
94681 1
95065 1
95441 1
95789 1
95849 1
95861 1
95965 1
95981 1
96265 2
96601 2
96725 1
97553 1
97705 1
98069 1
98765 1
99073 2
99317 1
99433 1
99833 1
99997 1
100385 1
101529 1
101813 1
101837 1
102321 1
102409 1
102969 1
103657 1
103693 1
104449 1
104941 1
105745 1
105785 1
105937 1
105977 1
106325 1
106969 1
107461 1
107577 1
107717 1
107957 1
108333 1
108545 1
110221 1
110245 1
110401 1
110853 1
110945 1
111085 1
112213 1
112829 1
112969 1
113425 1
113557 1
114601 1
114685 1
114725 1
115765 1
116005 1
116425 1
117353 1
117385 1
117589 1
117725 1
118089 1
118537 1
118849 1
118945 1
119129 1
119197 1
119561 1
119565 1
120089 1
120361 1
120465 1
121249 1
121753 1
121941 1
123265 1
123913 1
123961 1
124265 1
124525 1
124709 1
124757 1
125033 1
126029 1
126037 1
126089 1
126157 1
126565 1
126737 1
126869 1
126925 1
127025 1
128673 1
129025 1
129077 1
129365 1
129925 1
130205 1
131125 2
131597 1
132521 1
132553 1
132925 1
133165 1
133537 1
133681 1
133697 1
134417 1
134929 1
135117 1
135365 1
136789 1
137017 1
137189 1
137545 1
138517 1
138533 1
138577 1
139681 1
140573 1
141201 1
142585 1
142925 1
143117 1
144449 1
144973 1
145573 1
145685 1
145737 1
145757 1
145877 1
146513 1
146525 1
146653 1
147185 1
147557 1
147905 1
148681 1
149005 1
149033 1
149045 1
149305 1
149669 1
149773 1
150445 1
150597 1
150881 1
151801 1
152561 1
152597 1
153025 1
153217 1
153385 1
153565 1
153581 1
154037 1
154393 1
154529 1
154557 1
154613 1
154661 1
154697 1
156185 1
156605 1
157105 1
157189 1
158661 1
159289 1
160373 1
160497 1
161173 1
161505 1
163409 1
163709 1
163909 1
165293 1
165865 1
166337 1
166445 1
166689 1
166753 1
166825 1
167113 1
167445 1
167621 1
167705 1
169273 1
172133 1
172409 1
172441 1
172505 1
172897 1
173069 1
173353 1
174661 1
175077 1
175221 1
175625 1
175869 1
176969 1
178193 1
179029 1
180973 1
181649 1
181757 1
181801 1
182417 1
182485 1
183605 1
184081 1
184213 1
184769 1
185305 1
185425 1
185989 1
186325 1
187405 1
189085 1
189617 1
192421 1
192821 1
193597 1
194021 1
195953 1
197189 1
197825 1
198061 1
198225 1
199121 1
199393 1
201745 1
202457 1
203593 1
204205 1
205297 1
206541 1
208269 1
208773 1
209221 1
210337 1
211289 1
211405 1
211553 1
212713 1
213205 1
214397 1
215197 1
215713 1
216893 1
217345 1
217673 1
218929 1
219341 1
219501 1
222165 1
224197 1
224405 1
225293 1
225905 1
229525 1
231169 1
231361 1
231445 1
237605 1
237905 1
240145 1
240745 1
240957 1
241717 1
242021 1
243457 1
244949 1
245297 1
245925 1
246397 1
247949 1
249989 1
251617 1
252421 1
252545 1
254825 1
261157 1
261661 1
263133 1
266645 1
266825 1
267709 1
268049 1
270449 1
272357 1
275813 1
276169 1
279925 1
280341 1
283093 1
289153 1
289525 1
292309 1
293221 1
296449 1
303245 1
304245 1
310165 1
312245 1
313865 1
324517 1
325537 1
327953 1
329069 1
362933 1
367817 1
371213 1
372317 1
385813 1
476125 1
672737 1
704925 1
729365 1
849061 1
859261 1
1060137 1
1100581 1
1141205 1
1199993 1
1251293 1
1334017 1
1408849 1
1515625 1
1521793 1
1537405 1
1546165 1
1577825 1
1596069 1
1661777 1
1732741 1
1768169 1
1804433 1
1840513 1
1855793 1
1870173 1
1873601 1
1886981 1
1902365 1
1938953 1
1981585 1
1991681 1
2095105 1
2351533 1
2820065 1
2999441 1
3123797 1
3137465 1
3172237 1
3179413 1
3186145 1
3231169 1
3233345 1
3234393 1
3265313 1
3359285 1
3381985 1
3389537 1
3511609 1
3533777 1
3623405 1
3643065 1
3689285 1
4090333 1
4174249 1
4640129 1
5582065 1
5626913 1
5757341 1
6336697 1
7818841 1
