N J h mean_R_sq err_mean_R_sq mean_R_gyr_sq err_mean_R_gyr_sq 
2500 1.43 0 2186.19 49.6948 647.792 5.78302
1 6
5 13
9 5
13 9
17 11
25 25
29 10
37 10
41 11
45 17
49 7
53 12
61 15
65 26
73 19
81 14
85 33
89 13
97 22
101 10
109 14
113 15
117 23
121 4
125 34
137 17
145 30
149 16
153 9
157 15
169 21
173 22
181 14
185 31
193 16
197 23
205 43
221 30
225 16
229 14
233 9
241 19
245 16
257 12
261 12
265 21
269 14
277 13
281 12
289 21
293 16
305 28
313 17
317 15
325 38
333 17
337 12
349 21
353 19
361 5
365 29
369 11
373 12
377 33
389 11
397 19
401 25
405 15
409 9
421 17
425 37
433 12
441 4
445 30
449 16
457 14
461 10
477 17
481 27
485 13
493 25
505 30
509 14
521 19
529 7
533 31
541 10
545 30
549 16
557 11
565 24
569 11
577 18
585 32
593 8
601 20
605 17
613 16
617 12
625 40
629 32
637 11
641 16
653 12
657 23
661 19
673 12
677 10
685 18
689 27
697 25
701 15
709 15
725 43
729 6
733 19
745 28
757 14
761 19
765 34
769 15
773 10
785 26
793 24
797 18
801 9
809 16
821 7
829 13
833 10
841 17
845 51
853 14
857 16
865 41
873 14
877 20
881 12
901 36
905 24
909 14
925 44
929 17
937 13
941 9
949 19
953 10
961 9
965 27
977 11
981 12
985 34
997 15
1009 16
1013 16
1017 13
1021 16
1025 28
1033 8
1037 26
1049 5
1053 9
1061 15
1069 10
1073 25
1089 6
1093 11
1097 15
1105 54
1109 9
1117 12
1125 20
1129 13
1145 31
1153 13
1157 24
1165 27
1181 12
1189 26
1193 8
1201 13
1205 30
1213 15
1217 9
1225 16
1229 13
1233 11
1237 8
1241 24
1249 10
1261 22
1277 9
1285 14
1289 18
1297 11
1301 15
1305 17
1313 21
1321 19
1325 31
1341 9
1345 27
1361 7
1369 14
1373 9
1377 6
1381 11
1385 17
1405 20
1409 7
1413 11
1417 21
1421 11
1429 13
1433 8
1445 38
1453 8
1465 29
1469 28
1481 7
1489 8
1493 13
1513 22
1517 26
1521 15
1525 38
1537 31
1549 13
1553 4
1557 10
1565 22
1573 13
1585 20
1597 14
1601 15
1609 9
1613 9
1621 7
1625 42
1629 16
1637 6
1649 21
1657 11
1665 16
1669 15
1681 18
1685 30
1693 7
1697 10
1709 10
1717 22
1721 7
1733 10
1737 12
1741 6
1745 18
1753 9
1765 10
1769 15
1773 13
1777 12
1781 23
1789 5
1801 14
1805 10
1813 10
1825 29
1845 21
1849 1
1853 16
1861 9
1865 21
1873 7
1877 11
1885 45
1889 9
1901 8
1913 11
1921 14
1933 7
1937 18
1945 15
1949 6
1961 16
1973 8
1985 19
1989 16
1993 6
1997 8
2005 17
2009 6
2017 15
2025 13
2029 10
2041 20
2045 16
2053 7
2057 7
2061 6
2069 5
2081 12
2089 5
2097 10
2105 17
2113 7
2117 19
2125 30
2129 13
2137 7
2141 14
2153 7
2161 7
2165 20
2169 6
2173 18
2197 15
2205 6
2209 6
2213 6
2221 9
2225 29
2237 9
2245 7
2249 19
2257 11
2269 12
2273 7
2281 6
2285 15
2293 9
2297 6
2305 14
2309 11
2313 7
2329 13
2333 5
2341 9
2349 9
2353 15
2357 16
2377 10
2381 4
2385 9
2389 9
2393 5
2401 4
2405 22
2417 12
2421 9
2425 21
2437 9
2441 8
2465 36
2473 7
2477 3
2493 7
2501 10
2509 8
2521 5
2525 17
2529 4
2533 17
2545 10
2549 6
2557 7
2561 14
2581 13
2593 4
2597 10
2601 10
2605 10
2609 8
2617 6
2621 8
2633 5
2637 10
2645 7
2657 7
2665 22
2669 11
2677 7
2689 4
2693 7
2701 16
2705 14
2713 8
2725 23
2729 9
2741 8
2745 13
2749 10
2753 7
2777 7
2785 8
2789 4
2797 6
2801 3
2809 9
2813 8
2817 5
2825 11
2833 5
2837 5
2845 6
2853 5
2857 11
2861 3
2873 12
2885 14
2897 7
2909 5
2917 7
2925 12
2929 14
2941 9
2953 6
2957 8
2965 10
2969 5
2977 10
2989 4
2993 11
2997 5
3001 10
3005 13
3025 5
3029 9
3033 4
3037 6
3041 3
3049 6
3061 4
3065 5
3077 13
3085 6
3089 8
3109 5
3121 9
3125 12
3133 16
3137 1
3141 7
3145 22
3161 13
3169 7
3177 5
3181 3
3185 10
3205 3
3209 7
3217 3
3221 1
3229 6
3233 15
3249 1
3253 8
3257 4
3265 11
3277 6
3281 9
3285 12
3293 5
3301 4
3305 8
3313 7
3321 5
3329 13
3341 4
3349 10
3357 6
3361 3
3365 10
3373 4
3385 13
3389 7
3393 15
3413 5
3425 19
3433 5
3445 10
3449 3
3457 4
3461 9
3469 1
3481 1
3485 20
3497 5
3501 9
3505 11
3509 5
3517 3
3529 8
3533 3
3541 3
3545 14
3557 2
3573 3
3577 3
3581 3
3589 8
3593 4
3601 14
3609 10
3613 3
3617 2
3625 17
3637 2
3645 4
3649 6
3653 11
3665 7
3673 3
3677 5
3681 5
3697 3
3701 5
3709 4
3721 7
3725 8
3733 2
3737 12
3757 7
3761 1
3769 3
3785 9
3789 4
3793 4
3797 9
3805 7
3809 7
3821 6
3825 9
3833 7
3845 11
3853 4
3865 10
3869 4
3877 7
3881 2
3889 4
3893 7
3897 6
3917 4
3925 9
3929 3
3961 9
3965 10
3969 1
3973 6
3977 10
3985 2
3989 4
4001 4
4005 7
4013 2
4021 3
4033 8
4041 2
4045 9
4057 5
4069 7
4073 2
4093 5
4097 6
4105 9
4113 3
4121 3
4129 5
4133 2
4141 7
4149 4
4153 2
4157 5
4165 11
4177 2
4181 7
4201 1
4205 2
4217 1
4225 19
4229 2
4241 1
4253 4
4261 2
4265 5
4273 2
4285 3
4289 5
4293 2
4297 2
4321 6
4325 7
4329 6
4337 4
4349 1
4357 6
4361 3
4365 4
4369 4
4373 1
4381 7
4385 6
4397 3
4405 3
4409 1
4421 3
4437 6
4441 3
4453 3
4457 3
4469 3
4477 1
4481 2
4489 4
4493 1
4505 6
4513 1
4517 3
4525 10
4537 8
4545 5
4549 5
4553 4
4561 1
4573 7
4581 5
4589 4
4621 4
4625 9
4633 3
4637 1
4645 8
4657 2
4673 4
4685 6
4689 3
4693 3
4705 5
4709 6
4717 4
4721 1
4729 3
4733 2
4745 13
4753 1
4765 7
4777 4
4789 1
4793 2
4797 4
4801 4
4805 2
4813 3
4817 3
4825 6
4849 4
4861 2
4869 2
4877 1
4885 7
4889 1
4901 11
4905 6
4909 2
4913 6
4925 4
4933 5
4941 1
4949 1
4957 3
4961 1
4969 2
4973 3
4981 5
4985 5
4993 6
5009 2
5013 3
5017 1
5021 4
5045 3
5057 3
5065 1
5069 9
5077 3
5081 1
5085 8
5101 2
5105 2
5125 9
5141 4
5153 1
5161 4
5165 2
5185 5
5189 2
5193 2
5197 2
5209 4
5213 5
5233 6
5237 1
5245 5
5249 5
5261 3
5265 4
5273 2
5281 2
5297 1
5305 1
5317 2
5321 3
5329 1
5333 4
5337 2
5341 2
5345 6
5353 2
5365 5
5381 1
5389 2
5393 1
5409 1
5413 2
5417 1
5429 3
5437 1
5441 2
5445 2
5449 3
5465 2
5473 5
5501 1
5513 3
5517 3
5521 1
5525 4
5537 1
5545 4
5557 1
5573 1
5581 2
5585 2
5597 4
5617 2
5625 2
5629 2
5645 4
5669 2
5693 2
5701 2
5713 5
5717 2
5725 3
5729 3
5737 2
5741 1
5749 1
5765 1
5777 4
5785 5
5801 6
5813 1
5821 1
5825 8
5837 1
5849 2
5857 2
5861 1
5869 3
5877 2
5881 2
5897 1
5905 4
5913 1
5917 4
5933 2
5941 1
5945 4
5949 2
5953 2
5965 4
5981 1
5989 4
5993 4
6001 1
6005 2
6025 1
6037 3
6053 2
6057 1
6065 2
6073 1
6085 7
6101 3
6109 1
6113 1
6121 2
6125 3
6133 2
6145 2
6161 2
6165 1
6173 3
6185 3
6197 2
6201 1
6205 4
6217 2
6221 1
6229 1
6241 2
6245 1
6253 5
6269 1
6273 2
6305 2
6309 2
6317 3
6341 3
6373 1
6385 4
6409 3
6413 3
6421 1
6425 4
6445 1
6449 1
6469 1
6481 2
6485 3
6497 2
6505 3
6525 1
6529 3
6553 1
6561 1
6565 1
6577 2
6581 2
6605 1
6613 2
6625 5
6637 1
6641 1
6649 2
6653 1
6661 1
6697 3
6709 3
6713 1
6725 1
6733 2
6749 4
6773 1
6781 3
6805 2
6813 1
6817 2
6841 1
6845 1
6849 1
6865 1
6869 1
6877 2
6885 1
6889 1
6905 2
6917 1
6925 2
6929 3
6949 2
6953 2
6961 1
6977 2
6989 4
6997 1
7025 2
7033 1
7045 1
7085 1
7105 1
7129 1
7137 2
7141 1
7145 1
7173 1
7177 1
7209 1
7225 3
7241 2
7261 3
7265 2
7289 1
7297 1
7301 1
7325 1
7345 2
7349 1
7361 2
7381 1
7397 1
7405 1
7417 1
7445 2
7453 1
7457 1
7461 1
7465 2
7477 2
7517 2
7541 1
7561 1
7565 4
7569 1
7577 1
7585 1
7589 1
7605 4
7625 3
7649 1
7685 2
7709 1
7713 1
7717 2
7741 1
7753 1
7785 2
7789 1
7793 1
7801 1
7837 3
7841 1
7877 2
7893 1
7921 1
7925 1
7929 1
7933 1
7969 2
7985 1
8005 2
8021 1
8045 1
8069 1
8081 2
8101 1
8105 1
8117 2
8177 1
8185 1
8209 1
8237 1
8249 1
8273 1
8285 1
8293 1
8297 1
8317 1
8325 2
8329 1
8333 1
8369 1
8377 1
8389 1
8425 1
8433 1
8477 1
8497 1
8521 1
8537 1
8541 1
8577 1
8593 1
8597 1
8633 1
8641 1
8649 2
8665 1
8669 1
8681 1
8685 1
8705 1
8713 1
8737 1
8741 1
8749 1
8753 1
8765 2
8793 1
8801 1
8829 1
8833 2
8865 1
8885 2
8941 1
8957 1
8969 1
8989 2
8993 1
9005 1
9049 1
9061 2
9089 1
9109 1
9117 2
9133 1
9169 1
9189 1
9193 1
9221 1
9225 3
9265 3
9281 1
9349 1
9365 1
9389 1
9425 1
9445 1
9469 1
9509 1
9549 1
9565 1
9629 1
9657 1
9725 1
9745 2
9773 1
9797 1
9805 1
9829 1
9881 1
9945 3
10009 1
10025 1
10121 2
10145 1
10161 1
10201 1
10205 1
10217 1
10229 1
10273 1
10309 1
10321 1
10337 1
10377 2
10413 1
10433 1
10477 1
10589 1
10673 1
10705 1
10777 1
10789 1
10805 2
10985 1
11041 2
11089 1
11149 1
11317 1
11657 1
11729 1
11773 1
11925 1
11953 1
12085 1
12337 1
12545 1
12725 1
12757 1
13105 1
13169 1
13285 1
13709 1
13913 1
13925 1
13973 1
14681 1
14897 1
14945 1
15241 1
15361 1
15545 1
15805 1
15997 1
16909 1
16925 1
17937 1
18845 1
21121 1
30689 1
