N J h mean_R_sq err_mean_R_sq mean_R_gyr_sq err_mean_R_gyr_sq 
1600 1.42 0 1836.52 41.6899 477.902 6.20813
1 3
5 8
9 2
13 8
17 9
25 12
29 12
37 9
41 6
45 8
49 4
53 11
61 6
65 19
73 11
81 7
85 22
89 14
97 7
101 5
109 9
113 4
117 8
121 6
125 24
137 8
145 22
149 12
153 9
157 14
169 14
173 17
181 12
185 17
193 11
197 15
205 13
221 23
225 18
229 11
233 2
241 10
245 9
257 6
261 11
265 19
269 11
277 16
281 11
289 11
293 10
305 15
313 13
317 16
325 36
333 12
337 10
349 13
353 15
361 3
365 22
369 14
373 10
377 13
389 15
397 7
401 6
405 9
409 10
421 6
425 28
433 12
441 5
445 24
449 11
457 18
461 9
477 12
481 22
485 13
493 24
505 15
509 10
521 9
529 3
533 32
541 9
545 19
549 15
557 2
565 14
569 6
577 13
585 18
593 7
601 12
605 14
613 8
617 12
625 23
629 13
637 9
641 6
653 7
657 5
661 11
673 9
677 10
685 21
689 14
697 16
701 7
709 12
725 22
733 8
745 20
757 13
761 10
765 15
769 11
773 13
785 18
793 17
797 4
801 7
809 11
821 5
829 8
833 5
841 7
845 30
853 11
857 12
865 13
873 10
877 3
881 7
901 10
905 20
909 8
925 19
929 6
937 8
941 11
949 18
953 6
961 3
965 21
977 7
981 3
985 19
997 9
1009 7
1013 6
1017 7
1021 9
1025 34
1033 6
1037 10
1049 4
1053 9
1061 7
1069 9
1073 10
1089 2
1093 4
1097 2
1105 29
1109 5
1117 10
1125 16
1129 9
1145 11
1153 9
1157 16
1165 11
1181 9
1189 10
1193 7
1201 8
1205 14
1213 9
1217 6
1225 10
1229 5
1233 7
1237 6
1241 10
1249 7
1261 19
1277 8
1285 14
1289 9
1297 3
1301 9
1305 16
1313 11
1321 6
1325 22
1341 2
1345 11
1361 7
1369 8
1373 4
1377 6
1381 6
1385 6
1405 12
1409 5
1413 5
1417 6
1421 8
1429 6
1433 4
1445 12
1453 4
1465 14
1469 14
1481 4
1489 11
1493 4
1513 10
1517 8
1521 7
1525 14
1537 10
1549 5
1553 4
1557 3
1565 10
1573 4
1585 12
1597 8
1601 4
1609 3
1613 8
1621 5
1625 25
1629 4
1637 5
1649 10
1657 7
1665 9
1669 6
1681 4
1685 13
1693 6
1697 4
1709 1
1717 9
1721 7
1733 4
1737 4
1741 5
1745 8
1753 2
1765 10
1769 13
1773 2
1777 6
1781 18
1789 1
1801 3
1805 11
1813 6
1825 12
1845 11
1849 2
1853 8
1861 2
1865 11
1873 3
1877 5
1885 18
1889 5
1901 8
1913 4
1921 9
1933 3
1937 9
1945 10
1961 6
1973 4
1985 5
1989 6
1993 5
1997 2
2005 10
2009 7
2017 1
2025 9
2029 3
2041 6
2045 8
2053 3
2057 4
2061 2
2069 4
2081 6
2089 5
2097 4
2105 6
2113 6
2117 9
2125 20
2129 4
2137 6
2141 5
2153 7
2161 5
2165 15
2169 4
2173 8
2197 12
2205 3
2209 5
2213 4
2221 1
2225 11
2237 3
2245 9
2249 6
2257 5
2269 2
2273 6
2281 8
2285 9
2293 3
2297 2
2305 4
2309 3
2313 5
2329 9
2333 3
2341 4
2349 4
2353 4
2357 4
2377 4
2381 3
2385 8
2389 3
2393 3
2401 4
2405 12
2417 5
2421 3
2425 7
2437 5
2441 3
2465 14
2473 3
2477 6
2493 5
2501 5
2509 7
2521 3
2525 11
2529 1
2533 9
2545 8
2549 2
2557 2
2561 6
2581 6
2593 1
2597 3
2601 7
2605 5
2609 1
2617 4
2621 3
2633 2
2637 3
2645 2
2657 1
2665 9
2669 8
2677 2
2689 5
2693 8
2701 2
2705 8
2713 1
2725 7
2729 4
2741 3
2745 4
2749 1
2753 4
2777 4
2785 8
2789 3
2801 2
2809 5
2813 4
2817 4
2825 10
2833 2
2837 2
2845 4
2853 7
2857 3
2861 1
2873 13
2885 7
2897 3
2909 4
2917 1
2925 10
2929 7
2941 3
2953 3
2957 3
2965 4
2969 1
2977 5
2989 2
2993 3
3001 1
3005 10
3025 3
3029 5
3033 1
3037 3
3041 1
3049 3
3061 1
3065 3
3077 3
3085 1
3109 1
3125 12
3133 6
3141 4
3145 10
3161 5
3169 3
3177 3
3181 2
3185 4
3205 5
3209 4
3217 2
3221 4
3229 3
3233 3
3249 1
3257 1
3265 4
3277 5
3281 1
3285 2
3293 2
3305 5
3313 2
3321 3
3329 3
3341 2
3349 6
3357 5
3361 6
3365 4
3373 2
3385 4
3389 2
3393 3
3413 2
3425 5
3433 1
3445 11
3449 2
3457 1
3461 2
3481 1
3485 14
3497 2
3501 3
3509 1
3541 1
3545 5
3557 4
3573 2
3581 2
3589 5
3593 3
3601 5
3609 1
3617 2
3625 5
3637 1
3645 2
3649 5
3653 3
3665 2
3673 1
3677 1
3681 2
3697 3
3701 1
3721 1
3725 4
3733 1
3757 5
3769 4
3785 1
3789 3
3793 3
3797 1
3805 3
3809 1
3821 1
3825 6
3833 4
3845 4
3853 1
3865 2
3869 3
3877 2
3881 4
3889 1
3893 3
3925 5
3961 1
3965 6
3969 1
3973 2
3977 4
3985 3
3989 3
4001 1
4005 3
4021 2
4033 6
4045 5
4057 1
4069 5
4073 1
4097 7
4105 2
4113 1
4121 3
4133 1
4141 1
4145 1
4153 1
4157 1
4165 3
4177 2
4181 8
4201 2
4217 1
4225 3
4229 3
4241 2
4253 2
4265 3
4273 5
4285 1
4289 1
4293 1
4329 3
4337 3
4357 3
4361 1
4365 3
4369 3
4373 1
4381 1
4385 2
4405 2
4421 1
4437 1
4441 1
4453 4
4457 2
4469 2
4481 3
4493 1
4505 5
4525 4
4537 2
4545 1
4549 1
4553 4
4561 3
4573 4
4581 1
4589 1
4621 1
4625 6
4633 1
4637 1
4645 2
4649 3
4657 3
4685 1
4689 1
4693 2
4705 4
4709 3
4717 2
4729 1
4733 1
4745 7
4753 1
4765 4
4777 1
4793 1
4797 1
4817 1
4825 5
4849 1
4861 2
4885 3
4889 1
4901 2
4909 1
4913 3
4925 1
4933 2
4961 2
4973 1
4981 2
4985 1
5013 1
5017 1
5041 1
5045 1
5057 3
5065 2
5069 3
5081 2
5085 2
5101 1
5113 1
5125 3
5141 1
5153 2
5165 1
5185 1
5237 1
5249 3
5265 3
5273 1
5297 1
5309 1
5337 1
5345 1
5353 1
5365 1
5381 1
5389 1
5393 1
5409 1
5413 2
5429 1
5441 1
5445 1
5465 1
5473 1
5477 3
5501 1
5525 2
5553 1
5581 1
5597 1
5617 1
5625 5
5629 2
5661 3
5713 2
5725 2
5729 4
5765 3
5785 1
5809 1
5813 1
5849 2
5877 2
5881 1
5905 1
5929 1
5933 1
5941 1
5945 1
5949 1
5953 1
5965 1
5989 4
5993 1
6001 1
6005 1
6025 1
6037 1
6093 3
6121 1
6125 1
6137 1
6145 2
6161 1
6173 1
6185 1
6197 1
6201 1
6217 1
6221 1
6229 2
6245 2
6273 1
6301 2
6341 2
6381 1
6385 2
6397 1
6413 1
6425 2
6437 1
6497 1
6565 2
6617 1
6625 2
6689 1
6713 1
6749 2
6805 1
6845 2
6869 2
6885 1
6925 1
6953 1
7033 2
7065 1
7081 2
7085 2
7109 1
7137 1
7165 1
7173 1
7225 1
7241 2
7265 1
7289 1
7309 1
7345 1
7381 1
7389 1
7397 1
7417 1
7421 1
7453 1
7465 3
7537 1
7565 2
7569 1
7633 1
7681 1
7685 2
7717 1
7789 1
7801 1
7829 1
7957 1
7969 1
8045 1
8093 1
8125 1
8161 1
8177 2
8237 1
8325 1
8361 1
8369 1
8405 1
8497 1
8581 1
8585 1
8633 3
8665 2
8713 1
8753 1
8821 1
8825 1
9041 1
9113 1
9137 1
9529 1
9685 2
9689 1
9697 1
10201 1
10217 1
10249 1
10573 1
10645 1
10777 1
10961 1
11041 1
11357 1
12493 1
12805 1
13625 1
14625 1
15233 1
16465 1
17225 1
26365 1
32185 1
33129 1
35821 1
