N J h mean_R_sq err_mean_R_sq mean_R_gyr_sq err_mean_R_gyr_sq 
1600 1.46 0 1217.61 31.9869 377.255 2.49634
1 1
9 1
13 3
17 3
25 4
29 2
37 1
41 2
45 4
49 3
61 4
65 4
73 4
81 3
85 4
89 4
97 4
101 6
109 4
113 8
117 3
121 3
125 10
137 4
145 3
149 4
153 3
157 2
169 8
173 7
181 5
185 6
193 3
197 4
205 7
221 8
225 5
229 3
233 6
241 3
245 7
257 3
261 5
265 7
269 3
277 6
281 3
289 5
293 1
305 11
313 5
317 9
325 10
333 2
337 2
349 3
353 3
365 8
369 5
373 7
377 2
389 6
397 6
401 5
405 3
409 2
421 3
425 9
433 2
441 1
445 10
449 3
457 2
461 5
477 5
481 3
485 9
493 7
505 8
509 3
521 3
529 1
533 8
541 4
545 6
549 3
557 2
565 5
569 5
577 2
585 8
593 2
601 3
605 1
613 3
617 1
625 6
629 6
637 2
641 6
653 3
657 4
673 4
677 5
685 4
689 4
697 8
701 2
709 2
725 12
729 1
733 2
745 3
757 4
761 4
765 5
769 3
773 5
785 6
793 10
797 1
801 1
809 2
821 2
829 5
833 4
841 3
845 5
853 4
857 4
865 5
873 3
877 5
881 3
901 2
905 7
909 4
925 7
929 4
937 3
941 1
949 3
953 1
961 1
965 5
977 1
981 6
985 1
997 2
1009 3
1017 4
1021 3
1025 5
1033 2
1037 3
1049 2
1061 3
1069 3
1073 5
1093 1
1097 1
1105 6
1109 2
1117 3
1125 7
1145 3
1153 3
1157 1
1165 7
1181 3
1189 5
1193 2
1201 4
1205 6
1213 3
1217 4
1229 2
1233 2
1237 3
1241 3
1249 3
1261 3
1277 1
1285 3
1289 1
1297 3
1301 1
1305 3
1313 6
1321 1
1325 6
1341 1
1345 5
1361 1
1369 3
1373 2
1377 4
1381 3
1385 2
1405 4
1409 1
1413 3
1417 5
1421 2
1429 2
1433 3
1445 5
1453 3
1465 3
1489 2
1493 4
1513 3
1521 5
1525 4
1537 4
1549 1
1553 3
1557 2
1565 3
1573 1
1585 6
1597 2
1609 3
1613 1
1621 1
1625 8
1629 1
1637 4
1649 3
1657 3
1665 8
1669 2
1681 2
1685 3
1697 3
1709 1
1717 5
1721 3
1733 3
1737 5
1741 1
1745 4
1765 5
1769 7
1777 1
1781 3
1789 1
1801 3
1825 3
1845 4
1849 1
1853 2
1861 1
1865 2
1873 1
1877 2
1885 6
1913 1
1921 3
1933 3
1937 2
1945 2
1949 1
1961 1
1985 2
1989 1
1993 4
1997 1
2005 4
2017 2
2029 1
2041 2
2045 3
2053 1
2057 1
2061 1
2069 1
2081 1
2097 1
2105 3
2117 3
2125 3
2137 2
2153 2
2161 2
2165 2
2169 1
2173 1
2197 1
2205 1
2221 1
2225 2
2245 4
2249 3
2273 1
2285 2
2297 2
2305 3
2329 1
2349 2
2353 2
2357 1
2377 1
2405 4
2417 1
2425 2
2441 1
2465 3
2493 1
2509 3
2525 3
2533 3
2545 2
2549 1
2557 2
2561 4
2581 1
2593 1
2601 1
2605 1
2609 3
2621 1
2657 1
2669 4
2677 2
2693 1
2701 2
2725 2
2749 1
2753 2
2785 1
2789 1
2809 2
2825 1
2837 1
2845 5
2857 1
2861 1
2873 3
2897 2
2917 2
2929 1
2941 1
2969 1
2997 1
3041 1
3077 1
3085 2
3141 1
3161 1
3177 2
3185 2
3205 1
3221 1
3233 1
3265 2
3277 2
3281 1
3301 1
3305 1
3321 1
3329 1
3349 2
3393 2
3445 1
3449 1
3485 1
3501 1
3533 1
3609 1
3625 1
3637 1
3653 3
3673 1
3677 1
3697 2
3709 1
3721 1
3725 1
3737 1
3785 1
3789 1
3809 1
3977 1
4005 1
4149 1
4205 2
4329 1
4337 1
4437 1
4453 2
4481 1
4801 1
4825 2
4885 1
5017 2
5113 1
5185 1
5525 2
5573 1
5625 1
5661 1
5701 1
6133 1
6373 1
6445 1
