N J h mean_R_sq err_mean_R_sq mean_R_gyr_sq err_mean_R_gyr_sq 
1600 1.31 0 12465.3 240.963 1888.13 19.7824
17 1
41 1
73 1
89 1
113 1
153 1
181 1
185 1
193 2
269 1
293 1
305 3
313 2
325 1
337 1
349 1
365 2
377 1
389 1
397 1
405 2
409 1
425 3
445 1
477 1
481 1
485 2
493 2
505 1
509 1
521 1
565 1
569 2
577 2
593 2
605 1
613 2
617 1
625 1
657 1
661 1
677 1
697 2
701 2
725 2
729 2
733 1
757 1
765 2
785 1
793 1
797 1
801 1
833 1
841 1
853 1
857 1
865 1
873 1
901 1
909 1
925 1
949 3
965 1
985 2
1009 1
1017 2
1025 1
1049 1
1053 1
1061 2
1073 1
1093 1
1105 4
1129 1
1145 2
1153 1
1157 1
1165 1
1201 2
1205 2
1217 1
1225 1
1261 1
1289 1
1297 2
1301 2
1313 1
1321 1
1325 2
1341 2
1369 1
1377 1
1385 1
1405 2
1413 2
1417 2
1429 1
1445 2
1453 1
1465 1
1469 1
1517 1
1525 1
1537 5
1565 2
1573 4
1609 1
1613 1
1621 1
1625 4
1629 2
1637 1
1665 4
1669 1
1693 2
1709 2
1717 1
1737 1
1741 1
1745 5
1753 1
1765 1
1769 1
1773 1
1781 2
1789 1
1805 1
1813 1
1825 4
1845 3
1861 2
1865 3
1873 1
1877 1
1885 2
1901 1
1913 1
1921 1
1933 2
1945 1
1949 1
1961 1
1985 5
1989 2
1993 1
2005 1
2009 1
2017 1
2029 2
2041 2
2045 3
2053 2
2061 1
2097 1
2105 2
2113 1
2117 2
2125 1
2129 1
2141 1
2153 1
2165 4
2169 2
2197 2
2213 1
2221 2
2225 4
2249 3
2273 1
2281 1
2285 1
2293 1
2297 1
2305 2
2313 2
2329 1
2349 1
2357 1
2377 3
2385 2
2393 1
2401 1
2405 2
2425 2
2437 2
2441 1
2465 3
2473 1
2477 1
2493 1
2501 1
2509 3
2521 2
2525 3
2533 2
2545 1
2549 1
2557 1
2561 1
2597 1
2601 1
2609 4
2621 2
2637 1
2645 2
2657 1
2665 2
2669 2
2677 2
2689 1
2693 2
2701 1
2705 1
2713 1
2741 2
2745 2
2753 2
2785 1
2789 1
2797 1
2801 1
2809 2
2813 2
2817 1
2825 3
2837 1
2845 1
2873 2
2885 2
2897 1
2917 3
2925 1
2929 3
2941 3
2953 2
2957 2
2965 2
2969 1
2977 1
2989 1
2997 3
3025 4
3029 1
3033 1
3037 1
3061 2
3065 1
3077 2
3085 2
3089 1
3109 2
3125 1
3133 4
3137 1
3141 2
3145 3
3185 2
3229 1
3233 1
3249 1
3253 1
3265 6
3281 1
3301 2
3305 5
3321 2
3329 1
3341 2
3349 2
3357 1
3365 1
3385 1
3389 1
3413 1
3425 3
3433 2
3445 1
3461 1
3469 2
3481 1
3485 2
3505 1
3517 2
3529 1
3541 1
3545 5
3557 1
3573 1
3577 2
3589 1
3593 3
3601 1
3625 1
3645 1
3649 2
3673 2
3677 2
3681 1
3697 1
3701 1
3721 1
3725 3
3737 2
3757 1
3769 1
3785 1
3793 3
3797 1
3805 2
3809 2
3825 1
3845 1
3865 2
3869 1
3877 1
3881 1
3893 1
3925 3
3961 1
3965 3
3973 3
3977 2
3985 1
3989 1
4001 1
4005 3
4013 1
4033 1
4041 1
4045 1
4049 2
4057 1
4069 1
4097 2
4105 2
4113 2
4121 1
4129 1
4145 1
4153 1
4157 1
4165 2
4177 1
4181 1
4205 2
4225 1
4229 2
4261 1
4273 1
4285 1
4293 1
4297 1
4325 1
4329 1
4349 1
4357 1
4365 2
4369 1
4373 1
4385 2
4397 2
4405 1
4409 1
4437 2
4441 1
4453 1
4457 2
4469 2
4477 1
4481 1
4505 1
4517 1
4525 1
4537 2
4545 1
4553 2
4573 2
4589 1
4597 1
4625 3
4633 1
4637 2
4645 3
4657 1
4685 2
4689 1
4717 1
4721 3
4745 2
4765 3
4777 1
4789 2
4793 2
4797 4
4801 1
4805 1
4813 1
4817 1
4825 1
4849 2
4861 1
4869 1
4877 1
4885 2
4901 2
4905 2
4913 4
4925 4
4957 2
4961 2
4981 2
4985 2
4993 3
5013 2
5017 2
5021 1
5041 2
5045 1
5057 2
5065 2
5069 1
5077 3
5081 2
5085 3
5101 1
5105 1
5113 1
5121 1
5125 1
5141 2
5153 1
5185 3
5189 1
5213 1
5233 2
5249 2
5273 1
5305 2
5317 2
5321 1
5341 1
5345 2
5353 1
5365 4
5381 1
5389 1
5409 1
5429 2
5437 1
5445 1
5449 3
5465 2
5501 1
5513 2
5517 1
5525 2
5573 1
5585 1
5597 3
5625 1
5629 1
5641 1
5645 1
5669 1
5689 1
5713 1
5729 2
5733 1
5749 1
5765 1
5769 1
5777 3
5785 3
5801 2
5809 2
5821 1
5825 1
5849 1
5861 1
5869 1
5877 1
5881 2
5897 2
5941 2
5945 2
5949 2
5965 4
5981 3
5989 1
5993 1
6025 4
6029 2
6057 1
6065 3
6073 2
6089 2
6093 1
6101 1
6109 1
6113 1
6121 1
6125 2
6137 2
6145 1
6161 1
6165 3
6173 1
6201 2
6205 5
6221 1
6229 1
6245 2
6253 1
6257 1
6273 3
6305 2
6309 1
6317 1
6329 1
6337 1
6341 1
6381 1
6401 5
6409 2
6425 2
6437 3
6449 1
6473 1
6481 1
6485 1
6497 3
6505 1
6521 1
6525 3
6529 1
6565 2
6569 1
6577 1
6597 1
6605 1
6613 2
6617 2
6625 7
6637 1
6641 2
6649 2
6661 2
6673 2
6697 1
6701 1
6709 2
6713 1
6725 4
6733 2
6757 1
6761 1
6773 1
6813 2
6817 2
6833 1
6849 1
6857 2
6869 2
6877 2
6889 1
6893 2
6905 1
6917 1
6921 2
6929 1
6989 2
7001 1
7033 1
7065 1
7069 2
7081 1
7085 4
7093 2
7105 3
7109 1
7129 1
7141 1
7157 3
7165 2
7177 2
7193 2
7225 2
7237 1
7241 1
7253 1
7289 1
7297 1
7321 2
7325 2
7333 1
7345 2
7349 2
7361 1
7373 1
7381 1
7393 1
7397 1
7405 2
7417 2
7421 1
7445 1
7457 2
7461 2
7465 2
7497 2
7561 1
7565 4
7569 2
7573 1
7577 1
7585 3
7605 1
7625 1
7649 1
7669 2
7685 4
7709 3
7713 1
7717 1
7745 3
7757 5
7769 2
7785 2
7801 2
7813 1
7825 1
7829 1
7837 1
7853 1
7865 1
7873 1
7877 1
7897 1
7913 1
7921 1
7925 2
7949 1
7957 1
7969 2
8005 4
8017 1
8033 1
8045 1
8065 2
8105 3
8109 2
8117 1
8125 4
8145 2
8149 3
8161 1
8177 4
8185 3
8245 1
8249 1
8269 2
8281 1
8285 1
8321 3
8325 3
8329 1
8333 1
8353 1
8377 2
8381 5
8405 4
8425 4
8465 1
8473 3
8485 1
8513 2
8541 1
8545 2
8581 2
8585 1
8593 1
8605 3
8621 2
8633 1
8641 2
8649 1
8665 3
8677 1
8685 3
8689 1
8693 1
8705 1
8725 1
8741 1
8749 1
8765 1
8793 1
8825 2
8829 1
8845 3
8857 1
8885 2
8905 4
8957 1
8973 2
8989 1
9001 3
9013 1
9025 1
9029 1
9041 2
9049 2
9061 4
9065 2
9077 1
9081 2
9125 5
9137 1
9173 1
9197 1
9209 1
9217 3
9221 1
9225 1
9241 1
9257 1
9265 2
9277 1
9281 1
9325 4
9333 1
9337 2
9341 1
9365 3
9377 1
9389 1
9425 3
9433 1
9457 2
9461 1
9469 4
9473 1
9477 2
9529 4
9533 1
9553 4
9593 1
9601 1
9605 3
9621 1
9629 1
9657 1
9665 1
9673 4
9685 4
9701 2
9721 2
9733 1
9745 1
9749 1
9773 1
9797 1
9805 2
9809 2
9837 2
9841 1
9865 1
9873 1
9881 2
9893 2
9901 1
9925 1
9929 1
9941 1
9945 4
9949 1
9953 3
9965 3
9997 1
10025 2
10037 2
10057 2
10069 2
10085 1
10121 1
10133 1
10145 3
10161 3
10177 1
10193 3
10201 2
10205 1
10225 1
10237 1
10265 2
10273 2
10285 3
10289 2
10309 4
10313 1
10333 1
10337 1
10357 4
10377 2
10397 1
10405 2
10413 1
10429 2
10433 1
10445 1
10457 1
10485 1
10517 1
10529 1
10553 1
10565 4
10573 1
10585 1
10597 1
10613 2
10625 1
10657 1
10673 1
10693 1
10705 1
10729 1
10733 1
10737 1
10765 2
10777 2
10805 2
10809 1
10817 1
10825 1
10841 1
10845 3
10865 1
10933 1
10949 1
10953 1
10957 1
10961 2
10973 1
10985 4
10993 1
11009 3
11025 1
11029 2
11065 2
11101 1
11105 4
11117 1
11125 3
11169 1
11185 1
11197 1
11225 1
11237 2
11241 1
11257 3
11281 2
11285 1
11317 1
11321 2
11349 1
11357 1
11365 1
11369 1
11393 1
11425 3
11437 3
11461 2
11465 2
11493 1
11509 3
11513 1
11521 6
11525 1
11545 3
11549 1
11565 3
11581 2
11601 1
11621 1
11633 1
11645 5
11657 1
11665 1
11673 1
11677 1
11701 1
11709 2
11713 2
11729 1
11745 2
11765 1
11773 1
11777 1
11785 1
11789 1
11813 1
11817 1
11849 1
11861 1
11905 3
11909 1
11925 1
11933 1
11941 1
11945 2
11965 2
11969 1
11981 1
12013 1
12025 2
12037 2
12049 1
12085 2
12097 2
12105 2
12109 1
12125 2
12157 1
12161 1
12185 2
12197 2
12205 2
12209 2
12233 3
12241 2
12249 1
12269 1
12301 1
12317 3
12321 1
12325 2
12329 2
12337 1
12357 1
12389 1
12393 1
12409 2
12421 1
12437 1
12465 1
12469 1
12473 1
12505 4
12545 1
12569 1
12601 1
12625 2
12645 4
12665 2
12681 1
12701 2
12717 1
12725 2
12745 1
12753 1
12789 1
12805 2
12821 2
12853 1
12861 4
12905 2
12913 1
12917 1
12953 3
12965 1
12973 1
12985 3
12997 1
13005 5
13021 2
13025 1
13033 1
13037 1
13061 1
13073 1
13077 1
13085 2
13093 1
13109 1
13117 2
13169 1
13177 1
13185 1
13217 1
13229 2
13241 2
13261 1
13289 1
13313 1
13325 1
13337 2
13345 1
13401 1
13429 1
13437 1
13445 2
13465 1
13481 4
13505 2
13525 1
13537 1
13549 2
13565 1
13573 2
13597 1
13617 1
13621 1
13625 2
13669 1
13705 2
13709 1
13729 1
13745 2
13789 2
13793 2
13801 5
13817 1
13829 1
13837 2
13873 1
13877 2
13913 1
13925 3
13945 1
13949 4
13957 1
13969 3
13977 2
13985 1
14013 1
14045 1
14057 1
14065 3
14085 2
14149 2
14161 1
14165 1
14185 1
14213 1
14225 1
14261 1
14293 1
14297 1
14305 1
14365 1
14369 1
14381 1
14389 1
14393 1
14401 1
14417 1
14425 1
14449 2
14453 3
14473 1
14481 1
14485 1
14501 1
14533 1
14537 1
14557 1
14561 1
14585 2
14593 1
14625 2
14629 2
14653 1
14677 2
14681 1
14689 2
14701 1
14713 2
14717 1
14737 1
14765 1
14797 1
14837 3
14841 2
14885 1
14893 1
14909 2
14913 1
14945 3
14965 2
14977 1
14985 1
14989 1
15025 1
15049 1
15061 1
15125 2
15129 1
15145 3
15149 1
15165 1
15229 1
15233 1
15245 2
15273 1
15305 1
15317 3
15341 1
15353 3
15361 1
15377 1
15385 1
15445 2
15453 6
15497 1
15509 2
15533 1
15597 2
15605 1
15625 2
15641 1
15665 5
15669 2
15677 2
15685 1
15725 4
15733 1
15769 4
15773 1
15805 2
15809 1
15821 1
15877 1
15885 1
15901 1
15905 1
15913 1
15921 2
15925 1
15929 3
15937 1
15949 1
15973 1
16021 1
16025 2
16045 2
16069 1
16109 1
16133 1
16145 2
16153 1
16165 1
16193 1
16209 1
16241 2
16265 1
16285 1
16301 2
16317 2
16349 1
16361 1
16385 3
16393 1
16409 1
16441 1
16465 1
16477 1
16481 1
16493 1
16505 1
16525 3
16561 1
16589 1
16601 2
16609 1
16645 1
16661 1
16705 1
16729 1
16745 1
16757 1
16769 1
16805 1
16825 2
16837 2
16865 1
16897 3
16909 1
16913 2
16925 1
16937 1
16945 1
16965 3
16993 1
17001 1
17009 3
17041 1
17053 1
17069 1
17125 3
17137 1
17141 2
17197 3
17245 1
17261 2
17293 1
17321 1
17333 1
17345 2
17357 2
17417 1
17425 2
17429 2
17477 1
17489 1
17497 1
17525 1
17557 1
17597 1
17645 1
17665 2
17681 2
17705 1
17725 1
17737 1
17777 1
17797 1
17833 1
17849 1
17861 1
17885 1
17901 1
17905 1
17909 1
17945 1
17957 1
17989 1
18045 1
18085 3
18125 2
18181 1
18225 1
18233 1
18245 1
18265 3
18281 1
18317 1
18385 2
18409 1
18433 1
18473 1
18497 1
18513 1
18545 1
18589 1
18605 1
18629 3
18637 1
18649 1
18665 1
18685 1
18713 1
18721 1
18757 1
18761 1
18785 1
18797 1
18801 1
18833 1
18913 3
18965 1
18989 1
19025 1
19045 1
19069 1
19109 2
19125 1
19141 1
19157 2
19165 1
19181 1
19193 1
19225 1
19253 2
19289 1
19337 1
19345 1
19357 1
19385 2
19405 1
19409 1
19417 1
19445 1
19453 1
19465 1
19485 1
19493 1
19541 1
19557 1
19577 1
19585 1
19625 1
19645 1
19697 1
19709 2
19721 2
19753 1
19805 1
19861 2
19865 1
19937 1
19945 1
19981 1
20005 2
20025 1
20041 1
20077 1
20117 1
20129 1
20137 2
20165 1
20177 1
20205 2
20225 1
20241 1
20249 1
20281 2
20285 1
20313 3
20357 1
20453 1
20465 1
20477 1
20513 1
20525 1
20529 1
20557 2
20561 3
20565 1
20637 1
20645 2
20665 3
20689 2
20705 1
20749 1
20761 1
20893 2
20905 2
20929 1
20933 2
20981 1
21017 1
21029 1
21037 1
21061 1
21073 1
21089 1
21097 1
21121 1
21125 3
21145 1
21193 2
21233 1
21253 1
21305 1
21313 2
21325 1
21349 1
21361 1
21389 1
21437 1
21473 2
21485 1
21509 1
21589 1
21601 1
21605 2
21625 1
21673 1
21677 3
21697 2
21709 2
21713 1
21753 2
21773 1
21789 1
21809 2
21845 2
21865 1
21901 2
21925 1
21937 1
21953 2
21985 1
22001 1
22045 1
22049 2
22069 1
22105 1
22117 1
22133 1
22157 1
22213 1
22345 1
22373 1
22385 1
22405 1
22441 1
22465 1
22525 1
22529 1
22565 1
22601 3
22613 2
22633 1
22685 2
22741 1
22753 1
22765 1
22797 1
22849 1
22921 1
22945 1
23021 1
23057 1
23125 1
23185 1
23189 1
23201 1
23257 1
23269 1
23273 2
23285 1
23341 2
23365 1
23377 1
23417 1
23425 1
23445 1
23477 2
23497 1
23561 2
23569 2
23585 3
23593 1
23605 1
23609 1
23645 1
23717 1
23725 3
23729 1
23801 1
23809 1
23857 1
23917 1
23965 1
23985 1
24021 1
24037 1
24041 1
24065 1
24077 1
24097 1
24161 1
24229 1
24245 2
24345 1
24425 1
24461 1
24481 1
24505 2
24517 1
24545 2
24601 3
24625 2
24641 2
24665 1
24677 1
24697 1
24705 1
24741 1
24777 1
24797 1
24889 1
24901 1
24905 1
24929 1
24973 2
25049 1
25085 1
25133 1
25177 2
25181 1
25285 1
25309 1
25317 2
25325 2
25345 2
25373 1
25497 1
25541 2
25549 1
25681 1
25721 1
25777 1
25789 1
25805 2
25909 1
25933 1
25945 1
25957 1
26129 2
26177 1
26209 1
26221 1
26225 1
26245 1
26281 1
26321 1
26329 1
26365 2
26377 2
26525 1
26533 1
26545 1
26561 2
26645 1
26689 1
26765 1
26821 1
26945 1
27061 1
27065 1
27157 1
27173 1
27225 1
27353 1
27409 1
27421 1
27441 1
27469 1
27521 1
27565 2
27585 1
27593 1
27613 1
27625 1
27677 1
27685 1
27733 1
27757 1
27917 1
27961 1
27989 1
28009 1
28085 1
28093 1
28249 1
28265 1
28309 1
28333 2
28345 1
28349 1
28565 1
28577 1
28601 1
28645 2
28665 1
28669 1
28673 1
28705 1
28729 1
28741 1
28825 1
28885 2
28913 1
28925 1
28981 1
29045 1
29053 1
29209 1
29261 1
29269 1
29273 2
29277 1
29313 1
29341 1
29449 1
29573 1
29581 1
29645 1
29653 1
29725 1
29745 1
29761 1
29801 1
29857 1
29873 1
29905 1
29929 1
29945 1
29957 1
29961 1
30053 1
30249 1
30265 1
30277 1
30293 1
30397 1
30505 1
30537 1
30545 1
30617 1
30641 1
30685 1
30733 1
30749 1
30805 1
30901 1
30929 1
30953 1
31057 1
31121 1
31213 1
31301 1
31333 1
31345 1
31365 1
31469 1
31505 2
31517 2
31525 1
31609 1
31645 1
31693 1
31697 1
31705 3
31853 1
31865 1
32005 1
32045 1
32077 1
32125 2
32157 1
32161 1
32425 2
32513 1
32693 1
32701 1
32825 1
32941 1
33025 1
33065 1
33125 1
33185 1
33205 2
33309 2
33361 1
33601 1
33613 1
33713 1
33745 1
33769 1
33813 2
33865 1
33965 1
34025 2
34073 1
34085 1
34121 1
34241 1
34249 1
34281 1
34381 1
34609 1
34625 1
34669 1
34973 1
35005 1
35117 1
35129 1
35173 1
35225 1
35405 1
35425 1
35569 1
35685 1
35873 1
35901 1
35921 1
36061 1
36145 1
36205 1
36269 1
36625 1
36725 1
36973 1
37485 1
37505 1
37537 1
37549 1
37613 1
37621 1
37817 1
38197 1
38637 1
38825 1
38933 1
39373 1
39485 1
40329 1
40613 1
40725 1
40745 1
41225 1
41233 1
41785 1
42029 1
42109 1
42705 1
42793 1
42925 1
43621 1
43625 1
43937 1
43957 1
44125 1
44221 1
44225 1
44581 1
44865 1
45905 1
46553 1
47065 1
47125 1
47473 1
47629 1
47837 1
48065 1
48073 1
48113 1
48581 1
48845 1
49025 1
49045 1
49669 1
50345 1
50557 1
51325 1
51989 1
52389 1
60721 1
63065 1
65209 1
67481 1
