N J h mean_R_sq err_mean_R_sq mean_R_gyr_sq err_mean_R_gyr_sq 
8100 1.368 0 338195 277416 50746.5 40098.5
25 3
41 1
45 1
53 1
61 1
65 1
81 1
85 1
101 1
109 2
117 1
145 1
169 2
185 1
193 2
197 2
205 1
225 1
241 1
245 1
257 1
269 1
277 1
281 1
289 2
293 2
317 1
325 1
333 1
337 1
373 2
377 2
405 2
421 1
433 1
445 2
457 1
477 1
481 1
485 2
493 1
505 3
509 1
521 1
533 1
545 1
565 1
569 1
585 2
605 2
617 1
629 1
641 1
657 1
661 2
677 1
685 3
697 1
725 1
745 1
761 1
765 1
773 1
801 1
821 1
833 1
841 1
845 1
857 1
877 1
881 1
901 1
905 2
925 3
937 1
965 2
981 1
1033 2
1037 2
1061 2
1069 1
1073 1
1105 3
1109 3
1125 1
1129 1
1145 2
1157 1
1165 1
1193 1
1201 1
1205 4
1213 1
1225 2
1241 2
1249 1
1261 1
1289 2
1297 2
1301 1
1305 2
1313 3
1321 1
1325 1
1341 1
1361 1
1369 2
1381 1
1385 1
1417 2
1429 2
1433 3
1465 1
1489 1
1493 1
1521 1
1537 2
1557 2
1565 1
1573 1
1585 1
1597 1
1609 2
1613 1
1621 1
1625 4
1637 2
1649 1
1657 2
1665 2
1697 1
1709 1
1717 3
1741 1
1753 1
1765 2
1777 2
1781 2
1789 1
1801 1
1805 1
1813 2
1825 4
1845 1
1865 1
1873 4
1885 1
1889 2
1901 3
1937 1
1945 2
1961 1
1973 2
1997 1
2017 1
2041 1
2045 2
2069 1
2081 1
2105 2
2117 1
2125 3
2129 1
2137 2
2153 1
2165 1
2169 1
2197 2
2221 1
2237 1
2249 1
2257 2
2269 2
2293 2
2305 1
2309 1
2329 1
2333 4
2353 1
2405 2
2417 1
2421 1
2437 2
2465 1
2477 1
2545 1
2549 1
2561 1
2597 1
2601 1
2609 1
2621 1
2633 1
2637 1
2645 1
2665 2
2669 3
2689 1
2701 6
2705 2
2725 3
2729 1
2777 2
2785 4
2789 2
2809 2
2813 1
2817 1
2825 5
2833 2
2837 1
2845 1
2857 1
2873 1
2909 1
2925 2
2929 1
2941 3
2953 2
2965 1
2969 1
2977 2
2989 1
2993 2
3005 1
3029 1
3061 2
3065 1
3077 1
3089 2
3109 1
3121 1
3125 2
3145 1
3161 1
3181 1
3185 2
3205 2
3209 1
3217 1
3221 1
3229 1
3253 2
3257 1
3265 1
3281 1
3285 1
3293 1
3305 3
3329 1
3341 2
3349 2
3361 1
3365 1
3385 1
3389 1
3413 1
3433 2
3445 2
3457 1
3469 1
3481 1
3485 1
3497 1
3505 1
3509 2
3517 1
3529 1
3545 1
3557 1
3573 1
3581 1
3601 2
3617 1
3625 2
3645 1
3649 1
3665 4
3673 3
3681 1
3725 3
3733 3
3757 2
3769 2
3785 1
3789 1
3793 1
3809 3
3821 2
3825 2
3853 3
3865 1
3869 3
3893 2
3925 3
3961 1
3965 1
3973 1
3985 3
4005 1
4013 4
4033 4
4041 1
4045 1
4069 2
4073 2
4093 1
4097 1
4105 2
4129 1
4133 2
4141 3
4153 1
4157 1
4165 3
4181 3
4205 3
4225 2
4229 1
4261 3
4265 3
4297 1
4321 3
4325 3
4329 2
4349 1
4357 1
4361 2
4369 1
4373 2
4381 1
4385 4
4405 1
4409 1
4437 2
4453 1
4469 3
4489 2
4493 1
4505 3
4513 1
4525 4
4537 2
4553 2
4581 1
4589 2
4625 3
4649 2
4657 1
4673 2
4693 2
4705 3
4709 1
4721 1
4733 1
4745 3
4777 3
4793 1
4801 1
4817 1
4825 3
4861 1
4877 1
4885 1
4889 2
4901 3
4913 1
4925 3
4933 1
4941 1
4949 2
4957 1
4969 1
4973 2
4981 3
4985 1
4993 2
5009 3
5045 2
5057 3
5077 1
5081 2
5085 2
5105 2
5113 2
5121 2
5125 4
5161 3
5165 1
5185 1
5193 2
5197 1
5249 1
5265 1
5273 1
5281 1
5297 2
5305 2
5317 1
5321 1
5329 2
5333 1
5353 1
5365 3
5393 1
5417 1
5429 1
5441 2
5445 2
5449 3
5465 2
5473 1
5525 5
5545 1
5557 1
5569 1
5617 3
5629 1
5641 1
5653 1
5661 1
5689 1
5693 1
5725 3
5729 3
5733 1
5737 3
5765 3
5769 1
5777 3
5785 5
5801 1
5809 2
5813 2
5821 1
5825 2
5837 1
5857 2
5861 2
5869 1
5877 1
5905 1
5929 2
5933 1
5941 2
5945 1
5949 1
5965 1
5989 1
5993 1
6005 4
6025 2
6053 1
6057 1
6065 2
6085 4
6093 1
6109 1
6113 1
6133 1
6137 1
6145 1
6161 2
6165 1
6173 1
6205 2
6221 1
6229 1
6245 3
6253 2
6273 2
6277 1
6301 1
6305 3
6309 2
6317 1
6337 1
6341 1
6373 1
6385 1
6389 1
6409 2
6425 4
6437 1
6445 3
6481 1
6485 1
6497 3
6521 1
6561 1
6581 1
6605 1
6613 3
6625 3
6637 1
6641 3
6649 3
6661 1
6697 2
6705 3
6713 2
6725 1
6749 2
6757 2
6761 1
6773 2
6781 2
6793 2
6805 1
6813 3
6829 2
6833 1
6845 1
6857 1
6865 1
6869 1
6877 2
6889 1
6893 1
6917 2
6921 1
6925 3
6929 1
6953 1
6961 2
6997 1
7013 1
7025 4
7033 2
7045 3
7057 1
7065 1
7085 4
7105 1
7109 1
7121 1
7145 2
7157 2
7173 2
7193 1
7225 2
7265 2
7281 1
7289 1
7301 1
7309 1
7325 1
7333 1
7345 5
7349 1
7361 1
7381 2
7397 2
7405 1
7445 1
7453 1
7465 1
7477 1
7481 2
7501 3
7517 1
7541 1
7549 1
7565 4
7573 1
7585 4
7589 1
7605 3
7621 3
7625 3
7633 1
7669 1
7677 1
7681 1
7685 1
7709 2
7741 2
7757 1
7769 3
7785 2
7789 2
7793 1
7801 1
7813 2
7817 1
7837 3
7841 1
7857 1
7865 1
7893 2
7921 1
7925 4
7937 1
7957 2
7969 1
7985 1
8005 2
8021 4
8033 1
8053 1
8065 2
8077 4
8081 1
8093 1
8109 2
8117 1
8125 3
8177 2
8185 4
8245 2
8249 3
8269 2
8293 1
8297 1
8317 2
8333 3
8357 1
8361 3
8369 1
8381 2
8405 2
8425 3
8473 1
8489 1
8537 1
8541 1
8545 4
8573 1
8581 1
8585 1
8605 3
8621 2
8629 2
8641 2
8665 1
8669 2
8677 1
8681 1
8689 2
8705 1
8725 4
8741 1
8749 2
8821 1
8825 1
8845 2
8885 1
8905 2
8917 1
8929 1
8945 1
8969 1
8973 1
9001 2
9041 1
9061 2
9065 1
9077 1
9109 1
9113 1
9117 1
9125 2
9153 1
9169 1
9193 3
9209 1
9217 3
9221 2
9225 2
9241 1
9265 3
9297 1
9305 1
9325 2
9333 2
9377 4
9413 1
9425 3
9437 1
9445 1
9505 1
9509 2
9521 1
9529 1
9533 1
9553 4
9565 1
9577 2
9653 1
9657 1
9661 1
9665 1
9673 1
9685 3
9697 1
9745 1
9769 1
9781 2
9797 1
9805 1
9833 1
9837 1
9841 1
9857 1
9865 2
9873 1
9881 1
9925 2
9929 1
9945 1
9985 3
10009 2
10025 3
10045 1
10053 1
10061 1
10085 1
10093 1
10121 1
10145 1
10193 1
10205 3
10217 1
10225 2
10229 2
10249 1
10253 1
10265 1
10273 1
10285 1
10289 1
10301 1
10309 4
10313 1
10337 2
10345 1
10397 4
10405 1
10421 2
10429 1
10445 1
10457 1
10477 1
10485 4
10489 1
10501 1
10517 1
10525 4
10553 1
10573 1
10585 1
10609 1
10613 1
10625 3
10629 1
10657 1
10673 5
10685 1
10693 1
10701 1
10705 1
10709 2
10737 1
10765 1
10769 1
10777 5
10781 2
10825 1
10841 1
10865 1
10877 2
10897 1
10909 1
10957 1
10961 1
10985 4
11009 2
11065 1
11089 1
11093 1
11097 1
11101 2
11105 1
11113 1
11117 1
11125 4
11133 1
11141 1
11161 1
11185 2
11221 1
11225 3
11237 1
11257 1
11261 2
11285 3
11317 1
11345 2
11349 1
11353 1
11365 1
11393 1
11401 1
11405 1
11413 1
11417 1
11425 2
11461 2
11465 3
11489 1
11521 1
11525 1
11545 3
11565 2
11629 1
11633 1
11657 1
11677 1
11713 1
11737 2
11745 2
11765 6
11773 1
11777 1
11785 2
11789 1
11801 1
11809 1
11817 1
11849 3
11861 2
11885 1
11905 2
11925 1
11941 1
11965 2
12005 2
12017 1
12025 3
12037 2
12053 1
12077 2
12101 2
12105 2
12125 1
12137 1
12149 1
12185 1
12193 1
12205 1
12209 1
12233 1
12241 1
12249 1
12317 1
12321 1
12325 4
12329 2
12337 1
12349 3
12365 1
12377 2
12389 1
12401 2
12413 1
12421 1
12461 1
12465 1
12469 2
12473 1
12493 2
12505 3
12545 2
12577 1
12589 1
12613 1
12625 1
12629 1
12637 1
12641 3
12645 2
12665 2
12681 1
12697 1
12701 1
12713 1
12717 1
12725 2
12769 1
12805 2
12809 1
12821 1
12861 2
12869 2
12893 1
12905 3
12913 1
12937 1
12961 2
12985 1
12997 1
13001 1
13005 3
13021 4
13025 1
13045 1
13049 1
13061 3
13073 1
13085 3
13121 2
13181 1
13185 1
13213 1
13217 1
13221 1
13229 1
13253 1
13273 2
13285 1
13289 2
13297 1
13309 1
13325 6
13357 2
13369 1
13381 1
13397 1
13429 1
13441 1
13445 1
13465 2
13481 2
13505 1
13525 1
13549 2
13553 2
13565 1
13617 3
13621 2
13625 1
13633 2
13649 2
13653 2
13669 2
13673 1
13697 1
13709 1
13725 2
13753 1
13757 1
13817 1
13829 1
13833 1
13841 1
13885 2
13897 3
13901 1
13949 1
13957 2
13969 1
13973 1
13985 1
13997 1
14005 2
14045 1
14065 1
14081 2
14093 1
14125 1
14149 2
14153 1
14165 1
14185 1
14209 3
14213 1
14221 1
14225 1
14249 1
14257 1
14309 1
14321 1
14341 1
14357 2
14365 4
14381 1
14393 1
14401 1
14417 1
14425 2
14473 2
14481 1
14489 1
14501 2
14521 1
14533 1
14545 1
14561 1
14585 1
14621 2
14625 2
14641 2
14645 3
14657 1
14661 1
14669 1
14677 2
14681 1
14689 3
14701 1
14705 3
14717 1
14733 1
14737 1
14753 1
14765 1
14785 1
14841 1
14845 1
14869 1
14885 1
14909 1
14929 1
14933 1
14965 2
14977 1
15005 1
15013 1
15017 1
15041 1
15053 1
15061 2
15073 1
15077 1
15125 2
15145 1
15149 1
15165 1
15205 2
15217 1
15229 2
15233 2
15241 1
15245 2
15293 1
15325 2
15349 1
15353 1
15397 2
15445 2
15453 2
15457 1
15461 2
15489 1
15493 1
15529 3
15577 1
15581 1
15613 2
15625 1
15661 1
15665 3
15685 2
15689 2
15725 4
15749 1
15773 1
15777 1
15797 2
15805 2
15857 1
15913 1
15921 1
15925 1
16021 1
16025 2
16029 1
16081 1
16085 3
16101 1
16109 2
16133 1
16145 1
16165 3
16253 1
16265 2
16277 1
16325 1
16333 2
16361 2
16381 2
16385 4
16405 2
16433 2
16441 2
16481 1
16505 1
16513 1
16525 2
16553 2
16565 1
16573 2
16605 1
16609 2
16613 4
16641 1
16657 2
16677 4
16693 1
16705 1
16717 1
16733 2
16741 1
16745 2
16769 1
16781 1
16837 1
16857 1
16861 1
16897 2
16909 1
16921 2
16965 1
16981 1
17009 1
17021 1
17033 1
17041 1
17057 2
17065 1
17077 1
17125 1
17141 1
17153 1
17165 1
17173 1
17177 1
17209 4
17217 1
17221 2
17225 2
17245 1
17261 3
17285 1
17289 2
17297 1
17305 1
17357 1
17401 1
17405 1
17425 3
17429 2
17433 2
17485 3
17505 1
17509 1
17525 2
17561 2
17629 1
17649 2
17665 1
17705 1
17737 1
17741 3
17777 3
17785 2
17833 1
17849 1
17861 2
17865 1
17881 1
17885 3
17901 1
17945 1
17953 1
17957 1
17965 1
17977 1
18005 1
18045 3
18049 1
18061 2
18089 1
18133 1
18173 2
18245 1
18253 1
18265 3
18269 1
18277 1
18281 1
18289 1
18325 3
18329 1
18353 1
18365 1
18369 1
18397 3
18401 1
18405 1
18409 2
18421 1
18457 1
18473 1
18481 1
18485 1
18497 1
18505 1
18513 1
18517 2
18545 1
18589 1
18593 3
18625 3
18629 1
18685 4
18709 1
18737 1
18761 2
18785 3
18833 2
18853 1
18857 1
18873 2
18889 2
18901 1
18937 3
18965 2
18985 1
19037 1
19045 3
19093 1
19097 1
19105 1
19109 1
19165 2
19225 3
19309 3
19337 1
19345 1
19417 1
19441 2
19445 1
19457 1
19465 1
19477 1
19485 1
19493 2
19501 1
19517 1
19549 1
19557 1
19573 2
19585 2
19597 1
19601 2
19609 1
19625 2
19633 1
19637 2
19669 4
19721 1
19729 1
19753 1
19773 1
19777 1
19805 1
19813 1
19825 1
19897 1
19913 1
19925 1
19973 1
19989 1
19997 1
20025 2
20041 2
20065 1
20129 2
20137 1
20149 1
20165 1
20177 2
20189 1
20213 1
20221 1
20249 1
20261 1
20269 1
20285 1
20297 1
20333 2
20345 3
20353 3
20365 2
20369 1
20381 3
20417 1
20449 2
20453 2
20509 1
20513 1
20525 3
20549 1
20557 3
20593 1
20605 1
20645 1
20673 1
20705 1
20725 1
20737 1
20745 1
20753 1
20773 1
20817 2
20825 1
20857 2
20885 1
20893 1
20905 1
20921 1
20961 1
20981 1
21005 1
21025 2
21029 1
21037 1
21053 1
21069 1
21085 1
21097 1
21125 1
21169 1
21177 5
21205 2
21221 2
21253 1
21289 1
21325 1
21349 3
21361 3
21365 1
21389 1
21401 1
21425 1
21449 1
21473 1
21481 1
21485 2
21509 1
21533 1
21541 1
21605 2
21625 3
21677 2
21697 2
21753 1
21805 1
21841 1
21845 1
21853 2
21865 1
21893 1
21905 3
21925 1
21933 1
21937 1
21941 3
21977 1
22009 1
22021 1
22025 3
22069 1
22105 1
22117 1
22129 1
22181 1
22185 1
22189 1
22205 1
22213 1
22217 1
22229 1
22237 2
22257 1
22265 1
22273 1
22285 1
22293 1
22313 1
22321 2
22373 1
22381 1
22393 1
22397 1
22405 2
22441 1
22445 2
22457 1
22465 3
22509 1
22525 4
22529 1
22585 1
22613 1
22621 1
22625 4
22633 2
22637 1
22669 1
22681 2
22709 1
22717 1
22725 2
22761 1
22765 2
22777 1
22789 2
22829 1
22837 3
22849 1
22861 2
22865 1
22945 1
22949 2
22993 2
23017 2
23041 2
23057 1
23105 1
23113 1
23137 3
23165 3
23189 1
23225 1
23269 1
23273 4
23285 2
23321 1
23329 1
23337 1
23341 2
23353 1
23409 3
23461 1
23497 2
23525 1
23533 1
23553 1
23561 1
23581 1
23585 1
23593 1
23605 1
23645 1
23657 1
23665 1
23669 1
23677 1
23717 2
23733 1
23765 1
23797 1
23809 3
23885 2
23909 1
23941 1
23957 1
23977 1
23985 1
23993 1
24025 2
24049 1
24085 3
24089 2
24109 1
24113 1
24121 1
24193 1
24245 1
24305 1
24329 1
24345 1
24349 1
24361 1
24413 2
24433 2
24445 1
24457 1
24461 1
24473 1
24505 3
24525 2
24545 2
24557 1
24593 1
24601 2
24653 1
24677 1
24701 2
24709 1
24737 3
24745 3
24785 1
24797 2
24805 1
24845 1
24925 2
24965 1
24973 3
25033 1
25085 1
25101 1
25105 1
25117 2
25121 2
25153 2
25173 1
25181 1
25189 2
25225 3
25229 1
25285 1
25309 1
25313 1
25317 1
25337 1
25373 1
25381 1
25385 1
25425 1
25457 1
25477 1
25497 1
25505 1
25561 1
25565 1
25609 1
25621 1
25625 1
25649 1
25681 1
25705 1
25713 1
25717 1
25721 1
25749 2
25777 1
25789 1
25805 1
25825 1
25873 1
25925 2
25965 1
26065 1
26113 1
26117 2
26165 2
26185 1
26221 1
26225 2
26245 2
26249 1
26261 1
26305 2
26325 1
26329 1
26361 1
26365 3
26393 1
26401 1
26413 1
26497 1
26525 1
26545 1
26577 1
26585 2
26665 2
26669 1
26685 1
26721 1
26765 2
26825 2
26849 1
26869 1
26893 1
26897 2
26905 1
26941 1
26945 1
26953 1
26965 1
26969 1
26977 1
26989 1
26993 1
27009 2
27045 1
27065 1
27077 1
27085 1
27101 2
27121 1
27145 1
27157 1
27161 1
27185 3
27197 1
27217 3
27233 1
27245 1
27261 1
27289 1
27329 1
27333 1
27353 1
27369 1
27469 1
27481 1
27521 3
27529 2
27541 2
27557 1
27565 1
27625 3
27653 1
27693 1
27725 1
27733 1
27757 1
27765 1
27781 1
27809 1
27829 1
27833 1
27857 2
27889 2
27905 1
27925 1
27941 1
27985 1
27989 1
28001 2
28013 1
28033 5
28037 1
28085 4
28121 1
28145 1
28169 2
28193 1
28201 1
28205 2
28249 1
28285 2
28305 2
28349 1
28393 1
28397 1
28429 1
28449 1
28453 1
28477 1
28537 1
28561 2
28565 1
28577 1
28593 1
28625 1
28645 2
28649 1
28745 1
28757 1
28769 2
28825 1
28885 1
28909 1
28913 1
28925 2
28953 1
28961 1
28981 1
29021 1
29045 1
29053 2
29065 2
29069 2
29097 1
29125 1
29173 1
29185 1
29189 1
29273 1
29297 1
29321 2
29341 1
29345 1
29377 1
29453 1
29497 1
29565 2
29573 2
29581 2
29585 1
29593 1
29597 1
29629 1
29665 2
29705 1
29709 2
29725 1
29741 1
29817 1
29825 2
29837 1
29905 1
29917 1
29921 1
29929 2
29957 2
29965 4
30005 3
30013 1
30073 3
30113 1
30125 1
30133 1
30137 1
30157 1
30161 2
30169 1
30185 1
30193 1
30197 1
30213 1
30233 1
30241 1
30249 1
30253 1
30265 1
30277 1
30329 1
30365 2
30389 2
30397 1
30501 1
30505 2
30545 1
30581 1
30589 2
30625 1
30629 1
30641 1
30661 1
30665 1
30673 2
30733 1
30757 1
30825 2
30841 1
30897 1
30901 1
30929 2
30941 1
30953 2
30985 1
31001 1
31005 1
31025 3
31057 1
31061 1
31145 1
31213 1
31225 1
31249 1
31265 2
31337 1
31357 1
31365 1
31385 3
31429 1
31433 1
31469 1
31501 1
31505 1
31525 2
31541 1
31581 1
31613 1
31649 1
31685 1
31697 2
31709 1
31733 3
31797 1
31813 2
31869 1
31873 1
31925 2
31957 1
31985 1
31997 1
32005 1
32045 4
32105 1
32125 4
32129 2
32157 1
32173 1
32193 1
32237 1
32269 1
32317 1
32341 1
32365 2
32369 1
32409 2
32425 2
32489 2
32513 2
32521 3
32569 1
32597 1
32605 1
32625 3
32633 1
32653 1
32677 1
32689 2
32741 2
32765 2
32773 1
32777 1
32825 1
32841 1
32861 1
32877 1
32885 1
32905 1
32917 1
32933 1
33001 1
33013 1
33017 2
33025 3
33065 1
33073 1
33109 1
33113 3
33125 1
33129 1
33133 3
33161 2
33173 1
33181 1
33185 1
33197 1
33205 1
33245 1
33265 1
33293 1
33309 1
33317 1
33337 1
33377 1
33413 1
33437 1
33445 1
33485 1
33489 1
33505 1
33525 2
33529 1
33553 2
33565 1
33569 1
33625 2
33685 1
33745 1
33749 1
33761 1
33769 1
33829 1
33853 1
33865 1
33905 1
33937 1
33965 1
33977 1
33989 2
34021 1
34033 1
34065 1
34073 1
34085 1
34141 1
34145 1
34153 1
34157 1
34165 1
34205 1
34241 1
34245 1
34313 1
34373 1
34385 1
34481 1
34501 1
34525 2
34553 1
34621 1
34625 1
34645 2
34717 2
34765 4
34785 2
34841 1
34877 1
34885 1
34929 1
34933 5
34981 3
35001 1
35009 1
35037 1
35113 1
35137 2
35165 2
35173 1
35209 1
35225 1
35253 1
35257 1
35261 1
35285 2
35293 1
35317 1
35345 1
35353 2
35369 1
35405 2
35425 1
35509 1
35521 2
35525 1
35533 1
35605 1
35649 2
35685 2
35753 2
35785 1
35789 2
35801 2
35809 1
35881 1
35901 1
35917 1
35933 1
35957 1
35965 1
35989 2
35993 1
36037 1
36065 1
36125 4
36149 2
36161 1
36173 1
36209 1
36217 1
36229 1
36241 1
36257 1
36265 1
36277 1
36305 2
36341 2
36369 1
36389 1
36397 1
36405 2
36413 1
36433 2
36441 1
36445 1
36457 1
36517 1
36569 3
36621 2
36625 3
36637 1
36725 1
36745 1
36781 1
36833 1
36865 1
36881 1
36889 2
36905 1
36929 1
36941 2
36965 1
36985 2
37013 2
37089 1
37105 1
37153 2
37157 1
37165 2
37181 1
37189 1
37193 1
37201 1
37253 1
37273 2
37313 2
37325 3
37333 1
37341 1
37349 2
37357 1
37361 1
37381 2
37405 2
37409 1
37469 1
37493 1
37501 2
37505 1
37549 1
37553 1
37573 1
37585 1
37613 1
37645 1
37661 1
37685 2
37693 1
37805 1
37817 1
37825 2
37877 1
37885 2
37897 1
37925 4
37945 1
38025 2
38089 1
38113 1
38125 2
38153 1
38165 4
38197 1
38309 1
38317 1
38349 1
38369 1
38405 1
38425 3
38453 1
38477 1
38497 1
38537 2
38545 4
38569 2
38573 1
38581 1
38585 2
38593 1
38693 1
38701 3
38705 1
38765 1
38777 1
38861 1
38909 1
38917 1
38945 2
38965 1
38977 1
38981 1
39065 2
39085 2
39125 1
39133 2
39161 2
39181 1
39185 3
39213 2
39229 1
39249 1
39285 1
39301 1
39313 1
39317 1
39325 1
39341 1
39377 1
39465 1
39469 1
39485 1
39493 1
39505 2
39533 1
39593 2
39625 1
39685 3
39733 1
39785 1
39797 1
39845 1
39877 1
39933 1
39969 1
40001 2
40077 1
40097 1
40113 2
40121 1
40141 1
40153 1
40213 1
40225 1
40237 1
40265 1
40277 2
40289 1
40329 1
40345 2
40357 2
40361 2
40401 1
40409 1
40433 1
40445 1
40493 1
40505 2
40525 1
40545 3
40573 1
40589 1
40597 1
40657 1
40709 2
40729 4
40745 1
40781 1
40829 3
40833 1
40853 1
40885 3
40925 1
40941 1
40969 1
41033 1
41045 1
41049 1
41081 1
41089 1
41093 2
41113 1
41117 1
41141 1
41149 1
41225 1
41245 1
41257 3
41269 2
41309 1
41405 1
41425 1
41449 1
41485 2
41497 1
41533 2
41549 1
41557 2
41585 1
41597 1
41605 1
41625 1
41641 1
41665 2
41693 1
41717 1
41725 2
41729 2
41733 1
41785 1
41821 1
41869 1
41885 1
41897 1
41905 2
41969 1
42001 1
42025 1
42029 1
42073 1
42089 1
42137 1
42221 1
42233 1
42289 1
42293 1
42345 1
42353 2
42365 1
42381 1
42397 1
42433 1
42437 1
42445 1
42453 2
42485 1
42509 1
42517 1
42521 1
42565 1
42589 1
42601 3
42605 1
42653 1
42701 1
42705 1
42713 2
42737 1
42761 2
42809 1
42821 1
42853 1
42857 1
42877 3
42913 1
42925 2
42973 1
42985 2
42993 2
43009 2
43013 1
43045 2
43061 2
43069 3
43105 1
43117 1
43137 1
43145 1
43165 1
43173 1
43201 1
43249 1
43265 1
43273 1
43277 2
43289 2
43297 1
43333 1
43345 1
43397 1
43405 1
43425 1
43469 1
43513 1
43517 1
43525 1
43537 1
43573 1
43577 1
43597 1
43641 2
43681 1
43685 2
43705 1
43709 1
43717 1
43733 1
43749 1
43765 4
43805 4
43825 1
43829 2
43849 1
43877 3
43957 3
43965 1
43993 1
44005 1
44105 1
44109 1
44165 1
44181 1
44189 1
44201 1
44217 1
44225 1
44273 1
44285 2
44305 1
44353 2
44437 1
44465 2
44489 2
44533 1
44581 1
44621 1
44641 2
44665 1
44721 1
44729 1
44741 1
44749 1
44761 1
44777 1
44785 3
44809 1
44829 1
44837 1
44845 2
44861 2
44881 1
44921 1
45029 1
45041 1
45145 1
45189 1
45209 1
45233 1
45281 1
45293 2
45301 2
45305 1
45313 1
45317 2
45385 1
45405 1
45413 1
45433 1
45445 1
45461 1
45473 1
45509 1
45513 2
45541 1
45545 1
45589 1
45617 1
45625 3
45665 1
45685 3
45757 1
45785 2
45833 1
45853 1
45865 1
45869 1
45901 2
45905 1
45917 4
45929 1
45945 1
45985 2
46017 1
46033 1
46045 1
46121 1
46141 1
46153 1
46157 1
46213 2
46225 1
46229 1
46261 1
46273 1
46285 1
46301 1
46309 1
46313 2
46325 1
46381 1
46465 1
46481 1
46489 1
46513 2
46537 2
46597 2
46625 4
46661 1
46665 1
46685 1
46693 1
46709 1
46777 1
46813 1
46825 1
46853 1
46881 1
46909 2
46945 2
47017 1
47021 1
47045 1
47065 1
47105 1
47125 5
47185 1
47189 1
47197 2
47209 1
47225 1
47237 1
47249 1
47273 1
47281 2
47285 1
47345 1
47385 1
47437 1
47457 1
47489 1
47525 2
47545 1
47573 1
47605 1
47645 2
47657 1
47681 1
47737 1
47749 1
47753 2
47765 1
47821 1
47825 1
47857 1
47881 1
47885 5
47889 1
47921 1
47965 2
47969 1
47989 1
48017 1
48025 1
48037 1
48053 1
48061 1
48069 1
48105 1
48109 1
48113 1
48149 1
48177 1
48197 1
48265 1
48305 1
48325 1
48337 2
48365 2
48385 1
48401 1
48445 2
48473 1
48497 1
48505 1
48521 1
48529 1
48537 1
48541 1
48581 1
48605 1
48613 4
48625 2
48689 1
48781 1
48841 1
48845 2
48861 1
48865 2
48889 1
48893 1
48905 1
48929 1
49025 2
49045 3
49085 1
49129 1
49145 5
49165 1
49169 1
49185 2
49205 3
49213 1
49237 1
49241 2
49293 1
49309 1
49325 2
49333 1
49361 2
49417 1
49421 1
49429 1
49453 1
49465 1
49549 1
49561 1
49573 1
49637 1
49645 2
49669 1
49681 2
49705 1
49725 2
49769 1
49853 1
49925 1
50013 1
50029 1
50045 1
50157 1
50185 1
50225 1
50245 2
50257 2
50269 1
50273 2
50297 3
50333 1
50345 1
50377 1
50401 1
50425 1
50441 1
50453 3
50509 1
50557 1
50581 1
50609 2
50625 1
50629 1
50689 1
50725 1
50737 1
50845 1
50857 1
50861 1
50885 1
50905 1
50921 2
51001 1
51005 1
51061 1
51077 1
51085 1
51125 1
51133 1
51145 1
51157 2
51185 1
51245 2
51265 1
51301 1
51309 1
51325 1
51341 1
51425 2
51445 1
51453 1
51493 1
51533 1
51545 1
51665 1
51757 2
51769 1
51785 2
51805 1
51817 1
51845 1
51917 2
51929 1
51989 2
52009 1
52013 3
52021 1
52025 1
52033 2
52037 1
52065 1
52133 1
52153 2
52169 1
52205 1
52225 1
52249 1
52265 1
52289 1
52309 1
52321 1
52357 1
52369 1
52385 1
52425 1
52429 2
52433 1
52477 2
52489 1
52505 1
52529 1
52541 1
52553 1
52561 1
52577 1
52585 3
52609 1
52625 1
52637 2
52641 1
52685 1
52741 1
52749 1
52825 1
52849 1
52861 2
52865 2
52873 2
52901 1
52909 1
52925 1
52973 1
52985 2
52993 1
53005 2
53017 1
53069 1
53125 2
53129 1
53177 1
53225 3
53253 1
53269 1
53285 1
53329 2
53341 2
53357 1
53365 1
53425 3
53441 1
53465 1
53477 2
53505 3
53525 2
53569 1
53593 1
53617 1
53621 1
53645 1
53665 1
53677 1
53685 2
53717 1
53741 1
53761 1
53833 2
53901 1
53905 1
53945 1
53989 1
53993 1
54009 1
54013 2
54025 3
54037 2
54041 2
54045 1
54049 2
54113 1
54125 2
54145 2
54149 1
54185 1
54205 1
54225 2
54305 1
54317 1
54325 1
54329 1
54377 1
54389 1
54401 1
54449 1
54521 2
54545 2
54557 1
54569 1
54613 1
54657 1
54665 2
54793 1
54797 1
54805 1
54833 2
54841 1
54877 2
54893 1
54925 1
54941 2
54961 1
54965 1
54981 1
55073 1
55125 2
55133 1
55145 1
55193 1
55197 1
55217 1
55297 1
55301 1
55313 1
55321 1
55325 1
55345 2
55381 1
55445 2
55477 1
55505 1
55597 1
55621 1
55633 1
55673 1
55705 1
55709 1
55777 1
55793 2
55805 1
55829 1
55845 2
55861 1
55901 1
55981 1
55997 1
56033 1
56053 2
56101 1
56105 1
56129 2
56173 2
56205 2
56209 1
56225 1
56257 1
56277 1
56305 1
56313 1
56333 1
56377 1
56381 1
56405 2
56425 1
56437 1
56453 1
56457 1
56473 1
56493 1
56497 1
56509 1
56641 1
56677 1
56709 1
56745 1
56765 1
56785 1
56797 1
56813 1
56825 1
56853 1
56953 1
56965 1
57025 1
57033 2
57041 1
57065 5
57073 1
57085 1
57137 1
57157 3
57161 1
57173 1
57205 2
57317 2
57325 1
57341 1
57377 2
57413 1
57425 1
57473 1
57521 1
57557 1
57565 2
57601 1
57609 1
57613 2
57681 2
57689 2
57697 1
57721 1
57725 1
57733 1
57745 3
57769 1
57825 1
57901 1
57913 1
57917 1
57973 1
58049 1
58081 1
58105 1
58133 1
58145 6
58169 1
58217 1
58225 1
58277 1
58313 1
58325 1
58385 1
58393 1
58457 1
58473 1
58481 1
58525 1
58565 1
58585 1
58601 2
58633 1
58685 1
58725 1
58769 1
58825 1
58837 2
58853 1
58913 1
58937 1
58973 1
58981 1
59021 1
59045 1
59053 1
59089 1
59093 1
59141 2
59189 1
59273 1
59281 1
59321 1
59377 1
59405 1
59445 1
59453 2
59473 1
59485 1
59545 1
59581 1
59625 1
59657 1
59753 1
59769 2
59825 2
59833 1
59881 1
59921 2
59933 1
59977 1
59981 1
60029 1
60057 1
60061 1
60073 2
60085 2
60125 1
60161 1
60197 1
60201 1
60253 1
60273 1
60289 1
60349 1
60365 2
60373 1
60377 1
60385 1
60437 1
60509 1
60517 1
60541 2
60565 1
60597 1
60625 1
60649 1
60685 1
60721 2
60737 1
60761 1
60785 1
60809 1
60813 1
60817 1
60889 1
60985 1
61025 1
61049 1
61133 1
61181 2
61309 1
61353 1
61357 1
61381 1
61441 1
61489 2
61529 1
61585 1
61589 1
61601 1
61605 1
61717 1
61745 5
61785 1
61813 1
61821 1
61893 1
61973 1
62017 1
62033 1
62037 1
62057 1
62065 1
62101 2
62105 1
62141 1
62197 2
62257 1
62309 1
62325 1
62329 2
62437 1
62449 2
62501 1
62525 3
62561 1
62585 2
62593 1
62613 1
62621 1
62729 1
62917 2
62941 1
62945 2
62957 1
62965 1
63005 1
63037 1
63145 3
63157 2
63169 1
63197 1
63205 1
63225 1
63325 1
63341 1
63405 1
63409 1
63433 2
63493 1
63505 1
63557 1
63565 1
63605 1
63625 1
63629 1
63653 1
63689 2
63709 1
63729 1
63765 3
63817 1
63845 1
63865 1
63869 1
63925 1
63981 1
64025 1
64033 2
64081 2
64129 1
64181 1
64205 1
64213 1
64233 1
64345 1
64373 2
64445 1
64501 1
64525 1
64565 3
64597 1
64609 1
64685 3
64705 1
64741 1
64753 1
64765 1
64861 1
64873 1
64909 1
64997 1
65029 3
65033 1
65061 1
65105 1
65201 1
65221 1
65225 1
65309 1
65349 1
65353 1
65425 2
65465 1
65473 1
65477 1
65525 2
65533 1
65557 1
65601 1
65633 1
65705 1
65749 1
65773 2
65777 1
65825 1
65845 1
65885 1
65897 1
65905 1
65981 1
66041 1
66105 1
66125 1
66133 1
66193 1
66221 1
66365 1
66377 1
66413 1
66429 1
66445 1
66509 1
66529 1
66589 1
66625 2
66685 1
66721 1
66749 1
66753 1
66789 1
66833 1
66845 1
66853 1
66905 1
66949 1
67081 1
67097 2
67105 1
67117 1
67121 1
67141 1
67205 1
67337 1
67397 1
67401 1
67457 2
67509 1
67525 2
67561 1
67565 1
67601 1
67609 2
67625 1
67813 1
67865 1
67869 1
67913 1
67933 1
67981 1
67993 1
68093 1
68129 1
68137 1
68161 1
68185 1
68225 1
68265 2
68345 1
68365 1
68377 1
68401 1
68441 1
68525 2
68561 2
68729 1
68741 1
68773 1
68825 1
68833 1
68857 1
68933 1
69017 1
69121 1
69165 1
69185 1
69197 1
69221 1
69269 1
69281 2
69389 1
69449 1
69481 1
69493 1
69557 1
69665 2
69697 1
69721 1
69725 1
69745 1
69785 1
69845 3
69865 2
70001 1
70025 1
70065 1
70141 1
70165 1
70193 2
70225 1
70285 1
70289 1
70317 1
70381 1
70425 1
70465 1
70533 1
70589 1
70673 1
70709 1
70745 1
70765 2
70769 1
70793 1
70805 1
70825 2
70849 1
70921 1
70957 1
70969 1
71045 2
71077 1
71125 2
71149 1
71245 1
71249 1
71257 2
71261 1
71285 1
71305 2
71381 1
71425 1
71721 1
71825 1
71849 1
71965 1
71989 1
72001 1
72005 1
72049 1
72085 1
72189 1
72253 1
72341 1
72365 2
72449 2
72461 2
72529 1
72553 1
72557 1
72785 1
72845 1
72889 1
73053 1
73069 2
73225 1
73305 1
73345 1
73405 2
73457 1
73541 1
73565 1
73597 1
73637 1
73673 1
73693 1
73765 2
73961 1
73973 2
73989 1
73993 1
74033 1
74069 1
74125 1
74133 1
74161 1
74177 1
74293 1
74333 1
74345 1
74425 1
74457 1
74533 1
74665 2
74673 1
74825 1
74885 1
74889 1
74981 1
75073 1
75245 1
75301 2
75409 2
75413 1
75429 1
75505 1
75545 2
75569 1
75605 1
75625 1
75685 1
75701 1
75797 1
75881 1
75901 1
76129 1
76149 1
76165 1
76213 2
76257 1
76301 2
76345 1
76365 1
76381 1
76445 1
76457 1
76509 1
76525 1
76565 1
76585 1
76705 2
76765 2
76793 1
76869 1
76985 1
77009 1
77029 1
77125 1
77129 1
77173 1
77213 1
77225 1
77265 1
77269 1
77285 1
77293 1
77401 1
77537 1
77549 1
77573 1
77633 1
77741 1
77885 1
78013 1
78017 1
78053 1
78137 1
78209 1
78325 1
78401 1
78445 1
78557 2
78625 1
78677 1
78741 1
78761 1
78889 1
78997 1
79025 2
79033 1
79049 1
79153 1
79157 2
79361 1
79637 2
79645 1
79669 2
79721 2
79753 3
79781 1
79921 1
80125 1
80189 1
80257 1
80305 1
80317 1
80425 1
80469 1
80545 1
80573 1
80609 1
80821 1
80873 1
80965 1
80989 1
81017 1
81097 1
81261 1
81425 1
81553 1
81585 1
81625 1
81665 1
81693 1
81709 1
81801 1
81877 1
81913 2
82017 1
82153 1
82349 1
82417 2
82457 1
82637 1
82765 1
82769 1
82969 1
83005 1
83161 1
83165 1
83365 1
83369 1
83473 2
83705 2
83725 1
83749 1
83813 1
84101 1
84145 1
84325 1
84461 1
84505 1
84565 1
84625 1
84825 1
84877 1
84941 1
85021 1
85045 1
85105 1
85153 1
85289 1
85361 1
85473 1
85489 2
85501 1
85505 1
85517 1
85705 1
85765 1
85977 1
85985 1
86125 1
86281 1
86305 1
86593 1
86749 1
86837 1
87025 2
87057 1
87089 1
87125 1
87397 1
87613 1
87625 1
87737 1
87905 1
88153 1
88245 1
88301 1
88469 1
88577 1
88685 1
88885 1
88945 1
89037 1
89233 1
89297 1
89325 1
89437 1
89477 1
89641 1
90029 2
90049 1
90145 1
90353 1
90385 1
90401 1
90473 1
90605 1
90701 1
90721 1
90729 1
90925 1
90989 1
91145 1
91541 1
91613 1
91673 1
91757 1
91837 1
91845 1
92249 1
92293 1
92585 1
92773 1
92833 1
92965 1
93517 1
93545 1
93785 1
93889 1
93925 1
94025 1
94265 1
94285 1
94429 1
94453 1
94673 1
94849 1
94865 1
94957 1
94961 1
95225 1
95489 1
95677 1
95717 1
96241 1
96265 1
96289 1
96325 1
97121 1
97353 1
97569 1
97633 1
97705 1
97749 1
97969 1
98281 2
98397 1
98501 1
98605 1
98617 1
98657 1
98689 1
98701 1
98717 1
99025 1
99081 1
99241 1
99325 1
99413 1
99513 1
99637 1
99661 1
99725 1
99821 1
99865 1
99945 1
100069 1
100125 1
100189 1
100205 1
100445 1
100525 1
100685 1
100825 1
100973 1
101077 1
101105 1
101197 1
101405 1
101809 1
101905 1
101993 1
102317 1
102617 1
102989 1
103077 1
103105 1
103581 1
103689 1
103853 1
104409 1
104525 1
104585 1
104653 1
105185 1
105485 1
105885 1
106025 1
106405 1
106745 1
107377 1
107425 1
107869 1
108161 1
108641 1
108693 1
109633 1
110225 1
110785 1
110993 1
111025 1
111101 1
111357 1
111465 1
112345 1
112381 1
112757 1
112897 1
113013 1
113161 1
113165 1
114277 1
114309 1
114733 1
114745 1
115685 1
115925 1
116141 1
116533 1
116821 1
117181 1
117297 1
117745 1
118225 1
118345 1
119297 1
120465 1
120625 2
120797 1
121469 1
123169 1
124021 1
124133 1
125309 1
125485 1
127465 1
128845 1
128945 1
129161 1
129869 1
131125 1
131805 1
133325 1
134037 1
134825 1
137061 1
139529 1
140845 1
141025 1
141877 1
142601 1
143117 1
148801 1
156169 1
160345 1
163705 1
174205 1
177385 1
256973 1
278869 1
281605 1
296361 1
300109 1
306085 1
319285 1
337661 1
338585 1
339065 1
343669 1
343961 1
351317 1
352313 1
357185 1
358009 1
361105 1
361457 1
365261 1
366841 1
367921 1
368029 1
372997 1
373229 1
377845 1
377957 1
379577 1
381565 1
381665 1
382321 1
382493 1
382709 1
383737 1
384457 1
384497 1
384689 1
386425 1
386525 1
387605 1
389149 1
389425 1
389437 1
389665 1
392717 1
394101 1
394505 1
395753 1
398905 1
399325 1
399485 1
399593 1
399841 1
400381 1
403061 1
404577 1
405505 1
407069 1
407165 1
407573 1
407585 1
409105 1
411809 1
412165 1
412493 1
412777 1
412981 1
415025 1
415045 1
416945 1
417005 1
417925 1
418141 1
419161 1
419557 1
420129 1
421601 1
421805 1
422077 1
422713 1
424057 1
424393 1
424705 1
425545 1
425945 1
426025 1
427853 1
428245 1
428341 1
428825 1
430421 1
431353 1
431525 1
432265 1
433133 1
434501 1
434565 1
434801 1
435601 1
436041 1
437165 1
437585 1
437821 1
438413 1
438985 1
440053 1
440453 1
440945 1
441425 1
441685 1
442229 1
443845 1
444145 1
444365 1
444645 1
444989 1
445033 1
445913 1
445957 1
446225 1
447661 1
447817 1
449429 1
449797 1
450725 1
451609 1
451665 1
453605 1
453961 1
454597 1
455553 1
455769 1
457057 1
458333 1
458657 1
458809 1
459853 1
461057 1
461141 1
461297 1
461905 1
462337 1
462449 1
463345 1
463745 1
464161 1
464201 1
466813 1
466973 1
467045 1
469613 1
469901 1
470709 1
472069 1
472993 1
473321 1
473633 1
473733 2
474757 1
475121 1
475621 1
477625 1
479025 1
479905 1
479953 1
480197 1
482013 1
483353 1
484417 1
491101 1
492301 1
494537 1
494653 1
495653 1
497169 1
497569 1
499993 1
502685 1
502877 1
504389 1
504797 1
507113 1
511165 1
512569 1
513097 1
515813 1
515849 1
517217 1
518929 1
518989 1
519877 1
524225 1
524617 1
527437 1
528445 1
530557 1
530945 1
537433 1
538805 1
540049 1
546221 1
547321 1
549513 1
553657 1
556517 1
564401 1
611473 1
855145 1
888929 1
935581 1
955973 1
974033 1
975221 1
998005 1
1001089 1
1004173 1
1013261 1
1024769 1
1026425 1
1035421 1
1036593 1
1049801 1
1056865 1
1059185 1
1065877 1
1075565 1
1078073 1
1084581 1
1087045 1
1087849 1
1094237 1
1095797 1
1098385 1
1102337 1
1104309 1
1104545 1
1106537 1
1114397 1
1121213 1
1129165 1
1136477 1
1136857 1
1148869 1
1151333 1
1151665 1
1152485 1
1154101 1
1156025 1
1170121 1
1173213 1
1177657 1
1180525 1
1190537 1
1194973 1
1197793 1
1199349 1
1214453 1
1231157 1
1249289 1
1332325 1
1344213 1
1447613 1
1635685 1
1670281 1
2115341 1
2259685 1
2271517 1
2307281 1
2308045 1
2320429 1
2328541 1
2336009 1
2390341 1
2390741 1
2393109 1
2402317 1
2406989 1
2410069 1
2418169 1
2422505 1
2423537 1
2425405 1
2426013 1
2430389 1
2437205 1
2440805 1
2444465 1
2455605 1
2457253 1
2462105 1
2465125 1
2466421 1
2467925 1
2475005 1
2490293 1
2491453 1
2492705 1
2495005 1
2498801 1
2500585 1
2506145 1
2507305 1
2508193 1
2508805 1
2512289 1
2518877 1
2521021 1
2522169 1
2530393 1
2530909 1
2533397 1
2534633 1
2536313 2
2542205 1
2545625 1
2546765 1
2549065 1
2550241 1
2550893 1
2553685 1
2556817 1
2560441 1
2561681 1
2564497 1
2564965 1
2568085 1
2574185 1
2574509 1
2579285 1
2579765 1
2580381 1
2583473 1
2585785 1
2589781 1
2592109 1
2592481 1
2595997 1
2597085 1
2597257 1
2598553 2
2602553 1
2604785 1
2604905 1
2606085 1
2607597 1
2610341 1
2612417 1
2615013 1
2618653 1
2618765 1
2620325 1
2624929 1
2626081 1
2628041 1
2634601 1
2641921 1
2643885 1
2650553 1
2651345 1
2654901 1
2655405 1
2655425 1
2655945 1
2658125 1
2660945 1
2662277 1
2662525 1
2665061 1
2665741 1
2667013 1
2670797 1
2671313 1
2671805 1
2674381 1
2674789 1
2675341 1
2677225 1
2685853 1
2687765 1
2687805 1
2696017 1
2704813 1
2706029 1
2706601 1
2709341 1
2710541 1
2711501 1
2712797 1
2713009 1
2713509 1
2720129 1
2722565 1
2725837 1
2728037 1
2730625 1
2732129 1
2734729 1
2735325 1
2741645 1
2741941 1
2741957 1
2742161 1
2743381 1
2745665 1
2746549 1
2747953 1
2749693 1
2749905 1
2752477 1
2755645 1
2758925 2
2763017 1
2764625 1
2766733 1
2767869 1
2772377 1
2772421 1
2774529 1
2776817 1
2783789 1
2784581 1
2786717 1
2789113 1
2790553 1
2793661 1
2796085 1
2799065 1
2799253 1
2800225 1
2803117 1
2811473 1
2812473 1
2818085 1
2822401 1
2826437 1
2829605 1
2829853 1
2832149 1
2845973 1
2863125 1
2865465 1
2870597 1
2875729 1
2882041 1
2882657 1
2896105 1
2899801 1
2903977 1
2905109 1
2907841 1
2925305 1
2928425 1
2958449 1
2961685 1
2965293 1
2969213 1
2969405 1
2972617 1
2972705 1
2974201 1
2974985 1
2979517 1
2982673 1
2989233 1
3009565 1
3012593 1
3013777 1
3018325 1
3029293 1
3035189 1
3042133 1
3044773 1
3046181 1
3076741 1
3077605 1
3083657 1
3084085 1
3084497 1
3084625 1
3085801 1
3087149 1
3089241 1
3093589 1
3094225 1
3094981 1
3095681 1
3096493 1
3097889 1
3098561 1
3101125 1
3101321 1
3101477 1
3102021 1
3106669 1
3109049 1
3110573 1
3111769 1
3112213 1
3113945 1
3121357 1
3122545 1
3122613 1
3124053 1
3125981 1
3127193 1
3132065 1
3132909 1
3132961 1
3136085 1
3136637 1
3141353 1
3143545 1
3145657 1
3145833 1
3148037 1
3148597 2
3149477 1
3154705 1
3154801 1
3159217 1
3159397 1
3161645 1
3164453 1
3165037 1
3165253 1
3170617 1
3172285 1
3174265 1
3176149 1
3180605 1
3187521 1
3192457 1
3193625 1
3195829 1
3196357 1
3205469 1
3210029 1
3214513 1
3214985 1
3221873 1
3225161 1
3230973 1
3231145 1
3233645 2
3243413 1
3243745 1
3259457 1
3259745 1
3265505 1
3273713 1
3276269 1
3281017 1
3283565 1
3294821 1
3295989 1
3296185 1
3297821 1
3316889 1
3321205 1
3324929 1
3358433 1
3425857 1
3466285 1
3481585 1
3482777 1
4048153 1
4457105 1
4574765 1
4589357 1
4744229 1
4761133 1
4845301 1
5017217 1
5022361 1
5026589 1
5275841 1
5308641 1
5443565 1
5849125 1
6135617 1
6145637 1
6165689 1
6171625 1
6230377 1
6240013 1
6260053 1
6285065 1
6320277 1
6355841 1
6365629 1
6416153 1
6538925 1
6631525 1
6646205 1
6667813 1
6703945 1
6822833 1
7036353 1
7061953 1
7087765 1
7102481 1
7182761 1
7182929 1
7213581 1
7215125 1
7232485 1
7281909 1
7306405 1
7324837 1
7367165 1
7387565 1
7405605 1
7409909 1
7437973 1
7495013 1
7513865 1
7568325 1
7586541 1
7596497 1
7607525 1
7641913 1
7712885 1
7785325 1
7823693 1
7885089 1
7965893 1
7997873 1
8057053 1
9715753 1
9740965 1
9784553 1
9809433 1
9815945 1
9841253 1
9847053 1
9872173 1
9935129 1
9941809 1
9985601 1
9998253 1
10485373 1
10688297 1
