N J h mean_R_sq err_mean_R_sq mean_R_gyr_sq err_mean_R_gyr_sq 
1225 1.45 0 1078 19.8357 310.195 1.23089
2 2
4 2
8 3
10 7
16 2
18 5
20 9
26 7
32 6
34 8
36 6
40 11
50 22
52 9
58 20
64 4
68 10
72 6
74 13
80 8
82 14
90 16
98 6
100 24
104 11
106 12
116 10
122 7
128 9
130 29
136 14
144 4
146 13
148 13
160 12
162 8
164 9
170 23
178 13
180 14
194 12
196 7
200 22
202 12
208 8
212 12
218 16
226 18
232 19
234 15
242 12
244 9
250 27
256 7
260 27
272 15
274 11
288 5
290 27
292 7
296 16
298 14
306 13
314 15
320 20
324 3
328 15
338 20
340 20
346 10
356 12
360 10
362 9
370 12
386 11
388 9
392 7
394 14
400 15
404 16
410 18
416 12
424 13
436 10
442 19
450 16
452 5
458 16
464 8
466 12
468 14
482 15
484 5
488 15
490 7
500 22
512 4
514 11
520 25
522 12
530 25
538 7
544 10
548 14
554 8
562 10
576 2
578 16
580 19
584 13
586 8
592 21
596 6
610 23
612 14
626 11
628 11
634 6
640 16
648 1
650 29
656 9
666 9
674 14
676 13
680 20
692 10
698 11
706 8
712 6
720 10
722 5
724 16
730 24
738 11
740 16
746 13
754 24
772 14
776 4
778 2
784 6
788 11
794 10
800 11
802 8
808 7
810 9
818 10
820 20
832 6
842 12
848 7
850 25
866 8
872 10
882 6
884 16
890 11
898 7
900 12
904 10
914 10
916 10
922 5
928 9
932 9
936 6
954 7
962 24
964 7
968 6
970 18
976 6
980 5
986 20
1000 14
1010 15
1018 8
1024 3
1028 3
1040 17
1042 7
1044 7
1058 3
1060 15
1066 15
1076 14
1082 12
1088 7
1090 15
1096 3
1098 5
1108 9
1114 8
1124 7
1130 14
1138 9
1152 2
1154 5
1156 7
1160 11
1168 2
1170 14
1172 7
1184 6
1186 10
1192 11
1202 9
1210 7
1220 10
1224 8
1226 10
1234 9
1250 12
1252 7
1256 3
1258 15
1268 7
1274 8
1280 6
1282 7
1296 2
1300 20
1306 5
1312 9
1314 3
1322 6
1332 6
1346 5
1348 4
1352 5
1354 5
1360 7
1370 10
1378 9
1384 2
1394 14
1396 6
1402 5
1412 4
1418 4
1424 3
1440 5
1444 7
1448 3
1450 20
1458 6
1460 3
1466 8
1476 4
1480 10
1490 7
1492 4
1508 7
1514 3
1530 7
1538 7
1544 3
1546 5
1552 9
1556 6
1568 1
1570 6
1576 10
1586 8
1588 9
1594 6
1600 9
1602 4
1604 1
1616 2
1618 2
1620 4
1636 1
1640 7
1642 6
1658 2
1664 6
1666 8
1682 2
1684 5
1690 11
1696 5
1700 18
1706 3
1714 8
1730 9
1732 5
1744 3
1746 5
1754 3
1762 2
1764 2
1768 4
1780 4
1796 5
1800 5
1802 6
1808 3
1810 11
1818 3
1828 5
1832 3
1844 2
1850 9
1856 5
1858 2
1864 3
1872 3
1874 3
1882 5
1898 10
1906 2
1908 1
1922 1
1924 3
1928 3
1930 8
1936 1
1940 6
1952 2
1954 1
1960 7
1962 4
1970 6
1972 9
1994 4
2000 6
2018 3
2020 4
2026 2
2034 5
2036 2
2042 3
2048 4
2050 6
2056 2
2066 3
2074 6
2080 5
2084 3
2098 3
2106 1
2116 3
2120 5
2132 7
2138 1
2146 5
2152 5
2164 1
2176 4
2178 1
2180 4
2192 2
2194 3
2196 2
2210 5
2216 2
2218 1
2228 4
2234 3
2248 2
2250 1
2260 3
2276 2
2290 5
2306 1
2308 4
2312 2
2314 5
2320 4
2330 6
2336 2
2340 6
2344 1
2362 2
2368 2
2372 3
2378 4
2384 3
2386 1
2402 3
2404 3
2410 3
2420 4
2426 2
2434 2
2440 7
2448 1
2452 3
2466 4
2498 2
2504 1
2512 3
2516 4
2522 1
2548 1
2554 2
2560 1
2570 7
2578 1
2592 2
2594 1
2600 6
2602 3
2610 4
2612 2
2624 2
2626 1
2642 1
2644 2
2650 3
2664 3
2682 1
2690 1
2692 1
2696 1
2704 4
2708 1
2720 1
2722 1
2738 1
2740 4
2756 3
2762 1
2770 3
2788 2
2804 2
2810 2
2818 2
2824 2
2826 3
2834 1
2842 1
2848 1
2858 1
2866 1
2880 1
2890 4
2900 4
2906 2
2920 2
2930 5
2938 1
2952 2
2960 5
2962 1
2980 3
2984 2
2986 2
3016 3
3026 3
3028 2
3034 3
3042 1
3044 2
3050 2
3060 1
3092 2
3104 1
3106 2
3112 2
3114 1
3130 1
3140 3
3152 2
3170 1
3188 1
3200 1
3202 2
3204 1
3226 1
3232 2
3236 2
3250 6
3258 1
3274 1
3280 1
3284 3
3298 6
3330 3
3332 2
3338 2
3380 2
3394 1
3400 2
3418 2
3460 1
3488 3
3492 1
3506 1
3524 2
3530 1
3536 3
3560 1
3562 1
3600 1
3604 1
3610 1
3650 1
3656 1
3664 1
3688 1
3690 1
3700 1
3716 1
3728 1
3730 2
3746 1
3770 1
3778 1
3796 2
3812 1
3826 1
3842 1
3848 1
3866 1
3872 1
3874 1
3880 3
3922 1
3924 1
3944 1
4000 1
4036 1
4058 1
4100 1
4148 1
4168 1
4194 1
4226 1
4234 1
4240 1
4250 2
4276 2
4322 2
4330 2
4346 1
4360 2
4388 2
4436 1
4442 1
4496 1
4538 1
4546 2
4706 1
4762 1
4768 1
4772 1
4948 1
4964 1
4996 1
5000 1
5042 1
5066 1
5122 2
5188 1
5200 1
5204 1
5234 1
5338 1
5540 1
5602 1
5620 1
5666 1
5746 2
5850 1
5864 1
5954 1
6400 1
6602 1
6836 1
7930 1
8692 1
