N J h mean_R_sq err_mean_R_sq mean_R_gyr_sq err_mean_R_gyr_sq 
3600 1.42 0 6223.06 2976.1 1344.99 398.061
9 2
17 2
25 2
41 2
49 1
61 1
65 4
81 1
85 3
109 1
125 2
145 2
169 1
185 1
221 3
233 1
265 2
277 2
281 3
289 3
293 2
305 1
325 1
333 1
337 1
349 3
353 1
365 2
373 1
377 2
389 3
401 2
421 2
445 3
449 2
477 1
481 2
485 3
493 3
505 3
509 1
521 1
529 1
533 1
541 1
545 4
549 2
557 3
565 1
577 1
593 1
605 3
613 3
625 1
629 2
641 1
653 2
673 1
685 2
689 4
725 1
729 1
733 2
745 2
757 2
765 2
769 1
773 1
785 3
797 1
801 2
809 1
821 1
829 1
841 2
845 2
857 1
901 1
909 1
925 4
929 1
949 1
965 4
977 2
997 2
1025 4
1037 2
1049 2
1073 1
1097 1
1105 3
1109 2
1117 1
1125 3
1145 1
1153 1
1157 4
1165 3
1189 1
1205 2
1225 2
1233 2
1237 1
1241 2
1249 2
1261 3
1277 2
1285 1
1289 1
1297 1
1301 1
1305 2
1313 2
1321 1
1325 2
1341 1
1345 2
1361 1
1369 2
1373 3
1377 1
1385 2
1405 2
1429 1
1445 5
1453 1
1465 2
1469 1
1481 1
1493 1
1517 2
1525 2
1537 2
1557 2
1565 3
1585 3
1597 1
1609 2
1613 1
1625 2
1637 2
1649 2
1665 2
1681 1
1685 3
1709 1
1717 1
1721 1
1741 1
1745 4
1765 1
1769 2
1773 1
1781 2
1789 1
1825 3
1873 1
1877 3
1885 1
1913 1
1921 1
1933 1
1937 3
1945 1
1961 3
1973 2
1985 1
1989 1
1993 1
2005 1
2025 1
2029 1
2041 1
2045 1
2057 1
2069 1
2089 1
2105 2
2113 1
2117 3
2125 2
2129 1
2141 1
2161 1
2169 2
2205 2
2225 2
2237 1
2249 4
2257 2
2269 1
2273 1
2281 2
2285 1
2293 1
2305 1
2309 1
2329 2
2353 1
2357 1
2385 2
2389 2
2405 5
2417 1
2425 3
2437 2
2441 1
2465 2
2473 1
2493 1
2501 2
2525 3
2529 1
2561 1
2617 1
2621 1
2637 2
2665 3
2689 1
2725 3
2729 1
2741 2
2749 2
2753 1
2785 1
2801 1
2809 1
2813 2
2817 1
2825 1
2833 1
2853 1
2857 1
2861 2
2873 2
2885 1
2897 2
2917 2
2929 2
2941 1
2989 1
3005 3
3029 1
3077 1
3085 2
3089 2
3109 3
3125 5
3133 1
3145 3
3177 1
3205 5
3221 1
3233 1
3257 1
3265 2
3277 2
3281 1
3285 2
3301 2
3349 2
3365 1
3385 1
3393 1
3413 1
3425 3
3433 1
3445 2
3449 1
3505 1
3517 2
3581 1
3589 1
3609 1
3613 1
3625 1
3649 1
3653 1
3697 1
3709 1
3725 1
3737 1
3757 5
3785 1
3789 2
3809 1
3821 1
3825 2
3833 1
3853 1
3865 1
3869 1
3893 2
3925 1
3961 1
3965 1
4005 1
4045 1
4093 1
4113 1
4121 1
4129 2
4145 1
4153 1
4157 1
4201 1
4205 2
4253 1
4265 4
4285 1
4297 1
4321 1
4325 3
4329 2
4365 1
4369 1
4441 1
4505 2
4517 1
4537 1
4553 1
4621 1
4625 2
4633 4
4709 2
4729 1
4765 2
4797 1
4813 1
4825 2
4861 1
4869 1
4901 1
4913 1
4925 1
4957 1
4981 1
5009 1
5013 1
5017 3
5045 2
5057 1
5077 1
5085 1
5101 1
5121 1
5125 1
5141 1
5185 2
5249 1
5265 1
5305 1
5309 1
5321 1
5353 1
5365 1
5389 1
5393 1
5429 2
5473 2
5485 1
5525 4
5537 1
5553 2
5597 1
5617 1
5629 1
5653 1
5657 1
5693 1
5713 1
5725 1
5749 1
5769 1
5785 1
5813 1
5821 1
5825 1
5837 1
5849 1
5945 2
5981 1
5989 1
5993 1
6145 1
6185 1
6197 1
6245 1
6305 1
6329 1
6389 1
6409 1
6425 1
6485 1
6505 1
6605 2
6697 1
6885 1
7025 1
7085 1
7137 2
7177 1
7193 1
7225 1
7325 1
7361 1
7397 2
7421 1
7517 1
7565 1
7589 1
7633 1
7769 1
7785 1
7813 1
7825 1
7853 1
7857 1
7893 1
8101 1
8269 1
8325 1
8465 1
8545 1
8585 1
8629 1
8685 1
8725 1
8825 1
8849 1
8885 1
8893 1
8941 2
8989 1
9113 1
9225 1
9265 1
9305 1
9349 1
9533 1
9985 1
10225 1
10501 1
10865 2
11465 1
11645 1
11905 1
12105 1
12953 1
13225 1
13957 1
14005 1
14125 1
14305 1
15025 1
16705 1
295525 1
841081 1
892361 1
