N J h mean_R_sq err_mean_R_sq mean_R_gyr_sq err_mean_R_gyr_sq 
10000 1.405 0 422739 363722 48622.6 40582.3
181 1
677 1
809 1
941 1
1261 1
1405 1
1489 1
1553 1
1665 1
1681 1
2173 1
2209 1
2393 1
2581 1
2665 2
2941 1
3301 1
3425 1
3677 1
3701 1
3733 1
3865 1
4181 1
4321 1
4369 1
4457 1
4777 1
4901 1
4973 1
5085 1
5557 1
5661 1
5917 1
6197 1
6229 1
6253 1
6485 1
6649 1
7069 1
7309 1
7865 1
7925 1
8081 1
8573 1
8653 1
9169 1
9245 1
9881 1
10181 1
10889 1
11461 1
11705 1
11713 1
12105 1
12785 1
12913 1
15185 1
15761 2
15905 1
16153 1
16385 1
17753 1
17909 1
17965 1
18229 1
20457 1
21125 1
24137 1
28121 1
36545 1
56277 1
64597 1
94913 1
105713 1
115781 1
131805 1
138785 1
159281 1
163073 1
168145 1
183913 1
191185 1
280809 1
297169 1
311485 1
311593 1
312749 1
318265 1
350545 1
405869 1
1527013 1
3493913 1
3541525 1
3830045 1
4020925 1
9181069 1
10251585 1
