N J h mean_R_sq err_mean_R_sq mean_R_gyr_sq err_mean_R_gyr_sq 
1600 1.344 0 7596.28 436.937 1310.73 43.1389
29 1
117 1
137 1
281 2
293 1
325 1
425 2
613 1
657 1
677 1
697 1
765 1
785 1
797 1
801 1
829 1
845 1
853 1
909 1
925 1
937 1
1017 2
1069 1
1093 1
1105 1
1145 1
1189 2
1205 2
1285 1
1369 1
1405 1
1469 1
1537 1
1549 1
1585 2
1613 2
1629 1
1637 1
1657 1
1665 1
1753 1
1801 1
1845 1
1949 1
1973 1
2061 1
2117 1
2141 1
2165 1
2269 1
2273 1
2285 1
2425 1
2509 1
2533 1
2665 2
2701 1
2809 1
2813 1
2861 2
2873 1
2885 1
2897 1
3085 1
3109 1
3169 1
3209 1
3253 1
3305 2
3321 1
3349 1
3469 2
3505 1
3545 1
3557 1
3577 1
3593 1
3601 2
3613 1
3721 1
3725 1
3737 1
3757 1
3825 1
3889 1
3917 1
3965 1
3985 1
4013 1
4121 1
4265 1
4453 1
4489 1
4573 1
4589 1
4621 1
4649 1
4705 2
4717 1
4825 1
4849 1
4885 1
4901 1
4933 1
4981 1
4985 1
5013 1
5125 1
5165 1
5245 1
5261 1
5273 1
5281 1
5305 1
5345 1
5365 1
5437 1
5465 1
5485 1
5625 1
5653 1
5717 1
5765 1
5849 1
5857 1
5913 2
5933 1
5945 1
6037 1
6253 1
6305 1
6309 1
6317 1
6385 1
6473 1
6521 1
6529 1
6613 1
6625 1
6701 1
6713 1
6749 1
6793 1
6813 1
6865 1
6893 1
7001 1
7045 2
7121 1
7137 1
7141 1
7157 1
7225 1
7241 1
7349 1
7373 1
7561 1
7573 1
7585 1
7685 2
7765 1
7785 1
7837 1
7841 1
7853 1
7921 1
7937 1
7985 1
8033 1
8065 1
8145 1
8177 1
8245 2
8249 1
8269 2
8281 1
8325 1
8361 1
8425 1
8433 1
8473 1
8581 1
8609 1
8725 1
8765 1
8801 1
8837 1
8849 1
8905 1
8941 1
8973 1
9133 1
9225 1
9277 1
9305 1
9325 1
9409 1
9497 1
9509 1
9553 1
9665 1
9725 1
9745 1
9769 1
9773 1
9893 1
10009 1
10069 1
10345 1
10397 1
10529 1
10573 2
10705 1
10709 1
11105 1
11401 1
11525 1
11565 1
11645 1
11665 1
11681 1
11713 1
11785 3
12113 1
12321 1
12805 1
12861 1
12973 1
13061 3
13337 1
13617 1
13625 1
14125 1
14177 1
14197 1
14221 1
14357 1
14369 1
15025 1
15361 1
15481 1
15921 1
16029 1
16081 1
16153 1
16165 1
16465 1
16717 1
16745 1
16865 1
17069 1
17137 1
17177 1
17245 1
17645 1
17725 1
18005 1
19289 1
20245 1
20665 1
20849 1
20981 1
21465 1
21557 1
21661 1
22565 1
22765 1
23481 1
24161 1
24949 1
26469 1
27685 1
28081 1
28845 1
32309 1
33073 1
