N J h mean_R_sq err_mean_R_sq mean_R_gyr_sq err_mean_R_gyr_sq 
4900 1.409 0 40559.9 35579.5 6859.3 5436.78
1 1
25 3
41 1
45 2
49 1
53 2
61 2
65 1
73 1
85 2
89 5
97 1
101 2
109 2
113 3
117 2
121 1
125 2
137 2
145 4
149 2
153 1
157 3
169 3
181 1
185 1
193 3
197 2
205 4
221 2
225 3
229 2
233 2
241 3
245 1
257 1
261 2
265 4
269 1
277 3
281 3
289 1
305 4
317 2
325 5
333 1
337 2
349 2
353 3
365 5
369 1
373 2
377 3
389 1
397 3
401 6
409 3
421 1
425 5
433 1
445 3
457 3
461 4
477 1
481 4
485 3
493 5
505 3
509 4
529 1
533 4
541 2
545 3
549 1
557 2
565 5
569 4
577 2
585 6
593 3
601 1
605 2
613 2
617 1
625 3
629 3
641 1
653 1
657 1
661 2
673 2
677 1
685 2
689 1
697 5
701 3
709 3
725 8
733 2
745 10
757 4
761 2
765 3
769 1
773 1
785 2
793 5
797 3
801 2
809 2
821 1
829 2
833 3
841 3
845 5
857 3
865 2
873 4
881 1
901 3
905 1
909 1
925 5
929 1
937 2
941 1
949 1
953 2
961 2
965 8
977 1
981 4
985 4
1013 3
1021 1
1025 4
1037 3
1049 2
1053 2
1061 5
1069 3
1073 2
1093 4
1097 2
1105 9
1109 1
1125 6
1129 1
1145 3
1157 2
1165 3
1181 2
1189 2
1193 1
1201 2
1205 4
1213 2
1217 2
1225 1
1229 2
1233 1
1241 11
1249 1
1261 5
1277 4
1285 4
1297 2
1301 3
1305 2
1313 3
1321 2
1325 8
1345 2
1361 1
1369 4
1373 2
1381 1
1405 6
1409 4
1413 1
1417 2
1421 1
1429 2
1433 1
1445 5
1453 1
1465 2
1469 1
1481 1
1489 2
1513 4
1517 4
1521 3
1525 3
1537 4
1549 1
1553 1
1557 2
1565 5
1573 2
1585 1
1597 1
1601 3
1609 1
1613 1
1625 6
1629 3
1637 2
1649 4
1657 4
1665 4
1669 1
1685 1
1693 1
1697 2
1709 1
1717 2
1721 1
1733 3
1737 1
1741 3
1745 6
1765 3
1769 2
1773 4
1777 1
1781 3
1789 3
1801 3
1805 1
1813 2
1825 6
1845 1
1853 1
1865 5
1873 2
1877 2
1885 9
1889 2
1901 1
1913 2
1921 8
1933 1
1945 4
1949 3
1961 8
1985 7
1989 3
1993 3
1997 2
2005 2
2017 2
2025 2
2029 1
2041 3
2045 4
2053 1
2057 3
2061 2
2069 2
2081 2
2089 2
2097 2
2105 3
2113 2
2117 3
2125 8
2129 2
2137 2
2141 1
2153 1
2161 2
2165 1
2169 2
2173 3
2197 1
2205 1
2213 1
2221 1
2225 2
2245 4
2249 3
2257 5
2269 1
2285 2
2293 1
2297 1
2305 4
2313 2
2329 2
2333 1
2353 2
2357 2
2381 2
2385 2
2393 1
2401 1
2405 9
2421 1
2425 2
2441 2
2465 11
2473 2
2493 1
2501 4
2509 6
2521 1
2525 7
2533 3
2545 2
2557 3
2561 2
2581 3
2593 1
2597 3
2601 1
2605 5
2609 2
2617 1
2621 3
2645 2
2657 1
2665 6
2693 2
2701 3
2705 3
2725 4
2741 1
2749 1
2753 1
2777 3
2785 3
2789 3
2797 1
2801 2
2809 2
2813 3
2817 1
2825 5
2833 1
2845 1
2853 1
2861 2
2873 3
2885 2
2897 2
2909 1
2917 1
2925 2
2929 3
2941 2
2953 1
2957 3
2965 4
2969 2
2977 5
2989 2
2993 5
2997 1
3001 1
3005 2
3025 2
3029 3
3033 1
3037 2
3041 2
3049 2
3077 1
3085 1
3109 2
3121 1
3125 2
3133 1
3137 1
3141 2
3145 4
3161 1
3177 2
3181 1
3185 1
3205 2
3209 1
3229 1
3233 3
3249 1
3253 2
3257 2
3265 4
3277 6
3281 1
3285 1
3293 1
3301 2
3305 1
3321 2
3329 1
3341 2
3349 5
3357 2
3365 4
3373 2
3385 3
3393 3
3425 3
3433 3
3445 2
3449 4
3461 4
3469 2
3485 7
3501 2
3505 2
3517 2
3533 3
3541 3
3545 3
3573 2
3577 2
3589 6
3601 2
3609 2
3625 7
3645 3
3649 1
3653 3
3709 2
3721 2
3725 1
3733 1
3737 2
3757 6
3785 2
3789 1
3793 1
3805 2
3809 1
3825 2
3833 1
3845 3
3853 5
3865 3
3869 1
3893 1
3897 1
3917 1
3925 6
3961 3
3965 3
3969 1
3973 3
3977 4
3985 3
3989 2
4001 1
4005 3
4021 1
4033 1
4049 3
4093 1
4097 5
4105 3
4113 1
4121 2
4129 1
4141 2
4145 1
4165 5
4177 1
4181 2
4201 1
4205 6
4225 5
4229 1
4253 1
4261 1
4273 1
4285 4
4289 3
4293 1
4297 2
4325 3
4329 2
4357 2
4365 1
4381 3
4385 2
4405 1
4437 2
4441 1
4453 1
4469 5
4481 1
4489 1
4493 2
4505 5
4513 1
4517 1
4525 4
4537 4
4545 1
4549 1
4553 6
4561 1
4573 2
4581 1
4589 2
4597 2
4621 1
4625 5
4633 3
4637 1
4645 3
4649 2
4685 1
4689 1
4693 1
4705 1
4709 5
4717 4
4745 2
4765 1
4777 2
4789 2
4793 2
4797 2
4825 4
4849 2
4861 2
4869 1
4877 2
4885 5
4889 6
4901 2
4905 3
4909 2
4913 3
4925 4
4937 1
4941 1
4973 1
4985 3
4993 1
5009 1
5013 1
5017 4
5045 2
5057 1
5065 2
5069 3
5077 1
5085 3
5105 1
5113 1
5125 3
5153 1
5161 1
5165 1
5185 2
5193 1
5197 2
5209 2
5213 1
5245 4
5249 4
5261 1
5265 4
5273 3
5281 1
5297 2
5309 2
5317 5
5321 4
5329 1
5333 1
5337 1
5345 3
5353 2
5365 2
5381 2
5389 2
5393 3
5413 1
5429 3
5437 2
5441 1
5445 4
5449 1
5465 1
5473 1
5485 2
5513 2
5517 1
5525 6
5545 2
5557 1
5573 2
5597 2
5617 1
5625 1
5629 1
5641 2
5653 4
5689 1
5693 3
5701 1
5713 2
5725 2
5729 5
5737 1
5765 2
5769 1
5777 2
5785 4
5801 2
5809 4
5813 1
5825 1
5837 2
5849 1
5869 1
5881 1
5897 2
5905 2
5917 2
5941 1
5945 1
5949 1
5965 2
5989 2
5993 2
6001 1
6005 2
6025 4
6029 3
6037 3
6053 1
6065 3
6073 1
6085 3
6101 1
6113 1
6121 1
6125 2
6133 2
6137 2
6145 2
6161 1
6185 1
6197 1
6205 3
6221 1
6245 2
6269 1
6273 1
6277 1
6305 2
6309 2
6317 1
6341 2
6353 1
6361 2
6385 1
6389 2
6397 1
6401 2
6409 2
6421 2
6437 1
6445 2
6449 2
6469 1
6485 2
6497 2
6505 1
6521 1
6529 1
6565 2
6597 2
6605 1
6613 1
6625 3
6637 1
6641 2
6689 1
6697 3
6705 2
6725 1
6733 2
6757 1
6773 5
6781 1
6793 1
6805 1
6813 1
6841 1
6845 1
6857 1
6865 1
6869 2
6893 1
6917 2
6925 3
6929 2
6949 1
6953 2
6957 1
6961 1
6989 2
7001 1
7013 1
7025 2
7033 1
7045 2
7081 2
7085 3
7093 2
7105 2
7109 1
7121 1
7129 1
7137 1
7141 1
7157 1
7165 2
7173 1
7209 1
7225 1
7229 1
7261 1
7297 1
7325 1
7345 5
7349 2
7361 1
7373 2
7397 1
7405 1
7417 1
7421 2
7453 1
7457 1
7477 1
7489 2
7497 1
7501 2
7529 2
7537 1
7541 1
7565 6
7569 1
7585 1
7605 1
7625 3
7633 2
7677 2
7681 1
7685 1
7709 2
7717 1
7745 3
7753 1
7765 1
7769 1
7785 1
7813 1
7825 3
7829 1
7837 1
7841 1
7853 2
7857 2
7865 2
7877 1
7925 1
7969 1
8017 1
8033 1
8065 1
8069 2
8101 1
8105 3
8109 2
8125 1
8145 1
8161 1
8177 4
8233 3
8237 1
8245 2
8249 2
8281 1
8321 2
8325 1
8353 2
8357 1
8361 1
8377 2
8381 4
8389 1
8405 1
8425 2
8465 2
8473 1
8477 1
8513 1
8541 1
8545 1
8577 1
8585 1
8605 1
8609 1
8621 1
8633 2
8641 1
8705 2
8713 1
8725 1
8821 1
8829 1
8845 3
8849 1
8861 1
8885 1
8893 1
8905 1
8917 1
8957 1
8989 1
9001 1
9025 1
9081 1
9089 1
9109 1
9125 1
9137 1
9225 2
9265 1
9281 1
9297 2
9337 1
9389 1
9425 1
9457 1
9461 1
9473 2
9497 1
9505 2
9521 1
9529 1
9605 1
9613 1
9685 2
9689 1
9725 1
9745 1
9769 2
9797 1
9805 1
9809 1
9817 1
9841 1
9873 2
9893 1
9941 1
9945 2
9985 1
10009 1
10025 2
10045 2
10057 1
10093 1
10217 1
10225 1
10229 1
10301 1
10305 1
10337 1
10345 1
10357 1
10361 2
10397 1
10413 2
10421 1
10453 1
10469 1
10477 1
10501 1
10513 1
10517 1
10525 1
10529 1
10585 1
10597 1
10613 1
10629 1
10657 2
10685 1
10693 1
10729 1
10753 1
10777 1
10809 1
10817 2
10825 1
10829 1
10865 1
10953 1
10957 1
10973 1
10985 1
11009 2
11025 1
11029 2
11041 2
11045 1
11097 1
11101 2
11105 1
11125 1
11169 2
11173 1
11225 1
11237 1
11245 2
11273 1
11281 1
11345 1
11349 1
11353 1
11365 2
11465 2
11513 2
11521 1
11525 1
11545 1
11565 1
11597 1
11633 1
11645 2
11673 1
11765 2
11777 1
11905 1
11945 1
11953 1
11981 1
12013 1
12025 3
12105 1
12125 1
12185 1
12253 1
12289 1
12325 1
12365 1
12541 2
12605 2
12625 2
12629 1
12681 1
12697 1
12753 4
12805 2
12833 1
12869 3
12913 1
13021 1
13085 1
13093 1
13177 1
13221 1
13253 2
13285 2
13329 2
13337 1
13369 2
13429 1
13457 1
13481 1
13505 1
13577 1
13625 1
13673 1
13725 1
13745 1
13753 2
13901 1
14045 2
14089 1
14125 2
14153 1
14165 1
14209 1
14225 1
14297 1
14393 1
14401 1
14473 1
14489 1
14549 1
14589 1
14625 1
14629 1
14669 1
14825 1
14845 1
14869 1
14893 1
14965 1
15005 1
15041 1
15385 1
15425 1
15497 1
15625 1
15749 1
15761 1
15905 1
16057 1
16109 1
16165 1
16441 1
16601 1
16609 1
16693 1
16705 1
16865 1
16913 1
17001 1
17317 1
17533 1
17689 1
17693 1
17741 1
17893 1
17981 1
18005 1
18225 1
18229 1
18477 1
18853 1
19125 1
19161 1
19385 1
19485 1
20369 1
20465 1
20605 1
20885 1
20893 1
21541 1
21605 1
21845 1
21905 1
21953 1
22437 1
22777 1
22905 1
22961 1
23105 1
23321 1
23837 1
23885 1
23953 1
24245 1
24677 1
25133 1
25261 1
25357 1
25625 1
25805 1
28373 1
29489 1
32389 1
37681 1
128893 1
365777 1
612485 1
646409 1
687437 1
717237 1
720817 1
748421 1
768105 1
793885 1
801061 1
813401 1
820957 1
824473 1
834277 1
837077 1
861445 1
1022909 1
1034105 1
1066585 1
1066873 1
1075145 1
1083685 1
1119389 1
1121213 1
1121581 1
1122157 1
1123649 1
1129213 1
1132105 1
1134625 1
1142089 1
1142145 1
1143025 1
1145525 1
1146925 1
1151473 1
1151585 1
1153701 2
1155625 1
1156501 1
1156649 1
1158137 1
1158305 1
1158737 1
1159225 1
1165265 1
1165685 1
1172405 1
1172749 1
1176017 1
1178249 1
1180621 1
1189621 1
1192489 1
1199509 1
1203605 1
1204085 1
1205773 1
1208377 1
1221509 1
1221601 1
1222085 1
1229185 1
1236437 1
1252837 1
1259613 1
1306485 1
1328065 1
1348945 1
3211553 1
