N J h mean_R_sq err_mean_R_sq mean_R_gyr_sq err_mean_R_gyr_sq 
3600 1.409 0 5417.71 1468.01 1273.98 190.036
1 1
5 4
9 1
13 2
17 1
25 1
29 1
37 1
41 1
45 1
49 1
53 4
61 3
65 6
85 5
89 1
97 3
101 2
109 4
113 4
117 2
121 2
125 2
145 6
149 5
153 2
157 3
169 2
173 3
185 3
193 1
197 4
205 4
221 4
225 6
229 7
233 1
241 4
257 1
261 2
265 8
269 2
281 2
289 5
293 1
305 2
313 2
317 4
325 4
333 2
337 2
349 2
353 3
365 8
369 1
373 6
377 6
389 1
397 3
401 1
405 3
409 1
421 2
425 17
433 6
441 2
445 9
449 4
457 2
461 5
477 2
481 7
485 5
493 5
505 5
509 2
521 2
529 3
533 7
541 2
545 3
565 4
569 1
577 4
585 8
593 4
601 2
605 3
613 3
617 3
625 4
629 3
637 2
641 2
653 1
661 5
673 5
677 2
685 5
689 6
697 7
701 4
709 2
725 9
733 2
745 9
757 1
761 1
765 8
769 2
773 4
793 4
797 3
801 2
809 3
821 6
829 4
833 1
841 4
845 7
853 1
857 7
865 6
873 3
877 5
901 7
905 12
909 4
925 3
929 1
937 2
941 3
949 3
961 1
965 9
977 2
981 5
985 5
997 3
1009 2
1013 3
1017 1
1021 4
1025 6
1033 5
1037 4
1049 4
1053 2
1061 5
1069 4
1073 6
1093 4
1097 1
1105 8
1109 2
1117 3
1125 6
1129 6
1145 7
1153 3
1157 6
1165 3
1181 1
1189 4
1193 2
1201 1
1205 6
1217 1
1225 6
1229 5
1237 4
1241 6
1249 7
1261 7
1277 1
1285 7
1289 5
1297 3
1301 5
1305 3
1313 4
1321 6
1325 7
1341 1
1345 3
1361 2
1369 3
1373 5
1377 5
1381 2
1385 3
1405 3
1409 2
1413 2
1417 2
1421 5
1429 2
1433 1
1445 5
1453 1
1465 8
1469 2
1481 2
1489 3
1493 4
1513 2
1517 2
1521 1
1525 5
1537 6
1549 2
1553 2
1557 5
1565 9
1573 3
1585 5
1597 3
1601 1
1609 2
1613 2
1621 1
1625 8
1629 5
1637 6
1649 4
1657 5
1665 4
1669 2
1681 3
1685 7
1693 1
1697 4
1717 4
1721 1
1733 4
1737 3
1741 2
1745 12
1753 1
1765 3
1769 5
1773 5
1777 1
1781 5
1789 2
1801 3
1813 3
1825 9
1845 5
1849 1
1853 1
1861 4
1865 6
1877 5
1885 7
1889 2
1901 1
1921 10
1933 4
1937 3
1945 4
1949 4
1961 4
1973 1
1985 3
1989 6
1993 4
2005 5
2009 3
2017 1
2025 5
2029 2
2041 3
2045 2
2057 3
2061 2
2069 3
2097 2
2105 5
2113 1
2117 6
2125 6
2129 1
2137 2
2141 4
2153 2
2161 1
2165 6
2169 1
2173 2
2197 8
2209 2
2221 3
2225 5
2237 1
2245 5
2249 2
2257 5
2269 1
2273 1
2281 1
2285 2
2293 2
2297 2
2305 8
2309 1
2313 2
2329 5
2333 2
2341 1
2349 2
2353 5
2377 4
2381 2
2385 3
2389 2
2393 2
2405 7
2417 3
2421 1
2425 8
2437 2
2441 5
2465 7
2493 1
2501 6
2509 2
2521 2
2525 6
2529 5
2533 1
2549 3
2557 2
2561 3
2581 4
2593 1
2597 4
2601 2
2605 8
2609 3
2617 3
2621 3
2633 3
2645 1
2657 3
2665 5
2669 1
2689 1
2693 3
2701 4
2705 2
2713 2
2725 9
2729 1
2741 3
2745 7
2749 3
2753 1
2777 2
2785 3
2789 1
2797 2
2801 2
2809 1
2813 6
2817 1
2825 4
2845 3
2853 5
2857 1
2873 7
2885 5
2909 2
2925 7
2929 5
2941 5
2953 1
2965 3
2969 1
2977 2
2993 3
2997 2
3001 2
3005 3
3025 2
3029 2
3033 1
3037 1
3049 1
3061 2
3065 5
3077 3
3085 3
3089 2
3109 1
3121 2
3125 5
3133 2
3137 1
3141 1
3145 6
3161 4
3169 1
3177 2
3181 2
3185 4
3209 2
3221 2
3229 2
3257 1
3265 5
3277 3
3281 7
3285 8
3293 5
3301 1
3305 4
3313 1
3329 2
3341 4
3349 1
3357 2
3361 2
3365 5
3385 2
3389 2
3393 3
3425 6
3433 3
3445 5
3449 1
3457 2
3461 2
3469 4
3481 2
3485 10
3497 1
3505 7
3509 1
3517 2
3533 1
3541 1
3557 3
3573 2
3581 1
3589 1
3593 2
3601 3
3609 2
3617 5
3625 7
3637 2
3645 3
3649 1
3653 6
3665 3
3681 2
3697 1
3709 1
3725 8
3733 2
3737 3
3757 2
3761 2
3769 1
3785 3
3789 3
3793 1
3797 3
3805 2
3809 2
3821 2
3825 4
3833 4
3845 3
3853 2
3865 5
3869 1
3877 2
3881 1
3893 6
3897 3
3925 7
3929 4
3961 1
3965 4
3973 1
3977 2
3985 2
3989 2
4001 1
4005 3
4013 1
4021 2
4033 4
4041 2
4045 1
4049 1
4057 1
4069 3
4073 3
4093 2
4097 2
4105 1
4113 2
4121 2
4129 1
4133 1
4141 2
4145 4
4153 2
4157 1
4165 2
4177 1
4181 5
4201 1
4205 5
4225 7
4229 2
4241 1
4253 2
4265 2
4293 1
4297 1
4321 3
4325 4
4329 1
4349 2
4357 2
4361 1
4365 5
4369 1
4373 1
4381 1
4385 3
4397 2
4405 5
4409 2
4437 2
4469 5
4477 1
4481 1
4505 4
4513 2
4525 3
4537 2
4545 4
4553 3
4561 1
4573 2
4589 5
4597 2
4625 5
4633 3
4645 1
4657 3
4673 2
4685 3
4705 1
4709 2
4717 3
4729 3
4733 2
4745 7
4761 1
4765 1
4777 1
4797 4
4801 1
4825 6
4849 2
4861 5
4869 2
4877 1
4885 3
4889 1
4901 4
4905 4
4909 1
4913 1
4925 1
4937 1
4949 2
4961 1
4969 1
4973 1
4981 1
4985 3
4993 1
5009 1
5013 1
5017 1
5045 2
5057 3
5065 2
5069 3
5077 2
5081 1
5085 1
5101 2
5113 2
5121 1
5125 2
5141 1
5161 1
5165 3
5185 2
5193 1
5209 2
5213 1
5245 3
5249 3
5265 2
5297 1
5305 3
5317 4
5321 2
5337 3
5345 1
5353 1
5365 8
5389 1
5393 1
5409 2
5417 1
5429 2
5437 1
5445 2
5473 2
5477 2
5485 3
5513 2
5521 1
5525 6
5537 1
5545 4
5569 2
5573 1
5581 1
5585 2
5597 4
5617 1
5625 1
5629 1
5661 3
5669 2
5693 1
5713 1
5717 1
5725 5
5729 2
5741 1
5769 1
5777 2
5785 1
5809 2
5813 2
5821 1
5825 1
5837 1
5849 1
5857 3
5861 1
5869 1
5881 1
5897 1
5905 2
5933 2
5941 2
5945 3
5949 1
5953 1
5989 1
5993 1
6001 1
6005 1
6025 1
6029 1
6073 4
6085 2
6101 1
6121 1
6125 1
6133 1
6137 2
6145 1
6161 3
6173 1
6185 1
6201 2
6205 2
6221 2
6229 1
6257 1
6269 1
6301 5
6305 2
6309 2
6317 1
6329 1
6341 1
6361 3
6381 1
6385 1
6389 1
6397 2
6409 4
6421 2
6425 3
6445 1
6469 1
6473 1
6481 4
6485 3
6497 1
6525 2
6553 1
6565 5
6569 1
6577 1
6597 1
6605 1
6613 1
6617 2
6625 2
6637 1
6649 1
6661 1
6673 1
6689 1
6697 1
6709 1
6725 1
6733 1
6749 2
6761 2
6773 1
6805 3
6813 1
6833 1
6845 2
6865 3
6885 1
6893 1
6905 2
6917 1
6921 1
6929 4
6949 3
6953 3
6957 1
6989 1
6997 1
7033 2
7045 1
7057 1
7065 1
7085 3
7093 1
7105 1
7109 2
7121 1
7129 2
7141 1
7145 1
7165 1
7177 1
7209 1
7213 1
7225 4
7229 1
7237 1
7241 1
7253 1
7261 1
7309 1
7325 1
7345 3
7349 3
7373 1
7389 1
7397 1
7405 1
7421 1
7453 1
7481 4
7489 1
7497 1
7501 2
7517 1
7537 2
7561 1
7565 2
7569 1
7573 1
7589 2
7605 4
7621 1
7625 2
7649 1
7677 1
7681 2
7685 3
7709 1
7745 1
7753 2
7765 2
7785 1
7793 1
7801 2
7825 1
7837 1
7877 1
7893 1
7897 1
7913 4
7925 1
7949 1
7957 1
7969 1
7985 2
8017 1
8021 1
8033 1
8045 1
8053 1
8069 1
8081 1
8089 1
8109 1
8125 2
8145 2
8185 1
8221 1
8245 1
8269 1
8285 2
8321 2
8329 1
8345 3
8353 2
8377 1
8389 1
8405 1
8425 3
8461 1
8465 2
8473 2
8485 2
8489 1
8497 2
8513 1
8577 1
8585 1
8597 1
8621 2
8665 3
8669 1
8681 1
8737 1
8765 3
8793 1
8801 1
8829 1
8833 1
8845 1
8857 1
8861 1
8865 2
8869 1
8885 1
8905 1
8929 1
8969 1
9001 1
9025 1
9061 1
9065 1
9077 1
9137 1
9161 1
9193 1
9241 1
9265 2
9325 3
9341 1
9413 1
9421 2
9425 2
9461 1
9549 1
9565 2
9657 1
9677 1
9685 2
9697 1
9781 1
9797 1
9817 1
9841 1
9881 1
9893 1
9901 1
9925 2
9941 1
9945 1
9965 1
9973 1
9997 1
10001 1
10025 1
10049 1
10121 1
10145 1
10181 1
10205 3
10217 2
10225 2
10229 1
10309 3
10321 2
10333 1
10337 1
10345 1
10361 1
10369 2
10433 1
10453 1
10485 1
10489 1
10501 1
10517 1
10553 1
10565 1
10573 1
10613 1
10625 1
10645 1
10657 1
10777 1
10837 1
10865 1
10909 1
10949 1
10953 2
10985 2
11041 2
11125 2
11149 1
11177 1
11213 1
11273 1
11281 1
11285 1
11321 1
11345 1
11349 2
11353 1
11357 1
11405 1
11413 1
11461 1
11485 2
11525 2
11601 2
11645 2
11665 1
11681 1
11713 1
11773 1
11777 1
11785 1
11817 2
11881 1
11885 1
11897 1
11909 1
11917 1
11933 1
11945 1
11965 1
12025 2
12037 1
12041 1
12049 1
12053 2
12105 1
12161 1
12181 1
12185 1
12221 1
12253 1
12281 1
12317 1
12349 1
12365 1
12377 1
12401 1
12409 1
12433 1
12461 1
12517 1
12545 1
12629 1
12745 1
12753 1
12773 1
12869 2
12985 1
12997 1
13005 1
13045 1
13061 1
13141 1
13165 1
13189 1
13221 1
13345 1
13369 1
13381 1
13385 1
13565 1
13613 1
13625 1
13817 1
13925 2
13969 1
14033 1
14065 1
14093 1
14149 1
14197 1
14309 1
14365 2
14425 2
14585 1
14593 1
14645 1
14733 1
14761 1
14765 1
14909 1
14929 1
14989 1
15077 1
15133 1
15173 1
15241 1
15293 1
15577 1
15613 1
15677 1
15685 1
15761 1
15857 1
15921 1
16033 1
16105 1
16301 1
16325 1
16837 1
17065 1
17485 1
17705 1
17901 1
18605 1
18757 1
18797 1
19025 1
19045 1
19577 1
19585 1
19945 1
20313 1
20665 1
20705 1
20961 1
21221 1
21805 1
21809 1
22373 1
23353 1
23465 1
25173 1
28125 1
29021 1
29057 1
30329 1
37865 1
47225 1
106625 1
350633 1
1074485 1
1077673 1
1132321 1
