N J h mean_R_sq err_mean_R_sq mean_R_gyr_sq err_mean_R_gyr_sq 
4900 1.314 0 133334 57303.1 21930.9 9115.6
1193 1
2161 1
2993 1
6005 1
8861 1
11545 1
12113 1
12841 1
13481 1
13745 1
14893 1
17741 1
18517 1
19825 1
22185 1
23413 2
24025 1
24845 1
29637 1
29965 1
30773 1
31313 1
31481 1
33073 1
37249 1
38809 1
39493 1
40309 1
42305 1
43165 1
45469 1
47129 1
48065 1
48421 1
48865 1
48933 1
50653 1
52561 1
54113 1
56869 1
57565 1
57905 1
59245 1
61309 1
62785 1
65925 1
66249 1
66845 1
68185 1
71741 1
71861 1
72073 1
72161 1
75193 1
77285 1
78669 1
80613 1
81693 1
81881 1
83725 1
85285 1
95017 1
95625 1
97177 1
97561 1
99977 1
101333 1
102245 1
109613 1
112229 1
115373 1
119137 1
120761 1
125309 1
126001 1
129761 1
141121 1
143989 1
148825 1
154481 1
185165 1
194981 1
202501 1
211293 1
214037 1
217345 1
228157 1
240829 1
247477 1
284245 1
308533 1
340685 1
359621 1
551305 1
707877 1
1017153 1
1031445 1
1585525 1
