N J h mean_R_sq err_mean_R_sq mean_R_gyr_sq err_mean_R_gyr_sq 
4900 1.36 0 23047.3 1192.75 3929.25 127.355
9 1
41 1
45 2
53 1
61 1
65 1
85 2
89 1
101 1
109 2
117 1
125 1
137 1
145 3
149 2
153 1
169 1
173 2
181 1
185 3
193 1
197 2
205 1
221 2
225 1
261 2
265 2
277 1
281 2
289 3
293 1
305 2
313 1
317 1
325 4
333 1
337 2
349 2
353 3
365 1
389 1
401 2
409 1
421 1
425 7
433 1
445 2
449 1
457 1
477 2
481 2
485 1
509 2
521 2
533 2
545 1
549 1
557 1
565 3
577 1
585 3
605 1
613 1
629 2
641 1
653 1
685 2
689 3
697 2
701 2
725 2
733 1
745 1
757 2
765 1
769 2
785 1
801 1
821 1
829 1
841 1
845 2
853 1
857 1
865 2
881 1
901 3
905 1
909 2
925 3
937 2
941 2
961 1
977 2
981 2
985 1
997 2
1013 1
1025 5
1049 1
1069 1
1073 1
1097 1
1105 2
1109 1
1117 1
1125 3
1129 1
1153 1
1157 2
1165 1
1181 3
1189 3
1193 2
1201 2
1205 3
1213 1
1225 1
1229 2
1233 1
1237 3
1241 2
1261 3
1277 3
1289 4
1297 1
1305 1
1313 1
1321 2
1325 3
1345 3
1361 3
1369 2
1373 2
1377 1
1381 3
1385 3
1409 1
1413 1
1417 3
1421 1
1429 3
1433 1
1445 2
1453 2
1469 1
1493 1
1513 2
1517 4
1521 3
1525 4
1537 1
1549 2
1553 2
1557 2
1565 5
1573 2
1585 3
1609 2
1621 2
1625 4
1637 1
1649 1
1665 2
1669 2
1681 2
1685 3
1693 2
1697 2
1709 4
1717 3
1721 3
1733 1
1737 1
1745 3
1753 2
1765 2
1769 4
1773 1
1777 3
1801 2
1813 1
1845 1
1853 2
1861 1
1873 1
1877 2
1885 1
1889 2
1913 2
1921 1
1933 2
1937 4
1945 4
1949 2
1961 3
1973 1
1985 3
1989 2
1997 2
2005 1
2009 1
2017 1
2025 1
2029 1
2041 3
2097 3
2105 3
2117 4
2125 5
2129 1
2137 1
2141 1
2153 2
2161 2
2165 2
2169 2
2173 6
2213 2
2221 2
2245 3
2249 1
2257 3
2269 1
2273 1
2285 3
2297 2
2309 1
2313 3
2329 1
2341 2
2353 2
2377 4
2381 2
2385 1
2393 1
2405 8
2417 1
2421 3
2425 3
2437 2
2441 1
2465 1
2493 1
2501 2
2509 4
2521 2
2533 3
2545 1
2557 2
2561 1
2581 1
2593 1
2597 5
2601 2
2605 2
2617 2
2621 2
2657 1
2665 5
2669 1
2689 2
2701 1
2705 1
2713 1
2729 2
2745 2
2753 5
2789 2
2797 2
2801 3
2813 1
2817 1
2825 4
2833 4
2845 2
2857 1
2861 1
2873 5
2885 2
2909 2
2917 3
2925 4
2929 1
2965 4
2969 1
2977 4
2993 1
2997 1
3001 1
3005 1
3025 1
3029 1
3041 1
3049 2
3065 4
3077 2
3085 2
3125 2
3137 4
3141 1
3161 1
3169 1
3177 1
3181 1
3185 4
3205 2
3209 1
3221 1
3229 1
3233 1
3249 2
3253 1
3257 2
3265 1
3277 1
3293 2
3301 1
3305 3
3313 1
3321 2
3349 3
3361 2
3365 1
3373 1
3389 2
3393 2
3425 2
3433 1
3445 2
3457 1
3469 1
3485 4
3497 1
3501 2
3509 1
3529 2
3533 2
3541 1
3545 2
3573 1
3589 3
3609 1
3613 1
3617 1
3625 5
3637 1
3645 1
3649 4
3653 1
3665 2
3673 1
3677 2
3709 2
3721 1
3725 5
3737 3
3757 2
3761 2
3785 2
3793 2
3833 1
3853 3
3869 2
3877 1
3889 1
3893 3
3897 2
3917 1
3925 5
3961 1
3965 1
3973 2
3977 2
3985 2
4001 1
4005 1
4013 1
4021 1
4041 1
4045 3
4049 1
4057 2
4073 1
4093 2
4097 1
4105 1
4113 1
4121 1
4129 2
4133 4
4141 3
4145 3
4149 2
4153 2
4157 1
4165 1
4181 1
4225 5
4241 1
4253 1
4265 5
4285 1
4321 1
4325 3
4329 2
4337 2
4349 1
4361 2
4365 1
4369 2
4373 3
4385 3
4405 2
4421 2
4441 1
4469 3
4477 1
4481 2
4493 2
4505 2
4525 6
4537 1
4545 5
4549 1
4553 2
4561 2
4573 2
4589 1
4625 2
4633 3
4637 1
4645 2
4657 2
4685 1
4693 1
4705 2
4709 1
4717 1
4721 1
4729 3
4733 1
4745 3
4753 1
4761 1
4765 2
4777 2
4797 4
4805 3
4817 1
4849 1
4861 2
4877 2
4885 4
4889 1
4901 3
4905 1
4913 4
4925 3
4937 1
4949 2
4957 2
4969 2
4973 1
4981 2
4985 4
5013 2
5017 2
5021 2
5041 1
5045 1
5057 2
5065 5
5069 1
5081 1
5085 1
5101 3
5105 1
5113 1
5121 1
5125 3
5141 3
5161 2
5165 2
5185 7
5189 1
5193 1
5209 1
5233 1
5237 1
5245 3
5249 2
5261 1
5265 1
5317 4
5321 1
5329 2
5333 2
5337 1
5353 2
5365 3
5389 3
5393 3
5409 1
5429 2
5441 3
5473 2
5477 1
5501 2
5513 4
5517 3
5521 2
5525 9
5537 1
5545 2
5553 1
5557 2
5569 1
5585 2
5597 3
5617 3
5629 1
5641 1
5645 2
5653 1
5657 2
5689 2
5693 1
5713 2
5717 3
5725 6
5729 2
5733 1
5749 2
5765 1
5777 2
5785 4
5801 1
5809 1
5813 1
5825 1
5849 1
5861 2
5869 1
5897 1
5905 3
5917 3
5933 3
5941 1
5945 7
5949 1
5953 3
5965 6
5989 4
5993 1
6001 1
6005 1
6025 4
6053 1
6065 3
6073 1
6089 2
6113 1
6121 2
6125 2
6133 1
6137 2
6145 1
6161 2
6165 1
6173 1
6201 1
6205 7
6229 2
6241 1
6245 1
6253 8
6257 3
6273 3
6301 1
6305 3
6309 1
6317 1
6329 2
6337 1
6341 3
6353 4
6361 1
6373 2
6381 1
6385 1
6389 1
6401 2
6409 1
6425 2
6437 1
6449 1
6469 3
6473 2
6481 1
6485 2
6497 3
6505 3
6521 1
6525 1
6565 2
6577 1
6597 1
6605 1
6613 2
6617 5
6625 3
6641 2
6649 4
6661 1
6697 1
6701 1
6705 3
6725 2
6749 1
6761 2
6773 3
6805 1
6813 1
6817 1
6829 1
6833 3
6841 1
6845 3
6849 1
6865 5
6885 1
6893 1
6921 1
6925 2
6929 2
6949 1
6953 1
6957 1
6961 4
6977 2
6989 2
7025 1
7057 1
7065 2
7081 3
7085 4
7093 1
7105 1
7121 1
7129 1
7137 2
7145 2
7157 2
7165 3
7193 1
7213 2
7225 8
7229 1
7237 1
7253 1
7261 2
7281 1
7297 1
7301 5
7309 1
7325 4
7345 3
7349 2
7361 1
7369 1
7373 1
7381 1
7389 2
7397 2
7405 1
7417 1
7421 1
7445 2
7457 1
7477 5
7481 2
7501 1
7517 1
7529 1
7541 3
7549 1
7561 1
7565 3
7569 2
7573 2
7577 1
7585 2
7605 3
7621 2
7625 5
7633 1
7669 1
7673 2
7677 2
7681 1
7685 1
7709 5
7745 1
7753 1
7765 2
7769 1
7785 3
7789 1
7813 5
7825 3
7853 3
7857 3
7865 2
7877 1
7897 2
7901 2
7913 1
7925 5
7929 1
7937 1
7949 1
7957 2
7969 2
7985 1
8009 2
8017 1
8021 1
8033 2
8045 3
8053 2
8065 2
8069 1
8077 3
8093 1
8101 1
8105 2
8109 1
8125 5
8149 1
8177 1
8181 1
8185 1
8221 1
8233 1
8245 3
8249 1
8273 3
8293 2
8297 1
8321 2
8325 3
8329 2
8333 1
8353 1
8357 1
8369 1
8377 2
8381 2
8405 2
8425 2
8465 3
8473 1
8477 2
8485 3
8489 3
8497 1
8513 2
8537 1
8545 2
8573 2
8577 2
8585 6
8593 4
8597 2
8605 2
8621 3
8633 3
8653 1
8665 4
8669 2
8677 2
8693 2
8705 4
8725 3
8737 1
8741 1
8749 2
8753 4
8765 4
8801 1
8821 2
8829 1
8833 3
8845 3
8861 2
8865 1
8885 2
8905 3
8917 1
8929 1
8933 3
8945 1
8957 2
8989 3
8993 3
9001 1
9005 1
9025 2
9029 2
9061 2
9065 1
9077 1
9089 2
9109 1
9113 1
9117 1
9125 4
9153 2
9169 2
9181 2
9189 1
9193 1
9197 1
9217 1
9221 1
9225 2
9241 3
9245 1
9257 2
9265 4
9281 1
9293 2
9297 2
9305 3
9325 3
9333 1
9337 1
9341 1
9349 1
9365 2
9377 4
9389 4
9409 1
9413 3
9421 1
9425 6
9445 3
9461 3
9469 2
9477 1
9497 1
9505 3
9509 1
9529 1
9533 3
9553 2
9565 2
9577 1
9593 1
9601 1
9605 2
9621 2
9653 1
9657 1
9665 1
9673 2
9677 1
9685 3
9697 1
9701 1
9721 2
9725 2
9733 1
9745 4
9797 2
9805 5
9809 2
9829 1
9833 1
9837 2
9841 1
9857 3
9865 2
9873 1
9893 1
9901 1
9925 4
9929 2
9945 4
9949 1
9965 3
9981 3
9985 2
9997 1
10001 2
10025 3
10045 2
10049 2
10053 1
10057 2
10081 2
10085 4
10121 1
10125 3
10133 1
10145 2
10161 1
10169 1
10177 2
10181 1
10193 2
10201 3
10205 3
10217 1
10225 5
10229 2
10237 6
10285 3
10289 1
10301 1
10305 2
10309 3
10321 1
10333 1
10337 2
10361 1
10377 2
10397 3
10405 2
10421 2
10429 2
10433 2
10445 1
10469 2
10477 1
10485 2
10489 3
10501 2
10513 1
10517 4
10537 4
10565 1
10573 5
10585 3
10589 1
10597 2
10601 1
10609 1
10613 1
10625 4
10645 3
10657 1
10673 3
10685 3
10693 2
10701 2
10705 3
10729 1
10737 1
10753 1
10765 2
10777 3
10789 2
10805 1
10809 1
10817 1
10825 2
10829 3
10841 2
10845 1
10853 2
10865 3
10877 2
10917 1
10933 2
10937 3
10957 1
10961 1
10973 1
10985 3
10993 1
11009 1
11029 2
11041 1
11045 1
11065 1
11093 1
11101 1
11105 1
11113 3
11117 1
11125 1
11133 1
11141 1
11161 1
11169 1
11173 1
11185 3
11197 2
11221 2
11225 2
11237 2
11241 2
11245 3
11273 3
11281 3
11285 5
11317 2
11321 1
11345 2
11349 2
11353 1
11357 1
11365 2
11369 1
11393 1
11401 1
11405 2
11413 4
11417 1
11425 1
11437 1
11441 1
11453 1
11461 2
11493 1
11509 1
11521 1
11525 4
11545 1
11565 2
11581 2
11593 1
11601 2
11617 1
11621 1
11633 1
11645 4
11657 1
11665 4
11673 1
11677 1
11681 3
11689 1
11705 1
11709 2
11713 3
11717 1
11729 3
11737 2
11745 3
11765 2
11773 3
11777 2
11813 1
11817 1
11861 1
11885 2
11897 1
11905 1
11909 1
11917 1
11925 6
11941 1
11965 3
11969 1
11981 1
12005 2
12013 2
12017 2
12025 4
12037 1
12041 1
12049 1
12053 4
12073 1
12085 2
12097 1
12101 1
12105 1
12109 1
12113 1
12125 5
12137 6
12157 1
12161 1
12185 1
12193 3
12197 1
12209 2
12221 2
12249 1
12253 2
12277 1
12301 1
12317 1
12325 4
12337 1
12365 2
12377 1
12385 1
12389 1
12401 1
12409 2
12433 1
12437 1
12457 1
12461 2
12465 2
12473 2
12505 2
12517 1
12541 1
12545 1
12553 1
12557 2
12589 1
12593 1
12601 1
12605 1
12625 7
12629 3
12637 1
12645 2
12653 1
12665 5
12689 1
12697 1
12701 1
12721 1
12725 3
12753 3
12769 1
12773 1
12785 4
12805 3
12809 1
12821 1
12853 1
12861 2
12869 2
12893 1
12897 3
12905 4
12913 1
12961 1
12965 1
12985 2
12997 2
13001 2
13005 4
13009 1
13021 4
13025 4
13033 1
13073 1
13077 4
13085 3
13093 1
13109 4
13117 2
13141 2
13165 3
13177 1
13189 2
13213 3
13221 1
13225 2
13229 2
13241 1
13261 3
13273 2
13285 2
13289 4
13309 1
13325 5
13345 2
13417 1
13421 2
13429 2
13437 3
13441 1
13445 1
13465 2
13469 1
13481 1
13505 1
13513 1
13525 2
13549 4
13565 2
13573 1
13577 1
13613 1
13621 2
13625 3
13633 1
13637 3
13645 1
13653 2
13693 1
13697 2
13705 2
13721 1
13725 3
13745 1
13753 1
13765 2
13769 1
13789 1
13801 1
13817 5
13829 1
13837 3
13841 1
13873 2
13877 2
13885 2
13921 3
13925 3
13945 2
13949 5
13957 2
13973 1
13977 1
14005 2
14009 1
14045 1
14081 1
14093 1
14125 1
14161 1
14165 3
14173 2
14209 4
14221 3
14225 2
14249 1
14257 1
14261 2
14265 3
14293 2
14297 2
14321 1
14357 1
14365 7
14369 2
14373 1
14381 1
14393 2
14417 1
14425 4
14437 1
14449 1
14473 1
14485 2
14501 1
14517 1
14521 1
14533 2
14537 1
14545 2
14557 1
14561 2
14569 3
14585 2
14589 1
14625 2
14641 1
14645 1
14661 1
14669 1
14677 3
14681 3
14689 2
14701 3
14705 2
14717 1
14737 1
14761 2
14785 2
14797 2
14837 3
14841 1
14845 1
14869 2
14885 3
14893 1
14909 1
14913 2
14933 2
14945 3
14957 1
14965 2
14977 1
14985 2
14989 4
15021 2
15025 2
15041 1
15049 2
15061 2
15101 1
15109 1
15125 1
15133 1
15137 1
15145 3
15149 1
15165 2
15185 5
15193 2
15205 4
15229 1
15233 1
15245 4
15273 2
15277 1
15293 3
15305 4
15317 3
15325 3
15329 2
15353 3
15361 1
15373 1
15381 1
15385 1
15397 6
15401 1
15425 3
15445 6
15453 1
15457 5
15461 1
15481 1
15489 1
15493 1
15529 1
15533 1
15577 1
15581 2
15605 1
15613 1
15625 1
15629 1
15633 2
15661 1
15665 1
15669 1
15677 1
15689 1
15725 1
15769 1
15777 1
15793 2
15797 1
15805 2
15817 1
15821 1
15845 1
15857 4
15881 1
15885 1
15889 1
15921 2
15925 2
15929 1
15993 2
16021 1
16025 2
16029 2
16033 1
16045 1
16057 1
16069 1
16081 3
16085 2
16109 2
16129 2
16133 3
16141 1
16145 3
16153 1
16165 9
16189 1
16193 3
16201 3
16217 1
16229 2
16237 1
16241 2
16249 1
16253 3
16265 2
16277 1
16285 1
16317 2
16333 1
16337 2
16349 1
16385 4
16393 4
16405 4
16409 1
16417 1
16425 7
16441 1
16453 1
16465 3
16477 2
16501 1
16505 1
16525 1
16529 3
16553 1
16565 1
16573 1
16577 1
16589 3
16605 3
16609 1
16613 2
16633 1
16641 1
16645 2
16649 2
16661 1
16677 1
16705 2
16717 4
16729 1
16745 3
16757 2
16769 2
16781 3
16785 2
16825 3
16829 2
16837 3
16857 1
16861 1
16865 1
16893 1
16897 2
16901 1
16909 2
16921 1
16949 3
16965 2
16993 1
17021 1
17033 1
17053 1
17057 1
17069 3
17109 2
17113 2
17125 1
17141 1
17153 2
17165 3
17173 1
17177 1
17225 7
17245 3
17261 1
17289 5
17317 1
17321 1
17345 1
17357 1
17389 1
17393 1
17397 1
17425 2
17429 1
17473 1
17477 1
17485 2
17505 1
17509 1
17525 5
17557 1
17561 1
17581 1
17585 1
17593 2
17597 1
17629 4
17645 2
17649 2
17665 2
17689 1
17693 3
17705 4
17713 2
17725 3
17737 2
17741 1
17753 2
17761 1
17777 1
17785 1
17797 1
17833 1
17849 1
17861 5
17865 3
17873 2
17885 2
17893 1
17921 2
17937 2
17945 1
17957 1
17981 1
17989 1
18005 1
18041 1
18045 1
18065 1
18085 2
18121 1
18125 7
18153 4
18169 1
18173 1
18181 2
18185 2
18229 1
18233 1
18241 1
18245 3
18253 1
18265 5
18281 1
18301 1
18313 1
18317 1
18325 4
18329 1
18353 3
18365 1
18369 3
18405 1
18409 1
18421 2
18457 1
18461 1
18485 2
18493 1
18497 3
18505 1
18545 1
18553 2
18577 2
18581 1
18621 3
18625 3
18629 1
18649 2
18661 1
18665 2
18685 3
18701 1
18709 3
18721 1
18737 1
18761 2
18805 1
18833 2
18857 1
18869 2
18889 1
18925 1
18945 1
18965 4
18985 2
18989 3
18997 1
19001 1
19009 2
19017 3
19025 3
19037 1
19045 4
19053 1
19061 1
19097 3
19109 1
19121 2
19125 3
19165 4
19169 1
19181 1
19193 2
19249 1
19253 1
19265 5
19269 1
19289 1
19301 1
19309 1
19325 1
19337 1
19345 2
19357 1
19377 1
19405 1
19441 1
19449 1
19453 1
19465 6
19469 1
19485 2
19489 2
19493 1
19517 2
19549 1
19557 1
19577 1
19585 1
19601 1
19625 3
19633 1
19645 1
19649 1
19661 1
19669 3
19681 1
19697 2
19721 3
19729 1
19769 1
19801 1
19805 2
19825 3
19841 2
19861 1
19865 1
19913 1
19917 1
19925 1
19937 1
19945 1
19949 1
19973 2
19981 4
19989 1
19997 2
20021 1
20029 3
20065 1
20105 4
20129 1
20137 3
20165 5
20173 1
20177 1
20189 1
20201 2
20205 1
20213 1
20245 1
20249 2
20261 2
20285 2
20329 2
20341 1
20413 1
20453 2
20457 1
20465 5
20477 1
20485 3
20525 3
20529 1
20549 3
20557 1
20561 2
20565 1
20593 1
20605 1
20609 2
20617 3
20621 1
20629 1
20641 1
20645 3
20665 4
20673 1
20681 2
20689 1
20693 1
20705 1
20725 4
20745 1
20753 2
20761 2
20765 1
20789 1
20809 1
20825 1
20849 1
20873 1
20885 1
20893 2
20921 2
20961 2
20981 2
20997 1
21005 2
21017 1
21025 3
21041 1
21053 1
21073 3
21085 1
21097 2
21121 2
21125 5
21141 1
21145 3
21157 3
21177 2
21193 1
21213 2
21217 1
21233 1
21257 2
21265 1
21269 1
21277 1
21281 1
21289 1
21305 1
21313 1
21325 1
21341 1
21349 3
21361 2
21365 3
21393 2
21425 2
21437 6
21445 2
21449 3
21465 2
21473 1
21485 2
21501 2
21517 1
21521 1
21529 1
21533 2
21541 1
21569 1
21601 1
21605 1
21613 1
21625 2
21645 2
21661 1
21673 1
21677 3
21685 1
21697 2
21701 1
21713 1
21737 1
21745 1
21785 2
21789 1
21809 1
21821 1
21825 2
21841 1
21845 4
21853 3
21865 2
21893 1
21901 1
21905 2
21913 3
21925 1
21929 1
21937 1
21985 1
21997 1
22001 1
22009 3
22013 2
22045 1
22049 1
22073 1
22117 1
22129 1
22157 1
22185 1
22205 1
22213 1
22217 1
22237 1
22257 3
22261 1
22265 2
22285 1
22321 2
22345 1
22373 1
22381 1
22385 3
22393 1
22397 2
22417 2
22445 1
22453 2
22457 1
22465 2
22469 1
22501 1
22509 2
22565 1
22585 2
22589 2
22601 1
22637 1
22669 1
22685 2
22697 1
22709 1
22725 1
22745 2
22765 2
22777 1
22789 1
22797 2
22829 1
22837 1
22849 1
22853 1
22861 2
22865 5
22873 1
22941 2
22945 2
22949 2
22961 2
22985 1
22997 2
23021 1
23029 1
23049 2
23057 1
23101 1
23105 2
23117 1
23125 1
23137 1
23141 1
23153 2
23165 3
23173 1
23189 2
23197 1
23201 1
23225 2
23229 1
23245 1
23257 1
23269 1
23285 2
23293 1
23321 1
23329 1
23341 3
23353 1
23373 2
23377 3
23409 2
23413 2
23417 1
23425 1
23445 2
23461 1
23465 1
23481 2
23545 5
23557 1
23561 1
23581 1
23585 1
23589 1
23593 1
23605 1
23633 1
23657 1
23665 1
23669 1
23677 2
23697 1
23701 3
23717 1
23725 2
23729 1
23761 1
23765 1
23773 1
23789 2
23797 2
23809 1
23825 1
23837 2
23857 1
23869 1
23873 1
23885 2
23893 2
23917 2
23929 1
23941 3
23965 3
23977 3
23985 2
24001 1
24005 1
24021 1
24037 1
24041 1
24065 1
24089 1
24113 1
24121 1
24125 1
24137 1
24157 2
24161 1
24217 2
24221 1
24245 3
24281 1
24293 1
24309 3
24313 2
24317 1
24341 1
24345 1
24349 2
24361 1
24389 1
24417 1
24425 4
24445 2
24457 1
24461 2
24505 5
24517 1
24533 1
24557 1
24565 1
24593 1
24601 2
24625 1
24641 2
24665 2
24669 1
24685 2
24705 2
24741 1
24777 1
24781 1
24785 2
24793 2
24809 2
24841 1
24889 2
24901 1
24917 1
24925 1
24949 1
24953 1
24961 1
24973 2
24977 1
24989 1
25009 1
25049 1
25073 1
25085 1
25097 1
25117 2
25129 1
25133 1
25169 1
25177 2
25181 1
25205 1
25225 3
25237 1
25253 1
25285 5
25297 1
25313 3
25325 3
25337 1
25345 1
25349 1
25353 1
25381 1
25405 1
25409 1
25433 2
25469 2
25493 1
25497 1
25505 1
25529 1
25533 1
25541 1
25549 1
25561 1
25565 3
25621 1
25625 5
25649 3
25673 1
25677 1
25681 3
25705 1
25713 1
25717 2
25721 3
25733 1
25765 2
25769 4
25777 1
25789 1
25801 1
25805 1
25857 3
25877 1
25909 2
25913 1
25925 1
25933 2
25937 1
25945 1
25957 1
25961 1
25965 1
25981 1
25985 1
26029 1
26045 1
26065 1
26077 2
26117 2
26129 4
26141 1
26153 1
26165 2
26181 1
26221 1
26225 3
26237 1
26245 1
26261 1
26269 1
26281 1
26305 1
26309 2
26329 1
26333 1
26353 1
26361 1
26365 1
26377 2
26393 1
26405 3
26413 1
26449 2
26485 1
26497 1
26501 1
26513 1
26533 4
26545 1
26561 4
26577 2
26585 2
26605 2
26641 1
26665 3
26685 1
26701 1
26705 2
26729 2
26741 1
26765 2
26773 2
26793 2
26825 3
26833 1
26849 2
26869 1
26897 3
26905 1
26921 1
26937 2
26941 1
26965 4
26989 1
26993 1
27065 1
27101 1
27109 1
27145 1
27149 1
27161 1
27169 1
27173 1
27205 1
27217 1
27225 2
27233 1
27257 2
27325 2
27361 2
27369 1
27389 1
27409 1
27421 2
27437 2
27441 1
27449 1
27469 1
27481 1
27521 2
27529 1
27549 2
27557 1
27565 3
27605 1
27625 1
27637 1
27653 1
27677 1
27689 1
27709 1
27725 1
27765 1
27773 1
27785 2
27809 1
27817 1
27845 1
27857 1
27865 2
27869 1
27877 2
27881 1
27925 3
27961 2
27977 1
27981 1
27985 2
27989 1
27997 1
28001 1
28033 2
28057 1
28081 1
28085 4
28089 1
28121 2
28125 1
28181 1
28201 1
28205 1
28213 1
28225 2
28265 1
28273 2
28297 1
28333 4
28373 1
28381 1
28397 1
28417 1
28433 1
28445 1
28505 3
28521 1
28549 1
28561 1
28565 1
28577 1
28585 1
28597 1
28601 2
28621 1
28625 3
28645 2
28665 1
28673 1
28705 1
28729 1
28741 2
28769 3
28789 2
28825 2
28845 1
28873 2
28881 1
28885 2
28925 3
29005 1
29009 1
29017 1
29021 1
29033 1
29041 1
29045 1
29053 1
29057 2
29065 1
29077 1
29081 1
29125 2
29161 1
29185 1
29189 2
29201 1
29237 1
29241 1
29245 1
29257 2
29297 2
29305 2
29333 1
29341 3
29353 2
29377 1
29389 1
29401 1
29405 1
29437 1
29449 1
29453 1
29473 1
29493 1
29497 1
29525 1
29573 1
29585 2
29597 1
29637 3
29641 1
29653 2
29665 3
29705 2
29725 2
29741 1
29745 2
29753 1
29801 2
29809 1
29825 1
29873 2
29889 3
29929 3
29933 1
29945 2
29957 2
29961 1
29965 3
29993 3
30005 1
30013 2
30025 1
30029 1
30053 1
30125 1
30133 1
30137 1
30141 1
30157 2
30185 1
30193 1
30209 1
30213 1
30233 2
30249 1
30265 1
30285 1
30301 1
30313 1
30325 1
30329 2
30341 1
30377 1
30397 2
30413 2
30425 1
30445 2
30465 1
30469 1
30501 1
30505 1
30517 2
30529 1
30545 3
30553 1
30557 1
30589 1
30605 2
30625 2
30637 1
30661 1
30725 2
30749 1
30757 1
30805 2
30821 1
30825 3
30853 1
30865 2
30925 1
30953 1
30985 1
31005 3
31025 2
31033 1
31037 1
31049 1
31085 1
31105 2
31205 1
31225 1
31249 2
31253 2
31265 2
31285 2
31301 2
31345 1
31357 1
31365 3
31373 1
31393 1
31409 1
31417 1
31429 1
31473 1
31501 2
31513 1
31517 1
31525 3
31529 1
31561 1
31573 1
31581 2
31585 3
31609 1
31613 1
31637 1
31645 1
31649 1
31653 1
31685 1
31705 1
31709 1
31721 1
31729 2
31753 1
31781 1
31793 1
31805 1
31813 2
31849 1
31905 1
31909 2
31921 3
31925 5
31937 2
31945 1
31981 1
31985 1
32009 1
32017 1
32045 3
32065 2
32089 1
32117 1
32125 2
32129 1
32149 1
32161 2
32173 1
32185 1
32201 1
32261 1
32301 1
32309 2
32317 1
32341 1
32353 1
32377 1
32389 1
32409 1
32425 2
32429 1
32485 2
32497 1
32517 1
32525 3
32537 1
32553 1
32569 1
32597 2
32617 1
32625 1
32645 1
32653 2
32657 2
32689 1
32733 2
32741 1
32765 2
32777 2
32801 1
32825 5
32845 1
32877 1
32905 1
32917 1
32929 2
32993 1
33025 4
33093 1
33113 2
33133 1
33173 1
33181 1
33197 1
33205 3
33241 2
33245 2
33305 1
33337 1
33381 1
33389 1
33445 1
33461 2
33485 1
33493 1
33505 2
33533 1
33541 1
33545 2
33565 1
33569 1
33581 2
33637 3
33641 1
33665 1
33709 1
33721 2
33745 1
33761 1
33785 3
33805 1
33813 2
33853 1
33881 1
33937 1
33949 1
33977 1
33989 2
33997 1
34025 1
34037 3
34057 1
34065 1
34085 2
34117 3
34129 1
34137 1
34145 1
34165 2
34173 1
34217 1
34225 1
34229 2
34241 1
34253 2
34273 1
34285 1
34325 3
34373 2
34381 2
34385 1
34425 1
34465 2
34481 3
34497 1
34501 1
34513 1
34525 1
34541 1
34549 1
34553 2
34605 1
34609 1
34625 2
34645 2
34669 2
34745 2
34765 1
34781 1
34785 2
34801 2
34885 1
34897 1
34901 1
34913 1
34945 1
34961 1
34969 2
34973 3
34981 1
35001 1
35005 1
35033 1
35037 1
35065 1
35069 1
35113 1
35125 1
35141 1
35149 1
35165 2
35173 1
35225 1
35249 1
35333 1
35361 1
35381 1
35393 1
35401 2
35405 2
35425 2
35453 1
35461 2
35465 1
35477 2
35521 1
35525 3
35545 1
35569 1
35593 1
35633 2
35645 1
35669 1
35685 2
35689 1
35705 1
35725 1
35729 1
35785 1
35793 1
35801 2
35821 1
35865 1
35873 2
35901 1
35909 1
35957 1
35989 1
36017 1
36037 1
36061 1
36097 1
36137 3
36173 1
36185 1
36209 1
36229 1
36241 1
36305 1
36325 2
36353 1
36369 2
36373 1
36397 1
36401 2
36405 1
36413 1
36457 1
36541 1
36569 2
36581 2
36601 1
36625 4
36629 1
36697 1
36725 1
36733 1
36737 1
36781 1
36805 1
36829 1
36837 1
36845 1
36853 1
36857 1
36873 1
36965 1
37025 1
37033 1
37057 1
37097 1
37141 2
37153 1
37157 2
37197 1
37225 1
37265 2
37269 1
37277 1
37313 1
37333 1
37393 1
37481 1
37577 1
37613 1
37633 1
37645 1
37685 1
37705 1
37733 1
37813 1
37825 3
37877 1
37921 1
38021 1
38025 2
38033 2
38041 1
38069 1
38077 1
38089 1
38125 1
38165 2
38221 4
38281 1
38309 1
38321 1
38333 1
38357 1
38389 1
38417 1
38441 1
38477 1
38509 1
38561 1
38565 2
38573 1
38581 1
38585 2
38609 2
38629 1
38653 1
38673 1
38705 1
38713 1
38725 1
38749 1
38765 1
38821 1
38825 1
38845 1
38861 1
38897 1
38917 2
38921 1
38925 1
38933 2
38945 2
38961 1
39005 1
39049 1
39065 1
39073 1
39101 1
39133 2
39145 2
39157 1
39181 1
39185 1
39229 1
39241 1
39257 2
39265 1
39285 1
39293 1
39301 1
39341 1
39377 2
39385 1
39397 1
39485 2
39493 1
39521 1
39533 2
39553 1
39565 2
39581 1
39593 2
39605 2
39617 1
39625 1
39641 1
39645 2
39661 1
39745 2
39761 1
39785 2
39793 1
39797 1
39817 1
39857 1
39869 1
39877 1
39929 1
39965 1
39989 1
40025 2
40077 1
40081 1
40105 1
40141 3
40157 2
40165 1
40189 1
40221 1
40225 1
40253 1
40293 2
40309 1
40325 2
40385 1
40405 2
40409 1
40433 1
40441 1
40573 1
40585 1
40589 1
40609 1
40621 1
40681 1
40697 1
40729 1
40757 1
40777 1
40833 1
40861 1
40877 2
40905 2
40925 2
40961 2
40969 4
41033 2
41053 2
41077 1
41081 1
41089 1
41093 1
41141 1
41197 2
41209 2
41229 1
41245 1
41257 1
41297 1
41309 1
41329 1
41341 1
41353 1
41373 1
41405 1
41429 1
41449 1
41453 1
41533 1
41585 1
41621 1
41645 1
41665 2
41669 1
41693 4
41717 2
41733 1
41765 1
41773 2
41801 1
41813 1
41841 1
41869 1
41893 1
41905 1
41913 1
41957 1
41981 1
42025 2
42029 1
42057 1
42089 1
42109 1
42125 1
42137 1
42145 2
42149 1
42157 1
42193 1
42209 1
42241 2
42293 1
42325 3
42341 2
42365 1
42381 1
42385 2
42397 1
42401 2
42409 1
42425 3
42445 2
42485 3
42489 1
42517 1
42565 2
42605 1
42653 2
42677 1
42697 2
42705 1
42725 1
42737 1
42773 1
42809 1
42857 1
42877 1
42885 1
42925 2
42949 1
42961 1
42965 1
42985 1
42989 1
42993 1
43009 1
43061 1
43101 1
43105 2
43133 1
43165 1
43173 1
43273 1
43321 1
43325 2
43433 2
43501 1
43537 6
43573 1
43625 2
43661 1
43705 1
43717 1
43745 2
43765 1
43805 1
43825 2
43877 1
43993 1
43997 1
44005 2
44017 1
44053 1
44109 2
44125 1
44129 1
44141 1
44145 2
44165 1
44221 1
44245 1
44269 1
44325 1
44381 1
44389 1
44437 1
44465 1
44497 1
44525 1
44533 1
44541 1
44557 1
44581 1
44585 1
44617 1
44629 1
44657 1
44665 2
44705 2
44717 2
44725 1
44777 1
44785 2
44797 1
44837 1
44865 1
44921 1
44965 1
44969 2
45013 1
45113 1
45117 1
45133 1
45153 1
45161 1
45245 1
45301 1
45313 1
45325 1
45341 1
45481 1
45545 2
45557 3
45585 1
45617 2
45625 1
45665 1
45685 1
45693 1
45721 1
45765 1
45805 1
45833 1
45901 1
45917 1
45929 1
45985 1
45989 1
46073 1
46085 2
46105 1
46121 2
46125 2
46153 2
46169 1
46205 1
46217 1
46241 1
46289 1
46325 1
46405 1
46481 1
46485 1
46489 1
46513 1
46561 1
46625 1
46649 1
46657 1
46733 2
46757 1
46801 1
46825 2
46881 1
46917 1
46945 1
47021 1
47105 1
47153 2
47205 1
47233 1
47305 1
47365 1
47381 1
47413 1
47485 1
47545 1
47605 2
47645 1
47797 1
47825 2
47853 2
47885 1
47921 1
48025 1
48033 1
48065 2
48109 1
48121 1
48137 1
48145 2
48161 1
48177 1
48217 1
48253 1
48265 1
48365 1
48373 2
48425 1
48529 1
48541 1
48581 2
48589 1
48625 1
48673 1
48745 1
48749 2
48809 1
48865 2
48877 1
48905 1
48941 1
48953 1
48969 1
48989 1
49025 3
49045 2
49205 1
49213 1
49249 2
49257 1
49285 1
49325 2
49333 1
49349 1
49465 2
49645 1
49673 1
49725 1
49765 1
49829 1
49957 1
49977 1
49985 2
50013 1
50077 1
50089 1
50093 1
50125 1
50137 1
50177 1
50221 1
50229 1
50333 1
50345 1
50357 1
50405 1
50465 1
50513 1
50593 1
50605 1
50717 1
50769 1
50777 1
50805 1
50849 1
50881 1
51061 1
51085 3
51145 1
51209 1
51237 1
51301 1
51329 1
51353 1
51401 2
51421 1
51517 1
51581 1
51613 1
51637 1
51649 1
51669 1
51673 1
51757 1
51785 1
51829 1
51845 1
51881 1
51941 1
51985 2
52009 1
52013 1
52057 1
52169 1
52209 1
52229 1
52285 2
52289 1
52309 1
52429 1
52441 1
52457 1
52533 1
52585 1
52597 1
52621 2
52765 1
52769 1
52777 1
52821 1
52853 2
52893 1
52925 1
53005 2
53065 1
53089 1
53173 1
53225 1
53293 1
53353 1
53453 1
53465 2
53477 1
53545 1
53573 2
53681 1
53693 1
53729 1
53741 1
53813 1
53825 1
53897 1
54009 1
54029 1
54049 2
54077 1
54205 1
54233 1
54305 1
54333 1
54401 1
54521 1
54617 1
54709 1
54781 1
54797 1
54821 2
54833 1
54893 1
54913 1
54925 2
54941 1
54949 1
54977 1
55049 1
55193 1
55205 1
55229 1
55261 1
55369 1
55469 1
55481 1
55485 2
55541 1
55577 1
55681 1
55705 1
55709 1
55745 2
55861 1
55969 1
55981 1
56009 1
56053 1
56057 1
56129 1
56225 3
56333 1
56405 1
56425 1
56501 1
56537 1
56549 1
56585 1
56605 1
56629 1
56693 1
56745 2
56765 1
56797 1
56813 1
56845 1
56869 1
56933 1
57005 1
57037 1
57065 1
57069 1
57085 1
57149 1
57221 1
57325 1
57349 1
57377 1
57389 1
57445 1
57557 1
57573 1
57605 1
57613 1
57625 1
57637 1
57649 1
57661 2
57793 2
57809 2
57825 1
57869 1
57985 2
58021 1
58097 1
58141 1
58145 1
58225 2
58229 1
58277 1
58301 1
58565 1
58573 1
58733 1
58741 1
58841 1
58945 1
59085 1
59189 1
59245 1
59305 1
59321 1
59441 1
59445 1
59509 1
59525 1
59545 1
59625 2
59653 1
59693 1
59765 1
59789 1
59837 1
59841 1
59993 1
60025 1
60061 1
60125 2
60161 1
60205 2
60289 1
60385 1
60505 1
60521 1
60525 1
60597 1
60601 1
60617 1
60625 2
60661 1
60685 1
60805 1
60821 1
60901 1
60917 1
60957 1
60985 1
61009 1
61069 1
61133 1
61217 1
61253 1
61321 1
61589 1
61625 2
61637 1
61753 1
61825 1
61885 1
62021 1
62137 1
62213 1
62281 1
62297 1
62305 2
62345 1
62485 1
62569 1
62597 1
62609 1
62669 1
62869 1
62965 1
63009 1
63017 1
63025 1
63225 1
63317 1
63401 1
63405 1
63585 1
63617 1
63625 1
63673 1
63713 2
63845 1
64109 1
64129 1
64165 1
64313 1
64493 1
64501 1
64541 1
64753 1
64805 2
64909 1
65025 1
65105 1
65129 1
65141 1
65173 1
65281 1
65525 1
65709 1
65845 1
65881 1
66053 2
66169 1
66193 1
66197 1
66205 1
66457 1
66537 1
66545 1
66573 1
66593 1
66613 1
66673 1
66689 1
66725 1
66845 1
66925 1
66961 1
67077 1
67145 2
67277 1
67349 1
67405 1
67525 1
67537 1
67649 1
67733 1
67789 1
67829 1
68093 1
68137 1
68185 1
68209 1
68225 1
68393 1
68605 1
68725 1
68905 1
69145 1
69197 1
69365 1
69541 1
69557 1
69589 1
69605 1
69745 1
69809 1
70313 1
70409 1
70501 1
70533 1
70825 1
70925 1
70937 1
71045 1
71153 1
71485 1
71717 1
71761 1
72085 1
72153 1
72269 1
72301 1
72341 1
72377 1
72469 1
72505 1
72685 1
72693 1
72729 1
72817 1
72845 1
72925 2
72965 1
73225 1
73285 2
73349 1
73357 2
73445 1
73457 1
73477 1
73489 1
73525 1
73561 1
73709 1
73825 1
73921 1
73961 1
73993 1
74125 1
74225 1
74241 1
74357 1
74421 1
74425 1
74565 1
74633 1
74857 1
75105 1
75329 1
75557 1
75725 1
75865 1
75881 1
76009 1
76085 1
76165 1
76625 1
76985 1
77153 1
77173 1
77401 1
77669 1
77769 1
77885 1
78025 1
78065 1
78093 1
78125 1
78149 1
78525 1
78653 1
78829 1
79025 1
79049 1
79445 1
79565 1
79573 1
79613 1
79661 1
79721 1
79777 1
79889 1
80189 1
80257 1
80273 1
80345 1
80405 1
80497 1
80665 1
80681 1
81001 1
81041 1
81085 1
81225 1
81229 1
81253 1
81805 1
82337 1
82565 1
82633 1
82769 1
82865 1
83213 1
83745 1
84361 1
84521 1
84681 1
85005 1
85285 1
85505 1
85565 1
85625 1
85909 1
85913 1
85945 1
85973 1
86717 1
86729 1
86957 1
87089 1
87165 1
87365 1
88129 1
88145 1
89069 1
89633 1
90061 1
90845 1
91541 1
91781 1
92065 1
92485 1
92849 1
93105 1
93425 1
93545 1
94321 1
95365 1
95405 1
96361 1
97085 1
97421 1
98125 1
99481 1
100125 1
100489 1
101105 1
101257 1
102689 1
103337 1
104429 1
104813 1
105353 1
105625 1
105889 1
106385 1
107561 1
108121 1
108277 1
108341 1
108697 1
109537 1
110233 1
110925 1
112757 1
113713 1
113805 1
113849 1
117437 1
118117 1
119557 1
119705 1
122165 1
127517 1
128729 1
131597 1
140933 1
144225 1
153049 1
172505 1
182081 1
674501 1
1594177 1
