N J h mean_R_sq err_mean_R_sq mean_R_gyr_sq err_mean_R_gyr_sq 
10000 1.445 0 1.02757e+06 545883 156864 84811.9
1225 1
3357 1
6845 1
11965 1
15425 1
16045 1
17953 1
20893 1
22189 1
23461 1
23465 2
26669 1
26897 1
27205 1
28197 1
29237 1
29705 1
30433 1
31265 1
31685 1
31705 1
31709 1
31853 1
32237 1
32765 1
32929 1
34225 1
34933 1
35005 1
35069 1
35221 1
35225 1
35249 1
35737 1
36185 1
36497 1
36913 1
37285 1
38089 1
38873 1
39553 1
39645 1
39789 1
40417 1
40925 1
41693 1
41785 1
41845 1
41849 1
42029 1
42109 1
42337 1
42457 1
42705 1
42809 1
43793 2
44105 1
44541 1
44633 1
44725 1
44837 1
44845 1
45233 1
45805 1
45821 1
45965 1
45985 1
46021 1
46313 1
47021 1
47745 1
47869 1
48005 1
48025 1
48157 1
48385 1
48481 1
48485 1
48745 1
48941 2
48969 1
49025 1
49117 2
49333 1
49361 1
49453 1
49725 1
49769 1
50401 1
50629 1
51005 1
51493 1
51533 1
51805 1
52713 1
52841 1
52925 1
53365 1
53441 1
53761 1
54113 1
54293 1
54325 1
54385 1
54421 1
54449 1
54981 1
55009 1
55145 1
55301 1
55345 1
55485 1
56033 1
56057 1
56205 1
56225 2
56321 1
56653 1
56921 1
57085 2
57269 1
57529 1
57869 2
58105 1
58129 2
58225 1
58277 1
58285 1
58441 2
58481 1
58589 1
58613 1
58689 1
58757 1
59085 1
59193 1
59245 1
59517 1
59825 1
60065 1
60201 1
60221 1
60281 1
60377 1
60493 1
60741 1
60761 1
60805 1
60809 1
60813 1
61153 1
61217 1
61561 1
61589 1
61673 1
61865 1
62101 2
62129 1
62197 1
62729 1
63145 1
63157 1
63185 1
63445 1
63529 1
63553 1
63585 1
64045 1
64233 1
64333 1
64465 1
64597 1
64765 1
64805 1
65041 1
65125 2
65137 1
65281 1
65353 1
65425 1
65509 1
65529 1
66049 1
66161 1
66181 1
66377 1
66565 1
66725 1
66949 1
67005 1
67081 1
67097 1
67141 1
67337 1
67541 1
67721 1
67789 1
67889 1
68105 1
68377 1
68413 1
68669 1
68689 1
68725 1
68813 1
69061 1
69129 1
69193 1
69373 1
69449 1
69697 1
69745 1
69785 1
70193 1
70225 1
70289 1
70409 1
70465 1
70533 1
70537 1
70757 1
70769 1
70877 1
71305 1
71325 1
71485 1
71669 1
71833 1
72125 1
72161 1
72341 1
72377 1
72437 1
72557 1
72665 1
72781 1
72929 1
72937 1
72949 3
72965 1
72981 1
73021 1
73069 1
73165 1
73457 1
73629 1
73685 1
73989 1
74017 1
74033 1
74105 1
74273 1
74321 1
74425 1
74521 1
74529 1
74533 1
74593 1
74633 1
74725 1
74737 1
75073 1
75085 1
75105 1
75197 1
75205 1
75305 1
75497 1
75645 1
75689 1
75973 1
76025 1
76109 1
76201 1
76345 1
76585 1
76645 1
76705 1
76717 1
76905 1
77405 2
77445 1
77573 2
77753 1
77941 1
78025 2
78241 1
78245 1
78385 1
78417 1
78425 1
78713 1
78761 1
78989 1
79105 2
79129 1
79133 1
79137 1
79217 1
79309 1
79361 1
79525 1
79533 1
79573 1
79745 2
80533 1
80545 2
80737 1
80897 1
80977 1
81113 1
81245 1
81353 1
81369 1
81373 1
81549 1
81917 1
81925 1
82249 1
82421 1
82681 1
82757 1
83025 1
83057 1
83169 1
83257 1
83537 1
83585 1
83673 1
83689 1
83717 1
83821 1
83929 1
83969 2
84109 1
84197 1
84285 1
84589 1
84629 1
84685 1
84793 1
84941 1
85045 1
85193 1
85289 1
85357 1
85361 1
85433 2
85465 3
85517 1
85889 1
85949 1
85977 1
86045 1
86105 1
86125 1
86333 1
86409 1
86425 2
86437 2
86461 1
86517 1
86525 1
86557 1
86749 2
86797 2
86965 2
87025 1
87029 1
87061 1
87089 2
87121 1
87277 1
87281 1
87641 1
87697 1
87817 1
87821 1
87893 1
87905 1
87965 2
87977 1
88045 1
88153 1
88225 1
88577 1
88589 1
88765 1
88789 1
88805 1
88853 1
88985 1
89109 1
89185 1
89429 1
89461 1
89533 1
89653 1
89725 1
89809 1
89825 1
89917 1
90001 1
90025 1
90121 1
90157 1
90161 1
90169 2
90301 1
90485 1
90653 1
90857 1
90925 1
90961 1
91205 1
91277 1
91405 1
91429 1
91477 1
91521 1
91645 1
91813 1
91825 1
91845 2
91953 1
92025 1
92053 1
92105 1
92305 1
92429 1
92593 1
92765 1
92777 1
92905 1
92965 1
93089 1
93257 1
93425 1
93497 1
93517 1
93573 1
93717 1
94049 1
94285 1
94309 1
94321 1
94573 1
94625 1
94865 1
94945 1
95157 1
95317 1
95481 1
95485 1
95665 1
95693 2
95805 1
95825 1
95849 1
95953 1
96057 1
96089 1
96161 1
96181 1
96433 1
96545 1
96637 2
96641 1
96713 1
96885 1
97133 1
97165 1
97353 1
97397 1
97417 1
97465 1
97861 1
97969 1
98113 1
98125 1
98293 1
98305 1
98433 1
98453 1
98765 3
98837 1
99081 1
99221 1
99261 2
99437 1
99569 1
99865 1
99945 1
99965 1
100009 1
100081 1
100085 2
100249 1
100321 1
100493 1
100521 1
100525 1
100589 1
100621 1
101161 1
101205 1
101225 1
101377 1
101389 1
101413 1
101565 1
101653 1
101725 3
101833 1
101853 1
101861 1
101881 1
102017 1
102065 2
102085 1
102213 1
102409 1
102425 1
102625 1
102645 2
102661 1
102785 1
102929 1
102973 1
103025 2
103041 1
103077 2
103129 1
103205 1
103237 1
103321 1
103357 1
103365 1
103525 1
103769 1
103825 1
103849 1
103909 1
104045 1
104365 1
104645 1
104677 1
104801 1
104813 1
105057 1
105345 1
105389 1
105625 2
105773 1
105893 1
105949 2
106065 1
106085 1
106109 1
106265 1
106345 2
106649 1
106749 1
106945 1
107033 1
107165 1
107665 1
107797 1
107873 1
107945 1
108025 1
108209 1
108225 1
108245 1
108341 1
108373 1
108425 1
108517 1
108641 1
108697 1
108877 1
108901 1
108945 1
109085 1
109141 1
109301 1
109429 1
109465 1
109513 2
109561 1
109685 1
109989 1
110125 1
110185 1
110269 1
110393 1
110545 1
110585 1
110609 1
110833 1
110953 1
111161 1
111289 1
111301 1
111565 1
111593 1
111673 1
111677 1
111781 1
111809 1
111865 1
112073 1
112085 1
112149 1
112185 2
112429 1
112433 1
112517 1
112597 1
112645 2
112905 1
112977 1
113249 1
113473 1
113521 1
113669 1
113805 1
113893 1
113917 1
114341 2
114353 1
114417 1
114829 1
114865 1
114929 1
114937 1
114957 1
114985 2
115013 1
115037 1
115065 1
115085 1
115153 1
115169 1
115177 1
115333 1
115361 1
115525 1
115649 2
115769 1
115789 1
115821 1
115945 1
116069 1
116073 1
116269 1
116317 1
116365 1
116685 1
116849 1
116989 1
117225 1
117325 1
117493 1
117625 2
117685 1
117701 2
117713 1
117793 1
117805 2
117837 1
117845 1
117881 1
117925 1
118053 1
118193 2
118217 1
118285 1
118337 1
118549 1
118733 1
118825 1
118945 1
118989 1
119045 1
119081 1
119089 1
119169 1
119221 1
119281 1
119285 1
119297 1
119425 2
119585 1
119797 1
119825 1
120049 1
120077 1
120121 1
120181 1
120185 1
120469 1
120545 1
120553 1
120941 1
121189 1
121193 2
121273 1
121329 1
121433 3
121465 2
121565 1
121729 1
121745 1
121805 1
122005 1
122345 1
122377 1
122549 1
122825 2
122909 1
123197 1
123461 1
123665 1
123705 1
123869 1
124249 1
124253 1
124345 1
124381 1
124633 1
124673 1
124801 1
125109 1
125185 1
125365 1
125393 1
125505 1
125525 1
125605 1
125645 1
125757 1
125897 1
125905 1
125941 2
125981 1
126041 1
126089 1
126349 1
126509 1
126725 1
126817 1
126961 1
126997 1
127313 1
127361 1
127385 1
127453 1
127717 1
127825 1
127829 1
127873 1
127933 1
127973 1
128025 1
128125 1
128385 1
128525 1
128565 1
128605 1
128693 1
128761 1
128789 1
128885 1
128945 1
129061 1
129197 1
129253 1
129365 1
129385 1
129985 1
130013 1
130145 1
130217 1
130329 1
130337 1
130441 1
130481 1
130645 1
130689 1
130825 1
130973 1
131069 1
131125 1
131477 1
131625 1
131665 1
131797 1
132005 1
132017 1
132257 2
132413 1
132505 1
132553 1
132725 1
132925 1
133025 1
133445 2
133457 1
133625 1
133709 1
133885 1
133901 1
134269 1
134293 1
134361 1
134705 1
134753 1
134765 1
134789 1
134797 1
134905 1
134929 1
135221 1
135505 1
135529 1
135805 1
136133 1
136165 1
136405 1
136417 1
136465 1
136485 1
136945 1
137069 1
137273 1
137393 1
137525 1
137641 1
137785 1
137825 1
137853 1
138065 1
138797 1
138905 1
138925 1
138937 1
139129 1
139285 1
139453 1
139525 1
139609 1
139805 1
139997 1
140065 1
140149 1
140557 1
140593 2
140605 2
140629 1
140689 1
140769 1
140821 1
140837 1
141557 1
141629 1
141905 1
142085 1
142225 1
142277 1
142477 1
142897 1
143225 2
143401 1
143573 1
143597 1
143845 1
143965 1
144029 1
144041 1
144217 1
144261 1
144425 1
144565 1
144797 1
145645 1
145729 1
146213 1
146417 1
146425 1
146777 1
146885 1
147001 1
147097 1
147845 1
147985 1
148325 1
148525 1
148805 1
148853 1
149117 1
149257 1
149357 1
149725 1
149773 1
149989 1
150093 1
150169 1
150341 1
150345 1
151633 1
151769 1
151885 1
152541 1
153085 1
153145 1
153949 1
153953 2
154265 1
154481 1
154921 1
155185 1
155233 1
155261 1
155581 1
155585 1
155745 1
155797 2
155965 1
156425 1
156797 1
156949 1
157153 1
157261 1
157625 1
158337 1
158509 1
158525 1
158841 1
159133 1
159245 1
160025 1
161585 2
161773 1
161857 1
162045 1
162409 1
163629 1
163657 1
165085 1
165325 1
165845 1
166505 1
166685 1
167185 1
168101 1
168925 1
168957 1
169405 1
170077 1
170273 1
170549 1
170705 1
170893 1
171581 1
171925 1
172625 1
173897 1
174397 1
174785 2
175457 1
177437 1
179073 1
180893 1
182377 1
183497 1
186209 1
186957 1
187153 1
188933 1
189325 1
189481 1
189549 1
190457 1
191057 1
191545 1
192249 1
193121 1
193961 1
194129 1
194329 1
194333 1
194881 1
195893 1
197361 1
197425 1
198389 1
198845 1
199757 1
200125 1
200385 1
202757 1
203365 1
204709 1
205525 1
205693 1
207937 1
208301 1
209061 1
210085 1
211133 1
211609 1
212125 1
212665 1
212717 1
212801 1
214033 1
215525 1
216977 1
217009 1
219025 1
219249 1
219685 1
221845 1
222993 1
227789 1
228773 1
229445 1
231557 1
235549 1
237977 1
239513 1
241825 1
242237 1
245429 1
247333 1
248629 1
255085 1
255349 1
255385 1
255713 1
255973 1
256565 1
256765 1
263185 1
263237 1
263269 1
264245 1
265625 1
267293 1
267325 1
268189 1
268765 1
270533 1
277765 1
277873 1
278809 1
279513 2
286369 1
286525 1
287521 1
287825 1
293121 1
295285 1
297601 1
298197 1
298537 1
300925 1
301725 1
304709 1
314689 1
326077 1
327353 1
327409 1
330641 1
332561 1
334469 1
337817 1
341045 1
342577 1
349325 1
350753 1
351305 1
351793 1
357433 1
357773 1
358009 1
360081 1
360097 1
361217 1
365545 1
366061 1
368465 1
374701 1
374905 1
376093 1
378241 1
378709 1
378801 1
379989 1
380185 1
381713 1
382653 1
383945 1
385705 1
387053 1
387325 1
388229 1
389285 1
390625 3
393245 1
395705 1
397125 1
397741 1
398225 1
398357 1
398925 1
399317 1
399449 1
399785 1
401365 1
404785 1
405457 1
405773 1
406345 1
407885 1
408805 1
410561 1
411121 1
411237 1
411365 1
411665 1
412693 1
413005 2
413125 1
413465 1
413533 1
414961 1
415577 1
416029 1
416509 1
417317 1
417325 1
417485 1
417757 1
417845 1
418961 1
419165 1
419953 1
420265 1
420345 1
421273 1
421525 1
421929 1
423229 1
423701 1
424181 1
424377 1
424701 1
424901 1
424957 1
425401 1
425737 1
426425 1
426625 1
427837 1
428129 1
429041 1
429237 1
429601 1
430741 1
431177 1
431525 1
431653 1
431665 1
432017 1
432049 1
433045 1
433093 1
433253 1
433693 1
433925 1
434285 2
434425 1
435305 1
435609 1
435681 1
436213 1
436397 1
436937 1
436957 1
436969 1
437625 1
438365 1
438869 1
439669 1
441013 1
442273 1
442369 1
443565 1
443725 1
443825 1
443845 1
445033 1
445361 1
445789 1
445913 1
445957 1
446449 1
446513 1
446585 2
446665 1
448073 1
448625 1
449341 1
449525 1
450341 1
451109 1
451301 1
451633 1
451665 2
452313 1
452425 1
452545 1
452809 1
452869 1
452933 1
452945 1
453265 1
453329 1
453377 1
454357 1
454393 1
454397 1
454501 2
454637 1
454805 1
455725 1
455881 1
455949 2
456201 1
457097 2
457145 1
458065 1
458541 1
459229 1
459693 2
459709 1
459773 1
459973 1
461045 1
461365 1
462689 1
462761 1
462929 1
463625 1
463761 1
463765 1
463777 1
463797 1
463921 1
464085 2
464425 1
464437 1
465413 1
465565 1
466065 1
466745 1
467389 1
467441 1
467865 1
467905 1
467933 1
467977 2
468081 1
468385 2
468585 1
469289 1
469481 1
469801 1
470645 1
470677 1
470821 1
471973 1
472033 1
472165 1
472277 1
472997 1
473393 1
473705 1
474305 1
475745 2
475877 1
476149 1
476181 1
476221 1
476269 1
476657 1
477517 1
477677 2
477805 1
477881 3
478913 1
478945 1
479081 1
479417 1
479593 1
479953 1
480253 1
480397 1
480573 1
481149 1
481637 1
481925 1
482165 3
483061 1
483169 1
483701 1
483809 1
483845 1
484049 1
484585 1
484641 1
485145 1
485825 1
486005 1
486385 1
487285 1
487409 1
487429 1
487829 1
487925 1
488637 1
488745 1
488925 1
489385 2
490049 1
490625 1
490729 1
490961 1
491465 1
491501 1
491545 2
492077 1
492425 1
492697 1
492813 1
492829 1
492885 1
492973 1
493225 1
494209 1
494225 1
494245 1
494309 1
494405 1
494533 1
494693 1
494885 1
495641 1
495905 2
496145 1
496705 2
497125 1
497281 1
497601 1
498181 1
498485 1
498661 2
498789 1
499277 1
499913 1
500249 1
500293 1
501433 1
501489 1
501553 1
501705 1
502105 1
502745 1
502937 1
503357 1
503473 1
504181 2
505189 2
505525 1
505665 1
506817 1
506993 1
507569 1
508405 1
508565 1
508625 1
509393 1
509917 1
509965 1
510085 1
510421 1
510525 1
511225 2
511229 2
511261 1
511289 1
511369 1
511421 1
511481 1
511801 1
512825 1
512881 1
513881 1
514089 2
514153 1
514345 1
514489 1
514989 2
515525 2
515749 1
515813 1
516365 1
516977 2
516997 1
517205 1
517217 1
517445 1
518185 1
518689 1
518841 1
518929 1
520241 1
520249 1
521293 1
521509 1
522125 1
522765 1
522829 1
524201 1
524465 2
524801 1
524905 1
525641 1
525769 2
525821 1
525881 2
527077 2
528301 1
528545 1
528593 1
530273 1
530425 1
530609 1
531353 1
531541 1
532901 1
533205 1
534125 1
534365 1
534617 1
534761 2
535517 1
535833 1
536113 1
536185 1
536265 1
537305 1
537433 1
538313 1
539381 1
540289 1
540421 1
540801 1
541865 1
542225 1
542657 1
542785 1
543173 2
543185 2
543745 1
544669 1
546137 2
546697 1
547145 1
547609 1
547825 1
549145 1
549657 1
550565 1
550685 1
550789 1
551005 1
552053 1
552193 1
552305 1
552445 1
552449 1
554625 1
555061 1
555169 1
556517 1
556637 1
556741 1
558073 1
558493 1
559453 1
559529 1
561001 1
561101 1
562445 1
562669 1
562725 1
564037 1
564577 1
565585 1
565729 1
565865 1
566233 1
567409 1
567585 1
569141 1
570041 1
571321 1
571825 1
573245 1
573449 1
576085 1
576657 1
576865 1
577601 2
577889 1
582845 1
583865 1
587285 1
587845 2
590113 1
597593 1
602257 1
610861 1
612265 1
613489 1
618021 1
621065 1
625189 1
638173 1
649805 1
650077 1
656125 1
656725 1
670797 1
678485 1
687433 1
690125 1
696517 1
697421 1
700669 1
702269 1
705601 1
715049 1
720817 1
733465 1
734645 1
738281 1
745093 1
748481 1
748625 1
755945 1
757125 1
760505 1
762129 1
762805 1
763029 1
764501 1
771173 1
773041 1
773425 1
778653 1
784521 1
785837 1
787025 1
790385 1
793881 1
795785 1
796505 1
808085 1
808777 1
810289 1
810841 1
811805 1
813685 1
813725 1
813965 1
823805 1
832033 1
834593 1
835445 1
839081 2
841913 1
848161 1
848245 1
848497 1
850093 1
852605 1
853777 1
853825 1
855661 1
857701 1
859333 1
859365 1
861209 1
861233 1
862273 1
864925 1
865069 1
865989 1
870633 1
870973 1
871645 1
872253 1
872717 1
874481 1
876121 1
878369 1
881725 1
881865 1
883649 1
886625 1
889213 1
889649 1
891577 1
893025 1
893125 1
895037 1
896813 1
898713 1
898825 1
902525 1
903125 1
904545 1
905425 1
906473 1
908245 1
909065 1
910125 1
910477 2
910557 1
912169 1
913937 1
913961 1
914377 1
915885 1
917845 1
918989 1
919681 1
919685 1
919717 1
919877 1
920977 1
922041 1
922225 1
923777 1
925525 1
925669 1
927369 1
927693 1
929297 1
929377 1
929921 1
933157 1
933381 1
935489 1
937249 1
939157 1
940725 1
940909 2
941261 1
941629 1
942857 1
942985 1
943097 1
944793 1
945225 1
946733 1
946829 1
948677 1
948725 1
950661 1
950689 1
950881 1
951649 1
952865 1
954545 1
954673 2
954785 1
954929 1
956493 1
956565 1
957709 1
958445 1
958637 2
960481 1
961129 1
962461 1
962505 1
962557 1
963037 1
963805 1
964853 1
966325 1
966545 1
968265 1
970225 1
970229 1
970241 1
974173 1
974233 2
976145 2
976153 1
976585 1
976873 1
978521 1
978905 1
980221 2
980253 1
980541 1
981189 1
981781 1
982481 1
982565 1
982657 1
982757 1
984113 1
984505 1
984689 1
986053 1
986065 1
986193 1
986725 1
988037 1
988117 1
988661 1
988965 1
989105 1
989557 1
990025 1
990029 1
990041 1
990221 1
992017 2
992025 3
992065 1
992977 1
993537 1
994333 1
995609 1
996029 1
996053 1
996733 1
998001 1
998005 1
998401 1
998485 1
999601 1
1000001 1
1000025 1
1000081 1
1000289 1
1000841 1
1001369 1
1002101 1
1002357 1
1003765 1
1003937 1
1004085 1
1004365 1
1006109 1
1006265 2
1007305 1
1008025 2
1008041 1
1008097 1
1008185 2
1008241 1
1008857 1
1010029 1
1010169 2
1010221 1
1012085 1
1013885 1
1014065 1
1014373 2
1016089 1
1016233 1
1016289 1
1018089 1
1018097 1
1018145 1
1018181 1
1018337 1
1019105 1
1020125 1
1020461 1
1020629 1
1020725 1
1020941 1
1021325 1
1022125 1
1022137 1
1022265 1
1022317 2
1022445 1
1024169 1
1024313 1
1024369 1
1024769 1
1025721 1
1025825 1
1026185 1
1026205 2
1026493 1
1026569 1
1026845 1
1027325 1
1028245 1
1028277 1
1028873 1
1030241 2
1030289 1
1030709 1
1031009 1
1032257 1
1032281 1
1032425 1
1032481 1
1032545 1
1034293 1
1034325 1
1034965 1
1036325 2
1036405 1
1036549 2
1036685 1
1036789 1
1038557 1
1039037 1
1039657 1
1040449 1
1040569 1
1041489 1
1042457 2
1043117 1
1044493 1
1044653 1
1045013 1
1045573 1
1045709 1
1046593 1
1046673 1
1046929 1
1047293 1
1047825 1
1047973 1
1048657 1
1048697 1
1048801 1
1049105 1
1049945 1
1050881 1
1052685 1
1052797 1
1054045 1
1054733 1
1054829 1
1054925 1
1055213 2
1056865 2
1057145 1
1058153 1
1058857 1
1058877 1
1059517 1
1059625 1
1059741 1
1061861 1
1062997 1
1063157 1
1065033 1
1065313 1
1065553 1
1067125 1
1067345 1
1069157 1
1069181 1
1070245 1
1071481 1
1073297 1
1073465 1
1073585 1
1073657 1
1073737 1
1077469 1
1077493 1
1077973 1
1078285 1
1079537 1
1079557 1
1079621 1
1080197 1
1081601 1
1081681 1
1081889 1
1083685 1
1083937 2
1084005 1
1084081 2
1085765 1
1085789 1
1085933 1
1087853 1
1087865 1
1088333 1
1088873 1
1089005 1
1089961 1
1090017 1
1090161 1
1090297 1
1092061 1
1094117 1
1094141 1
1094477 1
1096213 1
1096405 1
1096609 1
1096693 1
1096885 1
1098313 1
1098425 1
1098529 1
1098929 1
1100597 1
1100657 2
1100801 1
1102501 1
1102861 1
1105085 1
1106729 1
1107329 1
1107929 1
1109133 1
1110941 1
1113601 1
1114789 1
1115185 1
1115217 1
1115497 1
1115665 1
1115865 1
1117393 1
1117505 1
1117573 1
1117733 1
1119373 1
1119413 1
1119589 1
1120453 1
1121517 1
1121581 1
1123721 1
1123961 1
1125865 1
1125977 1
1126045 1
1127925 1
1128285 1
1129969 1
1129985 1
1130369 1
1132105 1
1132321 1
1132625 1
1135249 1
1136405 1
1136525 1
1138493 2
1140849 1
1141465 1
1142825 1
1142861 1
1142957 1
1144949 1
1145021 1
1145189 1
1145261 1
1145629 1
1147525 1
1149193 1
1149209 1
1149233 1
1150145 1
1151329 1
1153557 1
1153597 1
1153917 1
1155501 1
1155725 1
1156025 1
1157825 1
1157857 1
1158217 1
1159993 1
1161529 1
1162109 1
1162165 1
1162253 1
1162845 1
1164497 1
1168661 1
1168801 1
1168817 1
1170805 1
1170845 1
1171565 1
1172905 1
1177289 1
1177421 1
1181569 1
1181669 1
1181825 1
1185937 1
1186117 1
1188149 1
1191725 1
1192513 1
1193089 1
1194905 1
1196845 1
1196957 1
1197277 1
1199809 1
1199925 1
1201297 1
1201945 1
1203665 1
1208005 1
1208057 1
1212265 1
1216613 1
1216933 1
1218841 1
1223237 1
1229885 1
1229897 1
1231037 1
1232149 1
1232941 1
1234421 1
1236545 1
1236569 1
1238769 1
1239093 1
1241221 1
1243369 1
1245457 1
1248365 1
1251289 1
1251949 1
1252945 1
1256645 1
1257317 1
1258885 1
1261133 1
1263817 1
1265661 1
1267885 1
1272385 1
1272673 1
1277021 1
1277189 1
1279357 1
1281433 1
1281449 1
1281545 1
1282385 1
1284173 1
1286125 1
1286245 1
1286797 1
1287181 1
1288229 1
1288241 1
1288549 1
1290721 1
1295125 1
1297253 1
1297385 1
1297577 1
1299601 1
1299721 1
1304525 1
1306773 1
1309025 1
1311221 1
1313485 1
1313605 1
1318129 1
1331717 1
1338685 1
1343425 1
1343765 1
1350269 1
1350365 1
1357497 1
1364513 1
1366565 1
1383001 1
1383417 1
1388773 1
1423349 1
1466921 1
1590265 1
1651225 1
1651625 1
1659169 1
1664389 1
1667581 1
1669793 1
1672105 1
1677041 1
1677509 1
1682533 1
1684829 1
1687885 1
1690529 1
1700777 1
1703061 1
1710945 1
1711033 1
1711089 1
1711393 1
1713485 1
1714057 1
1718757 1
1718821 1
1718977 1
1721633 1
1732217 1
1737125 1
1737205 1
1737245 1
1738085 1
1742481 1
1743025 1
1743241 1
1747853 1
1755641 1
1756201 1
1761829 1
1761953 1
1763633 1
1764025 1
1764425 1
1768981 1
1769069 1
1774513 1
1775185 1
1776905 1
1778825 1
1779677 1
1779781 1
1780397 1
1782261 1
1782709 1
1783381 1
1787573 1
1791205 1
1794077 1
1795625 1
1798381 1
1798765 1
1801417 1
1801925 1
1805953 1
1806625 1
1806697 1
1807177 1
1809509 2
1812341 1
1814317 1
1816713 1
1817225 1
1818193 1
1819805 1
1823125 1
1825777 1
1830933 1
1832373 1
1833365 1
1833845 1
1847137 1
1847365 1
1848997 1
1857069 1
1858093 1
1858345 2
1860545 1
1860665 1
1861457 1
1865725 1
1866485 1
1869173 1
1869713 1
1874837 1
1891025 1
1891781 1
1898933 1
1899173 1
1899245 1
1899725 1
1903405 1
1904425 1
1913173 1
1921437 1
1923869 1
1926905 2
1927633 1
1928225 1
1932101 1
1933325 1
1934981 1
1937673 1
1940465 1
1941605 1
1943525 1
1943677 1
1946169 1
1948937 1
1949041 1
1949905 1
1951613 1
1952093 1
1954453 1
1957601 1
1957985 1
1960009 1
1960361 1
1960441 1
1963585 1
1965893 1
1965965 1
1968473 1
1968809 1
1968893 1
1971241 1
1971945 1
1974061 1
1974089 1
1974169 1
1974349 1
1976845 1
1976861 1
1977277 1
1977461 1
1985765 1
1991245 1
1991321 1
1993969 1
1994033 1
1994473 1
1996825 1
1996893 1
1997145 1
1999925 1
2002241 1
2003669 1
2005065 1
2005225 1
2005417 1
2005497 1
2006281 1
2007893 1
2008085 1
2009653 1
2010733 1
2022709 1
2025605 1
2059369 1
2093845 1
2378053 1
2993861 1
3515661 1
3541973 1
3744481 1
3755869 1
3814225 1
3818557 1
3822029 1
3837697 1
3865381 1
3869345 1
3869665 2
3940325 1
4121429 1
4778605 1
5294745 1
5299285 1
5939113 1
6051961 1
6056557 1
6421885 1
6549265 1
6569293 1
6661577 1
6756097 1
6760025 1
6760529 1
6817325 1
6833005 1
6838369 1
6885377 1
6903245 1
6927449 1
6933365 1
6949025 1
6996041 1
7060049 1
7136945 1
7155641 1
7206665 1
7242637 1
7268777 1
7322445 1
7322605 1
7329965 1
7341597 1
7365965 1
7376881 1
7385933 1
7404517 1
7459517 1
7470585 1
7474837 1
7491169 1
7524193 1
7540565 1
7573585 1
7634169 1
7640425 1
7672949 1
7761805 1
7790165 1
7805205 1
7835077 1
7902397 1
8128345 1
8134025 1
8151601 1
8191333 1
8197345 1
8220013 1
8220589 1
8236925 1
8254193 1
8259957 1
8260101 1
8266109 1
8271425 1
8283725 1
8294425 1
8295025 2
8352101 1
8352829 1
8352941 1
8357897 1
8358137 1
8358665 1
8369549 1
8370473 1
8375525 1
8376917 1
8381041 1
8386841 1
8392673 1
8393393 1
8404301 1
8404457 1
8410009 2
8415805 1
8421773 1
8423453 1
8428309 1
8433745 1
8439701 1
8456545 1
8468149 1
8474177 1
8474497 1
8486865 1
8503057 1
8503065 1
8508905 1
8509289 2
8516093 1
8520961 1
8522005 1
8523265 1
8526569 1
8532277 1
8532917 1
8533685 1
8538093 1
8543929 1
8544829 1
8585741 1
8590957 1
8632069 1
8638621 1
8643825 1
8662149 1
8680765 1
8685005 1
8697385 1
8710165 1
8762129 1
8833313 1
8904257 1
9036397 1
9048505 1
9079769 1
9096337 1
9127341 1
9141029 1
9189461 1
9413465 1
9529969 1
9573125 1
9891025 1
9904285 1
10030033 1
10291313 1
10427341 1
10976113 1
11175973 1
11310345 1
11792381 1
12852241 1
13235125 1
13470421 1
13477141 1
13645757 1
14062525 1
