N J h mean_R_sq err_mean_R_sq mean_R_gyr_sq err_mean_R_gyr_sq 
1600 1.36 0 5790.56 282.595 1028.24 32.1936
1 1
5 1
29 4
41 1
45 1
73 1
85 2
121 1
125 1
145 1
169 2
185 2
205 1
221 2
229 1
233 1
245 2
289 1
325 1
333 1
337 1
373 1
377 1
405 1
421 1
425 1
441 1
445 1
481 1
485 2
493 1
505 1
521 1
529 1
545 1
557 1
585 1
625 1
629 1
653 1
661 3
673 2
685 1
689 1
697 1
709 1
733 1
745 1
765 2
773 1
793 1
801 1
841 1
865 1
881 1
925 2
929 1
937 1
949 2
965 1
981 2
985 1
1025 2
1037 1
1073 3
1093 1
1105 1
1109 1
1129 2
1165 1
1201 1
1205 2
1217 1
1225 2
1233 1
1241 1
1249 1
1277 1
1285 1
1297 1
1305 1
1325 3
1373 2
1385 2
1417 2
1469 1
1521 3
1537 1
1549 2
1565 1
1585 1
1597 1
1609 1
1625 2
1629 1
1649 1
1657 1
1681 1
1685 2
1717 2
1733 1
1745 1
1765 1
1769 1
1777 1
1801 2
1825 3
1845 1
1877 1
1885 3
1889 2
1921 1
1933 1
1945 1
1973 1
1997 1
2005 1
2009 1
2041 1
2089 1
2097 1
2125 1
2165 1
2169 1
2225 1
2249 1
2257 3
2285 1
2309 1
2313 1
2329 1
2341 1
2353 1
2381 1
2389 1
2405 1
2441 1
2473 1
2477 1
2501 1
2525 5
2533 1
2545 1
2549 2
2581 1
2593 1
2657 1
2665 1
2689 1
2693 1
2701 3
2705 1
2745 1
2777 1
2789 1
2813 1
2817 1
2837 1
2853 1
2857 1
2873 2
2925 2
2965 1
2977 1
2993 2
3005 1
3025 2
3133 1
3137 1
3141 1
3145 4
3181 1
3185 1
3217 2
3233 2
3253 1
3293 2
3301 1
3321 1
3329 1
3385 1
3393 1
3413 1
3425 2
3433 1
3449 1
3497 1
3517 1
3541 1
3573 2
3581 1
3613 1
3625 2
3637 1
3649 1
3653 1
3673 1
3725 2
3737 1
3761 1
3785 1
3789 1
3793 1
3825 1
3869 2
3897 1
3925 1
3929 1
3973 1
3989 1
4001 1
4005 1
4033 2
4073 3
4093 3
4105 1
4113 1
4129 1
4141 1
4149 1
4157 1
4165 1
4181 1
4225 1
4241 1
4261 2
4265 2
4273 1
4297 1
4325 2
4349 1
4361 1
4365 1
4405 1
4453 1
4469 1
4537 1
4553 1
4581 1
4589 1
4625 2
4645 1
4649 1
4705 2
4717 1
4721 1
4745 1
4765 1
4777 1
4869 1
4885 1
4889 1
4901 1
4905 2
4913 1
4933 1
4993 1
5021 1
5065 1
5121 1
5245 3
5249 2
5265 1
5273 1
5281 1
5305 1
5317 1
5321 1
5333 1
5345 1
5365 1
5381 2
5429 1
5441 1
5465 1
5485 1
5557 1
5581 1
5645 1
5669 1
5701 1
5717 1
5725 1
5733 1
5749 1
5765 1
5777 2
5857 1
5897 1
5941 3
5945 1
5989 1
6001 1
6005 1
6037 1
6065 2
6085 1
6089 1
6185 1
6229 1
6245 1
6273 2
6329 1
6341 2
6385 1
6389 2
6401 1
6409 1
6425 1
6445 1
6449 1
6473 2
6481 1
6637 2
6649 1
6705 1
6709 1
6725 1
6761 1
6817 1
6877 1
6889 1
6917 1
6925 1
6949 1
6953 2
6977 1
6997 1
7025 1
7033 1
7057 1
7081 2
7085 2
7105 1
7141 1
7145 1
7225 1
7261 2
7289 1
7349 1
7421 1
7453 3
7501 1
7577 1
7589 1
7625 1
7633 1
7685 1
7709 1
7765 1
7785 1
7789 1
7857 2
7925 1
8009 1
8089 2
8101 2
8149 1
8177 3
8245 1
8249 1
8321 1
8465 2
8497 1
8521 1
8537 1
8633 1
8653 1
8713 1
8725 1
8749 1
8765 1
8801 1
8825 1
8865 2
8885 1
9081 1
9113 1
9125 1
9137 1
9217 1
9241 1
9245 1
9265 1
9337 1
9425 1
9497 1
9509 1
9553 1
9565 1
9605 2
9653 1
9665 1
9745 1
9857 1
9865 1
9881 1
9893 1
9925 3
9929 1
10001 1
10025 1
10057 2
10061 1
10133 1
10169 1
10193 1
10289 1
10309 1
10321 1
10337 1
10413 1
10485 1
10525 1
10553 1
10729 1
10765 1
10845 1
10877 2
10949 1
10953 1
10985 2
11057 1
11061 1
11069 1
11125 1
11225 1
11349 1
11465 1
11665 1
11729 1
11849 1
12037 1
12041 1
12185 1
12221 1
12337 1
12461 1
12505 1
12625 1
13085 1
13325 1
13345 1
13513 1
13625 1
13781 1
13801 1
13817 1
13925 1
13945 1
13957 2
13985 1
14045 1
14261 1
14537 1
14569 1
14677 1
14869 1
14929 1
15053 1
15205 1
15385 1
15569 1
15725 1
15905 1
15957 1
16229 1
16249 1
16613 1
17393 1
17473 1
17833 1
18065 1
18709 1
19225 1
19553 1
19709 1
19793 1
19937 1
20025 1
20221 1
20225 1
20485 1
20561 1
20705 1
21085 1
21349 1
21737 1
21941 1
25009 1
45945 1
50753 1
