N J h mean_R_sq err_mean_R_sq mean_R_gyr_sq err_mean_R_gyr_sq 
8100 1.388 0 357090 326776 49591.5 44167.8
5 1
13 2
25 1
29 1
37 2
41 2
45 3
49 1
53 1
61 2
65 5
73 1
81 1
85 3
89 2
97 2
101 1
109 1
113 2
117 1
125 1
145 2
157 1
169 2
173 3
193 1
197 4
205 5
225 2
229 1
233 2
241 1
245 2
257 5
265 6
269 2
277 3
281 3
289 2
305 2
313 1
317 1
325 5
333 2
337 2
349 1
353 2
361 1
365 4
369 1
373 1
377 4
389 3
401 2
409 1
421 1
425 4
433 3
441 1
445 1
449 2
457 1
461 4
477 1
481 4
485 1
493 3
505 6
509 2
521 1
533 2
545 2
549 1
565 2
585 1
593 1
601 2
605 3
625 2
629 3
637 2
641 3
653 1
657 2
661 1
685 4
689 2
697 4
725 12
733 5
745 2
757 1
761 2
765 1
769 1
773 1
785 4
793 3
797 1
801 3
809 1
821 1
829 2
833 2
841 2
845 3
853 1
857 1
865 11
873 1
877 4
881 1
901 7
905 1
909 1
925 1
929 1
937 2
941 3
949 4
953 1
961 3
965 2
977 1
981 3
985 2
997 2
1009 4
1013 2
1017 2
1021 2
1025 3
1033 3
1037 3
1049 1
1061 2
1069 1
1073 3
1089 1
1093 2
1097 2
1105 4
1109 3
1117 3
1125 5
1129 1
1145 8
1153 1
1157 3
1165 4
1181 2
1189 3
1201 5
1205 2
1213 3
1217 3
1225 3
1229 1
1233 3
1241 1
1249 7
1261 4
1277 5
1285 4
1289 3
1297 4
1305 4
1313 3
1321 1
1325 12
1341 1
1345 2
1361 1
1369 2
1373 2
1381 2
1385 1
1405 6
1409 2
1413 3
1417 5
1429 5
1433 3
1445 4
1453 2
1465 4
1469 2
1481 3
1489 2
1493 1
1513 8
1517 2
1521 2
1525 6
1537 1
1549 1
1553 1
1557 1
1565 4
1573 3
1585 4
1597 1
1601 2
1609 3
1613 4
1621 2
1625 7
1629 2
1637 2
1649 2
1657 2
1665 2
1669 1
1681 3
1685 3
1697 1
1721 1
1733 1
1737 1
1745 4
1753 1
1765 2
1769 4
1773 2
1777 2
1781 2
1789 4
1801 1
1805 1
1813 1
1825 2
1845 7
1849 2
1853 3
1861 1
1865 8
1877 2
1885 4
1889 1
1901 3
1913 1
1921 6
1933 2
1937 3
1945 2
1949 2
1961 2
1973 3
1985 2
1989 6
1993 4
1997 2
2005 3
2009 1
2025 1
2041 5
2053 1
2057 1
2061 4
2069 2
2081 1
2097 3
2105 6
2113 2
2117 5
2125 4
2137 1
2141 1
2153 1
2161 4
2169 1
2173 3
2197 1
2205 2
2213 2
2221 2
2225 6
2237 2
2245 4
2249 2
2257 6
2273 5
2281 1
2285 2
2293 2
2297 3
2305 6
2313 2
2329 3
2333 1
2341 5
2349 2
2353 4
2357 1
2377 2
2381 2
2385 3
2393 1
2401 1
2405 8
2421 1
2425 7
2437 2
2441 2
2465 11
2473 1
2477 1
2493 2
2501 4
2509 5
2521 1
2525 3
2529 3
2533 3
2545 4
2549 4
2557 2
2561 1
2581 4
2597 1
2601 4
2605 4
2609 1
2621 2
2633 1
2637 2
2645 2
2657 2
2665 2
2669 5
2677 1
2689 2
2693 2
2701 3
2705 1
2725 1
2729 1
2745 4
2749 1
2753 3
2777 1
2785 8
2789 2
2797 2
2825 3
2833 4
2837 5
2845 1
2853 2
2857 1
2861 2
2873 7
2885 2
2897 1
2909 1
2917 3
2925 2
2929 3
2941 5
2957 3
2965 2
2977 2
2989 2
2993 3
3001 2
3005 3
3025 3
3029 7
3033 1
3037 4
3041 5
3061 2
3065 2
3077 1
3085 3
3109 3
3125 4
3133 4
3137 1
3145 8
3161 2
3169 2
3177 2
3181 2
3185 2
3209 3
3217 1
3221 4
3229 5
3233 3
3253 2
3257 1
3265 4
3277 1
3281 2
3285 5
3293 3
3305 7
3313 1
3321 4
3329 1
3341 2
3349 2
3357 1
3361 1
3365 1
3373 4
3389 2
3393 3
3413 2
3425 6
3433 1
3445 9
3449 2
3457 3
3469 1
3481 1
3485 7
3497 5
3501 2
3505 2
3509 1
3529 5
3533 2
3541 1
3545 3
3573 2
3577 1
3581 3
3589 3
3593 1
3601 3
3609 4
3613 2
3617 1
3625 5
3645 3
3649 2
3665 2
3673 1
3677 2
3681 3
3697 2
3721 2
3725 2
3733 1
3737 3
3757 1
3761 2
3785 4
3789 1
3793 1
3805 1
3809 5
3821 1
3825 9
3833 3
3845 2
3853 2
3865 4
3869 5
3877 1
3889 1
3893 3
3897 1
3925 8
3929 3
3961 4
3965 5
3973 2
3977 1
3985 3
3989 1
4001 1
4005 3
4013 2
4021 1
4033 3
4041 2
4045 4
4049 3
4057 2
4069 3
4073 1
4093 4
4097 1
4105 4
4113 1
4121 4
4129 3
4141 1
4145 2
4149 1
4157 3
4165 1
4177 3
4181 2
4201 2
4205 4
4217 2
4225 7
4229 1
4261 1
4265 2
4285 2
4293 5
4297 3
4321 3
4325 6
4329 2
4337 1
4365 1
4369 3
4373 1
4381 5
4385 3
4397 4
4405 3
4409 2
4421 5
4437 3
4441 1
4453 3
4457 2
4477 2
4481 2
4489 1
4493 3
4505 4
4513 2
4517 2
4525 7
4537 2
4545 3
4549 1
4553 3
4573 5
4581 4
4589 5
4597 3
4625 8
4633 3
4637 1
4645 6
4649 1
4657 1
4685 3
4693 1
4705 3
4709 1
4717 4
4729 2
4733 6
4745 7
4753 2
4765 2
4777 1
4797 3
4805 1
4813 4
4825 4
4849 1
4861 2
4869 1
4885 3
4901 7
4905 4
4909 1
4913 1
4925 4
4937 6
4941 1
4957 2
4961 1
4973 3
4981 1
4985 3
4993 1
5009 2
5013 1
5017 5
5021 1
5045 3
5057 3
5065 7
5069 4
5085 2
5101 1
5105 2
5113 3
5121 1
5125 3
5141 3
5161 1
5165 2
5185 4
5189 3
5193 1
5213 9
5233 2
5237 2
5245 1
5249 1
5265 1
5281 1
5297 2
5305 3
5309 2
5317 6
5321 2
5329 1
5337 1
5345 1
5353 3
5365 3
5389 4
5409 2
5413 2
5441 2
5449 1
5465 5
5473 1
5477 1
5485 2
5501 1
5513 3
5517 1
5521 2
5525 7
5545 6
5553 2
5569 2
5581 1
5585 3
5597 1
5617 2
5625 2
5629 5
5641 1
5645 3
5653 3
5657 2
5689 1
5693 4
5713 3
5725 2
5729 2
5733 3
5737 1
5741 3
5749 2
5765 7
5769 2
5777 3
5785 5
5809 1
5813 3
5821 3
5825 4
5837 2
5849 1
5857 1
5861 1
5869 2
5877 2
5881 5
5897 1
5905 1
5917 1
5929 1
5933 2
5941 3
5945 5
5949 1
5953 3
5965 2
5981 2
5989 3
5993 2
6001 3
6005 2
6025 2
6029 1
6037 1
6053 1
6057 1
6065 5
6073 1
6085 1
6089 2
6093 2
6101 1
6109 1
6121 2
6125 4
6133 1
6145 3
6161 2
6165 2
6173 2
6185 2
6205 5
6217 1
6229 2
6245 6
6253 7
6269 3
6273 3
6277 2
6301 3
6317 1
6329 3
6341 2
6353 1
6361 3
6373 2
6381 1
6385 3
6401 2
6409 6
6425 3
6437 5
6445 1
6449 3
6469 3
6473 3
6481 3
6485 4
6497 1
6505 2
6521 1
6525 6
6529 1
6565 6
6569 1
6577 1
6597 3
6605 1
6613 4
6625 4
6637 1
6641 2
6649 3
6653 1
6661 2
6673 3
6689 1
6697 2
6701 1
6705 2
6709 2
6725 4
6733 1
6737 2
6749 2
6761 1
6773 1
6805 3
6817 3
6833 2
6841 1
6845 4
6849 2
6857 1
6869 1
6877 1
6885 2
6889 2
6893 4
6905 6
6917 1
6921 2
6925 4
6929 5
6949 1
6953 2
6961 3
6989 1
6997 2
7025 2
7033 5
7045 1
7057 2
7069 1
7081 4
7085 5
7093 1
7105 2
7109 1
7129 1
7137 2
7141 2
7145 1
7157 3
7165 2
7173 1
7177 1
7193 1
7209 3
7225 12
7237 1
7241 4
7261 3
7265 1
7289 2
7309 1
7325 2
7333 1
7345 10
7369 1
7373 1
7381 4
7389 2
7393 2
7397 2
7405 1
7417 3
7421 2
7445 2
7453 1
7457 3
7461 2
7465 4
7477 4
7481 2
7489 2
7497 1
7501 1
7517 2
7529 1
7537 2
7561 1
7565 4
7569 2
7577 1
7585 6
7589 1
7605 2
7621 3
7625 5
7633 3
7649 1
7677 1
7685 2
7693 2
7709 4
7713 1
7717 1
7741 1
7745 1
7757 1
7769 2
7785 1
7789 3
7793 1
7813 1
7817 1
7825 3
7829 1
7837 1
7857 3
7865 2
7873 1
7877 2
7893 1
7897 3
7901 1
7913 1
7921 3
7925 3
7937 1
7949 1
7957 5
7969 2
7985 6
8005 1
8009 1
8021 1
8033 5
8045 3
8053 2
8065 1
8077 2
8093 2
8101 1
8105 1
8109 1
8125 7
8145 2
8149 1
8177 5
8185 1
8209 1
8221 1
8233 1
8237 1
8245 5
8249 1
8281 2
8285 1
8293 1
8297 2
8321 1
8325 5
8329 2
8345 2
8357 5
8361 3
8377 2
8381 6
8389 1
8405 3
8425 8
8429 2
8433 2
8461 2
8465 2
8469 1
8473 2
8485 1
8489 2
8497 3
8501 2
8513 1
8521 2
8545 1
8577 2
8581 4
8585 4
8593 3
8597 1
8605 4
8609 1
8653 1
8665 3
8669 2
8685 1
8689 1
8705 1
8713 1
8725 3
8741 1
8753 1
8761 2
8765 1
8821 1
8825 4
8829 1
8845 4
8849 2
8857 2
8865 1
8869 1
8885 1
8893 2
8905 6
8917 2
8929 1
8933 2
8941 1
8957 1
8969 1
8989 2
8993 1
9005 1
9025 1
9029 1
9041 3
9061 3
9077 1
9081 4
9089 3
9109 1
9113 5
9125 1
9153 1
9173 1
9189 1
9193 1
9197 1
9217 3
9225 1
9245 1
9265 3
9293 1
9297 1
9333 2
9341 1
9365 2
9377 1
9385 1
9389 2
9409 1
9413 1
9421 1
9425 7
9433 2
9437 1
9441 1
9445 1
9461 2
9469 5
9473 1
9477 1
9497 1
9505 1
9509 2
9521 2
9529 1
9549 2
9553 2
9577 1
9601 1
9605 4
9613 1
9621 2
9629 2
9649 1
9657 3
9661 1
9665 3
9677 1
9685 3
9689 1
9697 1
9701 1
9721 3
9725 1
9745 3
9749 1
9773 1
9781 1
9797 2
9805 3
9809 2
9829 2
9833 2
9837 3
9873 1
9881 1
9893 1
9925 5
9941 3
9945 5
9949 1
9953 4
9965 3
9981 3
9985 3
9997 1
10001 3
10045 1
10049 1
10057 3
10061 2
10081 3
10085 2
10093 2
10121 3
10125 1
10133 2
10141 1
10145 2
10161 1
10177 1
10205 2
10225 1
10229 2
10237 4
10249 2
10253 2
10273 1
10289 1
10305 2
10309 2
10337 2
10361 2
10369 2
10397 2
10405 2
10413 2
10421 3
10441 1
10457 1
10477 1
10485 6
10489 4
10501 1
10517 1
10525 5
10529 1
10553 3
10565 3
10573 2
10585 4
10589 1
10613 1
10625 4
10629 2
10645 2
10673 1
10685 2
10693 6
10701 2
10705 4
10709 4
10729 1
10753 1
10765 1
10769 1
10777 2
10789 1
10805 2
10809 1
10817 1
10825 6
10829 1
10837 1
10841 2
10845 1
10865 3
10877 2
10889 1
10897 2
10909 1
10917 1
10933 2
10937 1
10949 2
10953 2
10961 1
10985 1
11009 1
11029 1
11041 3
11061 2
11065 4
11069 1
11089 3
11093 1
11097 1
11101 1
11105 2
11113 2
11125 1
11133 1
11141 2
11149 1
11169 3
11173 2
11185 2
11197 1
11225 2
11241 3
11245 2
11257 2
11273 2
11281 1
11285 1
11321 1
11345 1
11349 2
11353 1
11357 2
11365 1
11369 1
11393 1
11401 1
11405 2
11413 4
11425 3
11437 2
11441 2
11453 1
11461 1
11485 1
11489 3
11493 1
11497 1
11509 1
11513 1
11525 1
11545 3
11581 1
11593 1
11597 1
11601 2
11617 2
11633 2
11645 3
11657 1
11665 1
11673 1
11677 1
11681 1
11689 3
11701 1
11709 1
11713 3
11717 2
11729 2
11737 1
11765 6
11773 1
11785 2
11789 1
11809 1
11817 3
11849 1
11881 1
11885 1
11917 3
11925 2
11941 1
11945 4
11969 1
11981 1
12025 6
12037 1
12049 1
12053 1
12073 1
12097 1
12101 1
12113 2
12125 3
12137 2
12157 3
12185 1
12205 1
12209 2
12221 2
12249 1
12253 2
12269 1
12277 1
12317 3
12325 5
12329 2
12337 2
12349 4
12357 3
12373 4
12377 3
12389 1
12393 2
12401 1
12409 1
12413 1
12461 1
12469 1
12493 1
12497 2
12517 2
12545 1
12553 1
12557 1
12569 2
12593 2
12625 2
12629 2
12637 2
12665 3
12689 2
12697 1
12701 2
12713 2
12717 1
12725 1
12745 2
12753 2
12769 1
12773 2
12781 1
12789 1
12805 4
12833 2
12841 1
12853 2
12861 1
12869 1
12889 2
12893 2
12897 1
12905 2
12913 2
12917 1
12937 1
12953 1
12961 1
12965 3
12985 1
12997 1
13005 1
13009 1
13021 2
13037 3
13045 2
13061 2
13073 1
13077 1
13121 1
13141 2
13165 1
13169 4
13213 3
13217 2
13221 1
13285 3
13289 1
13309 1
13325 2
13329 1
13337 1
13345 2
13381 1
13385 3
13397 1
13421 1
13437 2
13445 1
13465 2
13469 2
13477 1
13481 3
13505 5
13525 2
13565 1
13597 3
13613 3
13617 1
13621 3
13625 1
13637 2
13645 2
13649 3
13653 2
13669 1
13673 1
13705 1
13709 1
13725 1
13729 1
13745 1
13753 1
13757 3
13765 2
13769 1
13793 1
13817 3
13833 2
13837 3
13877 1
13897 2
13901 2
13913 1
13925 1
13933 1
13941 2
13949 2
13969 2
13973 2
14065 1
14081 1
14093 1
14125 2
14153 1
14157 1
14161 3
14165 1
14213 1
14221 2
14225 1
14249 2
14261 6
14265 2
14281 1
14285 1
14293 1
14297 3
14305 1
14341 2
14357 1
14365 2
14373 2
14381 2
14389 1
14393 4
14409 1
14425 4
14453 1
14485 2
14489 1
14533 1
14537 2
14569 1
14585 1
14589 1
14593 1
14625 4
14633 1
14645 3
14657 1
14677 2
14681 2
14701 2
14705 5
14733 1
14741 2
14765 2
14785 1
14797 1
14801 1
14821 1
14825 1
14837 1
14841 1
14845 1
14869 2
14885 3
14909 2
14929 1
14957 1
14965 2
14977 2
14985 2
14989 1
15005 1
15041 4
15049 1
15061 1
15077 1
15109 1
15121 1
15125 1
15133 1
15137 1
15145 3
15161 1
15165 1
15185 2
15193 2
15205 1
15217 1
15229 3
15237 1
15245 1
15289 1
15293 1
15305 2
15329 2
15353 1
15373 1
15385 2
15401 2
15413 1
15425 1
15453 1
15457 1
15497 1
15509 2
15529 1
15533 1
15545 2
15569 1
15577 3
15605 1
15629 1
15641 1
15649 2
15665 2
15669 1
15685 2
15705 2
15725 3
15733 1
15737 1
15749 1
15769 1
15797 2
15805 2
15809 1
15821 1
15857 4
15877 3
15885 1
15925 1
15929 1
15949 2
15973 3
15977 1
15997 3
16025 3
16029 1
16045 1
16085 1
16097 3
16129 1
16133 2
16141 1
16209 1
16237 1
16245 1
16249 1
16253 1
16265 1
16301 1
16325 1
16349 1
16385 2
16405 3
16409 1
16421 1
16425 3
16433 2
16441 2
16465 1
16529 1
16573 2
16577 1
16589 2
16601 1
16605 2
16609 1
16613 3
16657 1
16677 1
16705 1
16717 1
16729 1
16733 3
16745 1
16749 2
16781 2
16825 2
16861 1
16865 4
16889 2
16893 1
16901 2
16925 1
16945 3
16965 3
17009 2
17021 2
17029 1
17033 2
17041 1
17057 1
17065 2
17113 1
17141 1
17153 1
17189 2
17225 2
17245 1
17261 2
17289 3
17345 2
17389 1
17393 1
17405 1
17429 2
17473 1
17485 4
17497 2
17505 1
17525 2
17541 2
17557 1
17597 1
17645 1
17705 1
17713 1
17725 1
17753 1
17777 1
17833 1
17849 1
17893 1
17921 1
17945 1
17953 2
17965 1
17977 1
18005 1
18013 1
18029 1
18037 2
18077 1
18085 1
18125 2
18149 1
18181 1
18185 2
18241 1
18245 1
18257 1
18265 2
18277 1
18281 1
18325 1
18341 1
18353 1
18365 1
18397 1
18401 1
18413 1
18421 2
18477 1
18497 1
18513 2
18577 2
18589 2
18605 2
18617 1
18625 4
18629 2
18637 1
18661 1
18685 2
18701 1
18749 2
18769 2
18785 1
18793 1
18857 1
18869 1
18873 1
19017 1
19045 2
19053 2
19073 1
19093 1
19097 1
19105 2
19121 1
19125 1
19133 1
19161 1
19193 2
19225 1
19237 1
19265 1
19301 1
19309 2
19325 4
19373 1
19385 1
19409 1
19417 1
19433 1
19457 1
19477 2
19485 1
19489 1
19493 1
19521 1
19541 1
19549 1
19557 1
19585 1
19597 1
19601 1
19625 1
19633 1
19669 1
19697 1
19709 1
19717 1
19729 1
19753 1
19769 3
19805 1
19813 1
19825 1
19853 1
19861 1
19865 4
19885 2
19937 1
19945 1
19981 3
19989 1
20017 1
20021 1
20077 1
20137 1
20161 1
20205 1
20213 1
20233 1
20249 1
20281 1
20285 1
20381 1
20389 1
20421 2
20449 2
20485 1
20509 1
20525 2
20533 1
20557 1
20605 1
20609 2
20617 1
20641 1
20689 1
20705 2
20725 1
20737 2
20745 1
20781 1
20885 1
20893 1
20905 1
20921 1
20961 1
21013 1
21025 1
21037 1
21061 1
21125 2
21145 1
21149 1
21169 1
21193 1
21205 1
21233 1
21257 1
21265 1
21277 1
21281 1
21389 1
21425 1
21437 2
21501 1
21529 1
21533 1
21569 1
21617 1
21625 4
21645 3
21677 2
21697 1
21785 1
21789 1
21809 2
21853 1
21901 1
21925 2
21933 1
22009 1
22021 1
22037 1
22049 2
22061 2
22105 1
22117 1
22153 1
22213 1
22237 1
22265 1
22273 1
22301 1
22321 2
22345 3
22373 1
22457 2
22469 1
22481 1
22525 1
22529 1
22589 1
22633 1
22637 1
22681 1
22689 1
22745 1
22753 1
22789 2
22797 1
22805 1
22829 1
22837 1
22937 1
22961 1
23013 1
23101 1
23105 1
23113 1
23125 1
23153 1
23173 1
23225 2
23229 1
23257 2
23269 1
23273 1
23321 1
23393 1
23409 1
23413 1
23425 1
23445 2
23465 2
23477 1
23509 1
23525 1
23549 1
23561 2
23645 2
23677 1
23701 1
23717 1
23725 1
23797 1
23869 1
23885 1
23893 1
23917 1
23985 1
24005 1
24021 1
24025 2
24041 1
24061 1
24121 1
24201 1
24221 1
24293 1
24349 1
24413 1
24457 1
24469 1
24505 1
24533 1
24601 2
24705 2
24745 2
24785 1
24841 1
24845 1
24869 1
24901 1
24925 2
24949 2
24977 1
24993 1
25085 1
25105 2
25133 2
25177 1
25205 2
25285 1
25317 1
25325 1
25457 1
25497 1
25505 2
25533 2
25705 2
25721 1
25741 1
25765 1
25849 1
25925 1
25933 1
25965 1
26065 1
26073 1
26077 1
26093 1
26113 1
26221 1
26237 1
26245 1
26261 1
26365 1
26449 1
26509 1
26585 1
26665 1
26725 1
26793 2
26801 1
26825 1
26897 1
26953 1
26993 1
27045 1
27053 1
27065 1
27085 1
27145 1
27149 1
27173 1
27205 1
27229 2
27233 1
27257 1
27293 1
27353 1
27365 1
27389 1
27449 2
27585 1
27725 3
27833 1
27845 1
27877 3
27905 1
27925 2
27961 1
28033 1
28157 1
28169 1
28213 1
28229 2
28249 1
28305 1
28309 1
28345 2
28373 2
28537 1
28577 1
28625 1
28649 1
28673 1
28753 1
28769 1
28885 2
28925 1
29009 1
29041 1
29045 1
29077 1
29189 1
29221 1
29245 1
29353 1
29377 1
29401 1
29529 1
29537 1
29665 1
29669 1
29833 2
29861 1
29889 1
29933 1
29993 1
30005 1
30025 1
30125 1
30133 1
30157 1
30181 2
30265 1
30365 1
30389 1
30413 1
30537 1
30545 1
30689 1
30725 2
30749 2
30769 1
30817 1
30937 1
31025 1
31057 1
31181 1
31201 1
31313 1
31385 1
31417 1
31525 2
31541 1
31545 1
31573 2
31585 1
31637 1
31705 1
31721 1
31761 1
31793 1
31921 2
31925 1
32045 1
32065 1
32301 1
32341 1
32365 1
32425 1
32485 1
32525 1
32533 1
32597 1
32617 1
32625 1
32645 1
32773 1
32877 1
33245 1
33309 1
33361 2
33545 1
33553 1
33769 1
33813 1
33965 1
33977 1
34101 1
34117 1
34325 1
34373 1
34425 1
34553 1
34605 1
34625 1
34645 1
34673 1
34677 1
34729 1
34945 2
35141 1
35257 1
35269 1
35345 1
35377 1
35545 1
35705 1
35757 2
35797 1
35909 1
36205 2
36265 1
36405 1
36469 1
36581 1
36665 1
36733 1
36793 1
36805 2
36845 1
36945 1
37025 1
37117 1
37249 1
37469 1
37645 1
37685 1
37757 1
37825 1
37837 1
37877 1
38125 1
38369 1
38457 1
38537 1
38737 1
38909 1
39249 1
39429 1
39605 1
40045 1
40057 1
40585 1
41625 1
41733 1
41785 1
42001 1
42029 1
42569 1
42589 1
42689 1
42857 1
42973 1
43469 1
43513 1
43657 1
43805 1
44117 1
44189 1
44329 1
44425 1
44525 1
44549 1
44585 1
44813 1
44937 1
45037 1
45305 1
45385 2
45445 1
45901 1
45929 1
45985 1
46033 1
46109 1
46385 1
46513 1
46813 2
46825 1
47629 1
47693 1
47797 1
48037 1
48253 1
48285 1
48425 1
48625 1
48665 1
50333 1
50425 1
51005 1
51545 1
51629 1
51685 1
51781 1
51913 1
52225 1
52929 1
52985 1
53365 1
53737 1
53905 1
53989 1
54401 1
54409 1
54433 1
54469 1
54545 1
54665 1
55305 1
55525 1
56173 1
57401 1
57573 1
57853 1
59137 1
59749 1
60569 1
63053 1
63625 1
63853 1
66365 1
66817 1
66925 1
67869 1
69705 1
74257 1
74341 1
81085 1
81577 1
83925 1
85985 1
86377 1
87445 1
93425 1
96673 1
97921 1
99985 1
101065 1
103085 1
104297 1
105157 1
105185 1
106621 1
106753 1
107145 1
110097 1
110461 1
111365 1
114325 1
115145 1
115961 1
117053 1
118241 1
119045 1
121697 1
121757 1
134641 1
136813 1
185553 1
193181 1
198441 2
234545 1
277217 1
282349 1
306989 1
310325 1
345025 1
359649 1
501845 1
586205 1
598333 1
622445 1
655301 1
661517 1
822321 1
879245 1
896773 1
912545 1
922573 1
948565 1
1021165 1
1196681 1
1207705 1
1215605 1
1238753 1
1243805 1
1249277 1
1269061 1
1269981 1
1355009 1
1387025 1
1393013 1
1427753 1
1437605 1
1461937 1
1464181 1
1468825 1
1478425 1
1497897 1
1499525 1
1500985 1
1501813 1
1504105 1
1506709 1
1507565 1
1513913 1
1520837 1
1521889 1
1523285 1
1526005 1
1532165 1
1532185 1
1542997 1
1549453 1
1553389 1
1556237 1
1588149 1
1589789 1
1618825 1
1665121 1
1696957 1
1858069 1
1898021 1
1901029 1
1906541 1
1909865 1
1949985 1
1950665 1
1951501 1
1976729 1
1982165 1
1984405 1
1988705 1
1993429 1
2011685 1
2016761 1
2029457 1
2039353 1
2050505 1
2060009 1
2060125 1
2061953 1
2062537 1
2062625 2
2065293 1
2065453 1
2073069 1
2078417 1
2078785 1
2079725 1
2083273 1
2085481 1
2088425 1
2088809 1
2090349 1
2092765 1
2093909 1
2098141 1
2101045 1
2104021 1
2109033 1
2109145 1
2110005 1
2111113 1
2115305 1
2115529 1
2117029 1
2119729 1
2122961 1
2123657 1
2124145 1
2124161 1
2124425 1
2125265 1
2126605 1
2126945 1
2127473 1
2129737 1
2131385 1
2132689 1
2133281 1
2135081 1
2143505 1
2151757 1
2152877 1
2157233 1
2171493 1
2176921 1
2182105 1
2185465 1
2187293 1
2193209 1
2194037 1
2196405 1
2205065 1
2219621 1
2223757 1
2232565 1
2234845 2
2235041 1
2238097 1
2247973 1
2248937 1
2250625 1
2252809 1
2257373 1
2268261 1
2268325 1
2269937 1
2271053 1
2287665 1
2289845 1
2297929 1
2323305 1
2334809 1
2337325 1
2337905 1
2340909 1
2341741 1
2343997 1
2673625 1
2726377 1
2772481 1
2826437 1
2859965 1
2890225 1
2894301 1
2900533 1
2948573 1
2958409 1
2962037 1
2972297 1
2982929 1
2986065 1
2986609 1
2989841 1
2994581 1
3010241 1
3010725 1
3013705 1
3013777 1
3014581 1
3017205 1
3017269 1
3021869 1
3024445 1
3025277 1
3035093 1
3038833 1
3042065 1
3045221 1
3045349 1
3045509 1
3046469 1
3052265 1
3053845 1
3055625 1
3059005 1
3059101 1
3062509 1
3062789 1
3073109 1
3076597 2
3078193 1
3080425 1
3083545 1
3088493 1
3092589 1
3094225 1
3095053 1
3098225 1
3101697 1
3102145 1
3105605 1
3108953 1
3109465 1
3112785 1
3114445 1
3114505 1
3122305 1
3122773 1
3126665 1
3129073 1
3129377 1
3129557 1
3129937 1
3130385 1
3132901 1
3134925 1
3136541 1
3138745 1
3139357 1
3147373 1
3148597 1
3154617 1
3157829 1
3162085 1
3165241 1
3165997 1
3168173 1
3171997 1
3175245 1
3175533 1
3176149 1
3180113 1
3183497 1
3186229 1
3190325 1
3193489 1
3194969 1
3203185 1
3207877 1
3208837 1
3216145 1
3225737 1
3229885 1
3233305 1
3233893 1
3240009 1
3241369 1
3242809 1
3267365 1
3270233 1
3281017 1
3283669 1
3287833 1
3290105 1
3290605 1
3291037 1
3298385 1
3299377 1
3302325 1
3308545 1
3316525 1
3316617 1
3316625 1
3319805 1
3324005 1
3330001 1
3330225 1
3334637 1
3341665 1
3349261 1
3349337 1
3352817 1
3356125 1
3356953 1
3357065 1
3357313 1
3360789 1
3363025 1
3364397 1
3372417 1
3379469 1
3389765 1
3390881 1
3393085 1
3397133 1
3408941 1
3412853 1
3418353 1
3435913 1
3446105 1
3449025 1
3449893 1
3463897 1
3478801 1
3478901 1
3478985 1
3497989 2
3500677 1
3506065 1
3515661 1
3535129 1
3541925 1
3550417 1
3550977 1
3574501 1
3577817 1
3585753 1
3588633 1
3595441 1
3596841 1
3599285 1
3602573 1
3607445 1
3617829 1
3619629 1
3632389 1
3632917 1
3636649 1
3636805 1
3636905 1
3640013 1
3640465 1
3643713 1
3644297 1
3644957 1
3648149 1
3660593 1
3664621 1
3674893 1
3675145 1
3678893 1
3679565 1
3682817 1
3685061 1
3686481 1
3686521 1
3686625 1
3690305 1
3701857 2
3701897 1
3705821 1
3707225 1
3709645 1
3713393 1
3717545 1
3719413 1
3729661 1
3733153 1
3735025 1
3737065 1
3743381 1
3751985 1
3752033 1
3753265 1
3757153 1
3757365 1
3767485 1
3774173 1
3775733 1
3776125 1
3783625 1
3786997 1
3790637 1
3791965 1
3794653 1
3795433 1
3798701 1
3798929 1
3803501 1
3806989 1
3808517 1
3815237 1
3817193 1
3817873 1
3818585 1
3823741 1
3830425 1
3832177 1
3842865 1
3845321 1
3851293 1
3855925 1
3857305 1
3859697 1
3861289 1
3869233 1
3872225 1
3877157 1
3879265 1
3880949 1
3889873 1
3892925 1
3896701 1
3915185 1
3917341 1
3921129 1
3925161 1
3936617 1
3938105 1
3938465 1
3947969 1
3970089 1
3983605 1
3992365 1
4008533 1
4012493 1
4024085 1
4026425 1
4036081 1
4066281 1
4107277 1
4133233 1
4166089 1
4183321 1
4202245 1
4273165 1
4368017 1
4573493 1
4618345 1
4631105 1
4666041 1
4748525 1
4753241 1
4863321 1
4902757 1
4925897 1
4932941 1
5013157 1
5162513 1
5204897 1
5373413 1
5420953 1
5466325 1
5499281 1
5626409 1
5683625 1
6205225 1
7110805 1
7562581 1
7601533 1
7612085 1
7628765 1
7728409 1
7740253 1
7800853 1
7901785 1
7941349 1
7958825 1
8145317 1
8329117 1
8400805 1
8649545 1
8954465 1
8955785 1
9002025 1
9002401 1
9013853 1
9045893 1
9315929 1
9744241 1
9747109 1
9779153 1
9815693 1
9828369 1
10006873 1
10100213 1
10108541 1
10138025 1
