N J h mean_R_sq err_mean_R_sq mean_R_gyr_sq err_mean_R_gyr_sq 
3600 1.39 0 6151.94 517.896 1406.49 62.9443
1 1
9 1
13 1
17 1
45 2
53 2
73 1
81 1
89 1
97 1
113 3
137 2
149 2
153 1
157 1
185 2
197 1
205 2
225 1
229 2
257 1
261 2
265 3
269 2
289 1
317 2
325 3
333 1
337 1
349 1
365 4
373 1
377 1
389 1
397 2
401 1
409 2
421 1
433 1
445 2
481 1
485 2
493 1
505 2
509 2
521 1
533 1
545 1
549 2
557 2
565 1
585 5
625 1
629 3
637 1
653 1
661 1
673 3
685 1
689 2
697 2
701 1
725 6
733 5
745 1
757 1
761 2
765 2
769 1
785 3
793 3
797 3
809 2
845 4
853 1
865 1
873 1
877 1
901 3
905 2
925 1
929 2
941 1
949 2
965 2
997 1
1009 3
1013 1
1021 1
1025 2
1033 2
1037 3
1049 3
1053 1
1061 1
1069 3
1089 1
1097 2
1105 4
1125 5
1129 2
1145 1
1153 3
1157 1
1165 3
1189 2
1193 1
1201 2
1205 1
1229 2
1233 1
1241 2
1249 1
1277 1
1285 2
1301 3
1305 1
1321 1
1325 2
1341 1
1345 3
1361 1
1369 1
1377 1
1385 2
1405 1
1413 1
1417 2
1429 2
1445 5
1453 2
1465 2
1469 3
1481 2
1513 1
1517 6
1521 1
1525 3
1537 5
1549 1
1553 4
1565 2
1573 1
1585 2
1597 2
1613 2
1621 1
1625 3
1629 1
1649 2
1665 2
1669 1
1681 3
1685 1
1693 1
1717 1
1721 1
1733 1
1745 2
1753 1
1765 1
1769 1
1777 2
1801 1
1805 1
1825 3
1845 4
1853 1
1861 1
1865 2
1877 4
1885 1
1889 3
1921 2
1933 1
1937 2
1945 1
1961 1
1985 2
1993 1
2005 2
2029 2
2041 4
2045 2
2089 1
2097 1
2105 1
2113 1
2117 2
2125 1
2129 1
2137 3
2161 1
2165 3
2173 1
2197 2
2213 1
2225 2
2237 1
2245 1
2249 1
2257 2
2273 1
2281 1
2285 1
2305 2
2309 1
2329 1
2341 2
2349 1
2353 2
2385 2
2389 1
2405 2
2417 1
2421 1
2425 2
2437 1
2441 2
2465 3
2493 1
2501 2
2509 1
2525 3
2533 2
2545 2
2549 1
2557 1
2561 2
2593 2
2597 3
2601 1
2605 2
2617 1
2633 1
2657 1
2665 1
2701 1
2725 2
2729 2
2741 1
2745 2
2749 1
2753 2
2777 2
2785 1
2797 1
2801 1
2809 3
2813 1
2825 2
2833 1
2837 1
2845 2
2853 2
2857 1
2873 1
2885 1
2897 1
2925 3
2965 3
2993 1
2997 2
3005 1
3029 1
3033 1
3065 4
3077 3
3085 1
3089 1
3125 2
3133 2
3141 1
3145 3
3169 1
3177 1
3185 2
3217 1
3221 1
3229 2
3233 1
3249 1
3253 2
3257 1
3281 3
3301 1
3305 2
3313 1
3321 1
3361 1
3365 1
3413 2
3425 3
3445 4
3449 1
3485 5
3497 3
3505 2
3509 1
3517 2
3529 1
3545 1
3581 1
3589 3
3593 1
3625 6
3649 1
3653 3
3665 3
3701 1
3709 2
3725 4
3733 1
3737 1
3757 2
3761 1
3785 1
3797 2
3805 1
3833 1
3869 1
3877 1
3889 1
3893 1
3897 1
3917 2
3925 3
3961 2
3965 2
3973 1
3977 2
3985 1
4001 1
4005 1
4021 1
4033 1
4045 1
4057 1
4069 5
4093 1
4097 1
4121 1
4133 1
4145 1
4149 2
4153 1
4165 1
4181 2
4205 1
4225 4
4229 1
4253 1
4261 1
4265 1
4289 1
4293 1
4297 1
4321 1
4325 2
4329 1
4357 2
4361 1
4365 1
4369 3
4385 1
4405 2
4409 1
4421 1
4437 4
4453 2
4457 2
4469 1
4489 1
4505 1
4513 1
4517 2
4525 2
4553 1
4561 1
4573 2
4581 1
4621 1
4625 2
4633 1
4637 1
4649 1
4685 3
4689 1
4705 1
4717 1
4721 1
4745 1
4753 1
4765 1
4797 1
4825 3
4869 2
4885 1
4901 2
4933 2
4937 1
4949 1
4957 1
4969 1
4981 1
4985 1
5009 1
5017 1
5045 2
5065 2
5077 1
5081 1
5085 3
5105 2
5113 1
5141 2
5161 3
5185 1
5193 2
5197 2
5213 2
5233 1
5245 1
5265 1
5281 2
5297 3
5305 1
5317 2
5321 2
5329 1
5333 1
5337 1
5345 1
5353 1
5365 5
5381 2
5393 1
5417 1
5445 1
5449 1
5465 1
5473 1
5477 2
5485 1
5501 1
5525 4
5553 1
5585 1
5597 2
5625 1
5629 3
5713 2
5725 3
5729 1
5765 2
5769 1
5785 3
5801 2
5809 1
5825 1
5929 2
5941 1
5945 2
5949 1
5965 1
5993 2
6001 1
6025 1
6053 1
6057 1
6065 1
6073 1
6093 1
6109 1
6113 1
6125 1
6133 1
6165 1
6185 1
6205 1
6221 1
6229 1
6245 1
6257 2
6269 1
6273 1
6301 1
6305 1
6309 1
6317 1
6329 1
6337 1
6373 1
6385 2
6401 1
6409 5
6425 1
6473 1
6525 2
6565 2
6581 1
6605 2
6617 2
6625 1
6661 2
6673 1
6689 1
6697 3
6705 1
6725 2
6749 1
6757 1
6773 1
6805 1
6841 1
6857 1
6877 1
6893 2
6905 1
6925 4
6929 2
6953 2
7001 1
7025 1
7045 1
7057 1
7085 1
7105 2
7141 1
7173 1
7225 1
7237 1
7241 1
7261 1
7265 1
7289 1
7297 1
7301 1
7321 1
7325 1
7345 3
7373 1
7397 1
7421 1
7445 1
7453 1
7501 1
7541 1
7565 2
7569 1
7573 1
7585 1
7605 1
7625 1
7709 2
7713 1
7757 1
7765 1
7785 1
7857 1
7877 1
7921 1
7925 1
7969 1
7985 1
7993 1
8005 1
8021 1
8053 2
8065 1
8077 1
8125 5
8177 2
8181 1
8233 1
8245 2
8269 1
8285 1
8325 2
8329 1
8405 2
8465 1
8469 1
8473 1
8485 1
8489 1
8597 1
8609 1
8649 1
8653 2
8665 1
8669 1
8685 1
8801 2
8833 2
8845 1
8885 2
8905 1
8917 1
8945 2
8957 1
8989 1
9041 2
9049 1
9089 1
9125 2
9221 1
9225 1
9297 1
9365 2
9389 1
9425 2
9433 2
9437 1
9497 1
9613 1
9621 2
9657 1
9661 2
9673 1
9697 1
9701 1
9733 1
9805 1
9841 1
9873 1
9881 1
9925 1
9929 1
9973 1
9981 1
9997 1
10025 2
10045 1
10049 1
10081 1
10121 2
10145 1
10205 1
10225 1
10253 1
10285 1
10321 2
10345 1
10361 1
10469 1
10489 1
10513 1
10517 1
10525 1
10625 1
10705 1
10709 1
10729 1
10809 1
10825 2
10829 1
10877 1
10933 1
11025 1
11041 1
11069 1
11093 1
11097 2
11125 2
11237 2
11281 1
11349 1
11413 1
11485 1
11509 1
11525 3
11545 1
11565 2
11581 1
11629 1
11645 1
11673 1
11709 1
11713 1
11849 1
12013 1
12017 1
12157 1
12181 2
12253 1
12321 1
12325 1
12337 1
12433 1
12461 1
12473 1
12505 2
12545 1
12589 1
12629 1
12689 1
12725 1
12773 1
12829 1
12833 1
12893 1
12905 2
12997 1
13037 1
13093 1
13109 1
13177 1
13189 1
13397 1
13429 1
13549 1
13725 1
13745 1
13793 1
13873 1
13885 1
13973 1
14261 2
14265 1
14293 1
14425 1
14449 1
14485 1
14521 1
14557 1
14561 1
14585 1
14621 1
14645 2
14657 1
14761 1
14841 1
15005 1
15129 1
15325 1
15381 1
15385 1
15629 1
15685 1
15805 1
16025 1
16069 2
16201 1
16405 1
16745 1
16757 1
17009 1
17165 1
17173 1
17425 3
17585 2
17725 1
17965 1
17981 1
17989 1
18065 1
18153 2
18253 1
18397 1
18413 1
18541 1
18801 1
18937 1
19053 1
19105 2
19213 1
19277 1
19465 1
19585 1
19801 1
19825 1
19917 1
20165 1
20341 1
20761 1
20981 1
21341 1
21649 1
21745 1
21845 1
22045 1
22321 1
22585 1
22717 1
23677 1
23825 1
24305 1
24309 1
24385 1
24505 1
24557 1
24649 1
24777 1
24953 1
24973 1
26153 1
26741 1
26777 1
27173 1
27773 1
28745 1
29817 1
30209 1
31501 1
31733 1
33745 1
35009 1
40097 1
41117 1
52645 1
64525 1
73105 1
78385 1
81901 1
