N J h mean_R_sq err_mean_R_sq mean_R_gyr_sq err_mean_R_gyr_sq 
8100 1.429 0 17696.4 11480.8 3279.35 1222.63
1 1
25 1
29 2
53 1
81 1
89 1
101 1
113 1
117 1
125 3
145 2
153 2
157 1
169 1
185 3
193 1
205 2
225 1
241 1
245 1
257 1
261 3
281 1
305 1
325 2
333 2
337 1
349 1
369 1
373 1
389 1
397 2
401 1
405 2
421 1
425 1
441 1
445 3
457 1
477 2
481 3
485 2
493 1
505 3
521 1
529 2
541 3
545 1
549 1
569 1
585 1
593 2
605 1
613 2
617 2
625 4
629 1
637 1
653 1
657 1
677 2
685 1
689 1
701 1
725 1
745 4
757 3
765 3
769 1
773 2
793 1
797 3
801 3
829 1
841 2
845 2
857 1
865 2
877 1
901 1
905 2
909 1
925 5
937 1
941 2
949 3
953 2
961 1
977 1
981 1
985 1
997 1
1013 2
1025 2
1033 2
1037 2
1069 1
1073 1
1093 1
1097 1
1105 6
1117 2
1125 2
1129 1
1145 1
1153 1
1157 1
1165 1
1189 1
1193 1
1201 1
1205 1
1217 4
1225 1
1233 1
1249 1
1261 2
1277 2
1285 2
1297 2
1301 2
1305 2
1313 2
1325 2
1341 1
1345 1
1361 2
1369 3
1373 3
1405 2
1413 1
1417 1
1421 2
1429 2
1445 3
1453 1
1465 1
1481 3
1489 1
1493 2
1513 3
1517 3
1525 1
1549 1
1553 2
1573 1
1585 1
1613 2
1621 2
1625 1
1629 1
1649 1
1657 1
1669 3
1681 1
1693 1
1697 1
1709 3
1717 1
1721 1
1745 3
1753 1
1777 1
1781 3
1789 1
1805 1
1845 2
1853 5
1865 1
1873 1
1885 3
1889 2
1913 1
1921 2
1949 1
1961 1
1989 4
1993 2
1997 1
2005 5
2009 2
2025 1
2029 1
2041 2
2057 2
2069 1
2089 2
2097 1
2105 4
2117 4
2125 3
2153 1
2161 1
2165 2
2173 4
2197 2
2213 1
2225 1
2249 1
2257 2
2273 1
2297 1
2305 3
2309 1
2313 1
2353 4
2377 1
2401 1
2425 2
2437 1
2465 1
2473 2
2493 1
2501 3
2509 1
2521 2
2525 2
2533 1
2545 1
2549 1
2557 2
2581 3
2601 1
2621 1
2633 1
2645 1
2665 1
2669 1
2677 1
2689 1
2701 3
2713 2
2745 3
2797 1
2809 3
2813 2
2817 1
2825 1
2837 1
2845 1
2857 2
2861 2
2873 1
2917 2
2925 1
2929 4
2957 1
2977 4
2993 2
2997 1
3001 3
3005 2
3025 1
3029 1
3033 1
3041 3
3049 1
3065 1
3085 1
3109 2
3121 1
3125 1
3133 2
3141 1
3145 3
3161 2
3177 1
3185 2
3205 5
3209 1
3217 1
3229 3
3249 1
3257 2
3265 2
3277 1
3281 1
3285 3
3293 5
3301 3
3305 5
3321 1
3329 1
3341 2
3349 4
3365 1
3373 1
3385 3
3389 1
3393 2
3433 2
3445 2
3461 2
3485 1
3497 3
3505 2
3517 1
3529 1
3533 1
3541 1
3545 2
3557 1
3589 2
3613 1
3617 1
3637 1
3649 1
3653 3
3665 1
3697 1
3725 2
3785 1
3805 1
3809 1
3825 1
3845 2
3865 1
3881 1
3893 1
3897 1
3925 1
3961 1
3965 2
3977 1
3989 2
4013 1
4021 1
4045 1
4057 4
4093 1
4105 1
4113 1
4133 2
4141 2
4149 1
4153 2
4165 2
4181 1
4225 6
4241 1
4265 1
4285 1
4289 2
4325 3
4329 2
4337 1
4361 1
4369 1
4381 1
4385 1
4405 2
4437 1
4453 3
4505 3
4525 1
4537 1
4549 2
4553 3
4561 1
4573 3
4589 1
4597 1
4625 3
4633 3
4745 1
4753 2
4761 1
4765 1
4777 1
4825 1
4861 1
4885 1
4889 1
4901 2
4905 1
4909 1
4913 1
4949 1
4969 1
5017 1
5021 2
5057 2
5065 2
5077 1
5085 1
5101 1
5113 1
5121 1
5125 4
5161 3
5185 3
5189 1
5193 1
5213 1
5233 1
5237 1
5249 1
5261 1
5265 1
5297 1
5305 1
5317 1
5321 1
5329 2
5333 1
5353 1
5365 2
5389 1
5413 1
5417 1
5429 1
5441 1
5449 1
5465 1
5473 1
5477 2
5485 3
5513 2
5525 3
5545 2
5557 2
5581 1
5585 1
5597 2
5617 1
5629 1
5693 1
5701 2
5713 2
5725 1
5729 1
5733 2
5737 1
5741 1
5749 1
5765 1
5785 1
5801 2
5809 1
5813 1
5825 1
5837 1
5881 2
5905 1
5933 1
5941 1
5945 1
5989 2
5993 1
6001 1
6025 2
6029 1
6053 1
6073 1
6089 1
6093 1
6101 2
6109 1
6121 1
6125 1
6185 1
6201 1
6205 2
6217 1
6245 1
6253 2
6273 1
6277 1
6317 1
6329 1
6337 2
6389 1
6409 1
6425 1
6437 1
6445 1
6473 1
6497 1
6521 1
6525 1
6581 1
6597 2
6605 1
6625 5
6641 1
6649 2
6653 2
6661 1
6673 1
6697 2
6705 1
6725 1
6757 2
6773 1
6805 1
6813 1
6817 1
6829 1
6833 1
6841 1
6857 1
6869 1
6893 1
6905 1
6929 4
6977 1
6989 2
6997 1
7025 2
7033 1
7045 2
7065 1
7085 1
7093 1
7121 1
7137 2
7141 1
7145 1
7157 1
7173 1
7177 2
7225 2
7229 2
7241 1
7253 1
7289 2
7309 1
7321 1
7325 3
7361 1
7417 1
7421 1
7453 1
7461 1
7517 1
7529 1
7537 1
7565 2
7573 3
7577 1
7585 1
7625 1
7633 2
7649 1
7669 1
7685 2
7741 1
7745 2
7753 1
7801 1
7817 2
7825 1
7837 1
7841 1
7877 1
7897 1
7921 2
7933 1
7957 1
7969 1
7985 1
7993 1
8005 1
8017 1
8033 1
8065 1
8089 1
8093 1
8109 5
8117 1
8125 1
8149 1
8181 1
8209 1
8245 2
8249 1
8269 1
8317 2
8321 1
8325 2
8333 1
8357 1
8369 1
8377 1
8381 1
8425 1
8429 1
8433 2
8477 1
8485 1
8489 1
8541 1
8545 1
8621 2
8629 1
8633 2
8765 1
8793 1
8801 2
8905 1
8933 2
8989 1
8993 1
9041 1
9061 1
9109 1
9125 2
9137 1
9161 1
9169 1
9197 1
9265 3
9325 1
9333 1
9341 1
9377 1
9385 1
9413 1
9425 1
9433 1
9437 1
9457 1
9497 1
9533 1
9549 1
9565 1
9593 2
9605 1
9621 1
9657 1
9665 1
9673 1
9677 1
9697 1
9725 1
9749 1
9781 1
9797 1
9829 1
9833 1
9837 2
9841 1
9865 1
9901 1
9925 1
9929 1
9945 1
9953 1
9997 1
10001 2
10025 1
10049 1
10057 1
10061 1
10237 1
10265 1
10305 1
10309 1
10313 1
10337 2
10377 1
10405 1
10445 1
10525 1
10573 1
10585 1
10601 1
10609 1
10625 1
10685 1
10701 1
10729 1
10817 1
10825 1
10829 2
10933 3
10949 1
10985 2
11009 1
11041 2
11065 1
11125 5
11285 2
11405 1
11425 1
11461 1
11485 2
11545 2
11645 1
11745 1
11817 1
11885 1
11889 2
11905 1
11953 1
11965 1
12025 2
12101 1
12109 1
12137 1
12181 1
12205 1
12325 3
12349 1
12365 1
12385 1
12401 1
12433 1
12469 1
12505 1
12553 1
12593 1
12601 2
12605 1
12625 1
12629 1
12641 1
12701 2
12717 1
12725 2
12757 1
12861 1
12905 1
13085 1
13141 1
13225 1
13253 1
13273 1
13289 1
13325 1
13385 1
13505 1
13525 1
13625 1
13633 1
13637 2
13709 2
13793 1
13801 1
13833 1
13973 1
14013 1
14125 1
14213 1
14297 1
14321 1
14389 1
14393 1
14701 1
14705 1
14753 2
14797 1
14885 1
14929 1
15053 1
15277 1
15385 2
15581 1
15625 1
15665 1
15725 1
15885 1
15949 1
16133 1
16145 1
16237 1
16253 1
16325 1
16333 1
16385 1
16393 2
16441 1
16465 1
16613 1
16705 1
16801 1
17165 1
17261 1
17425 1
17497 1
17693 1
17777 1
17865 1
17905 1
18265 1
18369 1
18385 1
18433 1
18473 1
18541 1
18581 1
18605 1
18625 1
18649 1
18913 1
19013 1
19109 1
19409 1
19557 1
19825 1
19889 1
20065 1
20117 1
20717 1
21157 1
21361 1
21481 1
21881 1
22585 1
22633 1
22745 1
22853 1
23113 1
23117 1
23665 1
23725 1
24037 1
24733 1
24745 1
24925 1
25033 1
27149 1
28717 1
29097 1
29905 1
36945 1
362485 1
788769 1
815625 1
824513 1
840925 1
852893 1
854305 1
1293553 1
1340965 1
1795601 1
3932965 1
