N J h mean_R_sq err_mean_R_sq mean_R_gyr_sq err_mean_R_gyr_sq 
1600 1.431 0 1685.63 54.2459 443.043 7.85396
1 1
5 1
9 1
13 3
17 2
25 5
29 1
37 3
41 2
45 4
49 1
53 4
61 2
65 8
73 7
81 1
85 1
89 1
97 4
101 4
109 4
113 5
117 3
125 4
137 4
145 6
149 2
153 6
157 3
169 3
173 3
181 5
185 2
193 3
197 2
205 9
221 8
225 8
229 3
233 2
241 2
245 5
257 4
261 3
265 7
269 5
277 3
281 3
289 6
305 6
313 3
317 1
325 10
333 2
337 6
349 3
353 3
365 4
369 6
373 1
377 5
389 3
397 3
401 4
405 5
409 3
421 2
425 14
441 2
445 3
449 3
457 2
461 4
477 6
481 5
485 3
493 7
505 6
509 2
521 3
529 2
533 7
541 4
545 2
549 2
565 5
569 1
577 4
585 4
593 2
601 2
605 5
613 2
617 3
625 7
629 7
641 7
657 2
661 1
673 2
677 1
685 5
689 5
697 6
701 2
709 2
725 7
729 1
733 3
745 6
757 1
761 1
765 5
773 4
785 11
793 3
797 3
801 2
809 5
821 3
829 2
833 1
841 4
845 8
853 3
857 4
865 4
873 3
881 3
901 11
905 9
909 2
925 7
929 1
941 4
949 2
953 4
965 2
977 3
981 3
985 5
997 2
1009 2
1013 4
1017 5
1025 9
1033 1
1037 8
1049 3
1053 6
1061 6
1069 1
1073 3
1089 2
1093 3
1097 2
1105 8
1109 3
1117 3
1125 6
1129 1
1145 2
1153 1
1157 6
1181 2
1189 4
1193 1
1201 1
1205 3
1213 3
1217 2
1225 1
1233 1
1241 3
1249 1
1261 3
1277 4
1285 6
1289 2
1297 1
1305 4
1313 3
1321 2
1325 2
1341 2
1345 5
1361 1
1369 1
1373 7
1377 2
1381 4
1385 3
1405 4
1409 5
1417 4
1421 1
1429 7
1433 3
1445 1
1453 3
1465 1
1469 2
1481 1
1489 2
1493 2
1513 5
1517 4
1521 5
1525 7
1537 3
1549 4
1557 2
1565 5
1573 1
1585 3
1597 3
1601 3
1609 3
1613 1
1621 2
1625 6
1629 4
1637 3
1649 2
1657 1
1665 3
1681 2
1685 5
1693 2
1709 3
1717 5
1721 2
1737 2
1741 2
1745 4
1765 3
1769 4
1777 2
1781 3
1789 1
1801 2
1813 2
1825 3
1845 4
1849 2
1853 3
1861 1
1865 2
1873 2
1877 2
1885 4
1889 2
1901 2
1913 3
1921 1
1933 1
1937 1
1945 4
1961 5
1973 2
1985 6
1997 1
2005 2
2009 1
2025 2
2029 3
2041 1
2045 1
2053 1
2057 1
2061 4
2069 1
2081 1
2089 1
2105 3
2117 3
2125 7
2137 1
2141 1
2153 1
2161 1
2165 3
2169 3
2173 2
2197 3
2209 3
2225 6
2237 1
2249 3
2257 2
2269 1
2273 2
2285 1
2293 1
2297 2
2305 4
2329 2
2333 1
2341 2
2349 2
2353 1
2377 1
2385 6
2389 1
2393 2
2401 2
2405 6
2421 1
2425 3
2441 2
2465 2
2477 3
2493 3
2509 6
2521 1
2525 2
2529 2
2533 3
2545 4
2549 1
2561 1
2581 5
2593 1
2601 3
2605 2
2621 2
2633 2
2657 3
2665 3
2669 2
2693 3
2701 3
2705 3
2725 6
2729 3
2753 2
2777 1
2785 3
2801 1
2813 3
2825 5
2845 1
2853 1
2873 3
2885 2
2897 1
2925 4
2941 2
2965 2
2977 1
2989 1
2993 1
2997 1
3001 1
3005 1
3025 1
3029 1
3033 1
3041 1
3061 3
3085 2
3121 1
3125 2
3133 1
3137 1
3141 1
3161 2
3169 1
3177 1
3185 1
3209 1
3233 1
3265 1
3277 1
3285 2
3301 1
3305 3
3313 2
3321 1
3341 3
3349 1
3361 3
3373 1
3389 1
3425 1
3445 3
3449 1
3485 3
3497 2
3501 1
3505 1
3529 1
3581 1
3601 3
3617 1
3625 4
3653 1
3677 2
3681 1
3701 1
3721 2
3725 2
3757 2
3785 2
3789 1
3797 1
3809 2
3845 1
3865 1
3889 1
3893 2
3961 1
3965 4
3973 1
3985 1
4001 1
4005 2
4057 1
4097 1
4121 1
4129 1
4141 2
4165 2
4177 1
4181 1
4205 1
4225 1
4253 1
4265 2
4289 1
4329 1
4357 1
4369 1
4381 1
4437 1
4481 1
4493 1
4505 1
4537 2
4549 1
4581 1
4621 1
4645 1
4705 1
4765 1
4777 1
4813 1
4849 1
4905 1
4957 1
4969 1
5069 1
5125 1
5209 1
5213 1
5233 1
5237 1
5245 2
5305 1
5333 1
5389 1
5413 1
5449 1
5485 1
5553 1
5573 1
5581 1
5729 1
5733 1
5777 1
5913 1
5933 1
5941 1
5981 1
6093 1
6497 1
6505 1
6625 1
6757 1
7033 1
7093 1
7241 1
7325 1
7361 2
7389 1
7605 1
7649 1
7801 1
7893 1
7937 1
8093 1
8177 1
8361 1
8389 1
8681 1
9169 1
9457 1
9657 1
10205 1
38465 1
