N J h mean_R_sq err_mean_R_sq mean_R_gyr_sq err_mean_R_gyr_sq 
1600 1.435 0 1548.26 56.7884 425.161 5.90592
1 1
9 2
13 8
17 2
25 4
29 4
37 3
41 3
45 3
53 4
61 6
65 7
73 3
85 7
89 6
97 3
101 8
109 4
113 4
117 9
121 1
125 9
137 6
145 7
149 1
153 5
157 3
169 6
173 5
181 5
185 11
193 3
197 1
205 7
221 4
225 6
229 7
233 4
241 3
245 4
257 2
261 4
265 8
269 2
277 4
281 6
289 9
293 7
305 7
317 5
325 7
333 4
337 1
349 4
353 5
361 2
365 6
369 3
373 3
377 9
389 1
397 6
401 6
405 4
409 3
425 10
433 4
441 1
445 5
449 2
457 3
461 6
477 4
481 4
485 6
493 8
505 5
509 5
521 3
529 3
533 7
541 3
545 13
549 2
557 2
565 9
569 9
577 3
585 5
593 4
601 4
605 5
613 3
617 5
625 10
629 9
637 1
641 5
653 2
657 5
661 5
673 3
677 5
685 12
689 5
697 6
701 3
709 4
725 12
729 3
733 2
745 7
757 3
761 2
765 9
769 2
773 4
785 6
793 6
797 8
801 4
809 1
821 2
829 1
833 2
841 4
845 10
853 2
857 2
865 4
873 2
877 3
881 3
901 7
905 4
909 6
925 5
937 3
941 7
949 9
953 3
961 3
965 4
977 2
981 1
985 10
997 1
1009 2
1013 1
1021 1
1025 7
1037 3
1049 2
1053 3
1061 9
1069 1
1073 4
1089 2
1093 2
1097 1
1105 14
1109 1
1117 6
1125 7
1129 1
1145 8
1153 3
1157 5
1165 5
1181 3
1189 6
1193 4
1201 3
1205 3
1213 3
1217 3
1229 1
1233 4
1237 1
1241 2
1249 4
1261 6
1285 7
1289 5
1301 4
1305 3
1313 3
1321 5
1325 10
1341 1
1345 6
1361 3
1369 4
1373 2
1377 1
1381 2
1385 2
1405 4
1409 1
1413 2
1417 3
1421 1
1429 1
1433 6
1445 7
1453 2
1465 4
1469 4
1481 3
1489 3
1493 2
1513 3
1517 4
1521 4
1525 4
1537 8
1549 2
1553 7
1565 4
1573 1
1585 6
1597 1
1601 2
1609 1
1613 3
1625 4
1629 4
1637 1
1649 4
1657 3
1665 2
1669 1
1685 3
1693 1
1697 1
1709 1
1717 3
1721 2
1733 1
1737 3
1741 3
1745 2
1753 1
1765 2
1769 5
1773 5
1777 1
1781 3
1789 2
1801 1
1805 1
1813 1
1825 6
1845 2
1853 2
1865 2
1873 2
1877 1
1885 6
1889 1
1901 1
1913 1
1921 1
1933 2
1937 3
1945 1
1949 3
1961 2
1973 2
1985 2
1989 3
1993 4
2005 6
2009 2
2017 1
2025 2
2029 3
2041 5
2045 3
2053 3
2057 5
2061 2
2069 3
2081 3
2089 1
2097 3
2105 1
2113 1
2117 5
2125 6
2137 1
2141 2
2153 3
2165 2
2169 1
2173 2
2197 2
2209 1
2221 1
2225 2
2249 6
2257 3
2273 2
2281 3
2293 2
2297 3
2305 1
2309 2
2313 2
2329 2
2333 3
2341 1
2349 2
2353 1
2377 2
2393 1
2405 10
2417 1
2421 2
2425 1
2437 3
2465 10
2473 2
2477 1
2493 2
2501 5
2509 4
2525 3
2533 1
2545 2
2557 3
2561 1
2581 1
2593 1
2601 2
2605 2
2609 2
2617 1
2621 1
2633 1
2657 1
2669 2
2677 2
2689 2
2701 2
2705 2
2713 3
2725 4
2729 2
2741 1
2745 1
2749 1
2785 4
2801 1
2809 2
2825 2
2845 3
2857 2
2885 2
2909 1
2917 1
2925 4
2929 1
2941 3
2953 2
2957 1
2969 1
2977 2
2993 1
2997 1
3005 2
3025 1
3029 1
3033 3
3037 1
3049 2
3061 3
3077 3
3085 3
3121 1
3125 1
3133 2
3145 3
3161 2
3177 2
3181 1
3221 1
3233 2
3253 1
3257 1
3281 2
3285 1
3293 1
3305 2
3341 1
3365 1
3373 1
3385 1
3389 2
3393 3
3445 1
3469 1
3485 2
3497 1
3505 2
3509 1
3529 1
3533 2
3541 1
3557 1
3573 2
3581 2
3589 1
3593 2
3601 1
3609 1
3613 1
3617 1
3625 3
3649 1
3665 2
3681 1
3697 1
3709 3
3721 1
3725 1
3757 3
3785 1
3805 1
3821 1
3825 2
3853 1
3865 1
3877 1
3893 1
3897 1
3965 1
4005 3
4093 1
4149 1
4165 2
4181 1
4205 1
4225 1
4241 1
4265 1
4293 1
4325 1
4369 1
4437 1
4505 2
4517 1
4525 1
4545 2
4553 1
4573 1
4589 1
4689 1
4693 1
4717 1
4729 1
4801 1
4813 1
4825 2
4849 1
4925 1
4949 1
5013 1
5045 2
5065 1
5185 2
5321 1
5333 1
5345 1
5365 2
5389 2
5465 1
5513 1
5537 1
5629 1
5765 1
5821 1
5837 1
5861 1
5877 1
5945 3
6065 1
6109 1
6145 1
6185 1
6409 1
6565 1
6833 1
7069 1
7109 1
7225 1
7301 1
7325 2
7333 1
7565 1
7825 1
8521 1
9341 1
9781 1
10369 1
13273 1
13621 1
14733 1
15293 1
15805 1
