N J h mean_R_sq err_mean_R_sq mean_R_gyr_sq err_mean_R_gyr_sq 
2500 1.315 0 22311.6 405.136 3349.62 40.5011
9 1
29 1
45 1
73 2
89 2
97 1
101 1
113 1
125 1
137 1
181 1
185 1
205 1
233 1
241 1
269 2
277 1
289 2
349 2
365 1
405 2
425 1
441 1
445 1
449 2
457 1
461 1
485 2
493 1
505 1
533 1
545 2
557 1
565 1
569 1
585 1
637 1
653 1
725 1
761 1
765 1
773 1
793 2
797 1
801 1
821 1
845 2
853 1
865 1
877 1
881 1
905 1
925 1
929 1
937 1
977 1
981 2
985 2
1009 1
1013 1
1021 1
1025 3
1037 1
1053 1
1073 3
1097 1
1117 1
1125 3
1129 2
1145 1
1153 1
1157 1
1181 1
1193 2
1201 1
1213 1
1225 1
1261 1
1285 1
1289 1
1305 2
1325 3
1341 1
1345 3
1361 1
1369 1
1373 1
1377 1
1405 2
1417 1
1433 1
1453 1
1513 1
1517 2
1521 1
1525 4
1553 3
1565 1
1585 3
1613 1
1625 2
1637 1
1657 1
1697 1
1717 1
1769 2
1777 1
1781 2
1845 1
1853 2
1861 2
1865 1
1877 1
1885 3
1889 1
1901 2
1921 2
1933 1
1973 1
1985 2
2005 1
2009 1
2017 1
2025 1
2029 1
2053 1
2057 1
2081 1
2089 1
2097 1
2113 1
2117 1
2125 1
2129 1
2141 1
2161 1
2173 1
2197 2
2225 4
2237 1
2249 2
2257 3
2293 1
2309 1
2353 3
2393 1
2405 1
2417 2
2425 2
2465 1
2473 1
2477 1
2501 2
2525 1
2529 1
2533 1
2545 2
2581 1
2593 1
2601 1
2609 1
2617 2
2637 1
2665 5
2701 2
2705 1
2713 1
2725 1
2729 2
2745 1
2789 1
2809 1
2813 1
2817 1
2825 3
2833 3
2837 1
2845 4
2885 1
2897 2
2917 1
2925 3
2941 1
2965 1
2977 3
2989 1
2997 1
3001 1
3029 1
3061 1
3085 1
3121 2
3125 6
3141 1
3145 3
3253 1
3265 1
3285 3
3293 1
3305 1
3313 4
3349 2
3361 1
3365 1
3393 1
3413 1
3425 1
3445 3
3457 2
3461 4
3485 3
3497 1
3501 2
3505 3
3509 1
3533 2
3589 1
3593 2
3601 2
3609 1
3617 1
3645 2
3649 1
3665 2
3681 2
3701 1
3725 1
3737 2
3757 1
3761 1
3769 1
3785 1
3789 1
3797 1
3809 2
3833 1
3845 1
3877 1
3889 1
3893 2
3925 5
3961 1
3965 1
3973 1
3977 2
3985 2
3989 1
4005 1
4033 2
4045 1
4057 2
4093 1
4097 2
4121 1
4129 1
4133 2
4149 1
4153 1
4177 1
4181 3
4205 3
4225 4
4229 1
4261 2
4265 2
4289 1
4325 5
4337 2
4369 2
4381 4
4397 1
4405 2
4437 1
4441 1
4453 1
4505 1
4525 3
4545 1
4553 2
4573 2
4581 1
4597 2
4621 1
4625 3
4633 3
4637 1
4645 1
4657 2
4685 3
4689 1
4709 2
4717 1
4721 1
4729 1
4733 2
4745 1
4761 1
4777 2
4789 1
4797 1
4801 1
4813 1
4817 2
4825 1
4849 2
4869 2
4877 1
4885 1
4889 1
4901 3
4905 1
4909 1
4925 1
4937 1
4969 1
4981 1
4985 1
5009 1
5017 1
5021 2
5057 2
5065 2
5069 4
5077 2
5081 1
5085 1
5113 1
5121 1
5125 1
5141 1
5185 2
5193 1
5209 1
5233 1
5245 4
5249 1
5261 2
5265 1
5273 1
5309 2
5317 5
5321 1
5329 1
5333 1
5345 2
5353 1
5365 3
5381 1
5389 1
5393 2
5409 2
5441 1
5445 2
5465 1
5485 1
5517 2
5525 2
5545 1
5573 1
5585 3
5617 3
5625 1
5629 1
5645 1
5657 1
5689 1
5693 1
5701 1
5725 1
5729 1
5749 1
5769 1
5785 1
5809 2
5813 1
5825 1
5849 1
5861 1
5877 1
5917 1
5945 2
6001 2
6005 3
6025 2
6029 1
6037 1
6065 2
6085 1
6089 1
6101 1
6109 2
6137 2
6161 1
6173 1
6185 1
6205 1
6221 2
6229 1
6253 2
6257 2
6305 3
6309 1
6337 1
6341 2
6385 5
6389 1
6409 2
6421 1
6437 1
6445 1
6449 1
6469 2
6481 1
6485 1
6497 2
6505 1
6521 3
6525 3
6553 1
6565 3
6569 1
6597 1
6613 2
6617 2
6625 1
6637 1
6641 1
6689 2
6701 1
6705 2
6709 1
6713 1
6761 2
6773 1
6793 1
6805 1
6817 1
6841 1
6865 1
6877 1
6885 1
6889 1
6893 2
6905 1
6917 1
6921 1
6925 1
6929 1
6953 2
6957 1
6989 2
7013 2
7025 2
7033 1
7045 1
7057 1
7069 1
7081 5
7085 4
7093 1
7137 2
7141 1
7177 2
7225 2
7229 2
7237 2
7241 2
7265 2
7289 2
7301 2
7321 2
7325 1
7333 1
7345 2
7349 2
7361 1
7369 1
7373 2
7389 1
7397 1
7421 2
7445 1
7453 1
7457 1
7461 1
7477 1
7517 2
7541 1
7565 2
7569 3
7573 1
7577 1
7585 1
7589 2
7605 3
7621 1
7625 2
7649 2
7677 1
7685 3
7709 1
7717 1
7741 1
7745 2
7757 2
7769 1
7813 1
7825 3
7829 1
7837 1
7853 1
7857 1
7865 1
7877 1
7893 2
7897 1
7913 2
7921 3
7929 2
7933 1
7949 2
7957 1
7969 1
7985 1
7993 1
8009 1
8021 2
8053 1
8065 2
8069 1
8081 1
8105 2
8109 1
8125 3
8145 6
8149 1
8161 3
8177 4
8209 1
8221 1
8233 2
8237 1
8273 1
8281 1
8285 1
8293 1
8297 1
8317 1
8325 1
8333 4
8345 1
8357 1
8369 1
8377 1
8381 1
8389 1
8405 1
8425 6
8433 1
8461 1
8469 1
8473 1
8489 4
8497 1
8521 1
8541 1
8545 2
8577 1
8585 3
8593 2
8597 1
8621 2
8633 1
8665 2
8669 1
8681 1
8685 1
8693 1
8705 1
8737 1
8749 1
8753 1
8761 1
8765 1
8793 2
8801 3
8825 2
8833 1
8837 1
8845 3
8857 1
8861 1
8865 2
8885 1
8893 2
8905 2
8917 2
8929 2
8933 1
8945 2
8957 1
8989 1
9041 2
9061 5
9081 2
9089 1
9113 3
9125 2
9157 1
9161 1
9169 1
9173 3
9181 1
9193 2
9197 1
9225 3
9245 1
9305 3
9325 1
9337 1
9341 2
9365 3
9385 1
9389 1
9409 1
9413 1
9425 5
9441 1
9457 2
9461 2
9473 1
9505 2
9509 1
9529 2
9549 1
9553 2
9565 1
9577 1
9593 1
9605 4
9653 1
9657 1
9661 1
9665 1
9673 1
9677 1
9685 4
9721 1
9725 3
9745 2
9749 1
9769 1
9773 2
9781 2
9797 2
9801 2
9805 2
9809 2
9841 1
9865 1
9881 4
9893 2
9925 1
9929 1
9941 2
9945 3
9953 1
9965 2
9973 1
9985 1
9997 1
10001 1
10053 1
10061 1
10081 1
10093 2
10125 3
10161 1
10181 1
10193 1
10217 3
10237 3
10249 1
10265 1
10285 1
10289 1
10301 1
10337 1
10357 1
10361 2
10397 2
10405 1
10413 1
10429 5
10433 2
10445 2
10469 1
10485 2
10489 1
10513 1
10525 2
10529 2
10537 2
10565 3
10585 1
10601 1
10625 1
10645 2
10685 1
10693 1
10705 2
10709 1
10729 1
10737 1
10753 2
10765 1
10777 1
10805 2
10817 3
10825 3
10829 3
10841 1
10853 2
10865 3
10877 2
10889 4
10937 1
10953 1
10961 2
10985 5
10993 1
11009 2
11025 2
11029 1
11093 1
11105 2
11113 2
11125 4
11141 2
11161 1
11177 2
11185 1
11213 1
11221 1
11241 1
11245 3
11257 2
11261 1
11273 1
11281 3
11285 6
11317 1
11329 1
11353 1
11365 3
11401 2
11405 2
11413 1
11417 1
11425 1
11437 1
11449 1
11461 1
11489 2
11509 1
11513 2
11521 1
11545 4
11565 3
11581 1
11593 2
11597 1
11617 3
11633 2
11645 3
11689 1
11701 1
11709 1
11713 4
11729 1
11745 1
11765 5
11817 2
11821 3
11833 3
11849 1
11861 2
11881 3
11889 2
11917 2
11925 1
11945 1
11965 2
12013 2
12025 5
12037 2
12041 2
12053 1
12069 1
12073 1
12085 2
12101 1
12137 1
12149 1
12181 1
12185 2
12193 2
12197 1
12205 1
12209 1
12221 1
12233 1
12253 2
12317 1
12325 4
12337 1
12349 1
12373 1
12377 1
12385 1
12401 1
12421 1
12429 1
12437 1
12469 1
12473 1
12493 1
12505 1
12545 4
12577 1
12589 2
12593 1
12601 1
12605 3
12613 1
12625 2
12629 2
12641 1
12645 1
12653 2
12681 2
12689 2
12713 1
12725 1
12753 4
12757 1
12769 1
12773 1
12781 1
12789 1
12805 3
12809 2
12821 1
12829 1
12833 1
12841 1
12893 2
12897 2
12905 1
12913 1
12937 2
12953 1
12961 1
12965 1
12997 1
13005 2
13025 1
13045 1
13049 1
13073 2
13077 1
13085 4
13093 2
13117 1
13141 3
13169 2
13181 3
13189 1
13213 3
13221 1
13225 1
13229 2
13253 2
13261 1
13285 3
13289 3
13297 2
13325 5
13337 1
13345 3
13357 2
13369 1
13381 1
13385 1
13397 1
13469 1
13477 1
13481 2
13525 1
13537 2
13573 1
13597 1
13613 1
13617 2
13625 3
13637 1
13645 3
13649 2
13669 1
13673 2
13689 1
13705 2
13721 1
13745 1
13753 1
13757 2
13765 3
13781 4
13817 1
13833 3
13873 2
13877 1
13885 2
13901 2
13921 1
13925 1
13949 1
13969 1
13973 1
13977 1
13985 1
14005 1
14045 2
14065 1
14081 1
14089 1
14093 2
14125 4
14161 1
14173 1
14177 1
14185 1
14197 3
14209 1
14213 1
14221 1
14257 1
14261 1
14281 1
14285 1
14297 1
14341 1
14357 1
14365 3
14373 1
14393 1
14401 1
14409 1
14417 2
14425 2
14449 3
14453 2
14473 2
14481 1
14485 1
14489 2
14501 2
14517 1
14521 3
14533 2
14537 1
14545 1
14557 1
14569 2
14585 3
14589 1
14593 1
14625 2
14633 1
14641 1
14645 2
14653 1
14657 2
14669 1
14677 3
14689 3
14701 1
14705 2
14713 1
14733 1
14761 1
14765 1
14785 2
14797 2
14813 2
14825 4
14837 2
14841 1
14845 2
14885 4
14893 1
14913 1
14933 3
14945 1
14977 1
14985 2
14989 1
15005 1
15017 2
15021 1
15025 2
15041 2
15049 1
15061 1
15101 2
15121 1
15125 1
15133 1
15145 1
15149 2
15161 1
15165 1
15173 1
15185 2
15193 1
15205 5
15217 2
15229 1
15233 1
15245 2
15269 1
15277 1
15289 1
15293 1
15305 2
15313 2
15317 4
15325 2
15329 3
15353 1
15385 4
15397 2
15425 2
15453 2
15457 2
15489 1
15497 1
15509 1
15529 2
15533 1
15545 1
15577 1
15625 2
15641 2
15665 1
15677 1
15685 1
15689 1
15705 2
15725 4
15777 1
15797 1
15805 1
15809 1
15845 1
15877 1
15881 1
15889 1
15921 1
15925 2
15929 1
15937 1
15949 2
15993 1
15997 2
16025 2
16061 1
16073 1
16097 1
16105 2
16109 1
16129 1
16133 2
16141 3
16145 4
16153 1
16165 2
16193 1
16241 2
16277 1
16285 1
16317 1
16325 2
16361 2
16385 3
16405 3
16409 2
16417 1
16421 2
16425 4
16433 2
16465 1
16481 1
16505 1
16525 1
16529 1
16553 1
16561 1
16565 2
16589 1
16601 1
16605 1
16641 1
16645 1
16661 1
16673 2
16693 1
16705 2
16745 2
16749 1
16769 4
16825 2
16857 1
16893 1
16897 1
16909 2
16921 1
16925 4
16945 2
16949 1
16965 1
17029 2
17033 3
17041 1
17065 1
17069 1
17093 1
17113 1
17125 3
17141 1
17153 1
17209 1
17217 1
17221 4
17225 4
17245 3
17261 2
17285 2
17289 1
17305 1
17333 1
17389 1
17397 1
17401 3
17425 2
17433 1
17449 2
17485 2
17509 1
17525 4
17533 3
17541 2
17545 2
17569 1
17581 1
17585 3
17593 1
17629 2
17649 1
17665 1
17705 1
17713 2
17725 1
17729 1
17737 2
17749 1
17753 1
17777 2
17785 3
17789 2
17797 1
17833 2
17885 1
17921 1
17953 1
17957 3
17973 1
18005 2
18013 1
18029 2
18049 1
18061 1
18065 2
18085 3
18089 1
18125 4
18149 1
18153 1
18169 1
18185 1
18225 1
18229 1
18233 1
18241 1
18257 1
18265 1
18277 1
18281 3
18289 2
18301 2
18325 3
18353 1
18365 1
18369 1
18385 1
18397 1
18401 2
18413 4
18421 4
18473 1
18477 1
18481 3
18485 4
18493 2
18497 2
18505 1
18513 2
18517 1
18549 1
18553 1
18577 3
18581 1
18589 5
18593 1
18605 1
18625 3
18649 1
18661 2
18685 2
18709 1
18737 2
18757 1
18769 1
18785 3
18793 1
18805 1
18853 1
18857 1
18901 1
18913 1
18917 1
18945 1
18973 1
18989 1
18997 1
19001 1
19009 1
19013 1
19045 2
19053 1
19061 1
19069 1
19081 1
19093 1
19097 1
19105 1
19161 1
19169 1
19181 1
19193 1
19233 2
19253 2
19265 1
19269 1
19273 1
19277 1
19289 1
19309 2
19321 1
19325 2
19333 1
19337 3
19345 3
19357 1
19377 1
19385 3
19409 1
19441 2
19445 2
19453 1
19457 1
19465 4
19469 1
19477 1
19485 2
19489 1
19501 1
19517 2
19521 1
19541 2
19549 2
19553 1
19557 1
19573 1
19577 1
19585 1
19597 2
19601 1
19625 2
19633 1
19637 3
19645 1
19649 2
19661 1
19669 3
19681 1
19697 1
19721 1
19729 1
19769 3
19801 1
19805 1
19825 1
19845 1
19861 1
19865 3
19885 2
19897 1
19917 1
19925 2
19937 2
19945 2
19961 1
19981 1
19993 1
19997 1
20005 2
20025 1
20029 2
20065 1
20101 1
20113 1
20137 1
20161 2
20165 2
20189 1
20205 1
20213 3
20221 1
20225 3
20233 2
20245 2
20249 1
20261 1
20281 1
20297 1
20329 3
20357 2
20365 2
20381 1
20389 1
20417 1
20441 1
20449 2
20477 1
20485 3
20513 2
20529 1
20533 1
20549 1
20557 2
20561 2
20565 1
20593 1
20609 1
20617 1
20629 1
20645 1
20665 2
20705 5
20717 1
20725 1
20745 2
20753 1
20761 1
20765 2
20785 1
20809 1
20817 1
20825 1
20857 2
20893 2
20905 1
20929 1
20933 2
20961 1
21017 1
21025 2
21029 1
21037 2
21061 1
21069 2
21073 1
21085 3
21089 1
21097 1
21121 1
21125 3
21145 1
21177 1
21233 2
21289 2
21305 1
21313 1
21325 2
21349 1
21361 2
21389 1
21425 2
21429 1
21437 1
21445 1
21465 1
21473 1
21481 1
21485 2
21501 2
21509 2
21517 1
21529 1
21569 2
21577 1
21601 2
21613 1
21625 3
21661 1
21697 2
21709 2
21753 1
21773 1
21789 1
21805 1
21809 2
21817 1
21821 1
21845 1
21853 1
21865 3
21893 1
21901 1
21905 1
21925 1
21933 1
21941 1
21985 1
22009 1
22025 1
22045 1
22061 2
22105 2
22133 1
22157 1
22185 3
22189 1
22193 1
22201 2
22205 1
22217 1
22237 1
22261 1
22265 5
22273 1
22293 1
22321 3
22345 1
22397 1
22405 2
22417 1
22437 1
22441 1
22453 2
22501 1
22525 1
22529 1
22541 1
22565 1
22581 1
22613 1
22625 1
22637 1
22685 6
22709 1
22721 2
22725 2
22741 2
22745 1
22753 1
22765 3
22777 1
22801 1
22805 1
22817 2
22829 2
22837 3
22865 3
22901 1
22905 1
22921 1
22945 2
22961 2
22993 1
22997 6
23013 2
23029 1
23053 1
23101 1
23105 2
23113 3
23117 1
23125 4
23153 3
23165 1
23229 1
23245 1
23257 1
23269 3
23273 2
23297 1
23321 1
23337 1
23357 2
23365 2
23369 1
23377 2
23409 2
23425 3
23465 1
23473 1
23533 2
23561 1
23569 3
23585 4
23609 1
23645 1
23657 2
23725 1
23729 1
23741 1
23809 1
23825 2
23837 1
23885 1
23909 1
23917 1
23929 1
23945 3
23953 2
23957 1
23965 2
23977 2
23981 1
23985 1
24001 2
24005 1
24029 1
24061 1
24065 2
24089 1
24125 1
24133 1
24161 2
24169 1
24201 1
24221 1
24229 2
24237 1
24245 2
24281 2
24293 1
24309 3
24329 1
24345 1
24361 1
24373 1
24385 4
24389 2
24417 1
24421 1
24425 2
24445 1
24457 1
24481 2
24505 3
24509 1
24525 1
24545 1
24565 2
24601 2
24625 1
24641 2
24649 1
24653 2
24665 1
24713 2
24733 1
24737 1
24745 5
24749 1
24785 1
24797 2
24809 1
24821 1
24853 2
24865 1
24869 1
24877 1
24905 1
24917 1
24925 1
24953 1
24961 2
25049 1
25129 2
25177 1
25189 4
25205 1
25225 2
25237 1
25285 1
25297 1
25313 1
25321 1
25325 1
25337 2
25345 1
25353 1
25381 4
25397 2
25409 1
25425 1
25433 1
25469 1
25477 1
25493 1
25497 1
25505 2
25537 1
25549 1
25565 1
25625 1
25649 1
25677 1
25681 1
25693 1
25713 1
25733 1
25741 1
25805 3
25825 1
25857 1
25889 1
25909 2
25925 1
25937 1
25957 2
25981 1
25985 1
26065 1
26129 2
26141 1
26153 2
26161 1
26185 2
26189 1
26221 1
26225 2
26245 1
26253 1
26261 1
26281 1
26293 1
26317 1
26321 1
26325 1
26329 2
26357 1
26361 1
26365 2
26377 1
26413 1
26437 1
26441 1
26449 1
26485 2
26497 1
26501 1
26525 1
26533 3
26545 1
26557 1
26605 3
26645 1
26665 2
26685 1
26689 1
26701 2
26705 1
26765 1
26773 1
26793 1
26825 3
26861 1
26881 1
26897 2
26901 2
26945 3
26965 1
26969 2
26973 2
26993 1
27045 1
27053 1
27061 1
27065 1
27085 1
27101 1
27109 2
27121 1
27149 1
27197 1
27205 2
27233 1
27241 1
27253 1
27289 2
27325 2
27329 1
27353 1
27365 1
27389 1
27421 1
27521 1
27541 1
27557 1
27565 4
27613 1
27617 1
27625 2
27653 1
27677 2
27685 3
27693 2
27709 1
27749 1
27765 1
27781 2
27833 1
27857 1
27893 1
27961 1
27985 1
27989 1
28009 1
28013 1
28033 2
28037 1
28057 2
28085 3
28097 1
28121 1
28125 1
28145 1
28157 1
28169 1
28205 1
28249 4
28269 1
28305 2
28333 1
28345 1
28381 1
28409 1
28433 1
28449 2
28465 1
28505 1
28565 2
28577 2
28585 1
28621 1
28625 2
28645 1
28657 1
28673 1
28685 1
28697 1
28705 1
28741 2
28753 1
28757 1
28789 1
28825 1
28845 2
28873 1
28885 2
28909 2
28913 1
28921 1
28925 2
28933 1
29041 1
29045 1
29053 1
29069 1
29081 2
29129 2
29137 1
29161 1
29185 4
29189 1
29245 1
29257 1
29277 1
29285 1
29313 1
29333 1
29353 1
29377 2
29389 1
29401 1
29437 1
29485 1
29493 1
29497 1
29521 3
29529 1
29569 1
29573 1
29585 3
29629 1
29637 1
29641 2
29665 1
29705 2
29709 1
29725 4
29741 1
29745 1
29833 2
29861 1
29905 2
29945 2
29989 1
30005 3
30017 1
30073 3
30125 1
30137 1
30141 1
30185 1
30249 1
30293 1
30341 1
30361 1
30365 1
30377 1
30397 1
30433 1
30449 2
30469 1
30497 1
30505 1
30537 1
30565 1
30581 1
30589 2
30629 2
30665 1
30689 1
30717 3
30725 1
30769 2
30805 3
30809 2
30825 1
30869 2
30881 1
30893 1
30901 1
30925 2
30929 1
30985 1
31025 4
31061 2
31117 2
31121 1
31149 2
31181 1
31201 1
31225 1
31249 1
31265 1
31277 1
31285 3
31313 1
31357 2
31385 2
31393 1
31525 2
31541 2
31561 1
31573 1
31609 1
31613 2
31645 1
31657 1
31697 1
31705 1
31721 1
31753 1
31769 1
31781 1
31805 1
31865 1
31909 2
31981 1
31985 2
32017 1
32045 3
32065 1
32089 1
32117 1
32125 1
32129 1
32149 1
32245 1
32269 1
32309 1
32317 1
32321 1
32341 2
32353 1
32365 1
32377 1
32393 1
32405 1
32425 1
32441 1
32485 2
32489 1
32513 2
32517 1
32525 2
32553 1
32561 1
32621 1
32657 1
32701 1
32713 1
32765 3
32773 1
32841 1
32877 2
32885 1
32905 1
32917 1
32929 1
32969 1
33017 1
33025 1
33053 1
33085 3
33125 2
33169 1
33185 3
33197 1
33205 1
33289 1
33293 1
33309 1
33353 1
33377 1
33381 1
33413 1
33437 1
33485 1
33489 2
33517 1
33525 3
33541 1
33545 1
33553 1
33581 1
33601 1
33613 2
33633 1
33637 1
33653 1
33709 1
33745 1
33805 1
33813 1
33917 2
33937 1
33941 1
33973 1
33997 1
34001 1
34057 1
34101 1
34117 1
34121 1
34129 2
34141 1
34145 2
34157 1
34173 1
34205 1
34217 2
34229 3
34249 1
34261 1
34281 2
34313 1
34325 1
34345 1
34349 1
34465 1
34469 1
34481 1
34497 1
34537 1
34553 1
34589 1
34609 1
34621 1
34645 3
34677 1
34697 1
34709 1
34721 1
34765 1
34785 1
34805 1
34817 1
34829 1
34841 1
34885 1
34897 1
34945 3
34961 2
34969 1
34973 2
35009 1
35069 1
35073 1
35081 1
35113 1
35125 5
35129 1
35149 1
35165 1
35173 2
35177 1
35197 1
35221 1
35249 3
35269 1
35293 1
35377 1
35405 1
35437 1
35465 4
35477 1
35513 1
35525 2
35597 1
35617 1
35633 1
35653 3
35657 1
35669 1
35677 1
35685 2
35705 1
35725 1
35737 1
35757 1
35789 1
35801 2
35825 4
35885 1
35909 2
35917 1
35989 1
36061 1
36117 1
36149 1
36185 1
36205 1
36265 1
36297 3
36325 1
36405 1
36445 3
36457 1
36485 1
36513 1
36517 2
36581 1
36601 1
36621 1
36637 1
36713 2
36721 1
36725 1
36733 2
36821 1
36829 1
36833 1
36845 1
36865 1
36881 1
36901 1
36905 1
36945 1
36985 1
36997 1
37013 1
37157 1
37217 1
37225 2
37253 1
37309 2
37349 2
37381 1
37385 1
37393 1
37405 1
37409 1
37485 2
37505 2
37517 2
37549 1
37589 1
37629 1
37637 1
37673 1
37733 1
37777 1
37825 1
37845 1
37853 1
37865 1
37889 1
37925 3
37949 1
38025 2
38053 1
38077 1
38081 1
38105 1
38197 2
38233 1
38245 2
38309 2
38369 2
38425 1
38441 1
38457 1
38497 1
38545 3
38557 1
38573 1
38593 1
38597 1
38601 1
38617 1
38641 1
38677 1
38725 1
38737 1
38777 1
38785 1
38813 2
38821 1
38825 2
38849 1
38857 1
38873 1
38909 1
38925 2
38945 1
39013 1
39053 1
39101 1
39125 1
39133 1
39185 2
39233 1
39285 1
39325 1
39357 1
39377 2
39429 1
39437 2
39469 2
39485 1
39593 3
39625 1
39645 1
39665 1
39701 1
39817 1
39845 1
39889 1
39925 1
39933 1
40001 1
40025 1
40057 2
40157 1
40165 1
40293 1
40333 1
40345 1
40349 1
40385 1
40405 1
40437 1
40445 2
40477 1
40501 1
40525 2
40545 2
40577 1
40589 1
40597 1
40617 1
40625 1
40637 1
40777 1
40781 1
40801 2
40969 1
40977 1
41029 1
41033 1
41045 1
41053 2
41113 2
41185 1
41209 1
41225 2
41233 1
41297 1
41301 2
41425 1
41485 1
41537 1
41589 1
41609 1
41621 1
41625 1
41665 1
41693 1
41785 2
41801 1
41861 1
41957 1
42025 1
42149 1
42233 1
42257 1
42325 1
42345 2
42349 1
42385 1
42409 1
42425 1
42433 1
42437 1
42509 1
42517 1
42521 2
42565 1
42685 1
42697 1
42725 1
42761 1
42793 1
42885 2
42913 1
42925 1
42953 1
43025 1
43045 1
43061 1
43145 1
43165 2
43177 1
43245 1
43249 1
43265 1
43333 1
43345 1
43469 1
43489 2
43525 2
43537 1
43565 1
43609 1
43633 1
43693 1
43697 1
43709 1
43745 1
43749 2
43765 1
43777 1
43825 1
43829 1
43877 1
43937 2
43969 1
43973 1
43993 1
44017 1
44165 1
44189 1
44221 1
44305 1
44329 1
44369 1
44437 1
44465 1
44469 1
44489 1
44501 1
44525 1
44549 1
44557 1
44573 1
44581 1
44585 2
44621 1
44641 1
44645 1
44665 1
44773 1
44785 1
44797 1
44861 1
44921 1
44937 1
44969 2
45005 1
45029 1
45037 1
45041 2
45061 1
45181 1
45205 2
45209 3
45281 1
45369 1
45385 1
45445 1
45513 1
45565 1
45693 1
45697 1
45737 1
45765 1
45769 1
45805 1
45917 1
45945 1
46033 1
46045 1
46061 1
46093 1
46109 2
46121 1
46125 1
46153 1
46169 1
46205 1
46213 1
46269 1
46337 1
46349 1
46393 1
46405 1
46513 1
46537 1
46561 1
46573 1
46625 1
46665 1
46745 1
46773 1
46793 1
46813 1
46985 1
47009 3
47125 3
47209 1
47225 1
47241 1
47285 1
47345 1
47417 1
47437 2
47501 1
47521 1
47653 1
47693 1
47741 1
47749 1
47821 1
47885 1
47889 1
48025 1
48053 1
48281 1
48361 1
48425 3
48429 1
48445 1
48501 1
48649 1
48665 1
48689 1
48725 2
48745 1
48749 2
48841 1
48865 1
48929 1
49045 3
49157 1
49177 1
49261 1
49349 1
49465 1
49529 1
49681 1
49689 1
49725 1
49985 1
49997 1
50021 1
50153 1
50201 2
50225 1
50245 3
50249 1
50265 1
50285 1
50345 1
50357 1
50605 2
50625 1
50705 1
50717 1
50737 1
50741 1
50769 1
50881 2
50913 1
50949 1
51005 1
51021 1
51025 3
51133 1
51209 1
51245 1
51265 1
51309 1
51361 1
51365 1
51473 1
51493 2
51533 1
51649 1
51665 1
51701 1
51741 2
51749 1
51853 1
52013 1
52021 1
52105 1
52313 1
52345 1
52369 1
52477 1
52577 1
52817 1
52825 1
52925 2
52929 1
52937 1
53065 1
53125 1
53225 2
53261 2
53269 1
53293 1
53357 1
53397 1
53461 1
53545 1
53645 1
53717 1
53741 1
53825 1
53833 1
53917 1
53969 1
54013 1
54041 1
54125 2
54133 1
54185 1
54289 1
54301 1
54353 1
54377 1
54413 1
54445 1
54557 1
54601 1
54665 1
54793 1
54965 1
55125 1
55205 1
55261 1
55557 1
55661 1
55665 2
55705 1
55745 1
55885 1
56053 1
56125 1
56129 1
56173 1
56605 1
56621 1
56633 1
56725 1
56785 1
56825 1
56921 1
57041 1
57077 1
57157 1
57265 1
57305 1
57325 1
57397 1
57425 2
57473 1
57605 2
57625 1
57889 1
57985 1
58021 1
58097 1
58105 1
58225 1
58365 1
58393 1
58537 1
58721 1
58841 1
58853 1
58997 1
59021 1
59069 1
59193 1
59245 1
59377 1
59405 1
59425 1
59445 1
59453 1
59553 1
59617 1
59705 1
59749 1
59825 1
59845 1
59849 1
59893 1
60073 1
60349 1
60385 1
60545 1
60597 1
60721 1
60809 1
60817 1
60965 1
61309 1
61317 1
61357 1
61373 1
61393 1
61549 1
61745 1
61821 1
61965 1
62081 1
62365 1
62609 1
62677 1
62725 1
63017 1
63513 1
63577 1
63625 1
64269 1
64297 1
64441 1
65133 1
65545 1
66001 1
66053 1
66097 1
66141 1
66357 2
66365 1
66445 1
66449 1
66537 1
66761 1
66905 1
66925 2
67085 1
67625 1
67657 1
67913 1
68085 1
68129 1
68141 1
68393 1
69085 2
69145 1
69173 1
69581 1
69605 1
69625 2
69857 1
70061 1
70153 1
70193 1
70225 1
70285 1
70849 1
70857 1
71045 2
71077 1
71089 1
71189 1
71377 1
71425 1
71525 1
71549 1
71609 1
72085 1
72097 1
72297 1
72557 1
73021 1
73177 1
73405 1
73705 1
73757 1
73793 1
73861 1
74637 1
74845 1
74945 1
75085 1
75353 1
75725 1
76369 1
76913 1
77229 1
77285 1
78481 1
78517 1
79045 1
79441 1
79745 1
80573 1
81217 1
82177 1
82741 1
83453 1
83761 1
84005 1
84485 1
88201 1
89693 1
92429 1
92693 1
93605 1
99857 1
99937 1
102401 1
106285 1
106573 1
110057 1
110357 1
110669 1
113789 1
