N J h mean_R_sq err_mean_R_sq mean_R_gyr_sq err_mean_R_gyr_sq 
900 1.39 0 1969.4 29.8473 388.608 2.5247
1 2
5 7
9 2
13 6
17 6
25 16
29 8
37 5
41 9
45 16
49 6
53 10
61 8
65 15
73 11
81 1
85 20
89 17
97 13
101 10
109 14
113 16
117 15
121 5
125 26
137 13
145 30
149 10
153 12
157 13
169 19
173 15
181 13
185 20
193 13
197 9
205 25
221 20
225 13
229 11
233 5
241 9
245 11
257 8
261 10
265 26
269 11
277 14
281 12
289 12
293 7
305 22
313 8
317 14
325 32
333 7
337 9
349 13
353 15
361 4
365 22
369 7
373 10
377 17
389 15
397 9
401 7
405 9
409 9
421 16
425 19
433 11
441 8
445 20
449 10
457 11
461 8
477 10
481 24
485 22
493 16
505 18
509 2
521 6
529 4
533 19
541 7
545 25
549 8
557 6
565 19
569 7
577 8
585 17
593 9
601 9
605 7
613 9
617 6
625 17
629 20
637 7
641 10
653 9
657 7
661 7
673 6
677 12
685 21
689 27
697 15
701 9
709 10
725 29
729 4
733 6
745 17
757 6
761 8
765 21
769 9
773 10
785 30
793 7
797 8
801 7
809 8
821 6
829 8
833 5
841 13
845 21
853 8
857 6
865 18
873 7
877 9
881 5
901 15
905 11
909 7
925 25
929 6
937 10
941 4
949 17
953 14
961 4
965 16
977 4
981 9
985 15
997 6
1009 6
1013 5
1017 8
1021 11
1025 16
1033 8
1037 15
1049 4
1053 9
1061 5
1069 5
1073 17
1089 4
1093 4
1097 4
1105 27
1109 10
1117 6
1125 15
1129 4
1145 11
1153 12
1157 12
1165 15
1181 6
1189 15
1193 3
1201 9
1205 11
1213 3
1217 7
1225 12
1229 3
1233 5
1237 5
1241 18
1249 2
1261 7
1277 6
1285 8
1289 4
1297 10
1301 10
1305 16
1313 13
1321 11
1325 17
1341 8
1345 8
1361 3
1369 6
1373 6
1377 5
1381 2
1385 14
1405 13
1409 6
1413 3
1417 11
1421 8
1429 4
1433 5
1445 18
1453 5
1465 11
1469 10
1481 3
1489 5
1493 6
1513 13
1517 8
1521 7
1525 14
1537 14
1549 7
1553 8
1557 7
1565 13
1573 3
1585 9
1597 5
1601 10
1609 8
1613 6
1621 2
1625 24
1629 5
1637 5
1649 11
1657 7
1665 10
1669 5
1681 9
1685 9
1693 5
1697 8
1709 8
1717 10
1721 4
1733 2
1737 8
1741 6
1745 12
1753 7
1765 11
1769 11
1773 5
1777 9
1781 11
1789 5
1801 7
1805 5
1813 6
1825 13
1845 11
1849 6
1853 7
1861 5
1865 16
1877 5
1885 27
1889 3
1901 7
1921 17
1933 2
1937 7
1945 8
1949 3
1961 8
1973 7
1985 9
1989 6
1993 7
1997 6
2005 5
2009 10
2017 5
2025 13
2029 4
2041 13
2045 8
2053 2
2057 2
2061 2
2069 3
2081 8
2089 4
2097 6
2105 6
2113 6
2117 11
2125 21
2129 9
2137 1
2141 2
2153 1
2161 4
2165 13
2169 3
2173 13
2197 9
2205 4
2209 3
2213 2
2221 3
2225 15
2237 3
2245 4
2249 4
2257 11
2269 8
2273 11
2281 1
2285 8
2293 5
2297 4
2305 3
2309 2
2313 2
2329 7
2333 3
2341 4
2349 2
2353 4
2357 4
2377 5
2381 6
2385 4
2389 4
2393 5
2401 4
2405 15
2417 3
2421 2
2425 10
2437 4
2441 6
2465 22
2473 6
2477 4
2493 3
2501 3
2509 2
2521 7
2525 10
2529 3
2533 8
2545 11
2549 2
2557 6
2561 7
2581 2
2597 1
2601 3
2605 5
2609 4
2617 3
2621 5
2633 4
2637 5
2645 1
2657 3
2665 14
2669 9
2677 1
2689 3
2693 8
2701 5
2705 6
2713 4
2725 4
2729 5
2741 4
2745 2
2749 4
2753 2
2777 4
2785 5
2789 6
2797 2
2801 7
2809 6
2813 4
2817 6
2825 12
2833 3
2837 4
2845 3
2853 3
2857 4
2861 2
2873 13
2885 4
2897 3
2909 4
2917 5
2925 7
2929 3
2941 9
2953 4
2957 2
2965 10
2969 2
2977 5
2989 1
2993 6
2997 3
3001 6
3005 4
3025 5
3029 5
3033 2
3037 2
3041 4
3049 5
3061 4
3065 8
3077 8
3085 9
3089 7
3109 2
3121 6
3125 9
3133 7
3137 3
3141 2
3145 5
3161 7
3169 2
3181 1
3185 2
3205 4
3209 3
3217 2
3221 1
3229 3
3233 2
3249 1
3253 4
3257 3
3265 4
3277 3
3281 4
3285 5
3293 3
3301 2
3305 4
3313 4
3321 3
3329 1
3341 5
3349 4
3357 1
3361 1
3365 2
3373 1
3385 2
3389 6
3393 4
3413 2
3425 10
3433 2
3445 14
3449 3
3457 3
3461 2
3469 3
3485 8
3497 5
3505 1
3509 3
3517 3
3529 4
3533 3
3541 3
3545 2
3557 3
3573 2
3577 2
3581 6
3589 5
3593 1
3601 4
3609 2
3613 3
3617 2
3625 8
3637 2
3645 1
3649 6
3653 2
3665 4
3673 1
3677 1
3681 1
3697 2
3701 4
3709 2
3721 4
3725 4
3733 2
3737 5
3757 9
3761 2
3785 2
3789 1
3793 2
3797 2
3805 6
3809 4
3821 1
3825 5
3833 1
3845 5
3853 1
3869 3
3877 2
3881 1
3889 3
3893 1
3897 1
3917 1
3925 4
3929 2
3961 2
3965 5
3969 1
3973 3
3977 3
3985 3
3989 1
4005 7
4013 1
4021 1
4033 1
4041 1
4045 3
4049 1
4057 2
4069 6
4073 2
4093 1
4097 3
4105 4
4113 4
4121 3
4133 3
4141 2
4145 2
4149 1
4165 2
4177 2
4181 3
4205 2
4217 2
4225 11
4229 3
4241 1
4253 2
4265 4
4273 2
4285 3
4289 2
4293 1
4321 1
4325 2
4329 2
4337 1
4357 1
4361 1
4365 2
4369 2
4373 1
4381 2
4385 3
4397 1
4405 1
4409 1
4437 2
4441 3
4453 2
4457 1
4469 3
4477 1
4481 5
4489 1
4505 3
4513 2
4525 6
4537 4
4545 5
4553 2
4573 5
4581 3
4589 2
4597 1
4621 3
4625 3
4633 2
4637 2
4645 2
4649 1
4657 1
4673 2
4685 2
4693 1
4705 1
4709 2
4717 6
4733 1
4745 3
4765 1
4777 1
4789 1
4793 2
4797 2
4801 1
4813 2
4825 3
4849 2
4869 4
4877 1
4885 2
4901 3
4913 1
4925 4
4941 1
4957 1
4961 2
4969 1
4973 1
4981 2
4985 1
5009 2
5013 1
5017 3
5021 1
5041 2
5045 2
5057 1
5065 2
5069 1
5077 1
5081 2
5101 1
5105 3
5121 1
5125 5
5141 1
5153 1
5185 7
5193 2
5197 1
5209 2
5213 3
5245 2
5249 1
5273 1
5305 3
5317 1
5321 4
5329 1
5333 1
5341 1
5345 1
5353 1
5365 3
5381 1
5389 2
5409 1
5413 1
5417 1
5429 2
5437 1
5445 1
5449 1
5465 2
5473 3
5485 1
5501 1
5517 1
5537 2
5545 2
5557 1
5585 1
5597 4
5617 4
5625 4
5629 2
5641 1
5645 1
5661 1
5669 2
5701 1
5713 1
5717 1
5729 1
5733 1
5737 1
5749 1
5777 2
5785 1
5809 2
5825 3
5837 1
5849 1
5861 1
5881 1
5897 2
5905 1
5913 1
5917 1
5933 1
5941 3
5945 5
5953 1
5965 1
5981 1
5993 1
6001 1
6025 1
6029 1
6037 1
6053 2
6065 2
6085 1
6089 1
6101 1
6109 1
6125 1
6133 1
6145 1
6161 1
6165 2
6173 2
6197 1
6201 1
6205 2
6253 2
6257 1
6269 1
6273 1
6301 1
6305 2
6309 1
6317 1
6329 1
6337 1
6341 1
6353 1
6361 1
6385 2
6401 1
6409 1
6425 1
6437 2
6445 1
6485 1
6497 1
6505 1
6525 1
6565 2
6613 1
6625 2
6637 1
6653 1
6661 1
6697 1
6701 2
6725 2
6737 1
6749 2
6757 2
6773 2
6781 1
6805 1
6817 1
6845 1
6857 1
6877 2
6885 2
6893 1
6925 1
6989 2
7025 2
7033 1
7081 1
7085 2
7093 1
7129 1
7137 2
7141 1
7157 1
7209 1
7225 3
7261 1
7325 2
7369 1
7397 1
7445 2
7453 1
7457 1
7461 1
7477 1
7497 1
7529 1
7537 1
7549 2
7561 1
7565 1
7585 3
7605 1
7621 1
7685 1
7713 1
7757 1
7785 1
7817 1
7837 1
7853 2
7857 1
7865 1
7913 1
7921 2
7933 1
8017 1
8069 1
8077 1
8125 4
8145 1
8185 1
8209 1
8245 1
8281 1
8293 2
8317 1
8321 1
8325 1
8333 1
8357 3
8405 1
8429 1
8485 1
8513 1
8521 1
8545 1
8585 2
8621 1
8629 1
8665 1
8681 1
8837 1
8869 1
8929 1
8973 1
9061 2
9077 1
9153 1
9173 1
9225 1
9241 1
9265 1
9293 1
9325 1
9421 1
9553 1
9649 1
9685 1
10049 1
10201 2
10229 2
10445 1
10525 1
10625 1
10685 2
10765 1
11097 1
11425 1
11521 1
11645 1
11713 1
12209 1
12389 1
12917 1
13457 1
13477 1
13933 1
15317 1
16025 1
