N J h mean_R_sq err_mean_R_sq mean_R_gyr_sq err_mean_R_gyr_sq 
2500 1.42 0 2423.88 43.8055 694.801 4.45139
5 6
9 4
13 7
17 5
25 15
29 12
37 6
41 12
45 15
49 7
53 9
61 14
65 28
73 14
81 7
85 23
89 15
97 6
101 11
109 20
113 13
117 13
121 3
125 38
137 13
145 29
149 11
153 12
157 11
169 19
173 14
181 10
185 22
193 14
197 17
205 23
221 23
225 14
229 15
233 6
241 12
245 11
257 18
261 12
265 27
269 18
277 7
281 13
289 17
293 11
305 18
313 8
317 11
325 43
333 13
337 13
349 15
353 10
361 7
365 32
369 10
373 10
377 26
389 18
397 15
401 13
405 16
409 10
421 13
425 26
433 7
441 11
445 30
449 7
457 10
461 10
477 18
481 23
485 37
493 23
505 27
509 6
521 9
529 8
533 34
541 22
545 20
549 11
557 17
565 23
569 11
577 15
585 31
593 8
601 14
605 9
613 14
617 14
625 26
629 29
637 11
641 6
653 9
657 14
661 7
673 10
677 12
685 34
689 29
697 25
701 16
709 10
725 50
729 11
733 11
745 21
757 15
761 11
765 24
769 22
773 7
785 22
793 23
797 19
801 12
809 8
821 7
829 6
833 16
841 19
845 29
853 6
857 8
865 17
873 9
877 16
881 13
901 20
905 25
909 15
925 33
929 7
937 10
941 15
949 25
953 12
961 5
965 21
977 13
981 17
985 20
997 12
1009 9
1013 14
1017 7
1021 14
1025 36
1033 11
1037 15
1049 19
1053 13
1061 6
1069 11
1073 24
1089 5
1093 15
1097 13
1105 58
1109 7
1117 8
1125 20
1129 5
1145 19
1153 10
1157 26
1165 10
1181 10
1189 18
1193 13
1201 7
1205 24
1213 17
1217 8
1225 12
1229 6
1233 9
1237 10
1241 18
1249 11
1261 13
1277 9
1285 26
1289 8
1297 12
1301 10
1305 15
1313 21
1321 8
1325 35
1341 14
1345 14
1361 10
1369 10
1373 3
1377 13
1381 7
1385 25
1405 18
1409 12
1413 9
1417 10
1421 18
1429 10
1433 11
1445 29
1453 14
1465 13
1469 16
1481 7
1489 14
1493 7
1513 21
1517 18
1521 19
1525 26
1537 13
1549 7
1553 7
1557 5
1565 20
1573 10
1585 15
1597 8
1601 9
1609 14
1613 15
1621 10
1625 25
1629 7
1637 11
1649 19
1657 9
1665 16
1669 11
1681 20
1685 18
1693 10
1697 10
1709 6
1717 19
1721 13
1733 6
1737 2
1741 2
1745 16
1753 7
1765 25
1769 25
1773 12
1777 8
1781 9
1789 11
1801 11
1805 7
1813 8
1825 23
1845 21
1849 3
1853 16
1861 8
1865 21
1873 5
1877 7
1885 32
1889 5
1901 8
1913 9
1921 14
1933 4
1937 22
1945 20
1949 8
1961 16
1973 6
1985 13
1989 15
1993 6
1997 5
2005 17
2009 9
2017 7
2025 11
2029 5
2041 16
2045 15
2053 5
2057 7
2061 7
2069 6
2081 4
2089 14
2097 5
2105 19
2113 8
2117 22
2125 24
2129 4
2137 4
2141 9
2153 5
2161 7
2165 12
2169 8
2173 16
2197 22
2205 5
2209 2
2213 10
2221 3
2225 14
2237 2
2245 15
2249 10
2257 11
2269 6
2273 4
2281 4
2285 16
2293 11
2297 5
2305 10
2309 4
2313 7
2329 17
2333 6
2341 2
2349 7
2353 9
2357 4
2377 6
2381 5
2385 17
2389 10
2393 11
2401 3
2405 23
2417 8
2421 13
2425 21
2437 5
2441 7
2465 32
2473 7
2477 4
2493 6
2501 15
2509 16
2521 8
2525 19
2529 7
2533 10
2545 19
2549 5
2557 7
2561 11
2581 16
2593 4
2597 9
2601 7
2605 18
2609 10
2617 4
2621 7
2633 4
2637 8
2645 2
2657 6
2665 18
2669 14
2677 3
2689 3
2693 6
2701 9
2705 9
2713 6
2725 17
2729 5
2741 4
2745 11
2749 2
2753 2
2777 2
2785 10
2789 7
2797 7
2801 7
2809 7
2813 6
2817 5
2825 19
2833 7
2837 5
2845 6
2853 3
2857 3
2861 7
2873 12
2885 9
2897 5
2909 5
2917 7
2925 11
2929 15
2941 8
2953 7
2957 4
2965 20
2969 9
2977 10
2989 2
2993 12
2997 6
3001 8
3005 14
3025 5
3029 10
3033 3
3037 10
3041 3
3049 4
3061 3
3065 12
3077 14
3085 8
3089 5
3109 7
3121 4
3125 15
3133 12
3137 4
3141 4
3145 22
3161 10
3169 3
3177 6
3181 7
3185 6
3205 7
3209 6
3217 3
3221 5
3229 6
3233 10
3249 1
3253 8
3257 4
3265 8
3277 10
3281 5
3285 7
3293 10
3301 1
3305 10
3313 2
3321 5
3329 6
3341 6
3349 8
3357 5
3361 4
3365 11
3373 6
3385 10
3389 4
3393 11
3413 4
3425 10
3433 4
3445 12
3449 3
3457 2
3461 7
3469 6
3481 3
3485 16
3497 10
3501 6
3505 8
3509 3
3517 6
3529 2
3533 3
3541 3
3545 10
3557 3
3573 8
3577 2
3581 2
3589 6
3593 5
3601 5
3609 5
3613 3
3625 20
3637 3
3645 1
3649 11
3653 10
3665 14
3673 7
3677 6
3681 4
3697 8
3701 6
3709 3
3721 4
3725 10
3733 6
3737 7
3757 11
3761 3
3769 5
3785 4
3789 9
3793 2
3797 6
3805 3
3809 11
3821 4
3825 10
3833 2
3845 8
3853 7
3865 6
3869 8
3877 3
3881 6
3889 6
3893 8
3897 3
3917 7
3925 10
3929 3
3961 3
3965 9
3973 4
3977 11
3985 5
3989 3
4001 1
4005 6
4013 4
4021 5
4033 8
4041 4
4045 4
4049 4
4057 4
4069 10
4073 6
4093 2
4097 12
4105 1
4113 4
4121 4
4129 5
4133 3
4141 7
4145 3
4149 3
4157 3
4165 4
4177 5
4181 6
4205 7
4225 14
4229 4
4241 3
4253 1
4261 3
4265 5
4285 6
4289 1
4293 3
4297 4
4321 9
4325 8
4329 3
4349 3
4357 3
4361 1
4365 3
4369 7
4373 2
4381 5
4385 5
4397 5
4405 5
4409 2
4421 4
4437 9
4441 1
4453 5
4457 3
4469 6
4477 2
4481 2
4493 1
4505 12
4513 5
4517 2
4525 7
4537 4
4545 10
4549 1
4553 7
4561 1
4573 4
4581 4
4589 5
4597 3
4621 2
4625 14
4633 3
4637 7
4645 4
4649 2
4657 3
4673 4
4685 5
4689 4
4705 7
4709 3
4717 1
4721 4
4729 2
4733 3
4745 7
4753 2
4761 1
4765 3
4777 3
4789 2
4793 1
4797 2
4801 1
4805 1
4813 4
4817 2
4825 3
4849 5
4861 3
4869 2
4877 3
4885 6
4889 1
4901 7
4905 9
4909 1
4913 6
4925 7
4933 4
4937 2
4941 2
4957 2
4969 2
4973 2
4981 10
4985 2
4993 5
5009 2
5013 2
5017 7
5021 3
5041 1
5045 5
5057 7
5065 3
5069 5
5077 4
5081 3
5085 8
5101 2
5105 5
5121 1
5125 9
5141 3
5153 2
5161 2
5165 4
5185 13
5189 2
5193 1
5197 2
5209 1
5213 6
5233 1
5237 6
5245 5
5249 5
5261 1
5265 3
5273 1
5281 2
5297 1
5305 2
5309 2
5317 3
5321 7
5329 1
5333 4
5337 5
5341 2
5345 6
5353 4
5365 9
5381 1
5389 5
5393 1
5409 3
5413 1
5417 1
5429 7
5437 1
5449 2
5465 6
5473 5
5485 1
5501 1
5513 5
5521 2
5525 9
5545 2
5553 4
5557 4
5569 1
5573 1
5581 3
5585 1
5597 4
5617 2
5625 3
5629 3
5645 3
5653 2
5657 3
5661 2
5669 3
5689 2
5693 1
5701 2
5713 3
5717 2
5725 3
5729 1
5733 1
5737 3
5741 2
5765 2
5769 2
5777 3
5785 7
5801 3
5809 2
5825 9
5837 3
5849 1
5861 2
5869 1
5881 1
5897 1
5905 2
5913 3
5917 1
5929 1
5945 7
5949 1
5965 1
5981 1
5989 1
5993 6
6001 1
6005 1
6025 5
6029 3
6037 1
6053 2
6057 1
6065 4
6073 2
6085 4
6093 1
6109 4
6113 1
6125 2
6133 2
6137 1
6145 4
6161 1
6165 1
6173 1
6185 1
6201 2
6205 4
6217 3
6221 3
6229 1
6245 2
6253 6
6257 2
6273 3
6301 1
6305 5
6309 2
6329 2
6341 8
6353 1
6361 2
6373 1
6381 1
6385 1
6389 1
6397 1
6409 7
6413 1
6421 1
6425 3
6445 8
6449 4
6469 1
6485 3
6497 3
6505 3
6521 2
6525 4
6529 1
6553 2
6565 4
6577 2
6581 1
6597 3
6605 4
6613 3
6617 2
6625 6
6641 1
6649 1
6653 2
6689 3
6697 2
6705 3
6725 3
6733 1
6737 1
6757 1
6781 2
6793 4
6805 2
6813 1
6829 1
6833 2
6841 1
6845 3
6865 1
6869 1
6877 1
6885 1
6889 2
6893 2
6917 1
6925 4
6929 5
6949 1
6953 1
6961 2
6977 2
6997 1
7001 3
7025 1
7033 1
7045 1
7065 2
7069 1
7085 1
7093 3
7105 2
7109 1
7137 1
7141 4
7157 1
7173 1
7213 1
7225 3
7237 1
7241 2
7253 1
7261 2
7265 2
7297 1
7301 2
7309 1
7321 1
7325 2
7333 2
7345 1
7349 1
7361 3
7369 1
7389 1
7397 1
7405 2
7417 1
7421 1
7445 2
7453 2
7461 2
7477 2
7489 1
7537 1
7541 1
7565 3
7569 1
7573 1
7585 2
7605 4
7621 1
7625 2
7633 5
7669 1
7677 2
7685 1
7693 1
7709 1
7713 1
7757 1
7765 1
7769 1
7785 1
7793 2
7801 1
7813 1
7817 1
7825 1
7853 1
7857 1
7865 1
7873 1
7877 1
7897 2
7901 1
7913 1
7925 2
7929 1
7933 1
7957 1
7985 1
7993 1
8005 1
8009 1
8045 1
8053 1
8065 2
8069 1
8081 1
8089 1
8093 3
8109 1
8125 2
8145 1
8149 1
8177 2
8209 2
8233 1
8245 2
8297 1
8321 1
8325 1
8333 2
8357 1
8369 1
8377 1
8381 1
8425 2
8429 1
8465 1
8473 3
8485 1
8489 3
8501 1
8521 1
8541 1
8573 1
8585 1
8593 4
8597 1
8605 2
8641 1
8677 1
8681 1
8685 1
8689 3
8713 2
8737 1
8749 3
8761 1
8765 1
8793 1
8825 3
8833 1
8845 1
8857 1
8861 1
8865 1
8869 1
8905 1
8917 1
8933 1
8957 3
8973 2
8993 1
9001 1
9005 1
9025 2
9029 1
9041 1
9049 1
9061 1
9081 2
9113 2
9125 1
9157 1
9189 1
9193 2
9217 1
9225 3
9245 1
9293 1
9305 1
9325 1
9341 1
9349 1
9377 1
9385 1
9389 1
9425 1
9497 1
9521 1
9553 1
9593 1
9605 1
9653 2
9657 1
9685 1
9701 1
9733 1
9745 2
9781 2
9797 1
9809 1
9829 1
9925 2
9953 1
9981 1
9985 1
9997 1
10045 1
10057 1
10121 4
10169 1
10181 1
10205 1
10225 2
10229 1
10309 1
10361 1
10421 1
10433 1
10453 2
10485 1
10489 1
10585 2
10601 1
10625 1
10657 1
10729 1
10737 1
10829 1
10841 1
10889 1
10917 1
10953 1
11029 1
11093 1
11097 1
11117 1
11125 1
11213 1
11225 1
11237 1
11257 1
11365 1
11465 1
11521 1
11525 1
11765 3
11785 1
11833 1
11917 1
11941 1
11981 1
12025 2
12205 1
12233 1
12249 1
12325 1
12357 1
12569 1
12601 1
12605 1
12665 1
12701 1
12769 1
12785 1
12841 1
12905 1
12941 1
13001 2
13241 1
13289 1
13313 1
13357 1
13421 1
13613 1
13625 1
13897 1
13945 1
14065 1
14369 1
14501 1
14977 1
15137 1
15173 1
15401 1
15665 1
15725 1
15877 1
16901 1
16965 1
17405 1
18833 1
