N J h mean_R_sq err_mean_R_sq mean_R_gyr_sq err_mean_R_gyr_sq 
2500 1.41 0 7258.69 4509.9 1698.83 922.211
5 1
9 1
17 1
37 1
65 1
121 1
137 1
149 1
153 1
169 1
185 2
193 1
225 1
233 1
265 2
277 1
293 1
305 1
365 1
373 2
397 1
405 1
425 2
485 2
505 2
521 1
529 1
545 1
549 1
565 1
605 1
613 1
617 1
625 1
657 1
677 2
725 1
757 1
793 1
833 1
845 2
865 2
873 1
877 1
881 1
901 1
925 2
937 1
949 1
961 1
965 1
985 1
1021 1
1025 3
1033 1
1053 1
1105 1
1109 1
1145 1
1153 1
1189 2
1193 1
1201 1
1233 2
1305 1
1325 2
1385 1
1421 1
1429 1
1489 1
1513 1
1549 1
1585 1
1597 1
1625 1
1629 1
1693 1
1697 1
1717 1
1741 1
1765 1
1781 1
1801 2
1813 1
1825 2
1845 2
1937 1
1985 2
1989 1
2005 1
2045 1
2281 2
2353 1
2385 1
2425 1
2465 2
2477 2
2557 1
2605 1
2617 1
2621 1
2645 3
2701 1
2713 1
2725 1
2745 1
2753 1
2857 1
2885 2
3125 1
3133 1
3349 1
3385 1
3445 1
3485 1
3613 1
3617 1
3637 1
3701 1
3721 1
3733 1
3757 1
3789 1
3917 2
3989 1
4033 1
4093 1
4105 1
4113 1
4225 1
4325 1
4409 1
4553 1
4709 2
4869 1
4877 1
4909 1
5113 1
5185 1
5245 1
5365 1
5729 1
5749 1
5769 1
5897 1
6245 1
6277 1
6397 1
6605 1
6649 1
7137 1
7157 1
7393 1
7585 1
7625 1
7857 1
8405 1
8485 1
9181 1
10053 1
10141 1
11101 1
12025 1
14261 1
18265 1
35125 1
86517 1
124965 1
140717 1
146149 1
154909 1
201925 1
