N J h mean_R_sq err_mean_R_sq mean_R_gyr_sq err_mean_R_gyr_sq 
1600 1.415 0 1880.49 54.0363 489.575 6.5406
5 5
9 3
13 2
17 3
25 4
29 4
37 4
41 3
45 3
53 5
61 1
65 6
73 2
81 1
85 9
89 4
97 5
101 4
109 9
113 4
117 4
121 1
125 5
137 5
145 6
149 8
153 5
157 2
169 5
173 3
181 4
185 8
193 4
197 5
205 3
221 9
225 4
229 3
233 5
241 3
245 3
257 2
261 2
265 6
269 2
277 3
281 4
289 5
293 7
305 6
313 7
317 3
325 11
333 4
337 6
349 6
353 5
361 1
365 8
369 4
373 5
377 13
389 2
397 4
401 2
405 1
409 4
421 5
425 10
433 8
441 1
445 6
449 2
457 6
461 3
477 2
481 3
485 5
493 4
505 16
509 2
521 2
529 1
533 2
541 2
545 6
549 5
557 6
565 7
569 3
577 1
585 8
593 3
601 6
613 4
617 2
625 8
629 6
637 5
641 1
653 3
657 3
661 3
673 5
677 4
685 3
689 8
697 3
701 2
725 13
729 1
733 1
745 4
757 7
761 2
765 6
769 5
773 2
785 2
793 6
801 5
809 5
821 1
829 3
833 5
841 2
845 10
853 3
857 3
865 7
873 1
877 1
901 6
905 8
909 2
925 9
929 3
941 2
949 7
953 1
961 2
965 8
977 5
981 1
985 7
997 3
1009 2
1013 3
1017 3
1021 1
1025 6
1033 1
1037 5
1049 2
1053 1
1061 1
1069 2
1073 3
1093 2
1105 11
1109 5
1117 3
1125 3
1129 3
1145 5
1153 2
1157 5
1165 8
1181 4
1189 4
1193 7
1201 3
1205 7
1213 2
1217 1
1225 5
1229 2
1233 2
1237 4
1241 5
1249 1
1261 7
1277 3
1285 2
1297 3
1301 4
1305 4
1313 4
1321 1
1325 10
1341 2
1345 2
1361 3
1369 4
1373 3
1377 1
1385 5
1405 4
1413 2
1417 3
1421 3
1429 1
1433 2
1445 11
1453 2
1465 4
1469 6
1481 2
1489 3
1493 2
1513 4
1517 3
1521 4
1525 3
1537 7
1549 1
1553 4
1557 1
1565 6
1573 1
1585 7
1597 3
1601 1
1609 2
1613 3
1621 2
1625 12
1629 1
1637 1
1649 4
1657 4
1665 6
1669 1
1681 3
1685 7
1693 2
1697 3
1709 2
1717 8
1721 1
1737 1
1745 1
1753 2
1765 4
1769 3
1773 2
1777 1
1781 3
1789 2
1801 3
1805 1
1825 2
1845 4
1853 6
1861 3
1865 5
1873 1
1877 2
1885 6
1889 3
1901 2
1913 2
1921 2
1933 1
1937 1
1945 3
1961 2
1985 2
1989 2
1997 2
2005 1
2009 2
2017 1
2025 4
2029 2
2041 4
2045 1
2057 3
2061 2
2081 1
2089 5
2105 5
2113 1
2117 3
2125 3
2129 3
2141 6
2161 1
2169 1
2173 5
2197 2
2205 1
2209 2
2213 1
2225 3
2237 2
2245 4
2249 2
2257 1
2269 1
2273 1
2281 1
2285 2
2305 4
2313 1
2329 3
2333 4
2349 1
2353 1
2357 1
2381 2
2385 3
2389 4
2393 1
2405 5
2417 1
2421 1
2425 3
2441 2
2465 2
2477 2
2501 1
2509 1
2521 1
2525 7
2533 3
2545 3
2549 1
2557 1
2581 3
2601 1
2605 4
2621 2
2637 2
2657 1
2665 4
2669 3
2677 2
2693 2
2701 2
2705 1
2713 1
2725 3
2745 4
2777 2
2785 2
2789 1
2809 2
2813 1
2825 4
2833 1
2837 1
2845 3
2853 3
2857 1
2873 4
2885 3
2897 1
2909 3
2929 1
2941 3
2953 2
2957 2
2965 1
2969 1
2977 2
2989 1
2993 4
2997 1
3005 3
3025 1
3029 4
3033 3
3037 3
3049 3
3065 1
3077 1
3085 4
3109 1
3125 1
3133 1
3137 1
3141 3
3145 3
3161 1
3177 1
3181 3
3185 1
3205 2
3229 1
3249 1
3253 4
3257 1
3265 1
3277 1
3285 1
3293 1
3305 3
3313 1
3321 1
3329 1
3349 3
3365 1
3373 1
3385 3
3393 3
3413 1
3425 3
3433 1
3445 2
3449 1
3457 1
3461 1
3469 2
3485 2
3497 5
3505 1
3517 2
3533 2
3541 1
3545 1
3589 1
3593 1
3609 2
3613 1
3625 1
3649 1
3653 1
3677 2
3701 1
3721 2
3725 3
3733 3
3737 1
3757 2
3785 2
3789 1
3793 1
3797 2
3805 1
3809 3
3825 4
3833 3
3869 1
3877 2
3893 1
3925 1
3929 2
3965 2
3977 3
3985 1
4001 1
4013 1
4021 1
4033 2
4041 1
4045 1
4049 1
4069 1
4073 2
4097 1
4121 1
4129 1
4141 1
4145 3
4165 3
4177 1
4181 3
4201 1
4205 2
4217 2
4229 1
4261 1
4285 1
4321 1
4329 3
4349 1
4365 1
4373 2
4381 1
4397 1
4441 1
4489 1
4505 1
4517 1
4525 2
4553 1
4561 1
4597 1
4625 2
4645 2
4693 1
4705 1
4721 1
4733 1
4745 2
4777 2
4793 1
4861 1
4901 1
4905 1
4909 1
4913 1
4925 2
4993 1
5045 1
5057 1
5065 1
5069 2
5125 2
5161 1
5185 1
5189 1
5197 1
5261 1
5305 1
5321 1
5333 1
5365 1
5389 2
5409 1
5429 1
5445 3
5477 1
5501 1
5525 1
5597 1
5645 1
5689 1
5725 1
5749 1
5785 2
5809 1
5813 1
5825 1
5837 1
5905 1
5945 2
5953 1
5965 1
5993 1
6001 1
6065 1
6073 1
6085 1
6133 1
6145 1
6205 2
6269 1
6305 2
6309 1
6469 1
6569 1
6625 2
6689 1
6701 1
6737 1
6749 1
6845 1
6893 1
6925 1
6929 2
7085 1
7265 1
7345 1
7369 1
7397 1
7537 1
7565 2
7569 1
7585 1
7589 1
7765 1
7785 1
7897 1
7925 4
8089 1
8273 1
8325 3
8333 1
8885 1
9041 1
9325 1
9413 1
9553 1
9701 1
9945 1
10309 1
10457 1
11513 1
11677 1
12373 1
12389 1
12465 1
14093 1
