N J h mean_R_sq err_mean_R_sq mean_R_gyr_sq err_mean_R_gyr_sq 
1225 1.465 0 952.681 23.063 294.656 1.49685
2 1
4 2
8 2
10 6
16 1
18 4
20 2
26 7
32 3
34 5
36 3
40 3
50 11
52 6
58 5
64 1
68 8
72 5
74 3
80 3
82 4
90 8
98 1
100 10
104 6
106 2
116 9
122 6
128 2
130 7
136 6
144 2
146 4
148 5
160 5
162 2
164 9
170 12
178 7
180 6
194 9
196 1
200 8
202 4
208 3
212 6
218 5
226 5
232 9
234 6
242 1
244 6
250 17
260 11
272 6
274 6
288 1
290 11
292 3
296 1
298 9
306 6
314 9
320 4
324 3
328 4
338 11
340 5
346 6
356 8
360 7
362 4
370 21
386 3
388 6
392 2
394 3
400 8
404 5
410 6
416 3
424 4
436 14
442 9
450 6
452 10
458 8
464 4
466 1
468 6
482 4
484 1
488 3
490 7
500 8
512 1
514 4
520 6
522 5
530 11
538 5
544 3
548 6
554 5
562 5
576 1
578 8
580 10
584 3
586 3
592 5
596 4
610 10
612 4
626 3
628 1
634 2
640 6
648 2
650 10
656 4
666 3
674 3
676 2
680 7
692 3
698 7
706 4
712 2
720 2
722 3
724 6
730 4
738 6
740 4
746 3
754 11
772 4
776 3
778 1
784 2
788 4
794 3
800 5
802 6
808 3
810 4
818 2
820 6
832 5
842 4
848 1
850 4
866 2
872 3
882 3
884 7
890 4
898 3
900 2
904 6
914 4
916 3
922 3
928 3
932 3
954 3
962 6
964 7
968 2
970 5
976 3
980 6
986 5
1000 7
1010 6
1018 7
1024 4
1028 2
1040 8
1042 6
1044 5
1060 7
1066 3
1076 3
1082 2
1088 3
1090 4
1096 2
1098 1
1108 2
1114 2
1124 1
1130 12
1138 1
1154 3
1156 6
1160 4
1168 2
1170 1
1184 1
1186 2
1192 4
1202 2
1210 2
1220 6
1224 5
1234 2
1250 5
1256 1
1258 4
1268 1
1280 2
1282 3
1300 6
1306 4
1312 3
1314 2
1322 1
1332 2
1346 2
1348 2
1352 4
1354 2
1360 7
1370 4
1378 7
1394 5
1396 2
1402 2
1412 7
1418 5
1424 4
1440 7
1444 1
1448 2
1450 4
1458 1
1460 4
1466 3
1480 1
1490 5
1492 2
1508 4
1514 1
1522 1
1530 2
1544 5
1546 2
1552 1
1556 2
1568 1
1570 5
1576 2
1586 2
1594 1
1600 4
1602 4
1604 1
1618 2
1620 2
1636 3
1640 4
1642 3
1664 2
1682 2
1684 1
1690 3
1696 2
1700 5
1706 1
1714 2
1730 2
1732 2
1744 1
1746 1
1754 2
1762 2
1764 1
1768 3
1780 2
1796 1
1800 2
1802 1
1808 1
1828 1
1832 1
1844 2
1850 4
1864 1
1882 3
1898 2
1906 1
1922 1
1930 3
1940 4
1952 1
1954 1
1960 2
1962 1
1970 1
1994 2
2000 4
2018 2
2020 3
2026 1
2034 2
2042 2
2050 3
2056 2
2066 2
2074 2
2080 2
2098 1
2106 1
2120 1
2122 1
2132 1
2138 1
2146 1
2152 1
2164 1
2178 1
2186 1
2192 4
2194 1
2210 2
2216 2
2234 2
2248 1
2260 2
2290 2
2304 2
2306 2
2308 2
2320 1
2330 1
2378 1
2384 2
2386 2
2402 2
2420 1
2426 1
2440 3
2452 1
2466 2
2482 3
2512 1
2536 1
2548 1
2560 1
2594 2
2600 1
2602 1
2624 2
2626 1
2650 3
2664 1
2692 1
2704 1
2722 1
2738 2
2762 1
2770 1
2788 1
2834 3
2836 1
2858 1
2866 1
2890 3
2938 1
2952 1
2962 1
3016 1
3026 1
3028 1
3044 1
3060 2
3074 1
3092 1
3098 1
3114 1
3130 1
3136 1
3152 1
3172 1
3194 1
3218 1
3236 1
3250 1
3272 1
3280 1
3332 1
3338 1
3380 1
3386 1
3392 1
3464 1
3492 2
3508 1
3716 1
3728 1
3730 1
3770 2
3848 1
3940 1
3970 1
4068 1
4082 1
4084 1
4106 1
4122 1
4138 1
4264 1
4388 1
4520 1
5018 1
5032 1
5122 1
5800 1
6658 1
