N J h mean_R_sq err_mean_R_sq mean_R_gyr_sq err_mean_R_gyr_sq 
900 1.441 0 954.753 10.6346 251.557 0.922727
1 13
5 39
9 10
13 49
17 23
25 36
29 40
37 47
41 22
45 30
49 22
53 23
61 33
65 65
73 25
81 25
85 61
89 37
97 45
101 38
109 29
113 43
117 33
121 14
125 71
137 30
145 84
149 34
153 38
157 48
169 52
173 35
181 31
185 84
193 42
197 32
205 63
221 62
225 57
229 26
233 29
241 35
245 27
257 42
261 23
265 71
269 32
277 28
281 36
289 53
293 32
305 72
313 36
317 33
325 87
333 34
337 23
349 34
353 27
361 18
365 63
369 24
373 36
377 59
389 38
397 31
401 24
405 33
409 44
421 26
425 74
433 29
441 21
445 47
449 26
457 35
461 31
477 29
481 57
485 58
493 60
505 54
509 28
521 39
529 13
533 48
541 26
545 42
549 23
557 26
565 56
569 24
577 27
585 49
593 25
601 19
605 28
613 20
617 26
625 56
629 47
637 27
641 21
653 15
657 21
661 21
673 21
677 29
685 49
689 50
697 43
701 18
709 25
725 66
729 14
733 19
745 39
757 19
761 28
765 46
769 14
773 32
785 47
793 40
797 18
801 21
809 19
821 11
829 21
833 20
841 31
845 54
853 18
857 17
865 35
873 29
877 24
881 23
901 45
905 46
909 12
925 46
929 21
937 20
941 22
949 29
953 27
961 9
965 34
977 13
981 19
985 20
997 17
1009 17
1013 10
1017 12
1021 12
1025 47
1033 17
1037 36
1049 17
1053 24
1061 17
1069 16
1073 29
1089 8
1093 16
1097 26
1105 60
1109 10
1117 12
1125 26
1129 12
1145 31
1153 13
1157 31
1165 26
1181 9
1189 25
1193 11
1201 11
1205 29
1213 11
1217 11
1225 13
1229 18
1233 15
1237 18
1241 20
1249 11
1261 25
1277 13
1285 26
1289 17
1297 15
1301 11
1305 18
1313 19
1321 15
1325 32
1341 12
1345 21
1361 12
1369 15
1373 6
1377 8
1381 6
1385 26
1405 30
1409 12
1413 7
1417 16
1421 9
1429 8
1433 9
1445 36
1453 9
1465 18
1469 13
1481 13
1489 12
1493 7
1513 17
1517 20
1521 11
1525 26
1537 22
1549 8
1553 16
1557 10
1565 14
1573 8
1585 20
1597 6
1601 5
1609 9
1613 8
1621 12
1625 36
1629 3
1637 10
1649 16
1657 8
1665 17
1669 11
1681 13
1685 11
1693 6
1697 9
1709 4
1717 17
1721 10
1733 6
1737 7
1741 3
1745 12
1753 5
1765 17
1769 14
1773 5
1777 6
1781 19
1789 8
1801 10
1805 8
1813 2
1825 31
1845 13
1849 5
1853 15
1861 3
1865 22
1873 4
1877 2
1885 27
1889 9
1901 6
1913 4
1921 5
1933 6
1937 11
1945 15
1949 6
1961 14
1973 6
1985 10
1989 10
1993 4
1997 4
2005 11
2009 5
2017 9
2025 9
2029 6
2041 13
2045 12
2053 9
2057 8
2061 6
2069 2
2081 5
2089 2
2097 2
2105 7
2113 9
2117 9
2125 25
2129 3
2137 2
2141 5
2153 3
2161 8
2165 8
2169 2
2173 7
2197 12
2205 8
2209 2
2213 8
2221 3
2225 13
2237 3
2245 7
2249 10
2257 3
2269 3
2273 4
2281 1
2285 14
2293 3
2297 4
2305 6
2309 4
2313 7
2329 9
2333 4
2341 4
2349 1
2353 5
2357 1
2377 2
2381 4
2385 3
2389 3
2393 4
2401 2
2405 17
2417 1
2421 3
2425 4
2437 2
2441 4
2465 12
2473 1
2477 6
2493 3
2501 7
2509 5
2521 5
2525 9
2529 1
2533 4
2545 9
2549 5
2557 3
2561 9
2581 6
2593 4
2597 3
2601 5
2605 2
2609 2
2617 3
2621 2
2633 3
2637 1
2645 1
2657 2
2665 10
2669 3
2677 3
2689 3
2693 1
2701 8
2705 6
2725 5
2741 3
2745 4
2749 2
2753 3
2777 6
2785 4
2789 4
2797 1
2801 3
2813 4
2817 2
2825 5
2833 4
2837 2
2845 3
2853 3
2857 1
2861 2
2873 5
2885 1
2897 2
2909 2
2917 2
2925 4
2929 1
2941 3
2953 2
2957 2
2965 1
2977 7
2993 8
3001 1
3005 3
3029 4
3033 4
3037 1
3041 2
3049 1
3065 2
3077 1
3085 1
3089 1
3109 4
3121 3
3125 3
3133 4
3137 1
3141 5
3145 8
3161 4
3177 1
3181 1
3205 2
3209 1
3217 1
3221 1
3233 4
3257 3
3265 2
3281 2
3285 2
3293 4
3305 5
3313 2
3321 3
3329 1
3341 2
3349 4
3357 1
3361 2
3365 1
3373 1
3385 3
3389 1
3413 1
3425 4
3433 1
3445 2
3469 2
3481 2
3485 7
3497 1
3501 4
3505 2
3509 3
3517 1
3529 1
3533 1
3557 2
3573 3
3577 1
3589 3
3593 1
3601 1
3617 1
3625 2
3649 3
3653 2
3673 1
3677 1
3681 1
3701 1
3709 1
3721 2
3725 1
3733 1
3737 2
3785 1
3789 1
3805 2
3825 1
3845 1
3865 1
3869 1
3877 1
3893 2
3917 1
3925 2
3965 6
3969 1
3973 1
3977 1
3985 1
4005 1
4013 1
4045 2
4049 1
4069 2
4097 1
4121 1
4133 1
4145 1
4177 1
4201 1
4225 1
4253 1
4261 2
4265 2
4273 1
4285 1
4325 2
4349 1
4361 1
4369 1
4381 2
4385 1
4409 1
4421 1
4437 2
4481 1
4493 2
4513 1
4525 2
4537 1
4545 1
4549 4
4553 1
4561 1
4621 1
4637 2
4645 3
4649 1
4673 1
4705 1
4721 1
4733 1
4745 1
4777 1
4817 1
4905 1
4909 1
4913 1
4925 1
4933 1
4957 1
4969 1
4985 3
5013 1
5081 1
5165 1
5197 1
5209 1
5213 1
5245 2
5337 1
5353 1
5413 1
5569 1
5617 1
5625 1
5629 1
5641 1
5653 1
5689 1
5729 1
5733 1
5837 1
5849 1
5913 1
5933 1
5993 1
6109 1
6133 1
6305 1
6389 1
6409 1
6525 1
6749 1
6761 1
6921 1
6925 1
6929 1
7025 1
7225 1
7589 1
7685 1
7769 1
7837 1
7897 1
7925 1
8089 1
8125 1
12325 1
