N J h mean_R_sq err_mean_R_sq mean_R_gyr_sq err_mean_R_gyr_sq 
3600 1.4 0 14703.3 9977 2412.38 1223.38
9 1
17 1
37 1
41 1
65 1
73 1
85 2
89 2
113 1
117 1
125 1
137 1
145 2
149 3
153 1
157 1
169 2
173 1
185 7
193 4
197 2
205 2
225 2
233 2
241 1
261 1
265 5
269 2
277 1
281 3
289 1
313 1
317 1
325 3
337 1
353 2
365 1
369 2
377 2
389 2
397 4
405 1
409 1
421 1
425 7
433 1
449 1
457 1
477 1
481 2
485 2
493 3
505 1
509 1
521 1
533 2
545 2
549 1
557 1
565 1
577 1
585 1
593 1
601 1
605 1
613 2
617 1
625 1
629 4
637 2
673 1
677 1
689 1
697 4
701 1
709 1
725 4
729 1
733 2
745 2
757 2
761 1
765 6
769 3
785 1
793 1
797 1
801 1
809 1
821 1
833 1
841 2
845 1
853 1
857 1
865 4
873 1
881 3
901 4
905 1
909 3
925 1
937 2
949 2
953 2
965 3
977 2
985 1
1009 1
1013 1
1021 1
1025 2
1033 2
1037 1
1049 1
1061 2
1073 3
1105 3
1125 1
1129 1
1145 1
1153 2
1165 5
1189 2
1193 2
1205 3
1213 1
1229 2
1237 2
1241 2
1249 2
1261 7
1277 1
1289 1
1301 1
1305 1
1313 1
1325 5
1345 3
1369 1
1385 1
1405 1
1409 1
1413 1
1417 1
1421 1
1429 1
1433 2
1445 1
1453 1
1465 1
1469 3
1481 1
1489 1
1513 1
1521 2
1525 4
1537 3
1549 2
1553 2
1557 3
1565 3
1573 3
1585 2
1597 2
1609 1
1621 1
1625 1
1629 1
1637 4
1657 1
1665 1
1681 3
1693 1
1709 1
1717 2
1733 1
1737 1
1745 4
1765 2
1769 1
1777 1
1781 3
1789 1
1801 1
1805 2
1813 1
1845 1
1849 1
1861 5
1865 3
1873 3
1877 1
1885 2
1889 3
1901 1
1913 1
1921 2
1937 3
1945 3
1961 2
1985 1
1989 1
1997 1
2005 1
2017 1
2041 1
2045 2
2057 2
2061 1
2069 1
2081 1
2089 1
2097 2
2105 2
2113 2
2125 3
2129 2
2137 1
2141 1
2165 2
2169 1
2197 2
2205 1
2209 1
2221 2
2225 2
2237 2
2245 1
2249 1
2285 2
2293 1
2305 3
2309 2
2313 1
2329 3
2357 1
2377 1
2385 3
2405 2
2425 1
2465 2
2473 1
2501 1
2521 1
2525 2
2529 1
2533 1
2545 1
2561 3
2605 5
2609 2
2617 1
2633 1
2665 4
2669 2
2677 2
2689 1
2701 2
2705 4
2725 2
2745 3
2789 2
2797 1
2801 2
2809 2
2813 1
2825 4
2833 1
2837 1
2845 1
2873 1
2885 4
2897 1
2909 1
2917 1
2925 2
2953 1
2965 1
2969 1
2989 1
3005 2
3029 4
3041 2
3049 2
3077 1
3085 1
3109 1
3125 1
3133 1
3137 1
3141 1
3145 1
3161 1
3169 1
3181 1
3185 1
3205 1
3209 1
3217 2
3229 3
3233 1
3265 1
3277 1
3285 2
3293 2
3305 1
3313 1
3341 3
3349 2
3365 2
3373 2
3385 2
3393 1
3413 1
3445 2
3457 1
3485 2
3505 1
3529 1
3533 2
3541 1
3557 2
3577 1
3589 1
3593 1
3609 1
3625 3
3653 1
3665 2
3673 1
3677 1
3697 2
3721 2
3725 2
3733 1
3737 3
3761 2
3785 2
3793 1
3797 2
3809 1
3825 3
3853 1
3869 2
3877 1
3881 1
3893 1
3897 2
3925 1
3929 1
3961 1
3965 1
3973 1
3985 2
3989 1
4001 1
4005 2
4033 1
4073 2
4097 1
4105 1
4129 1
4141 3
4149 1
4157 2
4181 1
4201 3
4225 2
4265 2
4293 3
4321 1
4325 2
4329 2
4349 1
4357 1
4365 3
4381 3
4405 2
4453 1
4457 1
4477 1
4481 1
4493 1
4505 3
4517 2
4525 1
4537 1
4545 1
4553 2
4561 1
4581 1
4597 2
4625 1
4633 1
4657 1
4685 1
4693 1
4717 2
4729 1
4745 2
4765 1
4777 1
4789 1
4793 1
4805 1
4813 1
4825 1
4849 2
4869 2
4889 1
4901 3
4905 3
4909 1
4913 1
4925 1
4937 3
4941 2
4969 1
4985 2
4993 1
5017 1
5021 1
5045 1
5057 1
5069 2
5085 1
5101 1
5105 1
5141 1
5153 1
5161 1
5165 2
5185 2
5197 3
5209 1
5213 2
5233 3
5245 3
5249 1
5261 1
5273 2
5305 1
5309 1
5321 1
5329 1
5341 1
5345 1
5353 1
5381 1
5409 1
5413 1
5429 1
5437 1
5445 1
5449 1
5473 1
5501 1
5521 1
5525 2
5537 2
5597 2
5629 1
5641 1
5645 1
5657 1
5661 1
5713 1
5765 1
5777 1
5785 4
5809 1
5825 1
5877 1
5881 2
5897 1
5905 1
5933 1
5965 2
5989 1
6001 1
6005 1
6025 1
6085 1
6089 1
6113 1
6121 1
6125 1
6161 2
6165 1
6185 1
6253 1
6273 1
6309 1
6361 1
6373 1
6397 2
6401 1
6409 3
6425 1
6445 1
6485 1
6497 1
6525 4
6565 1
6605 1
6625 1
6641 1
6661 1
6697 1
6701 1
6713 1
6725 1
6737 1
6773 2
6813 1
6817 1
6849 1
6905 1
6929 3
6957 1
6961 1
7001 2
7025 2
7033 1
7065 1
7069 1
7081 1
7085 2
7093 1
7141 1
7193 1
7209 1
7225 1
7241 1
7265 1
7281 1
7289 1
7325 3
7333 1
7345 2
7349 1
7397 1
7405 1
7445 3
7453 2
7457 1
7461 1
7481 1
7517 1
7569 1
7577 2
7585 1
7605 1
7621 2
7673 1
7741 1
7745 1
7765 1
7769 1
7785 2
7793 1
7813 1
7825 1
7873 1
7901 1
7913 1
7921 2
7969 1
8009 2
8065 1
8093 1
8117 1
8125 2
8145 1
8149 1
8345 1
8361 1
8377 1
8405 1
8461 1
8473 1
8489 1
8501 1
8545 1
8593 1
8633 1
8641 1
8653 2
8705 1
8801 1
8837 1
8845 1
8861 1
8885 1
8993 1
9005 1
9025 1
9109 1
9197 1
9217 1
9221 1
9225 1
9305 2
9349 1
9385 2
9413 1
9425 1
9469 1
9509 1
9549 1
9629 1
9653 1
9685 1
9773 1
9817 1
9841 1
9953 1
9965 1
9981 1
9985 1
9997 1
10001 1
10061 1
10069 1
10085 1
10205 1
10217 1
10225 1
10237 1
10249 1
10285 1
10305 1
10345 3
10377 1
10457 1
10469 1
10553 1
10565 1
10585 1
10645 1
10693 1
10729 1
10845 1
10933 1
11025 1
11029 1
11041 1
11045 1
11125 1
11141 1
11185 1
11245 1
11353 1
11425 1
11521 1
11545 1
11593 1
11629 1
11645 1
11677 1
11681 1
11701 1
11705 1
11709 1
11765 3
11817 1
11981 1
12097 1
12125 1
12185 1
12205 1
12233 1
12289 1
12337 2
12569 1
12645 1
12721 1
13001 1
13025 1
13165 1
13185 1
13261 1
13325 1
13397 1
13505 1
13525 1
13565 1
13613 1
13793 1
13801 1
13817 1
13901 1
13949 1
13957 1
14085 1
14125 1
14257 1
14401 1
14417 1
14501 1
14589 1
14633 1
14909 1
14989 1
15165 1
15313 1
15325 1
15361 1
15481 1
15489 1
15773 2
15777 1
15797 1
15957 1
16021 1
16301 1
16317 1
16465 1
16525 1
16633 1
16661 1
16757 1
16769 1
16805 1
17065 1
17137 1
17165 1
17225 1
17525 1
17777 1
18937 1
19141 1
19417 1
19601 1
19889 1
20101 1
20313 1
20813 1
21509 1
24877 1
25085 1
31721 1
35677 1
100973 1
409601 1
410897 1
426413 1
439085 1
1478825 1
1483605 1
1535317 1
1555153 1
1557513 1
1582565 1
