N J h mean_R_sq err_mean_R_sq mean_R_gyr_sq err_mean_R_gyr_sq 
4900 1.364 0 51359.2 28669.1 7676.68 3776.21
149 1
221 2
225 1
389 1
505 1
613 2
685 1
689 1
729 1
765 1
841 1
865 1
881 1
905 1
937 1
1157 1
1189 1
1213 2
1325 1
1369 1
1521 1
1565 1
1625 1
1665 1
1685 1
1717 1
1781 1
1805 1
1845 2
1937 1
2041 1
2045 1
2081 1
2089 1
2137 1
2165 1
2197 2
2245 1
2293 1
2385 1
2405 1
2477 1
2521 1
2545 1
2597 1
2665 2
2741 1
2749 1
2809 1
2825 1
3033 1
3061 2
3145 1
3161 1
3169 1
3177 1
3233 2
3361 1
3385 1
3393 1
3497 1
3649 1
3709 1
3725 1
3737 1
3761 1
3789 1
3793 1
3797 1
3917 1
3925 1
3965 2
3977 1
3989 1
4033 1
4045 1
4057 1
4113 1
4141 1
4145 1
4205 1
4225 1
4241 1
4361 1
4421 1
4513 2
4525 1
4537 1
4545 1
4729 1
4745 1
4797 1
4817 1
4889 1
4937 1
4981 1
5013 1
5057 1
5125 1
5165 1
5273 1
5333 1
5365 1
5437 1
5501 1
5525 2
5545 1
5629 1
5669 2
5837 2
5981 1
6113 1
6161 1
6185 1
6245 1
6253 1
6269 1
6305 2
6337 1
6385 1
6401 2
6449 1
6485 1
6577 1
6617 1
6725 1
6737 1
6829 1
6845 1
6865 1
6893 1
6929 1
6953 1
6957 1
7025 1
7033 1
7045 1
7081 1
7157 1
7165 1
7241 1
7265 1
7325 1
7349 1
7361 1
7397 1
7405 1
7477 1
7529 1
7605 1
7625 2
7693 2
7801 1
7837 1
7857 1
7873 1
7993 1
8045 1
8065 1
8149 2
8237 1
8329 1
8333 1
8361 1
8405 1
8425 1
8485 2
8521 1
8573 1
8633 1
8649 1
8725 1
8905 1
8933 1
8941 1
9041 1
9257 1
9297 1
9325 1
9365 1
9389 2
9425 1
9445 1
9577 1
9629 1
9661 1
9829 1
9841 1
9901 1
9949 1
9985 1
10025 1
10049 1
10057 1
10085 1
10145 1
10249 1
10273 1
10301 1
10433 1
10489 1
10537 1
10597 1
10613 1
10625 1
10629 1
10673 2
10705 1
10865 1
10877 1
10933 1
11029 1
11045 1
11101 1
11237 1
11369 1
11453 1
11497 1
11525 1
11617 1
11713 2
11717 1
11745 1
11945 1
12097 1
12137 1
12233 1
12241 2
12325 1
12377 1
12461 1
12553 1
12593 1
12665 1
12681 1
12701 1
12725 1
12785 1
12809 1
12893 2
12937 1
12965 1
13025 1
13181 1
13285 1
13325 2
13357 1
13385 1
13625 1
13637 1
13649 1
13681 1
13817 1
13877 1
14225 1
14309 1
14437 1
14561 1
14681 1
14841 1
15025 1
15125 1
15305 1
15337 1
15385 1
15457 1
15497 1
15665 3
15685 1
15877 1
15885 1
15889 1
15957 1
16153 1
16249 1
16325 1
16501 1
16561 1
16577 1
16613 1
16745 2
16805 1
16897 1
16993 1
17053 1
17113 1
17141 1
17189 1
17449 1
17541 1
17629 1
17689 1
17797 2
17849 1
17905 1
18041 1
18085 1
18353 1
18577 1
18973 1
19025 1
19045 1
19053 1
19097 1
19377 1
19465 1
19493 1
19501 1
19841 1
19865 2
19889 1
19981 1
20005 1
20025 2
20089 1
20225 1
20241 1
20281 1
20369 1
20557 1
20565 1
20645 1
20665 1
20705 1
20765 2
21037 1
21041 1
21101 1
21125 1
21253 1
21289 1
21325 1
21349 1
21625 1
21645 1
21757 1
21985 1
22189 1
22465 1
22621 1
22681 1
22765 1
22873 1
23329 1
23393 2
23525 2
23717 1
23765 1
23985 1
23993 1
24029 1
24061 1
24089 1
24181 1
24221 1
24361 1
24401 1
24425 1
24433 1
24517 1
24665 1
24705 1
24845 1
25105 1
25129 1
25177 1
25225 1
25313 1
25385 1
25477 1
25625 2
25677 1
25713 1
25721 1
25793 1
25841 1
26185 1
26685 1
26825 2
26969 1
27157 1
27161 1
27253 1
27365 1
27521 1
27593 1
27625 1
27989 1
28033 1
28145 1
28265 1
28305 1
28565 1
28577 1
28585 1
28921 1
29045 1
29105 1
29185 1
29277 1
29313 1
29633 1
29705 1
29861 1
29881 1
29945 2
30133 1
30325 1
30501 1
30589 1
30825 1
31069 1
31265 1
31365 1
31769 1
31849 1
32045 1
32189 1
32377 1
32741 1
33185 2
33629 1
33665 1
33813 1
33857 1
33893 1
34205 1
34213 1
34217 1
34325 1
34541 1
34697 1
34745 1
34933 1
35197 1
35345 1
35461 1
35465 1
35477 1
35633 1
36017 1
36061 1
36209 1
36873 1
37325 1
37413 1
37573 1
37957 1
38169 1
38385 1
38585 1
38637 1
38845 1
40169 1
40333 1
40661 1
40837 1
41197 1
41297 1
41425 1
41513 1
41869 1
41905 1
42029 1
42169 1
42453 1
42661 1
42857 1
42937 1
42993 1
43441 1
43469 1
43973 1
44029 1
44129 1
44225 1
44717 1
45673 1
45833 1
46237 1
46553 1
46885 1
47413 1
47513 1
48305 1
48373 1
48449 1
48505 1
48625 1
48821 1
48889 1
49617 1
49793 1
50045 1
50297 1
51101 1
51561 1
51713 1
51985 1
52533 1
53005 1
53737 1
53901 1
55817 1
56129 1
57005 1
57217 1
57681 1
57929 1
57965 1
58169 1
58181 1
58481 1
59105 1
60265 1
60397 1
60417 1
60509 1
60525 1
60809 1
60953 1
61013 1
61025 1
61217 1
61965 1
62045 1
62197 1
62901 1
63037 1
63529 1
64565 1
66601 1
70057 1
70841 1
71117 1
73685 1
74421 1
74665 1
74725 1
76585 1
78625 1
80253 1
80665 1
81185 1
88645 1
95729 1
98977 1
128797 1
442733 1
768105 1
1079213 1
1295825 1
1303081 1
1333009 1
1348425 1
1366073 1
1397133 1
1440625 1
1487493 1
1895401 1
2205901 1
