N J h mean_R_sq err_mean_R_sq mean_R_gyr_sq err_mean_R_gyr_sq 
2500 1.417 0 2627.81 138.52 709.668 17.1511
5 1
9 1
13 1
17 1
25 2
41 1
45 1
49 1
53 1
65 2
85 4
89 1
101 1
109 1
113 1
125 1
145 3
149 1
153 1
157 1
173 1
181 2
185 4
193 2
197 1
205 4
221 1
225 1
229 1
245 1
257 3
261 1
265 3
269 2
281 1
289 3
305 1
317 1
325 1
333 1
349 1
353 1
365 1
377 2
389 1
397 5
409 1
421 2
425 2
433 1
445 1
457 1
481 2
485 2
505 2
521 1
529 1
533 2
541 2
545 1
549 1
557 1
565 2
585 4
601 1
605 1
613 1
617 1
625 2
629 3
637 2
641 1
653 1
657 2
661 1
673 1
677 1
697 1
701 2
709 1
725 5
733 1
745 2
765 1
769 1
773 1
793 1
797 1
821 1
845 3
853 1
857 2
865 1
873 1
877 1
881 1
905 3
925 1
929 1
949 1
981 2
985 1
1013 1
1017 1
1021 1
1025 1
1049 2
1053 1
1061 2
1069 1
1073 2
1093 3
1105 2
1109 2
1117 1
1125 1
1145 2
1157 1
1165 2
1181 1
1189 1
1193 2
1205 1
1217 2
1229 1
1233 1
1241 1
1249 4
1261 1
1277 1
1285 4
1289 1
1301 2
1305 3
1313 1
1345 2
1361 1
1369 2
1377 1
1381 1
1385 1
1409 1
1417 3
1421 1
1433 1
1445 4
1465 2
1469 3
1489 1
1517 2
1521 1
1525 2
1537 1
1549 2
1557 1
1565 2
1573 2
1585 2
1597 1
1609 1
1625 4
1629 2
1637 3
1649 1
1665 2
1669 1
1681 2
1685 2
1721 1
1737 2
1745 2
1753 1
1765 3
1769 1
1773 1
1781 3
1789 1
1801 2
1805 1
1825 1
1845 3
1853 3
1865 1
1873 2
1885 2
1889 2
1901 2
1913 1
1921 1
1933 1
1945 2
1949 1
1961 2
1985 1
1989 2
1993 2
1997 2
2005 2
2029 1
2041 2
2045 2
2053 2
2081 1
2089 1
2097 1
2117 2
2125 1
2141 1
2197 1
2225 2
2237 1
2257 2
2281 1
2297 1
2305 1
2329 2
2353 1
2357 2
2389 1
2401 1
2405 1
2425 1
2465 4
2473 1
2509 2
2525 2
2533 1
2549 2
2557 1
2561 1
2593 1
2597 1
2601 1
2621 1
2645 2
2657 1
2665 1
2677 1
2689 1
2693 1
2701 4
2725 4
2745 2
2753 2
2785 1
2797 2
2801 1
2809 1
2825 1
2853 1
2897 1
2925 3
2929 1
2941 1
2965 1
2989 1
2993 1
3001 1
3033 2
3037 1
3061 1
3065 1
3085 1
3141 1
3145 2
3161 1
3205 1
3233 1
3253 1
3257 1
3277 2
3293 1
3341 1
3389 1
3393 2
3425 1
3433 1
3445 2
3449 1
3485 1
3497 1
3505 2
3509 1
3529 1
3545 1
3577 1
3581 1
3589 2
3601 1
3609 1
3645 1
3653 1
3673 2
3681 1
3725 1
3733 2
3737 1
3757 1
3785 2
3845 1
3925 3
3965 1
3977 2
3985 1
3989 1
4005 1
4033 1
4049 1
4105 2
4157 3
4165 1
4181 2
4225 2
4265 1
4293 1
4297 1
4325 1
4337 1
4349 1
4421 1
4453 1
4469 1
4537 1
4545 1
4589 1
4625 2
4637 1
4673 1
4693 1
4745 1
4869 1
4877 2
4909 1
4913 1
4925 1
4933 1
4941 1
4973 2
5009 1
5057 2
5101 1
5153 1
5197 1
5213 1
5233 1
5249 1
5297 1
5317 1
5329 1
5333 2
5437 1
5485 1
5525 2
5581 1
5597 1
5653 1
5693 1
5733 1
5785 1
5821 1
5825 2
6001 1
6005 1
6113 1
6161 2
6165 1
6217 1
6229 1
6389 1
6497 1
6521 1
6565 1
6617 1
6649 1
6705 1
6817 1
6857 2
6889 1
6925 1
7045 1
7081 1
7085 1
7129 1
7145 1
7173 1
7325 1
7369 1
7373 1
7393 1
7489 1
7561 1
7573 1
7577 1
7757 1
7769 2
7925 1
7969 1
7985 1
8245 1
8689 1
8801 1
8845 1
8933 1
8957 1
9025 1
9029 1
9169 1
9413 1
9433 1
9701 1
9817 1
10145 1
10469 2
10805 1
10985 2
11009 1
11105 1
11525 1
12589 1
13045 1
14481 1
15137 1
