N J h mean_R_sq err_mean_R_sq mean_R_gyr_sq err_mean_R_gyr_sq 
1600 1.385 0 3428.78 71.2703 708.944 7.06048
1 3
5 2
9 2
13 2
17 3
25 2
29 4
37 7
41 7
45 4
49 2
53 2
61 6
65 5
73 5
81 3
85 11
89 6
97 6
101 4
109 3
113 4
117 4
121 2
125 8
137 7
145 12
149 4
153 3
157 1
169 8
173 4
181 9
185 12
193 6
197 3
205 11
221 12
225 5
229 4
233 3
241 7
245 3
257 7
261 4
265 12
269 8
277 6
281 8
289 6
293 3
305 14
313 5
317 2
325 12
333 4
337 9
349 7
353 8
361 3
365 7
369 4
373 2
377 11
389 3
397 4
401 5
405 6
409 7
421 4
425 9
433 1
441 2
445 9
449 3
457 4
461 1
477 3
481 6
485 11
493 15
505 17
509 9
521 5
529 3
533 11
541 9
545 12
549 6
557 5
565 11
569 3
577 5
585 7
593 2
601 10
605 3
613 4
617 5
625 16
629 9
637 3
641 5
653 4
657 4
661 1
673 2
677 6
685 9
689 7
697 13
701 1
709 6
725 17
729 4
733 6
745 12
757 2
761 4
765 13
769 3
773 6
785 13
793 8
797 3
801 4
809 3
821 5
829 3
833 4
841 9
845 20
853 3
857 6
865 8
873 1
877 3
881 2
901 4
905 6
909 3
925 14
929 9
937 6
941 6
949 11
953 6
961 3
965 8
977 6
981 4
985 10
997 8
1009 4
1013 5
1017 3
1021 8
1025 12
1033 6
1037 10
1049 5
1053 4
1061 7
1069 3
1073 7
1093 4
1097 5
1105 25
1109 5
1117 4
1125 11
1129 4
1145 12
1153 5
1157 3
1165 15
1181 4
1189 8
1193 5
1201 4
1205 7
1213 5
1217 2
1225 6
1229 4
1233 5
1237 4
1241 11
1261 14
1277 3
1285 6
1289 2
1297 7
1301 3
1305 8
1313 8
1321 2
1325 10
1341 7
1345 8
1361 4
1369 6
1373 8
1377 3
1381 5
1385 4
1405 8
1409 8
1413 5
1417 7
1421 8
1429 1
1433 6
1445 12
1453 2
1465 11
1469 5
1489 3
1493 1
1513 9
1517 11
1521 8
1525 19
1537 7
1549 4
1553 2
1557 2
1565 1
1573 4
1585 8
1597 3
1601 5
1609 5
1613 3
1621 6
1625 12
1629 5
1637 7
1649 10
1657 3
1665 11
1681 4
1685 5
1693 3
1697 3
1709 3
1717 4
1721 1
1733 3
1737 5
1741 4
1745 5
1753 4
1765 7
1769 3
1773 7
1777 5
1781 4
1789 4
1801 5
1805 3
1813 1
1825 10
1845 7
1849 2
1853 6
1861 5
1865 4
1873 7
1877 6
1885 14
1889 3
1901 2
1913 3
1921 4
1933 5
1937 4
1945 5
1949 1
1961 7
1973 3
1985 4
1989 6
1993 5
1997 3
2005 10
2009 3
2017 2
2025 6
2029 5
2041 8
2045 10
2053 1
2057 4
2061 6
2069 2
2081 4
2089 3
2097 2
2105 9
2113 3
2117 8
2125 13
2129 6
2137 3
2141 4
2153 2
2161 2
2165 4
2169 1
2173 11
2197 8
2205 3
2209 2
2213 4
2221 4
2225 10
2237 2
2245 6
2249 7
2257 2
2269 1
2273 4
2281 1
2285 6
2293 3
2297 3
2305 7
2309 3
2313 1
2329 8
2333 2
2341 4
2349 6
2353 2
2357 2
2377 3
2381 2
2385 8
2389 3
2405 7
2417 1
2421 5
2425 11
2437 3
2441 2
2465 16
2473 10
2477 2
2493 3
2501 8
2509 8
2521 1
2525 11
2529 2
2533 8
2545 8
2549 2
2557 3
2561 6
2581 9
2597 2
2601 4
2605 4
2609 4
2621 2
2633 5
2637 1
2645 2
2657 3
2665 8
2669 6
2677 1
2689 2
2693 3
2701 5
2705 3
2713 2
2725 9
2729 1
2741 3
2745 1
2749 4
2753 2
2777 2
2785 3
2789 1
2797 4
2801 5
2809 7
2813 7
2817 5
2825 8
2833 7
2837 3
2845 5
2853 2
2857 2
2861 2
2873 11
2885 5
2897 3
2909 4
2917 2
2925 10
2929 5
2941 9
2957 2
2965 5
2969 2
2977 5
2989 2
2993 6
3001 2
3005 6
3025 1
3029 1
3033 2
3041 4
3049 2
3061 1
3065 5
3077 4
3085 6
3089 5
3109 1
3121 3
3125 8
3133 4
3137 1
3145 7
3161 4
3169 3
3177 3
3181 3
3185 3
3205 8
3209 4
3217 2
3221 3
3229 3
3233 2
3253 2
3257 2
3265 8
3277 5
3281 4
3285 5
3293 7
3301 1
3305 2
3313 4
3321 1
3329 1
3341 5
3349 6
3361 1
3365 6
3373 2
3385 4
3389 1
3393 3
3413 3
3425 7
3433 3
3445 8
3449 2
3457 3
3461 1
3469 1
3481 1
3485 6
3497 5
3501 3
3505 5
3517 1
3529 1
3533 2
3541 4
3545 2
3557 1
3573 3
3577 1
3581 2
3589 4
3601 4
3609 3
3617 2
3625 4
3637 1
3645 3
3649 1
3653 6
3665 4
3673 3
3677 1
3681 2
3697 2
3701 2
3709 2
3721 2
3725 3
3733 4
3737 4
3757 12
3761 2
3769 2
3785 2
3789 3
3793 5
3797 1
3805 2
3809 3
3821 3
3825 2
3833 2
3845 3
3865 2
3869 1
3889 1
3893 5
3897 3
3917 2
3925 6
3929 5
3961 6
3965 8
3973 5
3977 2
3985 5
3989 3
4001 1
4005 1
4013 2
4021 1
4033 5
4041 1
4045 2
4057 2
4069 4
4093 2
4097 1
4105 3
4113 1
4121 2
4129 2
4133 1
4141 2
4145 5
4149 1
4153 5
4157 1
4165 3
4177 4
4181 5
4201 2
4205 11
4217 3
4225 6
4229 2
4241 2
4253 2
4261 2
4265 4
4285 3
4289 3
4293 1
4297 1
4321 6
4325 4
4329 2
4337 1
4349 2
4357 3
4365 6
4369 3
4373 1
4381 3
4385 1
4397 1
4405 1
4421 3
4437 4
4453 3
4457 2
4469 3
4477 1
4493 2
4505 2
4513 1
4525 8
4537 3
4545 6
4549 2
4553 5
4561 1
4573 5
4589 2
4597 2
4621 1
4625 9
4633 3
4645 2
4649 3
4657 2
4673 3
4685 3
4689 1
4693 2
4705 4
4709 2
4717 2
4721 2
4729 1
4733 1
4745 8
4761 2
4765 6
4777 5
4789 1
4793 1
4797 2
4801 2
4813 4
4817 1
4825 7
4849 6
4861 1
4877 2
4885 3
4901 5
4905 5
4909 1
4913 5
4925 6
4933 1
4937 2
4949 4
4961 1
4969 3
4973 4
4981 2
4985 5
4993 3
5009 1
5013 4
5017 2
5021 3
5045 4
5065 1
5077 1
5081 2
5085 8
5101 3
5105 4
5113 1
5121 1
5125 4
5141 2
5161 2
5165 4
5185 5
5189 2
5197 1
5209 1
5213 1
5233 3
5237 1
5245 1
5249 4
5261 1
5265 3
5273 1
5297 1
5305 3
5309 1
5317 4
5321 4
5333 2
5337 1
5345 3
5353 2
5365 6
5381 3
5389 1
5409 2
5413 1
5429 2
5445 1
5449 1
5465 2
5473 2
5477 2
5485 5
5501 1
5513 2
5525 12
5537 1
5545 4
5553 3
5557 1
5573 2
5581 2
5585 3
5597 3
5617 6
5625 2
5641 3
5645 1
5653 1
5657 1
5661 2
5689 3
5693 3
5701 2
5713 2
5717 1
5725 1
5729 1
5737 3
5765 4
5777 1
5785 5
5801 1
5809 2
5813 1
5821 1
5825 2
5837 5
5861 4
5869 2
5905 4
5913 2
5917 2
5929 1
5933 3
5941 4
5945 6
5953 1
5965 2
5981 1
5989 1
5993 3
6001 1
6005 2
6025 2
6029 1
6057 1
6065 2
6085 1
6093 3
6109 3
6125 3
6133 1
6137 2
6145 2
6161 2
6165 3
6185 1
6201 2
6205 2
6217 3
6221 1
6245 1
6253 1
6269 2
6301 4
6305 4
6309 1
6317 2
6329 4
6337 2
6341 2
6373 1
6381 1
6385 1
6389 1
6397 1
6409 3
6425 3
6445 1
6469 1
6485 3
6497 3
6505 2
6521 2
6525 2
6529 1
6553 1
6565 2
6569 1
6581 1
6597 1
6605 3
6613 1
6617 1
6625 1
6637 1
6641 3
6649 6
6653 2
6661 1
6697 2
6701 1
6709 1
6725 2
6733 2
6749 3
6757 1
6773 3
6793 1
6813 1
6817 2
6841 1
6845 6
6865 1
6877 2
6885 1
6889 1
6893 1
6905 1
6917 1
6925 4
6929 2
6953 2
6989 1
7001 1
7013 1
7025 1
7033 1
7045 1
7065 2
7081 2
7085 7
7105 1
7109 2
7129 1
7137 2
7145 1
7165 1
7173 2
7209 1
7213 2
7225 4
7237 1
7265 1
7289 2
7297 1
7301 1
7309 1
7325 1
7345 2
7369 1
7381 1
7389 1
7393 2
7397 4
7405 2
7417 1
7421 1
7433 2
7445 2
7453 3
7457 1
7461 1
7477 1
7481 1
7501 1
7529 1
7541 1
7561 1
7565 4
7569 1
7573 1
7577 2
7585 4
7589 1
7605 2
7625 4
7633 1
7649 1
7677 1
7681 1
7685 4
7693 1
7713 1
7717 3
7741 1
7745 2
7765 1
7769 2
7793 1
7801 3
7813 1
7825 2
7837 3
7893 1
7897 1
7901 1
7913 2
7925 1
7929 2
7933 1
7937 1
7969 1
7985 1
8021 1
8033 1
8045 1
8065 2
8101 3
8105 2
8109 1
8125 2
8161 2
8177 3
8185 1
8233 2
8237 2
8245 3
8249 4
8269 1
8281 2
8321 3
8325 1
8333 1
8353 2
8357 2
8369 1
8381 2
8405 2
8425 2
8429 1
8461 1
8473 2
8485 3
8489 1
8541 3
8545 1
8573 1
8581 1
8585 2
8597 2
8609 1
8621 1
8633 2
8641 1
8649 1
8653 2
8665 1
8677 1
8681 1
8685 2
8689 1
8693 1
8705 2
8713 1
8737 2
8749 1
8761 2
8793 1
8821 1
8833 1
8845 2
8857 1
8861 2
8893 1
8905 1
8917 2
8929 1
8933 1
8957 2
8989 1
9001 1
9061 3
9065 1
9077 1
9081 1
9089 2
9125 2
9137 1
9153 2
9173 1
9189 1
9197 1
9209 1
9225 2
9265 3
9297 1
9305 1
9325 1
9333 1
9337 1
9349 1
9365 1
9377 1
9385 1
9389 1
9397 1
9425 1
9445 1
9469 1
9521 1
9549 1
9553 1
9577 1
9593 1
9605 3
9621 1
9657 2
9677 1
9685 1
9689 1
9721 1
9773 2
9797 2
9801 1
9809 1
9829 1
9837 1
9841 1
9881 1
9893 1
9925 1
9929 1
9945 1
9953 1
10001 1
10025 1
10045 1
10049 1
10081 1
10121 1
10181 1
10265 1
10397 1
10441 2
10445 2
10477 1
10485 1
10517 1
10537 1
10553 2
10573 2
10613 1
10625 3
10645 3
10673 1
10693 1
10701 1
10705 1
10733 1
10769 1
10777 1
10781 2
10805 1
10825 1
10841 1
10853 1
10861 1
10897 2
10949 1
10953 2
10961 1
10985 1
11025 1
11045 1
11101 1
11125 3
11221 1
11245 3
11281 2
11317 1
11357 1
11393 1
11401 2
11413 1
11425 2
11441 1
11461 1
11465 2
11513 1
11545 1
11565 1
11581 1
11629 1
11673 1
11777 1
11809 3
11817 1
11821 1
11849 1
11885 2
11933 2
12013 2
12017 1
12037 1
12077 1
12085 2
12137 1
12181 1
12185 1
12197 1
12269 1
12357 1
12385 1
12429 1
12433 1
12457 1
12577 1
12629 1
12701 1
12829 1
12961 1
12985 1
13021 1
13025 1
13037 1
13105 1
13109 1
13121 1
13169 2
13189 1
13289 1
13297 1
13357 2
13381 2
13385 1
13401 1
13597 1
13649 1
13653 1
13705 1
13725 1
13837 1
13873 1
13925 1
13933 1
13945 1
13949 1
14029 1
14045 1
14089 1
14293 1
14393 1
14425 1
14621 1
14625 1
14629 1
14645 1
14701 2
14737 1
14885 1
14945 1
15161 1
15317 1
15329 1
15725 1
15925 2
15949 1
15977 1
16141 1
16277 1
16421 1
16605 1
16733 1
17041 1
17069 1
17225 2
17357 1
17425 1
17873 1
17901 1
17905 1
17921 1
18049 1
18185 1
18421 1
18517 1
18665 1
18873 1
18989 1
19309 1
19441 1
19637 1
19993 1
20621 1
22873 1
23941 1
27625 1
30025 1
32185 1
33305 1
