N J h mean_R_sq err_mean_R_sq mean_R_gyr_sq err_mean_R_gyr_sq 
3600 1.31 0 43272.6 2109.6 6354.68 312.691
65 1
73 1
205 1
229 1
281 1
289 1
305 1
313 2
353 1
425 1
477 1
653 1
661 1
697 1
845 1
905 1
949 1
985 1
1013 1
1037 1
1165 2
1325 1
1345 1
1525 1
1553 1
1557 1
1657 1
1669 1
1709 1
1717 1
1773 2
1845 1
1865 1
1873 1
1885 1
1945 1
1993 1
2005 1
2025 1
2089 1
2105 1
2117 1
2165 1
2281 1
2285 1
2329 1
2405 2
2417 1
2465 1
2525 1
2633 1
2669 1
2725 1
2861 2
2885 1
2897 1
2929 1
2941 1
3005 1
3033 1
3125 1
3209 1
3281 1
3349 1
3425 1
3445 1
3461 1
3497 1
3505 1
3509 1
3593 1
3637 2
3645 1
3665 1
3733 1
3797 1
3865 1
3869 1
3965 1
4253 1
4265 1
4321 1
4325 2
4357 1
4369 1
4381 1
4457 1
4525 1
4717 2
4797 1
4849 1
4877 1
4913 2
4941 1
4961 1
4981 1
5017 1
5125 1
5141 1
5341 1
5353 1
5381 1
5389 1
5429 2
5513 1
5525 3
5537 1
5725 2
5813 1
5825 1
5877 1
5897 1
5905 1
5917 1
5945 1
5965 1
6001 1
6145 1
6257 1
6277 1
6421 1
6625 1
6641 1
6649 1
6697 1
6829 1
6857 1
6997 1
7013 1
7025 1
7033 1
7085 1
7145 1
7345 1
7369 1
7373 1
7397 1
7453 1
7457 1
7461 2
7577 1
7605 1
7649 1
7677 1
7745 1
7825 1
7857 1
7925 1
7985 1
8005 1
8065 1
8069 1
8101 1
8237 1
8245 1
8381 1
8465 1
8473 1
8621 1
8649 1
8725 1
8765 1
8793 1
8845 1
8865 1
8869 1
8885 1
9061 2
9109 1
9125 1
9221 1
9225 1
9265 3
9277 1
9305 1
9349 1
9385 1
9389 1
9425 1
9469 1
9553 1
9565 1
9605 2
9649 1
9657 1
9725 2
9805 2
9925 1
9973 1
9985 1
10001 1
10045 1
10205 1
10225 3
10357 1
10361 1
10397 1
10405 1
10673 1
10705 1
10709 1
10781 2
10897 1
10933 1
10985 1
11125 1
11225 1
11285 1
11317 1
11321 1
11509 1
11513 1
11629 2
11677 1
11785 1
11885 1
11909 1
12077 1
12125 1
12193 1
12249 1
12277 1
12325 1
12365 1
12377 1
12393 1
12557 1
12589 1
12593 1
12665 1
12689 1
12701 1
12725 1
12745 1
12805 1
12861 1
12869 1
12917 1
12953 1
12985 2
13045 1
13061 1
13073 1
13105 1
13109 1
13177 1
13213 1
13217 1
13385 1
13421 1
13429 1
13437 1
13513 1
13697 1
13765 1
13769 1
13833 1
13957 1
13969 1
13973 2
14093 1
14149 1
14209 1
14285 1
14381 2
14453 1
14485 1
14521 2
14569 2
14633 1
14677 1
14705 1
14761 1
14785 1
14837 1
14841 1
14945 1
15005 1
15025 1
15129 1
15145 2
15241 1
15305 1
15349 1
15397 1
15425 1
15453 1
15665 1
15705 2
15769 1
15805 2
15857 1
15949 1
15973 1
15993 1
16073 1
16085 1
16097 1
16133 1
16145 1
16153 1
16193 1
16209 1
16325 1
16417 1
16525 1
16705 1
16733 1
16801 1
16805 1
16893 1
16909 1
16913 2
16925 1
16965 2
17065 1
17113 1
17225 1
17285 1
17473 1
17509 1
17533 1
17569 1
17585 1
17629 1
17657 1
17669 1
17757 1
17861 1
17865 2
17873 1
17901 1
17929 1
17945 1
18005 1
18045 1
18081 1
18173 1
18253 1
18265 1
18365 1
18369 1
18497 1
18517 1
18521 1
18577 1
18589 1
18605 2
18617 1
18685 1
18805 1
18901 1
18997 1
19045 1
19061 1
19073 1
19093 1
19097 1
19105 1
19165 1
19213 1
19225 1
19269 1
19373 1
19445 2
19493 1
19601 2
19637 1
19669 1
19753 1
19773 1
19825 1
19845 2
19913 2
19981 1
20017 1
20149 1
20261 2
20285 1
20381 1
20417 2
20457 1
20465 1
20477 1
20509 1
20513 1
20529 1
20605 2
20609 1
20681 1
20809 1
20885 1
20893 1
20905 1
20921 1
20929 1
21037 1
21053 2
21061 1
21097 1
21125 1
21213 1
21221 1
21277 1
21289 1
21305 1
21325 1
21365 2
21397 1
21445 1
21529 1
21605 1
21625 2
21685 1
21817 1
21821 1
21825 1
21937 1
21997 2
22021 1
22133 2
22257 1
22265 1
22277 1
22293 1
22549 1
22621 1
22625 1
22681 1
22721 1
22745 1
22761 1
22805 1
22865 1
22945 2
22985 1
22997 2
23041 1
23105 1
23125 1
23165 1
23209 1
23225 1
23229 1
23333 1
23393 1
23413 2
23425 1
23525 1
23545 1
23569 1
23585 1
23593 1
23665 1
23729 2
23825 1
23913 1
23929 1
23993 1
24001 1
24089 1
24181 1
24201 1
24229 1
24313 1
24341 1
24401 1
24461 1
24525 2
24561 1
24565 1
24653 1
24665 1
24745 1
24781 1
24845 1
24889 1
24905 1
24925 1
24961 2
24973 1
24993 1
25057 1
25325 1
25345 1
25349 1
25425 1
25525 2
25577 1
25589 1
25649 2
25677 1
25705 1
25777 2
25789 1
25985 1
26065 2
26073 1
26129 2
26249 1
26333 1
26357 1
26377 1
26405 1
26413 1
26485 1
26525 1
26533 3
26585 1
26597 1
26645 1
26669 1
26717 1
26765 1
26825 1
26881 1
26921 1
26989 1
26993 1
27101 1
27157 1
27161 1
27281 1
27297 1
27353 1
27385 1
27469 3
27521 1
27585 1
27685 1
27725 1
27781 1
27833 1
27961 1
27989 1
28033 3
28085 1
28109 1
28125 1
28169 1
28201 1
28205 1
28233 1
28249 2
28305 1
28373 1
28445 2
28505 1
28561 1
28585 1
28661 1
28717 1
28741 1
28745 1
28769 1
28781 1
28913 1
28925 1
28989 2
29005 1
29153 1
29185 1
29201 2
29245 1
29377 1
29493 1
29497 1
29525 1
29609 1
29725 2
29765 2
29789 1
29817 1
29825 2
29833 1
29861 3
29889 1
29929 1
29945 2
30073 2
30265 1
30285 1
30325 1
30465 1
30529 1
30637 1
30689 1
30829 1
30901 1
30977 1
31005 2
31025 1
31057 1
31149 2
31205 1
31225 1
31265 1
31301 1
31337 1
31409 1
31517 1
31525 2
31585 1
31657 1
31685 1
31697 1
31709 1
31761 1
31805 1
31813 1
31817 1
31905 1
31909 1
31921 1
31985 1
32009 1
32045 1
32157 1
32193 1
32225 1
32237 1
32245 1
32429 1
32441 1
32481 1
32485 1
32717 1
32733 1
32749 1
32825 1
32845 1
32933 1
33125 1
33137 1
33173 1
33181 1
33185 1
33245 1
33289 1
33337 1
33361 1
33389 1
33437 1
33485 2
33517 1
33565 1
33569 1
33641 1
33685 1
34001 1
34021 1
34065 1
34085 1
34205 1
34225 1
34245 1
34325 1
34361 1
34373 1
34469 1
34481 2
34525 2
34625 2
34649 2
34721 1
34785 1
34897 1
34961 1
34985 1
35005 1
35009 2
35033 1
35113 1
35125 2
35129 1
35165 1
35225 2
35345 1
35369 1
35425 1
35521 1
35525 1
35569 1
35641 1
35689 1
35757 1
35801 1
35881 1
35909 1
35921 1
35965 1
35977 1
36037 1
36045 1
36073 1
36101 1
36121 2
36217 1
36297 1
36305 3
36313 1
36325 1
36445 1
36569 1
36581 1
36605 1
36625 1
36653 1
36657 1
36805 2
36837 1
36873 1
37117 1
37153 1
37265 2
37269 1
37273 1
37277 1
37289 1
37325 1
37489 1
37517 1
37637 1
37805 1
37845 1
37925 2
37997 1
38033 1
38077 1
38113 1
38365 1
38405 1
38417 1
38425 1
38457 1
38461 1
38585 1
38593 1
38609 2
38821 1
38845 2
38849 1
39005 1
39125 2
39145 1
39265 2
39429 1
39437 1
39521 1
39553 1
39581 1
39605 1
39645 1
39673 1
39733 1
39785 1
39833 1
39877 1
39901 1
39933 1
39965 1
39989 2
40009 1
40025 1
40045 1
40049 1
40085 1
40105 1
40129 1
40157 1
40177 1
40237 1
40289 1
40321 1
40345 1
40385 1
40445 1
40465 1
40501 1
40609 1
40661 1
40725 1
40793 1
40805 1
40837 1
40861 1
40885 2
40925 1
40973 1
40977 1
41053 1
41245 1
41369 1
41441 1
41485 1
41605 1
41609 1
41625 2
41669 1
41693 1
41697 1
41725 1
41765 2
41773 1
41785 1
41797 1
41821 1
41845 1
41905 1
42041 1
42057 1
42073 1
42137 2
42229 1
42325 1
42353 1
42373 1
42385 2
42401 1
42425 1
42445 1
42561 2
42597 1
42685 1
42761 1
42809 1
42877 1
42929 1
42993 1
43173 1
43205 1
43325 1
43433 1
43537 1
43553 1
43621 1
43705 1
43749 1
43849 1
43877 1
44089 1
44197 1
44245 1
44257 1
44345 1
44437 1
44557 2
44641 1
44705 1
44717 1
44725 2
44785 1
44837 1
44917 1
45005 1
45025 1
45097 1
45117 1
45161 1
45169 1
45253 1
45305 3
45445 2
45473 1
45509 1
45545 1
45585 1
45677 1
45769 1
45917 1
46061 1
46241 1
46349 1
46429 1
46449 1
46465 1
46485 1
46501 3
46517 1
46573 1
46649 1
46657 1
46661 1
46665 1
46709 1
46769 1
46777 1
46793 1
46825 1
46945 1
46957 1
47021 2
47065 2
47125 1
47185 1
47209 1
47305 1
47389 1
47473 1
47489 1
47497 1
47549 1
47645 1
47693 1
47737 1
47869 1
47921 2
47981 1
47989 1
48005 1
48065 2
48245 1
48265 1
48373 1
48421 1
48473 1
48485 1
48521 1
48625 1
48637 1
48689 1
48893 1
48969 1
49045 1
49085 1
49121 1
49185 1
49205 2
49285 2
49293 1
49365 1
49489 1
49509 1
49601 1
49633 1
49661 1
49725 1
49733 1
49789 1
49793 1
49825 2
49829 1
49873 1
49897 1
49957 1
50089 1
50137 1
50221 1
50285 1
50425 1
50509 1
50653 1
50717 1
50805 1
50877 1
51021 1
51145 2
51185 1
51237 1
51241 1
51265 1
51473 1
51493 1
51517 1
51545 1
51605 1
51637 1
51665 1
51697 1
51725 1
52013 1
52093 1
52145 1
52165 1
52285 1
52345 1
52361 1
52637 1
52849 1
52865 1
52909 1
52925 1
53033 1
53065 1
53161 1
53197 1
53253 1
53269 1
53341 1
53357 1
53365 2
53465 1
53505 1
53525 2
53653 1
53681 1
54045 1
54077 1
54305 1
54317 2
54389 1
54409 1
54485 1
54553 1
54585 1
54613 1
54665 1
54765 1
54877 1
54925 2
54961 1
54965 1
55009 1
55241 1
55289 1
55305 1
55485 1
55525 1
55721 1
55757 1
55865 1
55981 1
56305 1
56321 1
56425 1
56509 1
56593 1
56621 1
56653 1
56657 1
56709 1
56789 1
56825 1
56933 1
57025 1
57325 1
57445 1
57469 1
57521 1
57565 1
57653 1
57737 1
57905 2
57913 1
57933 1
57965 1
58097 1
58169 1
58181 1
58297 1
58329 1
58361 1
58525 1
58537 1
58561 1
58741 1
58937 1
58969 1
59005 1
59057 1
59189 2
59197 1
59229 1
59321 1
59509 1
59533 1
59777 1
59893 1
59897 1
60161 1
60217 1
60229 1
60345 1
60493 1
60509 1
60625 1
60633 1
60649 1
60685 1
60937 1
61121 1
61137 1
61217 1
61333 1
61345 1
61421 1
61489 1
61625 1
61745 1
61861 1
61937 1
62017 1
62045 1
62089 1
62201 1
62345 1
62441 1
62525 1
62549 1
62593 1
62701 1
62969 1
63005 2
63013 2
63017 1
63037 1
63233 1
63257 1
63265 1
63277 1
63325 1
63433 1
63529 1
63557 1
63621 1
63713 1
63737 1
63853 1
63869 1
63989 1
64265 1
64345 1
64413 2
64501 1
64565 1
64649 1
64753 1
64805 2
64865 1
64921 1
65101 1
65161 1
65169 1
65173 1
65449 1
65557 1
65585 1
65633 1
65717 1
65845 1
65897 2
65925 1
65953 2
65993 1
66001 1
66085 1
66265 1
66305 1
66413 1
66497 1
66725 1
66797 1
66897 1
66985 1
67077 1
67213 1
67217 1
67285 1
67325 3
67345 1
67385 1
67433 1
67669 1
67761 1
67817 1
67937 1
68265 1
68401 1
68485 1
68501 1
68825 1
68857 1
69005 1
69121 1
69185 1
69221 1
69269 1
69565 1
69625 1
70045 1
70057 1
70289 1
70337 1
70577 1
70601 1
70673 1
70793 1
70825 1
70921 1
70925 1
71077 2
71161 1
71177 1
71209 1
71377 1
71397 1
71485 1
71605 1
71713 1
71785 1
71857 1
71893 1
71945 1
71989 1
72073 1
72189 1
72297 1
72305 1
72605 1
72801 1
72961 1
72973 1
73021 2
73053 1
73305 1
73385 1
73421 1
73445 1
73453 1
73541 1
73593 1
73697 1
73709 1
73721 1
73897 1
73949 1
74185 1
74237 1
74297 1
74317 1
74381 1
74425 1
74545 1
74725 1
74797 1
74825 1
75265 1
75429 1
75645 1
75793 1
75869 1
76201 1
76481 1
76577 1
76905 1
77069 1
77233 1
77621 1
77645 1
77665 1
77669 1
78041 1
78209 1
78373 1
78493 1
78509 1
78521 1
78625 1
78929 1
79525 1
79693 1
80053 1
80257 2
80401 1
80485 1
80581 1
80613 1
80765 2
80789 1
81185 1
81401 1
81549 1
81877 1
81925 1
82013 1
82037 1
82053 1
82193 1
82337 1
82937 1
82993 1
83617 1
83665 1
83681 2
83929 1
84361 1
84473 1
84697 1
84917 1
85601 1
85697 1
85865 1
85885 1
86117 1
86161 1
86725 1
86785 1
86913 1
87061 1
87073 1
87125 1
87165 1
87257 1
87641 1
87985 1
88285 1
88569 1
88609 1
88829 1
88861 1
88885 1
88925 1
88961 1
88985 1
89057 1
89689 1
89865 1
90089 1
90337 1
90481 1
90513 1
90625 1
90665 1
91085 1
91153 1
91345 1
91429 1
91529 1
91649 1
91813 1
91841 1
91897 1
92305 1
92465 1
92761 1
93545 1
93677 1
93865 1
93941 1
94505 1
94669 1
94685 1
94913 1
95297 1
95485 1
96541 1
96841 1
96869 1
97081 1
97325 1
97425 1
97513 1
97529 1
97749 1
97885 1
98093 1
98237 1
98321 1
98393 1
98473 1
98753 1
99025 1
99125 1
99193 1
99485 1
99905 1
99945 1
100009 1
100145 1
100269 1
100361 1
100685 1
100805 1
100825 1
100829 1
101501 1
101513 1
101725 1
101813 1
101993 1
102609 1
103121 1
103185 1
103325 1
103445 1
105125 1
105137 1
105145 1
105209 1
105829 1
106201 1
106285 1
106325 1
107365 1
108109 1
108209 1
108217 1
108589 1
109253 1
109525 1
109537 1
109541 1
109705 1
109829 1
110345 1
110437 1
110645 1
110889 1
110961 1
112433 1
112793 1
113161 1
113409 1
113453 1
113573 1
113625 1
114121 1
115481 1
115685 1
116365 1
116957 1
117253 1
117977 1
117989 1
119429 1
119465 1
121745 1
122909 1
125645 1
129293 1
129517 1
130265 1
130573 1
130645 1
130981 1
133229 1
137105 1
137825 1
140117 1
140837 1
143897 1
144981 1
145529 1
145925 1
147001 1
147937 1
148541 1
148937 1
149285 1
149305 1
152281 1
153081 1
160093 1
164225 1
166329 1
174645 1
198089 1
230005 1
249181 1
264953 1
267097 1
