N J h mean_R_sq err_mean_R_sq mean_R_gyr_sq err_mean_R_gyr_sq 
1225 1.37 0 3746.25 31.305 682.032 2.99958
2 4
4 5
8 6
10 9
16 12
18 5
20 14
26 10
32 10
34 8
36 4
40 15
50 19
52 11
58 13
64 5
68 20
72 10
74 20
80 8
82 10
90 11
98 7
100 26
104 17
106 13
116 17
122 22
128 10
130 28
136 20
144 8
146 14
148 15
160 19
162 5
164 15
170 23
178 18
180 21
194 17
196 8
200 25
202 16
208 15
212 17
218 15
226 20
232 15
234 12
242 10
244 19
250 33
256 7
260 42
272 14
274 15
288 8
290 31
292 16
296 21
298 15
306 24
314 16
320 12
324 7
328 12
338 35
340 33
346 13
356 12
360 18
362 14
370 37
386 16
388 15
392 4
394 17
400 33
404 20
410 31
416 21
424 11
436 24
442 34
450 20
452 9
458 11
464 19
466 21
468 21
482 18
484 12
488 25
490 16
500 35
512 7
514 15
520 28
522 14
530 38
538 14
544 13
548 13
554 9
562 15
576 5
578 19
580 35
584 19
586 18
592 20
596 15
610 33
612 15
626 12
628 16
634 12
640 17
648 7
650 42
656 15
666 12
674 18
676 24
680 40
692 16
698 18
706 23
712 14
720 14
722 5
724 19
730 40
738 20
740 22
746 17
754 22
772 14
776 14
778 12
784 6
788 17
794 14
800 22
802 16
808 14
810 9
818 15
820 29
832 23
842 20
848 10
850 51
866 13
872 10
882 5
884 27
890 30
898 16
900 23
904 16
914 19
916 8
922 10
928 11
932 15
936 14
954 18
962 30
964 9
968 4
970 35
976 15
980 23
986 32
1000 27
1010 34
1018 20
1024 5
1028 17
1040 24
1042 17
1044 11
1058 8
1060 45
1066 26
1076 21
1082 16
1088 10
1090 20
1096 16
1098 19
1108 12
1114 22
1124 16
1130 23
1138 12
1152 6
1154 15
1156 22
1160 18
1168 11
1170 25
1172 10
1184 10
1186 13
1192 13
1202 12
1210 12
1220 30
1224 11
1226 9
1234 9
1250 31
1252 12
1256 13
1258 31
1268 10
1274 19
1280 14
1282 17
1296 4
1300 30
1306 18
1312 13
1314 17
1322 16
1332 13
1346 6
1348 15
1352 20
1354 10
1360 30
1370 25
1378 29
1384 15
1394 38
1396 14
1402 10
1412 15
1418 11
1424 10
1440 18
1444 3
1448 12
1450 35
1458 9
1460 29
1466 13
1476 13
1480 31
1490 24
1492 9
1508 18
1514 8
1522 21
1530 25
1538 18
1544 20
1546 15
1552 12
1556 13
1568 5
1570 24
1576 18
1586 18
1588 13
1594 14
1600 13
1602 12
1604 14
1616 15
1618 16
1620 5
1636 10
1640 27
1642 21
1658 9
1664 5
1666 12
1682 16
1684 25
1690 26
1696 6
1700 36
1706 12
1714 16
1730 28
1732 17
1744 14
1746 6
1754 16
1762 10
1764 6
1768 22
1780 23
1796 15
1800 16
1802 29
1808 10
1810 19
1818 17
1828 11
1832 7
1844 14
1850 48
1856 7
1858 21
1864 10
1872 22
1874 8
1882 15
1898 23
1906 18
1908 16
1922 8
1924 26
1928 8
1930 25
1936 5
1940 25
1952 15
1954 14
1960 8
1962 17
1970 22
1972 16
1994 19
2000 23
2018 12
2020 29
2026 10
2034 14
2036 14
2042 18
2048 5
2050 38
2056 5
2066 11
2074 21
2080 27
2084 11
2088 16
2098 9
2106 7
2116 3
2120 18
2122 13
2132 33
2138 10
2146 23
2152 15
2164 8
2176 6
2178 6
2180 17
2186 15
2192 11
2194 13
2196 13
2210 58
2216 11
2218 7
2228 13
2234 12
2248 10
2250 17
2258 12
2260 17
2276 16
2290 22
2304 3
2306 12
2308 16
2312 12
2314 21
2320 15
2330 21
2336 11
2340 21
2344 12
2362 11
2368 10
2372 9
2378 19
2384 6
2386 13
2402 9
2404 10
2410 19
2420 7
2426 9
2434 16
2440 10
2448 11
2450 20
2452 8
2458 9
2466 15
2468 8
2474 10
2482 23
2498 11
2500 22
2504 9
2512 9
2516 20
2522 16
2536 3
2548 11
2554 10
2560 9
2564 9
2570 17
2578 18
2592 3
2594 10
2600 24
2602 12
2610 18
2612 11
2624 10
2626 24
2628 13
2642 8
2644 9
2650 30
2664 8
2682 9
2690 17
2692 6
2696 6
2704 22
2708 7
2720 21
2722 7
2738 9
2740 18
2746 11
2754 11
2756 14
2762 14
2768 8
2770 18
2788 18
2792 16
2804 9
2810 20
2818 7
2824 10
2826 7
2834 17
2836 8
2842 10
2848 8
2858 11
2866 9
2880 12
2888 6
2890 32
2896 9
2900 27
2906 7
2916 4
2920 22
2930 10
2932 9
2938 13
2952 12
2960 24
2962 8
2978 5
2980 16
2984 11
2986 10
3016 11
3026 18
3028 10
3034 23
3042 14
3044 8
3050 31
3060 20
3074 16
3076 6
3088 10
3092 7
3098 8
3104 10
3106 11
3112 14
3114 10
3130 16
3136 4
3140 25
3146 6
3152 7
3170 11
3172 18
3176 16
3188 6
3194 9
3200 14
3202 15
3204 7
3208 8
3218 11
3226 10
3232 11
3236 6
3240 9
3242 13
3250 24
3258 9
3272 4
3274 9
3280 11
3284 10
3298 19
3314 5
3316 6
3328 7
3330 8
3332 12
3338 9
3362 17
3364 23
3368 15
3370 18
3380 28
3386 8
3392 5
3394 11
3400 26
3412 11
3418 7
3428 9
3434 16
3442 5
3460 14
3464 11
3466 7
3474 13
3482 11
3488 8
3490 16
3492 8
3506 8
3508 13
3524 7
3528 3
3530 19
3536 7
3538 13
3546 6
3554 7
3560 17
3562 16
3578 4
3592 11
3600 8
3602 8
3604 16
3610 6
3616 8
3620 14
3626 17
3636 10
3650 20
3656 4
3664 8
3688 7
3690 13
3698 2
3700 21
3706 17
3712 5
3716 5
3722 7
3728 6
3730 21
3744 10
3746 5
3748 8
3754 7
3764 9
3770 39
3778 4
3796 13
3802 4
3812 8
3816 5
3826 8
3842 11
3848 17
3856 4
3860 10
3866 8
3872 6
3874 14
3880 5
3890 11
3898 11
3904 8
3908 8
3920 8
3922 16
3924 5
3940 20
3944 14
3946 9
3970 13
3978 15
3986 10
3988 10
3994 6
4000 20
4010 15
4018 10
4034 7
4036 5
4040 10
4050 12
4052 4
4058 10
4068 6
4072 13
4082 14
4084 6
4090 16
4096 3
4100 25
4106 5
4112 6
4114 9
4122 8
4132 9
4138 18
4148 12
4160 17
4162 6
4168 3
4176 4
4178 8
4194 5
4196 8
4210 7
4212 5
4226 6
4232 2
4234 18
4240 20
4244 6
4250 31
4258 6
4264 9
4274 7
4276 11
4282 7
4292 8
4304 12
4306 7
4322 5
4328 6
4330 9
4338 10
4346 8
4352 10
4356 2
4360 11
4372 9
4384 3
4388 10
4392 8
4394 16
4410 2
4418 7
4420 26
4426 5
4432 8
4436 9
4442 7
4450 18
4456 4
4468 5
4474 6
4490 8
4496 8
4498 16
4500 5
4514 11
4516 5
4520 10
4538 5
4546 2
4552 9
4562 7
4570 13
4580 17
4586 4
4594 6
4608 3
4610 13
4612 6
4616 9
4618 5
4624 3
4626 2
4628 13
4640 9
4658 10
4660 13
4666 8
4672 9
4680 14
4682 6
4688 7
4698 6
4706 11
4714 5
4724 7
4736 9
4744 4
4754 10
4756 9
4762 4
4768 5
4770 15
4772 7
4778 5
4786 8
4802 2
4804 11
4808 6
4810 22
4820 13
4834 5
4840 8
4842 6
4850 23
4852 3
4868 5
4874 3
4880 13
4882 3
4896 5
4900 6
4904 5
4916 5
4930 19
4932 4
4936 4
4946 3
4948 4
4954 8
4964 12
4986 4
4996 6
5000 19
5002 15
5008 4
5018 11
5024 4
5032 12
5042 8
5044 13
5050 16
5058 8
5066 8
5072 9
5090 13
5096 10
5098 15
5108 10
5114 3
5120 6
5122 6
5128 4
5140 12
5156 2
5162 13
5184 1
5186 5
5188 5
5194 1
5200 16
5202 7
5204 7
5210 9
5218 3
5220 10
5224 3
5234 8
5242 10
5248 6
5252 6
5256 3
5266 6
5274 4
5284 5
5288 7
5290 9
5300 17
5314 3
5328 4
5330 18
5338 9
5354 3
5364 5
5378 5
5380 6
5384 5
5386 1
5392 3
5402 7
5408 6
5410 10
5416 6
5426 6
5440 9
5444 5
5450 17
5458 6
5476 6
5480 10
5482 4
5490 13
5492 4
5498 4
5506 6
5508 6
5512 9
5524 4
5536 4
5540 10
5554 4
5570 7
5576 5
5578 4
5584 1
5594 4
5602 9
5608 5
5618 5
5620 18
5626 11
5634 5
5636 4
5648 3
5650 15
5652 4
5666 4
5668 13
5672 3
5674 7
5684 3
5690 10
5696 4
5706 4
5714 4
5716 4
5722 4
5732 6
5746 7
5760 5
5770 3
5780 13
5792 3
5794 5
5800 17
5812 3
5818 2
5832 2
5834 1
5840 9
5850 12
5858 12
5860 11
5864 3
5876 9
5882 4
5904 5
5906 1
5914 2
5920 6
5924 2
5930 9
5938 2
5954 6
5956 3
5960 8
5968 1
5972 1
5978 3
5986 4
5994 5
6002 3
6010 7
6032 12
6050 6
6052 6
6056 3
6058 5
6066 5
6068 12
6074 5
6082 4
6084 10
6088 6
6098 5
6100 12
6120 6
6122 2
6130 9
6148 7
6152 5
6154 13
6170 9
6176 4
6178 7
6184 3
6196 2
6208 5
6212 3
6218 3
6224 5
6228 4
6242 6
6250 12
6260 5
6266 5
6272 3
6274 5
6280 9
6282 4
6290 9
6304 5
6322 6
6338 7
6340 8
6344 13
6352 2
6354 6
6362 1
6370 8
6376 4
6388 4
6400 9
6404 2
6408 3
6410 8
6416 2
6418 2
6434 2
6436 3
6442 7
6452 5
6458 4
6464 1
6466 5
6472 3
6480 3
6484 3
6500 19
6506 3
6514 2
6516 4
6530 4
6544 6
6548 3
6554 10
6560 10
6562 11
6568 4
6570 5
6586 7
6596 5
6602 5
6610 9
6626 1
6628 2
6632 5
6642 4
6656 2
6658 4
6660 10
6664 1
6676 3
6682 8
6698 6
6714 4
6722 2
6724 3
6728 4
6730 8
6736 4
6740 10
6746 1
6760 14
6770 4
6772 3
6778 3
6784 2
6786 8
6788 1
6800 7
6824 1
6826 2
6836 2
6850 9
6856 4
6866 2
6868 9
6884 2
6890 15
6898 3
6914 3
6920 6
6922 2
6928 3
6932 1
6938 4
6948 1
6962 2
6964 8
6970 16
6976 4
6980 8
6984 7
6994 6
7002 2
7010 5
7012 5
7016 5
7018 6
7034 2
7048 3
7056 2
7058 4
7060 6
7066 3
7072 6
7076 6
7082 4
7090 7
7092 4
7108 1
7114 2
7120 10
7124 4
7146 3
7156 3
7162 2
7178 3
7184 1
7186 1
7200 1
7202 8
7204 2
7208 7
7218 4
7220 2
7226 4
7232 1
7234 7
7240 5
7250 7
7252 4
7272 3
7274 3
7290 2
7298 10
7300 8
7306 4
7312 2
7328 2
7330 10
7346 3
7354 3
7362 2
7376 3
7380 6
7394 3
7396 1
7400 6
7402 5
7412 3
7418 6
7424 2
7432 5
7442 3
7444 2
7450 13
7460 6
7466 2
7474 4
7488 2
7492 2
7496 3
7508 2
7514 6
7522 2
7528 5
7538 3
7540 10
7556 4
7570 6
7578 5
7586 2
7592 6
7594 3
7604 2
7610 4
7618 5
7624 2
7632 2
7642 2
7650 3
7652 1
7666 1
7684 8
7688 1
7690 3
7696 5
7706 3
7712 3
7720 7
7730 5
7732 2
7738 2
7744 2
7748 4
7754 1
7760 5
7762 2
7778 2
7780 5
7786 4
7794 1
7796 5
7808 2
7816 3
7834 6
7840 5
7844 6
7848 1
7850 7
7858 2
7880 6
7888 1
7892 1
7922 5
7930 8
7938 2
7940 3
7946 4
7954 3
7956 3
7970 4
7972 4
7976 1
7978 5
7988 2
8000 6
8002 4
8010 5
8020 5
8026 2
8036 6
8042 3
8066 6
8068 5
8072 2
8080 6
8082 4
8090 6
8098 4
8100 4
8104 3
8114 1
8116 1
8136 3
8138 5
8144 1
8146 2
8164 2
8180 1
8186 5
8194 5
8200 8
8210 4
8212 2
8224 1
8226 5
8228 3
8242 7
8244 4
8258 2
8264 2
8276 6
8282 4
8290 6
8296 3
8298 3
8306 2
8320 3
8324 1
8330 6
8336 3
8352 2
8354 2
8356 5
8362 4
8388 3
8402 3
8410 9
8420 2
8424 1
8434 2
8450 8
8452 3
8458 3
8464 1
8468 4
8480 5
8482 1
8488 2
8500 5
8506 2
8516 3
8528 3
8530 2
8546 1
8548 1
8552 4
8564 1
8570 4
8578 2
8584 3
8586 3
8594 3
8608 4
8612 2
8642 4
8644 1
8650 6
8656 1
8658 7
8660 4
8674 2
8692 7
8698 2
8704 3
8712 1
8714 1
8720 5
8722 1
8730 1
8738 2
8744 1
8746 2
8762 6
8768 2
8770 4
8776 2
8784 3
8788 6
8794 8
8810 2
8820 1
8836 2
8840 9
8842 2
8852 3
8864 1
8874 3
8882 2
8884 3
8900 7
8906 4
8912 1
8914 2
8938 4
8948 1
8954 3
8962 2
8980 1
8986 4
8992 1
8996 4
9000 7
9010 11
9026 1
9028 2
9032 1
9034 2
9040 4
9050 13
9074 1
9076 5
9090 1
9098 2
9104 1
9106 3
9122 4
9124 1
9140 7
9146 1
9160 1
9162 3
9172 3
9178 4
9188 3
9194 3
9220 2
9224 2
9232 2
9236 1
9242 3
9248 3
9250 9
9252 2
9256 1
9266 5
9274 1
9280 5
9290 1
9298 1
9314 3
9316 4
9320 3
9332 3
9344 3
9346 1
9360 6
9364 1
9376 1
9386 2
9396 2
9410 2
9412 3
9418 2
9428 2
9434 3
9448 2
9458 1
9472 3
9488 3
9490 10
9506 3
9512 1
9524 1
9530 2
9536 2
9540 1
9578 3
9594 1
9602 2
9608 5
9610 3
9616 2
9620 4
9626 2
9640 1
9650 8
9668 1
9684 1
9698 3
9700 4
9704 1
9748 2
9760 2
9764 1
9770 3
9778 3
9800 4
9802 5
9808 1
9810 5
9826 6
9850 2
9860 8
9866 1
9882 3
9892 1
9896 4
9898 1
9914 2
9922 2
9928 2
9938 1
9946 2
9962 2
9970 2
9972 1
9986 1
10000 2
10004 4
10016 1
10018 1
10026 2
10034 5
10042 4
10064 5
10084 1
10088 2
10090 1
10100 7
10114 2
10116 2
10130 2
10138 1
10154 1
10162 1
10170 3
10180 2
10192 2
10196 1
10202 1
10210 4
10216 3
10226 1
10228 1
10240 4
10244 6
10250 2
10280 2
10282 3
10306 2
10322 4
10324 2
10370 1
10372 3
10376 3
10386 5
10394 2
10400 5
10404 1
10408 1
10420 6
10426 4
10436 5
10440 3
10448 1
10466 3
10468 1
10474 1
10490 5
10498 1
10504 1
10512 1
10522 2
10530 3
10546 1
10548 1
10562 1
10568 1
10576 1
10580 2
10594 1
10600 2
10610 2
10618 1
10628 1
10634 2
10642 1
10658 1
10660 7
10676 1
10690 1
10706 5
10708 1
10730 5
10756 2
10760 5
10762 2
10778 3
10786 1
10804 1
10816 3
10820 3
10826 2
10832 2
10852 1
10874 1
10882 1
10888 1
10890 1
10900 3
10916 1
10930 3
10946 2
10952 1
10954 1
10960 2
10964 1
10980 2
10984 4
10996 1
11002 1
11012 1
11024 3
11026 1
11034 1
11042 2
11048 3
11050 3
11072 2
11074 2
11080 4
11090 3
11114 2
11138 2
11140 2
11152 3
11156 2
11170 2
11194 1
11204 1
11216 3
11234 3
11236 2
11250 3
11252 5
11258 2
11272 1
11290 3
11296 1
11300 2
11304 3
11306 2
11322 1
11336 1
11344 1
11368 3
11380 2
11386 1
11392 2
11402 1
11412 1
11426 2
11428 1
11432 1
11434 1
11444 2
11450 2
11458 2
11464 3
11466 2
11482 2
11492 2
11498 2
11540 1
11560 3
11570 2
11584 2
11588 1
11618 3
11624 1
11636 1
11642 1
11650 1
11674 2
11698 2
11720 3
11722 1
11728 2
11738 1
11754 2
11762 1
11764 3
11794 1
11810 4
11826 1
11848 1
11860 2
11876 2
11882 4
11890 1
11898 1
11912 1
11920 3
11962 2
11972 2
11978 1
12002 1
12010 1
12050 1
12064 1
12106 2
12112 1
12116 2
12130 2
12136 2
12146 1
12148 1
12168 3
12170 1
12176 2
12178 1
12186 1
12196 1
12200 4
12202 1
12218 1
12226 1
12240 3
12260 2
12296 1
12304 1
12308 1
12322 1
12330 2
12340 1
12346 1
12356 1
12370 1
12392 1
12394 1
12402 3
12410 6
12416 1
12458 1
12482 1
12490 2
12506 2
12514 1
12520 1
12532 2
12546 2
12554 1
12560 1
12580 4
12610 1
12618 2
12644 2
12658 1
12680 1
12682 2
12688 4
12704 1
12706 1
12708 1
12722 1
12724 2
12740 1
12752 1
12762 1
12778 3
12794 1
12800 2
12802 1
12808 1
12816 1
12818 4
12850 4
12872 1
12874 3
12916 1
12928 1
12932 1
12938 3
12946 1
12968 1
12970 2
12994 3
12996 1
13000 2
13010 2
13012 2
13042 3
13050 1
13060 1
13088 3
13096 1
13108 1
13120 2
13138 1
13140 2
13154 1
13162 1
13192 2
13210 1
13220 1
13226 1
13234 2
13252 1
13256 1
13282 1
13284 1
13320 2
13322 1
13346 2
13394 3
13402 1
13410 1
13448 1
13450 2
13456 1
13460 1
13472 1
13480 2
13498 1
13514 1
13520 2
13540 2
13544 1
13556 2
13562 1
13572 1
13586 1
13600 1
13610 2
13626 1
13634 2
13648 1
13682 1
13698 3
13700 3
13714 1
13736 2
13768 2
13770 4
13780 2
13796 1
13842 1
13844 1
13850 1
13858 2
13864 1
13876 1
13914 1
13922 1
13928 2
13940 2
13954 1
13978 1
14002 3
14050 2
14066 2
14090 1
14114 1
14152 1
14162 3
14164 1
14170 2
14180 1
14184 1
14186 3
14216 1
14218 1
14248 1
14274 1
14282 1
14324 1
14330 1
14346 1
14404 4
14440 2
14450 3
14458 1
14464 2
14480 1
14482 1
14506 2
14548 1
14562 1
14578 1
14580 1
14594 1
14600 1
14612 1
14618 1
14650 1
14656 1
14690 1
14692 1
14724 2
14760 2
14762 2
14778 1
14788 1
14800 2
14810 1
14848 2
14900 2
14912 1
14920 2
14992 1
15044 1
15056 1
15076 2
15130 3
15140 2
15156 1
15178 2
15250 2
15266 3
15300 1
15346 1
15354 1
15368 1
15370 1
15386 1
15392 2
15412 1
15426 1
15440 1
15464 1
15524 1
15530 2
15578 1
15586 2
15592 1
15602 1
15616 1
15626 1
15682 1
15688 1
15696 1
15700 2
15706 1
15730 1
15754 1
15760 1
15776 1
15786 1
15826 1
15850 1
15860 2
15874 1
15880 1
15898 1
15914 3
15956 1
15970 1
15976 1
15986 1
16010 1
16042 2
16066 1
16090 2
16138 1
16144 1
16154 1
16202 2
16290 1
16336 1
16354 1
16388 1
16400 1
16442 1
16448 1
16456 1
16490 1
16570 1
16642 1
16660 1
16666 1
16714 2
16724 1
16762 1
16900 1
16936 1
16964 1
17000 1
17032 1
17042 1
17060 3
17154 1
17186 1
17194 2
17284 1
17320 1
17384 1
17396 1
17410 1
17424 1
17492 1
17522 1
17530 1
17568 1
17620 1
17698 1
17812 1
17858 2
17866 1
17872 1
17960 1
17972 1
18100 1
18122 1
18266 1
18324 1
18344 1
18418 1
18434 1
18450 1
18628 1
18632 1
18772 1
18794 1
18826 1
18850 1
18868 1
18890 1
18980 1
18994 1
19010 1
19106 1
19130 1
19188 1
19210 1
19330 2
19346 1
19354 1
19370 1
19408 1
19610 1
19618 1
19682 1
19700 1
19940 1
19970 1
19994 1
20180 1
20290 1
20324 1
20340 1
20452 1
20474 1
20560 1
21136 1
21256 1
21556 1
21632 1
21748 1
21754 1
21908 1
22250 1
22376 1
22562 1
22564 1
23866 1
24034 1
24212 1
26690 1
26788 1
26962 1
27442 1
28682 1
28730 1
30164 1
31432 1
31784 1
35666 1
