N J h mean_R_sq err_mean_R_sq mean_R_gyr_sq err_mean_R_gyr_sq 
1225 1.431 0 1387.02 44.192 352.293 3.6905
4 2
8 1
10 1
16 1
18 1
20 3
26 5
32 5
34 4
36 1
40 4
50 5
52 4
58 6
64 2
68 6
72 3
74 4
80 5
82 3
90 1
98 1
100 6
104 5
106 6
116 2
122 4
128 2
130 8
136 5
144 2
146 6
148 3
160 2
164 6
170 2
178 4
180 5
194 3
200 6
202 11
208 5
212 2
218 3
226 5
232 5
234 6
242 5
244 3
250 5
256 2
260 9
272 3
274 3
288 6
290 13
292 3
296 4
298 2
306 1
314 7
320 6
324 3
328 5
338 7
340 7
346 4
356 5
360 1
362 4
370 7
386 6
388 7
392 3
394 5
400 6
404 3
410 8
416 3
424 4
436 4
442 8
450 7
452 7
458 3
464 6
466 5
468 7
482 3
484 2
488 6
490 4
500 7
512 7
514 4
520 6
522 1
530 10
538 4
544 4
548 2
554 5
562 6
576 4
578 8
580 6
584 3
586 3
592 5
596 5
610 7
612 4
626 4
628 3
634 4
640 3
648 4
650 10
656 1
666 6
674 9
676 6
680 6
692 4
698 4
706 5
712 2
720 4
722 4
724 3
730 7
738 3
740 7
746 1
754 8
772 1
776 4
778 7
784 3
788 4
794 4
800 5
802 5
808 5
810 4
818 3
820 12
832 1
848 6
850 4
866 3
882 3
884 5
890 4
898 3
900 8
904 2
914 2
916 3
922 5
928 3
932 2
936 2
962 4
964 7
968 2
970 7
980 2
986 4
1000 11
1010 6
1018 3
1024 2
1028 3
1040 6
1042 2
1044 3
1058 1
1060 4
1066 3
1076 5
1082 1
1088 3
1090 3
1096 3
1098 3
1114 1
1124 3
1130 5
1138 4
1154 3
1156 4
1160 11
1168 5
1170 3
1172 5
1184 3
1186 1
1192 2
1202 3
1210 3
1220 2
1224 2
1226 5
1234 3
1250 7
1256 2
1258 7
1274 3
1280 1
1282 3
1296 2
1300 10
1306 1
1312 2
1314 5
1322 4
1332 4
1346 3
1348 3
1352 4
1354 3
1370 3
1378 2
1384 4
1394 5
1396 1
1402 1
1412 4
1418 2
1424 3
1440 2
1444 3
1448 1
1450 9
1458 2
1460 1
1466 2
1476 5
1480 3
1490 7
1492 2
1508 4
1514 4
1530 10
1538 3
1544 2
1546 1
1552 2
1556 2
1568 2
1570 5
1576 3
1586 2
1588 2
1594 2
1600 3
1602 2
1604 2
1616 2
1618 2
1620 1
1636 4
1640 7
1642 1
1658 2
1664 2
1666 1
1682 3
1684 2
1690 2
1706 1
1714 1
1730 4
1732 4
1746 1
1762 2
1768 5
1780 7
1796 2
1800 5
1802 1
1808 3
1810 4
1818 2
1828 3
1832 4
1844 1
1850 7
1856 2
1858 2
1864 1
1872 1
1874 1
1898 1
1922 1
1924 2
1928 2
1930 4
1940 4
1952 2
1954 3
1960 1
1962 2
1970 5
1972 3
2000 3
2018 1
2020 4
2034 1
2036 2
2042 1
2048 1
2050 1
2066 1
2074 1
2080 2
2084 1
2098 1
2106 1
2120 4
2122 3
2132 3
2146 4
2152 1
2176 1
2178 1
2180 1
2186 2
2192 2
2194 2
2196 1
2210 8
2218 2
2228 1
2248 1
2250 1
2258 1
2260 1
2276 1
2290 3
2306 2
2314 1
2320 2
2336 1
2368 1
2378 2
2384 1
2404 2
2410 4
2420 1
2434 2
2448 1
2452 1
2466 1
2468 1
2474 2
2482 2
2500 4
2504 1
2512 1
2516 1
2522 1
2548 1
2554 1
2570 2
2578 3
2594 1
2600 5
2602 2
2610 1
2612 1
2624 1
2628 2
2642 2
2644 1
2650 7
2690 1
2704 1
2708 1
2720 3
2738 3
2740 1
2754 2
2756 1
2762 3
2770 3
2810 2
2818 1
2824 1
2834 1
2842 1
2866 1
2888 1
2890 1
2900 2
2920 1
2930 1
2960 3
2984 1
3016 1
3028 1
3034 1
3042 1
3050 5
3060 2
3074 1
3104 2
3106 1
3130 1
3170 2
3176 1
3194 1
3200 1
3232 1
3240 1
3250 2
3284 1
3298 1
3316 1
3330 1
3332 1
3364 1
3370 2
3400 3
3418 3
3460 2
3482 1
3490 2
3492 1
3508 1
3536 1
3538 2
3560 1
3592 1
3600 3
3602 1
3688 2
3706 1
3716 1
3796 1
3860 1
3880 1
3890 2
3904 1
3970 1
3978 1
3994 1
4082 1
4112 1
4132 1
4148 3
4176 2
4194 2
4240 2
4258 1
4276 1
4330 1
4338 3
4352 1
4372 1
4384 1
4426 1
4450 1
4490 1
4496 1
4500 1
4546 1
4570 1
4580 1
4612 1
4660 1
4680 2
4706 2
4762 1
4770 1
4810 1
4842 1
4964 1
5000 1
5024 1
5042 1
5050 1
5090 1
5096 1
5108 1
5114 1
5140 1
5202 1
5234 1
5380 1
5402 1
5594 1
5746 2
5760 1
6100 2
6282 1
6370 1
6416 1
6466 1
6500 1
6628 1
6664 1
6800 1
6962 1
7092 1
7300 1
7362 1
7460 1
7732 1
8144 1
8320 1
8578 1
8872 1
9410 1
9650 1
9698 1
10088 1
10376 1
10610 1
