N J h mean_R_sq err_mean_R_sq mean_R_gyr_sq err_mean_R_gyr_sq 
1225 1.438 0 1328.11 36.3116 338.127 3.60535
4 1
8 2
10 3
18 1
20 2
26 4
32 1
34 4
36 1
40 5
50 7
52 7
58 4
64 1
68 4
72 1
74 6
80 7
82 6
90 5
98 3
100 8
104 4
106 5
116 8
122 7
128 1
130 8
136 5
144 2
146 6
148 1
160 4
162 2
164 8
170 2
178 4
180 4
194 7
196 2
200 6
202 5
208 5
212 2
218 2
226 2
232 5
234 3
242 6
244 3
250 13
256 3
260 12
272 1
274 5
288 2
290 13
292 3
296 5
298 3
306 8
314 4
320 5
324 5
328 6
338 2
340 9
346 4
356 6
360 2
362 3
370 10
386 3
388 5
392 2
394 4
400 3
404 3
410 5
416 3
424 2
436 6
442 9
450 10
452 6
458 3
464 6
466 3
468 8
482 4
484 1
488 6
490 3
500 8
512 2
514 6
520 9
522 3
530 5
538 7
544 4
548 4
554 1
562 2
576 1
578 8
580 7
584 2
586 3
592 3
596 4
610 5
612 1
626 3
628 3
634 4
640 4
648 1
650 4
656 6
666 1
674 2
676 4
680 8
692 1
698 2
706 4
712 4
720 2
722 2
724 1
730 5
738 1
740 8
746 3
754 10
772 1
776 1
778 6
784 2
788 3
794 2
800 5
802 4
808 1
810 2
818 2
820 4
832 6
842 4
848 2
850 8
866 2
872 1
884 10
890 5
898 3
900 6
904 2
914 6
922 2
928 3
932 2
936 4
954 3
962 6
968 2
970 10
976 2
980 3
986 8
1000 4
1010 4
1018 4
1028 1
1040 4
1042 5
1058 1
1060 3
1066 5
1076 1
1082 1
1088 1
1090 7
1096 4
1098 2
1108 1
1114 1
1124 4
1130 3
1138 2
1152 2
1154 4
1156 4
1160 4
1168 3
1170 4
1172 5
1184 4
1186 2
1192 3
1202 4
1210 1
1220 2
1224 2
1226 2
1234 1
1250 8
1252 4
1256 1
1258 1
1280 4
1282 1
1296 2
1300 7
1312 3
1314 1
1322 2
1332 4
1346 5
1348 3
1352 2
1354 2
1360 1
1370 4
1378 9
1384 1
1394 5
1396 3
1402 4
1412 2
1418 4
1424 2
1440 1
1444 1
1448 5
1450 7
1460 7
1466 2
1476 2
1480 5
1490 3
1492 1
1508 3
1514 3
1522 2
1530 2
1544 2
1546 5
1552 1
1556 1
1568 3
1570 6
1586 2
1594 2
1600 3
1602 3
1604 3
1616 1
1618 2
1620 1
1636 1
1640 2
1642 2
1658 1
1682 6
1690 4
1696 3
1700 2
1714 4
1730 3
1732 5
1744 1
1746 1
1754 1
1762 1
1768 6
1780 3
1796 1
1800 2
1802 4
1810 6
1828 1
1844 1
1850 7
1856 2
1872 2
1874 2
1882 2
1898 2
1906 1
1908 1
1924 1
1928 1
1930 3
1936 2
1940 4
1952 1
1954 1
1960 3
1962 3
1970 3
1972 3
1994 2
2000 1
2018 2
2020 3
2034 1
2036 2
2048 2
2066 1
2074 5
2080 1
2098 2
2106 2
2120 1
2122 2
2132 5
2138 2
2146 2
2164 1
2180 2
2192 1
2196 1
2210 1
2216 2
2218 1
2234 4
2250 2
2258 2
2260 3
2276 2
2290 5
2308 2
2314 1
2320 4
2330 1
2336 3
2340 1
2344 1
2362 2
2368 2
2372 1
2378 1
2384 1
2386 1
2402 1
2410 2
2434 1
2440 1
2450 2
2452 1
2458 2
2474 1
2482 3
2504 1
2512 1
2522 2
2548 1
2560 1
2564 1
2570 1
2592 1
2594 1
2600 6
2602 1
2626 3
2628 4
2644 1
2650 3
2690 1
2692 1
2720 3
2722 1
2738 1
2746 1
2756 3
2762 2
2768 1
2770 1
2788 1
2792 1
2804 2
2818 1
2824 3
2826 1
2834 3
2858 2
2866 1
2880 1
2890 4
2900 1
2906 1
2916 1
2920 1
2930 1
2932 1
2938 1
2962 1
2980 1
2986 1
3026 4
3028 1
3034 3
3042 1
3044 1
3050 1
3074 3
3076 1
3104 1
3130 1
3140 1
3152 1
3176 1
3188 1
3194 2
3204 1
3240 1
3250 1
3284 1
3298 3
3314 1
3316 1
3330 1
3370 1
3394 1
3400 3
3412 2
3442 1
3460 1
3474 1
3506 1
3508 2
3524 2
3530 1
3536 1
3538 2
3546 1
3560 1
3562 2
3578 2
3592 1
3600 1
3610 1
3616 1
3620 1
3656 1
3664 1
3730 1
3754 1
3796 2
3802 1
3986 1
3994 1
4010 1
4018 1
4034 2
4100 4
4148 1
4196 1
4264 2
4388 2
4394 1
4436 1
4456 1
4514 2
4624 1
4626 1
4628 1
4640 1
4660 1
4756 1
4808 1
4916 1
4948 1
5002 1
5024 3
5140 2
5252 1
5290 1
5314 1
5402 1
5426 1
5450 1
5480 1
5524 1
5690 1
5714 1
5746 1
5832 1
6130 1
6224 1
6498 1
6500 1
6554 1
6866 1
6928 1
7034 1
7162 1
7442 1
8164 1
8788 1
11138 1
11146 1
