N J h mean_R_sq err_mean_R_sq mean_R_gyr_sq err_mean_R_gyr_sq 
2500 1.429 0 2391.74 253.326 673.129 28.9353
5 1
9 2
25 1
41 2
49 2
53 2
65 5
73 3
81 2
85 3
97 1
101 4
109 3
113 2
117 1
125 2
137 1
145 3
149 2
153 1
157 2
169 8
173 8
181 5
185 1
193 4
197 1
205 5
221 2
225 3
229 1
233 2
241 5
245 1
257 2
261 2
265 2
269 2
277 3
281 1
289 4
293 2
313 1
325 6
333 4
337 4
349 3
353 3
361 1
369 2
377 4
389 1
397 1
401 2
409 2
421 3
425 7
441 1
445 5
457 2
461 4
477 1
481 4
485 2
493 9
505 3
509 3
529 3
533 3
545 2
549 3
565 5
569 3
577 1
585 5
593 2
601 3
605 3
613 3
617 2
625 3
629 4
637 2
641 1
653 2
657 2
661 1
673 2
685 4
689 4
697 4
701 2
709 2
725 6
729 1
733 2
745 4
757 2
765 3
769 3
785 5
793 5
797 4
801 4
809 1
821 1
829 3
833 3
841 1
845 6
853 1
865 3
873 2
877 1
881 2
901 1
909 2
925 5
929 1
937 2
941 1
949 1
953 2
961 1
965 3
977 2
981 2
985 6
1013 2
1017 1
1021 2
1025 7
1033 2
1037 2
1049 2
1053 1
1061 1
1069 1
1073 3
1093 1
1097 2
1105 4
1109 1
1117 4
1125 6
1129 2
1145 2
1157 4
1165 2
1181 1
1189 3
1193 3
1201 4
1205 1
1217 1
1225 2
1233 1
1237 3
1241 1
1261 5
1285 4
1289 1
1301 2
1305 2
1313 5
1325 4
1341 1
1345 3
1361 1
1369 1
1373 1
1377 2
1381 1
1385 1
1405 2
1417 4
1421 2
1429 1
1433 1
1445 6
1465 1
1469 3
1481 2
1489 1
1493 2
1513 1
1517 3
1521 2
1525 6
1537 2
1553 4
1565 4
1573 2
1585 7
1597 2
1609 1
1613 1
1621 2
1625 4
1629 3
1637 3
1649 3
1657 3
1665 4
1669 1
1681 1
1685 1
1693 2
1709 1
1721 1
1733 1
1737 1
1741 2
1745 3
1765 3
1769 2
1773 1
1777 2
1781 4
1789 1
1805 4
1825 5
1845 3
1853 2
1877 2
1885 8
1889 1
1901 1
1913 2
1921 1
1933 2
1937 2
1945 6
1949 1
1961 3
1985 2
1989 4
1993 1
1997 1
2005 3
2041 1
2057 2
2061 1
2081 2
2089 2
2097 1
2105 2
2113 1
2117 1
2125 2
2129 2
2137 1
2153 2
2165 1
2169 1
2173 2
2197 1
2205 2
2225 4
2245 1
2249 2
2257 1
2285 2
2305 1
2309 3
2341 1
2349 1
2353 2
2357 2
2377 2
2381 2
2385 1
2389 2
2401 1
2405 2
2417 2
2425 3
2465 1
2477 1
2493 2
2501 5
2525 3
2529 1
2533 2
2545 2
2549 1
2581 1
2593 1
2601 2
2609 1
2621 3
2633 1
2637 1
2645 1
2665 2
2693 2
2701 2
2705 3
2713 1
2725 4
2749 1
2753 1
2777 1
2789 1
2801 2
2809 2
2817 1
2825 2
2845 1
2853 3
2857 2
2861 1
2873 1
2885 1
2909 1
2925 2
2965 2
2969 1
2977 1
2993 1
3005 2
3029 2
3049 2
3061 1
3077 1
3109 1
3125 2
3133 5
3137 1
3141 1
3145 1
3161 2
3169 1
3177 1
3181 2
3185 1
3217 1
3221 1
3265 2
3277 2
3281 1
3293 4
3305 4
3321 1
3329 1
3341 1
3357 1
3385 1
3425 1
3449 1
3457 1
3461 1
3485 1
3505 2
3517 1
3529 1
3545 1
3557 1
3573 1
3589 3
3593 2
3601 3
3609 1
3613 1
3617 2
3681 1
3721 3
3725 2
3737 4
3761 1
3793 1
3797 1
3805 1
3809 3
3821 1
3825 1
3845 1
3853 1
3865 1
3897 1
3925 2
3929 1
3961 2
3965 2
3969 1
3977 1
3989 1
4013 1
4021 1
4041 2
4069 3
4093 2
4105 1
4113 1
4121 1
4141 1
4157 1
4181 1
4205 2
4225 3
4241 1
4253 1
4261 1
4365 2
4373 1
4381 1
4385 3
4397 1
4405 1
4453 1
4505 4
4525 1
4589 2
4633 1
4789 1
4793 1
4797 1
4825 2
4877 2
4885 1
4925 1
5013 1
5057 2
5069 1
5141 1
5153 1
5161 1
5165 1
5185 1
5193 1
5213 1
5245 1
5249 3
5297 1
5337 1
5353 1
5465 1
5473 1
5517 1
5525 1
5553 1
5569 1
5573 1
5617 1
5645 1
5725 1
5749 1
5785 1
5821 1
5905 1
5981 1
5989 1
6073 1
6101 1
6109 1
6121 1
6145 2
6161 1
6185 1
6205 1
6305 1
6469 1
6553 1
6613 1
6701 1
7025 1
7045 1
7129 1
7213 1
7229 1
7457 1
7541 1
7685 1
7785 1
7925 1
7933 1
8045 1
8233 1
8285 1
8321 1
8425 1
8465 1
8605 1
8929 1
8957 1
9265 1
9445 1
9457 1
9469 1
9509 1
9773 1
9985 1
10133 1
10517 1
10685 1
10809 1
10825 1
10933 1
11125 1
11213 1
12785 1
14645 1
15317 1
15689 1
16105 1
16865 1
19585 1
20681 1
22037 1
22301 1
145361 1
