N J h mean_R_sq err_mean_R_sq mean_R_gyr_sq err_mean_R_gyr_sq 
2500 1.44 0 1933.81 28.7956 609.095 2.34826
1 1
5 9
9 7
13 12
17 10
25 24
29 14
37 15
41 11
45 19
49 6
53 11
61 10
65 28
73 18
81 11
85 43
89 12
97 11
101 17
109 11
113 10
117 11
121 5
125 29
137 15
145 23
149 21
153 10
157 14
169 24
173 18
181 14
185 33
193 19
197 17
205 34
221 33
225 23
229 13
233 18
241 12
245 15
257 16
261 20
265 30
269 8
277 20
281 10
289 29
293 22
305 36
313 19
317 18
325 47
333 18
337 20
349 22
353 14
361 1
365 24
369 15
373 24
377 29
389 23
397 20
401 24
405 22
409 19
421 18
425 57
433 23
441 10
445 35
449 11
457 16
461 18
477 17
481 37
485 37
493 37
505 35
509 9
521 17
529 11
533 27
541 14
545 39
549 15
557 17
565 48
569 14
577 14
585 28
593 15
601 9
605 14
613 15
617 18
625 40
629 22
637 19
641 26
653 11
657 12
661 19
673 13
677 15
685 29
689 32
697 34
701 11
709 17
725 42
729 5
733 15
745 30
757 12
761 16
765 26
769 12
773 13
785 36
793 25
797 14
801 11
809 10
821 12
829 14
833 15
841 14
845 41
853 11
857 14
865 30
873 14
877 17
881 14
901 34
905 18
909 19
925 46
929 13
937 16
941 18
949 28
953 16
961 9
965 27
977 15
981 14
985 34
997 9
1009 4
1013 14
1017 12
1021 17
1025 51
1033 12
1037 21
1049 9
1053 19
1061 16
1069 14
1073 18
1089 6
1093 15
1097 7
1105 54
1109 17
1117 15
1125 27
1129 12
1145 32
1153 13
1157 30
1165 25
1181 16
1189 33
1193 17
1201 7
1205 34
1213 14
1217 12
1225 16
1229 17
1233 8
1237 7
1241 21
1249 12
1261 24
1277 7
1285 29
1289 13
1297 8
1301 6
1305 28
1313 17
1321 11
1325 36
1341 12
1345 21
1361 12
1369 20
1373 8
1377 8
1381 5
1385 24
1405 23
1409 13
1413 11
1417 23
1421 16
1429 10
1433 14
1445 33
1453 13
1465 12
1469 27
1481 8
1489 12
1493 12
1513 24
1517 16
1521 17
1525 40
1537 16
1549 9
1553 7
1557 10
1565 23
1573 14
1585 19
1597 8
1601 9
1609 6
1613 10
1621 7
1625 41
1629 14
1637 10
1649 14
1657 9
1665 15
1669 14
1681 16
1685 24
1693 12
1697 10
1709 9
1717 23
1721 11
1733 8
1737 11
1741 9
1745 20
1753 7
1765 17
1769 19
1773 13
1777 5
1781 23
1789 8
1801 9
1805 10
1813 9
1825 23
1845 20
1849 4
1853 24
1861 5
1865 13
1873 4
1877 16
1885 34
1889 8
1901 10
1913 9
1921 11
1933 14
1937 13
1945 11
1949 9
1961 15
1973 5
1985 10
1989 12
1993 9
1997 7
2005 13
2009 8
2017 12
2025 13
2029 12
2041 27
2045 19
2053 10
2057 10
2061 8
2069 6
2081 9
2089 7
2097 11
2105 17
2113 10
2117 9
2125 31
2129 5
2137 10
2141 13
2153 14
2161 9
2165 16
2169 13
2173 16
2197 18
2205 7
2209 2
2213 8
2221 10
2225 19
2237 9
2245 22
2249 11
2257 8
2269 7
2273 7
2281 7
2285 18
2293 7
2297 8
2305 10
2309 11
2313 8
2329 19
2333 7
2341 6
2349 4
2353 14
2357 5
2377 8
2381 6
2385 13
2389 3
2393 8
2401 3
2405 30
2417 9
2421 10
2425 31
2437 5
2441 13
2465 23
2473 9
2477 6
2493 3
2501 14
2509 14
2521 9
2525 23
2529 3
2533 9
2545 13
2549 12
2557 11
2561 7
2581 21
2593 11
2597 6
2601 12
2605 19
2609 8
2617 9
2621 6
2633 6
2637 4
2645 7
2657 11
2665 26
2669 9
2677 7
2689 2
2693 2
2701 22
2705 13
2713 4
2725 25
2729 3
2741 8
2745 11
2749 8
2753 5
2777 10
2785 9
2789 6
2797 6
2801 4
2809 8
2813 14
2817 5
2825 14
2833 9
2837 2
2845 11
2853 5
2857 2
2861 9
2873 19
2885 10
2897 3
2909 3
2917 5
2925 17
2929 11
2941 10
2953 11
2957 4
2965 13
2969 5
2977 5
2989 8
2993 10
2997 8
3001 6
3005 9
3025 7
3029 11
3033 6
3037 6
3041 5
3049 5
3061 2
3065 12
3077 12
3085 13
3089 4
3109 1
3121 7
3125 10
3133 16
3137 4
3141 5
3145 18
3161 6
3169 2
3177 7
3181 5
3185 7
3205 7
3209 4
3217 2
3221 7
3229 8
3233 9
3249 4
3253 2
3257 5
3265 9
3277 6
3281 8
3285 8
3293 11
3301 5
3305 9
3313 7
3321 6
3329 11
3341 9
3349 6
3357 7
3361 2
3365 6
3373 4
3385 5
3389 3
3393 7
3413 6
3425 12
3433 1
3445 19
3449 3
3457 5
3461 3
3469 1
3481 2
3485 19
3497 10
3501 5
3505 7
3509 1
3517 7
3529 4
3533 9
3541 5
3545 4
3557 5
3573 5
3577 2
3581 3
3589 6
3593 5
3601 11
3609 7
3613 2
3617 10
3625 19
3637 4
3645 3
3649 7
3653 6
3665 8
3673 2
3677 5
3681 6
3697 4
3701 5
3709 1
3721 3
3725 10
3733 9
3737 10
3757 9
3761 2
3769 3
3785 10
3789 2
3797 3
3805 5
3809 3
3821 3
3825 8
3833 1
3845 6
3853 8
3865 5
3869 1
3877 3
3881 4
3889 3
3893 11
3897 2
3917 1
3925 7
3929 2
3961 3
3965 16
3969 1
3973 6
3977 9
3985 7
3989 4
4001 3
4005 1
4013 4
4021 4
4033 6
4041 4
4045 3
4049 1
4057 2
4069 3
4073 2
4093 1
4097 6
4105 7
4113 1
4121 3
4129 2
4133 3
4141 6
4145 6
4149 5
4153 2
4157 1
4165 7
4177 2
4181 6
4201 5
4205 8
4217 1
4225 7
4229 3
4241 2
4253 6
4261 2
4265 6
4273 3
4285 4
4289 4
4293 2
4321 4
4325 7
4329 4
4337 1
4349 3
4357 3
4361 5
4365 6
4369 4
4373 3
4381 4
4385 9
4397 1
4405 2
4409 2
4437 1
4441 2
4453 3
4457 1
4469 2
4481 2
4493 2
4505 4
4513 2
4517 1
4525 4
4537 6
4545 3
4549 1
4553 2
4561 1
4573 2
4581 3
4589 2
4597 1
4621 3
4625 11
4633 4
4637 1
4645 5
4649 4
4657 1
4673 2
4685 2
4689 1
4693 2
4705 2
4709 5
4717 6
4721 2
4729 3
4733 4
4745 4
4753 1
4761 1
4777 5
4793 3
4797 7
4805 1
4813 3
4825 3
4849 3
4861 1
4869 3
4877 5
4885 3
4889 1
4901 8
4905 3
4909 1
4913 4
4925 4
4933 3
4937 1
4941 2
4949 3
4957 1
4969 4
4973 3
4981 1
4985 5
4993 3
5013 1
5017 4
5021 3
5045 6
5057 1
5065 6
5077 4
5081 3
5085 1
5105 2
5113 1
5121 3
5125 6
5141 1
5153 1
5161 4
5165 3
5185 2
5189 2
5197 2
5209 1
5213 3
5233 1
5237 1
5245 4
5249 5
5261 1
5265 3
5273 1
5281 1
5297 2
5305 5
5309 1
5317 3
5329 3
5337 1
5345 4
5353 5
5365 1
5381 2
5389 1
5409 1
5413 1
5417 4
5429 3
5437 2
5445 1
5465 2
5473 1
5477 1
5485 2
5501 4
5517 3
5525 11
5545 2
5553 2
5585 2
5617 4
5625 3
5629 4
5645 1
5653 1
5669 1
5689 1
5693 1
5701 1
5713 3
5725 3
5729 4
5733 1
5769 1
5777 3
5785 4
5801 2
5809 1
5825 2
5837 1
5849 1
5869 1
5877 1
5881 4
5897 2
5905 3
5913 1
5917 2
5945 2
5953 1
5965 4
5981 1
5993 1
6001 3
6025 2
6029 1
6053 1
6057 1
6065 3
6085 5
6089 1
6101 1
6109 3
6113 1
6125 3
6137 1
6145 1
6161 1
6165 1
6185 1
6201 1
6205 3
6221 1
6245 2
6253 3
6257 4
6273 5
6305 1
6309 1
6329 1
6341 1
6353 1
6361 1
6373 1
6385 3
6397 3
6401 3
6413 1
6421 2
6425 3
6481 1
6485 3
6497 1
6505 1
6521 1
6525 3
6529 1
6561 1
6565 3
6569 2
6581 1
6597 1
6605 1
6613 1
6617 1
6625 3
6641 1
6653 1
6673 1
6697 1
6705 1
6725 2
6733 1
6749 3
6757 1
6761 1
6773 2
6805 2
6813 1
6817 2
6841 3
6845 1
6849 1
6857 1
6865 2
6893 1
6921 1
6925 2
6929 1
6949 1
6957 1
6961 2
6977 1
7025 1
7033 2
7081 1
7085 4
7109 3
7129 1
7145 1
7213 1
7225 2
7241 1
7253 1
7289 3
7297 2
7301 1
7325 1
7345 2
7361 1
7373 1
7393 1
7405 1
7457 2
7477 1
7517 1
7529 1
7537 1
7561 1
7565 3
7569 1
7573 1
7585 1
7605 3
7633 2
7673 2
7677 2
7685 2
7693 1
7753 1
7765 1
7873 2
7921 1
7929 1
7937 1
7993 1
8005 1
8017 1
8021 2
8033 1
8045 1
8065 1
8093 1
8101 1
8117 1
8125 3
8145 1
8161 1
8177 3
8221 1
8245 1
8285 1
8297 1
8317 1
8321 1
8357 1
8405 1
8425 1
8461 1
8473 1
8485 1
8513 1
8545 1
8593 2
8649 1
8665 1
8821 2
8885 2
8905 3
8917 1
9049 1
9081 1
9133 1
9137 1
9209 1
9281 1
9297 1
9305 1
9413 1
9445 1
9509 1
9553 1
9593 1
9657 1
9701 1
9773 1
9809 1
10025 1
10121 1
10201 1
10249 1
10309 1
10313 1
10485 1
10565 1
10625 1
10701 1
10853 1
11029 1
11101 1
11169 1
11281 1
11453 1
11789 1
11809 1
11849 1
11925 1
12025 1
13185 1
13325 1
13465 1
13549 1
13633 1
15125 1
40385 1
