N J h mean_R_sq err_mean_R_sq mean_R_gyr_sq err_mean_R_gyr_sq 
3600 1.413 0 3879.14 502.967 1065.37 60.9527
5 5
9 3
13 8
17 5
25 3
29 3
37 5
41 8
45 5
49 3
53 11
61 9
65 9
73 10
81 4
85 15
89 4
97 3
101 7
109 3
113 9
117 8
121 1
125 10
137 5
145 17
149 5
153 5
157 4
169 6
173 6
181 8
185 18
193 4
197 8
205 12
221 14
225 9
229 6
233 4
241 5
245 9
257 2
261 7
265 11
269 6
277 5
281 7
289 7
293 2
305 13
313 6
317 5
325 20
333 1
337 6
349 9
353 5
361 3
365 20
369 6
373 2
377 12
389 9
397 6
401 6
405 5
409 11
421 5
425 28
433 6
441 1
445 10
449 6
457 8
461 9
477 9
481 20
485 5
493 18
505 10
509 8
521 7
529 4
533 18
541 4
545 6
549 4
557 10
565 9
569 2
577 7
585 7
593 2
601 3
605 7
613 7
617 10
625 11
629 15
637 4
641 3
653 6
657 5
661 6
673 8
677 6
685 18
689 8
697 10
701 7
709 6
725 21
729 2
733 4
745 14
757 5
761 9
765 7
769 7
773 11
785 15
793 13
797 5
801 4
809 3
821 4
829 5
833 7
841 9
845 19
853 8
857 10
865 7
873 9
877 5
881 6
901 6
905 11
909 3
925 17
929 5
937 5
941 8
949 19
953 2
961 1
965 17
977 6
981 3
985 13
997 8
1009 8
1013 8
1017 5
1021 5
1025 12
1033 7
1037 10
1049 5
1053 8
1061 7
1069 7
1073 15
1089 4
1093 7
1097 5
1105 27
1109 6
1125 14
1129 9
1145 9
1153 7
1157 11
1165 8
1181 7
1189 14
1193 4
1201 5
1205 9
1213 4
1217 7
1225 6
1229 7
1233 6
1237 9
1241 9
1249 5
1261 13
1277 5
1285 11
1289 3
1297 5
1301 1
1305 6
1313 9
1321 4
1325 16
1341 5
1345 9
1361 5
1369 7
1373 4
1377 4
1381 4
1385 14
1405 8
1409 4
1413 7
1417 5
1421 6
1429 11
1433 11
1445 12
1453 8
1465 7
1469 8
1481 7
1489 5
1493 8
1513 9
1517 11
1521 8
1525 11
1537 9
1549 3
1553 5
1557 6
1565 10
1573 3
1585 10
1597 6
1601 9
1609 4
1613 6
1621 6
1625 17
1629 10
1637 4
1649 13
1657 6
1665 8
1669 3
1681 13
1685 7
1693 5
1697 4
1709 6
1717 13
1721 6
1733 4
1737 7
1741 5
1745 10
1753 5
1765 6
1769 16
1773 3
1777 7
1781 10
1789 4
1801 4
1805 2
1813 6
1825 12
1845 15
1849 2
1853 7
1861 5
1865 15
1873 6
1877 2
1885 21
1889 4
1901 10
1913 5
1921 14
1933 6
1937 9
1945 11
1949 4
1961 5
1973 5
1985 10
1989 11
1993 2
1997 7
2005 7
2009 7
2017 1
2025 2
2029 7
2041 14
2045 8
2053 5
2057 3
2061 1
2069 1
2081 3
2089 5
2097 4
2105 8
2113 10
2117 6
2125 21
2129 4
2137 5
2141 4
2153 8
2161 1
2165 8
2169 3
2173 6
2197 6
2205 6
2209 1
2213 3
2221 4
2225 15
2237 3
2245 11
2249 6
2257 7
2269 7
2273 2
2281 3
2285 8
2293 5
2297 4
2305 9
2309 4
2313 7
2329 8
2333 4
2341 3
2349 2
2353 6
2357 2
2377 3
2381 7
2385 15
2389 2
2393 3
2401 1
2405 15
2417 6
2421 4
2425 18
2437 3
2441 7
2465 12
2473 5
2477 4
2493 5
2501 9
2509 8
2521 8
2525 7
2529 5
2533 12
2545 15
2549 5
2557 4
2561 7
2581 9
2593 5
2597 2
2601 5
2605 9
2609 5
2617 4
2621 2
2633 3
2637 7
2645 2
2657 3
2665 12
2669 11
2689 2
2693 1
2701 6
2705 11
2713 1
2725 14
2729 3
2741 2
2745 4
2749 2
2753 2
2777 8
2785 7
2789 2
2797 4
2801 2
2809 9
2813 5
2817 3
2825 15
2833 9
2837 4
2845 5
2853 4
2857 2
2861 2
2873 12
2885 3
2897 3
2909 2
2917 8
2925 8
2929 5
2941 9
2953 2
2957 3
2965 3
2969 6
2977 10
2989 1
2993 9
2997 4
3001 6
3005 6
3025 5
3029 11
3033 2
3037 4
3041 1
3049 3
3061 3
3065 5
3077 9
3085 5
3089 3
3109 3
3121 1
3125 13
3133 7
3137 4
3141 3
3145 11
3161 7
3169 4
3177 5
3181 4
3185 4
3205 9
3209 3
3217 9
3221 5
3229 4
3233 5
3249 2
3257 5
3265 3
3277 5
3281 4
3285 8
3293 9
3301 3
3305 5
3313 5
3321 5
3329 1
3341 7
3349 9
3357 5
3361 4
3365 10
3373 1
3385 6
3389 2
3393 7
3413 5
3425 8
3433 4
3445 9
3449 2
3457 1
3461 3
3469 2
3481 1
3485 14
3497 9
3501 1
3505 1
3509 3
3517 4
3529 2
3533 2
3541 4
3545 5
3557 4
3573 1
3577 3
3581 1
3589 6
3593 3
3601 14
3609 3
3613 3
3617 1
3625 9
3645 1
3649 8
3653 4
3665 8
3673 4
3677 4
3681 2
3697 2
3701 3
3709 1
3721 5
3725 13
3733 6
3737 10
3757 10
3761 1
3769 2
3785 7
3789 4
3793 2
3797 2
3805 6
3809 5
3821 5
3825 5
3845 3
3853 3
3865 9
3869 5
3881 3
3889 2
3893 10
3897 4
3917 3
3925 5
3929 3
3961 3
3965 8
3973 3
3977 6
3985 2
3989 4
4005 4
4013 4
4021 5
4033 5
4041 2
4045 5
4049 3
4057 3
4069 1
4073 1
4093 1
4097 9
4105 10
4121 7
4133 2
4141 3
4145 4
4149 1
4157 2
4165 4
4181 4
4201 2
4205 6
4225 7
4229 1
4241 2
4253 1
4261 3
4265 3
4273 2
4285 1
4289 3
4293 4
4297 4
4321 4
4325 6
4329 7
4337 1
4349 1
4357 1
4361 2
4365 7
4369 4
4373 3
4381 3
4385 5
4397 3
4405 3
4409 3
4421 7
4437 3
4441 3
4453 3
4457 2
4469 1
4477 2
4481 1
4489 3
4493 1
4505 6
4513 3
4517 3
4525 8
4537 4
4545 1
4549 3
4573 3
4581 5
4589 4
4597 2
4621 2
4625 7
4633 4
4637 2
4645 5
4649 4
4657 2
4673 4
4685 6
4689 4
4693 1
4705 3
4709 5
4717 9
4721 2
4729 2
4745 10
4753 1
4761 2
4765 3
4777 4
4789 5
4797 5
4801 1
4805 4
4813 1
4817 2
4825 5
4849 7
4861 1
4869 5
4877 3
4885 2
4901 4
4905 3
4913 2
4925 4
4933 1
4941 2
4949 1
4957 2
4961 3
4969 2
4973 2
4981 1
4985 4
4993 3
5009 4
5013 4
5017 5
5045 3
5057 3
5065 5
5069 1
5077 1
5081 3
5085 5
5105 1
5113 1
5121 4
5125 5
5141 9
5153 1
5161 2
5165 6
5185 9
5189 1
5193 1
5197 1
5209 5
5213 4
5233 2
5237 2
5245 5
5249 2
5261 1
5265 5
5281 4
5297 3
5305 6
5309 1
5317 4
5321 2
5329 3
5333 2
5337 3
5341 1
5345 3
5353 6
5365 5
5381 1
5389 5
5393 4
5409 2
5413 3
5417 3
5429 4
5437 3
5445 1
5449 2
5465 2
5473 4
5477 2
5485 5
5501 3
5513 4
5517 2
5521 1
5525 10
5537 2
5545 4
5553 3
5569 1
5573 1
5581 2
5585 1
5597 2
5617 4
5625 2
5629 3
5641 1
5645 2
5653 3
5657 3
5661 1
5669 1
5693 5
5701 3
5713 1
5717 3
5725 2
5729 3
5733 1
5737 1
5741 2
5749 4
5765 3
5769 2
5777 2
5785 6
5801 1
5809 1
5813 3
5825 5
5837 3
5849 2
5857 4
5861 1
5869 3
5877 2
5881 5
5897 5
5905 3
5913 1
5917 1
5929 1
5933 4
5941 1
5945 7
5953 3
5965 1
5989 5
5993 3
6001 3
6005 5
6025 4
6037 1
6053 2
6057 2
6065 1
6085 4
6089 1
6093 2
6109 2
6113 5
6121 1
6125 2
6133 1
6137 1
6145 1
6165 2
6173 1
6185 5
6197 2
6201 1
6205 3
6217 1
6229 3
6241 1
6245 4
6253 7
6257 2
6269 3
6273 3
6301 2
6305 3
6309 1
6317 3
6337 2
6341 5
6353 2
6373 1
6385 4
6397 1
6401 3
6409 8
6413 2
6421 2
6425 2
6437 4
6445 4
6449 2
6485 5
6497 1
6505 5
6521 1
6525 4
6565 5
6569 2
6577 2
6581 1
6597 1
6605 2
6613 5
6617 3
6625 3
6637 2
6641 1
6649 5
6653 2
6661 2
6673 1
6689 2
6705 2
6709 1
6725 4
6737 1
6749 3
6757 1
6773 3
6781 1
6793 1
6805 2
6813 1
6817 1
6829 1
6833 1
6845 4
6865 4
6877 1
6893 1
6905 2
6921 1
6925 2
6929 4
6949 1
6953 3
6957 3
6961 1
6977 4
6989 4
6997 2
7001 1
7033 3
7045 1
7057 1
7065 2
7081 2
7085 7
7093 1
7105 1
7109 1
7121 1
7137 1
7141 3
7145 1
7157 2
7165 4
7173 1
7193 1
7209 1
7213 1
7225 4
7229 1
7237 1
7261 4
7265 2
7281 1
7289 2
7297 2
7325 4
7345 5
7361 2
7373 1
7381 1
7393 1
7397 1
7405 1
7417 1
7421 3
7445 2
7453 1
7457 1
7461 1
7465 2
7501 2
7517 2
7537 4
7541 1
7549 1
7565 3
7585 3
7605 1
7621 1
7625 2
7633 1
7649 1
7669 1
7685 7
7693 2
7709 1
7713 2
7741 1
7745 2
7753 1
7765 2
7785 1
7789 1
7813 1
7817 1
7825 3
7829 1
7865 3
7877 1
7893 3
7897 2
7901 2
7913 2
7921 3
7925 1
7957 2
8005 1
8009 1
8017 1
8021 1
8033 1
8045 3
8069 1
8089 2
8093 1
8101 2
8105 2
8109 3
8125 3
8145 2
8149 1
8161 1
8177 1
8185 3
8237 1
8249 4
8281 5
8285 1
8297 2
8325 2
8329 1
8333 2
8357 1
8361 2
8369 1
8377 1
8381 3
8389 2
8405 4
8425 1
8433 1
8461 1
8473 2
8477 1
8485 2
8497 1
8521 1
8537 1
8545 3
8581 2
8585 2
8593 1
8597 1
8605 3
8621 1
8629 1
8641 1
8653 2
8665 1
8669 1
8677 1
8681 1
8685 4
8725 2
8741 1
8749 1
8753 1
8761 1
8765 1
8825 2
8837 1
8845 2
8857 1
8865 1
8869 1
8885 3
8905 3
8941 1
8945 1
8957 2
8969 1
8989 1
9005 1
9029 1
9061 6
9065 1
9077 1
9081 1
9089 2
9113 1
9117 1
9125 2
9133 1
9153 1
9157 1
9169 1
9181 1
9193 1
9209 1
9217 1
9225 1
9265 1
9277 1
9281 2
9297 2
9305 1
9325 1
9333 1
9341 1
9349 1
9365 1
9377 1
9385 1
9389 3
9425 5
9437 1
9445 1
9505 2
9549 1
9553 2
9565 1
9577 2
9593 2
9601 1
9605 3
9629 1
9653 1
9665 2
9673 3
9677 1
9685 2
9697 2
9701 3
9721 3
9725 2
9733 1
9773 1
9805 1
9809 1
9829 1
9837 1
9841 1
9865 1
9873 1
9881 1
9893 2
9925 1
9945 1
9949 1
9953 1
9965 1
9985 1
10001 1
10009 1
10025 4
10049 1
10081 1
10121 3
10181 1
10205 2
10225 2
10249 1
10253 2
10289 1
10309 1
10337 2
10345 2
10357 1
10361 1
10397 2
10405 1
10421 2
10429 1
10441 1
10457 1
10489 1
10517 1
10525 2
10529 2
10585 3
10601 1
10645 1
10673 2
10685 1
10737 1
10753 1
10781 1
10825 3
10829 2
10853 2
10865 1
10933 3
10949 1
10953 2
10957 1
10993 1
11025 1
11041 1
11065 1
11089 1
11113 1
11161 1
11169 3
11225 1
11261 1
11285 1
11345 1
11357 1
11369 2
11405 2
11417 1
11425 1
11461 1
11485 2
11509 1
11645 1
11657 1
11701 1
11729 1
11745 1
11765 1
11773 1
11817 1
11849 2
11881 1
11885 1
12025 1
12037 1
12077 1
12085 3
12109 1
12113 2
12181 1
12193 1
12205 1
12209 2
12269 1
12301 1
12325 1
12329 1
12337 1
12373 1
12413 2
12433 1
12457 1
12461 4
12465 2
12645 1
12665 2
12689 2
12713 1
12769 1
12773 2
12781 1
12869 1
12897 1
12905 1
12917 2
13073 1
13077 1
13093 1
13105 1
13121 1
13141 1
13165 1
13189 1
13221 2
13285 1
13325 1
13345 1
13397 1
13441 1
13481 1
13505 1
13693 2
13757 1
13769 2
13781 1
13789 1
13801 1
13833 2
13885 1
13897 1
13949 1
13969 2
13985 1
14033 1
14065 3
14149 1
14285 1
14297 2
14369 1
14373 1
14501 1
14521 1
14537 1
14545 1
14557 1
14569 1
14589 1
14641 1
14645 1
14653 1
14705 1
14713 1
14733 1
14841 1
14845 1
14965 1
14989 1
15325 1
15425 1
15457 1
15489 1
15577 1
15613 1
15725 1
15913 1
16057 1
16217 1
16229 1
16393 1
16405 1
16613 1
16677 1
16705 1
16745 1
16781 2
16893 1
16965 1
17113 1
17797 1
18045 1
18241 1
18589 1
18785 1
18973 1
19053 1
19165 1
19625 1
20645 1
21217 1
21929 1
24085 1
24089 1
24869 1
25625 1
61333 1
133585 1
306485 1
335173 1
669205 1
956533 1
