N J h mean_R_sq err_mean_R_sq mean_R_gyr_sq err_mean_R_gyr_sq 
900 1.364 0 2937.34 147.395 528.559 14.8983
1 1
29 1
53 1
61 1
65 1
81 1
85 2
89 2
109 1
113 1
125 2
153 1
157 1
169 2
173 2
193 1
197 1
205 2
241 1
245 1
265 2
289 2
305 1
317 2
325 2
333 1
353 1
389 1
397 1
409 2
425 3
441 1
445 2
461 1
477 1
481 3
485 2
493 4
505 1
509 2
533 1
541 1
545 3
565 1
569 2
601 1
605 1
625 1
657 1
673 1
677 1
685 2
701 2
709 2
725 1
733 1
745 2
761 1
765 1
769 1
773 1
785 2
797 2
809 2
821 1
829 1
845 3
857 1
865 1
873 2
881 2
901 2
909 1
925 2
949 1
961 1
965 1
977 1
985 1
997 1
1009 1
1017 1
1025 2
1061 1
1093 1
1105 1
1125 2
1145 2
1157 2
1165 1
1189 1
1201 1
1205 1
1233 1
1241 1
1261 1
1285 1
1305 2
1313 1
1325 2
1341 1
1385 1
1405 4
1413 1
1421 1
1445 3
1465 3
1469 1
1489 2
1513 1
1525 4
1549 3
1573 1
1609 1
1625 3
1629 1
1649 2
1657 1
1665 1
1669 1
1681 1
1685 1
1697 2
1709 1
1737 1
1765 2
1825 1
1873 1
1885 3
1961 1
1985 2
1989 2
2025 1
2045 1
2081 1
2097 1
2105 2
2117 1
2125 1
2153 1
2173 1
2225 1
2281 1
2293 1
2305 2
2341 1
2349 1
2377 2
2385 1
2405 2
2425 1
2437 1
2465 1
2477 1
2493 1
2529 1
2545 1
2549 1
2581 1
2621 3
2637 1
2645 1
2677 1
2725 2
2745 2
2785 2
2817 1
2837 2
2845 2
2861 1
2885 1
2925 1
2965 1
2977 1
2989 1
3001 1
3049 1
3145 3
3161 2
3169 1
3233 1
3293 2
3341 1
3357 2
3385 3
3393 1
3413 1
3425 1
3485 1
3505 1
3545 1
3573 1
3589 1
3637 1
3725 2
3785 1
3825 1
3893 1
3897 1
3925 1
4005 1
4057 1
4093 1
4113 1
4165 2
4225 3
4229 1
4265 1
4285 1
4321 1
4325 1
4329 1
4337 1
4349 1
4381 1
4405 1
4481 1
4517 1
4525 1
4633 2
4685 1
4693 1
4709 1
4745 1
4761 1
4765 1
4789 2
4849 1
4861 1
4885 1
4901 2
4913 1
4925 1
4981 1
4993 1
5009 1
5017 1
5065 2
5069 1
5077 1
5141 3
5185 1
5209 1
5353 1
5365 1
5477 1
5485 1
5545 1
5581 1
5585 1
5617 1
5629 1
5645 1
5653 1
5661 2
5733 1
5785 1
5857 1
5877 1
5989 1
6001 1
6053 1
6109 1
6185 1
6337 1
6409 1
6605 1
6625 1
6733 1
6845 1
6929 1
6989 1
7141 1
7369 2
7373 1
7393 1
7405 2
7517 1
7529 1
7537 1
7585 1
7709 1
7741 1
7929 1
8017 1
8101 1
8177 1
8333 1
9577 1
9701 1
9893 1
10397 1
11141 2
11169 1
11401 1
11705 1
11861 1
12593 1
13397 1
13725 1
14681 1
15725 1
