N J h mean_R_sq err_mean_R_sq mean_R_gyr_sq err_mean_R_gyr_sq 
1225 1.425 0 1415.25 24.6417 363.626 2.46481
2 4
4 3
8 4
10 4
16 1
18 2
20 8
26 13
32 1
34 11
36 3
40 10
50 20
52 6
58 10
64 5
68 4
72 8
74 8
80 11
82 8
90 5
98 5
100 16
104 8
106 8
116 12
122 12
128 10
130 24
136 14
144 6
146 8
148 7
160 11
162 5
164 9
170 30
178 5
180 12
194 10
196 6
200 18
202 11
208 8
212 7
218 11
226 12
232 16
234 11
242 5
244 10
250 21
256 2
260 30
272 16
274 18
288 7
290 18
292 8
296 12
298 10
306 5
314 6
320 12
324 7
328 10
338 16
340 21
346 4
356 15
360 12
362 10
370 18
386 13
388 17
392 6
394 15
400 16
404 14
410 22
416 14
424 5
436 7
442 22
450 15
452 11
458 15
464 9
466 6
468 11
482 7
484 6
488 11
490 8
500 18
512 2
514 12
520 15
522 8
530 17
538 11
544 11
548 10
554 9
562 6
576 9
578 16
580 12
584 8
586 10
592 5
596 9
610 13
612 8
626 13
628 8
634 9
640 11
648 2
650 25
656 10
666 10
674 5
676 12
680 20
692 5
698 10
706 10
712 9
720 8
722 5
724 8
730 16
738 6
740 15
746 16
754 17
772 11
776 8
778 9
784 3
788 7
794 11
800 11
802 9
808 9
810 6
818 11
820 19
832 7
842 3
848 7
850 22
866 9
872 9
882 4
884 12
890 15
898 7
900 11
904 6
914 9
916 5
922 5
928 6
932 10
936 7
954 6
962 16
964 5
968 4
970 12
976 6
980 7
986 10
1000 15
1010 15
1018 10
1024 5
1028 6
1040 19
1042 6
1044 6
1058 3
1060 11
1066 15
1076 8
1082 7
1088 6
1090 18
1096 9
1098 9
1108 4
1114 9
1124 6
1130 11
1138 8
1152 2
1154 12
1156 4
1160 17
1168 9
1170 14
1172 6
1184 10
1186 10
1192 2
1202 9
1210 9
1220 11
1224 5
1226 9
1234 4
1250 20
1252 7
1256 8
1258 11
1268 6
1274 7
1280 5
1282 4
1296 3
1300 19
1306 7
1312 1
1314 6
1322 3
1332 5
1346 4
1348 6
1352 8
1354 7
1360 11
1370 11
1378 6
1384 4
1394 12
1396 8
1402 3
1412 5
1418 8
1424 4
1440 3
1444 6
1448 2
1450 14
1458 5
1460 14
1466 5
1476 4
1480 5
1490 10
1492 5
1508 13
1514 7
1522 1
1530 11
1538 2
1544 5
1546 4
1552 6
1556 6
1568 1
1570 9
1576 4
1586 9
1588 4
1594 7
1600 12
1602 5
1604 4
1616 2
1618 6
1620 5
1636 6
1640 6
1642 3
1658 4
1664 2
1666 4
1682 4
1684 8
1690 11
1696 7
1700 12
1706 1
1714 6
1730 10
1732 5
1744 4
1746 2
1754 4
1762 2
1764 3
1768 6
1780 8
1796 2
1800 3
1802 9
1808 3
1810 14
1818 5
1828 3
1832 1
1844 3
1850 11
1856 5
1858 6
1864 2
1872 2
1874 3
1898 7
1906 6
1908 1
1922 2
1924 7
1928 3
1930 10
1936 5
1940 9
1952 4
1954 2
1960 3
1962 2
1970 9
1972 5
1994 7
2000 3
2018 3
2020 3
2026 3
2034 3
2036 6
2042 2
2048 2
2050 13
2056 6
2066 1
2074 8
2080 6
2084 4
2088 4
2098 1
2106 2
2116 4
2120 7
2122 2
2132 4
2138 2
2146 6
2152 5
2164 1
2176 1
2178 1
2180 12
2186 3
2192 1
2194 2
2196 5
2210 13
2216 3
2218 3
2228 1
2234 1
2248 3
2250 4
2258 5
2260 6
2276 4
2290 6
2306 5
2308 1
2312 3
2314 7
2320 9
2330 5
2336 3
2340 2
2344 5
2362 1
2368 2
2372 2
2378 8
2384 1
2386 2
2402 5
2404 1
2410 11
2420 1
2426 1
2434 3
2440 13
2448 1
2450 1
2452 5
2466 1
2468 2
2474 1
2482 10
2498 3
2500 7
2504 1
2512 2
2516 4
2522 7
2536 3
2548 2
2554 2
2564 1
2570 5
2578 2
2594 1
2600 7
2602 5
2610 3
2612 3
2624 2
2626 3
2628 3
2642 2
2644 1
2650 6
2664 5
2682 2
2690 3
2692 1
2696 3
2704 1
2708 3
2720 4
2722 6
2738 2
2740 4
2754 2
2756 4
2762 1
2768 2
2770 4
2788 4
2792 1
2804 2
2810 3
2818 3
2826 2
2834 2
2836 5
2842 1
2848 2
2858 1
2866 4
2880 4
2888 2
2890 8
2896 2
2900 4
2906 1
2920 3
2930 8
2932 5
2938 1
2960 2
2980 6
2986 2
3016 1
3026 5
3034 1
3042 2
3044 2
3050 5
3060 5
3076 4
3088 5
3098 2
3104 3
3112 1
3114 2
3130 7
3140 2
3152 2
3170 6
3172 2
3176 3
3188 1
3194 1
3200 2
3202 2
3204 3
3226 2
3232 1
3236 1
3240 1
3242 1
3250 9
3258 1
3272 1
3280 2
3284 1
3316 1
3328 2
3330 2
3332 2
3362 2
3364 2
3368 2
3370 1
3380 4
3386 1
3392 3
3400 5
3412 1
3418 3
3428 2
3434 1
3442 1
3464 2
3466 2
3474 2
3488 2
3506 1
3524 3
3528 1
3530 1
3536 1
3538 2
3554 2
3560 4
3562 1
3578 1
3592 2
3600 1
3604 3
3610 2
3616 1
3620 3
3626 2
3650 4
3688 2
3690 2
3698 1
3700 3
3706 2
3712 1
3728 2
3730 2
3746 2
3748 1
3770 2
3778 2
3796 2
3802 2
3812 2
3848 2
3856 1
3860 2
3866 1
3880 1
3890 2
3898 1
3904 1
3908 3
3946 1
3978 2
3986 2
4010 1
4052 1
4082 2
4090 1
4100 5
4114 1
4138 1
4148 1
4160 1
4176 1
4194 2
4196 1
4210 2
4212 1
4226 1
4234 1
4240 5
4244 1
4250 1
4258 1
4264 1
4282 1
4292 3
4306 2
4330 1
4346 1
4360 1
4420 1
4442 1
4450 3
4474 1
4490 2
4498 1
4520 1
4570 1
4580 1
4610 1
4612 1
4660 3
4666 1
4672 1
4682 2
4698 1
4714 1
4804 1
4810 5
4840 2
4850 1
4900 1
4916 1
4930 1
4932 2
4936 1
4954 1
4964 1
5000 1
5002 1
5008 1
5024 1
5032 1
5050 1
5090 1
5096 1
5114 1
5120 1
5140 1
5156 1
5162 1
5188 2
5210 1
5220 1
5224 1
5300 1
5328 1
5408 1
5410 1
5444 1
5450 1
5476 2
5492 1
5506 1
5536 1
5570 1
5576 1
5594 1
5602 2
5608 1
5626 1
5666 1
5672 1
5674 1
5684 1
5716 1
5746 2
5792 2
5840 1
5850 1
5858 1
5914 1
5954 1
5978 1
5986 1
6058 1
6068 1
6120 2
6274 1
6338 1
6352 1
6354 1
6408 1
6418 1
6500 1
6506 1
6554 2
6562 1
6570 2
6610 1
6884 1
6922 1
6970 2
6976 1
7012 1
7018 1
7076 1
7250 1
7376 1
7844 1
7892 1
7922 1
8020 1
8104 1
8114 1
8180 1
8186 1
8194 1
8200 1
8266 1
8282 1
8354 1
8676 1
8818 1
9090 1
9594 1
9684 1
10522 1
10690 1
10888 1
11930 1
13546 1
15002 1
