N J h mean_R_sq err_mean_R_sq mean_R_gyr_sq err_mean_R_gyr_sq 
900 1.356 0 3200.98 130.888 578.603 10.7889
17 1
25 1
29 1
41 3
45 1
49 1
65 1
73 1
81 1
85 1
101 2
109 1
113 3
117 1
125 2
137 1
145 2
149 1
153 1
169 3
173 1
205 1
221 2
225 3
229 3
233 1
241 2
245 1
265 3
269 1
289 1
293 1
305 1
317 1
333 1
349 1
353 1
361 1
365 2
369 1
373 2
377 1
389 1
397 2
401 1
409 3
421 2
425 1
433 4
441 1
449 1
457 1
477 1
481 2
485 3
493 1
509 1
521 3
529 4
533 2
541 1
545 1
549 2
569 2
577 2
585 1
593 2
601 1
613 1
625 1
629 1
637 2
641 4
653 1
673 1
685 2
709 1
725 1
729 1
745 3
757 2
761 2
765 1
769 1
773 1
785 3
793 3
821 1
829 2
833 1
841 1
853 3
857 1
865 1
881 1
901 1
905 2
925 1
949 1
961 1
965 1
977 1
981 1
997 1
1017 1
1021 1
1025 2
1033 1
1037 1
1061 1
1073 1
1097 1
1105 4
1117 1
1125 1
1129 1
1145 2
1153 1
1157 1
1165 4
1189 2
1193 1
1213 2
1217 1
1233 1
1241 2
1261 2
1285 1
1289 2
1301 1
1305 1
1313 4
1321 1
1325 4
1341 1
1345 2
1361 2
1377 2
1381 1
1405 4
1409 2
1413 1
1433 2
1445 5
1453 1
1465 1
1469 1
1489 1
1493 1
1513 3
1525 3
1537 2
1557 3
1573 2
1585 1
1597 1
1613 3
1625 3
1637 3
1649 2
1657 1
1665 1
1669 1
1681 1
1685 1
1697 2
1709 1
1717 2
1737 1
1745 1
1753 1
1765 2
1769 1
1777 1
1781 1
1789 2
1805 1
1825 1
1845 2
1853 3
1865 1
1885 4
1889 2
1901 1
1945 2
1949 1
1961 1
1973 1
1985 1
1989 1
1993 1
2005 2
2017 1
2041 3
2053 1
2069 1
2097 1
2105 1
2125 2
2141 1
2153 1
2165 2
2169 1
2173 1
2197 2
2213 1
2221 1
2225 1
2245 3
2249 3
2257 1
2273 1
2305 3
2313 1
2329 1
2333 1
2341 1
2349 1
2353 1
2377 1
2385 2
2405 2
2421 1
2425 2
2437 1
2473 1
2477 1
2493 1
2501 1
2509 3
2525 3
2529 3
2545 1
2549 1
2561 2
2601 2
2605 1
2609 2
2617 1
2637 1
2665 3
2669 2
2677 1
2693 1
2705 2
2713 1
2725 4
2729 1
2753 2
2785 1
2801 2
2817 1
2845 2
2857 1
2861 1
2873 3
2897 1
2929 1
2941 2
2977 1
2997 1
3001 1
3005 1
3025 1
3037 1
3089 1
3121 1
3125 1
3133 2
3141 2
3161 1
3169 1
3205 1
3229 1
3249 1
3253 1
3265 1
3281 1
3305 1
3321 1
3341 1
3349 1
3361 1
3385 2
3393 1
3413 1
3445 1
3469 2
3485 2
3529 1
3545 2
3577 1
3581 1
3589 1
3593 1
3617 1
3625 1
3637 1
3649 2
3653 2
3665 2
3673 1
3709 1
3721 1
3733 1
3737 1
3785 3
3805 1
3825 2
3853 1
3865 1
3869 1
3897 1
3925 1
3929 2
3961 2
3965 1
3973 1
4021 1
4033 2
4057 1
4069 2
4097 1
4105 1
4165 1
4177 1
4181 1
4205 4
4217 1
4265 1
4285 1
4289 1
4297 2
4325 1
4337 1
4349 1
4357 1
4361 1
4369 1
4381 2
4385 2
4397 1
4405 1
4469 1
4489 1
4505 1
4525 1
4545 1
4561 1
4573 1
4625 2
4637 1
4645 1
4657 1
4705 2
4709 2
4745 2
4777 1
4789 1
4825 1
4849 1
4861 1
4869 1
4877 1
4901 2
4909 1
4913 1
4933 1
4961 1
4985 1
5017 1
5065 1
5081 1
5121 1
5125 2
5141 1
5161 1
5165 1
5185 3
5233 1
5237 1
5245 1
5281 1
5305 2
5329 2
5353 1
5365 1
5413 2
5437 1
5445 1
5465 1
5473 1
5485 1
5525 4
5569 1
5597 2
5641 2
5661 1
5713 1
5725 2
5729 1
5733 1
5777 1
5825 1
5917 1
5933 2
5941 1
5945 2
5965 2
5989 2
6001 1
6085 1
6121 1
6205 1
6217 1
6221 1
6269 1
6273 1
6305 2
6373 1
6421 1
6445 1
6577 1
6625 1
6673 1
6725 1
6761 2
6773 1
6817 1
6849 2
6889 1
7085 1
7237 1
7325 1
7445 1
7481 1
7625 2
7753 1
7757 1
7865 1
7873 1
7893 1
7913 1
7969 1
8125 1
8149 1
8209 1
8245 1
8321 1
8405 2
8469 1
8621 2
8629 1
8725 2
8765 1
8801 1
8865 1
8893 1
8945 1
9089 1
9125 1
9189 1
9225 2
9425 1
9649 1
9781 1
9945 1
9965 1
10069 1
10145 1
10217 1
10361 1
10517 1
10525 1
10565 1
10709 1
10753 1
10777 1
10809 1
10897 1
11285 1
11465 1
11969 1
12097 1
12269 1
12325 1
12469 1
12997 1
13025 1
13325 1
13481 1
13817 1
14157 1
15205 1
15541 1
15929 1
17893 1
