N J h mean_R_sq err_mean_R_sq mean_R_gyr_sq err_mean_R_gyr_sq 
1600 1.425 0 1690.79 42.3658 455.112 2.88915
1 6
5 9
9 6
13 6
17 13
25 24
29 15
37 17
41 17
45 13
49 5
53 7
61 18
65 29
73 12
81 6
85 24
89 10
97 6
101 16
109 17
113 17
117 11
121 8
125 35
137 9
145 31
149 12
153 14
157 15
169 22
173 15
181 17
185 19
193 17
197 20
205 27
221 25
225 18
229 11
233 14
241 15
245 14
257 9
261 16
265 28
269 11
277 13
281 9
289 19
293 14
305 29
313 9
317 20
325 38
333 8
337 24
349 12
353 11
361 8
365 28
369 12
373 12
377 28
389 11
397 15
401 8
405 4
409 15
421 9
425 43
433 13
441 9
445 19
449 10
457 13
461 19
477 9
481 15
485 28
493 28
505 31
509 15
521 13
529 12
533 23
541 10
545 27
549 16
557 19
565 18
569 11
577 17
585 37
593 14
601 8
605 11
613 11
617 12
625 26
629 26
637 22
641 8
653 7
657 7
661 8
673 15
677 8
685 30
689 23
697 29
701 12
709 10
725 37
729 6
733 12
745 14
757 7
761 9
765 22
769 10
773 16
785 16
793 22
797 5
801 14
809 10
821 13
829 16
833 4
841 14
845 35
853 7
857 16
865 27
873 11
877 12
881 9
901 22
905 25
909 11
925 27
929 17
937 9
941 12
949 19
953 13
961 3
965 20
977 18
981 12
985 18
997 11
1009 8
1013 11
1017 8
1021 8
1025 29
1033 6
1037 18
1049 9
1053 7
1061 5
1069 9
1073 19
1089 5
1093 12
1097 7
1105 40
1109 8
1117 9
1125 20
1129 12
1145 25
1153 5
1157 11
1165 23
1181 11
1189 19
1193 9
1201 7
1205 18
1213 14
1217 10
1225 11
1229 8
1233 14
1237 8
1241 21
1249 6
1261 19
1277 12
1285 23
1289 14
1297 6
1301 6
1305 25
1313 17
1321 9
1325 14
1341 5
1345 20
1361 6
1369 8
1373 6
1377 13
1381 1
1385 20
1405 22
1409 7
1413 7
1417 16
1421 9
1429 10
1433 8
1445 23
1453 9
1465 10
1469 20
1481 7
1489 8
1493 4
1513 13
1517 16
1521 8
1525 20
1537 18
1549 4
1553 5
1557 6
1565 15
1573 8
1585 9
1597 7
1601 7
1609 9
1613 8
1621 7
1625 24
1629 9
1637 5
1649 22
1657 4
1665 18
1669 8
1681 13
1685 10
1693 6
1697 3
1709 10
1717 10
1721 8
1733 10
1737 7
1741 7
1745 21
1753 8
1765 16
1769 17
1773 7
1777 3
1781 15
1789 11
1801 7
1805 5
1813 4
1825 14
1845 16
1849 3
1853 16
1861 5
1865 18
1873 4
1877 4
1885 18
1889 5
1901 2
1913 10
1921 12
1933 3
1937 9
1945 14
1949 4
1961 7
1973 3
1985 17
1989 10
1993 5
1997 5
2005 10
2009 7
2017 5
2025 11
2029 8
2041 21
2045 8
2053 5
2057 3
2061 6
2069 1
2081 6
2089 10
2097 5
2105 10
2113 8
2117 11
2125 23
2129 4
2137 4
2141 8
2153 6
2161 4
2165 13
2169 4
2173 15
2197 13
2205 6
2209 2
2213 3
2221 1
2225 16
2237 6
2245 8
2249 14
2257 11
2269 5
2273 3
2281 2
2285 7
2293 4
2297 7
2305 4
2309 5
2313 6
2329 9
2333 7
2341 6
2349 7
2353 9
2357 3
2377 5
2381 6
2385 9
2389 4
2393 3
2401 2
2405 19
2421 4
2425 9
2437 7
2441 2
2465 18
2473 1
2477 4
2493 5
2501 17
2509 7
2521 6
2525 16
2529 4
2533 11
2545 12
2549 3
2557 4
2561 7
2581 6
2593 4
2597 6
2601 6
2605 7
2609 4
2617 1
2621 8
2633 4
2637 6
2645 3
2657 3
2665 14
2669 5
2677 2
2689 2
2693 2
2701 7
2705 8
2713 6
2725 8
2729 4
2741 2
2745 1
2749 5
2753 6
2785 8
2789 1
2797 7
2801 2
2809 7
2813 11
2817 1
2825 15
2833 3
2837 3
2845 9
2853 1
2857 3
2861 2
2873 9
2885 7
2897 4
2909 2
2917 2
2925 8
2929 8
2941 3
2953 1
2957 7
2965 3
2969 3
2977 6
2989 7
2993 11
2997 8
3001 2
3005 10
3025 3
3029 3
3033 3
3037 2
3049 5
3061 1
3065 7
3077 9
3085 4
3089 1
3109 1
3121 4
3125 4
3133 2
3137 1
3141 6
3145 11
3161 2
3169 3
3177 5
3181 3
3185 7
3205 4
3209 3
3217 3
3221 2
3229 3
3233 4
3249 2
3253 2
3257 3
3265 8
3277 8
3281 6
3285 3
3293 7
3301 2
3305 3
3313 2
3321 3
3341 9
3349 6
3357 6
3361 2
3365 11
3385 3
3389 3
3393 6
3413 1
3425 5
3433 1
3445 7
3449 4
3457 1
3461 3
3469 3
3481 1
3485 13
3497 6
3501 2
3505 5
3509 3
3517 2
3533 2
3541 4
3545 8
3557 3
3573 2
3577 3
3581 3
3589 2
3601 4
3613 1
3617 3
3625 7
3637 2
3645 3
3649 3
3653 2
3665 2
3673 2
3677 1
3681 1
3697 1
3701 2
3721 1
3725 7
3733 5
3737 5
3757 9
3761 3
3769 1
3785 3
3789 6
3797 1
3805 6
3809 4
3821 5
3825 4
3833 2
3845 4
3853 1
3865 2
3869 4
3877 3
3881 3
3889 3
3893 3
3897 2
3917 4
3925 2
3929 1
3961 3
3965 10
3973 4
3977 1
3985 2
3989 3
4001 1
4005 2
4013 1
4021 1
4033 2
4045 2
4049 1
4057 2
4069 5
4073 1
4093 1
4097 3
4105 3
4113 5
4121 3
4129 3
4133 3
4141 6
4145 3
4149 1
4153 1
4157 3
4165 3
4181 1
4205 3
4217 1
4225 7
4229 1
4241 2
4253 1
4261 3
4265 1
4273 3
4293 3
4297 1
4321 2
4325 2
4329 2
4337 1
4365 1
4369 4
4373 3
4381 1
4385 4
4405 2
4421 1
4437 8
4453 2
4457 2
4477 1
4481 3
4489 1
4493 2
4505 2
4517 1
4525 4
4537 4
4545 3
4553 3
4561 1
4573 2
4589 5
4621 1
4625 2
4633 4
4637 1
4645 6
4673 1
4685 1
4689 1
4705 2
4709 5
4717 1
4721 1
4733 2
4745 4
4761 2
4765 1
4777 3
4793 1
4797 1
4805 1
4813 1
4817 4
4877 1
4885 1
4889 2
4901 1
4905 2
4925 2
4933 1
4937 1
4949 1
4961 2
4969 2
4985 2
5009 1
5013 2
5017 1
5057 1
5081 1
5085 2
5113 2
5125 3
5141 2
5153 3
5165 1
5185 4
5197 1
5213 1
5233 1
5245 2
5261 2
5265 1
5273 2
5281 1
5297 1
5305 1
5333 2
5337 2
5341 1
5345 2
5353 1
5365 3
5409 2
5413 1
5417 1
5429 2
5445 2
5465 1
5473 1
5485 1
5501 1
5513 2
5517 2
5525 3
5553 1
5557 1
5597 1
5625 4
5629 1
5641 1
5657 1
5661 1
5713 1
5717 1
5729 1
5741 1
5749 2
5785 4
5825 3
5837 2
5857 2
5869 2
5897 1
5941 1
5945 2
5949 1
5965 2
5981 2
5989 1
6001 1
6025 1
6029 1
6057 1
6073 1
6085 1
6089 1
6093 1
6109 1
6113 1
6125 2
6133 1
6161 1
6185 3
6201 1
6205 1
6217 1
6273 1
6305 1
6309 1
6337 1
6341 1
6361 1
6373 2
6381 1
6409 1
6425 1
6437 1
6481 3
6505 1
6521 1
6553 1
6565 1
6569 2
6577 1
6581 1
6605 2
6613 2
6617 1
6625 1
6649 1
6653 1
6697 1
6725 3
6749 1
6773 1
6845 2
6849 1
6857 1
6865 2
6869 1
6885 2
6889 1
6893 1
6921 1
6925 1
7025 1
7065 1
7069 1
7081 1
7105 2
7141 1
7165 2
7177 1
7225 1
7241 1
7253 1
7265 1
7361 3
7369 1
7453 1
7481 1
7497 1
7537 1
7585 1
7677 1
7681 1
7769 1
7785 1
7817 1
7873 1
7921 1
7969 1
7985 1
8081 1
8089 1
8209 1
8285 1
8325 1
8353 1
8381 1
8389 1
8541 1
8581 1
8621 1
8705 1
8765 1
9029 2
9081 2
9113 1
9125 1
9133 1
9217 1
9425 2
9469 1
9509 1
9565 1
9945 1
10225 1
10285 1
10397 1
10421 1
10789 1
10865 1
11029 1
11141 1
11365 1
11581 1
11809 1
13229 1
13573 1
15461 1
