N J h mean_R_sq err_mean_R_sq mean_R_gyr_sq err_mean_R_gyr_sq 
1225 1.317 0 7910.25 76.38 1225.64 8.59221
0 50
1 87
2 92
3 88
4 87
5 86
6 106
7 86
8 71
9 79
10 82
11 88
12 93
13 79
14 92
15 80
16 91
17 77
18 90
19 92
20 92
21 91
22 88
23 89
24 90
25 100
26 82
27 72
28 75
29 78
30 79
31 85
32 76
33 82
34 76
35 85
36 84
37 76
38 80
39 77
40 83
41 80
42 83
43 86
44 87
45 79
46 76
47 75
48 67
49 80
50 76
51 69
52 66
53 75
54 70
55 79
56 59
57 66
58 72
59 81
60 71
61 56
62 71
63 66
64 63
65 62
66 59
67 60
68 72
69 56
70 49
71 68
72 54
73 58
74 58
75 74
76 53
77 49
78 59
79 60
80 52
81 47
82 54
83 49
84 48
85 47
86 54
87 38
88 42
89 45
90 43
91 43
92 36
93 33
94 39
95 52
96 37
97 31
98 42
99 30
100 42
101 27
102 29
103 24
104 25
105 33
106 24
107 32
108 35
109 20
110 26
111 29
112 35
113 27
114 22
115 17
116 14
117 15
118 14
119 14
120 12
121 11
122 12
123 19
124 15
125 14
126 10
127 11
128 13
129 11
130 8
131 11
132 11
133 17
134 7
135 7
136 10
137 6
138 10
139 3
140 2
141 8
142 5
143 12
144 9
145 7
146 6
147 9
148 9
149 2
150 2
151 6
152 1
153 4
154 5
155 2
156 3
157 6
158 5
159 1
160 3
161 2
162 1
163 3
164 1
165 3
169 2
171 5
174 1
175 2
176 1
177 2
178 1
186 1
195 1
201 1
206 1
