N J h mean_R_sq err_mean_R_sq mean_R_gyr_sq err_mean_R_gyr_sq 
900 1.4 0 1662.04 35.0944 348.604 3.17763
0 32
1 58
2 74
3 65
4 65
5 51
6 69
7 59
8 56
9 71
10 80
11 68
12 60
13 64
14 58
15 47
16 71
17 55
18 68
19 62
20 54
21 39
22 54
23 60
24 62
25 42
26 32
27 40
28 57
29 42
30 41
31 36
32 39
33 35
34 49
35 24
36 41
37 26
38 22
39 31
40 29
41 28
42 30
43 22
44 22
45 27
46 23
47 20
48 16
49 22
50 18
51 16
52 13
53 16
54 12
55 6
56 9
57 8
58 15
59 6
60 3
61 10
62 5
63 3
64 6
65 3
66 4
67 4
68 4
70 4
71 3
72 4
73 4
74 2
75 4
76 2
77 1
78 1
79 2
80 3
82 3
87 3
88 1
96 1
110 1
115 1
