N J h mean_R_sq err_mean_R_sq mean_R_gyr_sq err_mean_R_gyr_sq 
1225 1.429 0 1343.72 27.0355 351.636 2.37329
0 44
1 72
2 96
3 65
4 89
5 71
6 73
7 90
8 87
9 86
10 90
11 78
12 96
13 70
14 62
15 78
16 79
17 90
18 79
19 62
20 63
21 79
22 58
23 57
24 66
25 70
26 62
27 51
28 36
29 56
30 53
31 46
32 47
33 32
34 39
35 30
36 39
37 43
38 41
39 24
40 25
41 23
42 22
43 26
44 29
45 25
46 17
47 6
48 14
49 9
50 9
51 19
52 8
53 8
54 9
55 5
56 5
57 4
58 11
59 10
60 5
61 8
62 6
63 11
64 1
65 6
66 1
67 1
68 3
69 4
70 2
72 2
73 3
76 2
78 1
79 2
82 1
83 2
84 3
86 1
89 1
