N J h mean_R_sq err_mean_R_sq mean_R_gyr_sq err_mean_R_gyr_sq 
4900 1.433 0 3530.61 116.051 1173.32 13.3853
0 69
1 164
2 156
3 142
4 144
5 162
6 144
7 162
8 142
9 161
10 158
11 152
12 161
13 150
14 156
15 145
16 144
17 130
18 163
19 145
20 143
21 146
22 124
23 144
24 142
25 139
26 153
27 134
28 127
29 121
30 126
31 143
32 123
33 129
34 137
35 116
36 129
37 135
38 119
39 98
40 119
41 131
42 113
43 120
44 90
45 112
46 104
47 103
48 114
49 92
50 86
51 92
52 71
53 61
54 80
55 73
56 76
57 76
58 68
59 63
60 52
61 45
62 69
63 53
64 57
65 49
66 52
67 56
68 33
69 44
70 43
71 37
72 35
73 39
74 28
75 39
76 32
77 26
78 29
79 33
80 20
81 22
82 25
83 16
84 19
85 21
86 22
87 13
88 22
89 10
90 11
91 14
92 16
93 17
94 10
95 13
96 6
97 10
98 6
99 15
100 5
101 14
102 5
103 10
104 9
105 5
106 8
107 6
108 2
109 5
110 5
111 4
112 3
113 4
114 5
115 3
116 2
117 1
118 1
119 3
120 3
122 2
123 1
124 1
126 1
129 1
130 1
131 1
138 1
140 2
185 1
202 1
387 1
789 1
