N J h mean_R_sq err_mean_R_sq mean_R_gyr_sq err_mean_R_gyr_sq 
4900 1.39 0 8660.53 1544.88 1981.69 200.495
0 39
1 75
2 80
3 86
4 104
5 77
6 96
7 96
8 88
9 73
10 69
11 78
12 85
13 81
14 82
15 74
16 99
17 98
18 74
19 85
20 91
21 94
22 81
23 75
24 81
25 76
26 81
27 70
28 84
29 86
30 79
31 77
32 81
33 87
34 72
35 69
36 90
37 67
38 83
39 66
40 64
41 61
42 64
43 79
44 68
45 74
46 64
47 56
48 74
49 64
50 58
51 70
52 64
53 83
54 57
55 51
56 60
57 67
58 53
59 71
60 60
61 42
62 59
63 53
64 47
65 50
66 50
67 44
68 42
69 56
70 38
71 70
72 50
73 44
74 51
75 41
76 47
77 44
78 36
79 34
80 44
81 43
82 34
83 40
84 37
85 37
86 31
87 34
88 48
89 39
90 25
91 35
92 33
93 29
94 26
95 23
96 26
97 24
98 30
99 25
100 16
101 18
102 24
103 23
104 20
105 20
106 15
107 11
108 13
109 11
110 16
111 13
112 13
113 15
114 15
115 16
116 14
117 15
118 18
119 13
120 15
121 13
122 6
123 8
124 13
125 9
126 11
127 5
128 7
129 4
130 10
131 6
132 2
133 11
134 9
135 12
136 7
137 10
138 8
139 3
140 4
141 8
142 5
143 6
144 8
145 2
146 5
147 6
148 2
149 3
150 6
151 4
152 8
153 7
154 2
155 4
157 3
158 4
159 2
160 4
161 5
162 2
163 2
164 4
165 1
166 4
167 4
168 3
169 2
171 1
172 3
175 1
176 1
177 1
178 3
181 1
184 2
185 1
186 1
188 1
191 1
195 1
200 2
202 1
206 3
207 1
210 1
223 1
242 1
256 1
260 1
324 1
377 1
423 1
758 1
1249 1
1352 2
1393 1
1431 1
