N J h mean_R_sq err_mean_R_sq mean_R_gyr_sq err_mean_R_gyr_sq 
10000 1.421 0 3.46087e+06 1.46453e+06 443331 184628
1 1
5 2
7 1
10 1
11 3
12 2
15 1
18 2
22 1
32 1
34 4
35 1
42 1
45 2
49 1
51 1
55 1
56 1
58 1
61 1
63 2
69 1
72 1
76 1
78 1
79 1
80 1
81 2
83 1
86 2
96 1
144 1
239 1
329 1
1271 1
1585 1
1750 1
2062 1
2064 1
2072 2
2077 1
2086 2
2092 1
2103 3
2106 1
2107 2
2113 1
2115 1
2117 2
2118 1
2119 1
2122 1
2123 2
2124 1
2126 1
2129 1
2133 1
2136 1
2170 1
2175 1
2184 1
2679 1
2925 1
3121 1
3122 1
3136 1
3137 1
3156 1
3165 1
3166 2
3173 1
3176 1
3180 1
3184 2
3188 1
3190 1
3192 1
3203 1
