N J h mean_R_sq err_mean_R_sq mean_R_gyr_sq err_mean_R_gyr_sq 
8100 1.376 0 678560 521096 96157.9 67663.5
1 1
2 2
4 1
6 1
7 3
8 1
9 1
10 6
11 1
12 3
13 1
14 3
15 1
16 1
17 2
18 2
19 3
21 1
22 6
23 1
24 1
25 4
26 2
27 1
28 1
29 2
30 3
31 2
32 3
33 1
34 4
35 2
37 2
38 3
39 4
40 2
41 3
42 1
43 1
44 1
45 2
46 1
47 2
49 1
50 1
51 2
52 4
53 5
54 2
55 2
56 2
57 4
58 1
59 2
60 3
61 2
62 4
64 1
65 2
67 4
68 1
69 2
70 1
71 2
72 6
73 3
74 4
75 5
76 3
77 8
78 5
79 4
80 7
81 9
82 1
83 4
84 1
85 6
86 5
87 6
88 2
89 4
90 7
91 8
92 5
93 4
94 4
95 3
96 7
97 6
98 11
99 5
100 4
101 3
102 10
103 4
104 6
105 4
106 11
107 6
108 2
109 8
110 7
111 3
112 4
113 3
114 6
115 8
116 3
117 10
118 11
119 5
120 6
121 7
122 8
123 8
124 8
125 6
126 8
127 6
128 7
129 12
130 12
131 9
132 11
133 5
134 8
135 6
136 11
137 7
138 7
139 4
140 5
141 7
142 6
143 4
144 9
145 3
146 2
147 5
148 9
149 6
150 8
151 3
152 3
153 7
154 5
155 6
156 11
157 5
158 3
159 2
160 6
161 6
162 5
163 3
164 6
165 5
166 5
167 6
168 5
169 3
170 1
171 6
172 10
173 1
174 4
175 7
176 5
177 2
178 5
179 5
180 2
181 5
182 10
183 4
184 3
185 5
186 5
187 2
188 2
189 7
190 5
191 4
192 5
193 3
194 5
195 7
196 9
197 5
198 6
199 5
200 4
201 1
202 8
203 9
204 4
205 6
206 5
207 7
208 5
209 5
210 8
211 6
212 3
213 7
214 4
215 6
216 2
217 8
218 2
219 9
220 6
221 3
222 4
223 3
224 1
225 11
226 6
227 1
228 5
229 6
230 3
231 4
232 9
233 4
234 6
235 4
236 13
237 6
238 7
239 2
240 3
241 6
242 7
243 1
245 7
246 4
247 6
248 4
249 6
250 6
251 7
252 4
253 4
254 2
255 5
256 3
257 4
258 5
259 6
260 3
261 4
262 4
263 3
264 6
265 10
266 2
267 8
268 2
269 6
270 6
271 6
272 2
273 8
274 4
275 1
276 5
277 4
278 6
279 1
280 4
281 3
282 5
283 2
284 6
285 7
286 7
287 6
288 7
289 2
290 5
291 7
292 7
293 6
294 11
295 5
296 8
297 4
299 8
300 5
301 3
302 4
303 7
304 8
305 8
306 13
307 5
308 9
309 5
310 12
311 7
312 8
313 7
314 3
315 7
316 10
317 5
318 5
319 3
320 8
321 6
322 5
323 4
324 5
325 10
326 9
327 6
328 6
329 5
330 5
331 6
332 9
333 9
334 12
335 6
336 10
337 7
338 5
339 5
340 8
341 4
342 7
343 13
344 7
345 8
346 8
347 12
348 9
349 5
350 6
351 9
352 8
353 8
354 10
355 10
356 11
357 8
358 13
359 6
360 6
361 7
362 6
363 7
364 7
365 5
366 8
367 9
368 1
369 7
370 4
371 3
372 4
373 5
374 7
375 6
376 2
377 6
378 5
379 6
380 6
381 5
382 2
383 3
384 5
385 4
386 4
387 1
388 2
389 4
390 5
391 7
392 11
393 2
394 4
395 6
396 1
397 2
398 3
399 8
400 3
401 5
402 2
403 5
404 3
405 1
407 4
408 8
409 2
410 2
411 1
412 5
413 8
414 3
415 4
416 3
417 3
418 3
419 4
420 1
421 1
422 2
423 6
424 6
425 4
427 1
428 2
429 1
430 2
431 3
432 2
433 6
434 2
435 1
436 1
437 1
439 1
440 1
441 2
443 1
445 1
447 2
448 2
449 1
450 1
451 1
452 2
453 3
454 3
455 2
456 1
457 2
458 1
459 3
460 2
462 3
463 1
464 4
466 1
467 3
468 1
471 1
472 2
473 2
475 2
476 1
477 1
478 1
479 2
480 2
481 2
482 1
483 1
484 1
486 1
487 2
488 3
490 5
491 3
492 1
494 4
495 3
496 2
497 2
498 1
499 1
500 1
502 2
505 2
506 2
508 1
509 1
511 3
513 1
514 4
515 1
516 1
517 1
518 2
519 4
520 1
522 2
523 1
525 2
526 1
527 1
528 2
529 1
531 2
532 1
533 1
534 1
536 1
540 1
542 1
543 2
544 2
546 1
548 1
549 1
554 1
556 2
559 1
562 1
568 2
570 1
572 1
573 1
574 1
577 2
578 1
579 2
581 1
583 2
585 1
586 2
587 1
588 1
589 1
591 1
592 1
593 1
596 1
597 1
598 1
601 1
604 1
605 1
607 1
608 1
615 3
617 2
620 2
621 1
622 1
624 2
626 1
629 4
630 3
633 2
634 1
635 3
636 3
637 3
638 2
639 2
641 2
643 2
644 3
645 2
646 1
647 1
648 1
649 7
651 1
652 5
653 2
654 5
655 2
656 3
657 4
658 2
659 2
660 2
661 1
663 1
665 3
666 1
667 1
668 5
669 3
670 3
671 2
674 1
676 1
681 1
682 1
683 1
685 2
686 1
687 1
689 2
692 1
699 1
753 1
817 1
818 1
824 1
855 1
866 1
936 1
968 1
970 2
984 2
988 1
1002 1
1017 1
1024 1
1025 1
1026 1
1042 1
1055 1
1057 1
1068 1
1070 1
1071 1
1072 1
1075 1
1078 2
1085 1
1087 3
1090 1
1091 1
1092 1
1094 1
1095 1
1096 2
1097 3
1099 1
1100 2
1103 1
1104 3
1105 1
1106 2
1108 2
1113 2
1114 1
1117 2
1118 1
1121 1
1122 2
1123 1
1129 3
1133 2
1137 1
1138 1
1139 1
1140 2
1141 1
1142 3
1143 2
1145 1
1148 1
1150 1
1151 2
1153 2
1155 1
1156 2
1161 1
1169 1
1172 2
1174 1
1178 1
1181 1
1183 1
1184 1
1185 3
1187 1
1196 1
1201 1
1202 1
1203 1
1208 2
1210 2
1212 1
1214 2
1216 1
1221 1
1226 3
1230 1
1231 1
1232 1
1234 1
1235 2
1239 1
1241 1
1243 1
1244 1
1245 1
1246 3
1247 1
1257 2
1258 1
1259 1
1266 1
1267 1
1268 1
1277 1
1282 1
1284 1
1285 1
1295 1
1301 1
1306 1
1309 1
1365 1
1375 1
1391 1
1399 1
1419 1
1426 1
1433 1
1582 1
1590 1
1595 1
1625 2
1626 1
1629 1
1632 1
1641 1
1645 1
1647 1
1684 1
1706 1
1721 1
1734 1
1743 1
1747 1
1751 1
1753 1
1759 1
1785 1
1860 1
1896 1
1913 1
2043 1
2057 1
2073 1
2179 1
2186 1
2187 2
2197 2
2198 1
2199 1
2204 1
2206 1
2207 1
2208 1
2210 2
2211 1
2215 1
2219 3
2221 3
2223 1
2225 1
2226 1
2227 2
2228 2
2230 2
2232 2
2237 1
2239 1
2240 1
2241 2
2242 2
2243 3
2245 2
2246 3
2247 1
2248 2
2249 3
2250 2
2253 1
2254 1
2255 4
2256 1
2257 3
2258 3
2259 2
2260 2
2262 1
2264 4
2265 1
2266 2
2268 1
2270 1
2272 1
2276 3
2277 3
2279 1
2281 4
2282 2
2283 2
2284 2
2285 2
2286 1
2287 1
2290 3
2291 1
2297 1
2298 1
2302 1
2303 1
2304 1
2305 1
2306 1
2307 1
2309 2
2310 2
2313 1
2315 1
2318 1
2319 1
2326 2
2333 2
2336 1
2339 1
2344 1
2348 1
2356 2
2478 1
2485 1
2489 1
2491 1
2496 1
2497 1
2506 2
2508 1
2510 2
2512 1
2514 2
2516 1
2518 1
2520 1
2521 2
2524 1
2525 1
2526 1
2527 1
2528 1
2529 2
2530 1
2531 1
2535 1
2541 1
2542 1
2543 1
2546 1
2548 2
2553 1
2554 1
2561 1
2563 1
2567 1
2569 1
2570 1
2571 1
2572 1
2573 1
2578 1
2580 1
2582 1
2586 1
2587 1
2593 1
2596 1
2611 1
2621 1
2630 1
2632 1
2643 1
2671 1
2686 1
2691 1
2701 1
2704 1
2706 1
2711 1
2718 1
2725 1
2727 1
2738 1
2740 1
2758 1
2762 2
2811 1
3017 1
3116 1
