N J h mean_R_sq err_mean_R_sq mean_R_gyr_sq err_mean_R_gyr_sq 
2500 1.413 0 2797.43 66.6077 749.718 7.72026
0 100
1 185
2 188
3 173
4 180
5 164
6 214
7 175
8 183
9 170
10 168
11 181
12 215
13 178
14 180
15 155
16 172
17 176
18 178
19 178
20 166
21 165
22 160
23 150
24 158
25 155
26 162
27 158
28 172
29 138
30 144
31 157
32 160
33 119
34 133
35 139
36 135
37 136
38 123
39 113
40 150
41 102
42 114
43 95
44 92
45 101
46 100
47 97
48 67
49 85
50 92
51 91
52 79
53 82
54 65
55 70
56 64
57 58
58 67
59 53
60 58
61 54
62 50
63 35
64 45
65 31
66 35
67 34
68 47
69 34
70 23
71 27
72 32
73 29
74 24
75 23
76 19
77 22
78 19
79 19
80 13
81 15
82 16
83 18
84 7
85 17
86 7
87 12
88 16
89 8
90 9
91 6
92 8
93 11
94 6
95 12
96 5
97 6
98 7
99 8
100 5
101 3
102 2
103 3
104 6
105 4
106 1
107 1
108 2
109 3
111 2
112 3
113 1
114 1
116 1
119 2
122 1
123 2
124 1
125 2
127 1
128 1
129 1
130 1
328 1
586 1
