N J h mean_R_sq err_mean_R_sq mean_R_gyr_sq err_mean_R_gyr_sq 
10000 1.352 0 1.29818e+06 656498 193741 77186.2
0 1
3 1
5 2
9 2
11 1
12 1
13 1
16 1
19 1
21 1
24 1
26 1
28 2
29 1
30 3
31 1
33 3
34 3
35 1
36 3
38 3
39 1
40 1
41 2
42 1
43 1
44 4
45 4
46 3
47 2
48 2
50 3
53 2
54 1
55 1
56 4
57 1
58 4
59 2
60 5
61 2
62 3
63 2
65 4
66 2
67 5
68 1
69 4
70 6
71 1
72 1
73 3
74 4
75 4
76 1
77 6
78 4
79 3
80 2
81 2
82 4
83 3
84 3
85 6
86 2
87 6
88 6
89 1
92 3
93 1
94 1
95 2
97 4
98 2
99 2
100 2
101 4
102 3
103 2
104 1
106 3
107 4
108 1
109 2
110 3
111 2
112 3
113 2
114 4
115 2
116 5
117 1
118 2
119 4
120 3
121 6
122 3
123 4
124 9
125 3
126 6
127 2
128 3
129 7
130 5
131 5
132 2
133 3
134 5
135 3
136 4
137 3
138 8
139 4
140 3
141 2
142 2
143 4
144 1
145 7
147 6
148 7
149 4
150 5
151 2
152 4
153 3
154 4
155 4
156 1
157 5
158 1
159 5
160 4
161 7
162 8
163 3
164 6
165 6
166 2
167 6
168 8
169 7
170 6
171 7
172 6
173 4
174 3
175 3
176 4
177 5
178 5
179 7
180 7
181 6
182 4
183 5
184 6
185 12
186 6
187 2
188 2
189 8
190 7
191 6
192 6
193 7
194 8
195 8
196 3
197 10
198 6
199 4
200 3
201 6
202 6
203 7
204 8
205 6
206 1
207 7
208 3
209 7
210 6
211 8
212 5
213 3
214 5
215 6
216 4
217 4
218 2
219 3
220 5
221 5
222 6
223 5
224 2
225 6
226 3
227 1
228 2
229 4
230 3
231 5
232 1
233 7
234 4
235 7
236 3
237 2
238 2
239 3
240 4
242 3
243 3
244 5
245 3
246 2
248 3
249 1
250 3
251 2
252 2
254 1
255 4
256 1
257 1
258 3
259 2
260 2
262 4
263 6
264 3
265 1
266 1
267 2
268 2
269 3
270 1
271 3
272 2
275 1
276 3
277 2
278 1
282 1
283 2
284 3
285 3
287 1
288 1
289 2
290 4
291 3
293 2
294 1
295 2
297 1
298 1
299 1
302 1
303 1
305 1
306 1
308 1
311 1
313 1
314 2
318 1
322 1
327 1
328 1
344 1
345 1
349 1
351 2
353 1
354 1
358 1
361 2
362 1
365 2
366 1
368 1
372 1
379 1
380 1
384 1
385 1
388 1
400 1
402 1
403 1
413 1
414 1
415 1
416 1
419 2
420 1
423 3
427 1
428 1
429 2
431 5
432 1
433 1
434 3
435 1
438 1
439 2
440 1
441 3
442 1
443 3
444 2
446 4
447 1
448 4
449 3
450 1
451 4
452 2
453 2
454 2
455 2
456 2
457 5
459 1
460 1
461 4
462 3
463 3
464 1
465 4
466 4
467 4
468 2
469 3
471 6
472 3
473 4
474 1
475 4
476 3
477 3
479 2
480 3
481 5
482 3
483 3
484 2
485 3
486 2
487 3
488 3
489 2
490 3
491 8
492 6
493 1
494 2
495 1
496 1
497 2
498 4
499 1
500 2
502 3
503 2
504 3
505 2
506 4
509 4
510 5
511 1
512 1
513 2
514 1
515 2
516 1
517 1
518 1
520 6
521 1
522 2
523 3
524 2
526 1
527 1
528 1
529 2
530 2
531 5
532 1
533 5
534 3
535 5
536 4
537 8
538 3
539 4
540 6
541 5
542 1
543 1
545 3
546 3
547 6
548 3
549 3
550 5
551 1
552 2
553 5
555 3
556 1
557 2
558 2
559 3
560 2
561 2
562 2
563 1
564 2
565 3
566 2
567 4
568 1
569 2
570 3
571 3
572 1
573 2
574 5
575 3
576 5
577 4
578 4
579 5
580 4
581 2
582 3
583 2
584 4
585 6
586 8
587 2
588 3
590 4
591 5
592 4
593 2
594 2
595 5
596 3
597 3
598 3
599 5
600 3
601 4
602 5
603 4
604 2
605 3
606 6
607 3
608 3
609 2
610 3
611 3
612 2
613 3
614 4
615 3
616 1
617 8
618 3
619 2
620 4
621 7
622 2
623 7
624 3
625 3
626 5
627 2
628 2
629 7
630 6
632 8
633 5
634 6
635 5
636 2
637 6
638 5
639 5
640 10
641 4
642 11
643 12
644 5
645 2
646 7
647 7
648 4
649 3
650 6
651 3
652 5
653 5
654 4
655 6
656 5
657 4
658 4
659 3
660 8
661 4
662 6
663 4
664 5
665 2
666 5
667 7
668 7
669 3
670 2
671 7
672 5
673 5
674 4
675 8
676 8
677 5
678 1
679 3
680 10
681 5
682 4
683 3
684 8
685 5
686 9
687 7
688 8
689 4
691 5
692 4
693 8
694 2
695 4
696 4
697 6
698 8
699 1
700 2
701 3
702 4
703 5
704 2
705 5
706 6
707 2
708 3
709 6
710 3
711 1
712 2
713 5
714 4
715 2
716 5
717 5
718 6
719 4
720 5
721 4
722 6
723 4
724 4
725 3
726 4
727 5
728 9
729 1
730 4
731 4
732 3
733 5
734 4
735 6
736 5
737 6
738 5
739 6
740 2
741 6
742 6
743 5
744 4
745 3
746 7
747 3
748 3
749 8
750 5
751 13
752 4
753 3
754 5
755 6
756 4
757 3
758 6
759 5
760 12
761 9
762 5
763 4
764 3
765 6
766 6
767 7
768 8
769 7
770 14
771 8
772 7
773 3
774 5
775 7
776 6
777 6
778 6
779 6
780 6
781 3
782 10
783 8
784 10
785 10
786 12
787 10
788 4
789 12
790 8
791 5
792 4
793 4
794 4
795 5
796 6
797 11
798 6
799 7
800 5
801 5
802 6
803 9
804 8
805 7
806 4
807 5
808 9
809 8
810 7
811 6
812 4
813 9
814 8
815 5
816 5
817 13
818 7
819 8
820 6
821 5
822 5
823 8
824 3
825 11
826 8
827 6
828 6
829 9
830 7
831 9
832 9
833 7
834 3
835 7
836 6
837 7
838 7
839 7
840 5
841 2
842 5
843 14
844 4
845 6
846 5
847 5
848 5
849 8
850 5
851 2
852 6
853 7
854 7
855 4
856 3
857 7
858 6
859 12
860 5
861 9
862 8
863 7
864 4
865 7
866 3
867 8
868 3
869 5
870 8
871 11
872 7
873 7
874 7
875 7
876 1
877 7
878 5
879 4
880 5
881 7
882 4
883 6
884 2
885 6
886 4
887 3
888 8
889 7
890 7
891 10
892 10
893 8
894 6
895 7
896 7
897 10
898 4
899 7
900 8
901 6
902 7
903 4
904 12
905 11
906 3
907 9
908 10
909 11
910 13
911 13
912 6
913 13
914 6
915 11
916 6
917 5
918 5
919 7
920 17
921 10
922 8
923 11
924 2
925 7
926 6
927 9
928 8
929 10
930 8
931 8
932 5
933 10
934 5
935 8
936 11
937 9
938 6
939 14
940 8
941 8
942 5
943 9
944 5
945 6
946 12
947 5
948 5
949 14
950 7
951 6
952 6
953 3
954 6
955 3
956 6
957 6
958 14
959 9
960 10
961 7
962 3
963 8
964 5
965 5
966 6
967 7
968 3
969 5
970 7
971 14
972 4
973 4
974 5
975 8
976 7
977 11
978 12
979 2
980 7
981 7
982 3
983 4
984 3
985 5
986 3
987 3
988 8
989 6
990 4
991 7
992 6
993 4
994 7
995 4
996 5
997 3
998 4
999 6
1000 4
1001 5
1002 10
1003 5
1004 8
1005 9
1006 5
1007 2
1008 6
1009 4
1010 4
1011 7
1012 6
1013 3
1014 4
1015 8
1016 2
1017 4
1018 7
1019 4
1020 1
1021 3
1022 2
1023 7
1024 1
1025 4
1026 5
1027 4
1028 4
1029 2
1030 6
1031 2
1032 3
1033 9
1034 5
1035 5
1036 3
1037 6
1038 3
1039 1
1040 3
1041 5
1042 5
1043 5
1044 7
1045 1
1046 8
1047 5
1049 3
1050 2
1051 3
1052 2
1053 2
1054 1
1055 5
1056 3
1057 1
1058 1
1059 1
1060 4
1061 4
1062 3
1063 2
1064 3
1066 1
1067 3
1068 1
1070 2
1071 4
1072 3
1073 5
1075 2
1076 1
1077 2
1078 5
1079 6
1080 2
1081 5
1082 1
1083 4
1084 1
1085 1
1086 2
1087 1
1088 2
1089 3
1090 2
1091 1
1092 2
1093 2
1094 2
1095 4
1096 3
1097 1
1098 3
1099 2
1100 1
1101 1
1102 1
1103 1
1104 3
1106 1
1107 1
1108 4
1110 1
1111 2
1112 1
1113 1
1114 4
1115 2
1116 1
1117 2
1118 1
1119 4
1121 3
1122 2
1123 3
1124 1
1125 2
1127 1
1128 2
1129 4
1130 3
1132 1
1133 3
1135 1
1136 3
1138 2
1139 5
1140 1
1142 1
1143 1
1144 1
1145 1
1147 4
1149 3
1150 2
1151 2
1152 2
1153 1
1154 2
1155 1
1156 1
1157 1
1159 2
1160 1
1161 1
1162 4
1164 1
1165 2
1166 2
1167 1
1168 2
1169 1
1173 1
1174 1
1175 2
1176 1
1178 1
1179 1
1180 1
1182 1
1183 1
1185 1
1186 1
1187 1
1189 1
1190 2
1192 1
1194 2
1195 3
1196 3
1197 3
1199 3
1200 1
1201 1
1202 1
1203 1
1206 1
1207 2
1208 1
1209 1
1213 1
1214 1
1216 2
1217 2
1219 2
1220 2
1221 1
1222 2
1223 2
1224 1
1225 1
1226 1
1231 1
1232 1
1234 1
1236 2
1237 1
1238 1
1239 1
1240 2
1241 2
1242 2
1243 1
1246 2
1248 1
1251 1
1253 1
1254 1
1256 1
1257 4
1258 1
1259 1
1262 2
1263 1
1265 1
1268 2
1270 1
1271 2
1272 1
1273 1
1275 1
1276 1
1277 1
1279 2
1281 1
1283 1
1287 1
1289 2
1290 2
1292 2
1294 2
1295 1
1296 1
1298 1
1299 2
1301 1
1303 1
1304 1
1305 1
1306 2
1307 2
1308 1
1309 1
1313 1
1314 2
1316 3
1320 1
1321 1
1327 2
1330 2
1335 1
1338 2
1340 2
1347 1
1350 2
1352 1
1355 1
1358 1
1361 1
1362 1
1367 1
1370 1
1371 2
1373 1
1374 2
1376 1
1377 1
1378 1
1380 1
1394 1
1399 1
1404 1
1409 1
1419 1
1422 1
1438 1
1445 1
1455 1
1483 1
1505 1
1519 1
1521 1
1535 1
1559 1
1573 1
1575 1
1578 1
1582 1
1588 2
1591 1
1593 2
1594 1
1601 1
1602 1
1606 1
1607 3
1614 2
1615 2
1617 1
1618 2
1619 1
1620 1
1623 1
1624 1
1625 1
1626 1
1628 2
1630 1
1632 1
1634 1
1638 2
1639 1
1641 2
1643 1
1647 1
1649 1
1650 1
1651 1
1652 1
1653 1
1655 1
1659 1
1663 1
1671 1
1674 1
1675 1
1682 1
1684 1
1687 1
1689 1
1690 1
1697 1
1698 1
1722 1
1738 1
1740 1
1830 1
1837 1
1870 1
1871 1
1882 1
1883 1
1884 1
1887 1
1889 1
1892 1
1950 1
2028 1
2169 1
2190 1
2206 1
2208 1
2369 1
2379 1
2384 1
2389 1
2390 1
2392 1
2394 1
2396 1
2398 1
2400 1
2403 2
2412 1
2413 1
2432 1
2443 1
2471 1
2476 1
2484 1
2503 1
2531 1
2537 1
2542 1
2547 1
2564 1
2567 1
2569 1
2590 1
2599 1
2665 1
2683 1
2693 1
2791 1
2810 1
2816 1
2823 3
2825 1
2826 1
2829 1
2839 1
2841 1
2849 1
2863 1
2869 1
2892 1
2916 1
2921 1
2932 1
2943 1
2946 1
2950 1
2951 1
2953 1
2954 3
2955 1
2957 1
2961 1
2964 2
2966 1
2967 1
2970 1
2977 1
2979 3
2983 1
2985 1
2986 1
2987 1
2989 1
2990 1
2991 1
2992 1
2993 1
2994 1
2995 1
2999 1
3000 1
3002 1
3003 2
3004 2
3006 1
3007 1
3008 1
3009 3
3010 1
3012 1
3016 1
3017 1
3019 1
3020 2
3022 3
3023 1
3024 3
3026 3
3028 1
3029 4
3030 2
3031 2
3033 3
3034 2
3035 1
3036 1
3038 2
3039 2
3042 2
3043 2
3044 1
3047 1
3049 1
3050 2
3051 1
3052 1
3053 2
3054 1
3055 3
3056 3
3057 2
3058 1
3060 2
3062 2
3063 2
3064 2
3065 1
3068 1
3071 1
3072 1
3073 2
3074 1
3076 4
3079 1
3080 1
3081 1
3082 1
3085 2
3086 1
3087 4
3089 1
3091 1
3092 1
3093 1
3096 1
3097 2
3098 1
3100 1
3101 3
3102 2
3103 1
3104 1
3105 1
3107 2
3109 1
3112 1
3113 2
3114 1
3118 2
3120 1
3121 1
3123 1
3126 1
3129 1
3132 1
3133 2
3136 1
3138 1
3139 1
3143 2
3144 1
3146 1
3156 1
3163 1
3165 1
3167 1
3172 1
3176 1
3186 1
3193 2
3204 1
3218 1
3223 1
3224 1
3227 1
3230 1
3231 1
3250 1
3255 1
3263 1
3348 1
3356 1
3359 2
3361 1
3368 1
3369 1
3380 1
3383 1
3387 1
3389 1
3391 1
3395 1
3400 1
3402 1
3413 1
3432 1
3433 2
3436 1
3438 1
3440 1
3447 1
3450 1
3453 1
3460 1
3469 1
3472 1
3483 1
3505 1
3516 1
3517 2
3523 1
3571 1
3600 1
3604 1
3607 1
3643 1
3647 1
3649 1
3655 1
3686 1
3691 1
3696 1
3697 1
3699 1
3707 1
3708 1
3720 1
3731 1
3736 1
3740 1
3750 1
3754 2
3762 1
3766 1
3796 1
3797 1
3799 1
3803 1
3807 1
3808 1
3811 1
3852 1
3857 1
3858 1
3893 1
3948 1
