N J h mean_R_sq err_mean_R_sq mean_R_gyr_sq err_mean_R_gyr_sq 
10000 1.43 0 113941 97798.7 18979.9 14336.1
0 74
1 153
2 158
3 135
4 134
5 145
6 156
7 145
8 159
9 140
10 128
11 160
12 139
13 156
14 154
15 135
16 144
17 157
18 146
19 146
20 144
21 154
22 152
23 135
24 122
25 168
26 121
27 137
28 159
29 116
30 134
31 141
32 125
33 152
34 149
35 125
36 134
37 138
38 136
39 138
40 142
41 127
42 128
43 113
44 129
45 110
46 136
47 99
48 115
49 117
50 118
51 111
52 105
53 116
54 112
55 86
56 106
57 116
58 101
59 107
60 103
61 80
62 96
63 100
64 102
65 76
66 104
67 93
68 94
69 92
70 83
71 86
72 72
73 87
74 63
75 69
76 78
77 72
78 71
79 70
80 66
81 72
82 62
83 50
84 61
85 50
86 40
87 51
88 57
89 50
90 46
91 44
92 46
93 49
94 49
95 49
96 42
97 48
98 43
99 42
100 36
101 27
102 25
103 24
104 26
105 52
106 42
107 30
108 28
109 24
110 34
111 36
112 23
113 22
114 29
115 30
116 39
117 28
118 23
119 27
120 29
121 26
122 23
123 25
124 29
125 26
126 33
127 25
128 18
129 18
130 25
131 14
132 25
133 18
134 21
135 27
136 27
137 14
138 11
139 18
140 7
141 14
142 17
143 14
144 20
145 11
146 9
147 16
148 16
149 14
150 22
151 18
152 14
153 14
154 11
155 15
156 12
157 12
158 8
159 13
160 15
161 15
162 13
163 11
164 12
165 10
166 16
167 9
168 8
169 17
170 25
171 14
172 14
173 17
174 12
175 9
176 16
177 6
178 15
179 12
180 14
181 18
182 14
183 14
184 10
185 8
186 22
187 14
188 17
189 14
190 11
191 13
192 14
193 11
194 15
195 18
196 20
197 16
198 19
199 17
200 13
201 21
202 14
203 21
204 20
205 20
206 20
207 20
208 20
209 20
210 23
211 25
212 21
213 23
214 19
215 14
216 17
217 23
218 22
219 24
220 21
221 30
222 23
223 21
224 31
225 23
226 18
227 19
228 29
229 26
230 20
231 19
232 37
233 25
234 20
235 25
236 26
237 20
238 25
239 27
240 24
241 22
242 26
243 16
244 25
245 23
246 26
247 21
248 21
249 32
250 25
251 32
252 17
253 25
254 19
255 19
256 20
257 16
258 14
259 23
260 16
261 24
262 24
263 18
264 17
265 18
266 19
267 19
268 18
269 23
270 16
271 16
272 23
273 26
274 18
275 27
276 27
277 15
278 24
279 14
280 14
281 19
282 21
283 16
284 12
285 20
286 17
287 23
288 16
289 22
290 20
291 14
292 19
293 15
294 18
295 10
296 14
297 9
298 16
299 18
300 23
301 9
302 16
303 21
304 14
305 14
306 15
307 15
308 8
309 13
310 11
311 10
312 9
313 7
314 7
315 12
316 11
317 7
318 8
319 7
320 4
321 8
322 5
323 2
324 3
325 3
326 6
327 6
328 3
329 2
330 4
331 8
332 2
333 5
334 1
335 1
336 7
337 6
338 4
339 2
340 5
341 3
342 3
343 2
344 2
345 8
346 6
347 6
348 2
349 4
350 3
351 4
352 3
353 4
354 4
355 6
356 4
357 2
358 6
360 1
361 2
362 2
363 4
364 2
365 5
367 2
368 1
369 6
370 1
371 4
372 5
373 1
374 1
375 3
376 1
377 3
378 2
379 2
380 1
381 2
382 3
383 2
384 4
385 7
386 7
387 4
388 8
389 6
390 2
391 6
392 3
393 7
394 5
395 9
396 3
397 6
398 5
399 2
400 7
401 9
402 7
403 4
404 2
405 6
406 9
407 5
408 16
409 7
410 8
411 5
412 4
413 6
414 11
415 6
416 14
417 10
418 4
419 11
420 10
421 8
422 13
423 9
424 8
425 6
426 6
427 6
428 9
429 11
430 5
431 5
432 10
433 4
434 6
435 1
436 9
437 3
438 6
439 8
440 4
441 4
442 3
443 6
444 3
445 5
446 7
447 1
448 3
449 3
450 3
451 4
452 3
453 6
454 4
455 7
456 7
457 5
458 2
459 3
460 2
461 6
462 5
463 5
464 8
465 1
466 3
467 5
468 2
469 2
470 6
471 2
472 5
473 1
474 5
475 1
476 1
477 2
478 3
479 2
480 2
481 2
482 2
485 1
486 2
487 3
488 1
490 1
491 2
492 3
493 1
494 2
495 4
496 2
498 3
499 2
500 1
501 2
502 2
503 1
504 3
505 4
506 3
508 2
509 2
510 3
511 3
512 2
513 4
514 4
515 5
516 1
517 3
518 2
519 2
521 3
522 1
524 1
529 1
531 1
532 2
533 1
534 2
537 2
541 2
542 1
545 2
547 1
548 2
549 1
550 1
551 3
552 1
553 1
554 1
555 1
556 1
557 3
558 5
559 1
560 6
561 2
562 3
563 5
564 6
565 2
566 7
567 4
568 2
569 4
570 1
571 2
572 2
573 3
575 2
576 1
577 3
578 3
579 3
580 2
581 5
582 5
583 5
584 2
585 1
586 3
587 3
588 2
589 1
590 1
591 4
592 2
594 3
595 3
596 2
597 1
598 3
599 2
600 1
601 4
602 2
603 1
604 1
605 1
606 1
607 1
608 3
609 1
610 1
611 2
613 4
614 2
615 1
616 1
617 1
620 2
624 2
626 1
628 2
630 2
631 2
633 1
635 1
638 2
642 1
643 1
644 1
646 1
656 1
659 1
660 2
661 1
669 1
670 1
672 1
677 1
683 1
684 2
687 4
689 3
691 1
695 1
697 3
699 2
700 1
701 3
702 1
705 2
707 1
708 1
709 1
710 1
711 1
712 1
714 3
715 3
716 1
717 1
718 1
719 2
721 1
722 1
723 3
725 3
726 2
727 1
728 3
729 1
730 2
732 1
733 2
734 2
735 1
736 3
737 2
738 3
740 3
741 2
743 2
744 4
745 2
746 1
747 4
748 2
749 4
751 2
752 2
753 3
754 2
756 1
757 2
758 2
760 3
761 1
764 4
765 1
768 3
769 4
770 1
773 1
775 1
776 2
777 3
778 2
780 2
781 2
782 1
783 1
784 1
786 2
788 2
789 1
794 1
797 2
801 2
804 1
805 1
811 1
815 1
816 1
817 2
818 1
821 1
831 1
832 1
833 1
835 2
838 1
843 2
848 1
857 1
858 1
860 1
868 1
872 1
1015 1
1045 1
1054 1
1055 1
1057 1
1059 1
1069 1
1089 1
1104 1
1120 1
1204 1
1207 1
1213 1
1219 1
1410 1
1571 1
1573 1
1652 1
1659 1
1660 1
1671 1
1672 1
1674 1
1695 1
1780 1
1796 1
1803 1
1811 2
1812 1
1815 1
1823 1
1826 1
1834 2
1835 1
1837 1
1839 2
1840 1
1845 1
1847 2
1848 1
1850 1
1852 1
1853 1
1854 2
1857 2
1859 1
1860 1
1865 1
1867 1
1869 2
1870 1
1872 1
1875 1
1879 1
1880 1
1933 1
1936 1
1944 1
1946 2
1948 1
1952 1
1953 1
1957 1
1960 1
1963 1
1966 1
1973 1
1975 2
1986 1
1987 1
1988 2
1989 1
1992 1
2001 1
2028 2
2035 1
2036 2
2040 1
2041 1
2043 1
2047 1
2050 2
2052 2
2053 1
2054 1
2058 1
2059 1
2061 1
2062 1
2063 2
2065 1
2067 1
2068 1
2069 1
2070 1
2074 1
2078 1
2080 1
2082 1
2087 1
2088 1
2089 1
2093 1
2096 1
2097 1
2098 1
2099 2
2100 1
2102 1
2104 1
2105 1
2106 1
2109 2
2110 1
2111 1
2113 1
2114 1
2115 1
2116 1
2118 2
2120 1
2121 2
2124 2
2125 1
2126 3
2128 1
2130 1
2135 1
2137 1
2147 2
2149 1
2156 1
2167 1
2181 1
2182 1
2188 1
2191 1
2196 1
2206 1
2216 1
2284 1
2290 1
2303 1
2319 1
2353 1
2367 1
2391 1
2394 1
2395 1
2399 1
2401 1
2420 1
2421 1
2423 1
2424 1
2427 1
2428 1
2437 1
2448 1
2450 1
2456 1
2465 1
2469 1
2472 3
2481 3
2487 1
2488 1
2497 1
2498 1
2502 1
2511 2
2512 1
2514 1
2516 1
2524 1
2527 1
2532 1
2543 1
2544 1
2596 1
2604 1
2694 1
2869 1
2879 1
2883 1
2931 1
2932 1
2943 1
2948 1
2968 1
2969 1
2985 1
2988 1
2989 1
3019 1
3028 2
3029 1
3036 1
3039 1
3042 1
3046 1
3047 1
3048 1
3068 1
3093 1
3104 1
3121 1
3128 1
3209 1
3225 1
3308 1
3476 1
3504 1
