N J h mean_R_sq err_mean_R_sq mean_R_gyr_sq err_mean_R_gyr_sq 
2916 1.44 0 2193.28 56.7948 698.11 6.09293
0 21
1 48
2 44
3 53
4 58
5 40
6 52
7 71
8 44
9 52
10 56
11 58
12 50
13 57
14 46
15 43
16 58
17 59
18 48
19 57
20 53
21 47
22 54
23 39
24 48
25 44
26 41
27 31
28 40
29 54
30 36
31 46
32 32
33 41
34 37
35 37
36 36
37 26
38 18
39 33
40 42
41 30
42 29
43 26
44 24
45 23
46 23
47 24
48 28
49 42
50 18
51 15
52 15
53 19
54 11
55 22
56 20
57 19
58 11
59 7
60 9
61 7
62 11
63 6
64 9
65 6
66 8
67 10
68 8
69 6
70 6
71 7
72 1
73 6
74 5
75 2
76 7
77 1
78 4
79 1
80 3
81 2
82 2
84 1
85 2
86 1
87 2
88 2
91 2
93 1
94 3
97 1
102 1
