N J h mean_R_sq err_mean_R_sq mean_R_gyr_sq err_mean_R_gyr_sq 
8100 1.372 0 716929 617037 93070 78500.7
0 13
1 33
2 19
3 25
4 15
5 27
6 22
7 27
8 20
9 19
10 27
11 28
12 32
13 24
14 25
15 21
16 27
17 28
18 34
19 25
20 35
21 28
22 30
23 22
24 32
25 30
26 21
27 22
28 27
29 23
30 25
31 25
32 27
33 32
34 40
35 27
36 25
37 27
38 20
39 19
40 30
41 38
42 21
43 21
44 25
45 32
46 29
47 30
48 28
49 25
50 21
51 22
52 37
53 20
54 28
55 18
56 32
57 21
58 26
59 32
60 21
61 22
62 32
63 30
64 22
65 14
66 25
67 23
68 18
69 29
70 29
71 24
72 32
73 26
74 17
75 27
76 28
77 21
78 22
79 22
80 27
81 22
82 33
83 22
84 22
85 28
86 24
87 22
88 35
89 17
90 17
91 15
92 23
93 20
94 28
95 25
96 22
97 20
98 25
99 23
100 29
101 30
102 25
103 22
104 23
105 25
106 23
107 25
108 23
109 12
110 13
111 19
112 23
113 19
114 15
115 29
116 23
117 22
118 20
119 18
120 19
121 18
122 20
123 12
124 10
125 16
126 15
127 12
128 17
129 12
130 12
131 13
132 16
133 13
134 18
135 8
136 13
137 14
138 16
139 15
140 17
141 18
142 13
143 11
144 10
145 17
146 8
147 23
148 13
149 9
150 13
151 6
152 13
153 12
154 9
155 13
156 8
157 7
158 14
159 7
160 15
161 11
162 10
163 12
164 12
165 8
166 14
167 13
168 5
169 13
170 13
171 8
172 5
173 4
174 13
175 13
176 7
177 15
178 7
179 10
180 11
181 16
182 11
183 11
184 10
185 7
186 12
187 5
188 14
189 6
190 5
191 7
192 9
193 10
194 13
195 2
196 7
197 14
198 6
199 10
200 10
201 10
202 13
203 18
204 13
205 11
206 14
207 8
208 8
209 10
210 9
211 4
212 10
213 7
214 8
215 6
216 7
217 11
218 8
219 10
220 9
221 16
222 8
223 3
224 5
225 9
226 8
227 4
228 7
229 9
230 6
231 7
232 4
233 6
234 7
235 6
236 6
237 9
238 7
239 6
240 8
241 5
242 4
243 8
244 5
245 9
246 7
247 5
248 11
249 7
250 11
251 7
252 5
253 11
254 7
255 7
256 5
257 3
258 2
259 2
260 5
261 9
262 4
263 6
264 3
265 7
266 2
267 6
268 5
269 6
270 4
271 9
272 4
273 3
274 2
275 5
276 2
278 2
279 3
280 3
281 3
282 4
283 2
284 6
285 2
286 2
287 1
288 2
289 3
290 3
291 1
292 1
293 3
294 1
295 2
296 2
297 3
298 2
299 1
300 1
301 1
304 3
305 1
306 1
307 1
309 3
310 3
312 2
313 2
314 3
315 3
316 1
317 2
318 2
319 1
321 1
322 3
323 2
324 1
325 2
326 4
327 2
328 1
331 1
332 1
333 1
334 1
339 1
341 1
342 1
344 1
348 1
349 1
354 1
355 1
357 1
365 1
370 1
397 1
400 1
427 1
442 1
443 1
448 1
458 1
460 2
461 1
471 1
472 1
474 1
482 2
484 1
489 1
497 1
510 1
527 1
643 1
704 1
711 1
716 1
717 1
726 1
732 1
736 1
737 2
742 1
748 1
756 2
762 1
770 1
774 1
780 1
781 2
785 1
795 1
949 1
954 1
959 1
968 1
972 1
979 3
982 1
983 2
984 1
985 1
986 1
987 1
990 1
993 1
994 1
1003 1
1015 1
1025 1
1041 2
1043 1
1049 1
1052 1
1054 1
1056 1
1062 1
1066 2
1071 1
1074 3
1081 1
1083 2
1084 1
1085 2
1086 1
1087 1
1088 1
1089 1
1095 1
1096 1
1097 2
1098 2
1100 3
1101 1
1105 3
1106 1
1107 1
1109 1
1110 2
1115 2
1116 3
1117 1
1119 2
1120 1
1121 1
1122 3
1125 1
1126 1
1128 2
1129 1
1130 2
1131 3
1132 1
1133 1
1135 1
1136 1
1139 3
1143 1
1144 1
1147 1
1149 1
1151 1
1152 1
1155 1
1156 2
1163 1
1165 1
1170 1
1171 1
1172 1
1173 1
1176 1
1179 1
1182 1
1188 1
1190 2
1192 1
1193 1
1194 1
1196 1
1197 1
1199 1
1202 2
1203 2
1210 2
1215 1
1217 1
1224 1
1228 1
1230 1
1233 2
1241 1
1246 1
1247 1
1258 1
1259 1
1260 1
1262 1
1263 1
1264 1
1268 1
1269 1
1270 1
1271 1
1274 1
1276 2
1277 2
1280 1
1286 1
1290 1
1293 1
1294 1
1295 1
1296 1
1298 2
1299 1
1301 1
1302 3
1303 1
1307 1
1308 1
1309 3
1310 1
1311 4
1312 2
1313 1
1314 3
1315 2
1316 1
1318 1
1320 3
1322 2
1323 2
1324 2
1325 2
1329 4
1330 1
1331 3
1332 1
1333 2
1334 2
1335 1
1336 4
1339 3
1340 2
1342 2
1343 3
1344 2
1345 2
1346 1
1347 1
1348 2
1349 1
1350 1
1351 3
1354 4
1355 1
1356 2
1358 2
1359 1
1361 1
1363 1
1365 4
1366 2
1367 1
1368 4
1370 1
1373 1
1374 1
1376 1
1377 1
1379 2
1380 2
1382 3
1384 1
1390 1
1391 1
1395 1
1399 1
1401 1
1403 2
1407 1
1410 2
1411 1
1412 1
1414 1
1416 1
1417 1
1421 2
1425 2
1426 1
1430 1
1431 1
1442 1
1447 1
1453 1
1457 1
1461 2
1462 2
1464 1
1474 1
1475 1
1485 3
1486 1
1489 2
1494 1
1495 1
1499 2
1503 1
1505 1
1506 2
1507 2
1510 1
1511 1
1513 2
1514 3
1516 1
1519 1
1520 2
1521 2
1522 1
1525 1
1526 2
1528 1
1530 2
1531 1
1532 2
1535 1
1537 2
1538 1
1542 1
1543 1
1545 2
1547 1
1549 3
1552 2
1553 1
1554 1
1555 1
1557 3
1558 3
1559 1
1562 3
1563 1
1565 1
1566 1
1568 2
1571 2
1573 1
1574 2
1575 1
1579 1
1581 1
1582 1
1585 1
1588 1
1590 1
1591 1
1592 2
1593 2
1597 2
1598 2
1599 1
1602 1
1603 1
1605 1
1606 2
1607 1
1609 2
1611 2
1612 2
1613 1
1615 2
1617 3
1618 1
1621 1
1622 5
1623 1
1624 1
1625 1
1627 1
1628 3
1630 1
1631 2
1634 1
1635 1
1636 2
1637 2
1639 1
1640 2
1643 1
1644 1
1648 3
1651 1
1652 2
1653 1
1655 2
1657 2
1658 2
1659 1
1661 1
1662 1
1664 3
1665 2
1666 1
1671 1
1672 1
1673 1
1674 3
1677 2
1682 3
1684 2
1686 1
1687 1
1689 1
1693 1
1694 3
1695 1
1696 3
1697 4
1698 1
1701 1
1702 2
1703 3
1704 1
1705 2
1706 1
1707 2
1708 2
1710 1
1711 2
1712 1
1715 2
1716 2
1718 1
1720 1
1721 1
1722 1
1723 1
1725 1
1728 2
1729 1
1730 1
1731 3
1732 1
1733 1
1734 2
1736 1
1737 2
1739 1
1744 1
1749 1
1752 1
1754 1
1759 1
1761 1
1767 1
1770 1
1771 1
1776 1
1784 1
1832 1
1840 1
1841 1
1849 2
1860 1
1861 1
1865 1
1866 1
1867 1
1868 1
1871 2
1872 1
1874 1
1875 1
1877 1
1879 1
1880 1
1885 1
1886 1
1887 1
1896 1
1897 1
1915 1
1916 1
1925 1
1926 1
1939 1
1953 1
2009 1
2015 1
2122 1
2175 1
2196 1
2207 1
2213 1
2214 1
2215 1
2225 1
2227 1
2229 2
2235 1
2243 1
2247 1
2281 1
2288 1
2303 1
2304 2
2331 1
2332 1
2349 1
2352 1
2356 1
2361 1
2364 1
2365 1
2366 1
2373 1
2375 1
2379 1
2382 1
2384 1
2389 1
2391 1
2392 1
2393 1
2394 2
2398 1
2402 1
2408 1
2411 1
2414 1
2416 2
2418 1
2423 1
2428 1
2430 2
2432 1
2434 1
2435 2
2437 1
2438 1
2440 2
2441 1
2444 1
2447 1
2451 1
2452 1
2453 1
2455 2
2456 1
2458 1
2460 4
2462 1
2463 2
2464 2
2465 1
2466 1
2467 1
2468 1
2470 1
2471 1
2472 1
2474 1
2475 2
2476 1
2477 1
2478 1
2479 1
2480 2
2481 1
2482 2
2483 1
2485 1
2487 1
2488 1
2490 5
2491 2
2492 2
2493 1
2494 1
2495 1
2498 1
2500 1
2501 2
2502 1
2505 1
2508 2
2511 1
2514 2
2515 1
2517 2
2522 2
2528 1
2530 1
2532 2
2534 1
2536 1
2543 1
2544 1
2548 2
2550 1
2554 1
2557 1
2560 2
2563 1
2564 1
2565 2
2567 1
2568 1
2569 1
2571 1
2574 1
2575 1
2576 1
2577 2
2582 2
2583 2
2585 2
2587 2
2591 1
2593 1
2597 1
2598 1
2602 2
2603 1
2604 1
2610 1
2611 1
2612 2
2618 1
2619 1
2620 2
2622 1
2624 1
2631 1
2639 1
2640 1
2641 1
2643 1
2651 2
2655 1
2656 1
2657 1
2659 1
2660 2
2661 1
2662 1
2666 1
2668 1
2669 1
2670 1
2675 1
2689 2
2690 1
2691 1
2694 1
2696 1
2702 2
2704 1
2707 1
2710 1
2711 1
2713 1
2714 2
2715 2
2716 1
2717 1
2719 1
2720 1
2723 1
2725 2
2726 1
2727 2
2730 1
2731 1
2733 2
2734 1
2735 2
2736 1
2737 1
2739 1
2744 2
2746 1
2747 1
2748 1
2749 2
2751 1
2752 2
2753 1
2754 1
2755 1
2759 2
2761 1
2763 1
2765 1
2766 1
2767 1
2768 1
2770 2
2771 1
2775 1
2776 2
2777 1
2778 2
2779 1
2780 1
2783 2
2785 1
2786 1
2787 1
2788 1
2792 2
2793 3
2796 1
2801 1
2802 1
2810 1
2811 1
2812 2
2813 1
2814 1
2815 1
2816 1
2818 1
2821 2
2822 1
2824 1
2826 1
2827 1
2831 1
2833 2
2839 1
2840 1
2844 1
2847 1
2892 1
2902 1
2915 1
2986 1
3002 1
3004 1
3009 1
3011 1
3016 1
3018 1
3023 1
3026 1
3036 1
3068 1
3156 1
3169 1
3172 1
3174 1
3187 1
3196 1
3217 1
3223 1
3226 1
3292 1
3295 1
