N J h mean_R_sq err_mean_R_sq mean_R_gyr_sq err_mean_R_gyr_sq 
3600 1.409 0 4365.11 534.875 1148.29 80.8189
0 61
1 118
2 100
3 114
4 137
5 123
6 126
7 116
8 127
9 144
10 138
11 118
12 107
13 134
14 127
15 136
16 118
17 125
18 143
19 106
20 114
21 127
22 132
23 140
24 121
25 110
26 120
27 108
28 117
29 120
30 112
31 97
32 114
33 124
34 122
35 102
36 91
37 99
38 99
39 102
40 105
41 92
42 99
43 88
44 98
45 89
46 90
47 106
48 81
49 70
50 75
51 71
52 64
53 65
54 70
55 71
56 61
57 44
58 57
59 56
60 47
61 70
62 72
63 45
64 57
65 53
66 44
67 45
68 40
69 43
70 45
71 51
72 35
73 36
74 30
75 31
76 30
77 31
78 32
79 33
80 21
81 25
82 21
83 19
84 18
85 26
86 14
87 19
88 19
89 15
90 16
91 8
92 13
93 11
94 15
95 22
96 12
97 11
98 8
99 8
100 11
101 4
102 9
103 3
104 5
105 9
106 7
107 7
108 6
109 9
110 4
111 3
112 6
113 6
114 2
115 5
116 1
117 7
118 1
119 5
120 8
121 2
122 2
123 2
125 3
126 2
127 3
128 1
129 4
130 3
131 1
132 1
134 1
136 3
137 1
140 1
141 1
142 1
149 1
152 1
153 1
156 1
157 1
174 1
336 1
512 1
568 1
591 1
610 1
621 1
624 1
628 1
639 1
655 1
684 1
