N J h mean_R_sq err_mean_R_sq mean_R_gyr_sq err_mean_R_gyr_sq 
900 1.372 0 2581.04 78.1445 478.221 8.21184
0 18
1 31
2 28
3 39
4 39
5 25
6 42
7 39
8 32
9 30
10 41
11 39
12 34
13 36
14 34
15 37
16 25
17 32
18 22
19 38
20 32
21 34
22 28
23 23
24 18
25 22
26 27
27 25
28 31
29 23
30 27
31 19
32 24
33 26
34 21
35 16
36 31
37 18
38 26
39 16
40 23
41 20
42 12
43 17
44 16
45 17
46 12
47 24
48 10
49 12
50 12
51 13
52 16
53 19
54 11
55 17
56 8
57 11
58 5
59 14
60 10
61 15
62 11
63 5
64 6
65 10
66 7
67 6
68 8
69 5
70 3
71 6
72 4
73 2
74 6
75 3
76 4
77 2
78 2
80 4
81 4
82 4
83 3
84 1
86 3
87 1
88 2
89 1
90 1
91 4
92 2
94 1
95 2
96 1
98 2
99 3
100 2
103 1
104 1
106 1
107 2
109 1
