N J h mean_R_sq err_mean_R_sq mean_R_gyr_sq err_mean_R_gyr_sq 
2500 1.315 0 22100.6 282.769 3327.54 28.6161
0 23
1 37
2 45
3 45
4 49
5 45
6 48
7 50
8 59
9 44
10 43
11 47
12 47
13 39
14 48
15 47
16 48
17 50
18 42
19 39
20 60
21 33
22 55
23 42
24 44
25 52
26 38
27 51
28 42
29 40
30 56
31 48
32 47
33 44
34 46
35 48
36 39
37 43
38 47
39 47
40 46
41 50
42 52
43 33
44 39
45 50
46 44
47 37
48 50
49 50
50 41
51 31
52 32
53 44
54 35
55 50
56 46
57 38
58 60
59 47
60 41
61 51
62 47
63 50
64 47
65 43
66 40
67 43
68 39
69 44
70 41
71 45
72 42
73 62
74 45
75 34
76 42
77 31
78 33
79 40
80 44
81 40
82 46
83 49
84 34
85 31
86 39
87 36
88 38
89 43
90 35
91 47
92 34
93 56
94 46
95 36
96 41
97 42
98 37
99 32
100 36
101 47
102 45
103 36
104 43
105 36
106 36
107 36
108 41
109 34
110 32
111 28
112 42
113 29
114 32
115 40
116 31
117 23
118 32
119 36
120 36
121 37
122 39
123 35
124 29
125 28
126 25
127 30
128 25
129 30
130 28
131 23
132 29
133 24
134 27
135 32
136 29
137 31
138 29
139 33
140 31
141 28
142 24
143 23
144 23
145 27
146 17
147 22
148 33
149 20
150 20
151 17
152 18
153 28
154 31
155 19
156 30
157 21
158 20
159 17
160 20
161 17
162 32
163 16
164 14
165 21
166 15
167 12
168 18
169 16
170 20
171 23
172 18
173 12
174 13
175 19
176 11
177 14
178 15
179 15
180 10
181 11
182 18
183 16
184 13
185 25
186 12
187 17
188 14
189 16
190 9
191 11
192 8
193 11
194 12
195 10
196 7
197 12
198 8
199 7
200 9
201 12
202 4
203 9
204 6
205 10
206 4
207 8
208 6
209 4
210 6
211 4
212 2
213 9
214 9
215 7
216 8
217 10
218 2
219 3
220 5
221 2
222 3
223 5
224 3
225 6
226 7
227 3
228 2
229 4
230 4
231 1
232 4
233 2
234 3
235 4
236 5
237 3
238 5
239 3
240 3
241 1
242 1
243 4
244 5
246 3
248 1
249 2
250 2
251 1
253 2
254 1
255 3
256 4
257 1
258 1
260 5
261 2
262 2
263 2
264 1
267 1
268 1
269 1
270 1
271 1
276 1
277 2
283 2
286 1
288 1
291 1
296 1
316 2
320 1
