N J h mean_R_sq err_mean_R_sq mean_R_gyr_sq err_mean_R_gyr_sq 
1225 1.45 0 1101.49 11.6125 311.399 0.751203
0 180
1 365
2 358
3 371
4 405
5 368
6 374
7 422
8 377
9 377
10 329
11 369
12 376
13 363
14 351
15 337
16 381
17 317
18 311
19 332
20 330
21 273
22 272
23 281
24 291
25 262
26 239
27 210
28 253
29 200
30 184
31 198
32 171
33 144
34 165
35 127
36 152
37 111
38 114
39 104
40 108
41 98
42 79
43 67
44 55
45 65
46 60
47 60
48 41
49 48
50 44
51 40
52 37
53 26
54 28
55 23
56 18
57 20
58 21
59 17
60 12
61 9
62 8
63 4
64 5
65 9
66 5
67 13
68 6
69 5
70 2
71 6
72 2
73 2
74 1
76 2
77 2
78 2
79 2
80 1
83 1
103 1
