N J h mean_R_sq err_mean_R_sq mean_R_gyr_sq err_mean_R_gyr_sq 
1225 1.433 0 1312.1 32.703 343.009 3.23858
0 39
1 69
2 89
3 81
4 70
5 92
6 82
7 86
8 79
9 78
10 86
11 89
12 82
13 72
14 80
15 77
16 70
17 78
18 77
19 55
20 62
21 69
22 82
23 64
24 63
25 54
26 59
27 76
28 51
29 40
30 50
31 50
32 41
33 38
34 48
35 40
36 32
37 31
38 32
39 27
40 26
41 20
42 26
43 32
44 20
45 22
46 20
47 23
48 10
49 16
50 14
51 10
52 11
53 4
54 10
55 11
56 10
57 12
58 9
59 8
60 6
61 4
62 1
63 2
64 3
65 2
66 1
67 3
68 6
69 2
70 1
71 1
72 2
73 1
75 1
76 1
79 1
80 1
81 1
85 1
86 1
94 1
102 1
112 1
