N J h mean_R_sq err_mean_R_sq mean_R_gyr_sq err_mean_R_gyr_sq 
8100 1.433 0 92729.9 86283.6 12599.9 10599.6
0 46
1 67
2 87
3 81
4 83
5 73
6 74
7 81
8 77
9 60
10 74
11 91
12 77
13 77
14 80
15 98
16 78
17 75
18 82
19 68
20 80
21 75
22 65
23 77
24 84
25 86
26 62
27 91
28 62
29 66
30 75
31 70
32 73
33 84
34 82
35 71
36 77
37 67
38 61
39 71
40 72
41 59
42 64
43 56
44 66
45 68
46 64
47 51
48 63
49 66
50 61
51 66
52 65
53 50
54 56
55 49
56 62
57 34
58 51
59 53
60 60
61 53
62 56
63 50
64 55
65 48
66 52
67 48
68 39
69 45
70 37
71 39
72 41
73 37
74 40
75 33
76 28
77 31
78 27
79 31
80 33
81 41
82 31
83 27
84 21
85 27
86 24
87 26
88 26
89 16
90 23
91 18
92 14
93 13
94 21
95 17
96 11
97 16
98 20
99 19
100 19
101 15
102 11
103 12
104 13
105 9
106 7
107 6
108 7
109 7
110 7
111 7
112 8
113 5
114 11
115 6
116 7
117 4
118 5
119 7
120 6
121 3
122 5
123 6
124 4
125 1
126 5
127 1
128 3
129 1
130 5
131 1
132 2
133 2
134 1
135 1
136 2
138 1
139 2
140 1
141 1
142 1
146 1
149 1
157 1
158 1
159 1
175 1
700 1
864 1
1189 1
1664 1
1729 1
2376 1
2377 1
2379 1
2381 2
2383 1
2385 2
2386 1
2387 1
2388 1
2391 2
2393 1
2394 1
2396 2
2399 1
2400 3
2401 1
2402 1
2403 1
2405 3
2407 1
2408 1
2409 2
2411 1
2412 3
2414 1
2418 2
2419 2
2420 4
2422 3
2425 1
2427 1
2429 1
2430 2
2432 1
2433 1
2434 1
2435 1
2436 2
2437 2
2438 2
2439 1
2440 1
2442 1
2443 1
2445 2
2446 1
2449 1
2452 1
2453 1
2456 1
2458 1
2460 1
2465 1
2540 1
2595 1
2600 1
2657 1
2658 1
2670 1
