N J h mean_R_sq err_mean_R_sq mean_R_gyr_sq err_mean_R_gyr_sq 
8100 1.368 0 752918 498995 111519 69145
0 3
1 12
2 11
3 10
4 9
5 11
6 14
7 14
8 9
9 16
10 14
11 11
12 8
13 13
14 15
15 10
16 6
17 13
18 10
19 10
20 19
21 6
22 7
23 11
24 9
25 8
26 13
27 6
28 9
29 9
30 10
31 9
32 10
33 13
34 10
35 8
36 10
37 15
38 14
39 10
40 15
41 12
42 6
43 14
44 10
45 11
46 15
47 16
48 8
49 14
50 13
51 15
52 15
53 9
54 7
55 17
56 12
57 15
58 9
59 4
60 12
61 13
62 10
63 16
64 14
65 11
66 13
67 11
68 5
69 10
70 11
71 12
72 7
73 12
74 9
75 17
76 8
77 9
78 7
79 9
80 6
81 9
82 12
83 10
84 4
85 6
86 11
87 12
88 7
89 5
90 6
91 10
92 9
93 11
94 7
95 9
96 13
97 8
98 5
99 12
100 4
101 2
102 6
103 8
104 5
105 3
106 8
107 1
108 4
109 6
110 3
111 2
112 8
113 1
114 4
115 4
116 4
117 5
118 1
119 5
120 3
121 3
122 6
123 2
124 1
125 5
126 9
128 6
129 1
130 3
131 3
132 4
133 2
134 3
135 2
136 1
137 3
138 3
139 4
140 6
141 5
142 5
143 8
144 4
145 2
146 2
147 3
148 2
149 2
150 2
151 2
152 1
153 4
154 3
155 4
156 3
157 2
159 1
160 2
161 1
162 5
163 5
164 5
165 3
166 2
167 3
168 5
170 1
171 2
172 1
173 2
174 4
175 1
176 2
177 3
178 2
179 1
181 2
182 1
183 4
184 2
187 1
188 2
189 2
191 3
192 5
193 3
194 3
197 3
198 1
199 1
200 1
201 2
202 2
204 1
205 3
206 4
207 4
208 4
209 3
210 1
211 6
213 4
214 2
215 3
216 2
217 1
218 5
219 1
220 1
221 4
222 2
224 3
225 2
226 3
227 5
228 1
229 3
230 2
231 4
232 1
233 3
234 4
235 1
236 3
237 1
238 6
239 6
240 2
241 4
242 1
243 3
244 6
245 4
246 1
247 2
248 1
250 2
251 1
253 1
256 5
257 2
258 2
259 2
260 2
261 4
262 3
263 2
264 1
265 3
267 4
268 1
269 1
270 1
272 2
274 3
275 2
277 1
279 1
280 1
281 1
282 2
284 1
286 1
287 1
288 1
290 1
291 1
292 1
295 2
298 1
300 1
301 1
303 1
304 1
307 2
309 1
313 1
314 2
321 2
322 1
324 2
327 1
331 1
333 2
338 1
340 1
411 1
493 1
510 1
529 1
531 1
542 1
547 1
558 1
571 1
572 1
581 2
584 1
585 1
586 1
591 1
592 1
595 1
597 1
598 1
599 1
600 1
601 1
602 1
603 1
604 1
606 2
610 2
612 1
613 2
614 2
615 2
616 3
617 1
618 1
619 3
620 1
624 3
625 1
626 1
627 1
628 2
630 1
631 1
632 2
633 1
634 1
635 1
636 2
637 2
638 2
639 4
640 1
642 1
643 1
644 2
645 3
646 2
648 4
649 2
650 2
651 2
652 3
653 2
654 1
655 2
656 1
657 1
658 1
660 2
661 1
662 2
663 2
664 3
665 1
666 4
667 3
668 1
669 3
670 1
671 4
672 4
673 2
674 1
675 1
676 3
677 1
678 2
679 4
680 1
681 1
682 1
683 2
685 2
687 5
688 2
689 4
691 1
692 2
693 1
696 1
699 1
700 1
701 2
702 1
703 1
705 1
707 1
709 3
710 1
712 2
714 1
715 1
716 1
717 1
718 1
719 2
720 1
724 2
726 3
728 1
732 2
733 1
734 1
736 1
739 1
744 1
746 1
751 1
777 1
924 1
940 1
965 1
977 1
983 1
986 1
999 1
1000 1
1002 1
1006 1
1012 1
1013 1
1014 1
1017 1
1024 1
1028 2
1031 1
1037 2
1041 2
1043 1
1046 2
1047 1
1048 2
1049 1
1051 1
1054 1
1058 2
1064 1
1066 1
1070 1
1071 1
1073 2
1074 1
1075 1
1080 1
1082 1
1083 1
1084 1
1091 1
1092 1
1093 1
1095 1
1102 1
1106 1
1117 1
1153 1
1158 1
1202 1
1278 1
1291 1
1454 1
1503 1
1506 1
1516 1
1518 1
1523 1
1525 1
1528 1
1545 1
1546 2
1549 1
1550 2
1555 1
1556 2
1557 2
1558 1
1559 1
1561 1
1562 1
1566 1
1567 1
1568 1
1569 1
1570 2
1573 1
1577 2
1578 1
1579 1
1580 1
1581 2
1583 3
1585 1
1586 2
1587 1
1588 1
1590 1
1591 1
1592 3
1594 2
1595 1
1596 2
1597 1
1598 1
1599 1
1600 2
1601 2
1602 1
1603 1
1604 1
1605 1
1606 2
1607 1
1608 1
1609 2
1610 1
1611 3
1612 3
1613 2
1614 2
1615 1
1616 1
1617 1
1618 3
1620 3
1621 1
1625 1
1626 2
1628 3
1629 3
1630 2
1631 3
1633 3
1634 2
1635 2
1636 1
1638 2
1639 1
1641 1
1642 1
1645 3
1646 3
1647 2
1648 1
1649 2
1651 1
1652 3
1653 1
1654 2
1655 3
1656 1
1657 3
1658 1
1659 2
1660 1
1661 3
1662 2
1664 2
1665 2
1666 1
1667 2
1668 1
1669 1
1670 1
1671 1
1672 1
1673 3
1674 1
1677 1
1678 1
1679 1
1680 1
1681 1
1682 2
1687 1
1689 1
1692 1
1694 1
1695 1
1696 2
1700 1
1701 1
1703 1
1704 2
1709 2
1719 1
1720 1
1722 1
1723 2
1724 4
1726 1
1727 1
1728 1
1732 1
1734 1
1736 1
1737 1
1738 1
1742 2
1743 1
1745 1
1754 3
1755 2
1756 3
1757 1
1758 2
1759 4
1760 4
1761 2
1762 3
1763 2
1766 2
1767 3
1768 1
1769 3
1770 1
1771 2
1772 1
1773 2
1774 5
1776 3
1777 1
1778 3
1779 2
1781 2
1782 1
1784 1
1785 2
1786 1
1787 1
1790 2
1792 3
1795 1
1797 2
1798 3
1801 2
1804 2
1807 1
1810 1
1811 2
1813 1
1814 2
1815 1
1820 1
1822 1
1823 1
1832 1
1849 1
1859 1
1863 1
1864 1
2012 1
2111 1
2138 1
2141 1
2177 1
2182 1
2201 1
2239 1
2240 1
2242 1
2296 1
2304 1
2333 1
2418 1
2476 1
2479 1
2483 1
2484 1
2496 1
2498 1
2502 1
2507 1
2514 1
2521 1
2523 1
2533 1
2557 1
2575 1
2578 1
2582 1
2589 1
2612 1
2652 1
2657 1
2662 1
2665 1
2680 2
2685 1
2686 1
2689 1
2697 1
2703 1
2706 1
2714 1
2717 1
2721 1
2722 1
2727 1
2737 1
2741 1
2751 1
2754 1
2756 1
2758 1
2763 1
2777 1
2790 1
2797 1
2808 1
2822 1
2828 1
2838 1
3117 1
3121 1
3128 1
3132 1
3133 1
3137 1
3138 1
3142 1
3152 1
3153 1
3160 1
3162 1
3238 1
3269 1
