N J h mean_R_sq err_mean_R_sq mean_R_gyr_sq err_mean_R_gyr_sq 
3600 1.433 0 2761.01 61.1975 875.526 7.56035
0 58
1 125
2 117
3 110
4 133
5 126
6 116
7 128
8 123
9 109
10 129
11 119
12 120
13 125
14 143
15 109
16 114
17 106
18 117
19 119
20 115
21 101
22 120
23 124
24 131
25 112
26 125
27 106
28 129
29 102
30 111
31 90
32 100
33 91
34 99
35 85
36 116
37 81
38 91
39 95
40 91
41 83
42 73
43 75
44 70
45 74
46 71
47 77
48 65
49 67
50 74
51 55
52 57
53 54
54 51
55 47
56 41
57 54
58 49
59 47
60 55
61 35
62 33
63 33
64 32
65 29
66 24
67 33
68 22
69 21
70 26
71 20
72 24
73 17
74 20
75 16
76 7
77 19
78 16
79 14
80 10
81 18
82 11
83 5
84 13
85 12
86 6
87 6
88 9
89 10
90 4
91 1
92 3
93 2
94 2
95 6
96 4
98 3
99 6
100 1
101 1
102 2
103 3
104 3
105 3
106 2
107 2
108 4
109 1
112 1
113 1
115 1
238 2
