N J h mean_R_sq err_mean_R_sq mean_R_gyr_sq err_mean_R_gyr_sq 
2916 1.425 0 3941.23 1303.97 961.182 190.094
0 12
1 17
2 14
3 18
4 15
5 18
6 23
7 18
8 21
9 23
10 17
11 21
12 19
13 19
14 17
15 24
16 16
17 25
18 23
19 20
20 33
21 20
22 17
23 13
24 14
25 14
26 10
27 20
28 14
29 16
30 15
31 21
32 14
33 18
34 12
35 22
36 13
37 15
38 18
39 12
40 11
41 10
42 9
43 19
44 11
45 12
46 10
47 7
48 12
49 8
50 4
51 6
52 10
53 10
54 9
55 9
56 6
57 13
58 3
59 6
60 6
61 6
62 1
63 2
64 5
65 4
66 6
67 4
68 5
69 5
70 7
71 5
72 1
74 4
75 2
76 2
77 3
78 1
80 2
81 3
82 2
83 4
84 1
85 3
86 1
88 3
90 2
92 1
109 1
118 1
131 1
311 1
351 1
357 1
367 1
368 1
374 1
380 1
399 1
440 1
