N J h mean_R_sq err_mean_R_sq mean_R_gyr_sq err_mean_R_gyr_sq 
2916 1.4 0 3830.42 330.596 984.115 38.1668
0 7
1 17
2 19
3 29
4 25
5 14
6 25
7 28
8 16
9 25
10 31
11 21
12 23
13 21
14 24
15 21
16 31
17 29
18 22
19 24
20 22
21 12
22 21
23 34
24 23
25 16
26 22
27 16
28 18
29 18
30 14
31 16
32 22
33 29
34 16
35 12
36 14
37 13
38 16
39 16
40 17
41 20
42 24
43 13
44 9
45 15
46 16
47 8
48 15
49 9
50 9
51 13
52 9
53 19
54 11
55 8
56 8
57 7
58 11
59 15
60 7
61 11
62 11
63 9
64 8
65 5
66 6
67 9
68 10
69 6
70 6
71 6
72 10
73 9
74 5
75 4
76 7
77 4
78 2
79 3
80 5
81 4
82 2
83 2
84 7
85 1
86 5
87 2
88 4
89 1
90 1
91 4
92 6
93 1
94 1
95 2
96 1
97 2
98 1
99 4
100 3
101 1
104 1
105 1
106 2
107 2
108 1
109 1
110 1
111 1
114 1
115 1
118 2
119 1
124 1
129 1
137 2
141 1
146 1
158 1
527 1
