N J h mean_R_sq err_mean_R_sq mean_R_gyr_sq err_mean_R_gyr_sq 
1225 1.355 0 4890.62 52.6971 828.388 5.31684
0 53
1 118
2 112
3 91
4 109
5 109
6 101
7 118
8 105
9 132
10 98
11 115
12 102
13 92
14 106
15 99
16 118
17 103
18 101
19 99
20 109
21 108
22 118
23 113
24 100
25 98
26 103
27 114
28 102
29 114
30 102
31 113
32 102
33 103
34 92
35 100
36 88
37 91
38 86
39 93
40 95
41 83
42 82
43 103
44 94
45 75
46 72
47 79
48 81
49 84
50 89
51 77
52 78
53 88
54 65
55 74
56 89
57 79
58 60
59 62
60 65
61 69
62 52
63 51
64 45
65 43
66 51
67 44
68 74
69 48
70 48
71 52
72 50
73 39
74 32
75 45
76 40
77 40
78 42
79 37
80 28
81 45
82 30
83 26
84 31
85 33
86 38
87 26
88 27
89 28
90 32
91 25
92 26
93 22
94 18
95 20
96 20
97 16
98 20
99 14
100 17
101 10
102 17
103 11
104 12
105 13
106 8
107 11
108 14
109 10
110 11
111 12
112 7
113 12
114 7
115 6
116 4
117 9
118 8
119 2
120 8
121 5
122 2
123 3
125 5
127 3
128 1
129 5
131 5
132 2
133 2
134 2
135 2
136 2
139 1
140 2
141 2
142 4
145 2
149 1
150 1
154 1
155 1
156 1
158 1
159 1
163 1
166 1
