N J h mean_R_sq err_mean_R_sq mean_R_gyr_sq err_mean_R_gyr_sq 
1225 1.425 0 1421.34 16.9733 363.8 1.50955
0 95
1 224
2 200
3 195
4 182
5 216
6 207
7 217
8 221
9 230
10 204
11 207
12 207
13 201
14 203
15 196
16 195
17 207
18 159
19 173
20 160
21 177
22 170
23 162
24 143
25 162
26 163
27 144
28 143
29 122
30 134
31 112
32 123
33 119
34 91
35 93
36 107
37 77
38 61
39 80
40 73
41 75
42 64
43 61
44 47
45 54
46 58
47 42
48 43
49 36
50 30
51 45
52 34
53 22
54 27
55 22
56 22
57 26
58 20
59 27
60 13
61 16
62 9
63 14
64 12
65 11
66 10
67 8
68 7
69 10
70 10
71 4
72 5
73 8
74 5
75 6
76 7
77 1
78 5
79 2
80 5
81 4
83 3
84 3
86 1
87 1
88 1
89 3
90 1
93 3
102 1
