N J h mean_R_sq err_mean_R_sq mean_R_gyr_sq err_mean_R_gyr_sq 
1225 1.415 0 1670.07 40.2411 399.601 4.9988
0 35
1 55
2 53
3 45
4 48
5 64
6 47
7 42
8 37
9 46
10 51
11 39
12 46
13 47
14 63
15 49
16 47
17 53
18 38
19 44
20 47
21 56
22 34
23 35
24 32
25 28
26 43
27 25
28 34
29 41
30 32
31 39
32 25
33 23
34 22
35 30
36 21
37 19
38 19
39 20
40 20
41 16
42 25
43 17
44 22
45 15
46 19
47 18
48 14
49 11
50 12
51 11
52 9
53 13
54 6
55 5
56 7
57 8
58 10
59 4
60 5
61 3
62 3
63 6
64 3
65 6
66 2
67 5
68 3
69 1
70 4
71 3
72 2
74 2
76 2
77 1
79 2
82 3
83 2
87 1
89 1
95 1
110 1
168 1
