N J h mean_R_sq err_mean_R_sq mean_R_gyr_sq err_mean_R_gyr_sq 
1600 1.39 0 3160.24 61.3687 672.38 7.43513
0 50
1 79
2 101
3 74
4 83
5 70
6 94
7 98
8 87
9 86
10 90
11 79
12 93
13 95
14 97
15 82
16 85
17 85
18 79
19 85
20 85
21 65
22 86
23 80
24 80
25 70
26 60
27 86
28 65
29 79
30 69
31 68
32 66
33 66
34 54
35 54
36 59
37 58
38 66
39 46
40 39
41 56
42 58
43 37
44 57
45 47
46 54
47 58
48 50
49 45
50 49
51 21
52 29
53 31
54 36
55 33
56 23
57 39
58 28
59 31
60 25
61 20
62 36
63 27
64 30
65 33
66 23
67 23
68 24
69 22
70 16
71 16
72 22
73 18
74 8
75 15
76 21
77 7
78 11
79 12
80 16
81 12
82 13
83 10
84 9
85 9
86 8
87 10
88 7
89 7
90 4
91 6
92 5
93 6
94 9
95 5
96 3
97 4
98 6
99 3
100 3
101 9
102 2
103 5
104 3
105 1
106 6
107 5
108 6
109 1
111 1
112 1
113 1
114 2
115 2
117 1
120 1
124 1
125 1
126 1
130 3
133 1
135 1
136 2
139 1
143 1
151 1
