N J h mean_R_sq err_mean_R_sq mean_R_gyr_sq err_mean_R_gyr_sq 
1600 1.43 0 1617 53.9707 438.63 4.17099
0 26
1 35
2 36
3 42
4 41
5 46
6 47
7 36
8 41
9 38
10 43
11 26
12 33
13 40
14 38
15 45
16 41
17 36
18 34
19 42
20 25
21 33
22 34
23 25
24 27
25 28
26 23
27 33
28 32
29 19
30 26
31 26
32 32
33 28
34 16
35 26
36 23
37 19
38 19
39 13
40 28
41 14
42 8
43 18
44 9
45 13
46 11
47 7
48 4
49 7
50 13
51 10
52 7
53 7
54 5
55 4
56 5
57 4
58 7
59 5
60 4
61 3
63 2
64 1
65 4
66 1
67 2
68 2
69 3
70 3
71 2
72 1
73 1
74 1
75 1
77 2
78 1
79 1
80 1
81 1
85 1
86 1
102 1
