N J h mean_R_sq err_mean_R_sq mean_R_gyr_sq err_mean_R_gyr_sq 
900 1.34 0 4030.87 36.6547 662.94 2.86478
0 124
1 199
2 236
3 202
4 188
5 205
6 242
7 226
8 224
9 200
10 234
11 233
12 190
13 228
14 235
15 217
16 227
17 256
18 201
19 247
20 237
21 220
22 215
23 204
24 205
25 220
26 201
27 197
28 203
29 201
30 214
31 184
32 192
33 212
34 208
35 196
36 213
37 196
38 179
39 187
40 188
41 194
42 189
43 160
44 166
45 168
46 149
47 180
48 173
49 140
50 150
51 156
52 141
53 140
54 158
55 135
56 150
57 109
58 127
59 116
60 133
61 130
62 129
63 95
64 92
65 102
66 106
67 101
68 96
69 70
70 81
71 95
72 75
73 68
74 75
75 78
76 68
77 63
78 80
79 67
80 55
81 61
82 58
83 52
84 33
85 56
86 43
87 40
88 27
89 31
90 39
91 30
92 29
93 34
94 29
95 27
96 18
97 31
98 25
99 24
100 16
101 16
102 16
103 18
104 19
105 11
106 13
107 17
108 13
109 7
110 10
111 6
112 6
113 9
114 8
115 3
116 6
117 7
118 2
119 8
120 4
121 6
122 1
123 4
124 4
125 3
126 4
127 3
128 2
129 4
130 2
131 3
132 1
133 2
134 2
135 1
136 1
137 2
141 2
150 1
154 1
155 1
157 1
