N J h mean_R_sq err_mean_R_sq mean_R_gyr_sq err_mean_R_gyr_sq 
3600 1.368 0 12575.8 1157.44 2310.7 169.933
0 28
1 66
2 59
3 65
4 57
5 59
6 55
7 65
8 48
9 59
10 51
11 56
12 66
13 54
14 57
15 57
16 48
17 48
18 53
19 61
20 62
21 60
22 71
23 63
24 58
25 70
26 50
27 44
28 79
29 56
30 71
31 47
32 51
33 58
34 55
35 48
36 54
37 53
38 65
39 51
40 53
41 51
42 57
43 65
44 49
45 42
46 52
47 51
48 55
49 54
50 46
51 51
52 62
53 59
54 53
55 35
56 49
57 47
58 59
59 50
60 56
61 33
62 50
63 44
64 37
65 49
66 37
67 34
68 34
69 43
70 40
71 43
72 41
73 37
74 39
75 37
76 34
77 35
78 50
79 49
80 38
81 43
82 38
83 44
84 34
85 35
86 45
87 38
88 19
89 34
90 44
91 35
92 36
93 39
94 32
95 38
96 28
97 23
98 18
99 31
100 26
101 29
102 24
103 24
104 31
105 29
106 28
107 19
108 28
109 28
110 30
111 18
112 21
113 28
114 19
115 19
116 22
117 22
118 25
119 17
120 20
121 21
122 19
123 29
124 22
125 14
126 15
127 18
128 15
129 22
130 14
131 24
132 14
133 23
134 12
135 21
136 15
137 18
138 19
139 22
140 13
141 13
142 17
143 8
144 9
145 7
146 11
147 10
148 11
149 11
150 9
151 10
152 12
153 2
154 14
155 10
156 11
157 8
158 6
159 9
160 5
161 8
162 8
163 7
164 6
165 5
166 1
167 2
168 8
169 7
170 4
171 12
172 4
173 2
174 9
175 5
176 4
177 1
178 1
179 1
180 2
181 2
182 2
183 1
184 4
185 3
186 5
187 1
188 6
189 3
190 2
191 2
192 4
194 3
195 5
196 2
197 1
198 2
199 4
200 2
201 2
203 3
204 2
207 1
209 2
210 1
211 1
215 2
218 1
219 1
220 2
222 1
225 1
226 1
227 1
232 1
233 1
234 2
236 1
242 1
243 1
245 1
253 2
261 1
277 1
282 1
361 1
366 1
648 1
653 1
702 1
711 1
749 1
767 1
796 1
807 1
851 1
