N J h mean_R_sq err_mean_R_sq mean_R_gyr_sq err_mean_R_gyr_sq 
3600 1.36 0 15853.3 992.17 2786.94 138.141
0 45
1 76
2 82
3 78
4 81
5 67
6 101
7 80
8 79
9 81
10 94
11 81
12 105
13 81
14 91
15 90
16 81
17 75
18 86
19 69
20 95
21 76
22 87
23 85
24 68
25 78
26 91
27 78
28 71
29 86
30 98
31 84
32 72
33 74
34 75
35 74
36 76
37 76
38 76
39 83
40 75
41 62
42 67
43 82
44 67
45 85
46 66
47 84
48 71
49 64
50 94
51 70
52 75
53 65
54 73
55 77
56 91
57 64
58 69
59 83
60 57
61 75
62 74
63 72
64 63
65 66
66 78
67 78
68 75
69 64
70 54
71 58
72 62
73 69
74 59
75 74
76 53
77 53
78 55
79 68
80 72
81 59
82 67
83 67
84 64
85 58
86 54
87 64
88 56
89 61
90 54
91 63
92 57
93 57
94 46
95 66
96 39
97 54
98 62
99 45
100 42
101 46
102 48
103 52
104 53
105 41
106 44
107 46
108 31
109 54
110 38
111 37
112 47
113 37
114 44
115 47
116 34
117 44
118 43
119 43
120 51
121 37
122 33
123 37
124 32
125 43
126 27
127 30
128 34
129 32
130 28
131 25
132 34
133 33
134 25
135 40
136 34
137 37
138 29
139 20
140 35
141 23
142 31
143 27
144 19
145 38
146 28
147 21
148 20
149 21
150 20
151 23
152 19
153 11
154 22
155 22
156 18
157 15
158 22
159 13
160 27
161 15
162 20
163 15
164 17
165 8
166 11
167 17
168 15
169 19
170 14
171 8
172 13
173 15
174 13
175 12
176 9
177 18
178 5
179 6
180 9
181 9
182 13
183 11
184 10
185 5
186 9
187 6
188 9
189 6
190 7
191 3
192 7
193 13
194 8
195 4
196 5
197 4
198 5
199 5
200 9
201 13
202 3
203 3
204 4
205 3
206 8
207 4
208 5
209 10
210 3
211 4
212 6
213 4
214 3
215 5
216 2
217 2
218 5
219 5
220 4
221 3
222 4
223 3
224 3
225 2
226 1
227 3
228 3
229 3
231 5
232 1
233 4
234 1
235 3
237 1
238 2
239 2
240 4
241 1
242 2
245 2
247 1
248 2
250 2
251 2
252 2
253 2
254 2
255 1
264 2
266 2
267 3
269 2
274 1
275 1
276 1
279 3
283 1
289 1
291 1
294 1
296 1
299 1
306 1
310 1
319 1
410 1
553 2
580 1
593 1
600 1
617 1
619 1
640 1
674 1
722 1
738 1
749 1
770 1
901 1
954 1
