N J h mean_R_sq err_mean_R_sq mean_R_gyr_sq err_mean_R_gyr_sq 
2500 1.348 0 13651.6 264.518 2238.55 35.8933
0 23
1 52
2 57
3 68
4 48
5 64
6 52
7 57
8 60
9 54
10 55
11 54
12 58
13 61
14 60
15 66
16 61
17 67
18 59
19 62
20 56
21 55
22 63
23 58
24 60
25 57
26 66
27 70
28 50
29 55
30 53
31 53
32 54
33 78
34 54
35 53
36 52
37 48
38 57
39 52
40 51
41 74
42 49
43 54
44 51
45 67
46 46
47 58
48 53
49 55
50 38
51 42
52 51
53 68
54 66
55 73
56 52
57 64
58 60
59 47
60 50
61 41
62 49
63 54
64 43
65 46
66 59
67 37
68 37
69 41
70 53
71 50
72 49
73 35
74 52
75 51
76 64
77 42
78 44
79 56
80 51
81 26
82 33
83 40
84 37
85 45
86 51
87 53
88 45
89 37
90 43
91 43
92 33
93 39
94 43
95 41
96 41
97 45
98 34
99 40
100 33
101 29
102 22
103 34
104 28
105 35
106 40
107 27
108 33
109 27
110 32
111 41
112 31
113 24
114 24
115 20
116 38
117 38
118 19
119 32
120 26
121 28
122 27
123 24
124 33
125 22
126 33
127 22
128 23
129 21
130 20
131 18
132 13
133 14
134 23
135 16
136 15
137 14
138 22
139 18
140 15
141 13
142 25
143 12
144 16
145 13
146 12
147 11
148 15
149 10
150 12
151 9
152 11
153 8
154 13
155 14
156 9
157 14
158 12
159 13
160 4
161 10
162 8
163 7
164 8
165 5
166 10
167 7
168 16
169 5
170 10
171 11
172 7
173 7
174 5
175 14
176 4
177 5
178 6
179 6
180 7
181 13
182 2
183 8
184 4
185 6
186 4
187 3
188 5
189 6
190 3
191 6
192 1
193 3
194 7
195 3
196 1
197 6
198 3
199 2
200 2
201 7
202 3
203 4
204 5
205 1
206 5
207 1
208 1
210 2
211 2
212 2
213 2
214 2
215 2
216 1
217 3
218 2
220 2
221 1
224 2
226 1
227 2
228 2
230 1
231 1
232 2
233 1
234 1
236 1
237 1
242 2
244 2
249 1
250 1
254 1
258 1
260 2
263 1
273 1
346 1
452 1
518 1
540 1
