N J h mean_R_sq err_mean_R_sq mean_R_gyr_sq err_mean_R_gyr_sq 
2500 1.42 0 2448.02 37.4368 695.72 3.90732
0 98
1 195
2 189
3 203
4 188
5 202
6 169
7 186
8 172
9 226
10 228
11 193
12 203
13 196
14 216
15 180
16 176
17 178
18 190
19 170
20 173
21 176
22 176
23 164
24 171
25 146
26 198
27 170
28 138
29 151
30 163
31 144
32 173
33 149
34 136
35 127
36 116
37 129
38 137
39 117
40 118
41 118
42 113
43 108
44 88
45 104
46 98
47 90
48 93
49 87
50 94
51 72
52 73
53 55
54 63
55 68
56 64
57 58
58 74
59 62
60 53
61 49
62 46
63 45
64 29
65 34
66 25
67 29
68 27
69 38
70 26
71 30
72 32
73 27
74 15
75 17
76 20
77 18
78 16
79 16
80 19
81 14
82 10
83 9
84 9
85 12
86 8
87 11
88 13
89 7
90 7
91 3
92 8
93 7
94 3
95 8
96 4
97 5
98 2
99 4
100 4
101 2
102 5
103 3
104 1
106 1
107 1
108 2
109 1
111 2
112 2
114 2
115 3
118 1
124 1
130 1
