N J h mean_R_sq err_mean_R_sq mean_R_gyr_sq err_mean_R_gyr_sq 
8100 1.326 0 155470 47550.5 22577.7 6643.41
0 3
1 6
2 10
3 10
4 9
5 11
6 13
7 10
8 12
9 10
10 10
11 11
12 11
13 11
14 7
15 8
16 9
17 10
18 10
19 4
20 17
21 12
22 15
23 10
24 4
25 6
26 12
27 6
28 6
29 11
30 11
31 11
32 7
33 9
34 8
35 14
36 7
37 10
38 7
39 5
40 12
41 5
42 12
43 10
44 14
45 14
46 14
47 6
48 10
49 7
50 11
51 10
52 6
53 14
54 9
55 7
56 7
57 9
58 10
59 9
60 5
61 11
62 9
63 5
64 11
65 11
66 14
67 11
68 12
69 13
70 11
71 6
72 15
73 14
74 7
75 14
76 9
77 11
78 8
79 10
80 14
81 15
82 12
83 8
84 6
85 11
86 10
87 10
88 11
89 6
90 11
91 4
92 7
93 7
94 9
95 14
96 13
97 9
98 9
99 8
100 10
101 7
102 5
103 11
104 13
105 8
106 14
107 11
108 12
109 14
110 11
111 18
112 9
113 11
114 4
115 8
116 8
117 7
118 8
119 10
120 9
121 9
122 9
123 11
124 12
125 18
126 4
127 10
128 11
129 11
130 10
131 12
132 11
133 16
134 8
135 10
136 8
137 7
138 13
139 7
140 8
141 7
142 24
143 9
144 9
145 9
146 11
147 10
148 5
149 9
150 10
151 8
152 11
153 12
154 6
155 11
156 7
157 3
158 6
159 11
160 8
161 12
162 9
163 14
164 10
165 11
166 10
167 10
168 12
169 8
170 14
171 8
172 13
173 7
174 18
175 8
176 8
177 7
178 14
179 11
180 6
181 5
182 5
183 13
184 6
185 8
186 13
187 6
188 8
189 6
190 13
191 8
192 7
193 8
194 7
195 9
196 6
197 11
198 10
199 6
200 8
201 5
202 8
203 9
204 6
205 4
206 10
207 10
208 12
209 7
210 13
211 13
212 9
213 7
214 13
215 7
216 5
217 8
218 9
219 11
220 6
221 6
222 11
223 5
224 10
225 5
226 6
227 4
228 7
229 6
230 8
231 10
232 9
233 13
234 12
235 2
236 7
237 8
238 8
239 8
240 4
241 7
242 5
243 11
244 11
245 8
246 9
247 13
248 11
249 10
250 12
251 6
252 10
253 8
254 10
255 7
256 8
257 6
258 5
259 6
260 10
261 10
262 1
263 6
264 5
265 10
266 6
267 9
268 7
269 9
270 6
271 3
272 5
273 6
274 3
275 11
276 8
277 6
278 9
279 8
280 7
281 9
282 4
283 6
284 8
285 11
286 3
287 4
288 10
289 5
290 4
291 5
292 3
293 10
294 7
295 4
296 9
297 6
298 9
299 5
300 5
301 5
302 5
303 6
304 7
305 10
306 5
307 6
308 7
309 6
310 5
311 6
312 5
313 5
314 9
315 6
316 10
317 4
318 3
319 5
320 5
321 8
322 6
323 5
324 6
325 2
326 6
327 6
328 8
329 4
330 5
331 5
332 2
333 4
334 7
335 3
336 3
337 4
338 6
339 4
340 8
341 7
342 8
343 4
344 3
345 2
346 2
347 4
348 3
349 5
351 5
352 6
353 6
354 5
355 2
356 7
358 5
359 3
360 5
361 5
362 6
363 3
364 4
365 4
366 3
367 1
368 2
369 3
370 2
371 2
372 3
374 2
375 3
376 2
377 4
378 2
379 1
380 4
381 4
382 4
383 3
384 4
385 3
386 5
387 2
388 4
389 1
390 4
391 2
392 6
393 2
394 1
395 9
396 3
397 1
398 3
399 3
400 1
401 5
402 1
403 1
404 3
405 2
407 1
408 1
409 3
410 6
411 1
412 1
413 2
414 3
416 2
417 1
418 5
419 1
420 2
421 2
422 1
423 3
424 2
425 1
426 2
427 1
428 2
429 1
430 7
431 3
432 2
434 3
435 2
436 2
437 3
438 3
439 5
440 1
441 4
442 1
443 1
444 1
446 1
447 2
448 1
450 4
452 2
453 2
454 2
455 1
456 1
458 1
460 3
461 1
464 2
465 1
466 2
470 1
472 1
473 2
474 1
476 2
478 2
479 1
481 2
483 1
484 1
485 1
487 1
490 1
491 1
496 1
497 3
498 3
499 1
500 1
502 1
503 1
504 2
506 1
507 2
508 1
510 1
513 1
514 1
515 1
517 1
519 1
521 1
523 1
526 1
527 1
528 1
530 1
534 1
538 1
539 1
550 1
551 2
588 1
605 1
643 1
