N J h mean_R_sq err_mean_R_sq mean_R_gyr_sq err_mean_R_gyr_sq 
900 1.41 0 1431.78 33.189 315.599 2.52936
0 31
1 66
2 53
3 56
4 59
5 73
6 61
7 57
8 63
9 74
10 57
11 52
12 46
13 58
14 50
15 47
16 45
17 56
18 54
19 46
20 41
21 49
22 55
23 43
24 46
25 37
26 51
27 40
28 39
29 30
30 27
31 31
32 34
33 40
34 23
35 28
36 28
37 19
38 24
39 27
40 20
41 23
42 20
43 16
44 13
45 12
46 20
47 18
48 10
49 11
50 9
51 12
52 11
53 5
54 9
55 3
56 4
57 13
58 6
59 7
60 2
61 5
62 3
63 4
64 3
65 1
66 2
68 3
69 4
70 2
71 1
72 1
74 1
75 3
76 1
78 2
79 1
84 1
85 1
