N J h mean_R_sq err_mean_R_sq mean_R_gyr_sq err_mean_R_gyr_sq 
8100 1.441 0 22602.2 16900.2 4045.84 2138.99
0 21
1 53
2 61
3 53
4 45
5 59
6 55
7 61
8 57
9 61
10 52
11 57
12 48
13 58
14 52
15 56
16 51
17 55
18 56
19 58
20 53
21 41
22 47
23 57
24 53
25 54
26 50
27 39
28 58
29 36
30 46
31 35
32 42
33 41
34 45
35 45
36 57
37 46
38 52
39 49
40 42
41 57
42 43
43 47
44 45
45 37
46 46
47 39
48 39
49 37
50 36
51 40
52 43
53 41
54 33
55 28
56 38
57 37
58 36
59 34
60 31
61 27
62 27
63 40
64 28
65 29
66 29
67 26
68 19
69 18
70 19
71 28
72 17
73 31
74 18
75 23
76 27
77 22
78 26
79 22
80 19
81 20
82 20
83 21
84 16
85 20
86 18
87 15
88 18
89 12
90 14
91 15
92 13
93 16
94 11
95 15
96 11
97 12
98 9
99 12
100 8
101 8
102 13
103 7
104 3
105 4
106 4
107 2
108 7
109 8
110 6
111 4
112 10
113 8
114 5
115 5
116 3
117 5
118 9
119 2
120 3
121 2
122 2
123 3
124 3
125 1
126 2
127 2
128 2
129 2
130 2
131 1
132 2
133 1
134 2
135 4
136 3
138 3
139 1
140 3
141 1
146 1
148 1
154 1
155 1
158 1
163 1
