N J h mean_R_sq err_mean_R_sq mean_R_gyr_sq err_mean_R_gyr_sq 
1225 1.364 0 4214.85 47.3442 738.004 4.50139
0 53
1 109
2 88
3 103
4 122
5 128
6 109
7 119
8 135
9 97
10 142
11 103
12 114
13 114
14 105
15 87
16 117
17 110
18 106
19 107
20 102
21 108
22 113
23 130
24 96
25 106
26 104
27 90
28 93
29 83
30 79
31 91
32 120
33 96
34 81
35 81
36 104
37 104
38 90
39 76
40 86
41 91
42 92
43 93
44 97
45 95
46 87
47 76
48 74
49 83
50 62
51 73
52 68
53 65
54 67
55 62
56 64
57 57
58 56
59 57
60 60
61 47
62 67
63 46
64 52
65 58
66 50
67 39
68 41
69 41
70 41
71 29
72 35
73 28
74 45
75 38
76 30
77 30
78 27
79 32
80 26
81 23
82 18
83 18
84 28
85 24
86 19
87 23
88 16
89 21
90 23
91 14
92 22
93 11
94 12
95 14
96 12
97 9
98 14
99 13
100 5
101 8
102 14
103 12
104 10
105 4
106 8
107 4
108 6
109 11
110 5
111 10
112 6
113 5
114 7
115 8
116 2
117 4
118 3
119 6
120 9
121 5
122 1
123 2
124 3
125 2
126 2
127 1
128 6
129 1
132 1
133 1
134 2
135 1
136 1
139 1
143 1
144 3
145 1
159 1
