N J h mean_R_sq err_mean_R_sq mean_R_gyr_sq err_mean_R_gyr_sq 
3600 1.409 0 4361.86 502.577 1144.83 77.4458
0 66
1 139
2 137
3 124
4 117
5 130
6 125
7 121
8 148
9 123
10 159
11 132
12 152
13 145
14 126
15 136
16 126
17 129
18 119
19 124
20 135
21 110
22 134
23 112
24 117
25 126
26 115
27 121
28 109
29 129
30 95
31 128
32 119
33 109
34 120
35 114
36 108
37 118
38 84
39 91
40 107
41 83
42 89
43 108
44 88
45 93
46 98
47 80
48 81
49 87
50 84
51 79
52 79
53 77
54 69
55 78
56 70
57 63
58 55
59 56
60 62
61 54
62 50
63 44
64 47
65 48
66 64
67 53
68 50
69 44
70 41
71 45
72 40
73 34
74 37
75 32
76 21
77 39
78 32
79 33
80 29
81 25
82 22
83 26
84 17
85 20
86 20
87 21
88 18
89 22
90 19
91 9
92 18
93 15
94 17
95 13
96 14
97 16
98 14
99 13
100 14
101 10
102 7
103 12
104 7
105 9
106 9
107 7
108 5
109 6
110 3
111 3
112 4
113 8
114 2
115 6
116 6
117 3
118 3
119 4
120 5
121 4
122 2
125 3
126 1
127 3
129 2
132 2
133 1
134 1
137 2
138 2
139 2
141 1
144 1
146 3
170 1
186 1
