N J h mean_R_sq err_mean_R_sq mean_R_gyr_sq err_mean_R_gyr_sq 
900 1.385 0 2083.29 31.0563 408.888 2.81148
0 36
1 84
2 92
3 109
4 122
5 113
6 118
7 96
8 108
9 103
10 114
11 102
12 102
13 86
14 97
15 104
16 89
17 90
18 98
19 98
20 80
21 98
22 95
23 79
24 99
25 70
26 89
27 78
28 87
29 78
30 71
31 64
32 57
33 70
34 67
35 62
36 52
37 63
38 52
39 50
40 36
41 46
42 38
43 55
44 48
45 37
46 47
47 48
48 42
49 28
50 23
51 32
52 26
53 29
54 26
55 29
56 23
57 31
58 24
59 20
60 15
61 18
62 27
63 17
64 14
65 19
66 13
67 12
68 14
69 13
70 11
71 8
72 9
73 9
74 7
75 7
76 7
77 2
78 4
79 6
80 5
81 2
82 6
83 5
84 4
85 4
86 4
87 4
88 2
90 2
92 2
93 1
95 4
96 2
97 1
98 1
99 1
101 3
104 1
105 1
112 1
114 1
