N J h mean_R_sq err_mean_R_sq mean_R_gyr_sq err_mean_R_gyr_sq 
4900 1.39 0 8197.41 969.197 1936.58 125.741
0 66
1 113
2 129
3 133
4 141
5 149
6 156
7 136
8 131
9 150
10 130
11 133
12 155
13 138
14 137
15 144
16 155
17 159
18 144
19 152
20 133
21 140
22 130
23 144
24 106
25 141
26 111
27 140
28 128
29 123
30 122
31 113
32 129
33 107
34 131
35 132
36 137
37 117
38 109
39 120
40 105
41 119
42 129
43 96
44 134
45 131
46 110
47 111
48 110
49 104
50 115
51 105
52 98
53 110
54 108
55 89
56 90
57 91
58 100
59 107
60 82
61 81
62 95
63 80
64 90
65 79
66 70
67 82
68 65
69 70
70 70
71 81
72 64
73 69
74 60
75 61
76 74
77 80
78 71
79 59
80 56
81 58
82 54
83 61
84 52
85 43
86 49
87 58
88 60
89 59
90 49
91 42
92 53
93 38
94 37
95 48
96 37
97 37
98 39
99 35
100 34
101 34
102 41
103 43
104 32
105 36
106 29
107 25
108 38
109 32
110 18
111 26
112 35
113 26
114 20
115 20
116 21
117 24
118 16
119 12
120 18
121 19
122 18
123 18
124 17
125 13
126 10
127 16
128 13
129 10
130 23
131 7
132 13
133 11
134 14
135 11
136 10
137 6
138 9
139 12
140 9
141 9
142 14
143 7
144 7
145 6
146 3
147 7
148 9
149 9
150 8
151 8
152 4
153 4
154 2
155 3
156 2
157 1
158 7
159 5
160 1
161 3
162 1
163 4
164 1
165 1
166 2
167 8
169 5
170 1
171 2
172 1
174 6
175 2
176 2
177 1
178 3
180 4
181 1
182 1
183 2
184 2
185 1
188 2
189 1
190 2
192 1
193 1
195 1
197 1
198 1
199 1
200 1
201 1
202 1
208 1
250 1
