N J h mean_R_sq err_mean_R_sq mean_R_gyr_sq err_mean_R_gyr_sq 
2500 1.315 0 22194.4 164.907 3345.17 16.5273
0 73
1 95
2 140
3 103
4 123
5 136
6 122
7 126
8 130
9 145
10 133
11 121
12 116
13 132
14 114
15 128
16 132
17 144
18 122
19 149
20 126
21 113
22 113
23 140
24 124
25 119
26 126
27 119
28 116
29 120
30 149
31 138
32 142
33 113
34 127
35 131
36 146
37 134
38 124
39 143
40 118
41 112
42 147
43 135
44 136
45 119
46 110
47 120
48 127
49 124
50 130
51 115
52 116
53 124
54 149
55 111
56 119
57 109
58 120
59 134
60 106
61 130
62 121
63 140
64 134
65 137
66 129
67 154
68 132
69 124
70 139
71 125
72 127
73 124
74 126
75 132
76 139
77 128
78 132
79 106
80 122
81 124
82 103
83 123
84 148
85 114
86 112
87 108
88 135
89 121
90 123
91 111
92 101
93 125
94 109
95 115
96 109
97 120
98 105
99 121
100 117
101 107
102 105
103 120
104 136
105 101
106 99
107 118
108 112
109 88
110 121
111 97
112 106
113 98
114 85
115 106
116 111
117 83
118 102
119 99
120 123
121 84
122 99
123 101
124 104
125 94
126 80
127 94
128 107
129 82
130 89
131 74
132 77
133 85
134 85
135 85
136 83
137 78
138 85
139 74
140 74
141 83
142 80
143 78
144 80
145 79
146 72
147 84
148 71
149 91
150 93
151 71
152 68
153 60
154 61
155 68
156 57
157 56
158 73
159 52
160 60
161 59
162 60
163 61
164 50
165 58
166 57
167 57
168 52
169 47
170 44
171 59
172 50
173 49
174 46
175 44
176 48
177 41
178 37
179 43
180 28
181 41
182 44
183 47
184 42
185 40
186 44
187 42
188 32
189 43
190 26
191 46
192 45
193 39
194 27
195 28
196 35
197 35
198 20
199 26
200 24
201 15
202 29
203 24
204 27
205 27
206 26
207 20
208 30
209 17
210 21
211 24
212 20
213 19
214 15
215 19
216 17
217 12
218 26
219 15
220 8
221 12
222 15
223 13
224 18
225 13
226 10
227 19
228 12
229 10
230 10
231 15
232 18
233 5
234 7
235 8
236 4
237 6
238 9
239 12
240 6
241 7
242 4
243 7
244 6
245 6
246 8
247 7
248 6
249 7
250 4
251 1
252 9
253 4
254 9
255 2
256 5
257 2
258 4
260 6
262 7
263 6
264 2
265 5
266 3
268 3
269 4
270 1
271 2
272 2
273 2
274 2
275 3
276 3
278 3
279 2
280 1
281 2
282 3
284 1
286 3
288 1
290 2
291 2
292 2
293 2
295 1
297 2
298 2
301 3
302 1
303 1
309 2
310 1
322 1
326 1
327 1
