N J h mean_R_sq err_mean_R_sq mean_R_gyr_sq err_mean_R_gyr_sq 
2916 1.34 0 18466.4 570.209 3001.29 72.0741
0 4
1 11
2 14
3 17
4 11
5 12
6 10
7 8
8 12
9 17
10 15
11 10
12 15
13 16
14 12
15 17
16 14
17 11
18 16
19 17
20 13
21 16
22 21
23 10
24 10
25 12
26 16
27 9
28 13
29 6
30 13
31 13
32 10
33 9
34 12
35 10
36 11
37 11
38 9
39 16
40 5
41 13
42 12
43 21
44 14
45 8
46 14
47 19
48 6
49 9
50 9
51 17
52 17
53 14
54 12
55 12
56 9
57 14
58 11
59 18
60 10
61 12
62 6
63 18
64 10
65 11
66 13
67 15
68 10
69 9
70 10
71 10
72 10
73 11
74 15
75 13
76 12
77 16
78 14
79 9
80 9
81 11
82 11
83 8
84 10
85 14
86 14
87 9
88 13
89 15
90 7
91 13
92 9
93 11
94 18
95 7
96 8
97 10
98 10
99 13
100 13
101 7
102 10
103 6
104 12
105 7
106 2
107 6
108 11
109 13
110 9
111 8
112 7
113 11
114 6
115 11
116 9
117 11
118 6
119 10
120 8
121 10
122 10
123 7
124 5
125 5
126 13
127 4
128 5
129 7
130 6
131 7
132 1
133 12
134 2
135 5
136 9
137 7
138 7
139 10
140 6
141 6
142 6
143 6
144 3
145 11
146 11
147 6
148 5
149 10
150 4
151 5
152 5
153 6
154 5
155 4
156 5
157 4
158 1
159 2
160 3
161 2
162 3
163 3
164 8
165 6
166 8
167 2
168 4
169 3
170 6
171 1
172 4
173 3
174 3
175 1
176 3
177 4
178 3
179 6
180 1
181 7
182 1
183 2
184 4
185 4
186 2
187 2
189 4
190 2
191 2
192 4
193 4
194 2
196 1
197 4
198 1
199 1
200 2
201 1
202 1
204 3
205 1
206 3
208 1
209 1
211 1
212 2
213 2
215 1
216 1
217 2
218 1
219 2
220 2
221 1
222 1
232 2
233 4
234 1
236 1
238 1
241 1
242 1
250 1
273 1
