N J h mean_R_sq err_mean_R_sq mean_R_gyr_sq err_mean_R_gyr_sq 
2500 1.435 0 5532.77 3407.64 1318.21 673.276
0 9
1 19
2 24
3 25
4 31
5 25
6 27
7 19
8 29
9 18
10 18
11 23
12 19
13 25
14 21
15 14
16 22
17 27
18 21
19 16
20 20
21 13
22 21
23 18
24 15
25 18
26 19
27 22
28 21
29 21
30 15
31 13
32 12
33 19
34 16
35 13
36 11
37 18
38 7
39 11
40 8
41 16
42 12
43 12
44 9
45 12
46 11
47 10
48 10
49 7
50 8
51 15
52 5
53 6
54 13
55 9
56 8
57 9
58 6
59 5
60 5
61 5
63 4
64 3
65 4
66 3
67 1
68 3
69 2
70 3
71 2
72 3
74 2
76 2
77 3
78 2
79 1
80 1
85 1
90 1
101 1
104 1
