N J h mean_R_sq err_mean_R_sq mean_R_gyr_sq err_mean_R_gyr_sq 
1600 1.356 0 6141.22 258.614 1076.96 29.3938
0 5
1 6
2 5
3 8
4 10
5 5
6 8
7 8
8 5
9 6
10 14
11 9
12 5
13 5
14 6
15 8
16 7
17 9
18 10
19 5
20 5
21 6
22 6
23 10
24 5
25 11
26 12
27 7
28 8
29 3
30 6
31 7
32 7
33 4
34 12
35 16
36 3
37 9
38 4
39 10
40 5
41 8
42 4
43 7
44 8
45 7
46 9
47 7
48 8
49 11
50 6
51 2
52 7
53 4
54 5
55 3
56 9
57 4
58 3
59 5
60 4
61 3
62 4
63 7
64 8
65 4
66 7
67 5
68 7
69 3
70 6
71 4
72 5
73 2
74 5
75 4
76 4
77 5
78 5
79 5
81 6
82 3
83 3
84 6
85 1
86 4
87 4
88 2
89 4
90 4
91 1
92 4
93 1
94 1
95 1
97 3
98 1
99 3
100 3
101 2
102 1
104 3
105 1
106 2
107 1
108 1
109 1
110 1
111 1
114 1
115 1
116 2
117 1
119 1
120 1
122 1
127 1
129 1
131 1
137 1
140 1
142 1
145 1
202 1
