N J h mean_R_sq err_mean_R_sq mean_R_gyr_sq err_mean_R_gyr_sq 
8100 1.41 0 279825 267896 42955.8 40185.5
0 152
1 225
2 281
3 230
4 240
5 271
6 247
7 242
8 238
9 250
10 211
11 255
12 232
13 237
14 250
15 223
16 214
17 250
18 222
19 231
20 207
21 197
22 218
23 233
24 228
25 188
26 225
27 219
28 208
29 214
30 212
31 235
32 193
33 210
34 208
35 194
36 194
37 168
38 219
39 198
40 188
41 178
42 177
43 167
44 164
45 194
46 176
47 176
48 166
49 177
50 183
51 177
52 174
53 176
54 159
55 169
56 153
57 133
58 152
59 155
60 163
61 147
62 126
63 132
64 130
65 131
66 129
67 121
68 132
69 133
70 121
71 116
72 130
73 119
74 104
75 121
76 110
77 113
78 127
79 104
80 99
81 92
82 93
83 86
84 100
85 82
86 80
87 91
88 102
89 94
90 83
91 95
92 61
93 79
94 64
95 74
96 72
97 78
98 62
99 65
100 60
101 69
102 57
103 61
104 75
105 46
106 69
107 54
108 49
109 52
110 36
111 51
112 51
113 31
114 41
115 34
116 40
117 34
118 34
119 35
120 32
121 28
122 29
123 29
124 23
125 21
126 21
127 26
128 13
129 16
130 14
131 15
132 16
133 24
134 18
135 17
136 19
137 17
138 8
139 7
140 8
141 11
142 11
143 8
144 10
145 8
146 8
147 10
148 3
149 10
150 7
151 2
152 2
153 10
154 7
155 3
156 5
157 5
158 3
159 5
160 5
161 3
162 1
163 3
164 4
165 6
166 3
167 3
168 2
169 3
170 4
171 1
172 1
173 4
174 3
175 2
176 4
178 2
180 2
181 3
183 1
184 1
185 2
190 1
191 2
192 1
