N J h mean_R_sq err_mean_R_sq mean_R_gyr_sq err_mean_R_gyr_sq 
2916 1.405 0 3659.35 269.194 962.251 42.0783
0 9
1 15
2 14
3 16
4 15
5 9
6 18
7 11
8 14
9 10
10 11
11 21
12 21
13 28
14 22
15 19
16 23
17 12
18 13
19 14
20 21
21 21
22 21
23 13
24 15
25 20
26 18
27 22
28 12
29 14
30 23
31 13
32 15
33 17
34 14
35 17
36 26
37 8
38 13
39 13
40 18
41 15
42 13
43 16
44 14
45 10
46 8
47 13
48 19
49 3
50 10
51 12
52 10
53 8
54 5
55 5
56 10
57 7
58 8
59 6
60 12
61 10
62 7
63 9
64 5
65 7
66 2
67 3
68 3
69 3
70 5
71 1
72 3
74 5
75 1
76 4
77 2
78 3
79 2
81 4
82 3
83 4
84 3
86 3
87 1
88 1
89 1
90 1
92 3
94 1
95 3
96 2
98 3
99 1
100 1
101 1
102 2
105 1
106 1
107 2
108 2
109 1
118 1
125 1
127 1
128 1
135 1
137 1
