N J h mean_R_sq err_mean_R_sq mean_R_gyr_sq err_mean_R_gyr_sq 
2500 1.325 0 21528.5 2405.38 3088.2 243.981
1 1
2 1
7 1
9 1
10 3
14 1
15 1
17 2
18 1
20 1
25 1
26 2
28 2
32 1
34 1
36 2
38 1
40 1
41 2
43 2
44 1
46 1
49 1
50 1
54 2
57 1
58 1
59 1
61 1
65 1
68 1
72 1
74 1
75 1
80 1
82 1
83 1
84 1
85 1
89 2
94 1
95 2
96 1
97 1
98 1
99 1
100 2
101 1
103 1
105 2
106 1
108 2
109 1
116 1
117 1
119 1
120 1
121 3
123 1
128 1
129 1
132 1
133 1
134 1
142 1
143 1
147 1
155 1
156 1
157 1
158 1
159 1
160 1
161 1
162 1
165 1
166 1
168 1
169 1
196 1
200 1
212 1
218 1
