N J h mean_R_sq err_mean_R_sq mean_R_gyr_sq err_mean_R_gyr_sq 
4900 1.45 0 5031.37 2034.7 1371.89 300.475
0 74
1 152
2 148
3 141
4 144
5 144
6 117
7 135
8 170
9 112
10 160
11 148
12 154
13 137
14 134
15 145
16 152
17 146
18 156
19 133
20 130
21 140
22 123
23 138
24 120
25 126
26 143
27 121
28 138
29 148
30 134
31 145
32 112
33 106
34 94
35 96
36 119
37 99
38 119
39 117
40 95
41 93
42 97
43 85
44 104
45 87
46 81
47 81
48 99
49 80
50 76
51 63
52 81
53 67
54 57
55 60
56 59
57 56
58 56
59 40
60 73
61 40
62 63
63 54
64 34
65 45
66 57
67 47
68 44
69 35
70 34
71 31
72 27
73 41
74 23
75 21
76 39
77 16
78 22
79 21
80 19
81 12
82 22
83 16
84 14
85 20
86 11
87 10
88 6
89 10
90 13
91 7
92 11
93 8
94 6
95 5
96 5
97 5
98 5
99 3
100 6
102 4
103 3
104 2
105 4
106 1
107 3
108 1
109 1
111 2
112 1
114 1
115 3
118 1
119 1
120 1
128 1
134 1
