N J h mean_R_sq err_mean_R_sq mean_R_gyr_sq err_mean_R_gyr_sq 
1225 1.34 0 6010.98 58.6936 982.025 4.47651
0 81
1 191
2 141
3 163
4 146
5 149
6 164
7 172
8 169
9 171
10 168
11 166
12 161
13 175
14 157
15 155
16 159
17 181
18 165
19 129
20 154
21 175
22 162
23 149
24 151
25 147
26 152
27 153
28 151
29 146
30 146
31 155
32 112
33 154
34 144
35 141
36 155
37 134
38 132
39 130
40 132
41 136
42 163
43 141
44 144
45 126
46 140
47 122
48 124
49 130
50 136
51 118
52 122
53 116
54 135
55 115
56 109
57 121
58 123
59 115
60 109
61 89
62 100
63 91
64 96
65 115
66 79
67 93
68 101
69 79
70 97
71 96
72 82
73 83
74 97
75 95
76 85
77 80
78 64
79 55
80 68
81 76
82 69
83 68
84 67
85 65
86 58
87 55
88 61
89 46
90 63
91 46
92 44
93 45
94 44
95 39
96 46
97 41
98 36
99 42
100 47
101 25
102 48
103 29
104 26
105 27
106 29
107 18
108 34
109 34
110 21
111 29
112 30
113 26
114 21
115 34
116 10
117 16
118 14
119 14
120 14
121 15
122 9
123 12
124 11
125 9
126 12
127 5
128 7
129 9
130 9
131 8
132 4
133 6
134 5
135 8
136 6
137 7
138 5
139 6
140 4
141 8
142 5
143 4
144 2
145 3
146 2
147 3
148 6
150 2
154 3
155 1
156 5
157 1
159 1
160 1
161 1
162 1
163 1
164 1
165 1
167 1
169 1
181 1
186 1
204 1
