N J h mean_R_sq err_mean_R_sq mean_R_gyr_sq err_mean_R_gyr_sq 
8100 1.433 0 458975 450662 57607.5 55323.3
0 5
1 17
2 18
3 19
4 9
5 22
6 13
7 19
8 17
9 19
10 12
11 7
12 16
13 18
14 24
15 11
16 21
17 15
18 17
19 14
20 17
21 12
22 12
23 15
24 13
25 12
26 11
27 16
28 15
29 21
30 20
31 9
32 11
33 12
34 16
35 17
36 12
37 18
38 11
39 12
40 11
41 10
42 15
43 17
44 17
45 19
46 12
47 11
48 13
49 11
50 10
51 13
52 9
53 8
54 3
55 4
56 8
57 8
58 12
59 6
60 3
61 7
62 5
63 4
64 7
65 8
66 4
67 4
68 8
69 10
70 5
71 7
72 10
73 7
74 5
75 11
76 8
77 8
78 5
79 6
80 4
81 12
82 9
83 3
84 6
85 2
86 6
87 5
88 4
89 2
90 3
91 3
92 2
93 2
94 10
95 3
96 6
97 5
98 2
99 3
100 2
102 3
103 1
104 2
105 6
106 4
107 3
108 4
109 3
110 3
111 1
112 5
113 1
114 2
115 3
116 1
117 1
120 1
121 3
123 1
127 2
128 2
131 2
136 1
137 1
141 1
150 2
153 1
162 1
