N J h mean_R_sq err_mean_R_sq mean_R_gyr_sq err_mean_R_gyr_sq 
4900 1.356 0 80184.4 50005 11296.6 6561.37
0 1
1 5
2 1
3 2
4 1
5 3
6 1
8 4
9 4
11 1
13 1
14 4
16 2
17 1
20 2
21 3
22 2
23 1
24 1
25 4
26 3
27 1
28 2
29 2
30 2
31 3
34 2
35 2
39 2
40 2
42 1
43 1
44 1
46 3
47 4
48 1
50 4
51 4
52 4
53 2
54 2
55 1
56 1
57 2
58 2
59 2
60 6
61 1
62 2
63 1
65 3
66 1
68 1
69 1
70 1
71 2
72 2
73 3
74 3
75 4
77 1
78 1
79 2
80 1
81 1
83 1
84 1
85 1
86 3
87 2
88 3
89 2
90 1
91 5
93 1
94 1
96 2
97 2
98 2
99 4
101 1
102 1
103 1
106 1
107 1
108 4
110 1
112 3
113 3
114 2
115 1
116 2
117 2
118 1
119 1
120 1
121 1
122 1
123 1
125 2
132 3
134 3
137 1
138 1
141 3
145 1
147 1
148 1
150 2
151 1
152 1
153 2
154 4
156 2
157 1
158 1
161 1
162 1
163 2
166 2
168 1
170 1
171 1
172 1
173 2
175 2
176 2
180 1
181 1
182 1
183 1
184 1
185 1
187 1
195 1
196 1
197 1
199 1
204 2
209 1
210 1
213 2
215 4
216 1
218 1
226 2
229 1
230 2
235 2
238 2
240 1
242 1
245 1
247 1
248 2
250 1
253 1
255 1
258 1
260 1
264 1
265 1
266 1
271 1
273 2
279 1
280 1
290 1
306 1
307 1
323 1
327 1
