N J h mean_R_sq err_mean_R_sq mean_R_gyr_sq err_mean_R_gyr_sq 
900 1.356 0 3200.98 130.888 578.603 10.7889
0 8
1 11
2 9
3 15
4 18
5 11
6 12
7 12
8 10
9 9
10 17
11 10
12 16
13 13
14 11
15 19
16 10
17 10
18 5
19 21
20 22
21 7
22 15
23 11
24 9
25 14
26 10
27 13
28 7
29 5
30 7
31 13
32 9
33 14
34 6
35 11
36 10
37 10
38 8
39 12
40 7
41 5
42 10
43 5
44 8
45 5
46 9
47 10
48 12
49 2
50 6
51 6
52 10
53 7
54 3
55 6
56 6
57 5
58 1
59 8
60 5
61 10
62 3
63 15
64 2
65 1
66 2
68 4
69 3
70 4
71 2
72 4
73 3
74 1
75 1
76 5
77 2
78 2
79 2
80 1
82 1
83 1
84 2
85 1
86 1
87 5
88 4
90 4
91 1
93 1
94 2
96 1
98 2
99 1
100 1
101 1
102 1
104 1
107 1
110 1
114 1
115 1
121 1
