N J h mean_R_sq err_mean_R_sq mean_R_gyr_sq err_mean_R_gyr_sq 
8100 1.445 0 218436 156642 33663 22448.2
0 144
1 306
2 315
3 285
4 300
5 301
6 294
7 304
8 334
9 305
10 271
11 313
12 288
13 307
14 279
15 298
16 275
17 293
18 285
19 244
20 269
21 270
22 276
23 242
24 250
25 231
26 215
27 231
28 230
29 220
30 231
31 216
32 218
33 192
34 190
35 193
36 166
37 183
38 168
39 173
40 154
41 154
42 149
43 154
44 164
45 158
46 136
47 126
48 135
49 134
50 135
51 128
52 113
53 104
54 110
55 114
56 112
57 98
58 113
59 101
60 93
61 91
62 84
63 75
64 80
65 83
66 65
67 67
68 71
69 63
70 59
71 64
72 49
73 43
74 52
75 41
76 54
77 44
78 45
79 44
80 23
81 32
82 39
83 31
84 37
85 33
86 40
87 32
88 31
89 37
90 28
91 20
92 16
93 25
94 20
95 19
96 15
97 19
98 15
99 21
100 11
101 13
102 15
103 15
104 9
105 17
106 9
107 6
108 11
109 8
110 10
111 8
112 2
113 5
114 6
115 4
116 4
117 6
118 2
119 4
120 5
121 4
122 5
123 2
124 3
125 4
126 3
128 1
130 1
132 2
133 2
134 2
135 1
139 1
155 1
