N J h mean_R_sq err_mean_R_sq mean_R_gyr_sq err_mean_R_gyr_sq 
900 1.352 0 3328.83 109.694 571.895 12.7157
0 5
1 17
2 9
3 9
4 12
5 10
6 13
7 13
8 15
9 15
10 9
11 7
12 7
13 16
14 14
15 10
16 8
17 16
18 13
19 9
20 19
21 11
22 16
23 12
24 9
25 16
26 8
27 16
28 12
29 6
30 14
31 6
32 13
33 9
34 11
35 6
36 15
37 8
38 13
39 9
40 6
41 13
42 10
43 3
44 10
45 11
46 10
47 4
48 7
49 3
50 6
51 7
52 7
53 9
54 9
55 11
56 6
57 2
58 5
59 4
60 6
61 3
62 4
63 5
64 5
65 3
66 3
67 5
68 4
69 4
70 3
71 6
72 4
73 4
74 3
76 2
77 2
78 1
79 1
80 3
81 4
82 2
83 2
86 1
88 1
89 2
90 1
91 1
93 4
94 1
95 1
97 1
98 1
100 1
101 1
104 1
105 1
108 1
109 1
125 1
