N J h mean_R_sq err_mean_R_sq mean_R_gyr_sq err_mean_R_gyr_sq 
10000 1.344 0 1.50503e+06 617734 219772 78208.2
0 9
1 18
2 19
3 17
4 10
5 18
6 15
7 15
8 10
9 12
10 12
11 12
12 14
13 20
14 14
15 13
16 16
17 18
18 13
19 11
20 16
21 17
22 18
23 23
24 6
25 12
26 9
27 22
28 17
29 9
30 15
31 21
32 12
33 16
34 21
35 7
36 10
37 22
38 8
39 10
40 12
41 18
42 12
43 10
44 11
45 19
46 10
47 15
48 18
49 17
50 9
51 11
52 9
53 17
54 8
55 13
56 15
57 17
58 12
59 17
60 13
61 12
62 19
63 11
64 13
65 16
66 13
67 12
68 19
69 12
70 10
71 15
72 10
73 13
74 15
75 14
76 12
77 19
78 7
79 14
80 13
81 10
82 7
83 6
84 7
85 11
86 16
87 12
88 15
89 8
90 10
91 15
92 7
93 8
94 8
95 12
96 13
97 12
98 10
99 8
100 8
101 14
102 15
103 10
104 16
105 8
106 15
107 8
108 4
109 12
110 9
111 4
112 8
113 4
114 6
115 6
116 10
117 8
118 9
119 10
120 8
121 5
122 6
123 7
124 11
125 6
126 5
127 9
128 8
129 8
130 7
131 11
132 8
133 14
134 8
135 10
136 4
137 8
138 10
139 5
140 6
141 7
142 10
143 7
144 1
145 11
146 6
147 6
148 10
149 5
150 5
151 5
152 7
153 9
154 10
155 5
156 5
157 4
158 8
159 3
160 4
161 5
162 7
163 5
164 1
165 7
166 6
167 6
168 8
169 2
170 5
171 5
172 4
173 8
174 9
176 5
177 5
178 5
179 7
180 2
181 1
182 5
183 5
184 9
185 4
186 5
187 4
189 4
190 2
191 4
192 3
193 6
194 2
195 1
196 3
197 3
198 5
199 3
200 5
201 4
202 5
203 1
204 5
206 2
207 3
208 3
209 7
210 5
211 2
212 2
213 4
214 2
215 1
216 5
217 4
218 3
219 3
220 4
221 4
222 4
223 3
224 4
226 2
227 3
228 3
229 2
230 2
231 1
232 1
234 3
235 1
236 2
237 2
238 2
239 1
240 6
241 1
242 1
243 1
245 2
246 2
250 2
251 2
252 1
253 1
254 2
255 1
256 1
257 2
258 2
259 1
260 1
262 1
263 3
266 1
267 1
268 1
269 1
274 1
275 2
276 1
277 2
279 3
280 1
281 2
282 2
283 1
287 2
289 2
290 2
292 2
293 2
294 1
295 1
298 1
302 3
304 1
305 1
306 1
308 1
313 1
316 1
319 2
323 1
326 1
328 2
340 1
343 2
349 1
357 1
358 1
360 1
365 3
366 1
371 1
372 1
379 1
383 3
384 1
385 1
387 1
391 3
397 1
402 1
403 1
408 1
409 1
410 1
414 2
418 3
422 1
426 1
432 1
449 1
