N J h mean_R_sq err_mean_R_sq mean_R_gyr_sq err_mean_R_gyr_sq 
2500 1.421 0 2422.96 51.1241 694.662 6.95785
0 101
1 174
2 157
3 175
4 185
5 169
6 190
7 178
8 189
9 179
10 209
11 195
12 221
13 194
14 158
15 156
16 175
17 161
18 175
19 162
20 163
21 189
22 176
23 163
24 170
25 186
26 180
27 129
28 147
29 160
30 133
31 153
32 148
33 138
34 138
35 114
36 122
37 115
38 119
39 113
40 100
41 123
42 95
43 103
44 95
45 72
46 102
47 106
48 88
49 66
50 76
51 78
52 68
53 58
54 63
55 47
56 65
57 51
58 44
59 42
60 45
61 50
62 48
63 43
64 36
65 30
66 26
67 27
68 33
69 21
70 18
71 24
72 23
73 19
74 17
75 19
76 15
77 15
78 20
79 14
80 12
81 6
82 10
83 10
84 9
85 8
86 3
87 7
88 8
89 5
90 9
91 7
92 3
93 8
94 5
95 5
96 2
97 4
99 1
100 1
101 5
102 1
103 2
104 3
105 6
106 1
107 1
108 1
109 1
110 1
111 1
112 1
114 1
118 1
119 1
120 2
123 1
125 1
136 1
