N J h mean_R_sq err_mean_R_sq mean_R_gyr_sq err_mean_R_gyr_sq 
2500 1.348 0 13651.6 264.518 2238.55 35.8933
0 32
1 55
2 57
3 56
4 58
5 63
6 60
7 64
8 58
9 58
10 73
11 58
12 53
13 67
14 62
15 62
16 50
17 64
18 71
19 65
20 56
21 65
22 66
23 50
24 68
25 74
26 61
27 67
28 52
29 56
30 61
31 51
32 63
33 47
34 66
35 58
36 66
37 52
38 59
39 65
40 58
41 55
42 53
43 65
44 53
45 66
46 55
47 49
48 50
49 61
50 64
51 43
52 57
53 65
54 57
55 66
56 45
57 47
58 57
59 54
60 56
61 49
62 41
63 49
64 54
65 48
66 57
67 46
68 44
69 48
70 34
71 60
72 51
73 52
74 39
75 45
76 46
77 49
78 43
79 43
80 48
81 40
82 45
83 47
84 40
85 41
86 49
87 43
88 44
89 38
90 49
91 28
92 50
93 41
94 43
95 32
96 38
97 41
98 34
99 27
100 33
101 36
102 41
103 27
104 31
105 34
106 40
107 25
108 33
109 33
110 26
111 33
112 27
113 31
114 34
115 29
116 29
117 27
118 29
119 21
120 26
121 25
122 24
123 29
124 26
125 29
126 16
127 26
128 21
129 18
130 17
131 22
132 26
133 20
134 22
135 16
136 26
137 11
138 12
139 13
140 17
141 14
142 15
143 19
144 15
145 11
146 20
147 19
148 15
149 17
150 10
151 14
152 13
153 6
154 11
155 11
156 10
157 20
158 14
159 10
160 10
161 11
162 8
163 11
164 6
165 9
166 11
167 4
168 5
169 9
170 11
171 6
172 9
173 3
174 14
175 10
176 9
177 5
178 4
179 8
180 7
181 7
182 8
183 7
184 5
185 8
186 7
187 4
188 2
189 4
190 7
191 3
192 2
193 4
194 2
195 1
196 6
197 2
198 2
199 1
201 1
202 4
203 3
205 3
207 2
209 1
210 3
212 1
213 1
214 1
216 1
217 1
219 1
220 1
221 1
222 2
223 1
228 1
229 1
230 1
231 2
232 1
234 1
235 1
238 1
245 1
246 1
249 1
252 1
