N J h mean_R_sq err_mean_R_sq mean_R_gyr_sq err_mean_R_gyr_sq 
2916 1.368 0 9949.46 300.895 1795.58 30.5821
0 35
1 93
2 81
3 77
4 61
5 76
6 67
7 61
8 74
9 81
10 80
11 72
12 83
13 87
14 83
15 76
16 88
17 76
18 78
19 66
20 82
21 80
22 84
23 72
24 97
25 115
26 77
27 64
28 81
29 78
30 88
31 75
32 65
33 88
34 70
35 75
36 62
37 58
38 78
39 80
40 68
41 76
42 77
43 64
44 86
45 74
46 52
47 64
48 74
49 73
50 59
51 77
52 60
53 66
54 63
55 64
56 59
57 73
58 76
59 54
60 57
61 70
62 61
63 56
64 64
65 65
66 60
67 53
68 57
69 65
70 58
71 36
72 62
73 44
74 58
75 43
76 44
77 51
78 41
79 41
80 48
81 41
82 50
83 41
84 38
85 44
86 31
87 48
88 40
89 31
90 40
91 45
92 43
93 42
94 47
95 39
96 42
97 31
98 35
99 23
100 28
101 43
102 32
103 18
104 36
105 24
106 22
107 27
108 32
109 26
110 26
111 25
112 40
113 27
114 30
115 26
116 17
117 28
118 25
119 20
120 19
121 23
122 23
123 20
124 12
125 19
126 17
127 17
128 9
129 14
130 18
131 18
132 13
133 11
134 15
135 13
136 14
137 13
138 16
139 12
140 11
141 13
142 13
143 13
144 5
145 14
146 14
147 9
148 7
149 8
150 3
151 8
152 12
153 7
154 6
155 4
156 4
157 8
158 6
159 3
160 3
161 4
162 6
163 3
164 8
165 6
166 4
167 8
168 7
169 5
170 3
171 3
172 4
173 1
174 1
175 8
176 3
177 2
178 4
179 5
180 4
181 2
182 2
183 5
184 3
186 2
187 1
188 2
189 5
190 2
191 3
192 2
193 2
195 3
196 2
197 1
198 3
199 1
200 2
201 1
202 1
204 1
205 2
207 1
208 1
209 1
211 1
212 1
213 2
214 1
219 1
220 2
224 1
226 1
232 1
233 1
