N J h mean_R_sq err_mean_R_sq mean_R_gyr_sq err_mean_R_gyr_sq 
3600 1.318 0 75892.9 38314 11300.1 5864.61
16 1
17 1
21 1
27 3
29 1
31 3
34 1
36 1
37 1
42 1
43 1
45 2
47 1
48 1
51 1
56 2
62 1
63 1
64 1
66 1
67 2
73 2
74 1
77 1
79 1
80 1
82 1
85 1
86 1
91 1
95 1
96 1
98 2
99 1
100 2
101 1
102 1
103 1
106 1
108 1
112 1
113 2
114 1
115 1
117 1
118 1
123 2
126 1
127 1
129 1
134 1
137 1
138 1
142 1
145 1
147 1
148 1
150 1
151 1
156 2
161 1
166 1
174 1
181 1
184 2
191 1
193 1
195 1
199 1
202 3
206 1
210 1
215 1
217 1
219 1
223 2
227 1
233 1
241 1
251 1
260 1
276 1
