N J h mean_R_sq err_mean_R_sq mean_R_gyr_sq err_mean_R_gyr_sq 
1600 1.445 0 1358.49 37.1449 402.617 2.72142
0 20
1 32
2 31
3 33
4 32
5 38
6 30
7 42
8 33
9 33
10 29
11 25
12 28
13 44
14 33
15 27
16 32
17 34
18 18
19 27
20 30
21 29
22 24
23 25
24 35
25 29
26 22
27 28
28 24
29 22
30 22
31 27
32 20
33 6
34 13
35 15
36 13
37 13
38 11
39 14
40 11
41 15
42 11
43 8
44 7
45 4
46 4
47 8
48 4
49 9
50 5
51 6
52 6
53 4
54 6
55 6
56 5
57 2
58 6
59 3
60 1
61 6
62 5
63 3
64 1
65 2
66 1
67 1
68 1
69 1
72 1
74 2
90 1
