N J h mean_R_sq err_mean_R_sq mean_R_gyr_sq err_mean_R_gyr_sq 
3600 1.31 0 39672.9 635.966 5927.79 78.7633
0 26
1 44
2 42
3 44
4 44
5 37
6 41
7 46
8 48
9 47
10 46
11 47
12 49
13 40
14 41
15 53
16 43
17 28
18 41
19 48
20 40
21 49
22 50
23 44
24 50
25 44
26 60
27 50
28 45
29 37
30 37
31 35
32 48
33 42
34 64
35 58
36 52
37 58
38 48
39 47
40 43
41 32
42 43
43 50
44 56
45 53
46 47
47 55
48 38
49 31
50 46
51 36
52 38
53 50
54 55
55 54
56 46
57 52
58 38
59 45
60 50
61 47
62 47
63 57
64 45
65 45
66 42
67 38
68 58
69 41
70 39
71 46
72 53
73 54
74 43
75 42
76 46
77 44
78 56
79 40
80 48
81 50
82 45
83 43
84 40
85 53
86 56
87 56
88 36
89 48
90 49
91 39
92 35
93 49
94 49
95 48
96 52
97 55
98 45
99 55
100 34
101 32
102 50
103 47
104 42
105 38
106 48
107 52
108 45
109 41
110 48
111 49
112 41
113 44
114 46
115 48
116 47
117 49
118 33
119 39
120 38
121 39
122 54
123 53
124 41
125 48
126 40
127 48
128 34
129 33
130 39
131 35
132 48
133 30
134 42
135 37
136 50
137 41
138 43
139 51
140 39
141 36
142 33
143 35
144 39
145 45
146 45
147 49
148 41
149 52
150 47
151 43
152 53
153 29
154 40
155 23
156 40
157 39
158 28
159 39
160 36
161 35
162 27
163 46
164 36
165 42
166 45
167 30
168 39
169 40
170 26
171 33
172 34
173 38
174 35
175 27
176 31
177 46
178 29
179 34
180 38
181 38
182 35
183 24
184 31
185 34
186 44
187 35
188 24
189 31
190 28
191 37
192 31
193 29
194 24
195 29
196 24
197 30
198 29
199 26
200 28
201 30
202 16
203 23
204 29
205 27
206 28
207 28
208 26
209 30
210 22
211 33
212 29
213 18
214 24
215 22
216 27
217 28
218 29
219 31
220 21
221 23
222 21
223 14
224 22
225 21
226 23
227 29
228 21
229 22
230 15
231 20
232 22
233 19
234 9
235 29
236 15
237 31
238 19
239 13
240 24
241 13
242 22
243 14
244 7
245 22
246 14
247 21
248 14
249 20
250 15
251 13
252 14
253 9
254 18
255 11
256 15
257 17
258 7
259 11
260 12
261 13
262 7
263 8
264 16
265 13
266 10
267 12
268 12
269 16
270 11
271 12
272 8
273 7
274 11
275 6
276 9
277 9
278 8
279 8
280 7
281 11
282 10
283 3
284 9
285 6
286 7
287 6
288 8
289 9
290 6
291 4
292 9
293 2
294 5
295 6
296 5
297 7
298 5
299 3
300 4
301 5
302 6
303 11
304 3
305 5
306 2
307 5
308 3
309 3
310 1
311 6
312 1
313 2
314 4
315 7
316 6
317 4
318 3
319 2
321 4
322 1
323 2
324 1
325 3
327 3
328 3
329 1
330 5
331 4
332 1
333 1
334 5
335 3
336 4
337 1
338 2
339 1
340 1
341 2
342 3
343 1
344 1
345 1
346 3
347 2
348 1
349 1
350 2
351 2
352 3
353 1
354 3
355 1
356 1
357 1
359 1
360 2
361 2
363 2
364 1
365 2
366 2
368 1
369 1
374 1
378 1
380 1
381 1
384 1
435 1
