N J h mean_R_sq err_mean_R_sq mean_R_gyr_sq err_mean_R_gyr_sq 
8100 1.437 0 8747.68 3511.15 2251.36 414.185
0 47
1 86
2 101
3 84
4 82
5 87
6 97
7 90
8 93
9 94
10 101
11 90
12 111
13 94
14 79
15 85
16 90
17 88
18 85
19 88
20 89
21 78
22 98
23 82
24 90
25 79
26 90
27 73
28 89
29 85
30 97
31 99
32 74
33 84
34 81
35 69
36 99
37 81
38 80
39 68
40 89
41 93
42 82
43 64
44 77
45 84
46 65
47 78
48 78
49 72
50 63
51 70
52 65
53 81
54 64
55 61
56 68
57 64
58 53
59 65
60 51
61 54
62 57
63 62
64 77
65 51
66 55
67 48
68 53
69 56
70 62
71 52
72 40
73 39
74 35
75 40
76 50
77 42
78 42
79 52
80 41
81 32
82 36
83 27
84 41
85 28
86 23
87 31
88 37
89 37
90 25
91 24
92 18
93 27
94 24
95 14
96 22
97 16
98 17
99 23
100 20
101 16
102 18
103 14
104 15
105 26
106 17
107 11
108 11
109 17
110 7
111 10
112 15
113 8
114 6
115 8
116 8
117 7
118 7
119 4
120 8
121 3
122 4
123 1
124 5
125 3
126 5
127 5
128 1
129 1
130 6
131 2
132 3
134 6
135 3
136 4
137 3
138 2
139 3
140 4
141 1
142 2
144 1
146 2
147 2
148 1
149 1
152 1
154 1
158 1
159 1
161 1
162 3
164 1
165 2
167 2
176 1
181 1
196 1
200 1
202 1
