N J h mean_R_sq err_mean_R_sq mean_R_gyr_sq err_mean_R_gyr_sq 
2916 1.425 0 3941.23 1303.97 961.182 190.094
0 14
1 19
2 12
3 21
4 24
5 19
6 19
7 16
8 13
9 20
10 23
11 15
12 26
13 19
14 20
15 19
16 18
17 20
18 25
19 17
20 23
21 18
22 23
23 17
24 13
25 14
26 24
27 15
28 13
29 15
30 21
31 15
32 15
33 18
34 9
35 17
36 14
37 18
38 16
39 18
40 11
41 13
42 13
43 6
44 10
45 10
46 14
47 6
48 12
49 11
50 12
51 12
52 12
53 8
54 8
55 8
56 7
57 5
58 3
59 2
60 8
61 5
62 8
63 6
64 6
65 1
66 8
67 3
68 3
69 4
70 1
71 4
72 1
73 5
75 1
76 2
77 3
78 2
79 4
80 4
81 4
82 2
83 2
85 1
87 1
88 1
90 2
94 2
102 2
105 1
106 1
112 1
113 1
114 1
