N J h mean_R_sq err_mean_R_sq mean_R_gyr_sq err_mean_R_gyr_sq 
8100 1.43 0 428358 225766 73607.1 34443.8
0 120
1 277
2 274
3 315
4 324
5 311
6 267
7 298
8 255
9 295
10 279
11 260
12 308
13 277
14 267
15 299
16 271
17 261
18 272
19 251
20 274
21 241
22 270
23 275
24 240
25 269
26 258
27 261
28 241
29 294
30 219
31 256
32 251
33 236
34 213
35 194
36 256
37 204
38 235
39 219
40 227
41 213
42 213
43 224
44 210
45 206
46 194
47 217
48 200
49 184
50 185
51 188
52 163
53 179
54 163
55 187
56 145
57 158
58 181
59 148
60 162
61 149
62 139
63 158
64 127
65 129
66 135
67 107
68 118
69 138
70 113
71 104
72 92
73 120
74 100
75 106
76 92
77 102
78 86
79 84
80 99
81 78
82 77
83 85
84 73
85 68
86 82
87 68
88 59
89 55
90 67
91 66
92 66
93 50
94 52
95 44
96 58
97 48
98 57
99 40
100 31
101 37
102 32
103 45
104 38
105 26
106 28
107 27
108 25
109 26
110 17
111 17
112 19
113 14
114 17
115 11
116 10
117 9
118 8
119 8
120 8
121 6
122 10
123 7
124 3
125 6
126 11
127 5
128 6
129 10
130 3
131 3
132 4
133 5
134 3
135 4
136 3
138 8
139 4
140 3
141 3
142 1
143 1
144 1
147 1
148 1
149 1
150 2
156 1
158 3
163 1
165 1
