N J h mean_R_sq err_mean_R_sq mean_R_gyr_sq err_mean_R_gyr_sq 
1225 1.424 0 1473.56 42.6211 365.694 3.49156
0 25
1 48
2 49
3 39
4 52
5 43
6 53
7 46
8 34
9 49
10 41
11 47
12 34
13 37
14 43
15 33
16 38
17 40
18 32
19 44
20 41
21 41
22 19
23 28
24 32
25 36
26 28
27 26
28 28
29 24
30 32
31 29
32 26
33 24
34 25
35 17
36 19
37 11
38 25
39 23
40 14
41 14
42 14
43 19
44 15
45 11
46 10
47 9
48 9
49 7
50 6
51 7
52 4
53 4
54 8
55 9
56 7
57 8
58 5
59 4
60 8
61 3
62 3
63 2
64 1
65 5
66 6
68 4
69 2
70 1
71 2
72 3
73 2
74 2
76 1
77 1
78 1
82 1
83 1
93 1
95 1
96 1
104 1
108 1
