N J h mean_R_sq err_mean_R_sq mean_R_gyr_sq err_mean_R_gyr_sq 
1225 1.438 0 1328.11 36.3116 338.127 3.60535
0 17
1 39
2 41
3 47
4 44
5 42
6 47
7 46
8 38
9 42
10 38
11 47
12 34
13 29
14 32
15 48
16 48
17 27
18 40
19 25
20 34
21 30
22 24
23 30
24 30
25 38
26 23
27 23
28 29
29 26
30 16
31 24
32 12
33 16
34 19
35 19
36 18
37 24
38 16
39 13
40 9
41 13
42 8
43 11
44 7
45 7
46 6
47 7
48 11
49 7
50 13
51 9
52 5
53 7
54 3
55 3
56 3
57 4
58 5
59 4
60 3
61 2
63 1
64 1
65 2
66 2
67 1
68 5
71 1
75 1
78 1
80 1
90 1
