N J h mean_R_sq err_mean_R_sq mean_R_gyr_sq err_mean_R_gyr_sq 
2500 1.36 0 10812.9 1078.13 1849.88 118.806
0 1
1 10
2 6
3 8
4 3
5 2
6 7
7 12
8 11
9 4
10 9
11 5
12 8
13 4
14 8
15 12
16 8
17 8
18 5
19 6
20 10
21 12
22 17
23 5
24 15
25 7
26 6
27 5
28 10
29 7
30 6
31 4
32 12
33 9
34 8
35 17
36 8
37 4
38 8
39 5
40 8
41 3
42 9
43 7
44 3
45 6
46 12
47 9
48 7
49 4
50 6
51 5
52 8
53 5
54 8
55 12
56 7
57 5
58 8
59 2
60 7
61 6
62 6
63 8
64 11
65 6
66 5
67 5
68 7
69 4
70 1
71 5
72 3
73 11
74 8
75 2
76 4
77 3
78 4
79 5
80 7
81 8
82 1
83 6
84 5
85 8
86 6
87 10
88 4
89 6
90 7
91 7
92 5
93 5
94 3
95 3
96 2
97 1
98 9
99 5
100 4
101 4
102 2
103 3
104 4
105 2
106 4
107 3
108 3
109 2
110 2
111 3
112 2
113 3
114 2
115 3
116 1
117 2
118 6
119 4
120 4
121 1
122 1
123 3
124 2
125 3
126 2
127 2
129 4
130 1
131 4
132 3
133 1
134 1
135 1
137 3
138 1
140 3
142 1
143 2
144 2
145 1
146 1
147 1
148 1
150 1
151 2
152 1
154 1
155 3
157 2
159 1
160 1
162 2
163 1
166 1
167 1
169 1
173 1
175 1
177 1
178 1
186 1
190 1
197 1
226 1
