N J h mean_R_sq err_mean_R_sq mean_R_gyr_sq err_mean_R_gyr_sq 
4900 1.31 0 65481.9 1932.85 9554.36 226.422
0 10
1 37
2 31
3 34
4 36
5 39
6 28
7 37
8 37
9 27
10 42
11 39
12 39
13 33
14 41
15 31
16 39
17 30
18 32
19 40
20 35
21 32
22 36
23 22
24 41
25 46
26 31
27 32
28 40
29 28
30 30
31 35
32 36
33 37
34 38
35 38
36 40
37 46
38 39
39 30
40 39
41 39
42 37
43 38
44 39
45 36
46 18
47 38
48 39
49 42
50 53
51 39
52 35
53 29
54 35
55 26
56 47
57 40
58 34
59 37
60 38
61 30
62 28
63 56
64 40
65 34
66 39
67 29
68 39
69 49
70 40
71 26
72 45
73 40
74 29
75 44
76 34
77 29
78 45
79 40
80 43
81 25
82 35
83 37
84 24
85 32
86 49
87 43
88 36
89 45
90 29
91 49
92 41
93 30
94 40
95 45
96 37
97 35
98 30
99 39
100 54
101 31
102 30
103 38
104 43
105 42
106 37
107 26
108 34
109 35
110 32
111 28
112 32
113 46
114 43
115 34
116 38
117 43
118 40
119 33
120 31
121 30
122 37
123 37
124 38
125 40
126 29
127 49
128 41
129 43
130 35
131 35
132 33
133 30
134 35
135 36
136 34
137 33
138 33
139 42
140 30
141 31
142 45
143 36
144 32
145 42
146 27
147 42
148 32
149 45
150 40
151 41
152 47
153 33
154 34
155 40
156 33
157 38
158 38
159 38
160 36
161 34
162 28
163 51
164 29
165 24
166 34
167 31
168 38
169 33
170 25
171 30
172 29
173 30
174 23
175 32
176 25
177 30
178 25
179 30
180 33
181 28
182 25
183 35
184 29
185 32
186 48
187 22
188 39
189 28
190 30
191 25
192 36
193 48
194 27
195 22
196 33
197 27
198 24
199 30
200 38
201 40
202 22
203 26
204 27
205 34
206 30
207 37
208 38
209 28
210 27
211 25
212 23
213 33
214 34
215 24
216 33
217 33
218 21
219 22
220 33
221 26
222 25
223 33
224 31
225 29
226 24
227 19
228 25
229 25
230 22
231 25
232 29
233 33
234 27
235 17
236 15
237 20
238 23
239 13
240 15
241 18
242 22
243 34
244 37
245 25
246 22
247 18
248 26
249 26
250 16
251 29
252 24
253 20
254 16
255 24
256 21
257 23
258 20
259 17
260 24
261 19
262 20
263 22
264 23
265 22
266 16
267 20
268 25
269 11
270 23
271 23
272 22
273 19
274 20
275 16
276 14
277 17
278 21
279 17
280 13
281 15
282 15
283 17
284 14
285 18
286 12
287 15
288 16
289 17
290 19
291 14
292 13
293 14
294 10
295 16
296 13
297 16
298 18
299 17
300 11
301 13
302 16
303 15
304 22
305 10
306 15
307 13
308 14
309 13
310 14
311 15
312 17
313 11
314 21
315 19
316 7
317 10
318 14
319 12
320 14
321 13
322 15
323 13
324 12
325 12
326 8
327 15
328 10
329 7
330 11
331 9
332 9
333 4
334 9
335 6
336 4
337 9
338 8
339 5
340 8
341 8
342 12
343 8
344 10
345 2
346 7
347 7
348 7
349 5
350 11
351 11
352 8
353 6
354 9
355 3
356 7
357 11
358 3
359 7
360 6
361 7
362 6
363 7
364 7
365 5
366 5
367 5
368 2
369 3
370 7
371 6
372 4
373 5
374 2
375 6
376 4
377 4
378 4
379 3
380 10
381 4
382 2
383 2
384 6
385 6
386 6
387 1
388 7
389 3
390 2
391 4
392 7
393 1
394 3
396 2
397 2
398 2
399 4
400 2
401 2
402 1
403 1
404 5
405 2
406 4
407 1
408 1
409 4
411 1
412 1
413 2
416 1
417 4
418 1
419 2
420 1
421 3
422 2
423 3
424 1
425 3
426 2
427 1
428 1
429 2
430 1
431 1
432 2
434 2
435 2
438 2
439 1
440 2
442 1
443 2
444 1
445 2
447 1
450 1
455 2
456 1
459 1
462 1
463 1
465 1
466 1
478 2
479 1
491 1
496 1
518 1
605 1
