N J h mean_R_sq err_mean_R_sq mean_R_gyr_sq err_mean_R_gyr_sq 
500 0.87 0 999.533 8.6543 499.867 2.6189
428 1
431 1
482 1
501 1
502 1
522 1
523 2
527 1
538 1
539 1
540 1
541 1
554 1
557 1
565 1
566 2
573 1
577 1
580 1
582 1
584 1
585 2
586 1
590 1
591 1
595 1
597 1
598 1
603 1
610 1
616 1
617 1
619 1
625 1
626 2
627 1
629 2
631 1
632 1
633 1
636 2
639 1
640 1
646 1
647 1
648 1
650 1
652 1
653 1
654 2
657 1
659 1
663 2
665 1
667 2
668 1
669 1
671 2
672 2
673 1
675 1
677 1
678 2
679 1
681 2
683 1
684 3
685 1
686 2
688 1
689 4
691 2
692 1
693 3
694 1
695 4
696 2
698 1
699 4
700 1
702 3
703 2
704 4
705 1
706 2
707 3
708 1
709 4
710 1
711 6
712 4
713 4
714 2
715 2
716 2
717 1
718 2
719 3
720 2
721 2
722 2
723 5
724 4
725 4
726 2
727 6
728 4
729 5
730 3
731 5
732 1
733 3
734 6
735 6
736 5
737 2
738 7
739 2
740 6
741 6
742 5
743 4
744 4
745 3
746 1
747 9
748 12
749 6
750 5
751 5
752 2
753 3
754 10
755 3
756 5
757 6
758 6
759 6
760 6
761 4
762 12
763 12
764 5
765 6
766 13
767 7
768 10
769 8
770 6
771 5
772 7
773 5
774 10
775 9
776 7
777 9
778 10
779 9
780 16
781 13
782 12
783 16
784 15
785 15
786 16
787 11
788 13
789 12
790 13
791 17
792 6
793 15
794 17
795 13
796 27
797 18
798 19
799 21
800 18
801 21
802 19
803 20
804 15
805 20
806 26
807 23
808 27
809 22
810 21
811 24
812 15
813 31
814 25
815 29
816 36
817 27
818 38
819 26
820 23
821 31
822 43
823 30
824 25
825 43
826 27
827 29
828 32
829 31
830 30
831 40
832 42
833 37
834 44
835 26
836 44
837 24
838 46
839 35
840 51
841 47
842 48
843 50
844 39
845 49
846 52
847 61
848 67
849 68
850 50
851 54
852 58
853 53
854 62
855 57
856 60
857 54
858 71
859 62
860 76
861 70
862 88
863 80
864 68
865 67
866 75
867 79
868 73
869 89
870 79
871 95
872 85
873 83
874 80
875 92
876 73
877 88
878 100
879 90
880 101
881 127
882 86
883 103
884 101
885 98
886 117
887 131
888 114
889 99
890 95
891 121
892 108
893 115
894 109
895 116
896 129
897 111
898 136
899 134
900 141
901 138
902 131
903 129
904 142
905 136
906 130
907 131
908 145
909 171
910 149
911 164
912 136
913 154
914 163
915 159
916 154
917 157
918 175
919 163
920 196
921 156
922 162
923 176
924 154
925 175
926 168
927 157
928 204
929 179
930 183
931 182
932 211
933 210
934 182
935 189
936 208
937 197
938 198
939 228
940 202
941 216
942 203
943 219
944 220
945 190
946 215
947 207
948 229
949 219
950 226
951 229
952 226
953 254
954 219
955 243
956 213
957 230
958 253
959 244
960 238
961 240
962 258
963 267
964 245
965 244
966 212
967 242
968 236
969 230
970 248
971 271
972 271
973 246
974 253
975 253
976 260
977 263
978 281
979 265
980 287
981 264
982 243
983 280
984 295
985 270
986 272
987 279
988 245
989 260
990 296
991 295
992 262
993 240
994 294
995 287
996 261
997 280
998 265
999 280
1000 275
1001 263
1002 257
1003 263
1004 282
1005 282
1006 287
1007 274
1008 280
1009 272
1010 255
1011 268
1012 281
1013 256
1014 277
1015 303
1016 284
1017 270
1018 274
1019 247
1020 263
1021 266
1022 285
1023 268
1024 263
1025 256
1026 240
1027 254
1028 227
1029 288
1030 237
1031 251
1032 282
1033 284
1034 260
1035 232
1036 251
1037 219
1038 225
1039 242
1040 253
1041 227
1042 228
1043 220
1044 237
1045 248
1046 237
1047 249
1048 223
1049 232
1050 209
1051 247
1052 236
1053 227
1054 231
1055 231
1056 198
1057 205
1058 206
1059 205
1060 187
1061 223
1062 210
1063 200
1064 183
1065 189
1066 183
1067 183
1068 189
1069 206
1070 192
1071 223
1072 172
1073 194
1074 182
1075 182
1076 174
1077 169
1078 178
1079 194
1080 172
1081 143
1082 176
1083 164
1084 148
1085 150
1086 154
1087 163
1088 160
1089 167
1090 160
1091 148
1092 156
1093 150
1094 149
1095 143
1096 127
1097 157
1098 110
1099 144
1100 112
1101 123
1102 122
1103 108
1104 106
1105 137
1106 110
1107 113
1108 114
1109 120
1110 114
1111 117
1112 103
1113 130
1114 112
1115 97
1116 91
1117 108
1118 89
1119 99
1120 98
1121 85
1122 102
1123 95
1124 95
1125 47
1126 77
1127 77
1128 82
1129 66
1130 96
1131 82
1132 75
1133 80
1134 67
1135 71
1136 59
1137 75
1138 72
1139 64
1140 64
1141 65
1142 61
1143 57
1144 60
1145 65
1146 53
1147 49
1148 56
1149 54
1150 53
1151 48
1152 47
1153 65
1154 51
1155 33
1156 60
1157 46
1158 55
1159 49
1160 33
1161 54
1162 46
1163 39
1164 38
1165 35
1166 36
1167 40
1168 46
1169 40
1170 28
1171 38
1172 30
1173 31
1174 34
1175 34
1176 22
1177 28
1178 34
1179 24
1180 21
1181 26
1182 25
1183 37
1184 21
1185 23
1186 27
1187 20
1188 20
1189 20
1190 29
1191 28
1192 32
1193 22
1194 27
1195 24
1196 26
1197 14
1198 17
1199 17
1200 26
1201 22
1202 13
1203 15
1204 10
1205 12
1206 22
1207 16
1208 10
1209 17
1210 18
1211 15
1212 17
1213 13
1214 12
1215 11
1216 14
1217 12
1218 6
1219 8
1220 6
1221 13
1222 14
1223 7
1224 12
1225 5
1226 8
1227 12
1228 7
1229 7
1230 10
1231 15
1232 6
1233 9
1234 4
1235 9
1236 11
1237 9
1238 8
1239 5
1240 1
1241 12
1242 7
1243 6
1244 7
1245 6
1246 6
1247 7
1248 3
1249 7
1250 7
1251 5
1252 5
1253 6
1254 5
1255 4
1256 3
1257 4
1258 5
1259 6
1260 8
1261 3
1262 3
1263 6
1264 2
1265 4
1266 2
1267 5
1268 3
1269 2
1270 2
1271 1
1272 3
1273 5
1274 2
1275 2
1276 8
1277 4
1278 2
1279 3
1280 2
1281 2
1282 2
1283 3
1284 5
1285 3
1286 2
1287 5
1288 2
1289 1
1290 1
1291 4
1292 2
1293 1
1294 1
1296 3
1297 4
1298 1
1299 2
1300 3
1301 4
1302 3
1303 2
1304 4
1305 1
1306 2
1307 2
1308 1
1309 1
1310 1
1311 1
1312 2
1313 2
1315 1
1317 1
1318 2
1319 2
1320 3
1322 2
1323 1
1325 2
1328 2
1329 2
1330 1
1332 2
1334 1
1335 2
1342 1
1343 1
1344 3
1345 1
1346 2
1347 2
1350 1
1352 1
1353 1
1354 1
1360 1
1361 1
1363 1
1364 1
1365 1
1366 1
1369 2
1371 1
1372 1
1376 2
1377 1
1379 1
1380 1
1384 1
1385 2
1390 1
1392 2
1397 3
1398 1
1400 1
1401 2
1402 2
1416 2
1423 1
1429 1
1431 1
1434 1
1440 1
1442 1
1450 1
1452 1
1474 1
1490 1
1505 1
1520 1
