N J h mean_R_sq err_mean_R_sq mean_R_gyr_sq err_mean_R_gyr_sq 
700 0.93 0 160.47 19.6923 3158.45 6.2082
1000 4
1001 1
1002 1
1003 2
1004 3
1005 3
1006 4
1007 1
1008 1
1009 4
1011 2
1012 1
1014 2
1015 3
1016 5
1017 2
1018 2
1020 2
1021 2
1022 2
1023 3
1024 6
1025 1
1026 1
1027 3
1028 2
1029 2
1031 4
1032 2
1033 3
1035 6
1036 1
1037 2
1038 1
1039 2
1040 1
1041 1
1042 4
1043 1
1044 4
1045 2
1046 2
1047 3
1048 1
1049 3
1050 2
1051 1
1053 2
1054 1
1055 3
1056 2
1058 3
1059 5
1060 2
1061 4
1062 5
1063 4
1064 4
1065 3
1066 2
1067 7
1068 4
1069 4
1070 5
1071 2
1072 5
1073 2
1074 1
1075 3
1076 5
1077 3
1078 1
1079 9
1080 6
1081 3
1082 6
1083 3
1084 5
1085 4
1086 8
1087 5
1088 7
1089 9
1090 7
1091 7
1092 1
1093 4
1094 8
1095 4
1096 3
1097 5
1098 5
1099 4
1100 6
1101 7
1102 5
1103 4
1104 7
1105 6
1106 2
1107 2
1108 7
1109 5
1110 6
1111 8
1112 9
1113 7
1114 3
1115 3
1116 3
1117 8
1118 8
1119 4
1120 5
1121 5
1122 4
1123 6
1124 6
1125 3
1126 2
1127 7
1128 4
1129 5
1130 9
1131 6
1132 10
1133 6
1134 5
1135 4
1136 2
1137 6
1138 5
1139 7
1140 7
1141 6
1142 8
1143 7
1144 6
1145 6
1146 6
1147 9
1148 4
1149 7
1150 6
1151 10
1152 8
1153 8
1154 9
1155 4
1156 8
1157 9
1158 8
1159 12
1160 7
1161 12
1162 17
1163 6
1164 6
1165 7
1166 9
1167 13
1168 10
1169 15
1170 8
1171 7
1172 10
1173 5
1174 8
1175 8
1176 14
1177 6
1178 8
1179 14
1180 9
1181 7
1182 7
1183 14
1184 10
1185 12
1186 12
1187 11
1188 7
1189 9
1190 11
1191 13
1192 12
1193 14
1194 12
1195 18
1196 9
1197 8
1198 12
1199 15
1200 9
1201 14
1202 11
1203 9
1204 19
1205 12
1206 19
1207 7
1208 16
1209 9
1210 14
1211 10
1212 18
1213 18
1214 10
1215 21
1216 21
1217 12
1218 15
1219 21
1220 19
1221 14
1222 18
1223 21
1224 16
1225 10
1226 15
1227 8
1228 17
1229 10
1230 24
1231 16
1232 21
1233 19
1234 14
1235 15
1236 17
1237 24
1238 18
1239 14
1240 20
1241 15
1242 14
1243 18
1244 24
1245 17
1246 18
1247 19
1248 23
1249 15
1250 18
1251 19
1252 15
1253 14
1254 14
1255 18
1256 15
1257 16
1258 20
1259 15
1260 19
1261 21
1262 31
1263 18
1264 18
1265 20
1266 29
1267 13
1268 23
1269 21
1270 24
1271 18
1272 19
1273 22
1274 25
1275 25
1276 20
1277 27
1278 25
1279 21
1280 29
1281 27
1282 16
1283 22
1284 27
1285 29
1286 26
1287 22
1288 23
1289 25
1290 23
1291 25
1292 15
1293 28
1294 28
1295 27
1296 25
1297 29
1298 29
1299 32
1300 28
1301 25
1302 31
1303 28
1304 32
1305 20
1306 22
1307 33
1308 23
1309 28
1310 29
1311 17
1312 22
1313 26
1314 23
1315 29
1316 35
1317 31
1318 30
1319 28
1320 28
1321 32
1322 35
1323 35
1324 29
1325 32
1326 33
1327 39
1328 25
1329 39
1330 31
1331 23
1332 26
1333 29
1334 23
1335 32
1336 39
1337 32
1338 34
1339 30
1340 43
1341 36
1342 34
1343 26
1344 38
1345 33
1346 31
1347 38
1348 39
1349 28
1350 36
1351 32
1352 35
1353 28
1354 27
1355 26
1356 23
1357 32
1358 32
1359 33
1360 35
1361 37
1362 31
1363 36
1364 28
1365 31
1366 40
1367 39
1368 25
1369 41
1370 30
1371 39
1372 39
1373 39
1374 33
1375 35
1376 32
1377 30
1378 29
1379 40
1380 31
1381 37
1382 34
1383 41
1384 34
1385 32
1386 35
1387 40
1388 28
1389 40
1390 33
1391 36
1392 40
1393 30
1394 28
1395 41
1396 37
1397 27
1398 33
1399 44
1400 34
1401 41
1402 39
1403 37
1404 33
1405 38
1406 44
1407 40
1408 38
1409 28
1410 33
1411 42
1412 40
1413 36
1414 42
1415 31
1416 39
1417 49
1418 29
1419 34
1420 28
1421 34
1422 32
1423 46
1424 37
1425 47
1426 29
1427 27
1428 26
1429 36
1430 38
1431 37
1432 32
1433 33
1434 29
1435 40
1436 37
1437 30
1438 33
1439 26
1440 37
1441 35
1442 28
1443 25
1444 30
1445 31
1446 32
1447 32
1448 34
1449 26
1450 31
1451 30
1452 39
1453 31
1454 25
1455 29
1456 32
1457 29
1458 26
1459 25
1460 24
1461 35
1462 25
1463 28
1464 22
1465 24
1466 29
1467 32
1468 26
1469 18
1470 23
1471 29
1472 18
1473 21
1474 28
1475 26
1476 18
1477 23
1478 26
1479 24
1480 21
1481 25
1482 23
1483 26
1484 27
1485 27
1486 19
1487 17
1488 17
1489 27
1490 20
1491 21
1492 24
1493 23
1494 25
1495 20
1496 22
1497 19
1498 23
1499 17
1500 15
1501 18
1502 17
1503 14
1504 16
1505 23
1506 18
1507 11
1508 19
1509 21
1510 18
1511 14
1512 15
1513 15
1514 17
1515 20
1516 14
1517 4
1518 16
1519 11
1520 11
1521 24
1522 16
1523 21
1524 13
1525 10
1526 9
1527 14
1528 15
1529 14
1530 18
1531 14
1532 8
1533 14
1534 10
1535 12
1536 13
1537 15
1538 9
1539 12
1540 12
1541 7
1542 9
1543 5
1544 6
1545 9
1546 15
1547 8
1548 8
1549 7
1550 11
1551 4
1552 6
1553 9
1554 9
1555 5
1556 10
1557 3
1558 6
1559 7
1560 9
1561 6
1562 8
1563 6
1564 7
1565 1
1566 3
1567 7
1568 4
1569 4
1570 5
1571 4
1572 1
1573 4
1574 6
1575 4
1576 4
1577 4
1578 4
1579 3
1580 6
1581 4
1582 5
1584 4
1585 2
1586 2
1587 2
1588 3
1589 1
1590 3
1591 4
1592 3
1593 2
1594 2
1595 1
1596 3
1597 1
1598 2
1599 2
1600 2
1601 3
1602 2
1604 2
1606 5
1608 1
1609 3
1610 1
1612 1
1614 3
1616 1
1619 1
1620 4
1621 1
1622 2
1623 2
1624 1
1628 1
1629 1
1637 1
1673 1
