N J h mean_R_sq err_mean_R_sq mean_R_gyr_sq err_mean_R_gyr_sq 
550 0.91 0 265.103 11.7005 1550.28 14.4123
237 1
241 1
252 1
263 1
265 1
267 2
269 1
276 1
280 1
281 1
284 1
288 1
292 1
293 2
294 1
295 1
297 3
298 1
300 1
301 2
306 1
307 2
308 1
309 1
310 5
311 1
312 2
315 1
317 1
318 1
319 1
320 5
321 2
323 1
324 2
325 1
326 2
327 4
328 2
329 2
331 5
332 1
333 2
334 2
335 3
337 2
338 1
340 1
341 4
342 1
343 3
344 4
345 5
346 3
347 1
348 3
349 3
350 1
351 1
352 2
353 1
354 3
355 3
356 3
357 1
358 1
359 5
360 2
361 6
362 3
363 1
364 2
365 1
367 2
368 2
369 4
370 1
371 1
372 3
373 3
374 4
375 3
376 9
377 7
378 6
379 4
380 5
381 3
382 2
383 1
384 6
385 3
386 2
387 6
388 7
389 8
390 4
391 5
392 8
393 6
394 7
395 4
396 5
397 4
398 7
399 4
400 9
401 3
403 3
404 5
405 3
406 7
407 5
408 3
409 5
410 7
411 8
412 9
413 7
414 3
415 5
416 6
417 10
418 5
419 5
420 7
421 7
422 3
423 5
424 7
425 12
426 9
427 7
428 5
429 6
430 8
431 10
432 7
433 8
434 12
435 8
436 7
437 7
438 6
439 12
440 7
441 6
442 11
443 5
444 7
445 7
446 16
447 7
448 12
449 2
450 13
451 6
452 12
453 9
454 7
455 9
456 13
457 7
458 7
459 15
460 8
461 15
462 10
463 12
464 8
465 10
466 8
467 4
468 12
469 5
470 7
471 14
472 8
473 6
474 7
475 9
476 10
477 9
478 8
479 11
480 10
481 9
482 9
483 11
484 15
485 8
486 16
487 19
488 10
489 13
490 11
491 7
492 14
493 6
494 9
495 17
496 14
497 3
498 8
499 20
500 11
501 16
502 9
503 11
504 10
505 13
506 7
507 10
508 11
509 6
510 10
511 11
512 15
513 11
514 10
515 14
516 4
517 19
518 9
519 14
520 13
521 17
522 14
523 6
524 8
525 15
526 11
527 14
528 12
529 9
530 14
531 19
532 9
533 18
534 12
535 10
536 17
537 16
538 11
539 17
540 19
541 11
542 12
543 11
544 23
545 13
546 13
547 11
548 10
549 11
550 11
551 18
552 16
553 13
554 16
555 6
556 13
557 10
558 9
559 15
560 16
561 18
562 16
563 13
564 12
565 14
566 6
567 9
568 12
569 14
570 15
571 15
572 12
573 11
574 16
575 11
576 14
577 17
578 10
579 19
580 17
581 14
582 13
583 14
584 22
585 18
586 15
587 19
588 19
589 18
590 15
591 22
592 14
593 10
594 14
595 7
596 13
597 18
598 15
599 20
600 14
601 12
602 13
603 12
604 10
605 13
606 15
607 11
608 9
609 9
610 15
611 15
612 12
613 22
614 20
615 11
616 10
617 15
618 18
619 11
620 17
621 13
622 15
623 11
624 17
625 13
626 7
627 11
628 15
629 14
630 10
631 18
632 17
633 17
634 16
635 17
636 16
637 12
638 15
639 14
640 13
641 16
642 14
643 14
644 12
645 16
646 11
647 10
648 13
649 25
650 21
651 12
652 17
653 11
654 20
655 14
656 17
657 13
658 15
659 14
660 19
661 10
662 16
663 18
664 21
665 19
666 18
667 12
668 12
669 16
670 21
671 17
672 11
673 17
674 13
675 15
676 11
677 12
678 12
679 10
680 14
681 11
682 13
683 12
684 9
685 21
686 15
687 14
688 18
689 8
690 15
691 18
692 14
693 13
694 15
695 13
696 6
697 19
698 13
699 18
700 17
701 13
702 14
703 16
704 10
705 16
706 14
707 11
708 6
709 23
710 17
711 11
712 19
713 8
714 16
715 16
716 17
717 15
718 17
719 15
720 16
721 20
722 13
723 13
724 15
725 11
726 13
727 14
728 16
729 16
730 10
731 18
732 7
733 26
734 18
735 7
736 15
737 21
738 18
739 17
740 10
741 15
742 16
743 15
744 17
745 11
746 13
747 12
748 21
749 18
750 12
751 10
752 19
753 15
754 9
755 9
756 11
757 15
758 22
759 24
760 15
761 11
762 19
763 16
764 12
765 13
766 13
767 12
768 13
769 16
770 15
771 22
772 12
773 16
774 16
775 13
776 16
777 17
778 17
779 16
780 6
781 18
782 7
783 19
784 19
785 24
786 16
787 13
788 11
789 14
790 10
791 17
792 15
793 15
794 18
795 13
796 14
797 14
798 13
799 19
800 12
801 18
802 12
803 19
804 14
805 13
806 21
807 18
808 14
809 20
810 11
811 13
812 13
813 14
814 9
815 16
816 10
817 8
818 7
819 21
820 9
821 23
822 18
823 18
824 16
825 20
826 15
827 11
828 17
829 11
830 11
831 19
832 16
833 21
834 12
835 15
836 16
837 15
838 19
839 15
840 20
841 13
842 8
843 18
844 18
845 12
846 19
847 18
848 24
849 16
850 15
851 14
852 19
853 18
854 18
855 12
856 14
857 13
858 10
859 16
860 27
861 14
862 16
863 12
864 22
865 19
866 14
867 17
868 21
869 14
870 16
871 15
872 12
873 24
874 13
875 18
876 12
877 22
878 16
879 23
880 28
881 20
882 19
883 19
884 23
885 19
886 19
887 30
888 17
889 14
890 17
891 18
892 14
893 19
894 11
895 13
896 25
897 16
898 18
899 23
900 22
901 18
902 18
903 18
904 21
905 17
906 17
907 18
908 19
909 21
910 18
911 10
912 10
913 19
914 17
915 19
916 30
917 13
918 15
919 18
920 16
921 20
922 14
923 19
924 16
925 19
926 14
927 18
928 22
929 13
930 16
931 12
932 11
933 19
934 20
935 19
936 18
937 20
938 16
939 23
940 16
941 15
942 24
943 26
944 14
945 19
946 14
947 15
948 16
949 18
950 20
951 16
952 13
953 15
954 21
955 12
956 17
957 18
958 18
959 27
960 13
961 24
962 23
963 14
964 17
965 23
966 18
967 16
968 27
969 19
970 17
971 20
972 18
973 19
974 16
975 21
976 19
977 28
978 15
979 25
980 13
981 21
982 15
983 15
984 24
985 19
986 30
987 25
988 17
989 24
990 23
991 21
992 22
993 22
994 18
995 15
996 22
997 18
998 18
999 13
1000 9
1001 14
1002 19
1003 17
1004 19
1005 18
1006 22
1007 21
1008 18
1009 23
1010 12
1011 11
1012 14
1013 25
1014 12
1015 18
1016 16
1017 17
1018 18
1019 17
1020 17
1021 23
1022 19
1023 15
1024 20
1025 20
1026 19
1027 27
1028 14
1029 21
1030 18
1031 27
1032 21
1033 40
1034 13
1035 14
1036 23
1037 16
1038 17
1039 30
1040 15
1041 20
1042 14
1043 19
1044 19
1045 21
1046 18
1047 23
1048 13
1049 21
1050 14
1051 13
1052 21
1053 22
1054 23
1055 22
1056 19
1057 17
1058 21
1059 20
1060 13
1061 17
1062 12
1063 15
1064 13
1065 12
1066 16
1067 22
1068 15
1069 16
1070 18
1071 19
1072 15
1073 20
1074 18
1075 20
1076 20
1077 21
1078 30
1079 13
1080 18
1081 18
1082 23
1083 18
1084 16
1085 20
1086 14
1087 22
1088 20
1089 15
1090 18
1091 14
1092 16
1093 16
1094 15
1095 13
1096 19
1097 15
1098 15
1099 17
1100 23
1101 17
1102 20
1103 15
1104 16
1105 17
1106 13
1107 23
1108 17
1109 17
1110 9
1111 17
1112 16
1113 25
1114 22
1115 14
1116 17
1117 16
1118 26
1119 19
1120 14
1121 16
1122 13
1123 14
1124 19
1125 23
1126 20
1127 13
1128 12
1129 20
1130 15
1131 21
1132 17
1133 13
1134 4
1135 14
1136 15
1137 10
1138 16
1139 19
1140 21
1141 16
1142 11
1143 24
1144 24
1145 17
1146 18
1147 16
1148 17
1149 17
1150 11
1151 26
1152 16
1153 14
1154 10
1155 19
1156 17
1157 20
1158 16
1159 20
1160 16
1161 20
1162 12
1163 13
1164 19
1165 15
1166 13
1167 20
1168 12
1169 22
1170 11
1171 11
1172 10
1173 15
1174 12
1175 17
1176 14
1177 17
1178 18
1179 16
1180 12
1181 16
1182 17
1183 17
1184 17
1185 16
1186 16
1187 19
1188 15
1189 9
1190 16
1191 14
1192 16
1193 17
1194 17
1195 13
1196 14
1197 17
1198 13
1199 11
1200 11
1201 12
1202 15
1203 20
1204 12
1205 15
1206 20
1207 12
1208 17
1209 13
1210 18
1211 23
1212 12
1213 9
1214 16
1215 10
1216 9
1217 12
1218 9
1219 21
1220 16
1221 17
1222 16
1223 9
1224 10
1225 12
1226 5
1227 7
1228 13
1229 9
1230 18
1231 13
1232 10
1233 14
1234 14
1235 20
1236 8
1237 20
1238 19
1239 19
1240 13
1241 6
1242 7
1243 9
1244 17
1245 10
1246 16
1247 21
1248 12
1249 17
1250 21
1251 11
1252 15
1253 17
1254 18
1255 17
1256 11
1257 14
1258 15
1259 18
1260 14
1261 16
1262 13
1263 13
1264 13
1265 13
1266 13
1267 23
1268 10
1269 18
1270 12
1271 14
1272 16
1273 19
1274 11
1275 12
1276 15
1277 18
1278 7
1279 8
1280 12
1281 12
1282 18
1283 11
1284 13
1285 11
1286 15
1287 13
1288 11
1289 17
1290 20
1291 19
1292 17
1293 19
1294 18
1295 18
1296 14
1297 30
1298 14
1299 14
1300 12
1301 17
1302 16
1303 14
1304 16
1305 12
1306 12
1307 17
1308 14
1309 18
1310 22
1311 13
1312 11
1313 12
1314 10
1315 8
1316 15
1317 18
1318 19
1319 10
1320 16
1321 15
1322 21
1323 13
1324 19
1325 14
1326 17
1327 9
1328 16
1329 19
1330 15
1331 8
1332 10
1333 24
1334 17
1335 15
1336 10
1337 11
1338 11
1339 18
1340 15
1341 10
1342 16
1343 18
1344 13
1345 10
1346 17
1347 11
1348 12
1349 16
1350 17
1351 9
1352 15
1353 13
1354 13
1355 9
1356 9
1357 13
1358 6
1359 13
1360 13
1361 19
1362 15
1363 15
1364 14
1365 17
1366 17
1367 13
1368 14
1369 13
1370 18
1371 23
1372 15
1373 14
1374 22
1375 13
1376 9
1377 17
1378 11
1379 12
1380 11
1381 16
1382 14
1383 14
1384 18
1385 16
1386 18
1387 8
1388 16
1389 12
1390 16
1391 8
1392 14
1393 21
1394 18
1395 18
1396 16
1397 16
1398 20
1399 17
1400 16
1401 11
1402 8
1403 5
1404 11
1405 15
1406 15
1407 13
1408 12
1409 10
1410 17
1411 14
1412 11
1413 11
1414 25
1415 19
1416 8
1417 25
1418 19
1419 14
1420 10
1421 13
1422 15
1423 18
1424 7
1425 17
1426 15
1427 15
1428 17
1429 18
1430 22
1431 19
1432 15
1433 19
1434 15
1435 15
1436 17
1437 15
1438 13
1439 11
1440 15
1441 14
1442 7
1443 12
1444 16
1445 16
1446 15
1447 10
1448 15
1449 10
1450 13
1451 15
1452 21
1453 10
1454 19
1455 7
1456 9
1457 17
1458 9
1459 8
1460 8
1461 12
1462 18
1463 15
1464 13
1465 9
1466 15
1467 10
1468 13
1469 17
1470 10
1471 16
1472 15
1473 17
1474 16
1475 19
1476 15
1477 9
1478 17
1479 15
1480 11
1481 20
1482 8
1483 7
1484 8
1485 12
1486 8
1487 12
1488 17
1489 17
1490 14
1491 20
1492 15
1493 14
1494 8
1495 17
1496 13
1497 13
1498 10
1499 13
1500 9
1501 15
1502 7
1503 13
1504 11
1505 12
1506 9
1507 13
1508 9
1509 14
1510 6
1511 15
1512 10
1513 13
1514 18
1515 8
1516 10
1517 9
1518 8
1519 7
1520 14
1521 8
1522 10
1523 11
1524 16
1525 11
1526 8
1527 9
1528 13
1529 5
1530 11
1531 8
1532 10
1533 9
1534 9
1535 9
1536 11
1537 16
1538 8
1539 5
1540 8
1541 10
1542 10
1543 4
1544 6
1545 10
1546 8
1547 4
1548 8
1549 15
1550 7
1551 5
1552 15
1553 4
1554 10
1555 6
1556 4
1557 5
1558 13
1559 6
1560 7
1561 9
1562 9
1563 6
1564 4
1565 8
1566 9
1567 9
1568 5
1569 9
1570 3
1571 9
1572 6
1573 6
1574 5
1575 9
1576 11
1577 4
1578 3
1579 8
1580 9
1581 11
1582 6
1583 8
1584 5
1585 5
1586 9
1587 6
1588 8
1589 7
1590 7
1591 8
1592 7
1593 9
1594 8
1595 4
1596 4
1597 6
1598 4
1599 5
1600 8
1601 7
1602 7
1603 4
1604 1
1605 3
1606 7
1607 4
1608 8
1609 6
1610 6
1611 4
1612 6
1613 3
1614 3
1615 1
1616 1
1617 3
1618 7
1619 4
1620 3
1621 8
1622 4
1623 6
1624 7
1625 2
1626 9
1627 3
1628 2
1629 5
1630 3
1631 3
1632 5
1633 5
1634 4
1635 3
1636 4
1637 5
1638 5
1639 4
1640 2
1641 1
1642 3
1643 1
1644 1
1645 1
1646 4
1647 3
1649 1
1650 1
1651 2
1652 1
1654 2
1655 2
1657 4
1658 3
1659 4
1661 1
1662 2
1663 5
1664 1
1665 2
1667 3
1668 4
1669 1
1670 2
1671 3
1672 1
1674 1
1675 2
1676 1
1677 1
1678 2
1679 1
1680 1
1681 1
1684 2
1685 1
1686 2
1687 1
1693 3
1696 1
1697 2
1699 1
1701 2
1703 1
1706 2
1711 1
1719 1
1720 1
1725 1
1728 1
1763 1
