N J h mean_R_sq err_mean_R_sq mean_R_gyr_sq err_mean_R_gyr_sq 
400 0.9 0 588.883 2.47297 426.905 1.37009
342 1
350 1
356 1
370 1
375 1
404 1
412 1
414 1
416 1
440 1
458 2
459 1
460 1
461 1
464 1
468 2
470 1
473 1
474 1
476 2
480 2
483 1
485 3
486 1
495 3
497 2
499 1
500 1
502 2
503 1
504 2
505 2
511 2
512 3
513 1
514 1
515 1
517 2
518 1
519 1
521 5
522 1
524 2
526 2
527 2
528 2
531 3
532 2
533 1
534 1
535 1
536 1
537 3
539 2
540 3
541 1
543 2
544 5
545 3
546 1
547 1
548 1
549 2
550 1
551 1
552 2
553 3
554 4
555 4
556 4
557 2
558 2
559 2
560 1
561 4
562 3
563 3
564 4
565 2
566 1
567 4
569 2
570 4
571 2
572 1
573 2
574 3
575 4
576 7
577 6
578 2
579 5
580 8
581 5
582 2
583 2
584 4
585 5
586 5
587 2
588 3
589 7
590 4
591 5
592 3
593 4
594 2
595 8
596 5
597 4
598 6
599 6
600 8
601 2
602 5
603 4
604 3
605 6
606 3
607 5
608 3
609 2
610 6
611 8
612 11
613 6
614 7
615 4
616 5
617 4
618 6
619 6
620 6
621 6
622 4
623 6
624 15
625 4
626 4
627 9
628 9
629 9
630 2
631 8
632 5
633 11
634 14
635 9
636 6
637 3
638 11
639 8
640 7
641 6
642 13
643 2
644 10
645 8
646 11
647 8
648 8
649 12
650 7
651 7
652 9
653 14
654 16
655 8
656 12
657 13
658 13
659 15
660 15
661 5
662 11
663 14
664 12
665 9
666 15
667 12
668 12
669 7
670 5
671 12
672 15
673 12
674 19
675 10
676 9
677 11
678 16
679 15
680 13
681 13
682 11
683 20
684 11
685 16
686 15
687 18
688 8
689 18
690 25
691 19
692 10
693 16
694 16
695 10
696 16
697 21
698 18
699 14
700 24
701 16
702 24
703 21
704 16
705 11
706 19
707 17
708 13
709 12
710 16
711 12
712 21
713 16
714 24
715 26
716 24
717 17
718 26
719 17
720 27
721 12
722 23
723 27
724 30
725 26
726 21
727 13
728 13
729 13
730 18
731 24
732 28
733 34
734 20
735 18
736 24
737 29
738 26
739 13
740 28
741 30
742 20
743 19
744 19
745 19
746 21
747 28
748 24
749 24
750 22
751 32
752 29
753 33
754 28
755 31
756 28
757 28
758 26
759 27
760 21
761 23
762 28
763 34
764 26
765 31
766 24
767 34
768 25
769 28
770 27
771 34
772 31
773 44
774 24
775 38
776 23
777 27
778 22
779 31
780 27
781 42
782 29
783 37
784 37
785 34
786 37
787 50
788 32
789 42
790 34
791 43
792 29
793 33
794 32
795 31
796 36
797 38
798 33
799 31
800 43
801 42
802 39
803 40
804 35
805 32
806 28
807 38
808 47
809 38
810 36
811 47
812 30
813 34
814 44
815 42
816 32
817 35
818 53
819 44
820 45
821 35
822 52
823 46
824 38
825 42
826 46
827 34
828 51
829 32
830 37
831 54
832 34
833 47
834 48
835 48
836 48
837 37
838 49
839 40
840 43
841 53
842 49
843 46
844 50
845 46
846 41
847 38
848 58
849 39
850 58
851 49
852 52
853 49
854 60
855 48
856 58
857 40
858 49
859 45
860 53
861 40
862 49
863 47
864 64
865 62
866 53
867 43
868 57
869 53
870 55
871 57
872 51
873 50
874 62
875 68
876 63
877 44
878 44
879 41
880 56
881 66
882 76
883 65
884 64
885 51
886 77
887 78
888 59
889 60
890 62
891 51
892 67
893 70
894 50
895 57
896 56
897 59
898 61
899 66
900 68
901 60
902 52
903 71
904 62
905 75
906 76
907 58
908 70
909 73
910 78
911 60
912 78
913 59
914 61
915 74
916 82
917 71
918 59
919 55
920 58
921 79
922 67
923 81
924 75
925 62
926 81
927 60
928 84
929 62
930 64
931 66
932 74
933 82
934 81
935 65
936 90
937 65
938 78
939 89
940 78
941 72
942 75
943 68
944 67
945 84
946 99
947 67
948 77
949 68
950 74
951 73
952 81
953 89
954 74
955 90
956 65
957 89
958 84
959 79
960 75
961 93
962 89
963 83
964 74
965 82
966 84
967 87
968 91
969 74
970 104
971 100
972 77
973 84
974 88
975 88
976 87
977 113
978 79
979 86
980 89
981 92
982 80
983 106
984 91
985 98
986 93
987 86
988 90
989 92
990 77
991 101
992 84
993 94
994 92
995 98
996 110
997 81
998 96
999 105
1000 78
1001 119
1002 90
1003 97
1004 98
1005 98
1006 105
1007 89
1008 91
1009 109
1010 112
1011 102
1012 109
1013 88
1014 113
1015 104
1016 102
1017 105
1018 96
1019 114
1020 94
1021 97
1022 101
1023 90
1024 118
1025 104
1026 115
1027 108
1028 89
1029 122
1030 106
1031 105
1032 99
1033 118
1034 121
1035 131
1036 107
1037 114
1038 103
1039 110
1040 130
1041 128
1042 102
1043 109
1044 114
1045 117
1046 116
1047 130
1048 115
1049 137
1050 109
1051 115
1052 129
1053 135
1054 127
1055 137
1056 116
1057 114
1058 116
1059 131
1060 114
1061 134
1062 124
1063 156
1064 97
1065 138
1066 143
1067 124
1068 149
1069 138
1070 144
1071 145
1072 128
1073 122
1074 128
1075 120
1076 140
1077 124
1078 146
1079 139
1080 124
1081 135
1082 129
1083 142
1084 154
1085 133
1086 164
1087 166
1088 139
1089 150
1090 156
1091 158
1092 138
1093 149
1094 149
1095 136
1096 168
1097 159
1098 133
1099 160
1100 154
1101 169
1102 153
1103 167
1104 128
1105 166
1106 172
1107 176
1108 170
1109 192
1110 138
1111 163
1112 166
1113 164
1114 163
1115 187
1116 182
1117 170
1118 146
1119 173
1120 153
1121 177
1122 150
1123 183
1124 194
1125 184
1126 179
1127 179
1128 188
1129 189
1130 190
1131 175
1132 179
1133 201
1134 186
1135 183
1136 179
1137 193
1138 179
1139 177
1140 208
1141 197
1142 198
1143 198
1144 194
1145 204
1146 209
1147 206
1148 228
1149 226
1150 218
1151 231
1152 174
1153 249
1154 227
1155 219
1156 240
1157 222
1158 219
1159 238
1160 206
1161 246
1162 228
1163 226
1164 226
1165 252
1166 229
1167 260
1168 222
1169 234
1170 257
1171 272
1172 259
1173 263
1174 272
1175 261
1176 252
1177 250
1178 236
1179 262
1180 264
1181 267
1182 284
1183 250
1184 286
1185 288
1186 270
1187 262
1188 274
1189 248
1190 277
1191 278
1192 291
1193 265
1194 285
1195 327
1196 318
1197 245
1198 291
1199 287
1200 298
1201 277
1202 311
1203 297
1204 305
1205 273
1206 343
1207 318
1208 317
1209 301
1210 323
1211 344
1212 312
1213 346
1214 329
1215 304
1216 330
1217 351
1218 327
1219 359
1220 362
1221 371
1222 391
1223 357
1224 372
1225 377
1226 377
1227 363
1228 377
1229 387
1230 398
1231 363
1232 382
1233 375
1234 407
1235 386
1236 426
1237 426
1238 443
1239 396
1240 438
1241 455
1242 421
1243 427
1244 388
1245 468
1246 408
1247 415
1248 417
1249 445
1250 474
1251 436
1252 422
1253 445
1254 473
1255 493
1256 477
1257 435
1258 500
1259 483
1260 503
1261 492
1262 486
1263 473
1264 492
1265 533
1266 509
1267 531
1268 531
1269 499
1270 460
1271 517
1272 557
1273 506
1274 506
1275 538
1276 613
1277 518
1278 491
1279 516
1280 546
1281 546
1282 540
1283 531
1284 526
1285 546
1286 558
1287 538
1288 554
1289 553
1290 581
1291 615
1292 588
1293 573
1294 596
1295 573
1296 641
1297 554
1298 562
1299 650
1300 576
1301 582
1302 565
1303 600
1304 639
1305 599
1306 597
1307 611
1308 579
1309 595
1310 608
1311 597
1312 599
1313 604
1314 589
1315 611
1316 614
1317 626
1318 604
1319 625
1320 600
1321 628
1322 626
1323 621
1324 651
1325 637
1326 655
1327 639
1328 653
1329 650
1330 618
1331 655
1332 607
1333 647
1334 657
1335 665
1336 655
1337 645
1338 629
1339 628
1340 633
1341 632
1342 640
1343 637
1344 583
1345 587
1346 644
1347 591
1348 633
1349 621
1350 582
1351 605
1352 623
1353 607
1354 619
1355 572
1356 607
1357 584
1358 622
1359 614
1360 588
1361 578
1362 586
1363 554
1364 584
1365 603
1366 551
1367 569
1368 587
1369 520
1370 525
1371 512
1372 519
1373 560
1374 547
1375 563
1376 532
1377 558
1378 526
1379 502
1380 520
1381 511
1382 485
1383 515
1384 485
1385 480
1386 474
1387 493
1388 477
1389 439
1390 454
1391 460
1392 459
1393 447
1394 410
1395 445
1396 452
1397 417
1398 406
1399 405
1400 393
1401 369
1402 393
1403 378
1404 372
1405 367
1406 365
1407 352
1408 330
1409 357
1410 330
1411 354
1412 334
1413 328
1414 295
1415 295
1416 319
1417 295
1418 296
1419 261
1420 259
1421 256
1422 282
1423 294
1424 265
1425 275
1426 248
1427 212
1428 237
1429 234
1430 195
1431 232
1432 220
1433 206
1434 224
1435 211
1436 181
1437 195
1438 163
1439 188
1440 171
1441 177
1442 160
1443 186
1444 164
1445 161
1446 156
1447 132
1448 133
1449 146
1450 133
1451 154
1452 133
1453 147
1454 130
1455 117
1456 115
1457 105
1458 115
1459 104
1460 98
1461 95
1462 95
1463 80
1464 88
1465 74
1466 100
1467 54
1468 79
1469 102
1470 87
1471 59
1472 67
1473 66
1474 61
1475 52
1476 52
1477 51
1478 38
1479 55
1480 49
1481 48
1482 43
1483 41
1484 45
1485 45
1486 32
1487 40
1488 36
1489 39
1490 29
1491 20
1492 51
1493 25
1494 39
1495 32
1496 25
1497 18
1498 32
1499 22
1500 20
1501 28
1502 15
1503 17
1504 20
1505 13
1506 10
1507 14
1508 17
1509 21
1510 9
1511 16
1512 8
1513 8
1514 16
1515 4
1516 15
1517 13
1518 10
1519 13
1520 11
1521 6
1522 8
1523 7
1524 7
1525 6
1526 5
1527 6
1528 7
1529 1
1530 8
1531 6
1532 3
1533 2
1534 7
1535 2
1536 2
1537 1
1538 1
1539 2
1540 1
1541 5
1542 2
1544 2
1545 1
1546 2
1547 4
1548 2
1549 1
1550 1
1551 1
1552 2
1553 1
1555 2
1556 1
1568 1
