N J h mean_R_sq err_mean_R_sq mean_R_gyr_sq err_mean_R_gyr_sq 
400 0.81 0 957.997 4.00702 258.416 0.873542
668 1
674 1
676 1
689 1
701 1
703 1
704 1
711 1
717 1
719 1
720 1
721 1
722 1
723 1
725 1
726 3
729 1
731 2
733 1
734 4
735 5
736 2
737 1
738 2
739 2
740 1
741 3
742 3
744 2
745 4
746 3
748 3
750 2
751 1
752 1
753 2
754 2
755 2
756 3
757 1
758 2
759 3
760 5
761 3
762 3
763 3
764 4
765 6
766 5
767 2
768 2
769 7
770 1
771 4
772 4
773 5
774 1
775 7
776 12
777 4
779 6
780 5
781 4
782 4
783 11
784 11
785 4
786 8
787 7
788 11
789 10
790 6
791 13
792 14
793 6
794 9
795 6
796 8
797 15
798 16
799 7
800 14
801 10
802 16
803 17
804 13
805 15
806 14
807 13
808 19
809 17
810 24
811 21
812 26
813 22
814 18
815 24
816 22
817 24
818 19
819 19
820 36
821 21
822 23
823 40
824 35
825 25
826 29
827 20
828 31
829 30
830 40
831 32
832 35
833 34
834 30
835 39
836 43
837 53
838 42
839 53
840 47
841 43
842 57
843 51
844 55
845 60
846 58
847 45
848 56
849 65
850 57
851 58
852 55
853 61
854 53
855 67
856 72
857 58
858 70
859 89
860 74
861 77
862 83
863 67
864 78
865 81
866 88
867 97
868 97
869 83
870 99
871 86
872 89
873 101
874 100
875 79
876 95
877 126
878 99
879 109
880 119
881 124
882 128
883 119
884 123
885 138
886 148
887 142
888 137
889 157
890 155
891 164
892 155
893 163
894 128
895 174
896 174
897 167
898 174
899 180
900 179
901 183
902 190
903 181
904 172
905 199
906 177
907 198
908 201
909 200
910 222
911 210
912 204
913 223
914 247
915 225
916 219
917 251
918 248
919 244
920 231
921 254
922 242
923 258
924 253
925 255
926 268
927 292
928 276
929 280
930 284
931 256
932 300
933 304
934 283
935 312
936 321
937 320
938 291
939 315
940 300
941 338
942 295
943 334
944 336
945 342
946 340
947 307
948 336
949 354
950 352
951 337
952 327
953 343
954 378
955 373
956 363
957 378
958 327
959 366
960 375
961 372
962 376
963 367
964 399
965 393
966 405
967 395
968 417
969 399
970 386
971 395
972 439
973 384
974 395
975 421
976 464
977 411
978 434
979 407
980 387
981 403
982 417
983 447
984 438
985 403
986 387
987 442
988 447
989 431
990 411
991 428
992 418
993 376
994 443
995 419
996 434
997 452
998 426
999 431
1000 422
1001 418
1002 440
1003 449
1004 448
1005 422
1006 412
1007 414
1008 462
1009 417
1010 394
1011 440
1012 419
1013 436
1014 422
1015 410
1016 427
1017 443
1018 409
1019 420
1020 442
1021 416
1022 383
1023 395
1024 396
1025 390
1026 398
1027 420
1028 428
1029 415
1030 407
1031 410
1032 354
1033 364
1034 399
1035 392
1036 385
1037 402
1038 336
1039 391
1040 361
1041 350
1042 338
1043 368
1044 334
1045 336
1046 315
1047 371
1048 347
1049 368
1050 335
1051 381
1052 317
1053 309
1054 340
1055 322
1056 313
1057 331
1058 309
1059 290
1060 330
1061 334
1062 319
1063 320
1064 301
1065 300
1066 301
1067 286
1068 316
1069 302
1070 282
1071 269
1072 284
1073 295
1074 251
1075 253
1076 253
1077 232
1078 233
1079 247
1080 229
1081 263
1082 245
1083 227
1084 242
1085 209
1086 212
1087 210
1088 209
1089 223
1090 198
1091 199
1092 230
1093 174
1094 200
1095 162
1096 224
1097 186
1098 187
1099 178
1100 174
1101 189
1102 185
1103 162
1104 171
1105 157
1106 167
1107 164
1108 164
1109 159
1110 147
1111 125
1112 148
1113 143
1114 166
1115 133
1116 118
1117 134
1118 126
1119 115
1120 147
1121 99
1122 108
1123 106
1124 92
1125 90
1126 84
1127 85
1128 99
1129 70
1130 90
1131 88
1132 79
1133 72
1134 80
1135 92
1136 77
1137 62
1138 86
1139 67
1140 69
1141 76
1142 77
1143 75
1144 64
1145 58
1146 66
1147 60
1148 53
1149 57
1150 56
1151 65
1152 47
1153 53
1154 61
1155 70
1156 59
1157 38
1158 45
1159 53
1160 45
1161 41
1162 37
1163 46
1164 29
1165 41
1166 31
1167 33
1168 34
1169 29
1170 28
1171 32
1172 30
1173 24
1174 25
1175 29
1176 29
1177 23
1178 22
1179 22
1180 21
1181 17
1182 16
1183 24
1184 19
1185 24
1186 21
1187 15
1188 18
1189 20
1190 17
1191 25
1192 13
1193 21
1194 20
1195 12
1196 4
1197 20
1198 6
1199 8
1200 15
1201 9
1202 7
1203 12
1204 9
1205 3
1206 13
1207 7
1208 11
1209 8
1210 3
1211 5
1212 8
1213 6
1214 10
1215 7
1216 7
1217 3
1218 10
1219 5
1220 8
1221 6
1222 3
1223 4
1224 5
1225 5
1226 5
1227 2
1228 9
1229 4
1230 3
1231 5
1232 2
1233 3
1234 4
1235 2
1236 2
1237 3
1239 5
1241 2
1242 1
1243 2
1244 1
1245 2
1246 2
1247 3
1248 1
1249 2
1250 3
1251 2
1252 1
1253 3
1254 1
1255 1
1256 1
1257 1
1259 3
1261 1
1262 1
1264 1
1265 1
1266 1
1267 1
1269 2
1273 1
1277 1
1278 1
1282 1
1283 1
1285 2
1287 2
1291 1
1293 1
1297 1
1304 1
1308 1
1320 1
1331 1
