N J h mean_R_sq err_mean_R_sq mean_R_gyr_sq err_mean_R_gyr_sq 
600 0.88 0 1018.49 7.39504 871.198 5.61525
1000 8061
1001 7233
1002 6782
1003 6212
1004 5914
1005 5368
1006 4997
1007 4694
1008 4338
1009 3971
1010 3720
1011 3379
1012 3152
1013 2882
1014 2664
1015 2537
1016 2395
1017 2222
1018 2044
1019 1920
1020 1769
1021 1623
1022 1509
1023 1482
1024 1369
1025 1272
1026 1175
1027 1150
1028 1098
1029 974
1030 902
1031 908
1032 814
1033 785
1034 714
1035 659
1036 675
1037 655
1038 624
1039 543
1040 517
1041 473
1042 474
1043 493
1044 459
1045 393
1046 367
1047 369
1048 350
1049 335
1050 345
1051 292
1052 323
1053 298
1054 301
1055 286
1056 242
1057 261
1058 266
1059 283
1060 237
1061 229
1062 235
1063 205
1064 218
1065 196
1066 195
1067 182
1068 200
1069 182
1070 182
1071 158
1072 189
1073 150
1074 136
1075 159
1076 159
1077 136
1078 143
1079 153
1080 146
1081 156
1082 130
1083 136
1084 124
1085 123
1086 108
1087 127
1088 113
1089 112
1090 101
1091 125
1092 127
1093 94
1094 90
1095 125
1096 120
1097 109
1098 94
1099 94
1100 106
1101 108
1102 112
1103 90
1104 97
1105 104
1106 97
1107 111
1108 118
1109 89
1110 93
1111 96
1112 77
1113 102
1114 78
1115 93
1116 80
1117 87
1118 64
1119 82
1120 84
1121 73
1122 80
1123 82
1124 79
1125 70
1126 87
1127 82
1128 70
1129 66
1130 56
1131 77
1132 67
1133 67
1134 78
1135 70
1136 64
1137 81
1138 74
1139 61
1140 64
1141 83
1142 64
1143 54
1144 61
1145 56
1146 53
1147 70
1148 53
1149 61
1150 68
1151 61
1152 43
1153 51
1154 44
1155 50
1156 54
1157 46
1158 62
1159 61
1160 60
1161 62
1162 53
1163 63
1164 72
1165 52
1166 47
1167 41
1168 59
1169 42
1170 54
1171 47
1172 53
1173 58
1174 46
1175 45
1176 38
1177 52
1178 48
1179 45
1180 42
1181 47
1182 43
1183 40
1184 34
1185 42
1186 42
1187 53
1188 39
1189 37
1190 35
1191 44
1192 32
1193 40
1194 30
1195 35
1196 49
1197 42
1198 40
1199 42
1200 40
1201 44
1202 47
1203 31
1204 32
1205 34
1206 35
1207 46
1208 42
1209 32
1210 28
1211 36
1212 34
1213 34
1214 38
1215 42
1216 31
1217 31
1218 30
1219 34
1220 30
1221 41
1222 41
1223 28
1224 33
1225 34
1226 26
1227 45
1228 30
1229 35
1230 28
1231 23
1232 20
1233 31
1234 28
1235 24
1236 26
1237 30
1238 21
1239 31
1240 29
1241 32
1242 28
1243 26
1244 23
1245 24
1246 33
1247 20
1248 34
1249 15
1250 32
1251 22
1252 29
1253 31
1254 25
1255 24
1256 21
1257 24
1258 24
1259 27
1260 25
1261 21
1262 25
1263 18
1264 19
1265 21
1266 16
1267 27
1268 12
1269 14
1270 20
1271 23
1272 19
1273 16
1274 20
1275 19
1276 15
1277 16
1278 12
1279 21
1280 15
1281 20
1282 10
1283 19
1284 17
1285 11
1286 9
1287 22
1288 18
1289 14
1290 14
1291 12
1292 16
1293 16
1294 16
1295 19
1296 15
1297 22
1298 19
1299 12
1300 12
1301 9
1302 10
1303 17
1304 10
1305 15
1306 7
1307 14
1308 14
1309 11
1310 16
1311 15
1312 14
1313 12
1314 13
1315 17
1316 11
1317 6
1318 4
1319 16
1320 13
1321 9
1322 10
1323 9
1324 14
1325 13
1326 12
1327 9
1328 10
1329 6
1330 12
1331 8
1332 11
1333 14
1334 10
1335 8
1336 9
1337 10
1338 8
1339 14
1340 9
1341 6
1342 12
1343 8
1344 8
1345 11
1346 4
1347 14
1348 10
1349 5
1350 5
1351 5
1352 7
1353 6
1354 4
1355 7
1356 9
1357 4
1358 8
1359 4
1360 4
1361 5
1362 7
1363 6
1364 7
1365 9
1366 4
1367 7
1368 5
1369 5
1370 3
1371 7
1372 7
1373 5
1374 3
1375 1
1376 1
1377 4
1378 10
1379 4
1380 3
1381 5
1382 8
1383 4
1384 6
1386 3
1387 2
1388 7
1389 3
1390 6
1391 3
1392 7
1393 4
1394 2
1395 1
1396 5
1397 1
1398 1
1399 5
1400 2
1401 3
1402 1
1403 3
1404 4
1405 5
1406 1
1407 3
1408 1
1411 4
1412 3
1413 3
1414 2
1415 3
1416 4
1418 5
1419 2
1420 4
1421 4
1422 2
1423 3
1424 4
1425 1
1426 2
1427 2
1428 1
1429 3
1430 1
1432 1
1433 1
1434 2
1435 1
1437 1
1439 2
1441 1
1442 2
1445 1
1448 1
1450 2
1452 2
1453 1
1456 1
1458 1
1461 1
1473 1
1474 1
1480 1
1487 2
1488 1
1490 1
1492 1
1493 1
1495 1
1504 1
1518 1
1524 1
1554 1
