N J h mean_R_sq err_mean_R_sq mean_R_gyr_sq err_mean_R_gyr_sq 
400 0.851 0 856.43 16.5005 265.053 3.99988
523 1
569 1
606 1
614 1
620 1
624 1
626 1
628 1
636 1
646 1
647 1
654 2
658 1
661 1
662 1
666 1
668 1
674 1
675 1
678 1
680 1
681 2
683 1
685 1
688 2
690 1
691 1
695 1
697 2
702 1
704 3
705 2
706 2
711 2
712 1
713 3
715 5
716 1
717 1
718 1
719 2
721 1
722 3
723 1
724 2
725 2
726 2
727 5
729 3
730 2
731 3
732 1
734 4
735 6
736 3
737 3
738 5
739 1
740 1
741 7
742 1
743 2
744 7
745 13
746 2
747 3
748 2
749 2
750 7
751 5
752 6
753 5
754 5
755 7
756 4
757 8
758 5
759 5
760 7
761 1
762 5
763 10
764 6
765 7
766 8
767 4
768 10
769 4
770 5
771 11
772 11
773 15
774 10
775 7
776 4
777 9
778 6
779 12
780 7
781 9
782 14
783 11
784 9
785 7
786 13
787 16
788 10
789 20
790 14
791 15
792 16
793 10
794 17
795 22
796 12
797 19
798 20
799 11
800 16
801 11
802 12
803 28
804 15
805 19
806 23
807 33
808 17
809 19
810 29
811 28
812 28
813 22
814 19
815 21
816 29
817 25
818 37
819 29
820 32
821 20
822 20
823 38
824 23
825 36
826 34
827 34
828 43
829 26
830 38
831 39
832 52
833 45
834 43
835 39
836 47
837 43
838 43
839 45
840 43
841 43
842 41
843 42
844 72
845 44
846 61
847 63
848 57
849 70
850 65
851 53
852 70
853 73
854 65
855 57
856 62
857 72
858 69
859 71
860 74
861 67
862 85
863 62
864 100
865 64
866 95
867 68
868 90
869 94
870 91
871 91
872 99
873 91
874 90
875 90
876 92
877 98
878 112
879 107
880 108
881 114
882 131
883 121
884 99
885 104
886 122
887 114
888 123
889 134
890 117
891 132
892 113
893 136
894 140
895 119
896 134
897 136
898 151
899 138
900 130
901 157
902 163
903 143
904 182
905 167
906 160
907 155
908 154
909 153
910 169
911 161
912 161
913 181
914 165
915 184
916 186
917 184
918 184
919 198
920 172
921 193
922 190
923 186
924 182
925 199
926 232
927 220
928 208
929 204
930 184
931 227
932 240
933 230
934 236
935 220
936 239
937 237
938 219
939 229
940 224
941 237
942 238
943 242
944 253
945 264
946 243
947 231
948 253
949 260
950 268
951 276
952 253
953 263
954 253
955 227
956 254
957 277
958 245
959 243
960 248
961 249
962 263
963 264
964 268
965 258
966 256
967 277
968 284
969 269
970 284
971 313
972 293
973 268
974 274
975 284
976 290
977 299
978 292
979 299
980 277
981 312
982 295
983 312
984 293
985 294
986 296
987 284
988 307
989 274
990 273
991 267
992 309
993 305
994 321
995 297
996 302
997 301
998 279
999 319
1000 302
1001 305
1002 321
1003 306
1004 301
1005 298
1006 291
1007 284
1008 306
1009 301
1010 280
1011 293
1012 293
1013 285
1014 293
1015 282
1016 292
1017 309
1018 281
1019 294
1020 285
1021 269
1022 324
1023 301
1024 303
1025 306
1026 258
1027 274
1028 274
1029 284
1030 236
1031 278
1032 278
1033 287
1034 253
1035 295
1036 291
1037 254
1038 261
1039 274
1040 274
1041 234
1042 250
1043 253
1044 234
1045 227
1046 246
1047 283
1048 265
1049 236
1050 238
1051 234
1052 226
1053 247
1054 253
1055 244
1056 230
1057 226
1058 236
1059 220
1060 237
1061 219
1062 227
1063 207
1064 216
1065 201
1066 237
1067 230
1068 208
1069 219
1070 242
1071 194
1072 235
1073 192
1074 211
1075 180
1076 221
1077 193
1078 172
1079 192
1080 186
1081 172
1082 201
1083 158
1084 193
1085 169
1086 151
1087 165
1088 165
1089 163
1090 168
1091 147
1092 160
1093 181
1094 150
1095 135
1096 160
1097 128
1098 129
1099 147
1100 109
1101 110
1102 161
1103 118
1104 114
1105 135
1106 117
1107 126
1108 136
1109 125
1110 135
1111 140
1112 113
1113 125
1114 96
1115 102
1116 101
1117 106
1118 112
1119 105
1120 113
1121 89
1122 104
1123 110
1124 93
1125 94
1126 87
1127 101
1128 85
1129 97
1130 73
1131 89
1132 87
1133 89
1134 98
1135 78
1136 94
1137 91
1138 68
1139 87
1140 59
1141 63
1142 74
1143 75
1144 67
1145 61
1146 64
1147 56
1148 66
1149 62
1150 55
1151 62
1152 60
1153 47
1154 47
1155 42
1156 62
1157 56
1158 41
1159 57
1160 55
1161 57
1162 42
1163 46
1164 43
1165 34
1166 52
1167 46
1168 35
1169 29
1170 34
1171 45
1172 49
1173 30
1174 32
1175 38
1176 42
1177 26
1178 38
1179 23
1180 31
1181 41
1182 26
1183 31
1184 26
1185 18
1186 29
1187 14
1188 24
1189 26
1190 24
1191 22
1192 29
1193 21
1194 21
1195 20
1196 21
1197 21
1198 18
1199 16
1200 12
1201 15
1202 11
1203 15
1204 15
1205 11
1206 16
1207 17
1208 17
1209 14
1210 15
1211 9
1212 12
1213 14
1214 10
1215 15
1216 13
1217 12
1218 8
1219 5
1220 7
1221 15
1222 5
1223 10
1224 7
1225 13
1226 10
1227 7
1228 10
1229 5
1230 9
1231 8
1232 6
1233 9
1234 12
1235 5
1236 5
1237 5
1238 4
1239 2
1240 9
1241 8
1242 11
1243 8
1244 4
1245 3
1246 3
1247 6
1248 3
1249 5
1250 4
1251 5
1252 5
1253 2
1254 4
1255 2
1256 4
1257 2
1258 3
1259 4
1260 2
1261 7
1262 1
1263 8
1264 4
1265 2
1266 6
1267 2
1268 1
1269 3
1271 6
1272 3
1273 4
1274 2
1275 1
1277 1
1278 1
1279 1
1281 3
1282 3
1283 1
1284 2
1285 1
1286 1
1287 1
1288 2
1289 1
1290 1
1291 1
1294 2
1296 2
1298 1
1299 1
1301 2
1308 1
1309 1
1311 1
1315 1
1316 1
1317 2
1321 1
1325 1
1327 1
1329 1
1330 2
1335 1
1337 1
1339 2
1343 1
1344 1
1345 1
1346 2
1351 1
1358 1
1359 1
1364 1
1368 1
1374 1
1388 1
1401 1
