N J h mean_R_sq err_mean_R_sq mean_R_gyr_sq err_mean_R_gyr_sq 
700 0.863 0 1486.64 22.1084 845.261 6.13056
352 1
476 1
531 1
556 1
560 1
566 1
575 1
583 1
591 1
600 1
601 1
603 1
605 1
615 2
617 1
623 2
625 1
627 1
630 2
631 1
632 2
633 1
634 1
636 1
637 1
638 1
642 2
647 1
650 3
651 1
652 1
656 1
657 1
658 1
659 3
661 2
664 1
667 1
670 1
672 1
673 1
674 1
675 1
676 2
677 1
680 3
681 1
683 1
684 1
685 2
686 1
687 1
688 3
689 1
692 1
693 1
694 2
696 1
697 1
698 1
701 3
704 1
705 2
706 2
709 3
711 2
712 2
713 1
716 2
717 1
718 2
719 2
720 1
722 2
723 2
724 2
726 2
728 4
729 2
730 2
731 2
732 1
733 1
734 2
735 3
736 3
737 2
738 4
739 1
740 2
741 3
742 3
743 4
744 1
745 1
746 2
748 4
749 3
752 3
753 1
754 3
755 3
756 2
757 3
758 2
759 5
760 5
761 1
762 1
763 4
764 3
765 2
766 5
767 3
768 1
769 4
770 7
771 1
772 1
773 4
774 3
775 5
776 3
777 3
778 1
779 2
780 3
781 2
782 4
783 3
784 3
785 2
786 6
787 4
788 1
789 3
790 7
791 5
792 6
793 6
794 4
795 8
796 1
797 2
798 4
799 4
800 3
801 2
802 7
803 7
804 6
805 7
806 3
807 3
808 6
809 5
810 6
811 6
812 2
813 6
814 8
815 7
816 4
817 5
818 2
819 2
820 8
821 6
822 4
823 8
824 7
825 5
826 3
827 5
828 5
829 4
830 5
831 4
832 8
833 7
834 4
835 3
836 8
837 6
838 5
839 2
840 3
841 1
842 4
843 2
844 8
845 5
846 5
847 6
848 6
849 10
850 8
851 6
852 6
853 6
854 9
855 7
856 8
857 4
858 9
859 7
860 9
861 4
862 5
863 6
864 6
865 6
866 6
867 8
868 2
869 9
870 7
871 7
872 10
873 10
874 13
875 13
876 16
877 15
878 4
879 9
880 7
881 11
882 3
883 7
884 12
885 13
886 15
887 9
888 11
889 16
890 9
891 12
892 10
893 11
894 16
895 4
896 8
897 7
898 6
899 9
900 10
901 13
902 8
903 10
904 12
905 10
906 9
907 18
908 9
909 14
910 12
911 11
912 6
913 11
914 13
915 17
916 7
917 14
918 10
919 9
920 12
921 19
922 11
923 13
924 16
925 21
926 12
927 13
928 16
929 13
930 15
931 9
932 10
933 15
934 7
935 10
936 10
937 14
938 11
939 16
940 15
941 18
942 16
943 11
944 18
945 18
946 20
947 10
948 20
949 18
950 17
951 18
952 17
953 15
954 10
955 16
956 15
957 16
958 13
959 15
960 17
961 18
962 15
963 16
964 15
965 16
966 21
967 17
968 20
969 17
970 20
971 18
972 19
973 20
974 25
975 22
976 27
977 17
978 12
979 18
980 19
981 24
982 24
983 19
984 18
985 28
986 22
987 26
988 18
989 24
990 24
991 20
992 24
993 17
994 21
995 15
996 16
997 19
998 21
999 23
1000 26
1001 20
1002 21
1003 30
1004 26
1005 30
1006 29
1007 21
1008 17
1009 27
1010 29
1011 26
1012 16
1013 31
1014 25
1015 28
1016 27
1017 26
1018 27
1019 23
1020 22
1021 33
1022 27
1023 28
1024 28
1025 21
1026 36
1027 32
1028 29
1029 35
1030 21
1031 24
1032 28
1033 36
1034 27
1035 35
1036 37
1037 37
1038 36
1039 26
1040 29
1041 35
1042 49
1043 29
1044 29
1045 39
1046 33
1047 32
1048 33
1049 35
1050 41
1051 46
1052 40
1053 30
1054 50
1055 39
1056 39
1057 43
1058 34
1059 39
1060 38
1061 42
1062 39
1063 44
1064 30
1065 31
1066 32
1067 36
1068 44
1069 27
1070 50
1071 38
1072 37
1073 51
1074 53
1075 58
1076 53
1077 36
1078 37
1079 39
1080 42
1081 38
1082 42
1083 49
1084 59
1085 50
1086 46
1087 42
1088 57
1089 50
1090 59
1091 49
1092 57
1093 39
1094 47
1095 59
1096 44
1097 70
1098 63
1099 50
1100 55
1101 51
1102 47
1103 37
1104 64
1105 51
1106 79
1107 59
1108 57
1109 55
1110 66
1111 65
1112 68
1113 73
1114 70
1115 66
1116 64
1117 76
1118 63
1119 68
1120 75
1121 70
1122 58
1123 77
1124 74
1125 84
1126 67
1127 67
1128 69
1129 79
1130 75
1131 86
1132 86
1133 90
1134 81
1135 74
1136 88
1137 91
1138 89
1139 89
1140 92
1141 90
1142 110
1143 94
1144 106
1145 86
1146 98
1147 97
1148 110
1149 98
1150 93
1151 95
1152 96
1153 85
1154 121
1155 104
1156 107
1157 112
1158 123
1159 120
1160 94
1161 122
1162 126
1163 118
1164 111
1165 131
1166 126
1167 138
1168 128
1169 134
1170 128
1171 130
1172 140
1173 135
1174 141
1175 126
1176 150
1177 160
1178 156
1179 155
1180 158
1181 161
1182 161
1183 168
1184 169
1185 148
1186 155
1187 178
1188 163
1189 179
1190 194
1191 191
1192 212
1193 193
1194 187
1195 185
1196 200
1197 180
1198 220
1199 206
1200 204
1201 209
1202 225
1203 231
1204 231
1205 233
1206 226
1207 216
1208 273
1209 262
1210 270
1211 253
1212 288
1213 275
1214 295
1215 271
1216 257
1217 273
1218 296
1219 308
1220 306
1221 293
1222 307
1223 314
1224 301
1225 334
1226 328
1227 339
1228 358
1229 394
1230 408
1231 342
1232 377
1233 371
1234 383
1235 424
1236 418
1237 416
1238 437
1239 458
1240 463
1241 462
1242 518
1243 466
1244 505
1245 474
1246 555
1247 502
1248 502
1249 502
1250 596
1251 629
1252 558
1253 625
1254 613
1255 592
1256 624
1257 661
1258 690
1259 620
1260 721
1261 710
1262 704
1263 800
1264 734
1265 800
1266 769
1267 852
1268 822
1269 886
1270 870
1271 921
1272 928
1273 936
1274 957
1275 945
1276 973
1277 1014
1278 1030
1279 1062
1280 1054
1281 1069
1282 1099
1283 1146
1284 1164
1285 1187
1286 1141
1287 1303
1288 1252
1289 1285
1290 1294
1291 1363
1292 1405
1293 1417
1294 1447
1295 1496
1296 1533
1297 1533
1298 1558
1299 1672
1300 1708
1301 1689
1302 1660
1303 1772
1304 1697
1305 1831
1306 1871
1307 1878
1308 1858
1309 1924
1310 1995
1311 2061
1312 2025
1313 2172
1314 2105
1315 2146
1316 2282
1317 2216
1318 2192
1319 2400
1320 2357
1321 2396
1322 2483
1323 2559
1324 2579
1325 2619
1326 2592
1327 2670
1328 2725
1329 2683
1330 2815
1331 2861
1332 2894
1333 2975
1334 2948
1335 2939
1336 3144
1337 3135
1338 3211
1339 3266
1340 3331
1341 3347
1342 3212
1343 3384
1344 3470
1345 3430
1346 3493
1347 3525
1348 3662
1349 3530
1350 3525
1351 3764
1352 3702
1353 3745
1354 3734
1355 3771
1356 3833
1357 3947
1358 3934
1359 3947
1360 4017
1361 3977
1362 4105
1363 4100
1364 4174
1365 4093
1366 4152
1367 4164
1368 4304
1369 4276
1370 4251
1371 4287
1372 4393
1373 4349
1374 4334
1375 4380
1376 4371
1377 4315
1378 4339
1379 4359
1380 4407
1381 4525
1382 4372
1383 4500
1384 4296
1385 4447
1386 4400
1387 4458
1388 4434
1389 4408
1390 4432
1391 4327
1392 4315
1393 4284
1394 4343
1395 4252
1396 4285
1397 4182
1398 4113
1399 4279
1400 4293
1401 4183
1402 4143
1403 4109
1404 3995
1405 4107
1406 4073
1407 4000
1408 3946
1409 3872
1410 3777
1411 3850
1412 3767
1413 3871
1414 3653
1415 3576
1416 3619
1417 3502
1418 3517
1419 3385
1420 3339
1421 3325
1422 3326
1423 3240
1424 3239
1425 3063
1426 3112
1427 3038
1428 2929
1429 2899
1430 2890
1431 2795
1432 2698
1433 2652
1434 2519
1435 2512
1436 2545
1437 2360
1438 2402
1439 2281
1440 2250
1441 2250
1442 2118
1443 2094
1444 2011
1445 1979
1446 1955
1447 1894
1448 1749
1449 1776
1450 1705
1451 1650
1452 1654
1453 1499
1454 1543
1455 1415
1456 1304
1457 1358
1458 1298
1459 1233
1460 1242
1461 1091
1462 1116
1463 1174
1464 1005
1465 1049
1466 1011
1467 889
1468 896
1469 803
1470 782
1471 795
1472 774
1473 714
1474 683
1475 680
1476 682
1477 594
1478 575
1479 536
1480 511
1481 513
1482 454
1483 470
1484 436
1485 397
1486 371
1487 409
1488 345
1489 335
1490 312
1491 290
1492 288
1493 238
1494 249
1495 231
1496 222
1497 228
1498 198
1499 181
1500 164
1501 175
1502 159
1503 156
1504 150
1505 137
1506 108
1507 115
1508 111
1509 95
1510 94
1511 81
1512 69
1513 79
1514 66
1515 64
1516 43
1517 60
1518 41
1519 50
1520 50
1521 38
1522 56
1523 40
1524 34
1525 34
1526 26
1527 29
1528 19
1529 14
1530 23
1531 24
1532 15
1533 18
1534 15
1535 12
1536 11
1537 8
1538 5
1539 9
1540 12
1541 13
1542 5
1543 4
1544 7
1545 3
1546 7
1547 5
1548 3
1549 6
1550 2
1551 2
1552 1
1553 2
1554 2
1555 2
1556 2
1557 1
1559 1
1560 2
1561 2
1563 1
1564 2
1565 1
1566 1
1569 2
1583 2
1590 1
1603 1
1608 1
1624 1
