N J h mean_R_sq err_mean_R_sq mean_R_gyr_sq err_mean_R_gyr_sq 
500 0.871 0 983.315 4.60352 448.108 1.64368
497 1
538 1
542 1
560 1
561 1
582 2
585 1
586 1
598 1
601 1
604 1
612 2
617 1
621 1
630 1
631 1
638 1
639 1
641 1
644 2
645 1
647 1
648 1
652 1
653 2
654 3
657 1
658 2
659 1
662 1
663 1
664 2
666 1
667 1
669 2
670 3
671 2
674 2
677 3
679 3
681 2
683 1
684 3
685 2
688 2
689 3
691 1
693 1
695 3
696 1
698 1
699 1
700 1
701 2
702 2
703 2
704 1
705 1
708 5
709 2
710 4
712 5
713 4
714 1
715 1
716 5
717 3
718 2
719 1
720 1
721 2
723 3
724 5
725 3
727 2
730 2
732 5
733 1
734 2
736 1
737 3
738 5
739 5
740 2
741 3
742 2
743 3
744 7
745 3
746 1
747 2
748 2
750 4
751 3
752 4
753 4
754 3
755 1
756 2
757 2
758 1
759 3
760 5
761 2
762 4
763 5
764 2
765 1
766 5
767 4
768 5
769 1
770 1
771 3
772 3
773 5
774 5
775 4
776 4
777 1
778 7
779 10
780 5
782 5
784 4
785 1
786 5
787 2
788 2
789 2
790 6
791 5
792 4
793 6
794 3
795 10
796 4
797 5
798 2
799 7
800 8
801 3
802 8
803 1
804 5
805 7
806 9
807 9
808 4
809 3
810 4
811 9
812 8
813 7
814 4
815 8
816 5
817 5
818 8
819 3
820 3
821 7
822 10
823 6
824 8
825 9
826 5
827 4
828 7
829 5
830 7
831 5
832 5
833 4
834 9
835 4
836 11
837 6
838 11
839 8
840 8
841 4
842 11
843 3
844 7
845 6
846 10
847 6
848 10
849 7
850 3
851 10
852 9
853 13
854 13
855 12
856 7
857 9
858 11
859 15
860 7
861 9
862 9
863 17
864 4
865 9
866 15
867 15
868 7
869 8
870 17
871 16
872 13
873 12
874 10
875 11
876 16
877 14
878 12
879 4
880 12
881 13
882 11
883 13
884 12
885 11
886 12
887 16
888 10
889 14
890 15
891 16
892 17
893 15
894 18
895 8
896 8
897 18
898 19
899 18
900 19
901 13
902 11
903 19
904 15
905 15
906 17
907 16
908 17
909 16
910 19
911 13
912 14
913 18
914 20
915 28
916 20
917 16
918 18
919 18
920 19
921 15
922 9
923 29
924 18
925 20
926 17
927 19
928 31
929 12
930 19
931 14
932 16
933 21
934 22
935 20
936 23
937 17
938 31
939 18
940 17
941 23
942 24
943 23
944 30
945 20
946 19
947 25
948 14
949 27
950 25
951 24
952 26
953 30
954 30
955 27
956 30
957 18
958 27
959 24
960 39
961 34
962 29
963 30
964 31
965 28
966 30
967 18
968 27
969 27
970 30
971 40
972 31
973 29
974 28
975 32
976 31
977 21
978 36
979 31
980 24
981 33
982 31
983 26
984 35
985 40
986 36
987 48
988 30
989 25
990 37
991 37
992 37
993 34
994 36
995 39
996 41
997 46
998 53
999 28
1000 40
1001 42
1002 46
1003 43
1004 43
1005 38
1006 30
1007 40
1008 50
1009 51
1010 44
1011 44
1012 38
1013 39
1014 42
1015 71
1016 51
1017 42
1018 49
1019 43
1020 46
1021 57
1022 44
1023 54
1024 68
1025 55
1026 62
1027 61
1028 58
1029 54
1030 48
1031 69
1032 59
1033 68
1034 57
1035 68
1036 58
1037 58
1038 52
1039 69
1040 63
1041 55
1042 72
1043 61
1044 71
1045 61
1046 59
1047 60
1048 62
1049 66
1050 67
1051 76
1052 68
1053 72
1054 74
1055 53
1056 74
1057 58
1058 77
1059 69
1060 83
1061 62
1062 65
1063 77
1064 82
1065 91
1066 74
1067 80
1068 87
1069 95
1070 85
1071 79
1072 83
1073 79
1074 84
1075 89
1076 82
1077 94
1078 106
1079 90
1080 96
1081 99
1082 100
1083 81
1084 101
1085 112
1086 81
1087 98
1088 98
1089 111
1090 118
1091 119
1092 111
1093 116
1094 127
1095 97
1096 113
1097 113
1098 116
1099 116
1100 123
1101 116
1102 138
1103 135
1104 111
1105 131
1106 115
1107 130
1108 126
1109 110
1110 129
1111 149
1112 144
1113 144
1114 151
1115 132
1116 143
1117 143
1118 146
1119 153
1120 163
1121 167
1122 167
1123 162
1124 157
1125 145
1126 186
1127 157
1128 149
1129 169
1130 164
1131 178
1132 183
1133 181
1134 156
1135 178
1136 195
1137 203
1138 175
1139 196
1140 191
1141 208
1142 196
1143 206
1144 212
1145 224
1146 197
1147 238
1148 241
1149 215
1150 227
1151 233
1152 262
1153 227
1154 243
1155 250
1156 278
1157 250
1158 225
1159 290
1160 275
1161 279
1162 249
1163 308
1164 265
1165 274
1166 287
1167 285
1168 291
1169 311
1170 290
1171 331
1172 348
1173 349
1174 344
1175 357
1176 332
1177 335
1178 393
1179 369
1180 352
1181 371
1182 406
1183 407
1184 385
1185 381
1186 434
1187 403
1188 390
1189 426
1190 450
1191 394
1192 453
1193 413
1194 459
1195 476
1196 476
1197 488
1198 502
1199 549
1200 475
1201 492
1202 560
1203 533
1204 541
1205 543
1206 557
1207 507
1208 583
1209 609
1210 585
1211 623
1212 601
1213 602
1214 641
1215 640
1216 632
1217 703
1218 669
1219 663
1220 672
1221 709
1222 710
1223 732
1224 757
1225 827
1226 750
1227 757
1228 748
1229 862
1230 802
1231 850
1232 844
1233 907
1234 921
1235 981
1236 948
1237 949
1238 984
1239 1037
1240 905
1241 1044
1242 973
1243 1041
1244 1035
1245 1140
1246 1145
1247 1145
1248 1139
1249 1169
1250 1170
1251 1166
1252 1210
1253 1264
1254 1327
1255 1302
1256 1362
1257 1258
1258 1366
1259 1331
1260 1422
1261 1518
1262 1451
1263 1530
1264 1496
1265 1591
1266 1536
1267 1612
1268 1583
1269 1635
1270 1743
1271 1702
1272 1648
1273 1703
1274 1809
1275 1858
1276 1809
1277 1883
1278 1884
1279 1910
1280 1967
1281 1946
1282 2002
1283 2087
1284 2079
1285 2246
1286 2131
1287 2081
1288 2260
1289 2290
1290 2325
1291 2327
1292 2388
1293 2479
1294 2522
1295 2526
1296 2501
1297 2565
1298 2558
1299 2624
1300 2769
1301 2641
1302 2726
1303 2882
1304 2906
1305 2842
1306 2935
1307 2971
1308 3013
1309 3035
1310 3088
1311 3064
1312 3119
1313 3256
1314 3279
1315 3247
1316 3327
1317 3288
1318 3374
1319 3480
1320 3514
1321 3500
1322 3516
1323 3589
1324 3697
1325 3721
1326 3772
1327 3813
1328 3712
1329 3712
1330 3928
1331 3944
1332 4015
1333 3947
1334 4084
1335 4105
1336 4112
1337 4293
1338 4325
1339 4276
1340 4273
1341 4326
1342 4369
1343 4425
1344 4400
1345 4579
1346 4530
1347 4494
1348 4661
1349 4714
1350 4655
1351 4565
1352 4671
1353 4773
1354 4782
1355 4713
1356 4926
1357 4755
1358 4738
1359 4916
1360 4943
1361 4865
1362 5019
1363 4883
1364 4996
1365 5062
1366 4968
1367 5067
1368 5163
1369 5057
1370 5145
1371 5120
1372 4966
1373 5209
1374 5042
1375 5048
1376 5123
1377 5063
1378 5277
1379 5029
1380 5111
1381 5040
1382 5040
1383 5092
1384 5070
1385 5167
1386 5003
1387 5039
1388 4936
1389 4967
1390 5101
1391 5054
1392 4874
1393 4835
1394 5016
1395 4904
1396 4923
1397 4760
1398 4765
1399 4831
1400 4638
1401 4640
1402 4680
1403 4595
1404 4621
1405 4548
1406 4635
1407 4542
1408 4545
1409 4438
1410 4386
1411 4360
1412 4239
1413 4291
1414 4186
1415 4176
1416 4173
1417 4013
1418 4004
1419 3926
1420 3936
1421 3866
1422 3813
1423 3688
1424 3644
1425 3657
1426 3422
1427 3555
1428 3434
1429 3412
1430 3353
1431 3337
1432 3234
1433 3083
1434 3131
1435 3079
1436 2918
1437 2988
1438 2907
1439 2873
1440 2777
1441 2685
1442 2713
1443 2515
1444 2637
1445 2490
1446 2463
1447 2397
1448 2262
1449 2242
1450 2260
1451 2136
1452 2123
1453 2093
1454 2014
1455 1989
1456 1868
1457 1911
1458 1818
1459 1780
1460 1720
1461 1599
1462 1687
1463 1539
1464 1521
1465 1558
1466 1486
1467 1459
1468 1321
1469 1328
1470 1227
1471 1199
1472 1221
1473 1157
1474 1155
1475 998
1476 1010
1477 990
1478 913
1479 955
1480 912
1481 857
1482 836
1483 758
1484 765
1485 767
1486 712
1487 700
1488 671
1489 616
1490 567
1491 554
1492 534
1493 538
1494 539
1495 498
1496 483
1497 459
1498 404
1499 427
1500 388
1501 368
1502 338
1503 360
1504 328
1505 283
1506 296
1507 250
1508 210
1509 253
1510 224
1511 210
1512 236
1513 192
1514 180
1515 180
1516 174
1517 152
1518 169
1519 128
1520 124
1521 127
1522 128
1523 108
1524 104
1525 102
1526 90
1527 91
1528 83
1529 82
1530 78
1531 73
1532 67
1533 51
1534 56
1535 55
1536 47
1537 50
1538 53
1539 44
1540 49
1541 33
1542 35
1543 26
1544 35
1545 20
1546 19
1547 21
1548 21
1549 19
1550 14
1551 14
1552 10
1553 6
1554 17
1555 15
1556 16
1557 11
1558 12
1559 7
1560 10
1561 11
1562 11
1563 7
1564 5
1565 3
1566 4
1567 4
1568 7
1569 6
1570 5
1571 5
1572 2
1573 4
1574 2
1575 5
1576 3
1577 1
1578 3
1579 1
1580 2
1582 1
1583 2
1584 1
1585 1
1587 2
1588 1
1590 4
1592 1
1596 1
1597 1
1600 1
1605 1
1608 1
1610 2
1614 1
