N J h mean_R_sq err_mean_R_sq mean_R_gyr_sq err_mean_R_gyr_sq 
700 0.83 0 1693.22 7.9581 817.302 2.50499
639 1
704 1
725 1
730 1
732 1
733 1
740 1
744 1
745 1
748 1
749 3
751 1
752 2
755 1
758 1
760 1
762 1
763 2
764 1
765 2
766 1
769 1
771 1
772 1
773 1
774 1
775 2
776 1
777 3
778 5
779 1
780 1
781 5
782 2
783 3
784 1
785 4
786 4
787 3
788 4
789 4
790 2
791 3
792 3
793 3
794 7
795 3
796 12
797 9
798 8
799 7
800 5
801 9
802 6
803 10
804 8
805 9
806 9
807 8
808 10
809 10
810 12
811 9
812 10
813 11
814 11
815 13
816 9
817 21
818 19
819 15
820 24
821 28
822 20
823 22
824 34
825 29
826 19
827 29
828 33
829 29
830 30
831 39
832 28
833 38
834 38
835 24
836 49
837 38
838 33
839 34
840 40
841 56
842 41
843 57
844 51
845 60
846 59
847 63
848 56
849 65
850 71
851 73
852 78
853 80
854 80
855 72
856 84
857 91
858 94
859 105
860 97
861 94
862 118
863 119
864 136
865 122
866 119
867 139
868 146
869 131
870 154
871 116
872 156
873 167
874 198
875 165
876 183
877 190
878 188
879 181
880 196
881 199
882 232
883 213
884 209
885 237
886 248
887 233
888 254
889 236
890 254
891 298
892 282
893 298
894 296
895 311
896 329
897 326
898 338
899 336
900 363
901 337
902 372
903 403
904 442
905 397
906 406
907 433
908 430
909 498
910 494
911 510
912 503
913 491
914 506
915 498
916 533
917 535
918 581
919 551
920 552
921 627
922 648
923 616
924 670
925 683
926 695
927 700
928 664
929 719
930 703
931 766
932 771
933 767
934 793
935 822
936 783
937 836
938 821
939 861
940 885
941 860
942 888
943 950
944 936
945 910
946 970
947 926
948 973
949 989
950 986
951 1008
952 1063
953 990
954 1054
955 1097
956 1061
957 1123
958 1096
959 1120
960 1139
961 1145
962 1210
963 1123
964 1236
965 1175
966 1220
967 1216
968 1198
969 1310
970 1274
971 1240
972 1260
973 1314
974 1259
975 1252
976 1260
977 1308
978 1386
979 1354
980 1298
981 1367
982 1393
983 1356
984 1309
985 1389
986 1456
987 1369
988 1352
989 1453
990 1416
991 1417
992 1376
993 1461
994 1326
995 1351
996 1469
997 1412
998 1380
999 1492
1000 1367
1001 1378
1002 1367
1003 1322
1004 1357
1005 1426
1006 1449
1007 1467
1008 1342
1009 1435
1010 1373
1011 1389
1012 1391
1013 1371
1014 1372
1015 1357
1016 1370
1017 1373
1018 1416
1019 1298
1020 1238
1021 1284
1022 1342
1023 1259
1024 1273
1025 1320
1026 1201
1027 1240
1028 1260
1029 1188
1030 1186
1031 1267
1032 1218
1033 1204
1034 1179
1035 1174
1036 1166
1037 1101
1038 1139
1039 1111
1040 1106
1041 1170
1042 1111
1043 1121
1044 1111
1045 1050
1046 1112
1047 1028
1048 1030
1049 990
1050 933
1051 1016
1052 969
1053 958
1054 980
1055 922
1056 889
1057 846
1058 863
1059 799
1060 869
1061 859
1062 806
1063 811
1064 774
1065 776
1066 728
1067 769
1068 754
1069 749
1070 718
1071 684
1072 691
1073 694
1074 608
1075 644
1076 660
1077 594
1078 570
1079 574
1080 553
1081 571
1082 559
1083 513
1084 526
1085 509
1086 492
1087 500
1088 515
1089 452
1090 479
1091 482
1092 485
1093 454
1094 420
1095 422
1096 417
1097 401
1098 348
1099 386
1100 381
1101 324
1102 306
1103 305
1104 316
1105 274
1106 302
1107 276
1108 286
1109 255
1110 279
1111 260
1112 229
1113 285
1114 222
1115 220
1116 254
1117 228
1118 224
1119 187
1120 198
1121 189
1122 186
1123 155
1124 163
1125 168
1126 169
1127 148
1128 164
1129 148
1130 122
1131 132
1132 128
1133 130
1134 138
1135 108
1136 107
1137 111
1138 105
1139 111
1140 101
1141 91
1142 99
1143 91
1144 73
1145 85
1146 95
1147 73
1148 58
1149 63
1150 69
1151 62
1152 70
1153 55
1154 60
1155 69
1156 56
1157 57
1158 41
1159 50
1160 55
1161 41
1162 36
1163 39
1164 48
1165 35
1166 39
1167 30
1168 32
1169 37
1170 30
1171 27
1172 24
1173 27
1174 24
1175 18
1176 23
1177 22
1178 15
1179 21
1180 21
1181 23
1182 25
1183 15
1184 12
1185 14
1186 8
1187 9
1188 11
1189 17
1190 14
1191 13
1192 12
1193 11
1194 3
1195 8
1196 6
1197 10
1198 10
1199 9
1200 5
1201 6
1202 7
1203 4
1204 6
1205 8
1206 9
1207 1
1208 5
1209 10
1210 3
1211 5
1212 3
1213 4
1214 3
1215 7
1216 5
1217 4
1218 8
1219 4
1220 5
1221 1
1222 2
1223 3
1224 3
1225 1
1226 2
1227 1
1228 4
1229 1
1230 1
1231 1
1232 1
1233 1
1236 1
1237 1
1239 1
1240 1
1244 3
1246 1
1247 1
1248 1
1249 1
1250 1
1251 1
1267 1
1272 1
1273 2
1276 1
1292 2
1317 1
