N J h mean_R_sq err_mean_R_sq mean_R_gyr_sq err_mean_R_gyr_sq 
550 0.91 0 265.103 11.7005 1550.28 14.4123
295 1
298 1
301 1
342 1
343 1
345 1
347 1
350 1
352 1
353 1
355 1
358 1
359 1
361 1
364 2
366 1
368 1
369 1
374 3
375 1
376 1
377 1
378 2
379 3
381 1
383 3
385 2
386 2
387 2
388 1
389 1
390 1
391 1
392 1
393 2
394 1
395 1
396 2
397 2
398 1
399 4
400 4
401 1
402 2
403 2
404 1
405 2
406 1
407 1
408 1
409 1
412 1
413 5
414 1
415 2
416 2
417 1
418 4
419 2
420 3
421 3
422 2
423 1
424 1
425 3
426 2
427 4
428 3
430 6
431 1
432 2
433 3
434 3
435 3
436 4
437 2
438 2
439 6
440 1
441 5
442 7
443 3
444 2
445 1
446 4
447 4
448 2
449 2
450 2
451 4
452 4
453 3
454 3
455 1
456 7
457 6
458 4
459 5
460 5
461 3
462 2
463 4
464 8
465 9
466 5
467 3
468 4
469 4
470 7
471 2
472 6
473 6
474 4
475 7
476 7
477 9
478 5
479 8
480 5
481 7
482 6
483 5
484 4
485 7
486 7
487 7
488 10
489 8
490 4
491 5
492 15
493 8
494 6
495 9
496 7
497 5
498 10
499 11
500 10
501 10
502 7
503 8
504 7
505 10
506 8
507 15
509 11
510 15
511 7
512 8
513 16
514 7
515 8
516 16
517 11
518 9
519 15
520 8
521 10
522 12
523 12
524 14
525 10
526 9
527 13
528 10
529 15
530 11
531 11
532 14
533 21
534 15
535 15
536 14
537 17
538 17
539 9
540 13
541 18
542 17
543 16
544 11
545 16
546 16
547 11
548 14
549 11
550 14
551 12
552 29
553 14
554 13
555 21
556 15
557 22
558 18
559 21
560 13
561 22
562 8
563 18
564 20
565 14
566 13
567 19
568 13
569 26
570 20
571 11
572 18
573 12
574 20
575 17
576 25
577 14
578 13
579 29
580 31
581 15
582 16
583 24
584 22
585 21
586 17
587 18
588 22
589 32
590 24
591 23
592 19
593 26
594 23
595 29
596 17
597 20
598 27
599 24
600 22
601 28
602 19
603 32
604 24
605 27
606 28
607 26
608 26
609 23
610 29
611 18
612 14
613 14
614 25
615 33
616 28
617 25
618 24
619 28
620 30
621 23
622 29
623 32
624 27
625 29
626 28
627 31
628 25
629 28
630 37
631 28
632 25
633 26
634 31
635 32
636 44
637 33
638 33
639 28
640 25
641 33
642 18
643 33
644 32
645 26
646 30
647 24
648 40
649 27
650 21
651 36
652 26
653 44
654 42
655 31
656 30
657 34
658 27
659 29
660 27
661 27
662 24
663 25
664 27
665 32
666 22
667 33
668 26
669 35
670 31
671 34
672 33
673 37
674 36
675 33
676 39
677 37
678 30
679 39
680 24
681 35
682 34
683 38
684 31
685 38
686 44
687 38
688 37
689 32
690 32
691 36
692 41
693 24
694 36
695 23
696 32
697 49
698 36
699 30
700 47
701 36
702 39
703 41
704 38
705 43
706 39
707 43
708 34
709 28
710 41
711 25
712 35
713 35
714 32
715 37
716 38
717 39
718 37
719 37
720 27
721 41
722 31
723 35
724 40
725 49
726 52
727 35
728 31
729 38
730 32
731 39
732 32
733 36
734 39
735 38
736 38
737 29
738 43
739 39
740 37
741 21
742 44
743 31
744 37
745 31
746 39
747 30
748 40
749 44
750 43
751 26
752 38
753 28
754 32
755 34
756 32
757 34
758 39
759 47
760 38
761 51
762 35
763 32
764 40
765 33
766 30
767 30
768 37
769 35
770 33
771 45
772 32
773 38
774 38
775 30
776 33
777 47
778 33
779 40
780 31
781 38
782 37
783 28
784 31
785 30
786 30
787 44
788 43
789 39
790 45
791 34
792 35
793 37
794 40
795 36
796 43
797 40
798 39
799 39
800 39
801 39
802 33
803 36
804 23
805 34
806 40
807 42
808 46
809 34
810 42
811 44
812 29
813 37
814 39
815 27
816 33
817 32
818 37
819 41
820 37
821 40
822 31
823 33
824 30
825 33
826 31
827 35
828 35
829 36
830 32
831 40
832 31
833 44
834 34
835 43
836 29
837 34
838 37
839 40
840 31
841 32
842 25
843 28
844 32
845 32
846 37
847 31
848 38
849 32
850 39
851 32
852 23
853 31
854 23
855 25
856 36
857 26
858 29
859 26
860 36
861 35
862 23
863 33
864 34
865 34
866 27
867 27
868 31
869 34
870 29
871 28
872 30
873 28
874 28
875 28
876 35
877 32
878 34
879 32
880 26
881 32
882 25
883 38
884 36
885 22
886 34
887 24
888 38
889 33
890 23
891 29
892 16
893 30
894 39
895 25
896 21
897 26
898 32
899 22
900 24
901 26
902 20
903 28
904 21
905 26
906 37
907 20
908 28
909 28
910 39
911 32
912 29
913 25
914 27
915 30
916 37
917 21
918 23
919 21
920 22
921 22
922 27
923 23
924 28
925 22
926 31
927 17
928 31
929 20
930 29
931 24
932 28
933 17
934 26
935 25
936 17
937 22
938 26
939 27
940 21
941 21
942 35
943 23
944 26
945 24
946 21
947 21
948 23
949 19
950 27
951 21
952 25
953 24
954 16
955 22
956 19
957 21
958 26
959 28
960 22
961 24
962 18
963 17
964 23
965 21
966 22
967 13
968 28
969 17
970 14
971 22
972 27
973 21
974 20
975 25
976 21
977 20
978 22
979 19
980 15
981 14
982 20
983 18
984 19
985 26
986 17
987 26
988 18
989 12
990 19
991 11
992 15
993 18
994 18
995 17
996 9
997 19
998 12
999 20
1000 16
1001 14
1002 26
1003 15
1004 21
1005 13
1006 21
1007 17
1008 18
1009 18
1010 10
1011 17
1012 18
1013 13
1014 17
1015 15
1016 16
1017 10
1018 15
1019 17
1020 14
1021 23
1022 14
1023 13
1024 15
1025 10
1026 10
1027 13
1028 10
1029 11
1030 13
1031 15
1032 12
1033 17
1034 16
1035 15
1036 9
1037 15
1038 16
1039 17
1040 10
1041 16
1042 12
1043 10
1044 10
1045 11
1046 14
1047 15
1048 9
1049 11
1050 12
1051 17
1052 12
1053 11
1054 12
1055 18
1056 16
1057 9
1058 13
1059 8
1060 5
1061 9
1062 10
1063 15
1064 13
1065 11
1066 8
1067 11
1068 7
1069 13
1070 11
1071 10
1072 18
1073 10
1074 13
1075 9
1076 16
1077 8
1078 10
1079 8
1080 10
1081 10
1082 15
1083 11
1084 14
1085 16
1086 13
1087 17
1088 8
1089 13
1090 12
1091 14
1092 7
1093 13
1094 7
1095 15
1096 13
1097 14
1098 8
1099 21
1100 10
1101 8
1102 14
1103 10
1104 9
1105 17
1106 4
1107 12
1108 7
1109 14
1110 12
1111 10
1112 9
1113 6
1114 7
1115 6
1116 8
1117 14
1118 7
1119 12
1120 4
1121 8
1122 6
1123 7
1124 7
1125 7
1126 5
1127 8
1128 9
1129 5
1130 7
1131 7
1132 6
1133 10
1134 9
1135 10
1136 9
1137 9
1138 8
1139 6
1140 9
1141 7
1142 12
1143 6
1144 10
1145 11
1146 12
1147 9
1148 6
1149 7
1150 10
1151 10
1152 6
1153 11
1154 11
1155 10
1156 12
1157 8
1158 11
1159 6
1160 5
1161 10
1162 4
1163 5
1164 10
1165 7
1166 10
1167 11
1168 13
1169 17
1170 6
1171 6
1172 4
1173 7
1174 4
1175 10
1176 4
1177 6
1178 10
1179 8
1180 7
1181 4
1182 4
1183 8
1184 7
1185 8
1186 5
1187 9
1188 5
1189 5
1190 12
1191 8
1192 8
1193 4
1194 8
1195 12
1196 9
1197 7
1198 6
1199 11
1200 5
1201 14
1202 4
1203 5
1204 13
1205 9
1206 7
1207 7
1208 11
1209 15
1210 8
1211 7
1212 12
1213 11
1214 3
1215 11
1216 8
1217 11
1218 4
1219 5
1220 3
1221 9
1222 6
1223 9
1224 8
1225 5
1226 5
1227 12
1228 7
1229 11
1230 8
1231 6
1232 5
1233 13
1234 5
1235 8
1236 7
1237 7
1238 8
1239 13
1240 12
1241 9
1242 8
1243 7
1244 4
1245 7
1246 12
1247 5
1248 9
1249 7
1250 13
1251 4
1252 7
1253 9
1254 10
1255 10
1256 7
1257 8
1258 7
1259 6
1260 5
1261 12
1262 6
1263 7
1264 5
1265 13
1266 9
1267 6
1268 9
1269 11
1270 7
1271 8
1272 10
1273 11
1274 7
1275 10
1276 7
1277 11
1278 8
1279 5
1280 5
1281 3
1282 11
1283 5
1284 7
1285 3
1286 6
1287 7
1288 9
1289 6
1290 13
1291 9
1292 12
1293 6
1294 9
1295 8
1296 5
1297 7
1298 9
1299 6
1300 5
1301 10
1302 7
1303 6
1304 6
1305 8
1306 7
1307 5
1308 7
1309 6
1310 6
1311 6
1312 6
1313 5
1314 14
1315 5
1316 3
1317 6
1318 7
1319 6
1320 1
1321 12
1322 5
1323 7
1324 2
1325 3
1326 6
1327 3
1328 5
1329 6
1330 7
1331 5
1332 4
1333 9
1334 9
1335 9
1336 2
1337 11
1338 5
1339 3
1340 7
1341 8
1342 6
1343 2
1344 6
1345 9
1346 3
1347 7
1348 5
1349 4
1350 5
1351 8
1352 12
1353 4
1354 4
1355 9
1356 4
1357 5
1358 4
1359 6
1360 4
1361 3
1362 3
1363 9
1364 3
1365 4
1366 2
1367 3
1368 5
1369 7
1370 3
1371 4
1372 7
1373 2
1374 2
1375 3
1376 2
1378 3
1379 2
1380 2
1381 3
1382 3
1383 4
1384 1
1385 6
1386 6
1387 2
1389 4
1390 3
1391 2
1392 3
1393 4
1395 3
1396 3
1397 1
1398 3
1400 3
1401 2
1402 3
1403 1
1404 1
1406 3
1407 2
1408 1
1409 1
1410 2
1411 4
1413 2
1415 4
1416 1
1417 1
1418 3
1419 4
1420 1
1421 1
1423 1
1424 1
1425 1
1427 2
1429 1
1430 1
1431 1
1432 2
1434 3
1436 1
1439 1
1441 1
1445 2
1448 1
1450 1
1455 1
1472 1
1474 1
1486 1
1504 1
