N J h mean_R_sq err_mean_R_sq mean_R_gyr_sq err_mean_R_gyr_sq 
600 0.859 0 1272.88 7.19253 605.731 2.88878
391 1
431 1
465 1
494 1
510 1
519 1
522 1
533 1
544 2
547 2
554 1
555 1
560 2
564 1
566 1
568 1
569 2
573 1
574 1
576 2
579 1
581 2
583 1
584 1
587 1
588 1
592 1
593 2
594 2
596 2
597 1
598 1
599 1
600 3
601 2
603 2
605 2
607 1
609 2
610 1
611 1
613 1
617 2
618 1
619 1
620 1
624 3
625 1
626 1
627 2
630 2
631 1
632 1
633 2
634 2
635 2
636 4
637 3
638 3
639 2
640 1
642 5
643 2
644 2
645 4
646 2
648 1
651 2
652 5
653 2
654 1
655 1
656 6
657 7
658 2
659 2
660 1
661 1
662 3
663 1
664 3
665 7
666 2
667 8
668 1
669 2
670 6
671 4
672 5
673 1
674 6
675 4
676 2
677 2
678 2
679 5
680 2
681 1
682 4
683 3
684 1
685 2
686 5
687 4
688 7
689 6
690 4
691 2
692 5
693 6
694 1
695 7
696 5
697 9
698 4
699 3
700 2
701 4
702 10
703 6
704 10
705 11
706 3
707 11
708 5
709 12
710 7
711 7
712 6
713 3
714 7
715 7
716 10
717 6
718 6
719 10
720 6
721 12
722 18
723 7
724 13
725 12
726 13
727 14
728 5
729 13
730 5
731 12
732 14
733 11
734 12
735 15
736 15
737 14
738 7
739 16
740 18
741 20
742 28
743 25
744 16
745 13
746 12
747 29
748 20
749 17
750 23
751 25
752 31
753 22
754 27
755 34
756 28
757 32
758 32
759 38
760 36
761 39
762 30
763 31
764 48
765 31
766 40
767 43
768 48
769 52
770 46
771 48
772 46
773 57
774 46
775 65
776 39
777 51
778 53
779 60
780 70
781 58
782 76
783 74
784 60
785 80
786 62
787 69
788 66
789 84
790 67
791 88
792 103
793 97
794 103
795 106
796 87
797 106
798 102
799 121
800 105
801 117
802 134
803 130
804 129
805 126
806 128
807 152
808 125
809 133
810 150
811 150
812 134
813 164
814 169
815 174
816 176
817 194
818 203
819 201
820 205
821 206
822 208
823 223
824 213
825 229
826 228
827 245
828 238
829 281
830 287
831 281
832 282
833 285
834 315
835 299
836 322
837 343
838 344
839 365
840 381
841 370
842 397
843 403
844 427
845 439
846 432
847 400
848 434
849 461
850 469
851 487
852 537
853 454
854 506
855 536
856 556
857 579
858 549
859 642
860 624
861 603
862 622
863 651
864 677
865 688
866 714
867 778
868 711
869 806
870 716
871 770
872 784
873 854
874 841
875 897
876 914
877 893
878 887
879 952
880 1000
881 1010
882 1075
883 1030
884 1087
885 1112
886 1126
887 1161
888 1178
889 1230
890 1265
891 1161
892 1248
893 1273
894 1354
895 1406
896 1316
897 1390
898 1431
899 1388
900 1481
901 1503
902 1528
903 1557
904 1668
905 1650
906 1627
907 1614
908 1727
909 1698
910 1749
911 1754
912 1882
913 1855
914 1840
915 2015
916 2030
917 1953
918 2038
919 1990
920 2014
921 2064
922 2107
923 2110
924 2234
925 2263
926 2326
927 2442
928 2269
929 2327
930 2380
931 2392
932 2435
933 2380
934 2509
935 2480
936 2610
937 2664
938 2648
939 2742
940 2699
941 2693
942 2822
943 2744
944 2917
945 2820
946 2928
947 2840
948 2971
949 3048
950 3021
951 3074
952 3119
953 3098
954 3158
955 3178
956 3153
957 3259
958 3201
959 3282
960 3276
961 3314
962 3385
963 3296
964 3416
965 3384
966 3417
967 3440
968 3462
969 3613
970 3605
971 3491
972 3543
973 3571
974 3627
975 3628
976 3537
977 3619
978 3632
979 3742
980 3693
981 3689
982 3552
983 3701
984 3740
985 3812
986 3753
987 3730
988 3842
989 3748
990 3733
991 3801
992 3854
993 3941
994 3810
995 3803
996 3854
997 3766
998 3768
999 3819
1000 3863
1001 3893
1002 3776
1003 3802
1004 3771
1005 3856
1006 3769
1007 3809
1008 3780
1009 3760
1010 3917
1011 3860
1012 3717
1013 3744
1014 3833
1015 3800
1016 3801
1017 3795
1018 3785
1019 3612
1020 3639
1021 3620
1022 3585
1023 3725
1024 3558
1025 3581
1026 3605
1027 3489
1028 3613
1029 3518
1030 3515
1031 3384
1032 3456
1033 3477
1034 3348
1035 3319
1036 3353
1037 3278
1038 3273
1039 3198
1040 3216
1041 3297
1042 3298
1043 3178
1044 3156
1045 3134
1046 3143
1047 3221
1048 2962
1049 3084
1050 2940
1051 2965
1052 2967
1053 2954
1054 2883
1055 2893
1056 2883
1057 2708
1058 2777
1059 2727
1060 2741
1061 2705
1062 2527
1063 2697
1064 2524
1065 2549
1066 2512
1067 2500
1068 2351
1069 2406
1070 2302
1071 2346
1072 2278
1073 2227
1074 2218
1075 2203
1076 2160
1077 2192
1078 2089
1079 2180
1080 2075
1081 2068
1082 1998
1083 1949
1084 1919
1085 1928
1086 1884
1087 1882
1088 1766
1089 1729
1090 1742
1091 1759
1092 1685
1093 1634
1094 1641
1095 1575
1096 1518
1097 1518
1098 1517
1099 1524
1100 1438
1101 1467
1102 1385
1103 1428
1104 1343
1105 1235
1106 1289
1107 1294
1108 1258
1109 1247
1110 1193
1111 1131
1112 1163
1113 1143
1114 1123
1115 1055
1116 1047
1117 1006
1118 968
1119 1035
1120 953
1121 931
1122 920
1123 907
1124 925
1125 836
1126 866
1127 777
1128 736
1129 786
1130 723
1131 731
1132 683
1133 783
1134 743
1135 678
1136 659
1137 628
1138 618
1139 593
1140 596
1141 586
1142 528
1143 524
1144 532
1145 492
1146 503
1147 489
1148 487
1149 503
1150 491
1151 449
1152 450
1153 436
1154 449
1155 404
1156 451
1157 368
1158 347
1159 358
1160 361
1161 375
1162 340
1163 331
1164 308
1165 298
1166 286
1167 296
1168 283
1169 286
1170 263
1171 257
1172 241
1173 242
1174 227
1175 229
1176 218
1177 239
1178 208
1179 196
1180 200
1181 209
1182 189
1183 178
1184 186
1185 172
1186 173
1187 160
1188 128
1189 147
1190 153
1191 123
1192 137
1193 142
1194 126
1195 118
1196 110
1197 126
1198 116
1199 92
1200 111
1201 110
1202 81
1203 120
1204 102
1205 95
1206 88
1207 97
1208 67
1209 88
1210 86
1211 88
1212 75
1213 60
1214 70
1215 70
1216 85
1217 62
1218 65
1219 73
1220 49
1221 53
1222 54
1223 52
1224 48
1225 51
1226 54
1227 49
1228 40
1229 42
1230 38
1231 40
1232 37
1233 40
1234 36
1235 48
1236 41
1237 34
1238 28
1239 39
1240 38
1241 27
1242 33
1243 30
1244 30
1245 26
1246 22
1247 31
1248 28
1249 20
1250 26
1251 21
1252 19
1253 15
1254 21
1255 20
1256 24
1257 24
1258 13
1259 25
1260 16
1261 16
1262 17
1263 13
1264 17
1265 15
1266 14
1267 17
1268 13
1269 14
1270 13
1271 14
1272 15
1273 8
1274 12
1275 14
1276 11
1277 21
1278 5
1279 11
1280 9
1281 11
1282 6
1283 10
1284 9
1285 12
1286 13
1287 5
1288 10
1289 7
1290 9
1291 5
1292 10
1293 6
1294 7
1295 11
1296 8
1297 3
1298 9
1299 3
1300 3
1301 7
1302 2
1303 6
1304 4
1305 2
1306 7
1307 3
1308 5
1309 5
1310 8
1311 6
1312 2
1313 5
1314 4
1315 3
1317 4
1318 3
1319 6
1320 4
1321 4
1322 5
1323 6
1324 3
1325 3
1326 3
1327 3
1328 8
1329 3
1330 4
1331 4
1332 5
1333 2
1334 1
1335 2
1336 2
1337 2
1338 2
1339 1
1340 4
1341 1
1342 5
1343 4
1344 2
1345 1
1346 1
1347 1
1348 3
1349 3
1350 1
1352 4
1353 1
1354 1
1355 3
1356 3
1357 2
1358 1
1359 3
1360 1
1361 3
1362 2
1363 2
1365 1
1366 1
1367 1
1368 1
1369 1
1370 3
1371 1
1372 1
1373 3
1375 1
1377 1
1378 3
1382 2
1383 1
1384 2
1386 1
1387 1
1388 1
1389 1
1391 2
1392 1
1394 1
1396 1
1398 1
1399 1
1401 5
1403 1
1404 1
1409 1
1410 1
1411 1
1412 1
1417 1
1424 1
1425 1
1426 1
1428 1
1431 1
1434 1
1435 1
1437 1
1440 1
1441 2
1442 1
1443 1
1448 1
1450 1
1451 2
1452 1
1453 1
1458 1
1466 1
1468 1
1478 1
1479 1
1481 1
1489 1
1490 1
1500 1
1515 2
1531 1
1553 1
1557 1
1567 1
