N J h mean_R_sq err_mean_R_sq mean_R_gyr_sq err_mean_R_gyr_sq 
400 0.83 0 907.398 2.14463 269.795 0.566405
615 1
618 1
641 2
644 1
648 1
650 1
668 1
670 1
672 4
674 2
675 1
676 1
679 1
680 1
681 1
684 2
685 1
687 2
688 3
689 2
690 1
691 1
692 1
693 1
694 4
695 4
696 1
697 2
698 1
699 3
700 1
701 2
702 3
703 1
704 1
705 1
706 2
707 2
708 2
709 4
710 5
711 3
712 4
713 8
714 8
715 3
716 3
717 8
718 1
719 5
720 4
721 7
722 5
723 9
724 8
725 10
726 8
727 4
728 7
729 4
730 7
731 7
732 10
733 10
734 7
735 5
736 9
737 8
738 11
739 8
740 6
741 10
742 8
743 8
744 9
745 11
746 14
747 10
748 22
749 13
750 14
751 11
752 15
753 9
754 24
755 21
756 29
757 19
758 23
759 23
760 21
761 30
762 18
763 30
764 28
765 18
766 15
767 26
768 39
769 30
770 33
771 32
772 36
773 45
774 35
775 39
776 35
777 32
778 42
779 36
780 43
781 53
782 46
783 51
784 49
785 61
786 46
787 36
788 57
789 52
790 70
791 70
792 66
793 61
794 57
795 57
796 73
797 73
798 54
799 75
800 84
801 67
802 76
803 92
804 81
805 85
806 120
807 106
808 83
809 111
810 97
811 96
812 93
813 133
814 110
815 112
816 129
817 131
818 143
819 159
820 170
821 140
822 151
823 156
824 183
825 174
826 182
827 171
828 167
829 196
830 206
831 211
832 198
833 192
834 210
835 210
836 205
837 220
838 223
839 231
840 244
841 241
842 261
843 283
844 254
845 283
846 274
847 277
848 310
849 303
850 302
851 304
852 343
853 351
854 320
855 328
856 375
857 350
858 381
859 374
860 383
861 384
862 431
863 430
864 420
865 437
866 460
867 493
868 481
869 454
870 489
871 527
872 526
873 489
874 529
875 507
876 542
877 610
878 558
879 615
880 594
881 653
882 606
883 642
884 665
885 626
886 646
887 684
888 679
889 700
890 704
891 720
892 725
893 744
894 739
895 760
896 813
897 788
898 840
899 829
900 831
901 875
902 916
903 853
904 966
905 912
906 890
907 975
908 985
909 1058
910 981
911 1024
912 983
913 1042
914 1086
915 1047
916 1051
917 1094
918 1096
919 1188
920 1192
921 1132
922 1186
923 1158
924 1199
925 1239
926 1287
927 1232
928 1225
929 1220
930 1321
931 1342
932 1369
933 1289
934 1323
935 1374
936 1399
937 1399
938 1360
939 1381
940 1426
941 1475
942 1472
943 1519
944 1467
945 1530
946 1537
947 1445
948 1503
949 1580
950 1559
951 1557
952 1566
953 1602
954 1608
955 1575
956 1626
957 1667
958 1641
959 1655
960 1697
961 1717
962 1576
963 1715
964 1714
965 1768
966 1772
967 1732
968 1751
969 1757
970 1720
971 1719
972 1861
973 1892
974 1780
975 1828
976 1762
977 1815
978 1829
979 1794
980 1765
981 1853
982 1843
983 1832
984 1862
985 1980
986 1849
987 1878
988 1856
989 1875
990 1876
991 1851
992 1877
993 1922
994 1914
995 1872
996 1918
997 1884
998 1910
999 1946
1000 1931
1001 1910
1002 1895
1003 1852
1004 1920
1005 1868
1006 1855
1007 1919
1008 1894
1009 1901
1010 1851
1011 1888
1012 1879
1013 1865
1014 1863
1015 1861
1016 1861
1017 1879
1018 1931
1019 1779
1020 1803
1021 1872
1022 1753
1023 1822
1024 1827
1025 1773
1026 1877
1027 1849
1028 1855
1029 1710
1030 1704
1031 1770
1032 1803
1033 1726
1034 1720
1035 1734
1036 1676
1037 1653
1038 1661
1039 1664
1040 1679
1041 1619
1042 1633
1043 1692
1044 1657
1045 1663
1046 1578
1047 1608
1048 1531
1049 1587
1050 1546
1051 1608
1052 1534
1053 1482
1054 1569
1055 1528
1056 1417
1057 1432
1058 1478
1059 1387
1060 1446
1061 1416
1062 1375
1063 1352
1064 1297
1065 1343
1066 1285
1067 1325
1068 1277
1069 1313
1070 1210
1071 1282
1072 1276
1073 1248
1074 1245
1075 1228
1076 1150
1077 1194
1078 1186
1079 1169
1080 1135
1081 1103
1082 1060
1083 1048
1084 1087
1085 1030
1086 1020
1087 1059
1088 1037
1089 1013
1090 1010
1091 1008
1092 1009
1093 960
1094 986
1095 900
1096 881
1097 843
1098 860
1099 857
1100 831
1101 787
1102 808
1103 800
1104 846
1105 795
1106 790
1107 796
1108 757
1109 707
1110 665
1111 655
1112 664
1113 674
1114 647
1115 637
1116 625
1117 649
1118 627
1119 533
1120 614
1121 532
1122 599
1123 572
1124 516
1125 532
1126 525
1127 530
1128 528
1129 486
1130 505
1131 497
1132 452
1133 436
1134 451
1135 411
1136 419
1137 413
1138 393
1139 388
1140 393
1141 399
1142 360
1143 335
1144 333
1145 313
1146 331
1147 334
1148 312
1149 335
1150 301
1151 294
1152 280
1153 272
1154 277
1155 233
1156 237
1157 278
1158 230
1159 247
1160 234
1161 243
1162 205
1163 255
1164 227
1165 201
1166 210
1167 207
1168 176
1169 173
1170 183
1171 207
1172 162
1173 174
1174 191
1175 170
1176 160
1177 173
1178 123
1179 152
1180 142
1181 128
1182 104
1183 134
1184 139
1185 124
1186 123
1187 105
1188 98
1189 115
1190 98
1191 109
1192 109
1193 98
1194 80
1195 86
1196 89
1197 76
1198 83
1199 71
1200 82
1201 68
1202 78
1203 68
1204 65
1205 63
1206 66
1207 68
1208 59
1209 48
1210 60
1211 64
1212 46
1213 56
1214 57
1215 44
1216 48
1217 51
1218 32
1219 43
1220 40
1221 38
1222 28
1223 37
1224 41
1225 27
1226 39
1227 24
1228 35
1229 26
1230 38
1231 29
1232 24
1233 17
1234 18
1235 36
1236 25
1237 16
1238 23
1239 16
1240 23
1241 26
1242 20
1243 17
1244 19
1245 9
1246 21
1247 18
1248 14
1249 14
1250 14
1251 19
1252 11
1253 9
1254 10
1255 19
1256 11
1257 11
1258 16
1259 12
1260 8
1261 6
1262 9
1263 11
1264 7
1265 13
1266 7
1267 7
1268 8
1269 6
1270 7
1271 3
1272 7
1273 4
1274 3
1275 4
1276 7
1277 2
1278 4
1279 3
1280 5
1281 4
1282 4
1283 2
1284 6
1285 2
1286 3
1287 4
1288 6
1289 3
1290 3
1291 3
1292 3
1293 2
1294 4
1295 1
1296 3
1299 4
1300 3
1301 1
1302 2
1303 2
1304 3
1305 2
1308 4
1309 2
1310 2
1312 4
1313 1
1314 3
1315 1
1317 1
1318 1
1319 3
1322 1
1323 1
1324 1
1325 2
1326 1
1327 1
1329 1
1331 1
1335 1
1337 1
1338 1
1339 1
1346 1
1348 1
1350 1
1353 1
1355 1
1356 1
1358 1
1368 1
1376 1
1409 1
