N J h mean_R_sq err_mean_R_sq mean_R_gyr_sq err_mean_R_gyr_sq 
600 0.81 0 2089.66 587.731 674.316 156.196
1251 1
1259 1
1261 1
1267 1
1275 1
1276 1
1286 1
1298 1
1303 1
1305 2
1306 2
1307 1
1310 1
1312 2
1313 2
1314 1
1315 1
1316 1
1317 2
1318 2
1319 4
1320 1
1321 1
1322 1
1323 2
1325 2
1326 4
1328 3
1329 4
1330 1
1331 4
1332 1
1333 3
1334 5
1335 5
1336 3
1337 1
1338 2
1339 3
1340 5
1341 5
1342 5
1343 2
1344 6
1345 2
1346 3
1348 7
1349 3
1350 10
1351 6
1352 9
1353 7
1354 7
1355 4
1356 10
1357 5
1358 8
1359 6
1360 5
1361 5
1362 8
1363 9
1364 9
1365 12
1366 6
1367 9
1368 4
1369 10
1370 6
1371 16
1372 10
1373 11
1374 19
1375 9
1376 8
1377 13
1378 21
1379 18
1380 17
1381 15
1382 13
1383 12
1384 14
1385 19
1386 21
1387 27
1388 22
1389 19
1390 16
1391 17
1392 25
1393 18
1394 20
1395 18
1396 21
1397 22
1398 25
1399 28
1400 22
1401 25
1402 38
1403 21
1404 32
1405 25
1406 22
1407 24
1408 26
1409 27
1410 31
1411 35
1412 37
1413 32
1414 36
1415 41
1416 35
1417 30
1418 37
1419 28
1420 33
1421 25
1422 45
1423 42
1424 44
1425 42
1426 49
1427 46
1428 42
1429 49
1430 53
1431 50
1432 46
1433 36
1434 46
1435 39
1436 39
1437 58
1438 72
1439 48
1440 55
1441 51
1442 49
1443 62
1444 56
1445 57
1446 74
1447 43
1448 45
1449 65
1450 53
1451 56
1452 49
1453 42
1454 41
1455 55
1456 43
1457 53
1458 42
1459 60
1460 56
1461 53
1462 42
1463 44
1464 45
1465 49
1466 49
1467 48
1468 48
1469 56
1470 52
1471 53
1472 42
1473 45
1474 57
1475 53
1476 45
1477 49
1478 46
1479 49
1480 58
1481 41
1482 49
1483 53
1484 43
1485 45
1486 31
1487 41
1488 41
1489 36
1490 39
1491 46
1492 44
1493 45
1494 31
1495 29
1496 55
1497 42
1498 24
1499 35
1500 41
1501 36
1502 32
1503 24
1504 31
1505 16
1506 34
1507 27
1508 22
1509 24
1510 31
1511 25
1512 24
1513 19
1514 18
1515 17
1516 28
1517 21
1518 14
1519 18
1520 18
1521 15
1522 22
1523 15
1524 14
1525 19
1526 15
1527 9
1528 9
1529 14
1530 19
1531 7
1532 6
1533 12
1534 9
1535 10
1536 11
1537 11
1538 13
1539 9
1540 10
1541 11
1542 8
1543 3
1544 11
1545 4
1546 2
1547 9
1548 6
1549 8
1550 2
1551 5
1552 7
1553 6
1554 7
1555 8
1556 4
1557 2
1558 3
1559 3
1560 3
1561 2
1562 4
1564 2
1565 1
1566 2
1567 5
1568 4
1569 1
1570 1
1571 3
1572 2
1574 2
1576 1
1577 1
1578 1
1579 1
1580 1
1581 4
1582 2
1583 2
1584 1
1585 1
1586 1
1587 2
1588 1
1589 2
1590 1
1594 1
1595 3
1596 1
1597 1
1599 1
1600 2
1602 1
1609 1
1615 1
1618 1
1621 1
1629 1
1638 1
