N J h mean_R_sq err_mean_R_sq mean_R_gyr_sq err_mean_R_gyr_sq 
700 0.855 0 1568.06 67.7952 843.922 32.558
1000 4968
1001 4495
1002 3901
1003 3568
1004 3205
1005 2726
1006 2481
1007 2225
1008 1965
1009 1761
1010 1523
1011 1380
1012 1223
1013 1107
1014 937
1015 903
1016 766
1017 772
1018 617
1019 581
1020 503
1021 436
1022 433
1023 400
1024 335
1025 327
1026 261
1027 237
1028 220
1029 198
1030 165
1031 161
1032 152
1033 130
1034 112
1035 94
1036 83
1037 67
1038 78
1039 76
1040 66
1041 67
1042 66
1043 57
1044 49
1045 48
1046 42
1047 38
1048 26
1049 24
1050 25
1051 20
1052 22
1053 17
1054 28
1055 25
1056 23
1057 11
1058 20
1059 15
1060 15
1061 11
1062 14
1063 9
1064 8
1065 7
1066 8
1067 5
1068 8
1069 3
1070 7
1071 5
1072 5
1073 5
1074 5
1075 5
1076 3
1077 3
1078 2
1079 6
1080 4
1081 5
1082 5
1083 7
1084 6
1085 2
1086 2
1087 7
1088 3
1089 2
1091 1
1092 4
1093 3
1094 1
1095 1
1096 2
1097 1
1098 1
1099 2
1102 1
1103 1
1105 3
1107 1
1108 1
1110 2
1112 1
1113 3
1116 1
1117 1
1121 1
1123 3
1124 1
1125 1
1127 1
1129 1
1131 1
1132 1
1135 1
1138 1
1140 1
1141 1
1142 1
1146 1
1147 2
1162 2
1163 3
1167 1
1169 1
1174 1
1180 1
1181 1
1199 1
1206 1
