N J h mean_R_sq err_mean_R_sq mean_R_gyr_sq err_mean_R_gyr_sq 
400 0.871 0 798.959 18.0816 286.637 7.37958
414 1
484 1
510 1
519 1
520 2
531 1
533 1
536 1
550 1
558 1
561 1
564 1
567 1
568 1
578 1
589 1
591 1
596 1
597 1
600 1
602 1
611 1
615 1
617 1
619 1
620 1
622 3
626 1
628 2
629 1
632 1
633 1
634 1
635 1
641 1
642 1
644 2
645 1
646 2
648 1
649 2
650 1
651 1
654 1
657 2
658 2
661 1
662 2
663 2
664 2
665 1
666 3
667 2
668 2
669 1
671 1
672 3
673 2
674 2
675 3
676 2
678 2
679 2
680 1
681 1
682 3
683 1
686 4
688 3
689 3
690 1
691 1
692 2
693 3
694 1
695 1
696 1
697 2
698 4
699 3
700 1
701 4
703 1
704 2
705 1
706 3
708 6
709 2
710 4
711 3
712 3
713 6
714 4
715 3
716 4
717 4
718 8
719 5
720 3
722 2
723 5
724 5
725 5
726 5
727 6
728 4
729 5
730 6
731 7
732 8
733 4
734 4
735 3
736 4
737 3
738 6
739 4
740 7
741 2
742 3
743 13
744 7
745 9
746 5
747 5
748 5
749 12
750 9
751 6
752 7
753 9
754 4
755 7
756 9
757 9
758 6
759 15
760 12
761 14
762 12
763 9
764 11
765 10
766 14
767 16
768 16
769 8
770 13
771 13
772 7
773 11
774 19
775 11
776 12
777 13
778 16
779 14
780 17
781 14
782 7
783 8
784 22
785 21
786 14
787 18
788 20
789 23
790 16
791 20
792 20
793 22
794 29
795 18
796 24
797 33
798 18
799 27
800 23
801 20
802 29
803 23
804 28
805 18
806 45
807 28
808 29
809 30
810 38
811 25
812 30
813 36
814 39
815 24
816 32
817 34
818 31
819 37
820 36
821 50
822 41
823 34
824 29
825 48
826 36
827 30
828 34
829 39
830 53
831 46
832 44
833 37
834 56
835 40
836 58
837 42
838 55
839 59
840 54
841 55
842 57
843 48
844 71
845 61
846 63
847 63
848 63
849 71
850 78
851 55
852 64
853 57
854 62
855 70
856 83
857 72
858 81
859 65
860 75
861 83
862 76
863 70
864 74
865 78
866 79
867 112
868 82
869 82
870 92
871 86
872 96
873 81
874 97
875 79
876 102
877 125
878 103
879 103
880 121
881 103
882 103
883 106
884 101
885 116
886 99
887 94
888 117
889 112
890 138
891 124
892 114
893 121
894 119
895 126
896 128
897 139
898 136
899 141
900 130
901 133
902 153
903 124
904 140
905 124
906 146
907 150
908 172
909 144
910 159
911 165
912 151
913 156
914 165
915 160
916 150
917 162
918 160
919 174
920 165
921 170
922 168
923 149
924 183
925 196
926 159
927 168
928 194
929 190
930 180
931 182
932 193
933 194
934 202
935 185
936 198
937 209
938 188
939 203
940 219
941 173
942 210
943 204
944 174
945 215
946 202
947 197
948 230
949 199
950 209
951 203
952 214
953 201
954 205
955 239
956 194
957 221
958 231
959 246
960 235
961 222
962 235
963 208
964 249
965 206
966 224
967 253
968 217
969 243
970 225
971 249
972 235
973 276
974 238
975 241
976 238
977 259
978 220
979 253
980 280
981 250
982 269
983 253
984 260
985 231
986 236
987 259
988 219
989 250
990 249
991 255
992 245
993 262
994 247
995 257
996 222
997 261
998 264
999 255
1000 265
1001 287
1002 255
1003 249
1004 248
1005 254
1006 242
1007 239
1008 249
1009 209
1010 246
1011 260
1012 264
1013 251
1014 245
1015 238
1016 253
1017 264
1018 230
1019 242
1020 254
1021 217
1022 232
1023 221
1024 237
1025 223
1026 219
1027 244
1028 251
1029 252
1030 229
1031 225
1032 219
1033 230
1034 205
1035 224
1036 211
1037 220
1038 241
1039 237
1040 223
1041 208
1042 212
1043 210
1044 219
1045 211
1046 220
1047 191
1048 216
1049 209
1050 224
1051 219
1052 212
1053 190
1054 206
1055 219
1056 205
1057 189
1058 192
1059 210
1060 210
1061 175
1062 176
1063 190
1064 195
1065 197
1066 179
1067 189
1068 193
1069 172
1070 164
1071 188
1072 188
1073 186
1074 162
1075 191
1076 181
1077 174
1078 178
1079 179
1080 153
1081 173
1082 150
1083 143
1084 162
1085 172
1086 162
1087 179
1088 154
1089 140
1090 154
1091 148
1092 125
1093 151
1094 145
1095 146
1096 135
1097 129
1098 135
1099 132
1100 138
1101 120
1102 120
1103 149
1104 126
1105 136
1106 108
1107 107
1108 104
1109 122
1110 132
1111 95
1112 127
1113 108
1114 94
1115 120
1116 93
1117 90
1118 91
1119 87
1120 102
1121 91
1122 122
1123 102
1124 91
1125 92
1126 90
1127 89
1128 83
1129 85
1130 72
1131 86
1132 80
1133 88
1134 87
1135 83
1136 77
1137 69
1138 82
1139 83
1140 85
1141 66
1142 72
1143 73
1144 66
1145 82
1146 68
1147 59
1148 63
1149 59
1150 68
1151 56
1152 57
1153 60
1154 48
1155 69
1156 61
1157 53
1158 45
1159 42
1160 53
1161 42
1162 45
1163 43
1164 62
1165 41
1166 45
1167 59
1168 47
1169 34
1170 47
1171 40
1172 46
1173 47
1174 35
1175 41
1176 49
1177 45
1178 33
1179 45
1180 28
1181 28
1182 40
1183 31
1184 32
1185 43
1186 31
1187 20
1188 28
1189 37
1190 28
1191 33
1192 31
1193 27
1194 36
1195 26
1196 18
1197 30
1198 23
1199 23
1200 24
1201 19
1202 22
1203 26
1204 22
1205 23
1206 30
1207 22
1208 24
1209 20
1210 16
1211 16
1212 17
1213 16
1214 21
1215 20
1216 16
1217 15
1218 20
1219 13
1220 12
1221 11
1222 16
1223 23
1224 11
1225 15
1226 21
1227 14
1228 12
1229 13
1230 11
1231 9
1232 12
1233 5
1234 10
1235 11
1236 11
1237 14
1238 10
1239 8
1240 9
1241 11
1242 6
1243 15
1244 13
1245 10
1246 12
1247 8
1248 8
1249 11
1250 9
1251 6
1252 7
1253 8
1254 6
1255 7
1256 12
1257 5
1258 6
1259 3
1260 11
1261 9
1262 3
1263 2
1264 12
1265 6
1266 7
1267 4
1268 7
1269 7
1270 5
1271 6
1272 8
1273 3
1274 10
1275 5
1276 4
1277 2
1278 7
1279 3
1280 3
1281 3
1282 2
1283 2
1284 5
1285 4
1286 8
1287 2
1288 6
1289 1
1290 2
1292 2
1293 1
1294 2
1295 2
1296 1
1297 1
1298 2
1299 4
1300 2
1301 3
1302 4
1303 1
1304 1
1305 2
1306 7
1307 2
1308 3
1310 2
1311 1
1312 2
1313 2
1314 3
1315 2
1316 2
1317 2
1318 3
1320 1
1321 4
1322 1
1326 3
1330 1
1331 1
1334 1
1339 1
1340 2
1342 3
1343 1
1344 1
1345 4
1347 2
1349 4
1352 1
1357 2
1358 2
1359 2
1366 2
1370 1
1371 1
1372 1
1373 1
1374 1
1376 1
1378 2
1379 1
1383 1
1386 2
1387 4
1390 1
1395 1
1398 1
1399 1
1406 1
1412 1
1415 1
1416 1
1422 1
1428 3
1430 1
1433 1
1436 1
1438 1
1443 1
1445 1
1448 1
1454 1
1463 1
1476 1
1480 2
1493 1
1516 1
1537 1
1655 1
