N J h mean_R_sq err_mean_R_sq mean_R_gyr_sq err_mean_R_gyr_sq 
700 0.867 0 1415.01 13.4039 889.054 7.4464
498 1
499 1
505 1
510 1
511 1
514 1
530 1
535 1
545 1
547 1
549 1
550 2
552 1
553 1
556 1
559 1
561 3
562 1
563 2
564 1
571 1
575 1
577 2
578 1
580 1
581 3
584 1
587 1
588 1
589 2
591 1
592 1
594 1
597 2
598 1
599 1
600 1
601 1
602 2
603 2
605 1
606 2
607 1
610 2
611 2
613 2
614 1
617 2
618 2
619 3
620 1
621 4
622 2
623 2
624 2
626 1
627 1
628 2
629 1
631 2
632 3
633 2
635 2
636 6
637 1
638 2
639 2
640 3
641 2
642 5
643 3
644 2
645 3
646 1
647 5
648 3
649 1
652 3
653 3
654 1
655 1
656 4
657 1
658 2
659 2
660 3
661 1
662 5
663 1
664 2
665 2
666 2
668 1
669 2
670 2
671 3
672 1
673 5
674 1
675 3
676 1
677 3
678 2
679 2
680 4
681 9
682 5
684 3
685 4
686 2
687 4
688 10
689 5
690 1
691 1
692 5
693 4
694 3
695 3
696 2
697 3
698 5
699 5
700 7
701 5
702 3
703 4
704 4
705 3
706 5
707 7
708 6
709 4
710 3
711 4
712 7
713 4
714 4
715 3
716 6
717 5
718 5
719 7
720 8
721 4
722 5
723 7
724 9
725 6
726 7
727 11
728 5
729 7
730 6
731 3
732 5
733 8
734 5
735 8
736 3
737 8
738 5
739 8
740 5
741 8
742 6
743 5
744 8
745 6
746 5
747 11
748 7
749 9
750 11
751 8
752 2
753 5
754 11
755 8
756 7
757 7
758 7
759 12
760 9
761 8
762 10
763 8
764 11
765 9
766 13
767 12
768 10
769 6
770 10
771 8
772 7
773 9
774 8
775 8
776 14
777 8
778 6
779 16
780 11
781 9
782 12
783 8
784 8
785 14
786 13
787 15
788 5
789 10
790 10
791 8
792 12
793 9
794 9
795 13
796 16
797 14
798 12
799 12
800 10
801 10
802 19
803 9
804 10
805 14
806 12
807 15
808 10
809 11
810 15
811 15
812 13
813 16
814 8
815 11
816 22
817 12
818 9
819 15
820 15
821 11
822 14
823 16
824 10
825 16
826 18
827 15
828 14
829 16
830 17
831 10
832 16
833 15
834 21
835 22
836 15
837 13
838 18
839 13
840 14
841 11
842 18
843 16
844 20
845 17
846 22
847 20
848 9
849 12
850 17
851 19
852 22
853 13
854 18
855 22
856 22
857 10
858 19
859 17
860 24
861 23
862 22
863 16
864 16
865 27
866 21
867 16
868 18
869 15
870 21
871 24
872 18
873 15
874 17
875 15
876 25
877 13
878 17
879 19
880 16
881 12
882 16
883 23
884 17
885 17
886 18
887 28
888 26
889 19
890 19
891 19
892 23
893 26
894 32
895 15
896 19
897 30
898 24
899 18
900 23
901 35
902 24
903 26
904 24
905 21
906 19
907 27
908 28
909 29
910 23
911 25
912 22
913 21
914 20
915 24
916 18
917 18
918 28
919 22
920 25
921 22
922 22
923 34
924 26
925 24
926 30
927 31
928 19
929 26
930 31
931 28
932 19
933 24
934 37
935 24
936 32
937 34
938 41
939 29
940 20
941 20
942 30
943 27
944 27
945 19
946 26
947 39
948 31
949 30
950 36
951 22
952 30
953 27
954 28
955 38
956 30
957 35
958 40
959 30
960 29
961 34
962 29
963 22
964 39
965 40
966 45
967 34
968 29
969 35
970 31
971 26
972 34
973 29
974 37
975 35
976 38
977 31
978 34
979 32
980 30
981 36
982 32
983 34
984 43
985 37
986 38
987 36
988 39
989 35
990 36
991 39
992 39
993 34
994 46
995 36
996 34
997 38
998 41
999 37
1000 38
1001 45
1002 31
1003 44
1004 38
1005 35
1006 42
1007 58
1008 44
1009 39
1010 42
1011 54
1012 49
1013 57
1014 40
1015 56
1016 50
1017 45
1018 44
1019 53
1020 52
1021 54
1022 38
1023 39
1024 53
1025 40
1026 44
1027 57
1028 59
1029 54
1030 32
1031 50
1032 41
1033 60
1034 57
1035 53
1036 49
1037 51
1038 54
1039 43
1040 62
1041 65
1042 72
1043 52
1044 50
1045 48
1046 50
1047 65
1048 60
1049 58
1050 55
1051 58
1052 59
1053 64
1054 62
1055 69
1056 40
1057 61
1058 47
1059 55
1060 62
1061 68
1062 48
1063 61
1064 60
1065 67
1066 52
1067 83
1068 53
1069 48
1070 58
1071 63
1072 63
1073 55
1074 61
1075 73
1076 75
1077 75
1078 74
1079 55
1080 73
1081 58
1082 74
1083 83
1084 76
1085 71
1086 92
1087 84
1088 67
1089 67
1090 76
1091 81
1092 70
1093 80
1094 92
1095 75
1096 78
1097 79
1098 85
1099 70
1100 85
1101 74
1102 86
1103 101
1104 88
1105 99
1106 88
1107 100
1108 106
1109 78
1110 99
1111 89
1112 82
1113 92
1114 92
1115 114
1116 93
1117 96
1118 103
1119 97
1120 116
1121 88
1122 111
1123 113
1124 115
1125 100
1126 125
1127 114
1128 93
1129 115
1130 114
1131 120
1132 119
1133 125
1134 121
1135 117
1136 112
1137 158
1138 134
1139 128
1140 122
1141 112
1142 149
1143 127
1144 134
1145 134
1146 130
1147 122
1148 139
1149 161
1150 132
1151 160
1152 142
1153 140
1154 150
1155 148
1156 167
1157 158
1158 155
1159 148
1160 175
1161 172
1162 161
1163 167
1164 165
1165 157
1166 182
1167 186
1168 179
1169 190
1170 164
1171 181
1172 188
1173 189
1174 193
1175 210
1176 206
1177 193
1178 195
1179 194
1180 220
1181 201
1182 210
1183 235
1184 208
1185 247
1186 230
1187 252
1188 268
1189 256
1190 247
1191 247
1192 256
1193 252
1194 262
1195 242
1196 287
1197 277
1198 294
1199 290
1200 319
1201 291
1202 341
1203 306
1204 332
1205 310
1206 309
1207 322
1208 310
1209 355
1210 339
1211 383
1212 369
1213 353
1214 370
1215 322
1216 410
1217 373
1218 394
1219 404
1220 394
1221 436
1222 437
1223 465
1224 431
1225 461
1226 483
1227 490
1228 495
1229 470
1230 472
1231 483
1232 496
1233 580
1234 522
1235 534
1236 565
1237 598
1238 540
1239 572
1240 599
1241 592
1242 621
1243 658
1244 658
1245 616
1246 653
1247 693
1248 724
1249 698
1250 711
1251 749
1252 736
1253 813
1254 743
1255 805
1256 820
1257 874
1258 839
1259 852
1260 839
1261 862
1262 930
1263 934
1264 965
1265 982
1266 966
1267 1001
1268 1077
1269 1067
1270 1088
1271 1075
1272 1142
1273 1149
1274 1177
1275 1209
1276 1194
1277 1216
1278 1254
1279 1279
1280 1347
1281 1383
1282 1384
1283 1350
1284 1373
1285 1456
1286 1436
1287 1463
1288 1475
1289 1490
1290 1592
1291 1698
1292 1678
1293 1619
1294 1737
1295 1674
1296 1686
1297 1836
1298 1820
1299 1790
1300 1898
1301 1889
1302 1907
1303 1936
1304 2051
1305 2123
1306 2074
1307 2119
1308 2163
1309 2185
1310 2261
1311 2292
1312 2307
1313 2308
1314 2473
1315 2468
1316 2485
1317 2496
1318 2566
1319 2615
1320 2642
1321 2539
1322 2663
1323 2795
1324 2732
1325 2810
1326 2810
1327 2970
1328 2987
1329 2870
1330 3034
1331 3027
1332 3079
1333 3156
1334 3187
1335 3308
1336 3108
1337 3299
1338 3288
1339 3322
1340 3440
1341 3364
1342 3489
1343 3569
1344 3546
1345 3606
1346 3577
1347 3587
1348 3702
1349 3662
1350 3635
1351 3722
1352 3745
1353 3893
1354 3903
1355 3860
1356 3788
1357 3860
1358 3933
1359 3881
1360 4051
1361 3977
1362 3979
1363 4092
1364 4056
1365 4038
1366 3994
1367 4001
1368 4057
1369 4048
1370 4152
1371 4058
1372 4182
1373 4163
1374 4262
1375 4083
1376 4070
1377 4153
1378 4119
1379 4092
1380 4094
1381 4069
1382 4181
1383 4031
1384 4168
1385 4027
1386 3999
1387 4108
1388 3936
1389 4038
1390 3941
1391 3989
1392 3906
1393 3842
1394 3818
1395 3806
1396 3772
1397 3803
1398 3792
1399 3764
1400 3595
1401 3623
1402 3636
1403 3716
1404 3523
1405 3500
1406 3396
1407 3506
1408 3407
1409 3369
1410 3295
1411 3246
1412 3227
1413 3242
1414 3137
1415 2989
1416 2994
1417 2953
1418 2930
1419 2886
1420 2777
1421 2767
1422 2764
1423 2746
1424 2690
1425 2529
1426 2584
1427 2432
1428 2385
1429 2389
1430 2325
1431 2173
1432 2128
1433 2146
1434 2138
1435 2030
1436 2045
1437 1947
1438 1870
1439 1809
1440 1781
1441 1703
1442 1657
1443 1689
1444 1643
1445 1553
1446 1482
1447 1466
1448 1408
1449 1392
1450 1237
1451 1202
1452 1205
1453 1189
1454 1143
1455 1088
1456 1075
1457 1069
1458 969
1459 954
1460 934
1461 869
1462 821
1463 793
1464 761
1465 735
1466 716
1467 737
1468 621
1469 623
1470 651
1471 559
1472 546
1473 520
1474 520
1475 448
1476 426
1477 421
1478 405
1479 377
1480 369
1481 362
1482 304
1483 299
1484 275
1485 260
1486 274
1487 268
1488 238
1489 249
1490 207
1491 199
1492 192
1493 152
1494 168
1495 167
1496 157
1497 130
1498 122
1499 124
1500 114
1501 117
1502 94
1503 86
1504 93
1505 89
1506 87
1507 66
1508 56
1509 75
1510 53
1511 69
1512 36
1513 35
1514 46
1515 45
1516 49
1517 39
1518 32
1519 26
1520 33
1521 29
1522 34
1523 12
1524 18
1525 16
1526 19
1527 17
1528 19
1529 17
1530 8
1531 18
1532 13
1533 7
1534 9
1535 4
1536 7
1537 10
1538 8
1539 5
1540 5
1541 4
1542 5
1543 5
1544 6
1545 4
1546 5
1547 1
1548 3
1549 3
1550 3
1551 4
1553 2
1554 3
1555 1
1556 3
1558 4
1559 2
1560 3
1563 2
1567 1
1568 2
1569 2
1571 1
1573 3
1575 1
1577 2
1578 2
1579 1
1586 1
1588 1
1589 1
1602 1
1611 1
1616 1
1625 1
1633 1
