N J h mean_R_sq err_mean_R_sq mean_R_gyr_sq err_mean_R_gyr_sq 
400 0.859 0 840.016 12.6724 270.576 3.56094
916 1
951 1
961 1
976 1
992 2
996 2
1003 1
1004 1
1005 1
1010 1
1011 1
1012 1
1013 1
1014 1
1022 1
1025 1
1028 1
1031 1
1032 1
1033 1
1034 1
1035 1
1040 1
1042 1
1043 1
1045 2
1048 2
1049 1
1050 2
1056 3
1057 1
1058 1
1059 3
1060 1
1063 1
1065 5
1066 1
1067 1
1068 2
1069 3
1070 3
1072 1
1073 2
1075 1
1076 5
1080 1
1082 1
1084 1
1086 3
1087 2
1088 1
1089 4
1090 3
1091 1
1092 1
1093 3
1094 3
1095 3
1096 1
1097 1
1098 5
1099 4
1101 3
1102 4
1103 2
1104 2
1105 3
1106 1
1107 1
1108 2
1109 3
1110 1
1111 4
1112 1
1113 4
1115 2
1116 4
1117 3
1118 1
1119 1
1120 2
1121 2
1122 1
1124 3
1125 3
1126 4
1127 2
1128 4
1129 1
1130 2
1131 2
1132 3
1133 2
1134 7
1135 2
1136 2
1137 4
1138 6
1139 4
1140 2
1141 5
1142 6
1143 4
1144 6
1145 8
1146 6
1147 3
1148 6
1149 4
1150 5
1151 5
1152 7
1153 5
1154 4
1155 4
1156 5
1157 9
1158 7
1159 7
1160 9
1161 3
1162 6
1163 4
1164 9
1165 11
1166 10
1167 11
1168 10
1169 8
1170 12
1171 10
1172 7
1173 6
1174 8
1175 7
1176 11
1177 10
1178 8
1179 12
1180 10
1181 8
1182 14
1183 8
1184 11
1185 14
1186 9
1187 14
1188 7
1189 12
1190 11
1191 6
1192 12
1193 6
1194 17
1195 8
1196 16
1197 16
1198 12
1199 20
1200 17
1201 10
1202 13
1203 16
1204 19
1205 16
1206 12
1207 28
1208 18
1209 17
1210 16
1211 19
1212 16
1213 22
1214 20
1215 18
1216 22
1217 36
1218 25
1219 17
1220 26
1221 27
1222 31
1223 19
1224 31
1225 30
1226 23
1227 29
1228 37
1229 30
1230 30
1231 33
1232 38
1233 26
1234 37
1235 33
1236 40
1237 30
1238 42
1239 30
1240 39
1241 31
1242 49
1243 46
1244 44
1245 36
1246 42
1247 56
1248 49
1249 51
1250 44
1251 47
1252 38
1253 47
1254 55
1255 67
1256 55
1257 52
1258 53
1259 61
1260 54
1261 44
1262 73
1263 62
1264 62
1265 66
1266 76
1267 52
1268 70
1269 63
1270 69
1271 67
1272 83
1273 66
1274 73
1275 70
1276 89
1277 88
1278 80
1279 84
1280 108
1281 85
1282 89
1283 87
1284 99
1285 90
1286 99
1287 101
1288 110
1289 113
1290 108
1291 97
1292 113
1293 107
1294 108
1295 108
1296 103
1297 105
1298 99
1299 130
1300 125
1301 120
1302 128
1303 156
1304 148
1305 132
1306 138
1307 144
1308 136
1309 146
1310 159
1311 154
1312 142
1313 164
1314 155
1315 176
1316 173
1317 163
1318 148
1319 182
1320 161
1321 174
1322 191
1323 190
1324 214
1325 189
1326 197
1327 164
1328 193
1329 218
1330 217
1331 226
1332 194
1333 225
1334 228
1335 196
1336 202
1337 222
1338 218
1339 228
1340 253
1341 247
1342 223
1343 240
1344 247
1345 266
1346 266
1347 223
1348 215
1349 239
1350 258
1351 246
1352 268
1353 249
1354 272
1355 274
1356 284
1357 309
1358 302
1359 287
1360 271
1361 301
1362 293
1363 291
1364 307
1365 315
1366 275
1367 294
1368 289
1369 290
1370 320
1371 334
1372 310
1373 300
1374 289
1375 327
1376 307
1377 347
1378 330
1379 353
1380 347
1381 310
1382 340
1383 354
1384 325
1385 315
1386 339
1387 339
1388 341
1389 337
1390 343
1391 338
1392 323
1393 334
1394 337
1395 348
1396 332
1397 372
1398 312
1399 366
1400 331
1401 375
1402 357
1403 346
1404 317
1405 330
1406 358
1407 309
1408 367
1409 317
1410 331
1411 346
1412 323
1413 340
1414 337
1415 354
1416 341
1417 368
1418 323
1419 333
1420 331
1421 337
1422 324
1423 304
1424 337
1425 280
1426 337
1427 291
1428 319
1429 315
1430 322
1431 339
1432 324
1433 319
1434 307
1435 300
1436 301
1437 288
1438 297
1439 290
1440 286
1441 266
1442 302
1443 255
1444 260
1445 247
1446 252
1447 250
1448 275
1449 267
1450 258
1451 230
1452 212
1453 252
1454 236
1455 247
1456 213
1457 231
1458 215
1459 211
1460 232
1461 193
1462 170
1463 203
1464 210
1465 191
1466 190
1467 180
1468 185
1469 165
1470 171
1471 167
1472 171
1473 168
1474 159
1475 157
1476 138
1477 159
1478 139
1479 142
1480 134
1481 136
1482 131
1483 135
1484 126
1485 115
1486 105
1487 118
1488 127
1489 103
1490 105
1491 88
1492 109
1493 91
1494 98
1495 96
1496 68
1497 66
1498 84
1499 85
1500 90
1501 73
1502 76
1503 74
1504 76
1505 73
1506 68
1507 63
1508 55
1509 67
1510 51
1511 51
1512 68
1513 54
1514 48
1515 50
1516 40
1517 51
1518 44
1519 41
1520 49
1521 46
1522 44
1523 31
1524 30
1525 30
1526 26
1527 33
1528 30
1529 28
1530 21
1531 21
1532 18
1533 21
1534 21
1535 27
1536 18
1537 14
1538 13
1539 18
1540 10
1541 18
1542 14
1543 12
1544 17
1545 14
1546 12
1547 12
1548 10
1549 10
1550 5
1551 6
1552 4
1553 10
1554 6
1555 5
1556 7
1557 7
1558 7
1559 2
1560 6
1561 3
1562 4
1563 4
1564 3
1565 7
1566 7
1567 3
1568 4
1569 1
1570 5
1572 2
1573 3
1574 2
1575 2
1576 5
1577 1
1578 2
1579 1
1580 1
1582 3
1583 3
1587 1
1588 1
1591 1
1593 5
1594 1
1596 1
1598 1
1599 1
1603 1
1605 2
1613 1
1617 1
1618 1
1621 1
1622 1
1660 1
1661 1
