N J h mean_R_sq err_mean_R_sq mean_R_gyr_sq err_mean_R_gyr_sq 
600 0.88 0 1018.49 7.39504 871.198 5.61525
396 1
406 1
444 1
455 1
471 1
476 1
483 1
490 1
492 1
498 1
499 2
506 1
508 2
510 1
512 1
514 1
516 1
517 1
518 1
523 1
525 1
528 1
529 3
530 1
532 1
534 3
537 1
539 2
540 2
541 1
542 2
543 2
547 2
549 1
551 4
552 1
553 3
555 1
557 1
558 1
560 1
561 1
563 2
564 1
565 2
566 2
569 1
570 1
571 1
573 1
574 3
575 3
577 1
578 2
579 1
580 3
581 1
582 2
583 3
584 1
585 2
586 1
587 6
588 2
590 1
591 4
592 4
593 3
594 3
595 3
596 2
597 2
599 5
600 3
601 2
602 3
603 4
604 1
605 1
606 4
607 3
608 1
609 2
610 4
612 5
613 4
614 1
615 3
616 6
617 3
618 5
619 5
620 2
621 5
622 2
623 3
624 7
625 4
626 2
627 4
628 5
629 5
630 5
631 6
632 7
633 2
634 5
635 4
636 10
637 3
638 4
639 5
640 5
641 8
642 2
643 6
644 5
645 4
646 4
647 8
648 7
649 3
650 2
651 5
652 5
653 4
654 7
655 11
656 4
657 7
658 9
659 5
660 5
661 12
662 8
663 7
664 9
665 7
666 3
667 9
668 7
669 5
670 10
671 6
672 7
673 10
674 11
675 8
676 12
677 9
678 8
679 4
680 6
681 9
682 10
683 4
684 12
685 8
686 5
687 8
688 5
689 5
690 5
691 12
692 9
693 16
694 7
695 10
696 7
697 9
698 11
699 8
700 5
701 13
702 7
703 8
704 7
705 6
706 14
707 15
708 11
709 12
710 11
711 9
712 10
713 9
714 14
715 15
716 18
717 8
718 7
719 7
720 12
721 7
722 7
723 8
724 7
725 12
726 12
727 12
728 15
729 9
730 17
731 12
732 13
733 7
734 9
735 19
736 8
737 12
738 14
739 5
740 14
741 17
742 13
743 13
744 13
745 14
746 21
747 13
748 16
749 20
750 10
751 13
752 12
753 10
754 12
755 16
756 14
757 10
758 15
759 11
760 15
761 12
762 9
763 19
764 18
765 14
766 9
767 20
768 16
769 23
770 14
771 14
772 16
773 17
774 17
775 19
776 11
777 15
778 20
779 11
780 15
781 23
782 19
783 21
784 24
785 13
786 13
787 20
788 21
789 21
790 12
791 23
792 15
793 19
794 23
795 16
796 17
797 21
798 27
799 24
800 14
801 12
802 20
803 24
804 19
805 20
806 25
807 21
808 24
809 18
810 26
811 24
812 23
813 19
814 21
815 21
816 20
817 26
818 16
819 17
820 18
821 26
822 23
823 23
824 25
825 26
826 25
827 23
828 18
829 21
830 26
831 28
832 27
833 32
834 24
835 25
836 24
837 25
838 23
839 31
840 21
841 27
842 36
843 27
844 25
845 31
846 21
847 22
848 25
849 26
850 31
851 14
852 24
853 30
854 30
855 20
856 30
857 28
858 34
859 26
860 22
861 27
862 24
863 23
864 29
865 30
866 22
867 22
868 31
869 27
870 50
871 30
872 23
873 27
874 32
875 28
876 35
877 32
878 33
879 31
880 28
881 36
882 32
883 38
884 20
885 34
886 35
887 40
888 36
889 28
890 28
891 26
892 28
893 30
894 34
895 31
896 35
897 34
898 30
899 32
900 30
901 33
902 38
903 30
904 23
905 38
906 37
907 26
908 31
909 54
910 32
911 40
912 37
913 34
914 30
915 36
916 32
917 33
918 38
919 42
920 34
921 32
922 37
923 29
924 37
925 38
926 39
927 35
928 43
929 36
930 43
931 25
932 45
933 39
934 38
935 25
936 26
937 32
938 36
939 42
940 34
941 28
942 27
943 31
944 37
945 35
946 40
947 28
948 39
949 42
950 44
951 41
952 43
953 37
954 26
955 34
956 47
957 33
958 45
959 30
960 35
961 32
962 38
963 38
964 36
965 43
966 48
967 39
968 43
969 24
970 47
971 48
972 36
973 44
974 37
975 49
976 44
977 45
978 45
979 54
980 35
981 33
982 42
983 36
984 39
985 42
986 40
987 46
988 40
989 44
990 35
991 47
992 38
993 52
994 33
995 45
996 48
997 48
998 53
999 52
1000 39
1001 50
1002 46
1003 44
1004 46
1005 47
1006 47
1007 60
1008 59
1009 52
1010 51
1011 61
1012 50
1013 56
1014 44
1015 48
1016 45
1017 39
1018 45
1019 63
1020 41
1021 45
1022 45
1023 60
1024 39
1025 54
1026 48
1027 47
1028 52
1029 40
1030 44
1031 49
1032 48
1033 44
1034 61
1035 55
1036 56
1037 49
1038 52
1039 51
1040 52
1041 52
1042 44
1043 64
1044 64
1045 46
1046 61
1047 52
1048 47
1049 49
1050 46
1051 47
1052 57
1053 38
1054 51
1055 58
1056 55
1057 59
1058 52
1059 52
1060 47
1061 61
1062 53
1063 61
1064 44
1065 56
1066 37
1067 59
1068 53
1069 54
1070 48
1071 51
1072 57
1073 60
1074 58
1075 60
1076 65
1077 58
1078 55
1079 60
1080 53
1081 54
1082 76
1083 64
1084 64
1085 69
1086 75
1087 70
1088 68
1089 75
1090 61
1091 70
1092 68
1093 69
1094 76
1095 68
1096 70
1097 60
1098 72
1099 56
1100 62
1101 65
1102 67
1103 62
1104 67
1105 69
1106 57
1107 88
1108 71
1109 78
1110 62
1111 65
1112 71
1113 81
1114 72
1115 62
1116 55
1117 69
1118 73
1119 65
1120 68
1121 80
1122 63
1123 77
1124 83
1125 66
1126 67
1127 83
1128 66
1129 81
1130 74
1131 59
1132 76
1133 79
1134 69
1135 70
1136 88
1137 68
1138 74
1139 89
1140 92
1141 89
1142 73
1143 92
1144 91
1145 71
1146 83
1147 81
1148 106
1149 90
1150 79
1151 90
1152 86
1153 109
1154 104
1155 86
1156 85
1157 79
1158 101
1159 101
1160 105
1161 110
1162 102
1163 93
1164 100
1165 115
1166 91
1167 109
1168 110
1169 113
1170 111
1171 109
1172 103
1173 117
1174 128
1175 93
1176 104
1177 115
1178 100
1179 121
1180 111
1181 117
1182 129
1183 133
1184 107
1185 111
1186 138
1187 128
1188 110
1189 115
1190 132
1191 123
1192 127
1193 131
1194 145
1195 145
1196 130
1197 150
1198 147
1199 141
1200 152
1201 130
1202 137
1203 149
1204 127
1205 140
1206 179
1207 163
1208 172
1209 167
1210 158
1211 167
1212 143
1213 184
1214 168
1215 139
1216 172
1217 177
1218 188
1219 159
1220 183
1221 193
1222 188
1223 192
1224 203
1225 182
1226 213
1227 202
1228 185
1229 228
1230 182
1231 179
1232 194
1233 214
1234 193
1235 245
1236 229
1237 253
1238 216
1239 219
1240 241
1241 230
1242 249
1243 243
1244 265
1245 251
1246 257
1247 260
1248 260
1249 256
1250 272
1251 249
1252 258
1253 290
1254 266
1255 265
1256 321
1257 285
1258 264
1259 311
1260 288
1261 310
1262 293
1263 309
1264 340
1265 287
1266 325
1267 348
1268 337
1269 317
1270 354
1271 328
1272 335
1273 380
1274 367
1275 361
1276 402
1277 393
1278 381
1279 391
1280 401
1281 408
1282 394
1283 386
1284 405
1285 421
1286 394
1287 405
1288 405
1289 371
1290 412
1291 471
1292 446
1293 433
1294 417
1295 444
1296 464
1297 447
1298 480
1299 456
1300 475
1301 498
1302 485
1303 509
1304 463
1305 491
1306 486
1307 502
1308 513
1309 485
1310 520
1311 514
1312 537
1313 511
1314 525
1315 575
1316 570
1317 588
1318 585
1319 582
1320 582
1321 574
1322 561
1323 571
1324 565
1325 576
1326 594
1327 583
1328 576
1329 571
1330 659
1331 589
1332 619
1333 561
1334 617
1335 638
1336 613
1337 613
1338 649
1339 648
1340 643
1341 654
1342 638
1343 662
1344 672
1345 651
1346 622
1347 632
1348 659
1349 654
1350 653
1351 668
1352 600
1353 677
1354 613
1355 640
1356 673
1357 648
1358 633
1359 612
1360 701
1361 643
1362 651
1363 636
1364 659
1365 629
1366 639
1367 660
1368 583
1369 605
1370 566
1371 607
1372 666
1373 609
1374 605
1375 621
1376 600
1377 624
1378 608
1379 589
1380 583
1381 574
1382 575
1383 562
1384 585
1385 571
1386 562
1387 560
1388 516
1389 566
1390 542
1391 530
1392 534
1393 520
1394 469
1395 499
1396 502
1397 503
1398 474
1399 508
1400 487
1401 447
1402 462
1403 462
1404 430
1405 436
1406 505
1407 441
1408 413
1409 418
1410 378
1411 417
1412 407
1413 393
1414 374
1415 331
1416 347
1417 357
1418 344
1419 316
1420 333
1421 310
1422 301
1423 327
1424 316
1425 287
1426 299
1427 295
1428 273
1429 248
1430 271
1431 259
1432 252
1433 247
1434 257
1435 228
1436 225
1437 211
1438 188
1439 194
1440 198
1441 188
1442 156
1443 199
1444 168
1445 178
1446 160
1447 149
1448 148
1449 153
1450 139
1451 119
1452 131
1453 132
1454 109
1455 104
1456 128
1457 100
1458 115
1459 101
1460 87
1461 95
1462 85
1463 72
1464 96
1465 91
1466 84
1467 70
1468 68
1469 64
1470 60
1471 42
1472 64
1473 60
1474 58
1475 51
1476 43
1477 45
1478 35
1479 54
1480 47
1481 36
1482 41
1483 38
1484 25
1485 29
1486 28
1487 28
1488 37
1489 27
1490 18
1491 18
1492 14
1493 14
1494 24
1495 17
1496 13
1497 20
1498 13
1499 15
1500 18
1501 11
1502 11
1503 12
1504 5
1505 8
1506 10
1507 3
1508 3
1509 8
1510 9
1511 4
1512 4
1513 2
1514 10
1515 4
1516 9
1517 3
1518 4
1519 2
1520 4
1521 4
1522 2
1523 4
1524 2
1525 4
1526 3
1527 2
1528 1
1529 2
1531 2
1532 2
1533 1
1534 1
1540 3
1541 1
1542 2
1546 1
1553 1
1560 1
1570 1
1624 1
