N J h mean_R_sq err_mean_R_sq mean_R_gyr_sq err_mean_R_gyr_sq 
700 0.882 0 946.41 45.1632 1502.96 37.3387
246 1
302 1
319 1
328 1
349 2
352 2
356 1
360 1
365 1
366 1
370 1
373 1
375 1
376 1
377 1
378 1
379 1
380 1
382 1
383 2
385 1
386 1
389 4
390 1
392 1
393 1
395 1
396 2
397 1
398 2
400 2
401 1
403 1
404 1
405 1
407 1
408 2
409 2
410 1
411 1
412 1
413 1
415 2
416 1
417 1
418 1
419 4
420 1
423 1
424 1
425 1
426 2
427 2
428 1
429 1
430 3
431 5
432 4
433 2
434 3
435 3
436 4
437 2
439 3
440 3
441 1
443 3
444 5
445 4
446 7
447 1
448 2
449 3
450 4
451 2
452 6
453 6
454 3
455 3
456 5
457 7
458 6
459 5
460 8
461 7
462 7
463 6
464 8
465 4
466 10
467 7
468 7
469 5
470 3
471 8
472 8
473 4
474 6
475 9
476 8
477 6
478 7
479 11
480 11
481 10
482 10
483 10
484 8
485 15
486 7
487 13
488 10
489 10
490 8
491 13
492 18
493 11
494 6
495 10
496 13
497 10
498 13
499 13
500 11
501 12
502 12
503 7
504 7
505 7
506 13
507 11
508 5
509 20
510 16
511 13
512 10
513 18
514 32
515 25
516 14
517 17
518 6
519 20
520 18
521 10
522 9
523 22
524 18
525 17
526 13
527 14
528 15
529 20
530 18
531 20
532 19
533 20
534 27
535 21
536 20
537 25
538 24
539 19
540 26
541 27
542 31
543 35
544 34
545 25
546 40
547 32
548 29
549 40
550 26
551 24
552 32
553 32
554 30
555 29
556 38
557 35
558 22
559 24
560 27
561 25
562 24
563 29
564 28
565 37
566 39
567 32
568 35
569 38
570 33
571 37
572 37
573 24
574 42
575 34
576 36
577 29
578 46
579 40
580 47
581 46
582 44
583 39
584 54
585 30
586 47
587 46
588 42
589 48
590 45
591 45
592 56
593 46
594 34
595 48
596 49
597 59
598 40
599 48
600 59
601 50
602 49
603 58
604 53
605 52
606 62
607 54
608 54
609 61
610 72
611 59
612 54
613 56
614 56
615 59
616 55
617 53
618 74
619 62
620 89
621 68
622 67
623 81
624 71
625 68
626 73
627 92
628 87
629 77
630 73
631 74
632 77
633 78
634 82
635 98
636 68
637 71
638 74
639 70
640 71
641 83
642 74
643 68
644 100
645 97
646 90
647 72
648 72
649 93
650 87
651 100
652 83
653 93
654 72
655 81
656 92
657 71
658 90
659 90
660 100
661 108
662 95
663 96
664 99
665 100
666 106
667 95
668 111
669 94
670 92
671 88
672 96
673 97
674 121
675 122
676 94
677 114
678 118
679 112
680 120
681 113
682 98
683 105
684 123
685 122
686 116
687 131
688 110
689 107
690 117
691 122
692 114
693 115
694 118
695 128
696 133
697 115
698 125
699 131
700 116
701 122
702 125
703 106
704 121
705 145
706 118
707 152
708 145
709 145
710 132
711 148
712 148
713 121
714 121
715 133
716 133
717 129
718 131
719 134
720 149
721 132
722 150
723 133
724 138
725 150
726 132
727 158
728 157
729 138
730 139
731 154
732 161
733 147
734 145
735 158
736 139
737 155
738 160
739 153
740 154
741 145
742 141
743 155
744 146
745 173
746 152
747 159
748 130
749 159
750 148
751 157
752 172
753 160
754 164
755 171
756 165
757 159
758 186
759 154
760 171
761 174
762 161
763 151
764 165
765 164
766 173
767 143
768 128
769 151
770 163
771 183
772 148
773 184
774 158
775 182
776 157
777 163
778 169
779 185
780 173
781 181
782 173
783 186
784 179
785 156
786 164
787 168
788 185
789 155
790 173
791 164
792 167
793 177
794 201
795 200
796 184
797 199
798 185
799 185
800 184
801 172
802 189
803 170
804 185
805 184
806 190
807 172
808 190
809 210
810 179
811 194
812 189
813 179
814 186
815 198
816 187
817 199
818 172
819 222
820 175
821 177
822 194
823 186
824 193
825 189
826 177
827 208
828 177
829 185
830 227
831 183
832 181
833 192
834 189
835 167
836 197
837 199
838 184
839 197
840 178
841 199
842 182
843 207
844 207
845 188
846 216
847 200
848 209
849 225
850 200
851 188
852 189
853 217
854 224
855 203
856 193
857 215
858 187
859 219
860 230
861 219
862 184
863 196
864 192
865 224
866 211
867 212
868 210
869 192
870 213
871 200
872 220
873 189
874 183
875 216
876 214
877 214
878 216
879 204
880 227
881 189
882 223
883 211
884 222
885 210
886 183
887 188
888 191
889 236
890 201
891 193
892 217
893 219
894 217
895 205
896 184
897 199
898 206
899 179
900 195
901 212
902 195
903 214
904 189
905 216
906 177
907 197
908 180
909 213
910 217
911 198
912 197
913 215
914 202
915 199
916 211
917 213
918 189
919 206
920 225
921 194
922 206
923 167
924 205
925 177
926 219
927 185
928 198
929 212
930 232
931 229
932 203
933 195
934 203
935 196
936 214
937 196
938 187
939 221
940 222
941 202
942 209
943 171
944 179
945 190
946 182
947 194
948 209
949 198
950 200
951 208
952 203
953 186
954 221
955 207
956 192
957 191
958 199
959 197
960 203
961 194
962 187
963 181
964 183
965 186
966 195
967 182
968 176
969 194
970 198
971 169
972 179
973 213
974 212
975 179
976 192
977 183
978 193
979 183
980 203
981 180
982 189
983 204
984 193
985 176
986 156
987 183
988 161
989 203
990 198
991 194
992 197
993 202
994 201
995 198
996 192
997 203
998 194
999 186
1000 171
1001 212
1002 163
1003 171
1004 172
1005 192
1006 182
1007 159
1008 194
1009 191
1010 179
1011 159
1012 180
1013 179
1014 175
1015 184
1016 174
1017 207
1018 185
1019 173
1020 190
1021 161
1022 188
1023 187
1024 156
1025 204
1026 154
1027 150
1028 201
1029 161
1030 177
1031 218
1032 151
1033 178
1034 192
1035 186
1036 166
1037 180
1038 183
1039 167
1040 183
1041 163
1042 178
1043 166
1044 191
1045 180
1046 165
1047 166
1048 185
1049 186
1050 191
1051 177
1052 179
1053 176
1054 160
1055 168
1056 166
1057 209
1058 179
1059 174
1060 191
1061 183
1062 171
1063 177
1064 171
1065 143
1066 187
1067 185
1068 168
1069 167
1070 197
1071 186
1072 170
1073 204
1074 189
1075 196
1076 190
1077 175
1078 212
1079 162
1080 192
1081 166
1082 175
1083 213
1084 197
1085 168
1086 199
1087 201
1088 177
1089 179
1090 177
1091 176
1092 176
1093 160
1094 174
1095 175
1096 181
1097 190
1098 184
1099 199
1100 192
1101 187
1102 175
1103 203
1104 200
1105 199
1106 169
1107 187
1108 192
1109 181
1110 182
1111 184
1112 193
1113 181
1114 177
1115 181
1116 187
1117 173
1118 221
1119 216
1120 211
1121 186
1122 197
1123 171
1124 190
1125 229
1126 176
1127 186
1128 190
1129 181
1130 193
1131 196
1132 197
1133 206
1134 213
1135 215
1136 237
1137 197
1138 199
1139 209
1140 182
1141 217
1142 200
1143 208
1144 195
1145 201
1146 212
1147 213
1148 215
1149 239
1150 192
1151 208
1152 188
1153 204
1154 201
1155 203
1156 217
1157 229
1158 215
1159 218
1160 195
1161 200
1162 236
1163 227
1164 216
1165 226
1166 256
1167 209
1168 239
1169 237
1170 230
1171 224
1172 259
1173 229
1174 214
1175 245
1176 249
1177 250
1178 218
1179 247
1180 225
1181 228
1182 256
1183 279
1184 240
1185 274
1186 256
1187 239
1188 285
1189 246
1190 261
1191 254
1192 247
1193 288
1194 251
1195 283
1196 264
1197 285
1198 251
1199 282
1200 269
1201 315
1202 292
1203 280
1204 274
1205 298
1206 256
1207 260
1208 312
1209 286
1210 321
1211 306
1212 287
1213 291
1214 342
1215 337
1216 301
1217 350
1218 314
1219 282
1220 296
1221 314
1222 361
1223 335
1224 386
1225 339
1226 363
1227 341
1228 376
1229 388
1230 349
1231 357
1232 379
1233 374
1234 392
1235 368
1236 398
1237 423
1238 397
1239 390
1240 385
1241 388
1242 398
1243 405
1244 447
1245 449
1246 423
1247 447
1248 451
1249 440
1250 432
1251 445
1252 475
1253 472
1254 481
1255 497
1256 443
1257 498
1258 496
1259 460
1260 483
1261 478
1262 523
1263 488
1264 511
1265 506
1266 524
1267 517
1268 471
1269 492
1270 548
1271 544
1272 568
1273 602
1274 567
1275 586
1276 611
1277 532
1278 558
1279 580
1280 611
1281 608
1282 578
1283 636
1284 633
1285 631
1286 619
1287 661
1288 689
1289 652
1290 640
1291 648
1292 655
1293 698
1294 701
1295 694
1296 660
1297 707
1298 688
1299 718
1300 720
1301 718
1302 758
1303 748
1304 700
1305 776
1306 772
1307 779
1308 724
1309 774
1310 778
1311 825
1312 822
1313 764
1314 818
1315 772
1316 831
1317 868
1318 897
1319 820
1320 813
1321 894
1322 833
1323 846
1324 793
1325 884
1326 921
1327 881
1328 898
1329 876
1330 852
1331 863
1332 877
1333 902
1334 836
1335 857
1336 891
1337 900
1338 896
1339 901
1340 962
1341 864
1342 899
1343 894
1344 908
1345 945
1346 925
1347 884
1348 966
1349 947
1350 929
1351 937
1352 904
1353 949
1354 897
1355 873
1356 949
1357 918
1358 862
1359 878
1360 903
1361 897
1362 912
1363 909
1364 870
1365 861
1366 910
1367 883
1368 920
1369 901
1370 860
1371 809
1372 801
1373 837
1374 857
1375 813
1376 791
1377 785
1378 772
1379 768
1380 774
1381 787
1382 739
1383 703
1384 760
1385 758
1386 694
1387 720
1388 728
1389 748
1390 682
1391 651
1392 661
1393 662
1394 672
1395 665
1396 629
1397 617
1398 639
1399 620
1400 631
1401 591
1402 610
1403 567
1404 522
1405 545
1406 543
1407 556
1408 498
1409 482
1410 480
1411 488
1412 477
1413 470
1414 449
1415 438
1416 422
1417 395
1418 398
1419 360
1420 354
1421 389
1422 374
1423 327
1424 362
1425 309
1426 313
1427 330
1428 293
1429 282
1430 287
1431 278
1432 280
1433 235
1434 259
1435 245
1436 243
1437 237
1438 227
1439 211
1440 202
1441 166
1442 172
1443 192
1444 164
1445 166
1446 155
1447 158
1448 134
1449 144
1450 118
1451 121
1452 127
1453 124
1454 114
1455 124
1456 101
1457 93
1458 87
1459 92
1460 80
1461 80
1462 78
1463 91
1464 71
1465 70
1466 58
1467 57
1468 55
1469 50
1470 44
1471 58
1472 48
1473 47
1474 48
1475 39
1476 42
1477 37
1478 35
1479 36
1480 27
1481 28
1482 34
1483 23
1484 20
1485 26
1486 18
1487 17
1488 18
1489 15
1490 20
1491 17
1492 14
1493 16
1494 11
1495 8
1496 12
1497 12
1498 7
1499 8
1500 15
1501 4
1502 9
1503 3
1504 8
1505 4
1506 3
1507 6
1508 4
1509 5
1510 2
1511 3
1512 3
1513 4
1514 6
1515 2
1516 2
1517 3
1518 6
1519 2
1520 2
1521 1
1522 5
1523 2
1524 2
1525 1
1526 1
1528 3
1529 3
1531 2
1532 1
1533 3
1535 2
1536 2
1537 2
1538 1
1539 1
1540 1
1541 1
1542 2
1545 1
1548 2
1550 2
1553 2
1554 2
1556 1
1557 1
1558 1
1560 2
1563 1
1569 1
1576 1
1577 1
1578 1
1579 1
1620 1
