N J h mean_R_sq err_mean_R_sq mean_R_gyr_sq err_mean_R_gyr_sq 
500 0.867 0 1042.19 37.1423 454.962 12.459
589 1
591 1
616 1
702 1
704 1
715 1
719 1
764 1
768 1
776 1
778 1
779 1
792 1
795 2
797 1
802 1
803 1
806 1
813 3
817 1
824 1
831 1
836 1
838 1
841 1
848 3
850 1
855 1
856 1
857 2
859 2
863 1
865 1
866 1
870 1
871 1
873 1
876 2
878 2
879 1
881 1
882 1
883 1
887 1
889 2
890 1
891 1
892 1
893 1
899 3
902 1
903 2
910 1
911 2
912 1
919 1
921 2
922 1
923 2
924 1
925 2
926 1
927 2
929 1
930 2
932 1
933 2
934 3
935 1
939 1
945 1
946 1
947 1
948 1
950 1
951 2
952 2
953 1
956 1
959 2
961 2
962 3
963 1
964 1
967 1
968 1
970 1
972 1
973 3
974 2
975 2
977 1
979 2
981 2
982 2
983 1
984 1
985 2
987 1
988 1
989 1
990 1
991 2
993 1
994 2
995 2
996 2
998 2
1000 1
1001 1
1002 1
1003 1
1005 3
1006 1
1007 2
1008 2
1009 3
1010 1
1011 1
1012 3
1014 1
1015 3
1016 1
1017 1
1018 2
1019 2
1021 3
1022 2
1024 1
1025 2
1026 1
1027 4
1029 2
1030 3
1031 1
1032 1
1036 3
1037 1
1038 1
1039 1
1040 1
1041 3
1042 2
1043 2
1045 2
1046 3
1047 7
1048 3
1049 2
1050 5
1051 2
1052 2
1053 7
1054 1
1056 6
1057 5
1058 1
1060 2
1061 6
1062 5
1063 2
1064 2
1065 1
1066 3
1067 5
1068 4
1069 6
1070 3
1071 1
1072 4
1073 3
1074 2
1075 3
1076 2
1077 3
1078 2
1079 2
1080 2
1081 3
1082 4
1083 2
1084 4
1085 4
1086 6
1087 7
1088 3
1089 3
1090 5
1091 5
1092 2
1093 4
1094 3
1095 4
1096 5
1097 6
1098 6
1099 2
1100 3
1101 4
1102 2
1103 6
1104 5
1105 4
1106 8
1107 5
1108 7
1109 3
1110 3
1111 10
1112 7
1113 5
1114 7
1115 7
1116 8
1117 3
1118 5
1119 3
1120 5
1121 11
1122 6
1123 8
1124 11
1125 13
1126 9
1127 9
1128 11
1129 7
1130 4
1131 10
1132 9
1133 7
1134 4
1135 8
1136 13
1137 8
1138 9
1139 4
1140 11
1141 5
1142 8
1143 12
1144 9
1145 14
1146 14
1147 10
1148 8
1149 14
1150 10
1151 8
1152 12
1153 7
1154 13
1155 6
1156 13
1157 13
1158 13
1159 19
1160 11
1161 12
1162 12
1163 13
1164 15
1165 14
1166 12
1167 11
1168 9
1169 14
1170 12
1171 14
1172 13
1173 11
1174 15
1175 11
1176 14
1177 8
1178 18
1179 12
1180 14
1181 16
1182 7
1183 21
1184 13
1185 24
1186 15
1187 19
1188 19
1189 17
1190 21
1191 18
1192 15
1193 15
1194 14
1195 15
1196 26
1197 14
1198 23
1199 20
1200 19
1201 23
1202 19
1203 19
1204 25
1205 23
1206 21
1207 20
1208 29
1209 22
1210 38
1211 34
1212 30
1213 37
1214 39
1215 34
1216 42
1217 32
1218 35
1219 32
1220 33
1221 39
1222 44
1223 40
1224 25
1225 31
1226 40
1227 31
1228 37
1229 30
1230 35
1231 30
1232 28
1233 40
1234 39
1235 44
1236 44
1237 49
1238 32
1239 38
1240 40
1241 56
1242 54
1243 55
1244 45
1245 40
1246 67
1247 64
1248 52
1249 57
1250 54
1251 70
1252 65
1253 65
1254 57
1255 60
1256 48
1257 60
1258 67
1259 55
1260 85
1261 85
1262 77
1263 60
1264 72
1265 93
1266 78
1267 89
1268 67
1269 85
1270 82
1271 94
1272 69
1273 76
1274 80
1275 97
1276 78
1277 98
1278 101
1279 89
1280 100
1281 99
1282 120
1283 105
1284 121
1285 122
1286 125
1287 108
1288 106
1289 104
1290 117
1291 100
1292 92
1293 108
1294 110
1295 124
1296 130
1297 123
1298 137
1299 135
1300 140
1301 136
1302 129
1303 138
1304 138
1305 137
1306 138
1307 161
1308 168
1309 183
1310 167
1311 164
1312 160
1313 170
1314 172
1315 180
1316 196
1317 188
1318 179
1319 155
1320 182
1321 182
1322 182
1323 213
1324 195
1325 204
1326 203
1327 197
1328 205
1329 211
1330 192
1331 195
1332 216
1333 202
1334 220
1335 228
1336 229
1337 234
1338 213
1339 216
1340 221
1341 235
1342 240
1343 214
1344 252
1345 248
1346 241
1347 234
1348 262
1349 242
1350 256
1351 242
1352 267
1353 260
1354 244
1355 269
1356 267
1357 260
1358 262
1359 267
1360 265
1361 270
1362 268
1363 264
1364 277
1365 260
1366 278
1367 289
1368 292
1369 293
1370 254
1371 245
1372 280
1373 256
1374 280
1375 262
1376 304
1377 267
1378 296
1379 278
1380 295
1381 313
1382 315
1383 294
1384 266
1385 273
1386 266
1387 306
1388 298
1389 265
1390 257
1391 309
1392 297
1393 297
1394 284
1395 287
1396 297
1397 273
1398 286
1399 272
1400 263
1401 288
1402 258
1403 266
1404 278
1405 227
1406 257
1407 242
1408 259
1409 274
1410 237
1411 263
1412 263
1413 265
1414 239
1415 248
1416 229
1417 241
1418 213
1419 213
1420 223
1421 241
1422 213
1423 220
1424 223
1425 227
1426 217
1427 206
1428 200
1429 184
1430 211
1431 201
1432 216
1433 179
1434 191
1435 174
1436 189
1437 193
1438 194
1439 155
1440 181
1441 176
1442 183
1443 155
1444 153
1445 153
1446 165
1447 154
1448 152
1449 134
1450 135
1451 135
1452 141
1453 122
1454 115
1455 129
1456 117
1457 119
1458 120
1459 104
1460 124
1461 131
1462 105
1463 95
1464 89
1465 109
1466 91
1467 95
1468 82
1469 92
1470 94
1471 83
1472 83
1473 72
1474 69
1475 72
1476 64
1477 80
1478 60
1479 71
1480 47
1481 56
1482 60
1483 49
1484 57
1485 52
1486 39
1487 46
1488 44
1489 39
1490 42
1491 35
1492 31
1493 32
1494 28
1495 23
1496 27
1497 21
1498 24
1499 27
1500 30
1501 19
1502 28
1503 24
1504 26
1505 23
1506 18
1507 16
1508 12
1509 12
1510 11
1511 19
1512 18
1513 16
1514 15
1515 19
1516 15
1517 18
1518 11
1519 12
1520 10
1521 5
1522 13
1523 7
1524 11
1525 3
1526 6
1527 3
1528 10
1529 6
1530 11
1531 4
1532 3
1533 5
1534 6
1535 6
1537 4
1538 3
1539 1
1540 2
1541 4
1542 4
1543 1
1546 9
1547 3
1548 2
1549 3
1550 2
1551 1
1552 1
1553 1
1554 3
1556 1
1557 3
1559 2
1560 1
1561 1
1563 1
1564 2
1566 1
1569 1
1572 1
1574 1
1576 2
1579 1
1583 1
1585 2
1586 1
1592 3
1595 2
1602 1
1605 1
1606 1
1620 1
