N J h mean_R_sq err_mean_R_sq mean_R_gyr_sq err_mean_R_gyr_sq 
550 0.863 0 1231.59 76.5226 516.838 14.381
776 1
842 1
846 1
882 1
903 1
912 1
920 1
922 1
931 2
950 1
951 1
953 1
954 1
956 1
964 1
968 1
974 1
977 1
981 2
986 1
994 2
995 1
997 1
1003 1
1004 1
1005 2
1011 1
1012 1
1013 1
1014 1
1016 1
1017 1
1019 2
1020 1
1021 2
1022 1
1023 1
1024 1
1026 1
1029 2
1031 2
1033 3
1039 1
1040 3
1042 1
1043 2
1045 1
1046 4
1048 3
1050 1
1052 1
1053 1
1054 1
1055 1
1056 3
1057 1
1061 1
1063 1
1064 3
1065 4
1066 3
1068 3
1069 4
1070 1
1073 2
1074 4
1077 2
1078 2
1079 2
1080 2
1082 3
1083 1
1084 2
1085 2
1086 4
1088 3
1089 2
1090 2
1091 4
1092 6
1093 3
1094 1
1095 3
1096 4
1097 2
1098 3
1099 2
1100 4
1101 3
1102 4
1103 2
1104 1
1105 7
1106 4
1107 1
1108 2
1109 5
1110 3
1111 1
1112 5
1113 3
1114 2
1115 3
1116 3
1117 5
1118 2
1119 8
1120 6
1121 4
1122 3
1123 3
1124 4
1125 4
1126 2
1127 2
1128 6
1129 5
1130 5
1131 6
1132 4
1133 7
1134 7
1135 4
1136 2
1137 3
1138 4
1139 4
1140 7
1141 6
1142 5
1143 10
1144 7
1145 6
1146 8
1147 8
1148 4
1149 4
1150 5
1151 3
1152 10
1153 7
1154 9
1155 9
1156 15
1157 6
1158 6
1159 12
1160 10
1161 10
1162 6
1163 11
1164 8
1165 8
1166 14
1167 7
1168 9
1169 6
1170 9
1171 11
1172 8
1173 15
1174 5
1175 13
1176 7
1177 6
1178 13
1179 10
1180 11
1181 11
1182 17
1183 15
1184 5
1185 16
1186 14
1187 12
1188 12
1189 13
1190 12
1191 11
1192 18
1193 7
1194 18
1195 10
1196 11
1197 15
1198 22
1199 12
1200 17
1201 16
1202 16
1203 24
1204 18
1205 21
1206 23
1207 20
1208 16
1209 14
1210 14
1211 12
1212 21
1213 25
1214 36
1215 15
1216 16
1217 24
1218 24
1219 20
1220 20
1221 36
1222 22
1223 22
1224 30
1225 24
1226 32
1227 31
1228 18
1229 28
1230 32
1231 28
1232 26
1233 34
1234 34
1235 25
1236 34
1237 29
1238 34
1239 35
1240 38
1241 33
1242 35
1243 31
1244 45
1245 32
1246 39
1247 40
1248 40
1249 44
1250 33
1251 46
1252 41
1253 35
1254 47
1255 50
1256 50
1257 35
1258 54
1259 48
1260 58
1261 28
1262 46
1263 44
1264 42
1265 57
1266 60
1267 55
1268 65
1269 74
1270 52
1271 72
1272 52
1273 53
1274 67
1275 63
1276 70
1277 75
1278 84
1279 59
1280 70
1281 79
1282 65
1283 65
1284 77
1285 72
1286 73
1287 77
1288 103
1289 88
1290 95
1291 87
1292 85
1293 89
1294 101
1295 89
1296 101
1297 123
1298 95
1299 104
1300 101
1301 116
1302 84
1303 118
1304 92
1305 97
1306 106
1307 108
1308 115
1309 114
1310 144
1311 115
1312 139
1313 126
1314 136
1315 122
1316 148
1317 147
1318 135
1319 144
1320 152
1321 139
1322 161
1323 137
1324 166
1325 164
1326 161
1327 177
1328 155
1329 163
1330 156
1331 169
1332 164
1333 169
1334 182
1335 185
1336 166
1337 209
1338 190
1339 191
1340 185
1341 188
1342 185
1343 228
1344 210
1345 218
1346 234
1347 235
1348 230
1349 209
1350 230
1351 212
1352 240
1353 238
1354 241
1355 237
1356 234
1357 223
1358 219
1359 263
1360 242
1361 270
1362 264
1363 267
1364 265
1365 292
1366 233
1367 229
1368 292
1369 271
1370 253
1371 243
1372 271
1373 255
1374 250
1375 272
1376 301
1377 301
1378 265
1379 278
1380 314
1381 283
1382 287
1383 292
1384 270
1385 300
1386 305
1387 312
1388 291
1389 309
1390 275
1391 267
1392 257
1393 312
1394 277
1395 289
1396 298
1397 272
1398 299
1399 283
1400 277
1401 261
1402 258
1403 277
1404 248
1405 273
1406 260
1407 265
1408 265
1409 298
1410 263
1411 276
1412 272
1413 298
1414 235
1415 258
1416 286
1417 267
1418 242
1419 262
1420 275
1421 255
1422 249
1423 233
1424 223
1425 241
1426 219
1427 227
1428 234
1429 194
1430 243
1431 221
1432 227
1433 189
1434 214
1435 226
1436 198
1437 178
1438 201
1439 190
1440 191
1441 187
1442 170
1443 171
1444 164
1445 178
1446 178
1447 166
1448 150
1449 147
1450 171
1451 138
1452 153
1453 165
1454 118
1455 125
1456 143
1457 115
1458 140
1459 128
1460 136
1461 106
1462 101
1463 113
1464 96
1465 99
1466 94
1467 111
1468 98
1469 99
1470 73
1471 66
1472 62
1473 80
1474 67
1475 83
1476 68
1477 69
1478 59
1479 60
1480 62
1481 50
1482 63
1483 51
1484 48
1485 59
1486 46
1487 48
1488 47
1489 39
1490 48
1491 38
1492 39
1493 37
1494 31
1495 34
1496 24
1497 40
1498 32
1499 24
1500 27
1501 30
1502 28
1503 16
1504 28
1505 17
1506 20
1507 21
1508 16
1509 20
1510 15
1511 13
1512 17
1513 14
1514 15
1515 17
1516 8
1517 13
1518 12
1519 7
1520 7
1521 12
1522 12
1523 5
1524 4
1525 9
1526 3
1527 8
1528 6
1529 3
1530 5
1531 4
1532 5
1533 4
1534 8
1535 6
1536 1
1537 1
1540 2
1541 4
1542 5
1543 1
1544 3
1545 1
1547 1
1550 1
1551 1
1552 1
1553 2
1555 1
1556 1
1557 1
1559 2
1560 2
1561 1
1563 2
1574 1
1581 1
1582 2
1611 1
