N J h mean_R_sq err_mean_R_sq mean_R_gyr_sq err_mean_R_gyr_sq 
500 0.863 0 1066.03 24.589 424.689 7.01951
551 1
565 1
577 1
624 1
630 1
632 1
636 1
637 1
639 1
652 1
656 1
659 1
662 1
666 1
668 1
672 2
673 1
676 1
677 1
679 1
680 1
684 1
685 1
686 1
688 1
689 1
692 1
695 2
698 1
699 3
700 1
701 2
702 3
705 4
706 1
707 2
708 1
709 2
710 1
711 2
713 1
715 2
719 4
720 4
721 2
722 3
723 1
724 4
725 3
726 2
727 1
728 3
729 2
730 2
731 3
732 1
733 2
734 2
735 1
736 1
737 2
738 1
739 3
740 6
741 2
742 5
743 3
744 1
745 5
746 3
748 7
749 6
750 4
751 4
752 9
753 3
754 8
755 8
756 3
757 5
758 3
759 4
760 4
761 8
762 7
763 7
764 3
765 4
766 10
767 4
768 1
769 11
770 7
771 5
772 16
773 7
774 8
775 11
776 12
777 9
778 9
779 12
780 6
781 10
782 10
783 14
784 12
785 5
786 11
787 14
788 12
789 8
790 16
791 12
792 12
793 11
794 15
795 17
796 17
797 13
798 15
799 13
800 17
801 12
802 10
803 17
804 22
805 26
806 15
807 13
808 25
809 25
810 26
811 23
812 19
813 33
814 23
815 21
816 30
817 25
818 29
819 28
820 23
821 23
822 21
823 25
824 37
825 26
826 31
827 28
828 30
829 28
830 33
831 36
832 31
833 43
834 44
835 33
836 39
837 40
838 50
839 30
840 47
841 50
842 52
843 69
844 52
845 46
846 43
847 51
848 57
849 54
850 58
851 54
852 66
853 66
854 74
855 58
856 70
857 60
858 73
859 67
860 79
861 60
862 72
863 80
864 92
865 70
866 70
867 83
868 86
869 80
870 93
871 93
872 86
873 92
874 96
875 98
876 95
877 102
878 114
879 104
880 108
881 94
882 94
883 108
884 97
885 137
886 117
887 101
888 139
889 118
890 143
891 114
892 128
893 136
894 127
895 141
896 132
897 133
898 123
899 162
900 131
901 146
902 143
903 142
904 161
905 160
906 149
907 163
908 167
909 178
910 168
911 198
912 190
913 177
914 172
915 177
916 175
917 209
918 203
919 189
920 216
921 182
922 204
923 208
924 216
925 196
926 195
927 247
928 209
929 211
930 217
931 235
932 230
933 242
934 231
935 219
936 228
937 233
938 238
939 257
940 282
941 251
942 267
943 268
944 250
945 256
946 265
947 268
948 282
949 275
950 264
951 267
952 258
953 270
954 295
955 255
956 287
957 294
958 312
959 272
960 294
961 296
962 290
963 312
964 288
965 309
966 311
967 306
968 300
969 292
970 290
971 313
972 335
973 287
974 332
975 312
976 333
977 352
978 306
979 302
980 334
981 341
982 312
983 303
984 345
985 321
986 361
987 332
988 343
989 324
990 333
991 312
992 318
993 327
994 334
995 319
996 330
997 320
998 324
999 362
1000 336
1001 369
1002 351
1003 309
1004 304
1005 305
1006 298
1007 323
1008 314
1009 318
1010 341
1011 342
1012 303
1013 310
1014 315
1015 299
1016 311
1017 343
1018 335
1019 319
1020 305
1021 335
1022 317
1023 325
1024 332
1025 327
1026 287
1027 313
1028 325
1029 330
1030 297
1031 333
1032 329
1033 303
1034 287
1035 305
1036 264
1037 289
1038 296
1039 264
1040 286
1041 280
1042 304
1043 271
1044 267
1045 279
1046 288
1047 273
1048 262
1049 242
1050 264
1051 263
1052 247
1053 276
1054 241
1055 232
1056 239
1057 247
1058 241
1059 277
1060 260
1061 238
1062 248
1063 248
1064 236
1065 217
1066 221
1067 228
1068 217
1069 217
1070 228
1071 210
1072 193
1073 225
1074 171
1075 194
1076 213
1077 201
1078 179
1079 178
1080 229
1081 163
1082 204
1083 179
1084 198
1085 165
1086 182
1087 183
1088 162
1089 139
1090 190
1091 154
1092 177
1093 168
1094 152
1095 172
1096 165
1097 151
1098 148
1099 142
1100 143
1101 137
1102 154
1103 118
1104 144
1105 128
1106 146
1107 118
1108 126
1109 135
1110 129
1111 127
1112 121
1113 127
1114 121
1115 111
1116 111
1117 121
1118 88
1119 106
1120 96
1121 121
1122 88
1123 101
1124 96
1125 78
1126 87
1127 81
1128 87
1129 81
1130 88
1131 88
1132 75
1133 75
1134 62
1135 82
1136 66
1137 78
1138 64
1139 79
1140 82
1141 71
1142 74
1143 73
1144 53
1145 61
1146 60
1147 59
1148 60
1149 60
1150 45
1151 64
1152 67
1153 40
1154 60
1155 61
1156 50
1157 49
1158 47
1159 49
1160 55
1161 34
1162 48
1163 42
1164 39
1165 34
1166 34
1167 51
1168 37
1169 38
1170 47
1171 31
1172 35
1173 25
1174 35
1175 39
1176 30
1177 26
1178 32
1179 28
1180 30
1181 25
1182 20
1183 20
1184 24
1185 27
1186 29
1187 20
1188 20
1189 20
1190 14
1191 20
1192 14
1193 20
1194 11
1195 23
1196 19
1197 18
1198 19
1199 11
1200 13
1201 20
1202 11
1203 21
1204 17
1205 9
1206 12
1207 13
1208 16
1209 6
1210 10
1211 14
1212 14
1213 17
1214 16
1215 10
1216 7
1217 11
1218 6
1219 12
1220 7
1221 11
1222 11
1223 9
1224 6
1225 12
1226 6
1227 5
1228 8
1229 11
1230 8
1231 11
1232 4
1233 8
1234 9
1235 6
1236 6
1237 9
1238 7
1239 10
1240 4
1241 5
1242 8
1243 3
1244 4
1245 5
1246 6
1247 5
1248 4
1249 4
1250 8
1251 2
1252 6
1253 3
1254 4
1255 2
1257 1
1258 2
1259 3
1260 5
1261 2
1262 4
1264 5
1265 2
1266 2
1268 1
1269 1
1271 2
1272 4
1273 2
1274 2
1276 1
1277 1
1278 2
1279 1
1280 3
1281 1
1282 2
1283 2
1284 1
1285 2
1286 2
1287 1
1288 3
1289 2
1290 3
1291 2
1292 1
1293 1
1294 2
1296 2
1297 1
1299 1
1302 1
1304 1
1306 2
1307 1
1310 1
1312 1
1316 2
1317 1
1320 1
1322 1
1325 3
1326 1
1327 2
1332 1
1334 2
1345 1
1351 1
1355 3
1358 1
1361 1
1362 1
1365 1
1368 1
1371 1
1376 1
1392 1
1396 1
1399 1
1400 1
1416 1
