N J h mean_R_sq err_mean_R_sq mean_R_gyr_sq err_mean_R_gyr_sq 
600 0.87 0 1182.44 4.99341 736.79 2.13399
480 1
493 1
549 1
566 1
581 1
591 1
595 1
599 2
600 1
604 2
610 2
611 1
612 1
617 1
620 1
624 1
626 1
627 1
628 1
631 1
633 1
640 2
643 1
644 3
650 1
651 1
653 1
658 1
662 1
664 3
665 2
667 1
668 2
669 1
674 1
675 1
677 1
678 1
679 1
684 2
685 1
687 2
689 1
690 1
693 2
696 3
697 1
698 1
699 2
700 2
701 2
702 2
703 2
705 2
706 1
707 4
708 1
709 1
710 3
711 2
712 2
713 2
714 2
715 2
717 2
718 3
719 2
721 1
722 1
723 2
724 1
725 3
727 1
728 2
731 4
732 3
735 7
736 2
737 2
739 1
740 3
742 1
743 1
744 1
745 4
746 3
747 1
748 1
749 4
750 3
751 3
752 3
753 1
755 1
756 1
757 1
758 1
759 1
760 2
761 2
762 4
763 3
764 2
765 1
766 4
767 3
768 3
769 1
770 5
771 4
772 1
773 2
774 4
775 4
776 2
777 5
778 4
779 5
780 3
781 3
782 6
783 3
784 5
785 7
786 4
787 2
788 3
789 4
790 2
791 3
792 1
793 1
794 5
795 4
796 3
797 5
798 5
799 5
800 6
801 5
802 2
803 4
804 3
805 5
807 2
808 7
809 4
810 4
811 2
812 2
813 2
814 3
815 1
816 7
817 6
818 5
819 4
820 3
821 4
822 7
823 4
824 3
825 5
826 3
827 7
828 2
829 6
830 4
831 2
832 2
833 3
834 4
835 3
836 7
837 7
838 5
839 5
840 8
841 7
842 6
843 2
844 7
845 9
846 5
847 4
848 9
849 7
850 12
851 13
852 4
853 6
854 10
855 10
856 5
857 5
858 6
859 1
860 5
861 5
862 3
863 8
864 8
865 4
866 5
867 7
868 11
869 7
870 7
871 6
872 5
873 4
874 11
875 8
876 7
877 6
878 8
879 6
880 6
881 6
882 7
883 5
884 12
885 4
886 8
887 8
888 13
889 7
890 10
891 7
892 6
893 8
894 9
895 6
896 10
897 7
898 14
899 8
900 9
901 16
902 4
903 3
904 7
905 7
906 7
907 6
908 8
909 10
910 10
911 13
912 11
913 8
914 12
915 14
916 7
917 13
918 8
919 10
920 8
921 8
922 11
923 13
924 8
925 15
926 12
927 19
928 10
929 7
930 15
931 10
932 10
933 8
934 11
935 12
936 11
937 12
938 12
939 9
940 9
941 14
942 14
943 13
944 12
945 15
946 14
947 12
948 16
949 16
950 17
951 14
952 10
953 18
954 20
955 17
956 10
957 17
958 18
959 16
960 17
961 17
962 13
963 14
964 8
965 7
966 16
967 16
968 16
969 9
970 10
971 24
972 10
973 17
974 22
975 14
976 12
977 15
978 13
979 17
980 17
981 15
982 9
983 15
984 16
985 17
986 11
987 10
988 22
989 21
990 23
991 16
992 17
993 17
994 13
995 15
996 22
997 15
998 20
999 21
1000 15
1001 18
1002 22
1003 26
1004 13
1005 21
1006 21
1007 20
1008 20
1009 27
1010 21
1011 16
1012 16
1013 19
1014 20
1015 26
1016 33
1017 18
1018 18
1019 15
1020 19
1021 24
1022 25
1023 24
1024 14
1025 18
1026 22
1027 30
1028 26
1029 25
1030 20
1031 22
1032 24
1033 24
1034 28
1035 26
1036 20
1037 25
1038 19
1039 20
1040 18
1041 16
1042 23
1043 33
1044 27
1045 18
1046 29
1047 20
1048 24
1049 23
1050 26
1051 24
1052 21
1053 32
1054 33
1055 35
1056 21
1057 25
1058 28
1059 38
1060 32
1061 42
1062 27
1063 34
1064 34
1065 32
1066 22
1067 32
1068 25
1069 26
1070 37
1071 31
1072 38
1073 25
1074 43
1075 33
1076 33
1077 41
1078 39
1079 35
1080 38
1081 34
1082 41
1083 37
1084 45
1085 38
1086 27
1087 36
1088 36
1089 36
1090 30
1091 43
1092 36
1093 39
1094 47
1095 36
1096 41
1097 41
1098 46
1099 38
1100 44
1101 57
1102 47
1103 38
1104 37
1105 59
1106 49
1107 51
1108 47
1109 55
1110 57
1111 68
1112 50
1113 47
1114 57
1115 46
1116 44
1117 45
1118 44
1119 51
1120 45
1121 39
1122 50
1123 51
1124 49
1125 58
1126 50
1127 65
1128 51
1129 55
1130 61
1131 50
1132 63
1133 42
1134 57
1135 63
1136 58
1137 66
1138 61
1139 67
1140 55
1141 63
1142 64
1143 63
1144 70
1145 69
1146 66
1147 61
1148 93
1149 71
1150 60
1151 69
1152 67
1153 96
1154 82
1155 84
1156 82
1157 76
1158 69
1159 76
1160 82
1161 79
1162 77
1163 85
1164 93
1165 78
1166 103
1167 87
1168 95
1169 114
1170 118
1171 120
1172 98
1173 101
1174 114
1175 106
1176 92
1177 116
1178 107
1179 109
1180 105
1181 120
1182 113
1183 110
1184 111
1185 105
1186 124
1187 126
1188 135
1189 123
1190 126
1191 137
1192 125
1193 130
1194 139
1195 136
1196 137
1197 167
1198 139
1199 133
1200 168
1201 136
1202 151
1203 134
1204 150
1205 165
1206 176
1207 157
1208 170
1209 183
1210 183
1211 175
1212 178
1213 182
1214 188
1215 198
1216 212
1217 182
1218 162
1219 211
1220 219
1221 190
1222 217
1223 220
1224 233
1225 230
1226 232
1227 235
1228 263
1229 251
1230 217
1231 244
1232 257
1233 273
1234 270
1235 286
1236 273
1237 264
1238 284
1239 283
1240 317
1241 320
1242 298
1243 310
1244 308
1245 316
1246 316
1247 308
1248 335
1249 318
1250 339
1251 304
1252 358
1253 352
1254 391
1255 378
1256 400
1257 367
1258 403
1259 404
1260 410
1261 444
1262 390
1263 427
1264 432
1265 441
1266 415
1267 459
1268 464
1269 469
1270 454
1271 510
1272 501
1273 551
1274 491
1275 483
1276 552
1277 552
1278 555
1279 553
1280 551
1281 608
1282 594
1283 613
1284 619
1285 558
1286 598
1287 597
1288 692
1289 658
1290 653
1291 629
1292 676
1293 747
1294 687
1295 692
1296 749
1297 748
1298 720
1299 714
1300 737
1301 732
1302 771
1303 778
1304 804
1305 839
1306 853
1307 896
1308 849
1309 891
1310 850
1311 900
1312 919
1313 947
1314 952
1315 968
1316 967
1317 924
1318 981
1319 1052
1320 1022
1321 976
1322 1048
1323 1064
1324 1117
1325 1069
1326 1024
1327 1091
1328 1211
1329 1096
1330 1232
1331 1183
1332 1171
1333 1114
1334 1268
1335 1183
1336 1206
1337 1236
1338 1201
1339 1223
1340 1211
1341 1285
1342 1270
1343 1235
1344 1274
1345 1278
1346 1265
1347 1271
1348 1312
1349 1323
1350 1357
1351 1379
1352 1358
1353 1389
1354 1390
1355 1406
1356 1399
1357 1392
1358 1350
1359 1369
1360 1453
1361 1430
1362 1456
1363 1423
1364 1427
1365 1363
1366 1431
1367 1380
1368 1476
1369 1419
1370 1437
1371 1501
1372 1431
1373 1410
1374 1503
1375 1381
1376 1438
1377 1479
1378 1448
1379 1389
1380 1369
1381 1391
1382 1384
1383 1349
1384 1315
1385 1441
1386 1372
1387 1395
1388 1369
1389 1452
1390 1348
1391 1369
1392 1313
1393 1319
1394 1320
1395 1392
1396 1295
1397 1339
1398 1335
1399 1260
1400 1234
1401 1295
1402 1238
1403 1286
1404 1200
1405 1197
1406 1191
1407 1169
1408 1139
1409 1147
1410 1096
1411 1101
1412 1085
1413 1087
1414 1125
1415 1062
1416 1071
1417 1029
1418 954
1419 1050
1420 993
1421 1005
1422 907
1423 1000
1424 898
1425 919
1426 865
1427 908
1428 854
1429 857
1430 794
1431 768
1432 795
1433 759
1434 740
1435 759
1436 663
1437 634
1438 640
1439 722
1440 650
1441 585
1442 602
1443 563
1444 534
1445 573
1446 530
1447 538
1448 531
1449 495
1450 514
1451 463
1452 441
1453 429
1454 412
1455 421
1456 392
1457 381
1458 389
1459 381
1460 341
1461 314
1462 326
1463 313
1464 295
1465 298
1466 281
1467 266
1468 261
1469 250
1470 216
1471 230
1472 193
1473 217
1474 202
1475 212
1476 157
1477 179
1478 155
1479 169
1480 145
1481 139
1482 137
1483 107
1484 125
1485 100
1486 112
1487 105
1488 92
1489 105
1490 97
1491 96
1492 105
1493 80
1494 72
1495 72
1496 73
1497 66
1498 62
1499 53
1500 66
1501 57
1502 45
1503 41
1504 45
1505 47
1506 35
1507 34
1508 33
1509 34
1510 37
1511 31
1512 29
1513 20
1514 14
1515 18
1516 28
1517 23
1518 20
1519 20
1520 19
1521 23
1522 13
1523 8
1524 18
1525 13
1526 10
1527 11
1528 15
1529 9
1530 9
1531 7
1532 6
1533 4
1534 3
1535 3
1536 3
1537 3
1538 3
1539 5
1540 5
1541 2
1542 3
1543 3
1544 3
1545 3
1546 3
1547 2
1549 2
1550 3
1551 3
1552 1
1554 2
1555 2
1556 2
1558 1
1559 4
1560 2
1565 1
1567 1
1591 1
1598 1
