N J h mean_R_sq err_mean_R_sq mean_R_gyr_sq err_mean_R_gyr_sq 
500 0.871 0 983.315 4.60352 448.108 1.64368
342 1
357 1
392 1
397 1
411 1
416 1
425 1
432 1
434 1
435 1
436 1
443 2
446 1
448 1
449 1
451 2
456 1
457 3
467 1
468 1
469 1
470 2
472 1
474 2
476 1
477 2
482 1
484 1
485 1
486 4
487 1
491 1
492 2
494 1
496 2
501 1
502 1
503 2
504 3
505 4
506 2
507 2
508 2
509 2
510 2
511 1
513 3
514 2
515 1
516 1
517 4
518 1
519 3
520 2
521 3
522 1
523 2
526 1
527 2
528 3
529 2
530 2
531 1
532 1
535 3
536 2
537 5
538 1
539 2
540 4
541 4
542 1
543 2
545 2
546 1
547 2
548 4
549 2
550 1
551 3
552 3
553 4
554 1
555 2
556 3
557 4
558 4
559 6
560 2
561 7
562 5
563 1
564 5
565 1
566 3
567 2
568 7
569 2
570 2
571 6
572 5
573 5
574 4
575 1
576 1
577 1
578 4
579 1
580 3
581 5
582 5
583 4
584 6
585 8
586 5
587 6
588 6
589 3
590 4
591 3
592 3
593 4
594 5
595 2
596 3
597 3
598 6
599 7
600 6
601 6
602 6
603 1
604 10
605 8
606 10
607 4
608 10
609 5
610 10
611 7
612 8
613 7
614 6
615 7
616 5
617 11
618 7
619 10
620 9
621 14
622 5
623 7
624 10
625 7
626 12
627 3
628 10
629 7
630 18
631 5
632 12
633 15
634 9
635 10
636 11
637 3
638 15
639 13
640 11
641 10
642 10
643 19
644 10
645 12
646 13
647 14
648 14
649 10
650 11
651 14
652 14
653 9
654 19
655 18
656 19
657 13
658 19
659 15
660 14
661 21
662 16
663 12
664 14
665 11
666 15
667 15
668 10
669 17
670 16
671 18
672 19
673 19
674 14
675 17
676 26
677 25
678 21
679 25
680 27
681 18
682 25
683 21
684 22
685 24
686 31
687 28
688 22
689 26
690 31
691 19
692 33
693 26
694 22
695 34
696 28
697 25
698 34
699 31
700 30
701 26
702 42
703 23
704 41
705 32
706 44
707 35
708 37
709 43
710 40
711 24
712 40
713 46
714 40
715 41
716 53
717 46
718 53
719 39
720 47
721 45
722 46
723 50
724 37
725 47
726 57
727 69
728 42
729 51
730 64
731 54
732 71
733 59
734 45
735 57
736 58
737 65
738 58
739 65
740 70
741 66
742 71
743 63
744 61
745 79
746 87
747 86
748 88
749 73
750 76
751 67
752 80
753 96
754 84
755 99
756 98
757 93
758 115
759 97
760 104
761 121
762 105
763 91
764 99
765 111
766 120
767 139
768 138
769 124
770 110
771 149
772 122
773 137
774 137
775 145
776 154
777 150
778 164
779 167
780 178
781 168
782 163
783 214
784 164
785 173
786 205
787 205
788 225
789 190
790 218
791 248
792 238
793 248
794 226
795 250
796 254
797 257
798 229
799 287
800 271
801 279
802 301
803 303
804 299
805 305
806 303
807 280
808 350
809 314
810 343
811 353
812 363
813 358
814 360
815 382
816 416
817 405
818 386
819 431
820 426
821 478
822 437
823 463
824 450
825 449
826 466
827 515
828 483
829 499
830 513
831 530
832 569
833 577
834 593
835 593
836 577
837 659
838 637
839 666
840 654
841 635
842 680
843 711
844 772
845 715
846 779
847 800
848 767
849 810
850 799
851 799
852 798
853 820
854 888
855 898
856 920
857 968
858 864
859 952
860 1001
861 1024
862 1028
863 1027
864 1028
865 1106
866 1108
867 1127
868 1203
869 1111
870 1192
871 1208
872 1296
873 1250
874 1237
875 1314
876 1320
877 1360
878 1340
879 1411
880 1428
881 1435
882 1453
883 1494
884 1607
885 1508
886 1462
887 1529
888 1629
889 1634
890 1647
891 1631
892 1682
893 1723
894 1715
895 1830
896 1756
897 1842
898 1878
899 1861
900 1943
901 1996
902 1913
903 2047
904 2113
905 2100
906 2040
907 2148
908 2133
909 2177
910 2206
911 2239
912 2235
913 2316
914 2245
915 2287
916 2412
917 2456
918 2444
919 2518
920 2463
921 2661
922 2584
923 2572
924 2691
925 2714
926 2669
927 2649
928 2831
929 2803
930 2830
931 2783
932 2854
933 2868
934 2998
935 2977
936 2997
937 2965
938 3018
939 3075
940 3046
941 3109
942 3195
943 3134
944 3167
945 3096
946 3268
947 3254
948 3203
949 3371
950 3312
951 3412
952 3379
953 3388
954 3431
955 3476
956 3458
957 3484
958 3559
959 3400
960 3630
961 3551
962 3626
963 3654
964 3668
965 3609
966 3764
967 3754
968 3843
969 3768
970 3802
971 3885
972 3783
973 3771
974 3738
975 3824
976 3828
977 3845
978 3926
979 3798
980 4044
981 4037
982 3966
983 3937
984 3918
985 3940
986 4042
987 4083
988 3902
989 4005
990 3952
991 4022
992 3966
993 3947
994 4098
995 4069
996 3860
997 4056
998 4047
999 3998
1000 4071
1001 3969
1002 4020
1003 3975
1004 4020
1005 4127
1006 3919
1007 4028
1008 3988
1009 4042
1010 3886
1011 3998
1012 4012
1013 4021
1014 4076
1015 3884
1016 3896
1017 4008
1018 3817
1019 3813
1020 3917
1021 3951
1022 3889
1023 3936
1024 3869
1025 3843
1026 3725
1027 3793
1028 3732
1029 3704
1030 3766
1031 3744
1032 3805
1033 3704
1034 3650
1035 3702
1036 3645
1037 3620
1038 3503
1039 3571
1040 3635
1041 3456
1042 3518
1043 3415
1044 3475
1045 3427
1046 3444
1047 3391
1048 3341
1049 3326
1050 3251
1051 3299
1052 3305
1053 3156
1054 3197
1055 3245
1056 3123
1057 3149
1058 3099
1059 3010
1060 3052
1061 3076
1062 3018
1063 2972
1064 2948
1065 2986
1066 2928
1067 2898
1068 2759
1069 2867
1070 2765
1071 2684
1072 2777
1073 2614
1074 2591
1075 2559
1076 2544
1077 2484
1078 2507
1079 2477
1080 2449
1081 2392
1082 2396
1083 2380
1084 2433
1085 2364
1086 2339
1087 2277
1088 2183
1089 2269
1090 2113
1091 2267
1092 2146
1093 2126
1094 1982
1095 2101
1096 1916
1097 2009
1098 1957
1099 1923
1100 1886
1101 1891
1102 1784
1103 1780
1104 1731
1105 1654
1106 1740
1107 1709
1108 1662
1109 1642
1110 1675
1111 1593
1112 1590
1113 1535
1114 1449
1115 1459
1116 1439
1117 1474
1118 1407
1119 1442
1120 1352
1121 1419
1122 1264
1123 1337
1124 1301
1125 1295
1126 1254
1127 1235
1128 1227
1129 1138
1130 1144
1131 1049
1132 1073
1133 1064
1134 1134
1135 1051
1136 1001
1137 1054
1138 1046
1139 938
1140 968
1141 935
1142 885
1143 925
1144 917
1145 894
1146 819
1147 834
1148 884
1149 790
1150 833
1151 785
1152 771
1153 772
1154 715
1155 739
1156 682
1157 693
1158 662
1159 668
1160 649
1161 628
1162 606
1163 601
1164 601
1165 587
1166 547
1167 520
1168 522
1169 531
1170 516
1171 564
1172 496
1173 489
1174 468
1175 451
1176 478
1177 446
1178 425
1179 395
1180 402
1181 413
1182 405
1183 373
1184 389
1185 360
1186 384
1187 341
1188 354
1189 345
1190 358
1191 310
1192 295
1193 308
1194 311
1195 278
1196 325
1197 270
1198 261
1199 272
1200 272
1201 271
1202 237
1203 233
1204 208
1205 222
1206 221
1207 223
1208 223
1209 217
1210 206
1211 193
1212 196
1213 194
1214 194
1215 170
1216 166
1217 186
1218 197
1219 163
1220 170
1221 193
1222 131
1223 143
1224 142
1225 145
1226 150
1227 146
1228 144
1229 155
1230 127
1231 127
1232 131
1233 126
1234 116
1235 132
1236 118
1237 107
1238 113
1239 132
1240 108
1241 107
1242 95
1243 91
1244 84
1245 97
1246 97
1247 96
1248 95
1249 98
1250 80
1251 83
1252 70
1253 67
1254 72
1255 76
1256 74
1257 73
1258 54
1259 68
1260 73
1261 50
1262 66
1263 58
1264 65
1265 55
1266 74
1267 50
1268 69
1269 61
1270 45
1271 55
1272 60
1273 65
1274 46
1275 61
1276 50
1277 52
1278 48
1279 54
1280 47
1281 40
1282 50
1283 47
1284 45
1285 37
1286 45
1287 36
1288 42
1289 30
1290 25
1291 37
1292 42
1293 32
1294 30
1295 30
1296 38
1297 34
1298 27
1299 37
1300 25
1301 35
1302 28
1303 35
1304 24
1305 37
1306 23
1307 20
1308 15
1309 30
1310 19
1311 28
1312 25
1313 35
1314 20
1315 27
1316 27
1317 29
1318 17
1319 23
1320 22
1321 24
1322 16
1323 15
1324 22
1325 20
1326 18
1327 28
1328 16
1329 16
1330 17
1331 22
1332 15
1333 16
1334 17
1335 22
1336 13
1337 16
1338 10
1339 15
1340 21
1341 14
1342 10
1343 12
1344 17
1345 13
1346 20
1347 12
1348 12
1349 8
1350 8
1351 18
1352 11
1353 12
1354 10
1355 21
1356 11
1357 13
1358 11
1359 14
1360 16
1361 7
1362 11
1363 14
1364 8
1365 6
1366 14
1367 14
1368 11
1369 4
1370 9
1371 10
1372 9
1373 7
1374 9
1375 9
1376 8
1377 6
1378 15
1379 7
1380 10
1381 9
1382 9
1383 7
1384 9
1385 9
1386 5
1387 8
1388 5
1389 5
1390 11
1391 6
1392 13
1393 6
1394 5
1395 1
1396 3
1397 5
1398 5
1399 6
1400 7
1401 7
1402 4
1403 6
1404 3
1405 6
1406 7
1407 2
1408 7
1409 9
1410 4
1411 6
1412 5
1413 2
1414 8
1415 8
1416 2
1417 2
1418 2
1419 5
1420 3
1421 6
1422 3
1423 3
1424 2
1425 2
1426 6
1427 5
1428 8
1429 3
1430 4
1431 1
1432 2
1433 5
1434 3
1435 4
1436 1
1437 1
1438 2
1439 6
1440 1
1441 5
1442 2
1443 2
1444 2
1445 2
1446 1
1447 1
1448 2
1449 2
1450 2
1451 2
1452 1
1453 3
1455 2
1456 2
1457 2
1458 3
1459 5
1460 2
1461 1
1462 4
1463 4
1464 1
1465 1
1466 4
1467 1
1468 1
1469 1
1470 2
1471 3
1473 1
1474 3
1475 2
1476 3
1478 3
1479 3
1480 3
1481 1
1482 2
1483 2
1484 3
1485 2
1486 2
1487 2
1488 1
1489 2
1490 1
1491 2
1492 3
1493 1
1494 2
1496 1
1500 1
1501 2
1503 1
1504 1
1506 1
1507 1
1510 2
1511 2
1515 2
1517 2
1522 1
1523 2
1528 1
1529 1
1531 1
1534 1
1539 2
1540 2
1541 1
1542 1
1543 1
1551 1
1552 1
1553 1
1555 1
1556 1
1557 1
1558 1
1576 1
1588 1
1589 4
1613 1
1615 1
1635 1
1660 1
