N J h mean_R_sq err_mean_R_sq mean_R_gyr_sq err_mean_R_gyr_sq 
400 0.9 0 588.883 2.47297 426.905 1.37009
259 1
293 1
308 1
330 2
332 1
333 2
336 1
338 1
339 1
342 1
345 1
347 1
349 2
352 2
353 1
359 1
360 1
362 1
363 1
364 2
365 2
366 1
367 1
368 1
370 1
371 1
372 2
374 1
375 1
377 1
378 2
379 3
380 6
381 1
382 1
383 3
384 1
385 3
386 2
387 2
388 1
389 2
390 2
391 1
393 2
394 1
395 1
397 2
398 1
399 3
400 1
401 2
402 2
404 2
405 5
406 3
407 3
408 2
409 1
410 7
411 3
412 2
413 3
414 3
415 3
416 3
417 4
418 2
419 4
420 5
421 3
422 2
423 3
424 2
425 5
426 4
427 3
428 2
429 9
430 4
431 3
432 4
433 3
434 3
435 5
436 2
437 1
438 2
439 4
440 7
441 4
442 4
443 2
444 3
445 6
446 3
447 11
448 5
449 7
450 7
451 4
452 7
453 5
454 4
455 5
456 9
457 4
458 4
459 6
460 5
461 8
462 8
463 3
464 4
465 4
466 4
467 2
468 5
469 9
470 1
471 6
472 13
473 6
474 9
475 4
476 3
477 8
478 6
479 8
480 11
481 9
482 6
483 6
484 8
485 10
486 10
487 7
488 12
489 8
490 15
491 9
492 7
493 11
494 5
495 13
496 6
497 9
498 12
499 9
500 10
501 10
502 12
503 7
504 8
505 6
506 14
507 13
508 14
509 11
510 6
511 10
512 9
513 9
514 20
515 13
516 6
517 17
518 15
519 14
520 16
521 16
522 17
523 17
524 8
525 9
526 18
527 10
528 16
529 8
530 15
531 11
532 13
533 7
534 8
535 9
536 9
537 12
538 14
539 12
540 5
541 15
542 9
543 12
544 11
545 19
546 18
547 17
548 16
549 11
550 17
551 12
552 16
553 15
554 15
555 18
556 15
557 15
558 25
559 20
560 17
561 19
562 15
563 26
564 17
565 13
566 13
567 19
568 20
569 19
570 17
571 24
572 16
573 11
574 14
575 22
576 18
577 22
578 15
579 22
580 18
581 21
582 14
583 14
584 10
585 17
586 21
587 24
588 24
589 16
590 20
591 20
592 26
593 19
594 16
595 22
596 19
597 24
598 25
599 29
600 23
601 33
602 29
603 18
604 13
605 25
606 22
607 25
608 25
609 18
610 20
611 25
612 34
613 25
614 24
615 17
616 22
617 25
618 33
619 24
620 28
621 31
622 31
623 20
624 46
625 28
626 24
627 27
628 23
629 20
630 37
631 33
632 23
633 23
634 28
635 31
636 30
637 30
638 25
639 33
640 31
641 31
642 32
643 35
644 31
645 32
646 30
647 33
648 39
649 38
650 31
651 34
652 27
653 41
654 44
655 32
656 33
657 33
658 35
659 40
660 34
661 34
662 34
663 36
664 36
665 40
666 34
667 36
668 42
669 32
670 41
671 51
672 42
673 29
674 36
675 48
676 37
677 39
678 41
679 39
680 37
681 40
682 49
683 45
684 28
685 44
686 44
687 48
688 40
689 42
690 47
691 45
692 52
693 45
694 39
695 63
696 49
697 47
698 45
699 53
700 43
701 49
702 50
703 47
704 38
705 43
706 54
707 44
708 48
709 54
710 46
711 53
712 64
713 62
714 56
715 35
716 57
717 68
718 59
719 63
720 50
721 57
722 56
723 70
724 73
725 64
726 61
727 61
728 56
729 65
730 53
731 72
732 77
733 67
734 70
735 60
736 59
737 71
738 73
739 77
740 77
741 66
742 76
743 76
744 79
745 74
746 52
747 76
748 68
749 69
750 66
751 77
752 67
753 78
754 75
755 77
756 85
757 85
758 96
759 89
760 79
761 83
762 93
763 85
764 103
765 92
766 90
767 91
768 92
769 97
770 81
771 81
772 99
773 91
774 85
775 114
776 105
777 104
778 92
779 105
780 82
781 121
782 95
783 110
784 97
785 114
786 92
787 103
788 102
789 123
790 112
791 125
792 122
793 131
794 126
795 113
796 123
797 157
798 117
799 136
800 163
801 137
802 150
803 141
804 133
805 132
806 136
807 149
808 169
809 135
810 154
811 133
812 118
813 147
814 177
815 145
816 138
817 142
818 171
819 165
820 154
821 176
822 178
823 187
824 177
825 157
826 176
827 168
828 179
829 168
830 204
831 175
832 192
833 184
834 170
835 186
836 203
837 181
838 184
839 229
840 208
841 177
842 200
843 202
844 214
845 211
846 193
847 254
848 233
849 209
850 244
851 216
852 226
853 245
854 227
855 259
856 241
857 265
858 247
859 236
860 259
861 260
862 261
863 285
864 282
865 264
866 265
867 254
868 281
869 260
870 284
871 252
872 297
873 319
874 296
875 295
876 289
877 292
878 309
879 270
880 326
881 307
882 309
883 310
884 304
885 310
886 289
887 326
888 326
889 322
890 318
891 368
892 354
893 355
894 347
895 357
896 378
897 378
898 330
899 345
900 351
901 371
902 373
903 354
904 347
905 383
906 340
907 396
908 396
909 370
910 375
911 373
912 369
913 381
914 376
915 444
916 424
917 425
918 420
919 367
920 392
921 456
922 423
923 419
924 429
925 402
926 440
927 435
928 408
929 480
930 432
931 443
932 483
933 502
934 448
935 468
936 456
937 485
938 436
939 456
940 496
941 453
942 503
943 492
944 435
945 498
946 480
947 471
948 487
949 465
950 485
951 470
952 526
953 482
954 478
955 460
956 511
957 508
958 493
959 519
960 567
961 545
962 520
963 543
964 513
965 524
966 510
967 574
968 518
969 521
970 527
971 492
972 556
973 515
974 535
975 538
976 500
977 536
978 536
979 555
980 550
981 530
982 514
983 552
984 562
985 537
986 534
987 534
988 537
989 567
990 539
991 586
992 532
993 518
994 528
995 561
996 536
997 498
998 555
999 528
1000 540
1001 549
1002 584
1003 529
1004 525
1005 539
1006 556
1007 539
1008 551
1009 576
1010 556
1011 539
1012 560
1013 509
1014 589
1015 571
1016 571
1017 564
1018 554
1019 467
1020 500
1021 531
1022 576
1023 548
1024 508
1025 529
1026 524
1027 498
1028 516
1029 548
1030 511
1031 530
1032 549
1033 487
1034 557
1035 561
1036 527
1037 543
1038 506
1039 513
1040 498
1041 484
1042 531
1043 513
1044 477
1045 507
1046 478
1047 501
1048 464
1049 464
1050 494
1051 499
1052 516
1053 497
1054 453
1055 503
1056 462
1057 474
1058 501
1059 473
1060 480
1061 460
1062 475
1063 470
1064 457
1065 464
1066 437
1067 462
1068 424
1069 459
1070 447
1071 451
1072 408
1073 438
1074 427
1075 425
1076 417
1077 403
1078 381
1079 374
1080 425
1081 419
1082 375
1083 425
1084 390
1085 470
1086 418
1087 379
1088 358
1089 386
1090 413
1091 409
1092 383
1093 373
1094 386
1095 404
1096 403
1097 357
1098 368
1099 344
1100 363
1101 345
1102 379
1103 372
1104 335
1105 323
1106 346
1107 333
1108 330
1109 352
1110 315
1111 332
1112 347
1113 311
1114 313
1115 327
1116 333
1117 315
1118 284
1119 306
1120 294
1121 309
1122 302
1123 291
1124 312
1125 296
1126 260
1127 294
1128 260
1129 265
1130 269
1131 269
1132 266
1133 288
1134 253
1135 253
1136 269
1137 260
1138 260
1139 258
1140 223
1141 245
1142 246
1143 234
1144 238
1145 234
1146 241
1147 237
1148 230
1149 247
1150 244
1151 227
1152 220
1153 196
1154 207
1155 220
1156 201
1157 212
1158 209
1159 184
1160 195
1161 194
1162 179
1163 193
1164 174
1165 198
1166 211
1167 187
1168 197
1169 193
1170 180
1171 167
1172 179
1173 176
1174 164
1175 198
1176 172
1177 167
1178 161
1179 146
1180 159
1181 185
1182 144
1183 142
1184 180
1185 149
1186 169
1187 135
1188 166
1189 154
1190 125
1191 137
1192 139
1193 154
1194 114
1195 149
1196 133
1197 142
1198 149
1199 132
1200 128
1201 124
1202 128
1203 139
1204 136
1205 110
1206 142
1207 118
1208 112
1209 102
1210 111
1211 100
1212 113
1213 116
1214 110
1215 95
1216 113
1217 101
1218 126
1219 110
1220 93
1221 114
1222 106
1223 113
1224 101
1225 101
1226 92
1227 80
1228 92
1229 110
1230 88
1231 84
1232 89
1233 89
1234 112
1235 90
1236 86
1237 102
1238 85
1239 82
1240 81
1241 83
1242 67
1243 74
1244 83
1245 78
1246 84
1247 83
1248 73
1249 61
1250 72
1251 89
1252 83
1253 73
1254 67
1255 64
1256 66
1257 63
1258 79
1259 72
1260 74
1261 76
1262 82
1263 61
1264 75
1265 59
1266 70
1267 67
1268 68
1269 66
1270 70
1271 69
1272 67
1273 65
1274 66
1275 54
1276 62
1277 65
1278 55
1279 61
1280 44
1281 52
1282 48
1283 59
1284 59
1285 55
1286 43
1287 53
1288 41
1289 55
1290 49
1291 51
1292 42
1293 48
1294 57
1295 48
1296 49
1297 57
1298 59
1299 49
1300 53
1301 49
1302 50
1303 48
1304 40
1305 29
1306 32
1307 32
1308 52
1309 44
1310 48
1311 40
1312 43
1313 32
1314 55
1315 44
1316 43
1317 43
1318 29
1319 50
1320 37
1321 41
1322 48
1323 44
1324 33
1325 45
1326 30
1327 41
1328 41
1329 34
1330 38
1331 28
1332 38
1333 34
1334 37
1335 34
1336 34
1337 41
1338 29
1339 37
1340 44
1341 54
1342 42
1343 35
1344 54
1345 31
1346 44
1347 29
1348 35
1349 31
1350 33
1351 31
1352 39
1353 33
1354 22
1355 42
1356 39
1357 27
1358 27
1359 28
1360 23
1361 24
1362 33
1363 29
1364 36
1365 22
1366 31
1367 35
1368 28
1369 28
1370 19
1371 26
1372 25
1373 30
1374 21
1375 34
1376 28
1377 19
1378 24
1379 24
1380 18
1381 36
1382 24
1383 28
1384 25
1385 25
1386 28
1387 29
1388 30
1389 30
1390 15
1391 32
1392 23
1393 24
1394 33
1395 22
1396 25
1397 25
1398 21
1399 24
1400 24
1401 29
1402 31
1403 20
1404 27
1405 25
1406 18
1407 20
1408 26
1409 14
1410 23
1411 18
1412 21
1413 19
1414 19
1415 25
1416 16
1417 27
1418 26
1419 18
1420 12
1421 24
1422 15
1423 18
1424 22
1425 20
1426 14
1427 22
1428 24
1429 22
1430 7
1431 15
1432 22
1433 23
1434 17
1435 27
1436 17
1437 19
1438 12
1439 24
1440 13
1441 21
1442 17
1443 16
1444 14
1445 8
1446 15
1447 22
1448 19
1449 16
1450 11
1451 10
1452 16
1453 18
1454 11
1455 14
1456 15
1457 3
1458 12
1459 13
1460 14
1461 9
1462 14
1463 9
1464 11
1465 7
1466 13
1467 14
1468 11
1469 9
1470 13
1471 11
1472 14
1473 10
1474 8
1475 11
1476 17
1477 12
1478 12
1479 10
1480 14
1481 11
1482 9
1483 16
1484 10
1485 4
1486 12
1487 13
1488 10
1489 12
1490 10
1491 9
1492 13
1493 10
1494 5
1495 12
1496 13
1497 10
1498 14
1499 18
1500 6
1501 11
1502 9
1503 6
1504 9
1505 10
1506 6
1507 12
1508 13
1509 16
1510 5
1511 11
1512 4
1513 11
1514 9
1515 13
1516 7
1517 13
1518 7
1519 7
1520 7
1521 7
1522 7
1523 10
1524 3
1525 8
1526 9
1527 11
1528 4
1529 7
1530 5
1531 7
1532 11
1533 9
1534 5
1535 4
1536 3
1537 10
1538 5
1539 6
1540 6
1541 11
1542 4
1543 4
1544 8
1545 3
1546 2
1547 4
1548 6
1549 6
1550 4
1551 9
1552 6
1553 3
1554 4
1555 6
1556 6
1557 3
1558 1
1559 9
1560 7
1561 1
1562 4
1563 3
1564 5
1565 3
1566 6
1567 2
1568 5
1570 3
1571 8
1572 2
1573 3
1574 6
1575 4
1576 3
1577 1
1578 2
1579 5
1580 2
1581 2
1582 1
1583 4
1584 2
1585 3
1586 3
1587 7
1588 1
1589 2
1591 1
1592 2
1593 3
1594 1
1595 2
1596 3
1597 1
1598 5
1599 4
1600 1
1601 3
1602 2
1604 3
1605 2
1606 3
1607 1
1608 1
1609 3
1610 3
1611 1
1612 1
1613 1
1614 4
1615 1
1616 1
1618 2
1619 4
1621 1
1623 1
1624 1
1626 2
1627 1
1628 1
1629 1
1630 1
1631 4
1632 4
1634 1
1637 1
1640 2
1641 1
1642 1
1643 2
1644 2
1645 3
1649 1
1650 2
1651 3
1652 2
1653 2
1654 1
1656 3
1658 3
1661 3
1666 1
1669 1
1672 1
1677 1
1678 1
1690 1
1701 1
1703 1
1730 1
1742 1
