N J h mean_R_sq err_mean_R_sq mean_R_gyr_sq err_mean_R_gyr_sq 
600 0.81 0 1505.59 6.87924 566.565 1.94781
1000 31619
1001 27677
1002 24599
1003 21157
1004 18792
1005 16498
1006 14271
1007 12653
1008 11165
1009 9745
1010 8487
1011 7468
1012 6561
1013 5668
1014 4976
1015 4330
1016 3822
1017 3336
1018 2967
1019 2630
1020 2370
1021 2016
1022 1782
1023 1532
1024 1351
1025 1198
1026 1083
1027 901
1028 825
1029 681
1030 596
1031 562
1032 513
1033 423
1034 373
1035 330
1036 272
1037 228
1038 228
1039 215
1040 180
1041 177
1042 127
1043 130
1044 88
1045 88
1046 88
1047 83
1048 76
1049 51
1050 40
1051 45
1052 38
1053 38
1054 25
1055 18
1056 29
1057 15
1058 19
1059 14
1060 14
1061 11
1062 12
1063 14
1064 10
1065 6
1066 9
1067 10
1068 5
1069 4
1070 4
1071 6
1072 2
1073 1
1074 3
1075 2
1078 2
1082 2
1083 1
1084 1
1086 1
1087 1
1089 2
1090 1
1091 1
1092 1
1093 1
1095 1
1099 1
1118 1
