N J h mean_R_sq err_mean_R_sq mean_R_gyr_sq err_mean_R_gyr_sq 
400 0.886 0 706.96 3.86146 358.385 1.31366
465 1
475 1
496 1
497 1
498 1
507 1
508 1
514 1
520 1
528 1
529 1
531 1
533 1
534 2
538 1
539 1
543 1
547 1
550 2
552 1
553 1
556 1
557 1
558 1
559 1
561 1
562 1
568 3
570 1
573 1
574 1
576 1
577 1
579 1
580 2
581 2
582 2
583 2
586 1
587 2
589 2
590 1
592 1
593 2
594 2
595 2
597 2
598 1
599 1
600 3
601 2
602 4
603 2
604 2
606 2
607 2
608 1
610 4
611 2
612 1
613 3
614 4
615 4
616 2
617 1
618 2
619 4
620 2
621 3
622 1
624 5
625 1
626 3
627 1
628 5
629 3
630 3
631 2
632 4
633 2
634 6
635 1
636 4
637 4
638 2
639 2
641 3
642 4
643 2
644 3
645 4
646 3
647 2
649 3
650 3
651 6
652 2
653 7
654 6
655 2
656 3
657 5
658 4
659 2
661 8
662 4
663 2
664 5
665 2
666 3
667 5
668 4
669 5
670 1
671 6
673 4
674 4
675 4
676 6
677 6
678 3
679 1
680 4
681 2
682 4
683 6
684 3
685 4
686 5
687 4
688 6
689 4
690 5
691 9
692 5
693 4
694 5
695 4
697 6
698 6
699 7
700 4
701 6
702 10
703 3
704 4
705 6
706 8
707 8
708 3
709 8
710 6
711 8
712 8
713 3
714 5
715 7
716 10
717 4
718 12
719 4
720 10
721 9
722 16
723 11
724 8
725 8
726 9
727 9
728 7
729 11
730 8
731 10
732 6
733 7
734 10
735 8
736 10
737 9
738 6
739 12
740 10
741 11
742 8
743 7
744 9
745 8
746 8
747 4
748 12
749 7
750 11
751 7
752 6
753 9
754 9
755 6
756 4
757 10
758 13
759 9
760 10
761 9
762 19
763 16
764 3
765 9
766 8
767 16
768 16
769 17
770 8
771 12
772 10
773 21
774 17
775 13
776 11
777 8
778 16
779 9
780 9
781 14
782 14
783 9
784 15
785 9
786 12
787 12
788 16
789 11
790 13
791 12
792 20
793 17
794 8
795 17
796 13
797 11
798 16
799 19
800 17
801 14
802 10
803 11
804 24
805 12
806 17
807 22
808 28
809 18
810 18
811 17
812 23
813 26
814 20
815 22
816 15
817 28
818 18
819 19
820 16
821 17
822 19
823 23
824 19
825 26
826 22
827 24
828 25
829 23
830 34
831 22
832 30
833 18
834 17
835 27
836 16
837 20
838 30
839 30
840 23
841 22
842 22
843 16
844 33
845 29
846 22
847 22
848 25
849 22
850 19
851 28
852 28
853 26
854 28
855 34
856 38
857 27
858 33
859 24
860 30
861 22
862 26
863 25
864 25
865 29
866 25
867 31
868 31
869 24
870 37
871 38
872 31
873 18
874 29
875 36
876 30
877 25
878 34
879 32
880 38
881 26
882 39
883 34
884 27
885 28
886 32
887 34
888 36
889 32
890 30
891 47
892 39
893 36
894 38
895 41
896 36
897 28
898 40
899 38
900 38
901 35
902 39
903 37
904 53
905 32
906 38
907 39
908 59
909 37
910 41
911 52
912 45
913 29
914 41
915 38
916 56
917 33
918 66
919 56
920 53
921 48
922 57
923 48
924 41
925 49
926 47
927 55
928 50
929 46
930 47
931 63
932 55
933 48
934 54
935 52
936 55
937 48
938 64
939 52
940 48
941 52
942 55
943 62
944 53
945 68
946 54
947 66
948 54
949 63
950 50
951 73
952 72
953 66
954 58
955 53
956 57
957 64
958 69
959 63
960 65
961 67
962 57
963 74
964 69
965 66
966 54
967 72
968 75
969 50
970 61
971 65
972 72
973 65
974 91
975 59
976 76
977 63
978 88
979 84
980 74
981 81
982 82
983 70
984 79
985 78
986 85
987 86
988 70
989 87
990 74
991 90
992 53
993 61
994 75
995 89
996 92
997 88
998 80
999 84
1000 79
1001 88
1002 84
1003 88
1004 92
1005 98
1006 85
1007 84
1008 107
1009 81
1010 92
1011 113
1012 103
1013 109
1014 92
1015 106
1016 90
1017 114
1018 87
1019 111
1020 94
1021 96
1022 98
1023 107
1024 88
1025 109
1026 109
1027 97
1028 99
1029 140
1030 117
1031 131
1032 122
1033 116
1034 110
1035 107
1036 119
1037 133
1038 114
1039 123
1040 133
1041 104
1042 120
1043 136
1044 125
1045 134
1046 117
1047 155
1048 110
1049 132
1050 137
1051 121
1052 148
1053 140
1054 133
1055 164
1056 164
1057 147
1058 140
1059 153
1060 135
1061 132
1062 151
1063 137
1064 137
1065 137
1066 154
1067 150
1068 159
1069 166
1070 156
1071 158
1072 184
1073 163
1074 177
1075 162
1076 181
1077 150
1078 178
1079 183
1080 167
1081 151
1082 171
1083 166
1084 163
1085 171
1086 180
1087 177
1088 205
1089 199
1090 172
1091 186
1092 196
1093 188
1094 193
1095 224
1096 217
1097 206
1098 217
1099 206
1100 187
1101 226
1102 192
1103 192
1104 225
1105 218
1106 212
1107 227
1108 250
1109 230
1110 218
1111 224
1112 262
1113 247
1114 244
1115 244
1116 242
1117 223
1118 220
1119 249
1120 260
1121 264
1122 270
1123 264
1124 254
1125 244
1126 268
1127 254
1128 280
1129 284
1130 284
1131 270
1132 298
1133 297
1134 307
1135 360
1136 307
1137 317
1138 355
1139 325
1140 334
1141 312
1142 317
1143 299
1144 331
1145 317
1146 317
1147 313
1148 345
1149 338
1150 339
1151 363
1152 339
1153 368
1154 347
1155 381
1156 360
1157 397
1158 373
1159 398
1160 385
1161 374
1162 397
1163 390
1164 446
1165 434
1166 450
1167 424
1168 435
1169 422
1170 430
1171 450
1172 477
1173 443
1174 423
1175 485
1176 529
1177 507
1178 517
1179 489
1180 474
1181 500
1182 527
1183 517
1184 527
1185 497
1186 531
1187 516
1188 552
1189 569
1190 580
1191 570
1192 580
1193 581
1194 614
1195 614
1196 634
1197 599
1198 582
1199 639
1200 613
1201 636
1202 681
1203 651
1204 642
1205 677
1206 673
1207 734
1208 713
1209 740
1210 677
1211 717
1212 772
1213 730
1214 736
1215 755
1216 790
1217 814
1218 834
1219 801
1220 818
1221 830
1222 840
1223 839
1224 829
1225 821
1226 887
1227 898
1228 922
1229 920
1230 922
1231 922
1232 987
1233 918
1234 983
1235 977
1236 1017
1237 1083
1238 999
1239 1007
1240 1070
1241 1049
1242 1052
1243 1085
1244 1102
1245 1144
1246 1145
1247 1140
1248 1167
1249 1179
1250 1180
1251 1156
1252 1196
1253 1286
1254 1223
1255 1264
1256 1294
1257 1308
1258 1239
1259 1307
1260 1398
1261 1332
1262 1310
1263 1369
1264 1369
1265 1436
1266 1412
1267 1472
1268 1481
1269 1410
1270 1486
1271 1521
1272 1570
1273 1608
1274 1579
1275 1540
1276 1606
1277 1672
1278 1609
1279 1609
1280 1744
1281 1650
1282 1698
1283 1754
1284 1702
1285 1819
1286 1819
1287 1799
1288 1834
1289 1834
1290 1835
1291 1849
1292 1893
1293 1908
1294 1905
1295 1941
1296 1949
1297 2010
1298 1987
1299 1943
1300 2032
1301 1994
1302 2096
1303 2094
1304 2056
1305 2119
1306 2098
1307 2211
1308 2109
1309 2272
1310 2064
1311 2217
1312 2314
1313 2261
1314 2222
1315 2208
1316 2305
1317 2317
1318 2302
1319 2357
1320 2345
1321 2306
1322 2425
1323 2445
1324 2367
1325 2430
1326 2362
1327 2536
1328 2458
1329 2433
1330 2549
1331 2446
1332 2496
1333 2635
1334 2566
1335 2558
1336 2505
1337 2536
1338 2542
1339 2556
1340 2580
1341 2615
1342 2591
1343 2610
1344 2690
1345 2667
1346 2669
1347 2636
1348 2753
1349 2632
1350 2579
1351 2723
1352 2695
1353 2723
1354 2703
1355 2698
1356 2628
1357 2691
1358 2631
1359 2831
1360 2611
1361 2684
1362 2701
1363 2663
1364 2719
1365 2605
1366 2635
1367 2561
1368 2685
1369 2657
1370 2731
1371 2698
1372 2597
1373 2646
1374 2535
1375 2651
1376 2649
1377 2670
1378 2630
1379 2567
1380 2549
1381 2590
1382 2492
1383 2488
1384 2416
1385 2467
1386 2509
1387 2459
1388 2543
1389 2441
1390 2332
1391 2402
1392 2368
1393 2385
1394 2325
1395 2381
1396 2237
1397 2237
1398 2315
1399 2244
1400 2236
1401 2160
1402 2180
1403 2207
1404 2135
1405 2143
1406 2097
1407 2054
1408 2097
1409 2025
1410 2095
1411 1978
1412 1856
1413 1976
1414 1927
1415 1871
1416 1874
1417 1902
1418 1822
1419 1792
1420 1751
1421 1727
1422 1749
1423 1649
1424 1701
1425 1651
1426 1595
1427 1542
1428 1522
1429 1510
1430 1618
1431 1413
1432 1429
1433 1413
1434 1402
1435 1283
1436 1390
1437 1265
1438 1271
1439 1222
1440 1183
1441 1233
1442 1208
1443 1185
1444 1231
1445 1111
1446 1068
1447 1122
1448 1063
1449 994
1450 991
1451 1005
1452 966
1453 910
1454 896
1455 879
1456 868
1457 879
1458 846
1459 822
1460 705
1461 746
1462 719
1463 682
1464 711
1465 640
1466 663
1467 618
1468 630
1469 594
1470 573
1471 564
1472 546
1473 539
1474 524
1475 438
1476 469
1477 426
1478 500
1479 448
1480 426
1481 390
1482 419
1483 373
1484 348
1485 347
1486 371
1487 336
1488 332
1489 296
1490 287
1491 280
1492 263
1493 246
1494 248
1495 249
1496 222
1497 220
1498 206
1499 198
1500 184
1501 200
1502 182
1503 156
1504 156
1505 153
1506 152
1507 124
1508 127
1509 121
1510 122
1511 116
1512 118
1513 140
1514 112
1515 101
1516 110
1517 94
1518 95
1519 94
1520 78
1521 85
1522 78
1523 54
1524 63
1525 51
1526 62
1527 40
1528 64
1529 48
1530 51
1531 42
1532 43
1533 44
1534 29
1535 52
1536 30
1537 25
1538 23
1539 20
1540 27
1541 25
1542 30
1543 27
1544 14
1545 19
1546 21
1547 17
1548 10
1549 12
1550 25
1551 14
1552 14
1553 18
1554 13
1555 14
1556 16
1557 9
1558 4
1559 6
1560 8
1561 13
1562 8
1563 8
1564 6
1565 5
1566 3
1567 8
1568 5
1569 2
1570 1
1571 3
1572 3
1573 2
1574 4
1575 1
1576 5
1577 3
1579 2
1580 2
1581 2
1582 2
1583 1
1584 3
1585 1
1586 1
1587 2
1588 1
1591 1
1594 2
1595 2
1596 1
1597 1
1599 1
1609 1
1619 1
1652 1
