400 0.81 0 1062.52 79.1033 249.949 20.3008 -0.548961 0.00132654 0.304488 0.00146977 0.0965852 0.000944296 3.85114e-05 0.000885534 -0.000862058 0.000897727 0.0114883 0.000141667 0.000262172 7.77018e-06 89000000 0.52069 0.00216841 0.325899 0.00122157 0.11863 0.00107906 0.0281695 0.000531306 0.0033295 0.00014951 233.806 20.3101 16.1431 0.507077 0.688414 0.0118985 
500 0.81 0 1287.09 121.502 388.778 26.6022 -0.547804 0.00237847 0.302669 0.00265467 0.0947864 0.00169703 0.000360873 0.00077913 0.000106563 0.000961601 0.00904434 0.000152435 0.000165054 5.93689e-06 73000000 0.518243 0.00405796 0.328937 0.00164023 0.118655 0.00193284 0.0284492 0.000841993 0.00308873 0.000130096 366.576 26.7295 22.2018 0.693533 0.722649 0.0120488 
550 0.81 0 1952.09 576.231 552.525 132.013 -0.545567 0.00312587 0.300034 0.00332768 0.0929084 0.00194708 -0.000902764 0.000804819 -0.00102841 0.00117947 0.00801211 0.000139575 0.00013086 5.03444e-06 65000000 0.525795 0.00521493 0.32454 0.00267214 0.116465 0.00206492 0.0275263 0.000969392 0.00327 0.000213467 529.006 131.855 23.5199 0.96633 0.74325 0.0130212 
600 0.81 0 2089.66 587.731 674.316 156.196 -0.546979 0.00255682 0.301462 0.00277401 0.0936462 0.00169768 -0.000734559 0.000944257 -0.000332515 0.00135951 0.00753074 0.000181351 0.000114677 5.83265e-06 60000000 0.522462 0.00492369 0.326462 0.00351057 0.117788 0.00180859 0.0276518 0.000819052 0.00344519 0.000273157 645.677 156.21 28.6397 1.26396 0.745634 0.0149579 
700 0.81 0 3126.55 1134.91 909.994 233.465 -0.549544 0.00395055 0.304045 0.00441232 0.0949677 0.00282074 -0.000590174 0.000831121 -0.000721145 0.000747706 0.00650596 0.000168414 8.66654e-05 4.96365e-06 51000000 0.522136 0.00646402 0.323093 0.00310772 0.12156 0.00303128 0.028125 0.00131234 0.00323426 0.000224346 872.29 232.897 37.7039 2.74881 0.736347 0.0250907 
400 0.83 0 984.982 144.327 277.102 30.4437 -0.570554 0.00192633 0.329119 0.00226722 0.113178 0.00163597 -0.000408289 0.000878527 0.000908934 0.00101703 0.0123326 0.000183083 0.000310773 1.1228e-05 88000000 0.505655 0.00277806 0.33094 0.00145447 0.12526 0.00135602 0.0310768 0.000698341 0.00381147 0.000149177 260.717 30.4368 16.3846 0.397232 0.703464 0.0109816 
500 0.83 0 1300.48 213.679 428.194 60.8211 -0.575285 0.00280866 0.33413 0.00330509 0.115983 0.00237588 0.000522911 0.000782979 0.000391397 0.000861203 0.0100186 0.000166106 0.000202231 7.39898e-06 83000000 0.501833 0.00370161 0.331141 0.00157538 0.127592 0.0020383 0.0326873 0.00087777 0.00418945 0.000244218 407.355 61.0441 20.8384 0.852538 0.731013 0.0122462 
550 0.83 0 1533.58 314.393 552.827 85.399 -0.576748 0.00230256 0.335429 0.00267128 0.116308 0.00186093 0.000195741 0.000796757 0.00114414 0.000792457 0.00951077 0.000179495 0.000183599 7.35256e-06 75000000 0.500816 0.00376475 0.330137 0.00247927 0.129138 0.00145496 0.0329918 0.000912919 0.00454951 0.000203204 528.662 85.1716 24.1651 0.707316 0.759176 0.0154196 
600 0.83 0 1860.91 461.787 674.66 146.311 -0.577628 0.00349361 0.336351 0.00398714 0.116808 0.00269243 -0.00124761 0.000780603 8.22141e-05 0.000861185 0.00872172 0.000216648 0.000157147 9.59213e-06 69000000 0.499388 0.00542986 0.332719 0.00263698 0.127295 0.00214446 0.0337457 0.00120811 0.00469501 0.000241074 649.02 146.219 25.6394 1.33901 0.769021 0.0140923 
700 0.83 0 1922.92 258.422 806.204 68.4656 -0.573391 0.00326663 0.331158 0.00378557 0.112897 0.00260453 0.000384402 0.000831047 -0.00109315 0.000772772 0.00714223 0.000162408 0.000104343 4.6858e-06 59000000 0.503271 0.00481605 0.331995 0.00194712 0.127217 0.00249906 0.0314265 0.00102814 0.00422357 0.000329743 772.474 67.8438 33.7296 1.68175 0.787598 0.0147184 
400 0.85 0 888.703 55.6023 278.559 19.7057 -0.598868 0.00250399 0.363318 0.00323201 0.139345 0.00291454 0.0018454 0.000848991 0.000667232 0.00115196 0.0142953 0.000357965 0.000438522 3.16827e-05 98000000 0.491276 0.00290658 0.331497 0.00140764 0.132772 0.00155013 0.0357137 0.000880865 0.0055109 0.000287581 262.213 19.7019 16.3459 0.566389 0.70862 0.0104377 
500 0.85 0 1190.85 217.13 450.178 31.5278 -0.608935 0.00455271 0.375222 0.00582936 0.147996 0.00516393 0.000443703 0.000984578 0.00223921 0.00113156 0.0122773 0.000395847 0.000327203 2.64437e-05 79000000 0.48098 0.00473564 0.332745 0.00187913 0.13869 0.00228182 0.0389039 0.00156737 0.00616536 0.000507024 428.329 31.4002 21.8492 0.803697 0.755902 0.00972281 
550 0.85 0 1310.95 128.691 534.55 48.8977 -0.608392 0.00498792 0.37438 0.00673145 0.147356 0.00673655 -3.97909e-06 0.00121119 -0.00143348 0.00110756 0.0115984 0.000678833 0.000321684 6.85938e-05 73000000 0.481222 0.00503434 0.334025 0.00166518 0.13751 0.00235996 0.0386671 0.00191052 0.00625736 0.000668558 511.652 49.3345 22.8988 1.04706 0.772483 0.0129854 
600 0.85 0 2240.34 856.941 745.189 170.286 -0.60362 0.00314524 0.367456 0.00377565 0.139707 0.00285405 -0.000206502 0.000846564 -6.32915e-05 0.000853866 0.00972778 0.000195653 0.000191579 8.19773e-06 67000000 0.483321 0.00544216 0.335291 0.00318761 0.136997 0.00214841 0.0368472 0.000944031 0.00541041 0.000289883 721.35 170.061 23.8393 0.849346 0.801413 0.0106783 
700 0.85 0 2063.75 524.174 930.871 180.928 -0.607887 0.00502229 0.373225 0.00643166 0.145284 0.00571393 -0.00147123 0.00117417 0.000237822 0.00102776 0.00907497 0.000464514 0.000186991 2.80497e-05 57000000 0.484711 0.00643888 0.332589 0.00291721 0.135514 0.00287437 0.0392685 0.0017787 0.00608335 0.00050412 901.344 181.33 29.5275 2.16932 0.791286 0.0263509 
400 0.87 0 827.692 47.8557 302.062 13.1061 -0.63416 0.00308468 0.408282 0.00424633 0.17768 0.00435865 -0.000745277 0.0010659 0.000610389 0.000930334 0.0172826 0.000558282 0.000668075 6.05488e-05 95000000 0.46896 0.00305 0.333721 0.00115703 0.143866 0.00152338 0.0428668 0.00100693 0.0074471 0.000406911 286.848 13.1083 15.2136 0.338148 0.748509 0.00789561 
500 0.87 0 1158.58 168.765 454.829 30.2005 -0.634709 0.00444038 0.407834 0.00610408 0.175157 0.00626169 -9.60923e-05 0.00119943 -0.000126939 0.00138057 0.0140023 0.000820567 0.000454742 9.29078e-05 77000000 0.467624 0.00416245 0.33545 0.00186836 0.144343 0.00189092 0.0431029 0.00140986 0.0069862 0.000519231 434.946 30.2177 19.8826 0.615344 0.781189 0.00821749 
550 0.87 0 1833 761.471 706.84 163.406 -0.646984 0.00581802 0.425781 0.00807463 0.195381 0.00886197 -1.21677e-05 0.00110989 -0.000684237 0.00161353 0.0154841 0.00109194 0.000630329 0.00012842 69000000 0.461449 0.00673127 0.332884 0.00316648 0.146878 0.00280286 0.0471752 0.00183098 0.00932583 0.000888208 684.758 163.983 22.0816 1.02815 0.801356 0.0155464 
600 0.87 0 1594.68 402.134 744.625 92.5583 -0.6408 0.0050126 0.415307 0.00661656 0.180933 0.00633342 -0.000172128 0.00103494 0.000113561 0.00149531 0.0120191 0.000668566 0.000343332 5.99953e-05 56000000 0.462561 0.00533972 0.334565 0.0025754 0.147871 0.00249339 0.0449079 0.00170813 0.00801921 0.000670577 718.623 92.2907 26.0023 1.21631 0.802458 0.0136542 
700 0.87 0 1689.36 443.804 1054.46 97.744 -0.665298 0.0120801 0.450734 0.0173109 0.220288 0.0193072 -0.00213742 0.00134161 0.000330844 0.00130806 0.014569 0.00210713 0.000627726 0.000239583 46000000 0.445648 0.0106948 0.333396 0.00232452 0.154821 0.00540585 0.0530804 0.00369276 0.0112832 0.0016092 1026.41 96.8879 28.0543 1.64886 0.846593 0.0152215 
400 0.89 0 727.62 52.4724 330.014 12.2033 -0.676649 0.00603436 0.467958 0.00997671 0.242369 0.0161619 0.000667979 0.00206689 4.81529e-05 0.00136933 0.023494 0.00234614 0.00155932 0.000498041 77000000 0.44321 0.00460594 0.335134 0.00144469 0.155242 0.00222825 0.0527406 0.00194679 0.0106071 0.00106812 315.1 12.2389 14.9137 0.393135 0.77639 0.00857421 
500 0.89 0 820.507 81.3513 629.199 55.1723 -0.764661 0.0304078 0.614892 0.0542311 0.475957 0.0957708 -0.00190157 0.00234531 -0.00203242 0.00204057 0.046257 0.0112537 0.00728344 0.0027574 50000000 0.392073 0.0153859 0.324976 0.00537092 0.175997 0.00552613 0.0785477 0.00914258 0.0260136 0.00607883 613.37 55.4897 15.8299 0.718242 0.846611 0.018857 
550 0.89 0 1094.29 445.294 1044.95 210.154 -0.822429 0.0335443 0.715895 0.0603986 0.643606 0.10726 -0.000117178 0.00303312 -0.00182462 0.00283978 0.0620938 0.0122535 0.0103288 0.00282775 40000000 0.365809 0.016366 0.311038 0.00736419 0.187487 0.00628041 0.0968703 0.00976604 0.0367249 0.00680075 1028.96 210.913 15.9846 1.02159 0.899171 0.014269 
600 0.89 0 1466.07 649.903 1202.79 201.288 -0.818001 0.0571689 0.718449 0.101895 0.682741 0.18151 0.0034069 0.00342537 0.000405316 0.00462171 0.0651619 0.0196898 0.0123006 0.00474707 35000000 0.374255 0.0304284 0.308999 0.00899337 0.181532 0.0108939 0.0942533 0.0169011 0.039041 0.0112384 1182.36 202.663 20.4234 2.15138 0.861626 0.0248858 
700 0.89 0 4603.89 4349.72 3274.04 742.768 -1.14872 0.0623569 1.3758 0.116538 2.13203 0.242401 0.00781809 0.00762165 0.000460279 0.00899672 0.204671 0.0243693 0.0575139 0.00778013 17000000 0.229675 0.0396389 0.242546 0.00594067 0.219508 0.0118458 0.18831 0.0168843 0.118578 0.0138149 3260.98 740.405 13.0558 2.58925 0.977995 0.00442852 
400 0.91 0 527.846 116.228 535.75 36.6542 -0.875696 0.0399341 0.816439 0.0738456 0.84846 0.141891 -0.000130316 0.00338134 0.00175143 0.00313744 0.0907804 0.0165741 0.0196427 0.00489363 48000000 0.341962 0.0209466 0.30753 0.00619755 0.195216 0.00744444 0.108419 0.0118268 0.0441243 0.00785701 524.572 37.0161 11.1783 0.647618 0.865757 0.0185558 
500 0.91 0 668.799 218.697 1065.01 143.887 -0.978521 0.0531095 1.02697 0.105006 1.34073 0.230362 -0.0123391 0.00449396 0.00779668 0.00555001 0.133895 0.0240583 0.0358795 0.00812671 31000000 0.298943 0.0239298 0.286919 0.0107417 0.205661 0.0067123 0.136127 0.0155743 0.0702246 0.012407 1053.03 144.409 11.9782 1.07931 0.9183 0.0155314 
550 0.91 0 622.091 398.874 1616.05 135.195 -1.16897 0.0236798 1.40739 0.0513731 2.18745 0.135015 -0.00610691 0.0102382 0.00942225 0.00840412 0.215089 0.0129441 0.062526 0.00530188 20000000 0.213556 0.0109422 0.25083 0.00531269 0.225892 0.00279123 0.190826 0.00653628 0.117207 0.00696105 1605.66 134.169 10.3923 1.17238 0.97016 0.00374523 
600 0.91 0 1395.96 1199.04 2297.93 294.883 -1.26485 0.0314534 1.64004 0.0696179 2.90895 0.196599 -0.0043878 0.0147513 0.0189655 0.0138973 0.269873 0.0163904 0.089672 0.00758152 16000000 0.182683 0.0169975 0.226361 0.00438495 0.227284 0.0045132 0.21421 0.00766552 0.147984 0.00893837 2288.45 294.628 9.47957 1.16806 0.981187 0.00169981 
700 0.91 0 1029.73 807.684 3225.11 619.939 -1.26543 0.079404 1.66378 0.170058 3.08445 0.441856 -0.00844765 0.0104858 -0.00198619 0.010422 0.271249 0.0398549 0.0942243 0.0158893 13000000 0.19226 0.0368441 0.22389 0.0122206 0.218934 0.00720378 0.208922 0.0216977 0.154701 0.0204353 3214.26 619.166 10.8556 2.53255 0.9736 0.0133593 
400 0.93 0 441.237 262.095 809.434 52.0483 -1.13917 0.0378852 1.35421 0.0761662 2.10124 0.174115 9.08525e-05 0.00665688 -0.00381664 0.00626678 0.218649 0.0183072 0.0680126 0.00681674 28000000 0.229978 0.0191961 0.260978 0.00570156 0.226224 0.00541113 0.179102 0.010524 0.101318 0.00829431 802.085 51.9466 7.34837 0.399711 0.952624 0.00607024 
500 0.93 0 948.432 783.149 1565.7 169.524 -1.26603 0.0346861 1.64779 0.0735043 2.96119 0.191786 -0.00615335 0.0104771 0.0156555 0.0083522 0.277181 0.0182066 0.0966643 0.00796569 21000000 0.185684 0.0183585 0.231424 0.00428845 0.227607 0.00454274 0.210669 0.0090176 0.142885 0.00899523 1557.08 168.852 8.61803 1.19888 0.974512 0.00350491 
550 0.93 0 940.106 789.642 1966.56 216.444 -1.3354 0.0282784 1.82035 0.0668257 3.52893 0.220796 0.016873 0.0108813 0.00275165 0.00974675 0.313731 0.0149976 0.114468 0.00821656 17000000 0.170994 0.0132993 0.215833 0.004654 0.220119 0.00768975 0.221538 0.00570035 0.170084 0.0145106 1958.46 216.398 8.09872 0.258885 0.979595 0.00199242 
600 0.93 0 1528.45 1376.12 2543.98 394.425 -1.32992 0.0382095 1.81489 0.0809632 3.53938 0.222945 -0.00754303 0.0113051 0.00344548 0.0102273 0.312982 0.0182825 0.115632 0.00889364 15000000 0.170987 0.0239306 0.214569 0.00341375 0.224811 0.00698875 0.224721 0.0105981 0.163501 0.00838708 2533.68 392.785 10.3026 1.78921 0.979645 0.00401731 
700 0.93 0 3008.91 2765.86 3775.43 889.673 -1.32956 0.0696552 1.83471 0.149871 3.71514 0.405879 0.00534554 0.0123353 0.00248134 0.0136328 0.305693 0.0325195 0.115072 0.014047 13000000 0.177281 0.0370841 0.210171 0.00661981 0.220951 0.0083755 0.219431 0.0179659 0.170969 0.0170416 3764.27 888.146 11.1643 2.79401 0.980174 0.0080061 
