N J h mean_R_sq err_mean_R_sq mean_R_gyr_sq err_mean_R_gyr_sq 
400 0.9 0 588.883 2.47297 426.905 1.37009
1 58
3 94
5 257
9 335
11 290
13 296
17 542
19 296
21 513
25 367
27 340
29 792
33 517
35 514
37 217
41 1083
43 218
45 753
49 561
51 468
53 676
57 451
59 670
61 687
65 866
67 182
69 838
73 427
75 486
77 813
81 860
83 600
85 378
89 1114
91 372
93 386
97 362
99 483
101 1245
105 669
107 539
109 553
113 713
115 330
117 830
121 550
123 322
125 974
129 966
131 792
133 337
137 599
139 439
141 560
145 519
147 315
149 996
153 846
155 554
157 454
161 1105
163 133
165 516
169 429
171 638
173 904
177 263
179 613
181 609
185 1015
187 246
189 1017
193 259
195 434
197 551
201 690
203 472
205 483
209 1091
211 324
213 426
217 442
219 419
221 837
225 654
227 476
229 527
233 650
235 196
237 582
241 582
243 444
245 697
249 603
251 630
253 209
257 755
259 367
261 813
265 351
267 172
269 1047
273 363
275 445
277 231
281 873
283 267
285 663
289 408
291 331
293 746
297 624
299 676
301 357
305 651
307 220
309 502
313 279
315 464
317 365
321 782
323 313
325 551
329 900
331 211
333 359
337 288
339 453
341 1035
345 264
347 363
349 486
353 536
355 264
357 252
361 333
363 271
365 685
369 832
371 539
373 333
377 520
379 192
381 645
385 263
387 318
389 712
393 393
395 479
397 193
401 598
403 128
405 501
409 477
411 356
413 617
417 332
419 503
421 298
425 774
427 124
429 452
433 314
435 216
437 534
441 608
443 271
445 218
449 527
451 336
453 303
457 228
459 389
461 742
465 413
467 315
469 406
473 269
475 241
477 465
481 378
483 179
485 447
489 478
491 395
493 301
497 555
499 144
501 346
505 182
507 218
509 664
513 357
515 266
517 259
521 698
523 210
525 464
529 279
531 367
533 248
537 221
539 364
541 223
545 653
547 110
549 579
553 165
555 138
557 369
561 300
563 338
565 221
569 634
571 169
573 312
577 142
579 309
581 524
585 471
587 256
589 322
593 431
595 157
597 200
601 365
603 214
605 473
609 283
611 365
613 184
617 230
619 129
621 513
625 215
627 123
629 564
633 347
635 317
637 220
641 420
643 87
645 223
649 312
651 275
653 235
657 295
659 340
661 260
665 355
667 133
669 170
673 174
675 312
677 434
681 296
683 154
685 173
689 577
691 132
693 340
697 126
699 278
701 523
705 320
707 154
709 136
713 353
715 98
717 196
721 195
723 107
725 421
729 336
731 300
733 200
737 269
739 128
741 312
745 207
747 230
749 406
753 152
755 320
757 134
761 463
763 107
765 250
769 240
771 119
773 292
777 178
779 211
781 230
785 199
787 98
789 400
793 102
795 91
797 333
801 398
803 239
805 179
809 344
811 150
813 113
817 115
819 183
821 247
825 282
827 131
829 229
833 311
835 108
837 166
841 157
843 132
845 277
849 262
851 201
853 95
857 290
859 140
861 232
865 159
867 140
869 312
873 188
875 217
877 82
881 371
883 56
885 213
889 120
891 163
893 240
897 138
899 257
901 203
905 197
907 56
909 356
913 131
915 132
917 163
921 181
923 175
925 114
929 288
931 104
933 113
937 146
939 112
941 354
945 243
947 77
949 87
953 238
955 56
957 125
961 117
963 126
965 320
969 179
971 237
973 90
977 150
979 129
981 216
985 174
987 98
989 268
993 99
995 116
997 92
1001 267
1003 45
1005 90
1009 143
1011 175
1013 183
1017 164
1019 174
1021 135
1025 231
1027 50
1029 188
1033 68
1035 115
1037 123
1041 200
1043 92
1045 95
1049 245
1051 55
1053 202
1057 118
1059 83
1061 170
1065 74
1067 137
1069 173
1073 146
1075 91
1077 134
1081 110
1083 81
1085 180
1089 194
1091 191
1093 43
1097 198
1099 63
1101 135
1105 79
1107 88
1109 275
1113 91
1115 98
1117 56
1121 247
1123 54
1125 184
1129 68
1131 98
1133 149
1137 104
1139 159
1141 96
1145 121
1147 54
1149 78
1153 76
1155 90
1157 169
1161 254
1163 71
1165 77
1169 226
1171 64
1173 124
1177 63
1179 129
1181 203
1185 77
1187 93
1189 82
1193 155
1195 85
1197 95
1201 73
1203 58
1205 186
1209 187
1211 127
1213 40
1217 121
1219 58
1221 136
1225 106
1227 26
1229 153
1233 108
1235 91
1237 51
1241 125
1243 41
1245 119
1249 117
1251 114
1253 133
1257 84
1259 106
1261 72
1265 165
1267 45
1269 113
1273 64
1275 68
1277 110
1281 74
1283 79
1285 39
1289 124
1291 75
1293 94
1297 47
1299 55
1301 170
1305 160
1307 75
1309 90
1313 77
1315 35
1317 70
1321 73
1323 66
1325 124
1329 113
1331 75
1333 61
1337 84
1339 50
1341 115
1345 47
1347 41
1349 172
1353 48
1355 85
1357 48
1361 176
1363 36
1365 58
1369 59
1371 87
1373 49
1377 95
1379 94
1381 81
1385 146
1387 21
1389 85
1393 42
1395 67
1397 62
1401 83
1403 83
1405 69
1409 116
1411 26
1413 72
1417 48
1419 72
1421 165
1425 86
1427 72
1429 50
1433 86
1435 25
1437 53
1441 68
1443 37
1445 108
1449 117
1451 52
1453 27
1457 58
1459 50
1461 69
1465 42
1467 24
1469 110
1473 68
1475 79
1477 37
1481 125
1483 28
1485 85
1489 50
1491 54
1493 33
1497 49
1499 61
1501 52
1505 101
1507 15
1509 85
1513 29
1515 49
1517 105
1521 63
1523 42
1525 51
1529 103
1531 51
1533 43
1537 32
1539 49
1541 78
1545 36
1547 48
1549 39
1553 69
1555 14
1557 75
1561 49
1563 21
1565 61
1569 52
1571 67
1573 43
1577 56
1579 37
1581 74
1585 49
1587 25
1589 100
1593 27
1595 54
1597 25
1601 85
1603 22
1605 25
1609 58
1611 45
1613 97
1617 42
1619 55
1621 30
1625 69
1627 30
1629 85
1633 37
1635 21
1637 70
1641 80
1643 36
1645 29
1649 65
1651 23
1653 22
1657 18
1659 30
1661 79
1665 76
1667 36
1669 40
1673 53
1675 29
1677 30
1681 36
1683 26
1685 68
1689 45
1691 72
1693 39
1697 39
1699 26
1701 80
1705 25
1707 28
1709 53
1713 52
1715 33
1717 18
1721 71
1723 18
1725 49
1729 27
1731 26
1733 56
1737 21
1739 44
1741 37
1745 41
1747 13
1749 53
1753 21
1755 29
1757 31
1761 33
1763 30
1765 26
1769 92
1771 21
1773 39
1777 32
1779 26
1781 78
1785 38
1787 18
1789 31
1793 46
1795 11
1797 18
1801 27
1803 21
1805 44
1809 50
1811 48
1813 23
1817 43
1819 21
1821 35
1825 17
1827 25
1829 38
1833 22
1835 21
1837 20
1841 37
1843 10
1845 42
1849 16
1851 25
1853 42
1857 18
1859 31
1861 34
1865 51
1867 10
1869 50
1873 11
1875 23
1877 41
1881 47
1883 32
1885 13
1889 69
1891 23
1893 21
1897 7
1899 23
1901 42
1905 27
1907 20
1909 18
1913 37
1915 13
1917 19
1921 30
1923 18
1925 46
1929 17
1931 39
1933 14
1937 43
1939 6
1941 23
1945 18
1947 16
1949 53
1953 21
1955 21
1957 12
1961 30
1963 8
1965 34
1969 17
1971 28
1973 34
1977 24
1979 27
1981 9
1985 26
1987 12
1989 34
1993 21
1995 11
1997 27
2001 42
2003 14
2005 23
2009 40
2011 8
2013 8
2017 6
2019 22
2021 51
2025 28
2027 19
2029 29
2033 18
2035 12
2037 16
2041 27
2043 25
2045 40
2049 16
2051 20
2053 14
2057 27
2059 8
2061 36
2065 20
2067 9
2069 20
2073 13
2075 28
2077 14
2081 38
2083 11
2085 16
2089 23
2091 12
2093 13
2097 14
2099 25
2101 12
2105 29
2107 13
2109 21
2113 7
2115 5
2117 23
2121 31
2123 11
2125 14
2129 33
2131 16
2133 31
2137 7
2139 3
2141 41
2145 16
2147 15
2149 14
2153 17
2155 9
2157 18
2161 12
2163 7
2165 10
2169 37
2171 11
2173 12
2177 11
2179 6
2181 20
2185 7
2187 12
2189 18
2193 10
2195 24
2197 14
2201 32
2203 1
2205 23
2209 13
2211 13
2213 26
2217 17
2219 22
2221 14
2225 26
2227 5
2229 19
2233 8
2235 9
2237 17
2241 25
2243 13
2245 23
2249 21
2251 6
2253 18
2257 8
2259 14
2261 29
2265 13
2267 8
2269 23
2273 19
2275 9
2277 4
2281 15
2283 3
2285 26
2289 10
2291 15
2293 4
2297 19
2299 6
2301 18
2305 5
2307 6
2309 21
2313 19
2315 13
2317 10
2321 18
2323 3
2325 8
2329 13
2331 16
2333 12
2337 10
2339 11
2341 9
2345 17
2347 3
2349 9
2353 9
2355 6
2357 18
2361 4
2363 6
2365 6
2369 22
2371 10
2373 7
2377 3
2379 12
2381 16
2385 4
2387 5
2389 10
2393 23
2395 4
2397 7
2401 6
2403 9
2405 13
2409 10
2411 20
2413 5
2417 5
2419 2
2421 18
2425 12
2427 10
2429 18
2433 10
2435 11
2437 2
2441 20
2443 2
2445 13
2449 4
2451 4
2453 15
2457 5
2459 8
2461 7
2465 5
2467 5
2469 20
2473 7
2475 7
2477 8
2481 10
2483 8
2485 6
2489 13
2491 3
2493 7
2497 5
2499 7
2501 6
2505 14
2507 6
2509 4
2513 9
2515 3
2517 7
2521 9
2525 21
2529 10
2531 6
2533 3
2537 10
2539 9
2541 13
2545 10
2547 9
2549 15
2553 6
2555 8
2557 1
2561 9
2563 2
2565 16
2569 10
2571 4
2573 15
2577 4
2579 11
2581 11
2585 11
2587 5
2589 8
2593 5
2595 6
2597 12
2601 2
2603 4
2609 10
2611 4
2613 7
2617 3
2619 8
2621 13
2625 6
2627 5
2629 2
2633 4
2635 4
2637 9
2641 3
2643 3
2645 8
2649 8
2651 7
2653 4
2657 3
2659 5
2661 13
2665 11
2667 3
2669 13
2673 9
2675 3
2677 4
2681 10
2683 2
2685 1
2689 1
2691 5
2693 7
2697 2
2699 4
2701 8
2705 11
2707 3
2709 7
2713 5
2715 2
2717 2
2721 11
2723 1
2725 1
2729 16
2731 2
2733 5
2737 2
2739 6
2741 4
2745 6
2747 7
2749 4
2753 4
2755 1
2757 7
2761 3
2763 3
2765 7
2769 9
2771 3
2777 1
2779 4
2781 6
2785 2
2787 2
2789 5
2793 5
2795 4
2797 2
2801 4
2805 7
2809 6
2811 5
2813 10
2817 3
2819 1
2821 2
2825 8
2827 1
2829 1
2833 1
2835 3
2837 6
2841 7
2843 2
2845 6
2849 13
2851 7
2853 2
2857 2
2859 5
2861 8
2865 6
2869 6
2873 5
2875 5
2881 5
2883 4
2885 1
2889 9
2891 3
2893 3
2897 3
2901 6
2905 1
2907 3
2909 7
2913 4
2915 8
2917 2
2921 9
2925 7
2929 1
2931 3
2933 5
2937 4
2939 3
2945 8
2947 3
2949 6
2953 1
2955 1
2957 5
2961 9
2963 4
2965 3
2969 5
2971 2
2977 4
2979 3
2981 5
2985 6
2987 3
2989 4
2993 2
2997 4
3001 7
3005 1
3009 5
3011 1
3013 2
3017 3
3021 1
3025 4
3027 2
3029 8
3033 4
3035 2
3037 2
3041 8
3045 2
3049 4
3051 3
3053 1
3059 4
3061 3
3065 4
3067 1
3069 5
3075 4
3077 1
3081 4
3085 1
3089 2
3091 3
3093 6
3097 1
3099 1
3101 3
3105 1
3113 1
3115 1
3117 2
3123 1
3125 3
3129 2
3131 3
3133 2
3137 5
3139 3
3141 4
3145 1
3147 3
3149 2
3153 1
3155 4
3157 1
3161 3
3163 2
3169 3
3171 1
3177 1
3179 1
3181 5
3185 4
3189 5
3193 4
3195 2
3197 4
3201 4
3209 1
3211 2
3213 3
3219 2
3221 6
3225 2
3233 2
3235 1
3237 1
3243 1
3245 2
3249 2
3251 2
3253 4
3257 3
3259 2
3261 3
3265 1
3267 1
3269 3
3273 2
3275 1
3277 2
3281 1
3283 2
3285 1
3289 1
3291 1
3297 2
3299 2
3301 1
3305 2
3309 6
3317 3
3321 2
3323 1
3329 3
3331 2
3333 1
3337 2
3339 2
3341 2
3345 3
3349 1
3353 1
3357 1
3363 3
3365 5
3371 1
3377 3
3385 2
3389 1
3397 1
3401 1
3405 4
3409 2
3411 1
3413 1
3417 1
3419 1
3425 1
3429 5
3437 1
3441 3
3443 3
3449 2
3451 1
3453 2
3461 2
3465 1
3473 2
3475 1
3483 1
3485 1
3489 1
3491 1
3497 1
3501 4
3509 2
3513 2
3517 1
3521 2
3523 1
3525 1
3531 1
3533 1
3539 1
3545 1
3547 1
3549 2
3555 2
3557 4
3561 5
3563 1
3565 1
3585 1
3593 1
3597 1
3605 1
3613 1
3617 1
3625 2
3627 1
3629 1
3645 2
3649 1
3653 1
3665 1
3669 1
3675 1
3681 2
3683 1
3689 2
3691 1
3699 1
3701 4
3725 2
3731 3
3745 1
3747 1
3753 2
3761 1
3771 1
3773 1
3779 2
3785 1
3787 1
3789 3
3801 1
3813 1
3817 2
3833 1
3837 1
3841 1
3843 1
3849 2
3857 3
3859 1
3861 1
3877 2
3891 1
3909 3
3929 1
3939 1
3941 2
3945 1
3947 1
3953 1
3961 1
3965 1
3981 1
3989 3
3995 1
4001 1
4005 3
4037 1
4041 1
4043 1
4045 1
4049 1
4057 1
4065 1
4081 1
4099 1
4109 1
4139 1
4145 2
4157 1
4181 2
4233 1
4245 1
4249 1
4257 1
4259 1
4261 1
4277 1
4289 1
4301 1
4307 1
4345 1
4373 1
4379 1
4397 1
4401 1
4437 1
4449 1
4483 1
4497 1
4533 1
4539 1
4561 1
4619 1
4635 1
4641 1
4649 1
4721 1
4739 1
4747 1
4835 1
4849 1
4875 1
4917 1
4955 1
5813 1
7537 1
20529 1
25617 1
36773 1
