N J h mean_R_sq err_mean_R_sq mean_R_gyr_sq err_mean_R_gyr_sq 
600 0.81 0 2020.33 518.062 661.938 149.821
9 1
11 1
13 1
17 2
21 4
25 1
29 3
33 5
35 1
37 1
41 3
45 5
49 4
51 3
53 1
57 2
59 2
61 4
65 3
67 1
69 3
73 1
75 3
77 7
81 3
83 4
85 1
89 7
91 1
93 3
97 4
99 4
101 9
105 3
107 4
109 4
113 6
115 1
117 2
121 2
123 1
125 7
129 7
131 4
133 4
137 4
139 2
141 2
145 4
147 2
149 8
153 4
155 2
161 13
163 1
165 7
169 3
171 3
173 5
177 4
179 11
181 11
185 3
187 2
189 7
193 1
195 6
197 7
201 7
203 4
205 5
209 8
211 6
213 4
217 4
219 3
221 11
225 9
227 2
229 3
233 9
235 1
237 5
245 10
249 7
251 10
257 6
259 4
261 8
265 5
269 8
273 7
275 3
277 3
281 8
283 2
285 6
289 2
291 3
293 14
297 10
299 6
301 6
305 6
307 4
309 5
313 5
315 6
317 2
321 8
323 8
325 7
329 6
331 2
333 4
337 4
339 6
341 15
345 5
347 9
349 6
353 5
355 3
361 4
363 4
365 4
369 14
371 4
373 6
377 9
379 5
381 13
385 8
387 4
389 5
393 5
395 12
397 3
401 11
403 2
405 10
409 11
411 10
413 9
417 4
419 8
421 3
425 14
427 1
429 6
433 10
435 4
437 10
441 15
443 5
445 3
449 5
451 11
453 6
457 3
459 8
461 10
465 7
467 3
469 6
473 5
475 4
477 1
481 7
483 3
485 14
489 9
491 8
493 5
497 14
499 4
501 13
505 1
507 2
509 12
513 6
515 5
517 7
521 22
523 4
525 7
529 6
531 11
533 2
537 6
539 10
541 4
545 17
547 3
549 19
553 2
555 1
557 10
561 6
563 9
565 5
569 12
571 1
573 9
577 6
579 10
581 12
585 10
587 5
589 3
593 10
595 3
597 5
601 7
603 6
605 7
609 4
611 9
613 4
617 5
619 3
621 22
625 9
627 7
629 20
633 3
635 6
637 4
641 17
643 2
645 11
649 8
651 8
653 1
657 12
659 10
661 5
665 8
667 2
669 5
673 6
675 8
677 16
681 11
683 2
685 3
689 17
691 5
693 8
697 2
699 9
701 12
705 5
709 5
713 9
715 4
717 12
721 2
723 2
725 11
729 3
731 14
733 4
737 9
739 4
741 5
745 6
747 6
749 17
753 5
755 10
757 6
761 16
763 5
765 10
769 7
771 5
773 12
777 6
779 7
781 7
785 10
787 1
789 17
793 5
795 4
797 10
801 16
803 8
805 3
809 10
811 9
813 4
817 3
819 6
821 15
825 5
827 7
829 9
833 9
835 4
837 3
841 5
843 4
845 5
849 5
851 7
853 4
857 14
859 1
861 9
865 7
867 4
869 7
873 9
875 9
877 5
881 16
883 2
885 11
889 6
891 3
893 7
897 6
899 11
901 8
905 7
907 3
909 17
913 4
915 3
917 5
921 7
923 7
925 2
929 18
931 3
933 4
937 5
939 7
941 12
945 20
947 4
949 6
953 8
955 2
957 4
961 7
963 9
965 19
969 7
971 12
973 5
977 6
979 7
981 7
985 8
987 3
989 13
993 2
995 5
997 8
1001 16
1003 3
1005 4
1009 5
1011 9
1013 8
1017 9
1019 8
1021 8
1025 9
1027 4
1029 10
1033 4
1035 4
1037 5
1041 9
1043 3
1045 3
1049 18
1051 1
1053 12
1057 3
1059 3
1061 14
1065 5
1067 5
1069 7
1073 13
1075 5
1077 9
1081 5
1083 2
1085 6
1089 13
1091 16
1097 11
1099 3
1101 3
1105 5
1107 1
1109 16
1113 7
1115 6
1117 5
1121 9
1123 5
1125 8
1129 7
1131 7
1133 4
1137 7
1139 12
1141 10
1145 6
1147 2
1153 6
1155 4
1157 6
1161 18
1163 2
1165 4
1169 13
1171 4
1173 10
1177 6
1179 9
1181 15
1185 4
1187 6
1189 6
1193 13
1195 7
1197 6
1201 5
1203 3
1205 12
1209 6
1211 9
1213 1
1217 9
1219 4
1221 9
1225 7
1227 1
1229 7
1233 6
1235 4
1237 5
1241 7
1243 1
1245 14
1249 9
1251 6
1253 10
1257 8
1259 6
1261 2
1265 15
1267 4
1269 6
1273 6
1275 5
1277 14
1281 10
1283 4
1285 2
1289 6
1291 4
1293 5
1297 5
1299 2
1301 8
1305 3
1307 4
1309 5
1313 9
1315 3
1317 6
1321 7
1323 2
1325 12
1329 10
1331 9
1333 5
1337 7
1339 3
1341 8
1345 3
1347 2
1349 14
1353 3
1355 8
1357 8
1361 20
1363 4
1365 2
1369 6
1371 5
1377 7
1379 8
1381 7
1385 4
1387 2
1389 11
1393 1
1395 9
1397 6
1401 4
1403 6
1405 11
1409 8
1411 1
1413 7
1417 2
1419 9
1421 9
1425 8
1427 7
1429 8
1433 6
1435 3
1437 4
1441 8
1443 7
1445 6
1449 11
1451 2
1453 3
1457 7
1459 8
1461 5
1465 2
1467 4
1469 15
1473 5
1475 3
1477 4
1481 10
1483 4
1485 2
1489 6
1491 4
1493 4
1497 5
1499 7
1501 3
1505 5
1507 1
1509 7
1513 8
1515 8
1517 12
1521 10
1523 3
1525 6
1529 10
1531 8
1533 5
1537 4
1539 12
1541 6
1545 5
1547 2
1549 3
1553 8
1555 2
1557 8
1565 6
1569 6
1571 4
1573 7
1577 3
1579 4
1581 13
1585 8
1587 3
1589 10
1593 1
1595 4
1597 1
1601 12
1609 6
1611 5
1613 6
1617 1
1619 2
1621 3
1625 11
1627 2
1629 15
1633 1
1635 5
1637 6
1641 11
1643 3
1645 2
1649 7
1651 3
1653 3
1657 7
1659 2
1661 11
1665 10
1667 1
1669 5
1673 7
1675 4
1677 2
1681 4
1683 2
1685 10
1689 7
1691 6
1693 2
1697 5
1699 4
1701 4
1705 3
1707 4
1709 8
1713 10
1715 7
1717 3
1721 4
1723 3
1725 13
1729 4
1731 3
1733 4
1737 2
1739 4
1741 6
1745 10
1747 4
1749 4
1753 2
1755 5
1757 2
1761 7
1763 7
1765 3
1769 13
1771 3
1773 2
1777 3
1779 6
1781 10
1785 2
1787 3
1789 2
1793 4
1795 7
1797 8
1801 5
1803 5
1805 4
1809 6
1811 9
1813 3
1817 7
1819 3
1821 6
1825 5
1827 2
1829 7
1833 5
1835 3
1837 2
1841 2
1843 2
1845 5
1849 3
1851 5
1853 6
1857 2
1859 6
1861 4
1865 9
1867 2
1869 7
1873 3
1875 3
1877 7
1881 7
1883 7
1885 2
1889 8
1891 1
1893 5
1899 2
1901 8
1905 7
1907 3
1909 4
1913 2
1917 5
1921 11
1923 2
1925 12
1929 7
1931 2
1933 3
1937 6
1939 3
1945 1
1949 8
1953 4
1955 2
1957 2
1961 6
1963 3
1965 6
1969 2
1971 6
1973 9
1977 5
1979 5
1981 3
1985 4
1987 1
1989 6
1993 4
1995 1
1997 6
2001 8
2003 4
2005 2
2009 7
2013 2
2017 2
2019 5
2021 8
2025 4
2027 9
2029 4
2033 7
2035 1
2037 3
2041 7
2043 8
2045 6
2049 3
2051 3
2053 2
2057 2
2059 3
2061 8
2067 5
2069 1
2073 4
2075 2
2077 2
2081 5
2083 1
2085 2
2089 7
2091 1
2093 6
2097 6
2099 6
2101 1
2105 9
2107 3
2109 5
2113 1
2115 1
2117 3
2121 3
2123 2
2125 2
2129 12
2131 4
2133 3
2139 3
2141 7
2145 4
2147 2
2149 1
2153 8
2155 2
2157 1
2161 2
2163 4
2165 3
2169 8
2171 4
2173 3
2177 3
2179 1
2181 3
2185 2
2187 7
2189 7
2193 1
2195 3
2197 4
2201 6
2203 3
2205 3
2209 4
2211 4
2213 7
2217 4
2219 5
2221 3
2225 5
2227 2
2229 6
2235 2
2237 1
2241 8
2243 4
2245 4
2249 3
2251 4
2253 1
2257 2
2259 2
2261 6
2265 3
2267 1
2269 5
2273 6
2275 3
2277 1
2281 2
2283 2
2285 2
2289 5
2291 3
2293 2
2297 2
2299 2
2301 10
2305 3
2307 2
2309 8
2313 4
2315 3
2317 1
2321 3
2323 3
2325 6
2329 1
2331 3
2333 5
2337 2
2339 2
2341 1
2345 3
2349 5
2353 1
2355 1
2357 5
2361 4
2363 1
2365 1
2369 2
2371 3
2373 1
2377 3
2379 3
2381 1
2385 5
2387 1
2389 3
2393 3
2395 3
2397 3
2401 1
2403 1
2405 3
2409 4
2411 1
2413 4
2417 1
2419 3
2421 7
2425 1
2427 2
2429 6
2433 5
2435 3
2441 2
2443 5
2445 3
2449 5
2451 2
2453 2
2457 1
2459 6
2461 3
2465 1
2467 2
2469 7
2473 1
2475 1
2477 4
2481 5
2483 7
2485 3
2493 2
2497 3
2499 4
2501 4
2505 5
2507 3
2513 2
2515 1
2521 1
2523 3
2525 4
2529 2
2531 1
2533 1
2537 6
2539 1
2541 3
2545 1
2547 2
2549 5
2553 4
2555 2
2561 5
2563 1
2565 6
2569 2
2571 1
2573 3
2577 2
2579 3
2581 1
2585 2
2587 1
2589 2
2593 2
2595 2
2597 6
2603 2
2605 4
2609 6
2617 4
2619 2
2621 3
2625 6
2627 1
2629 2
2633 1
2635 2
2637 3
2641 2
2643 3
2645 4
2649 5
2651 3
2653 1
2657 1
2659 4
2661 6
2665 1
2667 2
2669 2
2673 4
2675 5
2677 1
2681 2
2685 1
2691 3
2693 2
2697 2
2699 2
2701 2
2705 6
2709 3
2713 1
2721 2
2723 1
2725 3
2729 2
2731 1
2733 5
2737 4
2741 1
2745 1
2747 2
2753 3
2755 1
2757 1
2761 3
2765 3
2769 4
2771 2
2773 2
2777 3
2779 2
2781 3
2785 2
2789 3
2793 2
2795 1
2797 1
2801 4
2803 2
2805 1
2811 1
2813 3
2817 6
2819 1
2821 3
2825 1
2829 1
2833 1
2837 4
2843 1
2845 1
2849 6
2851 1
2859 4
2861 4
2865 1
2867 2
2869 1
2873 4
2875 3
2881 2
2883 1
2885 2
2889 4
2891 2
2893 3
2897 1
2899 2
2901 1
2905 2
2909 6
2913 1
2915 2
2921 4
2925 3
2929 3
2931 2
2933 1
2937 2
2939 5
2941 2
2945 1
2953 2
2957 3
2961 5
2963 2
2965 1
2969 3
2971 2
2973 4
2977 1
2979 1
2981 3
2985 2
2987 3
2989 2
2993 3
2997 3
3005 4
3009 2
3011 2
3013 1
3017 2
3019 1
3029 2
3035 2
3037 1
3041 7
3043 1
3051 1
3053 1
3059 1
3061 2
3065 3
3067 3
3069 3
3073 1
3075 2
3077 2
3081 2
3083 2
3089 1
3091 1
3093 2
3097 1
3099 1
3101 1
3105 2
3107 2
3109 1
3113 3
3117 1
3125 1
3131 2
3133 1
3139 1
3141 2
3145 2
3149 4
3153 2
3155 4
3157 1
3161 3
3163 1
3165 1
3171 1
3177 1
3179 1
3181 2
3185 6
3189 3
3193 1
3195 5
3197 2
3203 3
3209 4
3211 1
3213 2
3221 3
3227 1
3233 5
3237 6
3241 1
3245 3
3249 2
3251 3
3257 1
3259 1
3267 2
3269 2
3275 3
3281 2
3283 1
3291 2
3293 1
3299 3
3301 1
3305 2
3313 1
3315 2
3317 4
3321 2
3323 2
3325 1
3329 2
3333 1
3337 1
3339 2
3341 1
3349 1
3353 1
3355 1
3357 1
3363 1
3365 3
3371 2
3373 1
3377 1
3379 2
3387 2
3389 4
3393 1
3395 3
3401 4
3411 1
3413 1
3419 2
3421 2
3425 3
3427 1
3429 3
3435 1
3437 1
3445 1
3449 2
3451 3
3453 1
3457 1
3459 2
3461 4
3465 2
3467 1
3469 1
3473 1
3477 3
3481 1
3483 1
3485 1
3489 4
3497 1
3501 3
3505 1
3513 1
3515 1
3529 1
3533 2
3539 2
3545 1
3547 1
3549 3
3553 1
3561 2
3563 1
3569 1
3577 1
3579 2
3581 2
3585 1
3587 1
3589 2
3597 2
3601 1
3609 2
3613 1
3617 2
3621 2
3625 1
3629 2
3641 1
3643 1
3651 1
3653 1
3657 1
3661 1
3665 3
3667 1
3669 1
3675 2
3677 2
3681 2
3685 1
3697 1
3701 1
3707 2
3709 1
3713 1
3717 1
3725 1
3739 1
3741 1
3749 1
3757 1
3765 1
3769 2
3771 1
3773 4
3779 1
3785 1
3793 2
3797 1
3801 1
3803 1
3805 3
3813 1
3817 1
3819 1
3825 3
3829 1
3833 2
3841 2
3843 1
3845 2
3849 1
3861 2
3865 1
3867 1
3869 1
3873 3
3877 1
3881 1
3891 1
3893 1
3897 2
3907 1
3909 1
3917 1
3923 1
3925 1
3929 3
3931 1
3939 1
3941 1
3945 2
3953 1
3961 1
3965 2
3969 3
3973 1
3979 1
3981 1
3985 1
3987 1
3989 1
3995 1
4001 1
4005 1
4011 3
4021 3
4025 1
4029 1
4035 1
4037 1
4041 3
4049 2
4053 1
4059 2
4065 2
4067 1
4073 3
4077 1
4085 1
4093 1
4097 1
4101 1
4109 4
4115 2
4121 1
4129 3
4137 1
4145 1
4149 3
4153 1
4155 2
4165 1
4169 3
4171 2
4179 1
4197 1
4203 1
4205 2
4209 3
4225 2
4233 1
4241 1
4245 1
4251 1
4265 3
4267 2
4269 1
4273 1
4277 1
4289 1
4293 1
4305 2
4313 1
4321 1
4325 1
4329 1
4337 1
4339 1
4353 1
4357 1
4361 2
4373 2
4385 2
4387 1
4389 4
4405 1
4409 1
4413 1
4421 1
4445 1
4451 1
4459 2
4461 1
4469 1
4477 1
4491 1
4493 1
4497 1
4505 1
4509 2
4523 1
4529 1
4533 1
4541 2
4553 1
4561 1
4565 1
4569 1
4571 1
4589 1
4603 1
4605 1
4611 1
4617 1
4619 2
4625 1
4629 1
4633 1
4637 1
4649 2
4653 1
4661 1
4665 1
4673 2
4707 1
4709 1
4721 2
4731 1
4733 1
4739 1
4763 1
4779 1
4801 1
4805 2
4813 2
4821 1
4827 1
4835 1
4869 1
4875 1
4901 1
4949 1
4971 1
4979 1
4981 1
4993 1
4995 1
5029 1
5045 1
5085 2
5115 1
5117 1
5123 1
5165 1
5171 1
5177 1
5181 1
5197 1
5219 1
5241 1
5249 1
5283 1
5285 1
5289 1
5299 1
5309 1
5353 2
5355 1
5403 1
5405 1
5411 1
5521 1
5529 1
5603 1
5609 1
5633 1
5673 1
5819 1
5867 1
5925 1
5961 1
6041 1
6089 1
6413 1
6621 1
6957 1
6965 1
7187 1
7829 1
8009 1
9675 1
10020 1
11534 1
11942 1
13934 1
16404 1
17321 1
24121 1
27530 1
28187 1
29004 1
29597 1
30690 1
30734 1
31149 1
31179 1
31736 1
32078 1
32345 1
33464 1
34654 1
35297 1
35744 1
36546 1
36890 1
37024 1
37274 1
37734 1
38090 1
39154 1
40042 1
40404 1
49369 1
49996 1
51325 1
51419 1
53529 1
54037 1
54193 1
55163 1
55305 1
55547 1
55811 1
55901 1
55977 1
56461 1
56633 1
57699 1
57795 1
60073 1
60521 1
60941 1
61389 1
61465 1
61985 1
69081 1
72029 1
72089 1
72472 1
73361 1
74121 1
75539 1
77645 1
78788 1
80066 1
86369 1
89297 1
