N J h mean_R_sq err_mean_R_sq mean_R_gyr_sq err_mean_R_gyr_sq 
500 0.882 0 902.007 7.97364 554.602 2.75151
1 61
3 100
5 344
9 436
11 349
13 349
17 703
19 352
21 702
25 398
27 439
29 1049
33 683
35 662
37 315
41 1348
43 371
45 988
49 732
51 683
53 993
57 662
59 960
61 976
65 1235
67 310
69 1264
73 630
75 696
77 1188
81 1312
83 939
85 593
89 1717
91 608
93 629
97 594
99 892
101 2042
105 1167
107 900
109 797
113 1116
115 545
117 1423
121 928
123 547
125 1635
129 1609
131 1289
133 581
137 1075
139 788
141 1025
145 1057
147 608
149 1768
153 1511
155 1057
157 780
161 1920
163 256
165 936
169 780
171 1161
173 1684
177 485
179 1184
181 1153
185 1990
187 458
189 1912
193 423
195 937
197 1153
201 1453
203 919
205 866
209 2307
211 654
213 896
217 930
219 905
221 1653
225 1429
227 1061
229 1045
233 1288
235 436
237 1260
241 1275
243 907
245 1493
249 1300
251 1452
253 419
257 1608
259 833
261 1902
265 790
267 393
269 2195
273 791
275 997
277 573
281 1977
283 571
285 1544
289 837
291 747
293 1807
297 1550
299 1449
301 760
305 1508
307 523
309 1146
313 771
315 1037
317 948
321 1842
323 762
325 1287
329 2058
331 524
333 918
337 705
339 996
341 2531
345 645
347 853
349 1207
353 1384
355 638
357 679
361 910
363 697
365 1673
369 1940
371 1247
373 860
377 1313
379 478
381 1632
385 638
387 815
389 1781
393 875
395 1295
397 477
401 1582
403 313
405 1412
409 1194
411 926
413 1501
417 892
419 1330
421 751
425 2100
427 299
429 1153
433 883
435 592
437 1420
441 1625
443 684
445 529
449 1387
451 855
453 834
457 560
459 1115
461 2066
465 1123
467 980
469 1105
473 808
475 641
477 1218
481 1033
483 534
485 1342
489 1265
491 1160
493 824
497 1607
499 380
501 956
505 516
507 534
509 1914
513 1048
515 739
517 796
521 2092
523 637
525 1290
529 761
531 1155
533 716
537 704
539 1084
541 621
545 1947
547 366
549 1767
553 535
555 486
557 1080
561 939
563 991
565 719
569 1905
571 589
573 944
577 505
579 906
581 1517
585 1319
587 779
589 921
593 1295
595 474
597 653
601 1124
603 561
605 1404
609 839
611 1072
613 521
617 621
619 505
621 1651
625 674
627 442
629 1886
633 1014
635 992
637 683
641 1436
643 302
645 782
649 957
651 817
653 727
657 982
659 1096
661 857
665 1225
667 380
669 575
673 593
675 921
677 1389
681 936
683 478
685 634
689 1891
691 501
693 1148
697 361
699 955
701 1518
705 1082
707 561
709 440
713 1096
715 366
717 705
721 741
723 366
725 1344
729 1226
731 1057
733 572
737 904
739 447
741 1040
745 703
747 805
749 1400
753 517
755 1017
757 454
761 1706
763 328
765 855
769 866
771 467
773 1059
777 669
779 785
781 831
785 647
787 416
789 1250
793 327
795 299
797 1158
801 1445
803 758
805 619
809 1271
811 536
813 450
817 452
819 774
821 1173
825 1032
827 533
829 855
833 1014
835 419
837 640
841 532
843 464
845 1115
849 1039
851 703
853 379
857 1183
859 477
861 879
865 573
867 428
869 1129
873 685
875 870
877 373
881 1327
883 228
885 805
889 495
891 597
893 908
897 551
899 916
901 783
905 865
907 199
909 1341
913 399
915 492
917 642
921 650
923 645
925 500
929 1127
931 414
933 523
937 674
939 495
941 1400
945 989
947 291
949 375
953 943
955 259
957 494
961 500
963 595
965 1311
969 737
971 933
973 370
977 565
979 441
981 863
985 667
987 438
989 1048
993 335
995 460
997 408
1001 1114
1003 233
1005 468
1009 568
1011 695
1013 776
1017 660
1019 745
1021 629
1025 1125
1027 209
1029 877
1033 346
1035 544
1037 520
1041 996
1043 449
1045 413
1049 1197
1051 291
1053 834
1057 425
1059 293
1061 646
1065 416
1067 608
1069 783
1073 567
1075 357
1077 598
1081 355
1083 321
1085 778
1089 808
1091 834
1093 240
1097 906
1099 261
1101 630
1105 410
1107 389
1109 1149
1113 344
1115 517
1117 320
1121 1026
1123 222
1125 850
1129 378
1131 376
1133 650
1137 407
1139 718
1141 542
1145 564
1147 256
1149 372
1153 346
1155 362
1157 661
1161 1015
1163 309
1165 426
1169 1049
1171 302
1173 541
1177 257
1179 654
1181 968
1185 351
1187 356
1189 410
1193 734
1195 365
1197 417
1201 323
1203 226
1205 825
1209 840
1211 575
1213 176
1217 659
1219 261
1221 667
1225 436
1227 166
1229 761
1233 470
1235 426
1237 268
1241 634
1243 173
1245 584
1249 619
1251 555
1253 592
1257 396
1259 566
1261 359
1265 744
1267 236
1269 583
1273 355
1275 384
1277 599
1281 422
1283 383
1285 211
1289 662
1291 305
1293 421
1297 243
1299 277
1301 830
1305 662
1307 372
1309 428
1313 447
1315 201
1317 377
1321 396
1323 328
1325 724
1329 576
1331 401
1333 334
1337 385
1339 262
1341 694
1345 305
1347 182
1349 869
1353 298
1355 375
1357 243
1361 947
1363 190
1365 241
1369 278
1371 378
1373 299
1377 580
1379 466
1381 408
1385 724
1387 122
1389 385
1393 213
1395 379
1397 356
1401 393
1403 402
1405 356
1409 527
1411 115
1413 453
1417 266
1419 346
1421 825
1425 354
1427 410
1429 317
1433 550
1435 113
1437 378
1441 363
1443 209
1445 524
1449 646
1451 367
1453 180
1457 318
1459 306
1461 389
1465 226
1467 130
1469 755
1473 381
1475 361
1477 224
1481 695
1483 191
1485 433
1489 249
1491 337
1493 311
1497 280
1499 333
1501 284
1505 480
1507 97
1509 471
1513 207
1515 258
1517 570
1521 389
1523 195
1525 360
1529 640
1531 251
1533 303
1537 188
1539 406
1541 433
1545 251
1547 292
1549 197
1553 435
1555 105
1557 445
1561 358
1563 148
1565 300
1569 322
1571 399
1573 222
1577 308
1579 164
1581 442
1585 247
1587 197
1589 563
1593 162
1595 371
1597 160
1601 583
1603 140
1605 160
1609 267
1611 311
1613 456
1617 290
1619 335
1621 184
1625 514
1627 144
1629 510
1633 136
1635 142
1637 378
1641 446
1643 203
1645 154
1649 509
1651 172
1653 154
1657 177
1659 138
1661 437
1665 474
1667 277
1669 229
1673 301
1675 156
1677 161
1681 200
1683 183
1685 464
1689 339
1691 345
1693 193
1697 276
1699 214
1701 497
1705 141
1707 197
1709 374
1713 332
1715 313
1717 138
1721 492
1723 91
1725 363
1729 231
1731 125
1733 310
1737 186
1739 346
1741 221
1745 345
1747 86
1749 342
1753 172
1755 282
1757 239
1761 177
1763 163
1765 168
1769 498
1771 148
1773 229
1777 190
1779 140
1781 588
1785 273
1787 102
1789 195
1793 264
1795 117
1797 185
1801 201
1803 115
1805 320
1809 404
1811 376
1813 142
1817 291
1819 164
1821 265
1825 205
1827 194
1829 291
1833 180
1835 140
1837 172
1841 289
1843 95
1845 276
1849 158
1851 198
1853 238
1857 155
1859 223
1861 278
1865 343
1867 80
1869 306
1873 92
1875 158
1877 217
1881 424
1883 176
1885 115
1889 488
1891 136
1893 118
1897 110
1899 186
1901 297
1905 155
1907 164
1909 186
1913 223
1915 96
1917 195
1921 272
1923 150
1925 367
1929 168
1931 277
1933 134
1937 292
1939 104
1941 152
1945 92
1947 93
1949 416
1953 224
1955 160
1957 86
1961 198
1963 71
1965 250
1969 112
1971 208
1973 223
1977 227
1979 272
1981 120
1985 235
1987 85
1989 257
1993 139
1995 90
1997 243
2001 276
2003 85
2005 188
2009 300
2011 78
2013 76
2017 56
2019 209
2021 349
2025 239
2027 109
2029 180
2033 139
2035 103
2037 118
2041 175
2043 149
2045 268
2049 187
2051 187
2053 89
2057 230
2059 87
2061 209
2065 111
2067 78
2069 203
2073 92
2075 230
2077 83
2081 323
2083 70
2085 157
2089 213
2091 108
2093 199
2097 179
2099 173
2101 95
2105 242
2107 75
2109 164
2113 89
2115 92
2117 159
2121 194
2123 132
2125 111
2129 238
2131 129
2133 208
2137 85
2139 62
2141 338
2145 155
2147 110
2149 117
2153 144
2155 113
2157 105
2161 143
2163 67
2165 111
2169 274
2171 113
2173 83
2177 169
2179 70
2181 155
2185 112
2187 98
2189 278
2193 99
2195 135
2197 124
2201 270
2203 43
2205 148
2209 96
2211 139
2213 138
2217 112
2219 176
2221 64
2225 232
2227 54
2229 166
2233 79
2235 94
2237 112
2241 155
2243 117
2245 108
2249 146
2251 49
2253 137
2257 105
2259 160
2261 267
2265 122
2267 79
2269 120
2273 188
2275 84
2277 70
2281 81
2283 40
2285 223
2289 105
2291 146
2293 50
2297 123
2299 72
2301 167
2305 87
2307 53
2309 228
2313 135
2315 129
2317 75
2321 209
2323 54
2325 93
2329 94
2331 102
2333 140
2337 110
2339 122
2341 110
2345 186
2347 34
2349 189
2353 40
2355 61
2357 138
2361 102
2363 64
2365 111
2369 226
2371 83
2373 87
2377 37
2379 97
2381 113
2385 108
2387 70
2389 98
2393 167
2395 41
2397 92
2401 114
2403 48
2405 125
2409 137
2411 132
2413 67
2417 111
2419 41
2421 171
2425 84
2427 65
2429 177
2433 48
2435 141
2437 43
2441 199
2443 31
2445 85
2449 108
2451 61
2453 132
2457 79
2459 104
2461 94
2465 88
2467 37
2469 126
2473 53
2475 77
2477 105
2481 148
2483 119
2485 58
2489 128
2491 55
2493 76
2497 67
2499 82
2501 170
2505 106
2507 73
2509 82
2513 82
2515 30
2517 45
2521 59
2523 57
2525 183
2529 141
2531 85
2533 45
2537 133
2539 46
2541 105
2545 57
2547 70
2549 165
2553 58
2555 45
2557 43
2561 143
2563 33
2565 157
2569 75
2571 64
2573 99
2577 41
2579 96
2581 85
2585 80
2587 31
2589 72
2593 48
2595 57
2597 114
2601 81
2603 84
2605 23
2609 160
2611 34
2613 50
2617 68
2619 61
2621 141
2625 105
2627 41
2629 53
2633 67
2635 54
2637 102
2641 34
2643 43
2645 88
2649 77
2651 82
2653 51
2657 52
2659 51
2661 71
2665 70
2667 31
2669 85
2673 83
2675 72
2677 44
2681 134
2683 23
2685 45
2689 44
2691 69
2693 74
2697 26
2699 60
2701 81
2705 140
2707 35
2709 55
2713 38
2715 26
2717 65
2721 73
2723 37
2725 40
2729 138
2731 37
2733 46
2737 25
2739 57
2741 105
2745 87
2747 60
2749 76
2753 44
2755 24
2757 81
2761 41
2763 48
2765 93
2769 74
2771 74
2773 24
2777 65
2779 50
2781 87
2785 46
2787 19
2789 137
2793 62
2795 44
2797 33
2801 67
2803 28
2805 69
2809 39
2811 40
2813 91
2817 59
2819 57
2821 34
2825 81
2827 19
2829 52
2833 34
2835 42
2837 69
2841 69
2843 44
2845 49
2849 88
2851 34
2853 27
2857 23
2859 53
2861 90
2865 42
2867 38
2869 54
2873 61
2875 28
2877 58
2881 42
2883 26
2885 48
2889 100
2891 58
2893 16
2897 43
2899 21
2901 68
2905 18
2907 32
2909 86
2913 31
2915 49
2917 31
2921 68
2923 8
2925 85
2929 44
2931 32
2933 66
2937 23
2939 61
2941 30
2945 75
2947 17
2949 36
2953 24
2955 23
2957 60
2961 89
2963 29
2965 22
2969 51
2971 24
2973 29
2977 32
2979 25
2981 84
2985 46
2987 44
2989 48
2993 59
2995 18
2997 51
3001 35
3003 15
3005 60
3009 74
3011 39
3013 29
3017 38
3019 25
3021 41
3025 32
3027 25
3029 86
3033 42
3035 32
3037 19
3041 86
3043 32
3045 31
3049 30
3051 49
3053 30
3057 29
3059 51
3061 41
3065 61
3067 22
3069 101
3073 28
3075 30
3077 36
3081 45
3083 29
3085 24
3089 48
3091 23
3093 36
3097 27
3099 41
3101 60
3105 28
3107 32
3109 26
3113 37
3115 17
3117 26
3121 48
3123 29
3125 54
3129 42
3131 32
3133 17
3137 54
3139 17
3141 58
3145 39
3147 18
3149 61
3153 34
3155 36
3157 18
3161 49
3163 12
3165 23
3169 23
3171 24
3173 29
3177 42
3179 34
3181 51
3185 47
3187 13
3189 40
3193 18
3195 39
3197 54
3201 29
3203 11
3205 25
3209 75
3211 23
3213 32
3217 13
3219 31
3221 40
3225 43
3227 19
3229 19
3233 43
3235 7
3237 26
3241 25
3243 12
3245 36
3249 48
3251 43
3253 18
3257 24
3259 13
3261 30
3265 19
3267 26
3269 39
3273 15
3275 29
3277 21
3281 65
3283 24
3285 42
3289 28
3291 13
3293 27
3297 30
3299 39
3301 25
3305 29
3307 13
3309 37
3313 13
3315 6
3317 34
3321 47
3323 16
3325 14
3329 49
3331 14
3333 27
3337 11
3339 29
3341 41
3345 25
3347 18
3349 13
3353 21
3355 10
3357 25
3361 14
3363 20
3365 50
3369 18
3371 21
3373 11
3377 43
3379 20
3381 33
3385 13
3387 17
3389 25
3393 31
3395 25
3397 8
3401 50
3403 10
3405 29
3409 22
3411 14
3413 16
3417 23
3419 26
3421 26
3425 31
3427 7
3429 34
3433 10
3435 16
3437 8
3441 19
3443 20
3445 13
3449 44
3451 15
3453 22
3457 17
3459 14
3461 51
3465 21
3467 24
3469 24
3473 24
3475 7
3477 19
3481 14
3483 25
3485 36
3489 23
3491 25
3493 17
3497 15
3499 12
3501 41
3505 14
3507 8
3509 25
3513 18
3515 16
3517 17
3521 20
3523 7
3525 23
3529 16
3531 6
3533 38
3537 19
3539 20
3541 13
3545 34
3547 13
3549 23
3553 9
3555 21
3557 13
3561 29
3563 14
3565 6
3569 22
3571 11
3573 17
3577 11
3579 15
3581 18
3585 25
3587 13
3589 23
3593 14
3595 9
3597 9
3601 21
3603 14
3605 30
3609 25
3611 28
3613 3
3617 30
3619 6
3621 17
3625 14
3627 5
3629 37
3633 2
3635 7
3637 2
3641 28
3643 7
3645 22
3649 17
3651 16
3653 15
3657 9
3659 14
3661 8
3665 19
3667 3
3669 11
3673 13
3675 10
3677 12
3681 25
3683 3
3685 12
3689 31
3691 7
3693 14
3697 5
3699 18
3701 23
3705 8
3707 7
3709 12
3713 19
3715 11
3717 18
3721 7
3723 10
3725 19
3729 14
3731 19
3733 6
3737 21
3739 7
3741 24
3745 12
3747 11
3749 15
3753 8
3755 15
3757 9
3761 24
3763 4
3765 13
3769 11
3771 25
3773 16
3777 8
3779 29
3781 6
3785 15
3787 3
3789 11
3793 19
3795 15
3797 20
3801 10
3803 5
3805 12
3809 18
3811 8
3813 15
3817 2
3819 14
3821 34
3825 23
3827 6
3829 11
3833 12
3835 8
3837 8
3841 12
3843 7
3845 18
3849 13
3851 14
3853 7
3857 20
3859 6
3861 18
3865 9
3867 6
3869 22
3873 10
3875 10
3877 14
3881 14
3883 4
3885 14
3889 7
3891 10
3893 7
3897 17
3899 8
3901 11
3905 20
3907 6
3909 15
3913 7
3915 5
3917 8
3921 9
3923 7
3925 8
3929 17
3931 5
3933 12
3937 3
3939 8
3941 15
3945 9
3947 11
3949 12
3953 11
3955 4
3957 2
3961 13
3963 3
3965 12
3969 21
3971 3
3973 3
3977 10
3979 7
3981 15
3985 1
3987 9
3989 20
3993 9
3995 16
3997 5
4001 13
4003 4
4005 10
4009 4
4011 7
4013 9
4017 13
4019 8
4021 11
4025 17
4027 3
4029 8
4033 4
4035 6
4037 11
4041 10
4043 8
4045 14
4049 9
4051 5
4053 6
4057 6
4059 15
4061 15
4065 12
4067 13
4069 6
4073 9
4075 5
4077 7
4081 8
4083 3
4085 15
4089 9
4091 16
4093 4
4097 7
4099 5
4101 9
4105 7
4107 6
4109 19
4113 2
4115 9
4117 5
4121 8
4125 10
4129 7
4131 6
4133 13
4137 6
4139 5
4141 5
4145 8
4147 5
4149 11
4153 5
4155 3
4157 19
4161 11
4163 6
4165 6
4169 11
4171 6
4173 5
4177 7
4179 6
4181 4
4185 6
4187 7
4189 5
4193 4
4195 7
4197 7
4201 8
4203 15
4205 11
4209 14
4211 7
4213 3
4217 10
4219 5
4221 8
4225 10
4227 3
4229 10
4233 4
4235 5
4237 2
4241 16
4243 2
4245 6
4249 8
4251 3
4253 8
4257 2
4259 7
4261 3
4265 8
4267 3
4269 6
4273 1
4275 6
4277 6
4281 8
4283 7
4285 1
4289 19
4291 1
4293 13
4297 2
4299 1
4301 10
4305 7
4307 1
4309 5
4313 7
4315 3
4317 5
4321 2
4323 1
4325 11
4329 5
4331 7
4333 2
4337 3
4339 2
4341 5
4345 3
4347 4
4349 4
4353 2
4355 11
4357 8
4361 15
4363 1
4365 7
4369 5
4371 3
4373 4
4377 6
4379 3
4381 3
4385 7
4387 1
4389 4
4393 3
4395 1
4397 3
4401 10
4403 3
4405 1
4409 4
4411 2
4413 5
4417 3
4419 2
4421 8
4425 5
4427 4
4429 8
4433 4
4435 5
4437 11
4441 3
4443 2
4445 10
4449 8
4451 6
4457 10
4459 3
4461 3
4465 3
4467 1
4469 8
4473 6
4475 3
4481 7
4483 4
4485 3
4489 6
4491 3
4493 1
4497 1
4499 8
4501 3
4505 3
4507 1
4509 4
4515 3
4517 4
4521 11
4523 1
4525 7
4529 8
4531 2
4533 1
4537 1
4539 2
4541 8
4545 5
4547 2
4549 9
4553 4
4555 2
4557 1
4561 1
4563 2
4565 3
4569 5
4571 5
4573 3
4577 6
4579 2
4581 7
4585 5
4589 8
4595 4
4597 5
4601 5
4603 1
4605 8
4609 3
4611 4
4613 3
4619 4
4621 2
4625 6
4627 4
4629 1
4633 3
4635 3
4637 3
4641 4
4643 2
4645 3
4649 4
4651 2
4653 7
4657 1
4659 3
4661 6
4665 6
4667 4
4669 4
4673 4
4675 2
4677 2
4681 5
4683 3
4685 2
4689 1
4691 5
4693 2
4697 5
4701 4
4705 3
4707 6
4709 6
4713 1
4715 1
4717 2
4721 2
4723 1
4725 4
4729 1
4731 3
4733 3
4737 2
4739 2
4741 4
4745 5
4747 3
4749 8
4757 5
4761 2
4763 2
4765 2
4769 3
4771 1
4777 2
4779 6
4781 8
4785 1
4787 2
4793 3
4797 2
4805 2
4809 3
4811 3
4813 2
4817 2
4819 1
4821 6
4825 1
4827 1
4829 5
4833 3
4835 2
4837 4
4841 3
4843 1
4845 3
4849 3
4851 4
4853 5
4857 5
4859 1
4861 2
4865 3
4875 1
4877 5
4881 5
4883 2
4885 2
4889 7
4891 1
4893 2
4897 3
4899 1
4901 7
4905 4
4913 3
4917 6
4923 3
4925 4
4929 2
4931 1
4933 1
4941 6
4945 2
4949 1
4953 2
4955 1
4957 1
4961 5
4965 1
4969 4
4973 1
4977 2
4979 3
4981 1
4987 2
4989 2
4993 3
4995 3
4997 2
5001 7
5009 2
5013 1
5021 2
5027 2
5029 4
5035 2
5037 2
5043 2
5045 7
5049 2
5051 2
5053 2
5057 1
5061 1
5067 4
5069 3
5073 2
5075 2
5077 3
5081 5
5083 1
5085 2
5089 2
5091 1
5093 4
5097 3
5099 3
5101 2
5105 4
5109 3
5113 2
5115 2
5117 2
5121 5
5123 1
5129 3
5133 2
5137 1
5139 2
5141 3
5149 1
5153 2
5155 1
5157 3
5161 2
5163 1
5165 5
5169 5
5171 1
5177 1
5179 1
5181 1
5185 1
5187 1
5189 4
5197 1
5201 1
5203 1
5205 1
5209 2
5211 3
5213 1
5217 1
5219 2
5221 3
5225 3
5229 2
5235 4
5237 1
5243 2
5245 1
5249 3
5253 1
5257 1
5259 1
5261 4
5265 2
5269 3
5273 1
5275 1
5283 1
5285 3
5291 3
5297 1
5301 2
5307 1
5309 2
5315 1
5323 1
5325 2
5333 2
5339 3
5345 2
5347 1
5353 1
5361 3
5363 2
5369 2
5373 1
5377 1
5379 2
5381 2
5385 1
5387 1
5393 2
5397 2
5411 2
5425 1
5429 1
5435 4
5437 1
5441 2
5459 1
5465 1
5481 4
5489 1
5493 2
5501 1
5505 1
5509 2
5513 3
5515 2
5521 1
5525 1
5529 3
5561 1
5569 1
5573 2
5577 2
5579 2
5585 1
5589 3
5613 2
5619 1
5621 3
5625 1
5627 1
5633 2
5635 1
5637 2
5645 2
5651 2
5659 1
5661 1
5669 1
5677 1
5681 1
5689 1
5697 2
5701 1
5709 1
5715 1
5729 1
5731 2
5739 2
5745 2
5749 3
5765 1
5769 1
5771 1
5787 1
5801 1
5803 1
5805 1
5819 1
5821 1
5829 1
5837 2
5841 3
5845 2
5849 1
5859 1
5861 1
5877 2
5897 1
5899 1
5909 1
5921 2
5925 1
5929 1
5937 1
5949 3
5963 1
5979 1
5981 1
5987 1
5993 1
6003 1
6021 1
6035 1
6037 1
6065 2
6067 1
6101 1
6107 1
6125 1
6145 1
6165 1
6181 1
6197 2
6221 2
6245 2
6251 1
6259 1
6299 1
6317 1
6333 1
6363 1
6395 1
6413 1
6459 1
6483 1
6629 1
6641 1
6661 1
6665 1
6673 1
6761 2
6795 1
6869 1
6881 1
6913 1
7001 1
7005 1
7065 1
7115 1
7195 1
7365 1
7497 1
7925 1
8349 1
14867 1
15461 1
15793 1
15817 1
16219 1
16379 1
16419 1
16723 1
18437 1
18541 1
19041 1
19949 1
22269 1
22301 1
22725 1
22777 1
23133 1
23485 1
23749 1
24573 1
24885 1
25044 1
25441 1
25809 1
26019 1
26153 1
26533 1
27129 1
27185 1
27371 1
28337 1
28357 1
28397 1
28601 1
28825 1
29509 1
30077 1
30965 1
31011 1
31073 1
31259 1
31349 1
31677 1
31723 1
31877 1
31979 1
32009 1
32253 1
32457 1
32725 1
32753 2
33085 1
33089 1
33123 1
33171 1
33395 1
33689 1
34245 1
34956 1
35613 1
35709 1
37369 1
38090 1
38552 1
40998 1
41346 1
41746 1
42030 1
44164 1
44180 1
44246 1
44440 1
45008 1
45521 1
46136 1
46234 1
47382 1
47534 1
48777 1
50202 1
62702 1
