N J h mean_R_sq err_mean_R_sq mean_R_gyr_sq err_mean_R_gyr_sq 
600 0.882 0 979.923 13.2333 885.301 9.03141
1 75
3 120
5 351
9 448
11 369
13 355
17 671
19 329
21 706
25 433
27 456
29 962
33 680
35 637
37 322
41 1280
43 335
45 900
49 691
51 618
53 947
57 607
59 878
61 881
65 1099
67 280
69 1099
73 534
75 617
77 1173
81 1179
83 790
85 525
89 1576
91 503
93 483
97 525
99 764
101 1765
105 910
107 757
109 719
113 921
115 436
117 1105
121 784
123 453
125 1354
129 1315
131 1080
133 423
137 856
139 659
141 872
145 818
147 479
149 1424
153 1194
155 783
157 615
161 1566
163 176
165 815
169 604
171 922
173 1287
177 422
179 941
181 976
185 1439
187 343
189 1388
193 348
195 698
197 868
201 1069
203 660
205 704
209 1706
211 494
213 621
217 615
219 669
221 1305
225 948
227 765
229 773
233 904
235 273
237 933
241 979
243 688
245 1050
249 902
251 991
253 290
257 1171
259 575
261 1279
265 539
267 298
269 1573
273 548
275 718
277 398
281 1355
283 410
285 1045
289 605
291 546
293 1132
297 1061
299 1051
301 540
305 1021
307 393
309 780
313 546
315 762
317 627
321 1221
323 516
325 839
329 1448
331 345
333 619
337 476
339 694
341 1761
345 485
347 564
349 816
353 901
355 441
357 458
361 541
363 484
365 1140
369 1337
371 949
373 505
377 849
379 310
381 1059
385 430
387 515
389 1125
393 658
395 861
397 307
401 1038
403 201
405 939
409 799
411 630
413 982
417 626
419 886
421 517
425 1407
427 186
429 770
433 575
435 383
437 960
441 1048
443 434
445 393
449 944
451 545
453 552
457 373
459 774
461 1417
465 711
467 660
469 712
473 507
475 443
477 770
481 711
483 335
485 890
489 852
491 759
493 545
497 1014
499 275
501 667
505 329
507 352
509 1188
513 687
515 511
517 498
521 1319
523 442
525 835
529 503
531 737
533 466
537 499
539 704
541 434
545 1201
547 230
549 1129
553 312
555 313
557 663
561 637
563 728
565 449
569 1133
571 375
573 610
577 337
579 549
581 1021
585 867
587 494
589 608
593 876
595 278
597 396
601 732
603 382
605 934
609 543
611 695
613 333
617 423
619 342
621 1125
625 439
627 271
629 1263
633 658
635 623
637 505
641 926
643 236
645 516
649 653
651 513
653 421
657 588
659 702
661 559
665 769
667 274
669 384
673 344
675 608
677 917
681 652
683 352
685 369
689 1251
691 326
693 746
697 236
699 611
701 1017
705 681
707 326
709 282
713 740
715 235
717 459
721 443
723 219
725 869
729 782
731 655
733 355
737 579
739 306
741 643
745 427
747 522
749 882
753 320
755 657
757 287
761 1079
763 218
765 566
769 504
771 313
773 709
777 442
779 524
781 525
785 447
787 239
789 811
793 206
795 202
797 775
801 928
803 497
805 406
809 842
811 383
813 325
817 288
819 483
821 749
825 670
827 376
829 555
833 715
835 297
837 411
841 328
843 268
845 731
849 712
851 505
853 237
857 765
859 314
861 557
865 368
867 307
869 722
873 439
875 504
877 237
881 935
883 153
885 560
889 377
891 401
893 624
897 369
899 624
901 549
905 517
907 116
909 885
913 265
915 353
917 422
921 407
923 400
925 288
929 725
931 276
933 341
937 427
939 358
941 912
945 704
947 178
949 249
953 650
955 160
957 324
961 320
963 351
965 843
969 455
971 554
973 213
977 384
979 364
981 553
985 469
987 333
989 683
993 221
995 304
997 278
1001 758
1003 148
1005 309
1009 367
1011 471
1013 482
1017 434
1019 469
1021 402
1025 708
1027 144
1029 557
1033 222
1035 340
1037 343
1041 646
1043 269
1045 283
1049 834
1051 175
1053 588
1057 267
1059 226
1061 452
1065 265
1067 391
1069 519
1073 420
1075 225
1077 402
1081 271
1083 209
1085 464
1089 548
1091 555
1093 178
1097 558
1099 205
1101 470
1105 272
1107 284
1109 815
1113 222
1115 305
1117 232
1121 679
1123 156
1125 572
1129 240
1131 272
1133 433
1137 327
1139 488
1141 392
1145 360
1147 178
1149 228
1153 224
1155 226
1157 418
1161 717
1163 189
1165 285
1169 749
1171 210
1173 330
1177 187
1179 488
1181 694
1185 244
1187 248
1189 268
1193 503
1195 231
1197 299
1201 245
1203 155
1205 562
1209 513
1211 378
1213 152
1217 445
1219 176
1221 438
1225 301
1227 91
1229 512
1233 326
1235 340
1237 175
1241 391
1243 112
1245 443
1249 429
1251 369
1253 435
1257 240
1259 342
1261 275
1265 482
1267 166
1269 413
1273 257
1275 255
1277 422
1281 278
1283 271
1285 136
1289 457
1291 230
1293 284
1297 151
1299 195
1301 667
1305 460
1307 278
1309 265
1313 287
1315 140
1317 254
1321 274
1323 212
1325 452
1329 417
1331 254
1333 216
1337 268
1339 205
1341 472
1345 165
1347 142
1349 598
1353 159
1355 274
1357 175
1361 643
1363 131
1365 194
1369 191
1371 249
1373 206
1377 378
1379 359
1381 279
1385 542
1387 84
1389 331
1393 151
1395 265
1397 263
1401 298
1403 290
1405 257
1409 385
1411 71
1413 300
1417 171
1419 281
1421 562
1425 307
1427 299
1429 219
1433 342
1435 80
1437 253
1441 276
1443 164
1445 400
1449 458
1451 286
1453 143
1457 259
1459 205
1461 250
1465 181
1467 82
1469 551
1473 265
1475 264
1477 136
1481 501
1483 106
1485 317
1489 208
1491 220
1493 224
1497 181
1499 251
1501 245
1505 365
1507 69
1509 368
1513 160
1515 226
1517 433
1521 282
1523 120
1525 288
1529 470
1531 174
1533 220
1537 142
1539 313
1541 338
1545 234
1547 202
1549 144
1553 315
1555 81
1557 330
1561 283
1563 90
1565 255
1569 249
1571 273
1573 199
1577 242
1579 147
1581 323
1585 189
1587 130
1589 407
1593 139
1595 220
1597 123
1601 446
1603 101
1605 119
1609 259
1611 238
1613 345
1617 211
1619 228
1621 143
1625 375
1627 97
1629 393
1633 114
1635 149
1637 307
1641 309
1643 165
1645 131
1649 335
1651 134
1653 119
1657 117
1659 118
1661 352
1665 306
1667 190
1669 206
1673 229
1675 107
1677 89
1681 129
1683 135
1685 383
1689 255
1691 222
1693 155
1697 194
1699 167
1701 356
1705 105
1707 155
1709 284
1713 267
1715 228
1717 118
1721 351
1723 63
1725 306
1729 147
1731 114
1733 224
1737 132
1739 278
1741 184
1745 248
1747 67
1749 255
1753 130
1755 215
1757 207
1761 121
1763 149
1765 122
1769 402
1771 101
1773 218
1777 166
1779 120
1781 435
1785 219
1787 84
1789 153
1793 219
1795 91
1797 158
1801 168
1803 105
1805 251
1809 311
1811 271
1813 118
1817 228
1819 121
1821 219
1825 162
1827 154
1829 239
1833 133
1835 104
1837 147
1841 246
1843 67
1845 235
1849 127
1851 158
1853 194
1857 118
1859 153
1861 199
1865 273
1867 52
1869 239
1873 69
1875 141
1877 187
1881 332
1883 152
1885 87
1889 380
1891 99
1893 117
1897 78
1899 171
1901 218
1905 122
1907 132
1909 150
1913 217
1915 55
1917 155
1921 199
1923 105
1925 294
1929 163
1931 206
1933 83
1937 267
1939 78
1941 124
1945 86
1947 92
1949 324
1953 201
1955 127
1957 73
1961 161
1963 60
1965 192
1969 96
1971 173
1973 200
1977 143
1979 208
1981 81
1985 184
1987 53
1989 246
1993 108
1995 82
1997 198
2001 199
2003 81
2005 164
2009 274
2011 70
2013 75
2017 72
2019 161
2021 286
2025 172
2027 121
2029 150
2033 111
2035 69
2037 105
2041 134
2043 143
2045 214
2049 148
2051 159
2053 70
2057 184
2059 73
2061 232
2065 112
2067 53
2069 146
2073 82
2075 167
2077 63
2081 255
2083 66
2085 149
2089 208
2091 91
2093 191
2097 156
2099 180
2101 84
2105 195
2107 73
2109 157
2113 56
2115 76
2117 165
2121 175
2123 109
2125 90
2129 233
2131 105
2133 195
2137 68
2139 55
2141 287
2145 122
2147 88
2149 107
2153 145
2155 90
2157 110
2161 131
2163 68
2165 120
2169 221
2171 98
2173 71
2177 141
2179 44
2181 123
2185 91
2187 106
2189 210
2193 106
2195 112
2197 94
2201 219
2203 35
2205 153
2209 84
2211 126
2213 157
2217 105
2219 151
2221 58
2225 236
2227 51
2229 144
2233 56
2235 75
2237 101
2241 162
2243 81
2245 115
2249 136
2251 47
2253 131
2257 86
2259 129
2261 244
2265 121
2267 84
2269 99
2273 147
2275 64
2277 77
2281 71
2283 45
2285 189
2289 91
2291 118
2293 50
2297 124
2299 56
2301 154
2305 67
2307 55
2309 192
2313 124
2315 115
2317 68
2321 157
2323 47
2325 72
2329 85
2331 121
2333 104
2337 114
2339 135
2341 98
2345 146
2347 27
2349 175
2353 56
2355 66
2357 128
2361 104
2363 59
2365 107
2369 182
2371 60
2373 65
2377 53
2379 108
2381 90
2385 111
2387 78
2389 97
2393 172
2395 55
2397 83
2401 87
2403 30
2405 132
2409 92
2411 131
2413 89
2417 94
2419 38
2421 155
2425 71
2427 72
2429 125
2433 68
2435 108
2437 56
2441 198
2443 29
2445 77
2449 104
2451 33
2453 130
2457 99
2459 87
2461 75
2465 77
2467 34
2469 140
2473 54
2475 72
2477 75
2481 113
2483 92
2485 63
2489 95
2491 57
2493 71
2497 62
2499 87
2501 122
2505 92
2507 52
2509 80
2513 84
2515 28
2517 42
2521 88
2523 50
2525 157
2529 125
2531 79
2533 41
2537 147
2539 45
2541 93
2545 54
2547 73
2549 148
2553 58
2555 64
2557 40
2561 143
2563 25
2565 157
2569 64
2571 47
2573 102
2577 36
2579 101
2581 67
2585 76
2587 25
2589 73
2593 43
2595 60
2597 128
2601 88
2603 85
2605 31
2609 184
2611 33
2613 36
2617 58
2619 63
2621 160
2625 87
2627 57
2629 49
2633 65
2635 46
2637 122
2641 43
2643 30
2645 115
2649 77
2651 90
2653 54
2657 64
2659 46
2661 93
2665 66
2667 24
2669 126
2673 95
2675 74
2677 37
2681 111
2683 23
2685 37
2689 47
2691 87
2693 76
2697 33
2699 50
2701 78
2705 129
2707 27
2709 71
2713 31
2715 28
2717 60
2721 88
2723 46
2725 55
2729 141
2731 41
2733 65
2737 26
2739 40
2741 91
2745 75
2747 57
2749 72
2753 71
2755 31
2757 69
2761 52
2763 54
2765 96
2769 53
2771 98
2773 25
2777 85
2779 36
2781 89
2785 48
2787 23
2789 142
2793 56
2795 35
2797 28
2801 80
2803 28
2805 76
2809 43
2811 37
2813 94
2817 68
2819 66
2821 47
2825 81
2827 26
2829 53
2833 46
2835 63
2837 68
2841 63
2843 49
2845 56
2849 101
2851 26
2853 43
2857 22
2859 51
2861 88
2865 50
2867 27
2869 56
2873 73
2875 42
2877 66
2881 34
2883 22
2885 45
2889 118
2891 54
2893 24
2897 56
2899 21
2901 84
2905 29
2907 34
2909 93
2913 41
2915 56
2917 31
2921 103
2923 13
2925 83
2929 62
2931 40
2933 48
2937 25
2939 72
2941 39
2945 88
2947 23
2949 46
2953 31
2955 38
2957 72
2961 88
2963 42
2965 30
2969 48
2971 27
2973 30
2977 27
2979 33
2981 111
2985 37
2987 44
2989 53
2993 58
2995 18
2997 38
3001 58
3003 14
3005 65
3009 64
3011 50
3013 35
3017 61
3019 18
3021 40
3025 41
3027 35
3029 68
3033 38
3035 29
3037 24
3041 91
3043 20
3045 42
3049 37
3051 66
3053 39
3057 35
3059 55
3061 43
3065 66
3067 13
3069 78
3073 26
3075 42
3077 47
3081 49
3083 34
3085 23
3089 47
3091 18
3093 45
3097 29
3099 43
3101 73
3105 36
3107 43
3109 28
3113 50
3115 25
3117 17
3121 32
3123 29
3125 72
3129 53
3131 46
3133 10
3137 43
3139 17
3141 67
3145 41
3147 15
3149 54
3153 30
3155 49
3157 24
3161 66
3163 13
3165 29
3169 36
3171 26
3173 44
3177 45
3179 35
3181 53
3185 67
3187 15
3189 48
3193 15
3195 37
3197 67
3201 42
3203 23
3205 18
3209 56
3211 33
3213 36
3217 10
3219 24
3221 54
3225 45
3227 20
3229 30
3233 53
3235 10
3237 28
3241 33
3243 9
3245 41
3249 45
3251 68
3253 25
3257 23
3259 14
3261 37
3265 13
3267 31
3269 53
3273 31
3275 30
3277 15
3281 60
3283 22
3285 56
3289 34
3291 13
3293 31
3297 32
3299 31
3301 29
3305 35
3307 14
3309 34
3313 13
3315 8
3317 41
3321 69
3323 24
3325 17
3329 49
3331 29
3333 18
3337 14
3339 44
3341 57
3345 28
3347 17
3349 18
3353 28
3355 15
3357 36
3361 15
3363 20
3365 53
3369 12
3371 30
3373 8
3377 46
3379 25
3381 36
3385 14
3387 12
3389 30
3393 37
3395 26
3397 16
3401 74
3403 13
3405 31
3409 32
3411 22
3413 26
3417 22
3419 39
3421 34
3425 38
3427 6
3429 50
3433 14
3435 23
3437 22
3441 25
3443 20
3445 13
3449 56
3451 16
3453 23
3457 15
3459 11
3461 47
3465 23
3467 31
3469 19
3473 24
3475 16
3477 27
3481 21
3483 24
3485 39
3489 40
3491 30
3493 21
3497 14
3499 15
3501 36
3505 18
3507 8
3509 39
3513 24
3515 31
3517 16
3521 28
3523 10
3525 26
3529 14
3531 17
3533 44
3537 22
3539 38
3541 29
3545 44
3547 8
3549 30
3553 12
3555 25
3557 19
3561 41
3563 21
3565 10
3569 35
3571 13
3573 13
3577 8
3579 16
3581 22
3585 17
3587 19
3589 21
3593 14
3595 10
3597 10
3601 26
3603 16
3605 44
3609 28
3611 26
3613 11
3617 35
3619 13
3621 14
3625 20
3627 9
3629 60
3633 14
3635 10
3637 4
3641 28
3643 14
3645 40
3649 19
3651 20
3653 22
3657 25
3659 34
3661 20
3665 15
3667 8
3669 25
3673 13
3675 18
3677 16
3681 33
3683 9
3685 20
3689 35
3691 16
3693 15
3697 17
3699 19
3701 40
3705 13
3707 14
3709 16
3713 20
3715 10
3717 35
3721 17
3723 14
3725 32
3729 16
3731 24
3733 9
3737 19
3739 10
3741 25
3745 13
3747 13
3749 28
3753 21
3755 19
3757 18
3761 26
3763 6
3765 10
3769 18
3771 19
3773 31
3777 11
3779 28
3781 20
3785 14
3787 7
3789 25
3793 13
3795 7
3797 30
3801 19
3803 6
3805 13
3809 24
3811 12
3813 10
3817 12
3819 12
3821 35
3825 38
3827 16
3829 17
3833 18
3835 10
3837 10
3841 21
3843 6
3845 17
3849 29
3851 20
3853 7
3857 22
3859 7
3861 21
3865 10
3867 16
3869 30
3873 9
3875 20
3877 12
3881 27
3883 5
3885 12
3889 19
3891 18
3893 13
3897 23
3899 22
3901 8
3905 16
3907 3
3909 34
3913 6
3915 8
3917 17
3921 12
3923 9
3925 15
3929 45
3931 13
3933 23
3937 5
3939 12
3941 14
3945 11
3947 7
3949 10
3953 19
3955 1
3957 3
3961 14
3963 7
3965 15
3969 21
3971 7
3973 5
3977 13
3979 13
3981 21
3985 8
3987 10
3989 30
3993 12
3995 16
3997 6
4001 28
4003 6
4005 11
4009 14
4011 9
4013 10
4017 16
4019 11
4021 15
4025 17
4027 11
4029 6
4033 4
4035 9
4037 12
4041 18
4043 14
4045 13
4049 13
4051 7
4053 10
4057 2
4059 14
4061 21
4065 16
4067 7
4069 8
4073 17
4075 6
4077 13
4081 15
4085 13
4089 9
4091 17
4093 11
4097 11
4099 8
4101 18
4105 17
4107 10
4109 25
4113 9
4115 13
4117 4
4121 26
4123 4
4125 13
4129 11
4131 12
4133 20
4137 8
4139 9
4141 9
4145 13
4147 4
4149 14
4153 6
4155 8
4157 19
4161 22
4163 14
4165 5
4169 20
4171 7
4173 5
4177 14
4179 14
4181 11
4185 16
4187 9
4189 4
4193 15
4195 2
4197 8
4201 7
4203 8
4205 12
4209 20
4211 12
4213 9
4217 9
4219 7
4221 13
4225 10
4227 7
4229 11
4233 7
4235 7
4237 1
4241 22
4243 6
4245 9
4249 4
4251 8
4253 8
4257 8
4259 20
4261 6
4265 12
4267 2
4269 14
4273 8
4275 11
4277 10
4281 6
4283 11
4285 4
4289 18
4291 7
4293 11
4297 6
4299 9
4301 7
4305 10
4307 3
4309 5
4313 19
4315 6
4317 10
4321 1
4323 4
4325 19
4329 10
4331 11
4333 4
4337 6
4339 7
4341 9
4345 8
4347 8
4349 6
4353 7
4355 5
4357 3
4361 10
4363 3
4365 8
4369 9
4371 4
4373 22
4377 15
4379 3
4381 7
4385 23
4387 1
4389 11
4393 4
4395 3
4397 8
4401 12
4403 3
4405 6
4409 7
4411 4
4413 5
4417 7
4419 6
4421 16
4425 6
4427 5
4429 14
4433 15
4435 4
4437 11
4441 8
4443 2
4445 12
4449 9
4451 5
4453 2
4457 18
4459 3
4461 7
4465 8
4467 2
4469 14
4473 9
4475 8
4477 1
4481 8
4483 1
4485 5
4489 6
4491 4
4493 6
4497 6
4499 11
4501 13
4505 10
4507 4
4509 7
4513 2
4515 3
4517 9
4521 12
4523 9
4525 5
4529 10
4531 3
4533 6
4537 3
4539 6
4541 17
4545 7
4547 5
4549 6
4553 7
4555 6
4557 5
4561 5
4563 1
4565 6
4569 5
4571 8
4573 3
4577 4
4579 3
4581 10
4585 2
4587 5
4589 9
4593 6
4595 4
4597 3
4601 5
4603 3
4605 9
4609 3
4611 9
4613 12
4617 4
4619 10
4621 1
4625 13
4627 3
4629 7
4633 5
4635 6
4641 6
4643 4
4645 4
4649 12
4651 2
4653 8
4657 4
4659 1
4661 9
4665 5
4667 7
4669 3
4673 12
4675 3
4677 3
4681 4
4683 3
4685 10
4689 13
4691 3
4693 5
4697 4
4699 2
4701 2
4705 6
4707 5
4709 8
4713 3
4715 4
4717 6
4721 12
4723 2
4725 9
4729 1
4733 13
4737 4
4739 7
4741 2
4745 14
4747 1
4749 6
4753 5
4755 1
4757 3
4761 7
4763 6
4765 1
4769 7
4771 3
4773 4
4777 6
4779 3
4781 12
4785 2
4787 5
4789 2
4793 8
4795 3
4797 4
4801 5
4803 1
4805 7
4809 4
4811 4
4813 1
4817 3
4819 3
4821 10
4825 3
4827 3
4829 6
4833 3
4835 5
4837 5
4841 6
4843 4
4845 2
4849 3
4851 7
4853 6
4857 4
4859 4
4861 3
4865 7
4867 4
4869 6
4873 2
4875 6
4877 7
4881 6
4883 2
4885 4
4889 7
4891 6
4893 3
4897 1
4899 2
4901 7
4905 5
4907 5
4909 1
4913 6
4917 5
4921 2
4923 2
4925 9
4929 6
4931 8
4933 1
4937 3
4941 9
4945 3
4947 1
4949 3
4953 3
4955 2
4957 6
4961 5
4963 3
4965 4
4969 7
4971 2
4973 3
4977 3
4979 4
4981 1
4985 2
4987 3
4989 9
4993 1
4995 6
4997 8
5001 5
5003 1
5005 1
5009 1
5011 2
5013 3
5017 2
5019 5
5021 8
5025 5
5027 2
5029 4
5033 5
5035 1
5041 2
5043 2
5045 9
5049 6
5051 3
5053 6
5057 5
5059 2
5061 1
5065 4
5067 1
5069 3
5073 6
5075 2
5077 1
5081 6
5085 3
5091 2
5093 1
5097 1
5099 5
5101 1
5105 2
5109 1
5113 6
5115 2
5117 3
5121 7
5123 7
5129 4
5133 3
5137 2
5139 4
5141 4
5145 2
5147 1
5149 2
5153 5
5157 5
5163 2
5165 2
5169 2
5173 4
5177 3
5181 5
5185 2
5187 1
5189 3
5193 2
5197 4
5201 9
5205 2
5209 4
5211 6
5213 4
5219 2
5221 1
5225 4
5227 3
5229 3
5233 1
5235 3
5237 2
5243 4
5245 1
5249 7
5251 3
5253 3
5257 3
5259 1
5261 1
5265 2
5269 5
5273 2
5275 1
5277 3
5281 2
5283 1
5285 2
5289 4
5291 2
5293 1
5297 1
5301 3
5305 1
5307 2
5309 4
5321 5
5325 3
5331 1
5333 1
5337 4
5339 3
5341 2
5347 1
5349 4
5353 3
5355 2
5363 1
5365 2
5369 6
5371 1
5373 2
5377 3
5379 1
5381 2
5385 4
5389 5
5393 5
5405 4
5409 2
5411 5
5413 1
5417 4
5419 1
5421 1
5427 2
5429 4
5433 1
5437 2
5441 4
5445 2
5449 3
5451 2
5453 2
5459 1
5461 2
5465 6
5469 1
5473 2
5475 1
5477 3
5481 2
5483 1
5489 1
5491 1
5493 1
5499 4
5505 4
5507 1
5509 1
5513 1
5515 2
5517 1
5521 1
5525 4
5529 2
5531 2
5533 2
5537 4
5539 1
5541 3
5549 2
5557 3
5561 4
5563 1
5565 3
5569 2
5573 2
5577 1
5579 4
5585 6
5589 9
5593 2
5597 3
5601 3
5603 2
5609 1
5611 2
5617 1
5619 1
5621 2
5629 1
5633 3
5635 1
5641 2
5643 1
5645 1
5649 2
5651 1
5657 2
5661 2
5665 1
5667 1
5669 4
5673 1
5675 5
5681 1
5691 3
5693 2
5697 1
5699 1
5705 1
5707 1
5709 1
5713 3
5715 1
5717 1
5725 1
5729 2
5731 3
5733 2
5739 1
5741 2
5747 1
5749 1
5753 2
5763 1
5765 3
5771 1
5779 2
5781 3
5789 1
5795 2
5801 1
5803 2
5809 2
5821 1
5825 1
5829 1
5835 1
5841 4
5843 1
5849 1
5851 1
5853 1
5861 2
5865 2
5867 1
5869 2
5875 1
5885 2
5893 1
5899 1
5907 2
5909 3
5913 1
5915 3
5917 3
5921 1
5925 3
5929 1
5931 1
5939 3
5941 1
5945 2
5947 1
5949 3
5955 1
5965 1
5969 3
5973 1
5989 1
5997 2
6003 1
6005 3
6009 1
6011 1
6017 2
6019 1
6033 1
6037 1
6045 2
6049 1
6051 2
6053 1
6061 2
6065 2
6067 2
6069 2
6073 1
6075 1
6081 2
6085 2
6089 5
6093 2
6097 1
6099 1
6101 2
6107 1
6109 2
6117 1
6125 4
6129 1
6149 1
6161 1
6165 1
6179 3
6185 1
6189 1
6197 1
6201 1
6203 3
6213 1
6221 2
6225 3
6227 2
6235 1
6243 1
6249 1
6253 1
6269 4
6275 2
6277 1
6283 1
6289 1
6293 1
6299 2
6301 1
6321 2
6329 2
6331 1
6353 1
6361 1
6365 1
6377 1
6387 1
6389 1
6395 1
6397 1
6413 2
6425 2
6433 1
6435 1
6437 2
6445 1
6461 1
6469 2
6477 1
6481 1
6485 1
6499 1
6505 1
6509 1
6521 1
6525 1
6545 1
6555 1
6561 1
6569 1
6571 2
6573 1
6589 1
6617 1
6621 1
6629 1
6653 1
6657 1
6665 1
6673 1
6675 1
6683 1
6713 1
6715 1
6733 1
6761 1
6773 1
6785 1
6795 1
6797 1
6803 1
6809 1
6821 1
6849 2
6851 1
6861 1
6881 2
6889 1
6893 1
6899 1
6905 1
6923 1
6933 1
6949 2
6953 1
6955 1
6977 1
6993 1
6995 1
7005 1
7017 2
7025 1
7077 1
7091 1
7097 1
7113 1
7131 1
7133 1
7181 1
7193 1
7195 1
7209 2
7237 1
7241 1
7245 1
7249 1
7277 1
7291 1
7293 1
7373 1
7377 1
7389 1
7401 1
7419 1
7501 1
7579 1
7605 1
7621 1
7641 1
7749 1
7757 2
7765 1
7869 1
7881 1
7939 1
7965 1
7973 1
8009 1
8033 1
8093 1
8121 1
8145 1
8213 1
8261 1
8277 1
8313 1
8315 1
8329 1
8401 1
8403 1
8477 1
8501 1
8579 2
8601 1
8665 1
8757 1
8865 2
8939 1
8977 1
9057 1
9241 1
9413 1
9429 1
9705 1
10179 1
10293 1
10385 1
10485 1
10597 1
10617 1
10805 1
11065 1
11237 1
11385 1
11457 1
11513 1
11613 1
12453 1
17438 1
18309 1
26088 1
29666 1
42644 1
45002 1
45382 1
45782 1
45998 1
48249 1
48673 1
49131 1
49253 1
49770 1
49802 1
51842 1
52598 1
52609 1
52868 1
53450 1
54180 1
59837 1
62990 1
77832 1
78612 1
88341 1
