N J h mean_R_sq err_mean_R_sq mean_R_gyr_sq err_mean_R_gyr_sq 
600 0.83 0 1434.01 16.062 600.395 3.17695
1 4
3 2
5 7
9 9
11 11
13 14
17 13
19 8
21 25
25 13
27 17
29 31
33 36
35 20
37 12
41 33
43 12
45 31
49 24
51 20
53 29
57 21
59 32
61 34
65 50
67 10
69 43
73 21
75 22
77 48
81 61
83 23
85 27
89 65
91 31
93 18
97 14
99 41
101 67
105 53
107 38
109 35
113 47
115 18
117 49
121 41
123 23
125 75
129 62
131 29
133 23
137 39
139 37
141 43
145 36
147 20
149 82
153 59
155 39
157 27
161 93
163 13
165 52
169 39
171 49
173 74
177 27
179 60
181 66
185 73
187 22
189 81
193 20
195 36
197 52
201 80
203 40
205 59
209 108
211 32
213 47
217 36
219 53
221 74
225 70
227 47
229 57
233 61
235 16
237 67
241 57
243 40
245 75
249 62
251 75
253 27
257 94
259 42
261 92
265 24
267 26
269 106
273 42
275 61
277 41
281 108
283 29
285 74
289 39
291 40
293 84
297 93
299 77
301 44
305 62
307 26
309 64
313 53
315 53
317 35
321 97
323 45
325 71
329 108
331 43
333 38
337 34
339 67
341 117
345 36
347 56
349 70
353 75
355 47
357 36
361 60
363 46
365 79
369 117
371 62
373 54
377 73
379 27
381 92
385 43
387 56
389 99
393 56
395 66
397 34
401 99
403 17
405 82
409 61
411 43
413 96
417 57
419 85
421 53
425 117
427 18
429 78
433 44
435 40
437 88
441 101
443 39
445 39
449 108
451 62
453 50
457 30
459 70
461 140
465 73
467 66
469 65
473 51
475 32
477 89
481 63
483 34
485 86
489 78
491 72
493 48
497 103
499 22
501 66
505 39
507 34
509 123
513 54
515 48
517 49
521 123
523 39
525 90
529 67
531 72
533 48
537 62
539 65
541 46
545 107
547 28
549 110
553 22
555 37
557 71
561 65
563 71
565 38
569 138
571 31
573 54
577 24
579 62
581 112
585 98
587 57
589 56
593 98
595 25
597 58
601 73
603 41
605 103
609 63
611 86
613 38
617 54
619 49
621 122
625 45
627 45
629 133
633 66
635 79
637 55
641 110
643 19
645 61
649 90
651 56
653 43
657 71
659 70
661 64
665 104
667 40
669 42
673 51
675 60
677 95
681 74
683 41
685 44
689 147
691 39
693 96
697 25
699 73
701 125
705 91
707 42
709 36
713 92
715 35
717 77
721 59
723 19
725 110
729 89
731 75
733 48
737 75
739 25
741 81
745 59
747 52
749 106
753 34
755 89
757 34
761 144
763 28
765 64
769 65
771 45
773 90
777 56
779 61
781 69
785 56
787 32
789 106
793 28
795 34
797 113
801 116
803 82
805 48
809 114
811 48
813 31
817 48
819 76
821 96
825 79
827 44
829 66
833 102
835 41
837 53
841 43
843 32
845 93
849 85
851 56
853 34
857 93
859 49
861 69
865 51
867 55
869 89
873 76
875 84
877 41
881 128
883 16
885 77
889 58
891 68
893 82
897 48
899 70
901 74
905 66
907 26
909 124
913 45
915 55
917 58
921 60
923 56
925 46
929 106
931 50
933 47
937 60
939 43
941 131
945 80
947 34
949 42
953 84
955 31
957 39
961 41
963 41
965 130
969 73
971 96
973 35
977 61
979 42
981 82
985 71
987 50
989 83
993 43
995 54
997 31
1001 108
1003 11
1005 43
1009 64
1011 75
1013 78
1017 75
1019 74
1021 59
1025 93
1027 26
1029 99
1033 32
1035 65
1037 40
1041 101
1043 50
1045 43
1049 85
1051 19
1053 96
1057 52
1059 39
1061 66
1065 36
1067 71
1069 71
1073 67
1075 39
1077 62
1081 35
1083 29
1085 72
1089 68
1091 85
1093 22
1097 92
1099 33
1101 63
1105 32
1107 37
1109 115
1113 51
1115 48
1117 28
1121 112
1123 21
1125 100
1129 45
1131 45
1133 71
1137 52
1139 90
1141 64
1145 53
1147 34
1149 45
1153 33
1155 42
1157 88
1161 125
1163 28
1165 61
1169 119
1171 40
1173 47
1177 25
1179 82
1181 126
1185 33
1187 54
1189 49
1193 66
1195 38
1197 42
1201 38
1203 30
1205 91
1209 96
1211 55
1213 20
1217 75
1219 25
1221 63
1225 41
1227 18
1229 83
1233 44
1235 64
1237 33
1241 56
1243 14
1245 65
1249 63
1251 61
1253 66
1257 44
1259 69
1261 45
1265 84
1267 30
1269 59
1273 25
1275 48
1277 77
1281 48
1283 42
1285 18
1289 79
1291 36
1293 37
1297 20
1299 30
1301 96
1305 81
1307 52
1309 37
1313 48
1315 20
1317 33
1321 54
1323 48
1325 82
1329 81
1331 45
1333 35
1337 59
1339 25
1341 78
1345 24
1347 18
1349 117
1353 27
1355 48
1357 44
1361 112
1363 27
1365 42
1369 40
1371 39
1373 25
1377 50
1379 62
1381 56
1385 95
1387 17
1389 57
1393 34
1395 40
1397 38
1401 44
1403 63
1405 47
1409 62
1411 17
1413 52
1417 27
1419 47
1421 104
1425 66
1427 51
1429 40
1433 70
1435 16
1437 46
1441 48
1443 29
1445 88
1449 92
1451 48
1453 29
1457 46
1459 27
1461 44
1465 35
1467 20
1469 69
1473 50
1475 55
1477 22
1481 97
1483 27
1485 48
1489 44
1491 43
1493 27
1497 32
1499 36
1501 41
1505 80
1507 16
1509 70
1513 26
1515 48
1517 67
1521 57
1523 23
1525 49
1529 81
1531 28
1533 37
1537 20
1539 46
1541 59
1545 47
1547 38
1549 32
1553 56
1555 11
1557 79
1561 48
1563 19
1565 42
1569 46
1571 54
1573 36
1577 49
1579 36
1581 60
1585 40
1587 24
1589 78
1593 25
1595 47
1597 15
1601 78
1603 13
1605 26
1609 40
1611 47
1613 71
1617 37
1619 48
1621 35
1625 80
1627 16
1629 69
1633 26
1635 25
1637 50
1641 58
1643 39
1645 29
1649 69
1651 27
1653 19
1657 30
1659 33
1661 64
1665 75
1667 27
1669 35
1673 49
1675 21
1677 29
1681 32
1683 27
1685 83
1689 60
1691 49
1693 22
1697 39
1699 24
1701 71
1705 30
1707 25
1709 52
1713 49
1715 48
1717 26
1721 62
1723 14
1725 45
1729 35
1731 18
1733 47
1737 23
1739 44
1741 30
1745 54
1747 10
1749 52
1753 26
1755 39
1757 40
1761 32
1763 24
1765 22
1769 106
1771 20
1773 42
1777 23
1779 32
1781 88
1785 46
1787 17
1789 45
1793 48
1795 22
1797 24
1801 27
1803 16
1805 57
1809 57
1811 44
1813 26
1817 52
1819 26
1821 52
1825 30
1827 40
1829 49
1833 39
1835 17
1837 39
1841 43
1843 16
1845 50
1849 24
1851 37
1853 40
1857 26
1859 38
1861 42
1865 53
1867 15
1869 46
1873 9
1875 28
1877 32
1881 75
1883 21
1885 20
1889 76
1891 22
1893 22
1897 8
1899 37
1901 43
1905 34
1907 32
1909 25
1913 38
1915 10
1917 36
1921 55
1923 24
1925 72
1929 20
1931 45
1933 21
1937 47
1939 14
1941 29
1945 16
1947 22
1949 68
1953 42
1955 30
1957 11
1961 42
1963 21
1965 51
1969 17
1971 40
1973 41
1977 34
1979 39
1981 18
1985 42
1987 8
1989 56
1993 18
1995 18
1997 44
2001 59
2003 15
2005 35
2009 53
2011 9
2013 12
2017 7
2019 39
2021 71
2025 31
2027 10
2029 25
2033 24
2035 17
2037 28
2041 32
2043 34
2045 49
2049 31
2051 41
2053 11
2057 44
2059 11
2061 45
2065 24
2067 15
2069 35
2073 21
2075 24
2077 13
2081 51
2083 12
2085 29
2089 34
2091 25
2093 45
2097 40
2099 27
2101 19
2105 40
2107 18
2109 38
2113 16
2115 19
2117 35
2121 33
2123 20
2125 14
2129 47
2131 26
2133 48
2137 12
2139 14
2141 71
2145 25
2147 34
2149 22
2153 35
2155 19
2157 21
2161 35
2163 9
2165 15
2169 37
2171 24
2173 12
2177 38
2179 8
2181 26
2185 17
2187 18
2189 52
2193 17
2195 25
2197 21
2201 51
2203 12
2205 37
2209 17
2211 31
2213 33
2217 17
2219 35
2221 11
2225 57
2227 10
2229 37
2233 15
2235 16
2237 17
2241 40
2243 18
2245 20
2249 20
2251 16
2253 25
2257 17
2259 39
2261 59
2265 31
2267 17
2269 27
2273 35
2275 14
2277 14
2281 12
2283 8
2285 47
2289 28
2291 28
2293 16
2297 38
2299 9
2301 41
2305 13
2307 12
2309 50
2313 29
2315 25
2317 22
2321 36
2323 11
2325 18
2329 29
2331 23
2333 26
2337 20
2339 36
2341 26
2345 36
2347 6
2349 34
2353 8
2355 15
2357 27
2361 36
2363 15
2365 15
2369 49
2371 17
2373 20
2377 11
2379 21
2381 21
2385 29
2387 10
2389 29
2393 31
2395 10
2397 17
2401 24
2403 12
2405 25
2409 28
2411 38
2413 14
2417 18
2419 11
2421 34
2425 14
2427 22
2429 41
2433 13
2435 28
2437 7
2441 43
2443 4
2445 30
2449 25
2451 4
2453 27
2457 19
2459 29
2461 16
2465 19
2467 5
2469 31
2473 12
2475 18
2477 19
2481 34
2483 20
2485 12
2489 32
2491 14
2493 16
2497 16
2499 18
2501 33
2505 22
2507 14
2509 14
2513 14
2515 4
2517 17
2521 20
2523 7
2525 41
2529 38
2531 21
2533 16
2537 30
2539 8
2541 33
2545 17
2547 15
2549 34
2553 23
2555 9
2557 8
2561 33
2563 7
2565 28
2569 19
2571 12
2573 27
2577 5
2579 18
2581 16
2585 24
2587 8
2589 25
2593 13
2595 8
2597 34
2601 21
2603 20
2605 17
2609 49
2611 5
2613 7
2617 15
2619 14
2621 35
2625 24
2627 13
2629 11
2633 19
2635 13
2637 27
2641 9
2643 7
2645 19
2649 22
2651 24
2653 11
2657 15
2659 5
2661 29
2665 17
2667 7
2669 32
2673 24
2675 17
2677 18
2681 40
2683 2
2685 9
2689 12
2691 26
2693 25
2697 9
2699 15
2701 15
2705 34
2707 5
2709 17
2713 5
2715 5
2717 13
2721 22
2723 12
2725 15
2729 40
2731 8
2733 12
2737 5
2739 12
2741 19
2745 19
2747 16
2749 21
2753 13
2755 10
2757 13
2761 17
2763 8
2765 32
2769 14
2771 22
2773 10
2777 16
2779 13
2781 20
2785 10
2787 10
2789 36
2793 7
2795 9
2797 10
2801 22
2803 13
2805 15
2809 11
2811 13
2813 30
2817 17
2819 16
2821 5
2825 19
2827 6
2829 7
2833 13
2835 16
2837 17
2841 14
2843 15
2845 14
2849 29
2851 9
2853 11
2857 7
2859 14
2861 20
2865 12
2867 12
2869 13
2873 16
2875 4
2877 23
2881 5
2883 8
2885 16
2889 34
2891 20
2893 5
2897 15
2899 11
2901 18
2905 11
2907 6
2909 30
2913 16
2915 11
2917 6
2921 21
2923 7
2925 32
2929 18
2931 12
2933 13
2937 12
2939 18
2941 12
2945 25
2947 7
2949 10
2953 6
2955 14
2957 16
2961 23
2963 12
2965 13
2969 21
2971 14
2973 12
2977 5
2979 10
2981 31
2985 11
2987 17
2989 17
2993 24
2995 7
2997 12
3001 17
3003 4
3005 19
3009 17
3011 13
3013 10
3017 16
3021 8
3025 13
3027 8
3029 23
3033 10
3035 16
3037 9
3041 23
3043 10
3045 15
3049 3
3051 15
3053 16
3057 4
3059 12
3061 8
3065 21
3067 6
3069 18
3073 10
3075 10
3077 12
3081 12
3083 4
3085 10
3089 4
3091 2
3093 14
3097 10
3099 13
3101 15
3105 9
3107 15
3109 13
3113 15
3115 6
3117 2
3121 8
3123 12
3125 17
3129 21
3131 15
3133 8
3137 18
3139 4
3141 17
3145 5
3147 7
3149 22
3153 14
3155 12
3157 12
3161 13
3163 6
3165 10
3169 8
3171 11
3173 14
3177 20
3179 12
3181 14
3185 16
3187 7
3189 9
3193 5
3195 10
3197 11
3201 10
3203 7
3205 6
3209 27
3211 7
3213 8
3217 1
3219 8
3221 16
3225 16
3227 7
3229 15
3233 10
3235 4
3237 10
3241 10
3243 3
3245 12
3249 20
3251 15
3253 6
3257 8
3259 5
3261 14
3265 3
3267 8
3269 15
3273 5
3275 10
3277 5
3281 17
3283 2
3285 24
3289 11
3291 2
3293 15
3297 11
3299 13
3301 8
3305 16
3307 6
3309 9
3313 4
3315 1
3317 16
3321 18
3323 9
3325 7
3329 16
3331 9
3333 2
3337 4
3339 16
3341 17
3345 9
3347 1
3349 8
3353 8
3355 6
3357 14
3361 4
3363 7
3365 15
3369 7
3371 6
3373 5
3377 12
3379 6
3381 13
3385 9
3387 6
3389 9
3393 15
3395 12
3401 18
3403 3
3405 9
3409 6
3411 7
3413 14
3417 9
3419 7
3421 7
3425 16
3427 4
3429 17
3433 5
3435 4
3437 6
3441 12
3443 4
3445 7
3449 18
3451 3
3453 4
3457 11
3459 5
3461 22
3465 6
3467 8
3469 5
3473 8
3475 4
3477 4
3481 5
3483 7
3485 12
3489 18
3491 9
3493 12
3497 4
3499 6
3501 7
3505 8
3507 2
3509 14
3513 6
3515 11
3517 6
3521 6
3523 2
3525 5
3529 7
3531 3
3533 13
3537 6
3539 7
3541 5
3545 12
3547 2
3549 10
3553 3
3555 5
3557 5
3561 13
3563 9
3565 2
3569 7
3571 4
3573 4
3577 1
3579 5
3581 8
3585 9
3587 7
3589 5
3593 7
3595 2
3597 5
3601 10
3603 5
3605 13
3609 9
3611 5
3613 7
3617 5
3619 3
3621 5
3625 10
3627 2
3629 12
3633 5
3635 3
3637 1
3641 19
3645 8
3649 7
3651 2
3653 6
3657 6
3659 5
3661 1
3665 7
3667 1
3669 5
3673 4
3675 7
3677 1
3681 16
3683 2
3685 2
3689 11
3691 10
3693 3
3697 3
3699 10
3701 13
3705 3
3707 3
3709 10
3713 9
3715 3
3717 6
3721 4
3723 1
3725 7
3729 6
3731 10
3733 2
3737 7
3739 3
3741 7
3747 6
3749 11
3753 10
3755 4
3757 3
3761 14
3763 2
3765 8
3769 9
3771 13
3773 10
3777 3
3779 10
3781 3
3785 7
3787 2
3789 6
3793 9
3795 4
3797 7
3801 5
3803 5
3805 2
3809 8
3813 7
3817 3
3819 5
3821 8
3825 18
3827 2
3829 1
3833 5
3835 6
3837 3
3841 11
3843 3
3845 8
3849 14
3851 4
3853 2
3857 6
3859 3
3861 10
3865 1
3867 2
3869 6
3873 4
3875 3
3877 2
3881 12
3883 2
3885 6
3889 2
3893 7
3897 8
3899 1
3901 7
3905 5
3907 2
3909 10
3913 4
3915 1
3917 4
3921 5
3923 3
3925 3
3929 11
3933 6
3937 4
3939 1
3941 10
3945 4
3947 4
3949 5
3953 6
3955 1
3957 2
3961 12
3963 1
3965 7
3969 7
3971 2
3973 1
3977 3
3979 4
3981 9
3985 5
3987 1
3989 4
3993 7
3995 5
3997 3
4001 10
4003 6
4005 7
4009 2
4011 3
4013 4
4017 3
4019 2
4021 2
4025 7
4027 1
4029 3
4035 3
4037 5
4041 5
4043 5
4045 3
4049 8
4051 3
4053 4
4057 5
4059 3
4061 8
4065 9
4069 2
4073 2
4075 1
4077 4
4081 5
4083 2
4085 9
4089 4
4091 7
4093 3
4097 3
4099 6
4101 3
4105 2
4107 1
4109 8
4113 6
4115 5
4117 3
4121 6
4123 2
4125 7
4129 3
4131 5
4133 5
4137 3
4139 3
4145 2
4147 1
4149 10
4153 2
4155 1
4157 5
4161 9
4163 2
4165 4
4169 2
4171 5
4173 7
4177 2
4179 2
4181 5
4185 4
4189 3
4193 3
4195 2
4197 2
4201 4
4203 4
4205 3
4209 2
4211 1
4213 1
4217 6
4219 4
4221 5
4225 5
4227 3
4229 4
4233 6
4235 1
4237 3
4241 9
4243 3
4245 4
4249 2
4251 4
4253 2
4257 4
4259 6
4261 5
4265 2
4267 2
4269 8
4275 3
4277 4
4283 8
4285 2
4289 5
4291 5
4293 5
4299 1
4301 6
4305 1
4307 3
4309 2
4313 3
4315 1
4317 4
4321 1
4323 1
4325 7
4329 5
4331 7
4333 3
4337 3
4339 2
4341 2
4345 2
4347 1
4349 3
4353 4
4355 3
4357 1
4361 10
4363 1
4365 4
4369 4
4373 3
4377 4
4379 2
4381 1
4385 7
4389 4
4393 1
4395 1
4397 4
4401 5
4403 2
4405 3
4409 5
4411 1
4413 8
4417 1
4419 1
4421 7
4425 2
4427 5
4429 3
4433 5
4435 4
4437 8
4441 3
4443 1
4445 7
4449 4
4451 9
4453 1
4457 4
4461 8
4465 4
4469 5
4473 3
4475 4
4477 4
4481 3
4483 1
4489 1
4491 4
4497 1
4499 3
4501 1
4505 4
4507 1
4509 3
4513 1
4515 1
4517 4
4521 3
4523 1
4525 5
4531 4
4533 5
4537 2
4539 2
4541 9
4545 1
4547 1
4549 1
4553 6
4557 2
4561 2
4565 2
4569 5
4571 2
4573 1
4577 5
4579 2
4581 2
4585 3
4587 2
4589 4
4593 2
4595 3
4597 1
4601 7
4605 5
4609 2
4611 3
4613 1
4617 3
4619 4
4621 1
4625 4
4633 4
4635 4
4637 3
4641 2
4643 1
4645 1
4649 4
4653 1
4657 2
4661 8
4665 2
4667 3
4669 3
4673 4
4677 2
4681 3
4683 3
4685 2
4689 4
4691 2
4693 1
4699 2
4701 2
4705 1
4707 2
4709 8
4713 3
4715 4
4717 1
4721 2
4723 1
4725 3
4729 1
4731 2
4733 4
4737 1
4739 1
4741 3
4745 3
4749 1
4753 1
4755 2
4757 3
4761 7
4763 1
4765 2
4769 3
4773 3
4777 1
4779 1
4781 3
4785 1
4787 2
4789 1
4793 3
4797 3
4801 2
4803 2
4805 2
4809 3
4811 1
4813 4
4817 2
4819 2
4821 2
4827 1
4829 5
4833 1
4835 3
4837 1
4841 3
4843 1
4849 2
4851 2
4853 1
4857 1
4859 1
4861 3
4865 1
4869 2
4873 2
4875 1
4877 6
4881 3
4883 2
4885 3
4889 2
4891 1
4893 1
4897 1
4899 2
4901 2
4905 1
4907 1
4909 3
4915 1
4921 1
4923 3
4925 6
4929 3
4931 3
4937 2
4941 4
4945 2
4949 6
4955 2
4957 1
4961 5
4969 5
4971 1
4973 3
4977 1
4979 1
4981 2
4987 1
4989 1
4993 1
4995 2
4997 2
5001 1
5003 1
5009 2
5011 2
5013 4
5017 1
5019 1
5021 4
5025 1
5029 1
5041 1
5043 1
5045 3
5053 1
5057 2
5059 2
5065 2
5069 1
5073 2
5081 1
5083 1
5085 1
5089 1
5091 1
5093 2
5099 4
5101 1
5105 2
5109 2
5113 5
5115 2
5117 1
5123 2
5125 2
5129 1
5133 3
5139 1
5141 3
5145 2
5153 1
5157 1
5161 2
5165 3
5169 3
5171 2
5177 1
5181 1
5189 2
5201 2
5203 1
5205 2
5209 1
5211 1
5213 1
5219 2
5221 1
5225 3
5227 3
5229 2
5235 1
5237 1
5243 1
5245 2
5249 3
5259 1
5261 5
5265 1
5267 3
5273 2
5275 1
5277 4
5281 2
5283 2
5297 1
5299 2
5305 2
5307 1
5309 1
5313 2
5321 2
5323 1
5325 1
5331 2
5337 3
5339 1
5353 1
5357 1
5361 2
5363 1
5365 1
5373 1
5381 1
5385 1
5389 2
5393 1
5397 1
5401 1
5403 1
5405 3
5409 1
5411 3
5417 1
5419 2
5433 1
5435 1
5449 1
5451 2
5457 1
5459 2
5461 2
5465 3
5467 1
5469 2
5473 1
5475 1
5477 2
5489 2
5493 1
5499 2
5501 3
5513 1
5517 1
5521 1
5523 1
5525 2
5529 4
5531 1
5537 1
5541 2
5549 1
5555 1
5573 1
5577 1
5579 3
5581 1
5585 3
5587 1
5589 1
5595 1
5597 1
5609 2
5613 1
5617 2
5619 2
5621 1
5635 1
5643 1
5645 1
5651 1
5657 1
5669 1
5681 1
5685 1
5689 1
5693 1
5697 1
5705 2
5717 2
5723 1
5729 1
5733 1
5741 1
5745 1
5747 3
5749 1
5753 3
5761 2
5769 3
5771 1
5777 1
5779 1
5795 1
5801 2
5809 1
5821 1
5825 3
5829 1
5833 1
5837 3
5841 2
5849 1
5851 1
5865 1
5885 1
5891 1
5899 1
5901 1
5913 1
5915 2
5921 1
5925 3
5939 1
5955 1
5969 1
5979 1
5981 1
5985 2
5993 1
5997 1
6001 1
6011 1
6013 2
6017 1
6021 1
6025 1
6029 1
6041 2
6049 1
6053 2
6057 1
6059 1
6067 1
6069 1
6085 2
6105 1
6109 2
6133 1
6141 1
6171 2
6193 1
6205 2
6217 1
6219 3
6229 1
6233 1
6241 2
6251 1
6269 1
6281 1
6291 1
6301 1
6305 1
6313 1
6321 2
6341 1
6349 1
6355 1
6357 1
6365 1
6385 1
6387 1
6405 1
6411 1
6419 1
6435 1
6437 1
6445 1
6449 1
6451 1
6467 1
6475 1
6491 1
6501 1
6507 1
6529 2
6531 1
6537 2
6545 2
6555 1
6565 1
6569 2
6593 1
6605 1
6611 3
6621 2
6625 1
6641 1
6685 1
6693 1
6715 1
6723 1
6725 1
6747 1
6761 1
6765 1
6777 2
6795 1
6813 1
6819 1
6833 1
6841 1
6857 2
6865 1
6881 3
6893 2
6977 1
6989 1
6995 1
7001 1
7011 1
7029 1
7033 1
7043 1
7073 1
7075 1
7089 1
7115 1
7121 1
7129 1
7173 1
7193 1
7241 1
7269 1
7299 1
7337 1
7345 1
7355 1
7357 1
7413 1
7421 1
7541 1
7589 1
7605 1
7637 1
7649 1
7657 1
7701 1
7707 1
7821 1
7829 1
7877 1
7933 1
8073 1
8099 1
8113 1
8261 1
8289 1
8305 1
8401 2
8441 1
8569 1
8817 1
8909 1
8969 1
9341 1
9387 1
10053 1
36469 1
36473 1
37093 1
38421 1
39437 1
39603 1
44859 1
50090 1
91033 1
