N J h mean_R_sq err_mean_R_sq mean_R_gyr_sq err_mean_R_gyr_sq 
400 0.88 0 749.092 2.16334 333.167 0.844102
1 38
3 42
5 123
9 182
11 165
13 162
17 303
19 185
21 297
25 171
27 204
29 493
33 311
35 300
37 147
41 595
43 153
45 461
49 329
51 299
53 447
57 266
59 451
61 400
65 591
67 158
69 558
73 257
75 326
77 561
81 564
83 359
85 254
89 842
91 233
93 243
97 263
99 429
101 947
105 520
107 368
109 387
113 514
115 234
117 616
121 389
123 240
125 798
129 756
131 636
133 255
137 496
139 365
141 472
145 489
147 291
149 842
153 702
155 458
157 405
161 929
163 117
165 474
169 374
171 522
173 787
177 234
179 556
181 571
185 878
187 224
189 872
193 231
195 447
197 563
201 651
203 464
205 458
209 1098
211 308
213 404
217 438
219 394
221 839
225 649
227 506
229 495
233 588
235 196
237 611
241 591
243 425
245 723
249 618
251 667
253 206
257 772
259 407
261 824
265 358
267 173
269 1051
273 399
275 469
277 300
281 937
283 281
285 773
289 378
291 352
293 801
297 733
299 673
301 339
305 699
307 276
309 466
313 348
315 566
317 438
321 918
323 384
325 580
329 988
331 290
333 404
337 340
339 480
341 1131
345 312
347 466
349 540
353 644
355 286
357 306
361 404
363 327
365 743
369 885
371 596
373 382
377 591
379 225
381 760
385 269
387 390
389 818
393 488
395 622
397 230
401 744
403 138
405 671
409 578
411 428
413 738
417 419
419 643
421 369
425 976
427 140
429 525
433 424
435 270
437 697
441 743
443 343
445 306
449 688
451 364
453 356
457 246
459 516
461 1007
465 541
467 444
469 482
473 350
475 336
477 575
481 484
483 248
485 582
489 629
491 517
493 358
497 756
499 179
501 451
505 235
507 272
509 875
513 489
515 341
517 390
521 920
523 296
525 588
529 341
531 502
533 303
537 321
539 536
541 277
545 899
547 174
549 818
553 200
555 219
557 444
561 440
563 441
565 332
569 809
571 251
573 425
577 247
579 410
581 739
585 586
587 320
589 376
593 607
595 194
597 312
601 498
603 248
605 616
609 400
611 493
613 239
617 294
619 240
621 703
625 326
627 194
629 822
633 487
635 458
637 304
641 611
643 144
645 383
649 448
651 357
653 311
657 452
659 477
661 387
665 505
667 179
669 235
673 255
675 375
677 637
681 387
683 223
685 223
689 854
691 214
693 509
697 158
699 398
701 639
705 491
707 221
709 177
713 444
715 134
717 309
721 324
723 154
725 610
729 521
731 512
733 287
737 446
739 169
741 450
745 326
747 325
749 599
753 229
755 453
757 186
761 744
763 127
765 345
769 346
771 187
773 444
777 305
779 356
781 314
785 282
787 179
789 524
793 128
795 144
797 532
801 593
803 369
805 241
809 535
811 211
813 189
817 171
819 335
821 465
825 423
827 206
829 345
833 421
835 198
837 261
841 212
843 214
845 462
849 395
851 276
853 146
857 490
859 210
861 317
865 228
867 173
869 454
873 292
875 372
877 149
881 537
883 88
885 337
889 219
891 247
893 360
897 224
899 384
901 327
905 363
907 71
909 535
913 165
915 221
917 284
921 294
923 261
925 181
929 467
931 160
933 215
937 251
939 207
941 618
945 391
947 113
949 146
953 401
955 97
957 191
961 221
963 222
965 522
969 300
971 341
973 136
977 230
979 182
981 373
985 285
987 201
989 412
993 125
995 183
997 146
1001 418
1003 87
1005 179
1009 217
1011 265
1013 303
1017 254
1019 277
1021 231
1025 439
1027 90
1029 350
1033 120
1035 211
1037 191
1041 387
1043 155
1045 140
1049 476
1051 107
1053 349
1057 162
1059 121
1061 268
1065 155
1067 225
1069 285
1073 222
1075 138
1077 194
1081 148
1083 127
1085 290
1089 305
1091 332
1093 96
1097 326
1099 113
1101 280
1105 158
1107 143
1109 443
1113 145
1115 184
1117 119
1121 402
1123 83
1125 314
1129 127
1131 151
1133 254
1137 165
1139 263
1141 193
1145 210
1147 122
1149 127
1153 124
1155 124
1157 247
1161 373
1163 117
1165 175
1169 419
1171 130
1173 209
1177 96
1179 257
1181 376
1185 122
1187 130
1189 142
1193 291
1195 133
1197 156
1201 108
1203 93
1205 300
1209 325
1211 190
1213 71
1217 230
1219 91
1221 228
1225 178
1227 62
1229 267
1233 148
1235 185
1237 117
1241 203
1243 48
1245 221
1249 200
1251 199
1253 221
1257 114
1259 182
1261 133
1265 267
1267 77
1269 204
1273 130
1275 130
1277 215
1281 132
1283 150
1285 83
1289 229
1291 100
1293 166
1297 90
1299 102
1301 307
1305 234
1307 134
1309 139
1313 158
1315 73
1317 93
1321 146
1323 130
1325 237
1329 198
1331 130
1333 107
1337 117
1339 105
1341 231
1345 103
1347 55
1349 309
1353 91
1355 150
1357 83
1361 347
1363 70
1365 70
1369 114
1371 116
1373 89
1377 173
1379 161
1381 133
1385 257
1387 51
1389 162
1393 113
1395 121
1397 130
1401 149
1403 130
1405 124
1409 183
1411 30
1413 163
1417 67
1419 120
1421 279
1425 157
1427 163
1429 102
1433 139
1435 42
1437 102
1441 139
1443 83
1445 160
1449 219
1451 120
1453 79
1457 114
1459 111
1461 137
1465 62
1467 45
1469 250
1473 136
1475 119
1477 77
1481 233
1483 47
1485 130
1489 86
1491 104
1493 104
1497 89
1499 120
1501 89
1505 153
1507 34
1509 153
1513 56
1515 97
1517 204
1521 135
1523 49
1525 124
1529 187
1531 90
1533 103
1537 69
1539 146
1541 140
1545 90
1547 82
1549 60
1553 142
1555 27
1557 156
1561 109
1563 46
1565 100
1569 94
1571 129
1573 85
1577 90
1579 62
1581 137
1585 84
1587 53
1589 169
1593 56
1595 124
1597 50
1601 208
1603 43
1605 43
1609 78
1611 116
1613 134
1617 96
1619 96
1621 58
1625 150
1627 52
1629 148
1633 59
1635 55
1637 112
1641 130
1643 74
1645 44
1649 155
1651 48
1653 52
1657 57
1659 36
1661 145
1665 133
1667 93
1669 68
1673 82
1675 48
1677 50
1681 50
1683 72
1685 128
1689 106
1691 102
1693 54
1697 85
1699 53
1701 144
1705 55
1707 58
1709 117
1713 96
1715 78
1717 35
1721 122
1723 27
1725 97
1729 58
1731 57
1733 87
1737 56
1739 84
1741 68
1745 111
1747 29
1749 95
1753 53
1755 77
1757 72
1761 47
1763 68
1765 51
1769 131
1771 52
1773 72
1777 52
1779 41
1781 166
1785 69
1787 35
1789 69
1793 83
1795 37
1797 55
1801 48
1803 25
1805 96
1809 106
1811 107
1813 47
1817 86
1819 45
1821 82
1825 70
1827 47
1829 83
1833 50
1835 45
1837 43
1841 86
1843 27
1845 91
1849 38
1851 56
1853 78
1857 45
1859 64
1861 77
1865 88
1867 18
1869 75
1873 25
1875 42
1877 70
1881 133
1883 45
1885 24
1889 151
1891 32
1893 26
1897 35
1899 58
1901 74
1905 35
1907 47
1909 43
1913 53
1915 22
1917 52
1921 80
1923 23
1925 82
1929 55
1931 68
1933 30
1937 84
1939 22
1941 36
1945 20
1947 32
1949 133
1953 72
1955 48
1957 36
1961 52
1963 20
1965 65
1969 41
1971 45
1973 53
1977 51
1979 82
1981 29
1985 50
1987 21
1989 85
1993 36
1995 16
1997 65
2001 70
2003 23
2005 46
2009 77
2011 17
2013 21
2017 18
2019 50
2021 85
2025 76
2027 39
2029 45
2033 35
2035 24
2037 38
2041 36
2043 46
2045 71
2049 46
2051 52
2053 23
2057 49
2059 22
2061 69
2065 29
2067 21
2069 57
2073 26
2075 59
2077 17
2081 76
2083 22
2085 44
2089 53
2091 34
2093 57
2097 33
2099 44
2101 20
2105 51
2107 18
2109 45
2113 16
2115 25
2117 39
2121 48
2123 29
2125 31
2129 71
2131 32
2133 64
2137 17
2139 16
2141 91
2145 36
2147 27
2149 29
2153 23
2155 25
2157 34
2161 51
2163 15
2165 29
2169 58
2171 38
2173 23
2177 35
2179 15
2181 37
2185 26
2187 25
2189 63
2193 24
2195 29
2197 29
2201 65
2203 6
2205 33
2209 12
2211 30
2213 45
2217 27
2219 41
2221 25
2225 47
2227 13
2229 51
2233 17
2235 18
2237 29
2241 43
2243 30
2245 37
2249 38
2251 7
2253 37
2257 20
2259 41
2261 63
2265 18
2267 23
2269 22
2273 51
2275 20
2277 17
2281 11
2283 13
2285 48
2289 27
2291 33
2293 11
2297 33
2299 27
2301 46
2305 19
2307 13
2309 56
2313 38
2315 35
2317 19
2321 50
2323 12
2325 17
2329 22
2331 43
2333 22
2337 31
2339 31
2341 20
2345 34
2347 5
2349 35
2353 8
2355 25
2357 31
2361 38
2363 13
2365 20
2369 47
2371 13
2373 16
2377 7
2379 21
2381 25
2385 30
2387 18
2389 24
2393 56
2395 9
2397 24
2401 21
2403 8
2405 25
2409 25
2411 25
2413 8
2417 22
2419 18
2421 40
2425 15
2427 20
2429 36
2433 8
2435 31
2437 14
2441 38
2443 7
2445 20
2449 18
2451 5
2453 33
2457 20
2459 22
2461 23
2465 14
2467 6
2469 25
2473 14
2475 16
2477 17
2481 33
2483 22
2485 10
2489 20
2491 17
2493 18
2497 17
2499 24
2501 41
2505 14
2507 14
2509 14
2513 20
2515 6
2517 15
2521 17
2523 12
2525 44
2529 19
2531 10
2533 14
2537 43
2539 11
2541 22
2545 14
2547 13
2549 32
2553 12
2555 10
2557 11
2561 31
2563 9
2565 36
2569 11
2571 19
2573 18
2577 6
2579 20
2581 16
2585 20
2587 6
2589 8
2593 13
2595 13
2597 24
2601 13
2603 10
2605 7
2609 40
2611 5
2613 9
2617 12
2619 13
2621 25
2625 22
2627 13
2629 11
2633 11
2635 10
2637 18
2641 8
2643 11
2645 19
2649 24
2651 22
2653 8
2657 10
2659 5
2661 23
2665 11
2667 5
2669 29
2673 24
2675 22
2677 14
2681 20
2683 4
2685 8
2689 2
2691 16
2693 13
2697 12
2699 11
2701 18
2705 29
2707 3
2709 17
2713 8
2715 7
2717 19
2721 9
2723 8
2725 11
2729 28
2731 7
2733 7
2737 5
2739 13
2741 21
2745 16
2747 14
2749 16
2753 10
2755 6
2757 8
2761 13
2763 6
2765 11
2769 10
2771 15
2773 5
2777 15
2779 5
2781 18
2785 12
2787 7
2789 23
2793 11
2795 8
2797 9
2801 25
2803 5
2805 10
2809 8
2811 6
2813 10
2817 12
2819 5
2821 11
2825 13
2827 1
2829 3
2833 11
2835 13
2837 13
2841 21
2843 6
2845 12
2849 15
2851 7
2853 8
2857 3
2859 6
2861 11
2865 9
2867 5
2869 6
2873 11
2875 9
2877 8
2881 2
2883 8
2885 5
2889 16
2891 20
2893 1
2897 9
2899 1
2901 16
2905 6
2907 6
2909 11
2913 9
2915 15
2917 4
2921 15
2923 3
2925 17
2929 3
2931 9
2933 5
2937 3
2939 9
2941 6
2945 22
2947 4
2949 9
2953 8
2955 1
2957 9
2961 8
2963 4
2965 2
2969 10
2971 1
2973 7
2977 2
2979 9
2981 19
2985 9
2987 6
2989 10
2993 5
2995 4
2997 9
3001 4
3003 4
3005 10
3009 8
3011 5
3013 2
3017 8
3019 1
3021 3
3025 8
3027 4
3029 11
3033 3
3035 8
3037 2
3041 16
3043 1
3045 4
3049 7
3051 8
3053 7
3057 5
3059 9
3061 5
3065 7
3067 5
3069 15
3073 3
3075 1
3077 10
3081 2
3083 6
3085 4
3089 7
3091 2
3093 8
3097 4
3099 10
3101 11
3105 2
3107 7
3109 5
3113 6
3115 7
3117 3
3121 4
3123 3
3125 5
3129 5
3131 4
3137 10
3139 1
3141 7
3145 7
3147 3
3149 9
3153 7
3155 10
3157 1
3161 6
3163 6
3165 3
3169 4
3171 3
3173 3
3177 8
3179 4
3181 5
3185 7
3187 1
3189 7
3193 2
3195 2
3197 7
3201 2
3203 1
3205 2
3209 13
3211 2
3213 4
3217 2
3219 5
3221 10
3225 10
3227 2
3229 2
3233 5
3237 6
3241 3
3243 3
3245 8
3249 7
3251 6
3253 5
3257 2
3259 2
3261 9
3265 4
3267 2
3269 5
3273 1
3275 4
3277 2
3281 12
3283 4
3285 5
3289 2
3291 6
3293 6
3297 2
3299 9
3301 1
3305 5
3309 3
3313 1
3315 3
3317 4
3321 4
3323 5
3325 2
3329 5
3333 4
3337 1
3339 4
3341 6
3345 5
3347 1
3353 2
3357 6
3361 2
3363 2
3365 9
3369 3
3371 8
3373 3
3377 11
3379 1
3381 3
3385 6
3387 1
3389 6
3393 3
3395 6
3397 5
3401 4
3403 1
3405 4
3409 5
3411 1
3413 1
3417 4
3419 5
3421 2
3425 3
3429 7
3433 2
3435 1
3441 1
3443 2
3445 4
3449 4
3451 1
3453 2
3457 2
3459 3
3461 5
3465 3
3467 3
3469 1
3473 2
3475 1
3477 2
3481 5
3483 1
3485 3
3489 1
3491 2
3493 1
3501 4
3505 1
3509 1
3513 1
3515 4
3521 2
3525 4
3529 1
3531 5
3533 6
3537 4
3539 4
3541 6
3545 3
3549 2
3553 2
3555 3
3561 4
3563 1
3565 3
3569 1
3573 3
3579 3
3581 3
3585 3
3587 4
3589 4
3593 2
3595 2
3601 2
3605 5
3609 2
3611 5
3613 3
3617 5
3619 1
3625 5
3627 1
3629 5
3637 1
3641 5
3643 1
3645 2
3649 3
3651 3
3653 3
3657 3
3659 2
3661 3
3665 4
3667 1
3669 2
3673 1
3675 1
3677 1
3681 1
3685 1
3689 5
3691 2
3699 4
3701 4
3709 2
3713 1
3715 3
3717 1
3721 4
3725 6
3729 1
3731 3
3737 1
3741 3
3745 1
3747 1
3753 3
3755 1
3761 3
3765 2
3769 6
3771 1
3773 5
3777 2
3785 1
3789 3
3793 1
3795 2
3797 3
3801 3
3803 1
3805 1
3809 2
3813 1
3821 5
3825 3
3827 1
3829 1
3837 1
3841 1
3843 2
3845 3
3851 2
3857 2
3859 1
3861 1
3865 1
3867 1
3869 3
3875 2
3877 2
3881 3
3883 1
3885 2
3891 1
3893 2
3897 1
3899 1
3905 3
3907 1
3909 3
3913 1
3915 1
3921 1
3925 1
3929 2
3933 2
3941 1
3947 1
3949 2
3953 1
3963 1
3969 1
3971 1
3979 1
3981 2
3985 1
3993 2
3995 2
4001 1
4005 1
4009 1
4013 1
4019 1
4021 1
4025 1
4033 1
4041 1
4043 3
4053 1
4059 1
4075 1
4091 1
4101 1
4109 1
4113 2
4115 2
4117 1
4121 2
4123 1
4129 1
4131 2
4137 1
4141 1
4149 1
4163 2
4171 2
4185 3
4187 2
4197 1
4203 1
4205 1
4217 1
4219 1
4225 2
4227 1
4229 3
4235 1
4241 1
4243 1
4245 1
4253 1
4257 1
4259 1
4265 1
4267 1
4275 1
4277 1
4289 1
4293 1
4313 2
4317 1
4325 1
4329 1
4331 3
4353 1
4357 1
4369 2
4373 2
4377 2
4401 1
4403 1
4409 1
4429 1
4435 1
4443 1
4445 1
4449 1
4457 1
4461 1
4481 2
4501 1
4505 1
4507 1
4515 1
4547 1
4581 2
4621 1
4625 2
4637 1
4645 1
4667 1
4709 1
4715 1
4731 1
4741 1
4745 1
4749 1
4773 1
4779 1
4793 1
4809 1
4825 1
4829 1
4859 1
4877 1
4885 1
4889 1
4937 1
4977 1
4989 1
5129 1
5213 1
5235 1
5243 1
5265 1
5309 1
5381 1
5385 1
5393 1
5405 1
5571 1
5651 1
5715 1
5733 1
5825 1
5933 1
6419 1
6525 1
9893 1
