N J h mean_R_sq err_mean_R_sq mean_R_gyr_sq err_mean_R_gyr_sq 
500 0.871 0 983.315 4.60352 448.108 1.64368
1 78
3 110
5 399
9 461
11 362
13 364
17 761
19 434
21 783
25 453
27 479
29 1140
33 808
35 781
37 400
41 1582
43 370
45 1156
49 829
51 782
53 1153
57 745
59 1120
61 1175
65 1533
67 376
69 1440
73 739
75 843
77 1524
81 1598
83 1096
85 774
89 2213
91 728
93 676
97 722
99 1084
101 2568
105 1362
107 1081
109 1075
113 1449
115 716
117 1764
121 1130
123 670
125 2117
129 2057
131 1687
133 691
137 1360
139 1006
141 1388
145 1375
147 766
149 2284
153 1975
155 1324
157 1015
161 2641
163 309
165 1294
169 998
171 1656
173 2231
177 662
179 1541
181 1610
185 2483
187 620
189 2412
193 626
195 1234
197 1569
201 1881
203 1273
205 1276
209 3003
211 889
213 1249
217 1223
219 1149
221 2429
225 1801
227 1454
229 1499
233 1796
235 571
237 1788
241 1803
243 1241
245 2038
249 1746
251 1986
253 589
257 2311
259 1136
261 2594
265 1138
267 590
269 3061
273 1099
275 1410
277 818
281 2796
283 815
285 2264
289 1203
291 1146
293 2417
297 2192
299 2166
301 1019
305 2136
307 795
309 1556
313 1124
315 1602
317 1389
321 2588
323 1067
325 1827
329 3100
331 782
333 1299
337 1013
339 1520
341 3619
345 1073
347 1280
349 1785
353 1985
355 1014
357 959
361 1262
363 1106
365 2392
369 2790
371 1923
373 1242
377 1955
379 726
381 2275
385 1021
387 1168
389 2609
393 1436
395 1844
397 706
401 2334
403 486
405 2131
409 1796
411 1399
413 2349
417 1310
419 1996
421 1035
425 3121
427 444
429 1868
433 1287
435 923
437 2219
441 2480
443 1098
445 909
449 2170
451 1286
453 1255
457 824
459 1709
461 3061
465 1739
467 1429
469 1552
473 1281
475 1080
477 1881
481 1668
483 815
485 2125
489 2148
491 1880
493 1207
497 2401
499 618
501 1589
505 780
507 860
509 2986
513 1553
515 1169
517 1157
521 3175
523 973
525 1938
529 1211
531 1771
533 1123
537 1073
539 1754
541 902
545 2953
547 580
549 2789
553 669
555 769
557 1645
561 1380
563 1624
565 1059
569 2870
571 887
573 1443
577 742
579 1445
581 2555
585 2162
587 1225
589 1416
593 2127
595 680
597 1085
601 1739
603 868
605 2215
609 1374
611 1610
613 866
617 1058
619 864
621 2708
625 1119
627 690
629 3026
633 1636
635 1694
637 1184
641 2356
643 466
645 1366
649 1594
651 1247
653 1150
657 1684
659 1821
661 1423
665 1814
667 616
669 938
673 924
675 1616
677 2386
681 1556
683 806
685 905
689 3005
691 728
693 1751
697 622
699 1474
701 2512
705 1767
707 892
709 760
713 1766
715 605
717 1175
721 1220
723 585
725 2200
729 1977
731 1731
733 1009
737 1409
739 730
741 1722
745 1159
747 1301
749 2232
753 786
755 1638
757 690
761 2793
763 547
765 1385
769 1442
771 814
773 1809
777 1101
779 1376
781 1335
785 1012
787 679
789 2127
793 553
795 532
797 1869
801 2316
803 1264
805 1054
809 2101
811 871
813 807
817 740
819 1284
821 1926
825 1771
827 902
829 1409
833 1814
835 685
837 994
841 844
843 736
845 1814
849 1723
851 1279
853 554
857 1905
859 825
861 1407
865 926
867 710
869 1905
873 1182
875 1370
877 574
881 2240
883 347
885 1390
889 928
891 1042
893 1591
897 872
899 1543
901 1310
905 1385
907 340
909 2336
913 614
915 899
917 1059
921 1104
923 1024
925 698
929 1970
931 762
933 832
937 1044
939 892
941 2352
945 1701
947 513
949 588
953 1651
955 400
957 795
961 851
963 896
965 2250
969 1243
971 1474
973 560
977 990
979 849
981 1545
985 1151
987 820
989 1794
993 564
995 760
997 693
1001 2029
1003 382
1005 776
1009 995
1011 1071
1013 1302
1017 1165
1019 1209
1021 1030
1025 1844
1027 328
1029 1443
1033 508
1035 907
1037 949
1041 1704
1043 759
1045 658
1049 2072
1051 422
1053 1513
1057 684
1059 570
1061 1183
1065 741
1067 1046
1069 1317
1073 1033
1075 577
1077 1085
1081 720
1083 591
1085 1360
1089 1399
1091 1496
1093 409
1097 1484
1099 504
1101 1116
1105 694
1107 662
1109 2080
1113 641
1115 753
1117 552
1121 1810
1123 389
1125 1434
1129 618
1131 598
1133 1087
1137 769
1139 1291
1141 998
1145 933
1147 441
1149 604
1153 623
1155 599
1157 1098
1161 1745
1163 521
1165 758
1169 1816
1171 494
1173 908
1177 434
1179 1143
1181 1666
1185 572
1187 672
1189 709
1193 1343
1195 539
1197 751
1201 521
1203 424
1205 1386
1209 1400
1211 970
1213 375
1217 1099
1219 406
1221 1185
1225 737
1227 264
1229 1257
1233 814
1235 783
1237 476
1241 1071
1243 277
1245 1020
1249 1105
1251 955
1253 1053
1257 675
1259 952
1261 645
1265 1347
1267 390
1269 1082
1273 622
1275 652
1277 1078
1281 715
1283 714
1285 355
1289 1160
1291 569
1293 777
1297 366
1299 499
1301 1550
1305 1186
1307 697
1309 718
1313 702
1315 377
1317 613
1321 706
1323 569
1325 1187
1329 1068
1331 709
1333 580
1337 696
1339 454
1341 1248
1345 461
1347 358
1349 1607
1353 417
1355 690
1357 434
1361 1720
1363 332
1365 435
1369 527
1371 694
1373 503
1377 958
1379 878
1381 730
1385 1273
1387 190
1389 743
1393 412
1395 676
1397 666
1401 725
1403 756
1405 617
1409 955
1411 207
1413 810
1417 422
1419 628
1421 1408
1425 690
1427 800
1429 522
1433 938
1435 212
1437 574
1441 667
1443 378
1445 960
1449 1168
1451 685
1453 360
1457 612
1459 535
1461 669
1465 379
1467 218
1469 1353
1473 686
1475 655
1477 399
1481 1237
1483 301
1485 740
1489 478
1491 516
1493 479
1497 481
1499 618
1501 584
1505 936
1507 172
1509 887
1513 372
1515 536
1517 1081
1521 741
1523 287
1525 706
1529 1141
1531 493
1533 493
1537 358
1539 780
1541 737
1545 506
1547 522
1549 358
1553 818
1555 171
1557 868
1561 661
1563 256
1565 556
1569 585
1571 639
1573 501
1577 580
1579 322
1581 825
1585 465
1587 330
1589 1066
1593 298
1595 638
1597 299
1601 1026
1603 235
1605 289
1609 568
1611 559
1613 816
1617 555
1619 569
1621 329
1625 892
1627 267
1629 910
1633 278
1635 308
1637 699
1641 851
1643 351
1645 279
1649 925
1651 276
1653 254
1657 293
1659 242
1661 840
1665 852
1667 485
1669 424
1673 593
1675 219
1677 273
1681 353
1683 380
1685 861
1689 613
1691 603
1693 357
1697 472
1699 374
1701 896
1705 232
1707 332
1709 740
1713 572
1715 506
1717 253
1721 842
1723 180
1725 655
1729 336
1731 269
1733 537
1737 336
1739 605
1741 424
1745 628
1747 146
1749 598
1753 294
1755 508
1757 445
1761 309
1763 401
1765 320
1769 934
1771 229
1773 408
1777 393
1779 308
1781 992
1785 495
1787 212
1789 361
1793 526
1795 237
1797 335
1801 392
1803 223
1805 563
1809 675
1811 606
1813 277
1817 568
1819 279
1821 508
1825 389
1827 355
1829 570
1833 328
1835 244
1837 314
1841 543
1843 187
1845 544
1849 290
1851 375
1853 441
1857 246
1859 416
1861 483
1865 612
1867 110
1869 522
1873 154
1875 293
1877 409
1881 741
1883 334
1885 205
1889 931
1891 247
1893 243
1897 199
1899 356
1901 489
1905 272
1907 326
1909 294
1913 430
1915 164
1917 373
1921 471
1923 252
1925 683
1929 318
1931 497
1933 226
1937 566
1939 191
1941 269
1945 202
1947 166
1949 768
1953 450
1955 273
1957 168
1961 314
1963 140
1965 466
1969 221
1971 336
1973 495
1977 370
1979 500
1981 192
1985 421
1987 143
1989 494
1993 253
1995 166
1997 420
2001 520
2003 199
2005 344
2009 592
2011 154
2013 160
2017 114
2019 290
2021 670
2025 453
2027 210
2029 332
2033 296
2035 170
2037 224
2041 306
2043 315
2045 452
2049 375
2051 364
2053 183
2057 408
2059 155
2061 514
2065 238
2067 167
2069 364
2073 186
2075 405
2077 155
2081 568
2083 121
2085 306
2089 380
2091 193
2093 372
2097 312
2099 315
2101 171
2105 452
2107 137
2109 335
2113 147
2115 193
2117 306
2121 355
2123 234
2125 208
2129 511
2131 214
2133 392
2137 142
2139 148
2141 647
2145 263
2147 234
2149 204
2153 288
2155 204
2157 185
2161 294
2163 139
2165 231
2169 471
2171 237
2173 165
2177 325
2179 108
2181 282
2185 196
2187 196
2189 474
2193 181
2195 236
2197 208
2201 485
2203 70
2205 351
2209 189
2211 223
2213 300
2217 217
2219 324
2221 145
2225 423
2227 90
2229 335
2233 116
2235 184
2237 212
2241 340
2243 235
2245 233
2249 261
2251 98
2253 242
2257 178
2259 292
2261 502
2265 223
2267 147
2269 200
2273 321
2275 143
2277 129
2281 145
2283 74
2285 407
2289 230
2291 243
2293 101
2297 274
2299 170
2301 303
2305 149
2307 100
2309 428
2313 349
2315 228
2317 146
2321 376
2323 101
2325 160
2329 191
2331 238
2333 207
2337 204
2339 220
2341 193
2345 350
2347 63
2349 319
2353 85
2355 132
2357 250
2361 229
2363 153
2365 187
2369 447
2371 137
2373 157
2377 97
2379 186
2381 202
2385 227
2387 143
2389 172
2393 281
2395 103
2397 163
2401 201
2403 82
2405 222
2409 214
2411 241
2413 132
2417 196
2419 73
2421 355
2425 159
2427 162
2429 292
2433 86
2435 234
2437 80
2441 442
2443 69
2445 151
2449 217
2451 73
2453 284
2457 159
2459 211
2461 191
2465 153
2467 70
2469 254
2473 100
2475 166
2477 196
2481 261
2483 194
2485 112
2489 219
2491 117
2493 162
2497 127
2499 147
2501 277
2505 196
2507 128
2509 133
2513 163
2515 56
2517 108
2521 151
2523 89
2525 313
2529 287
2531 163
2533 73
2537 292
2539 99
2541 171
2545 99
2547 117
2549 309
2553 97
2555 86
2557 76
2561 275
2563 81
2565 277
2569 128
2571 142
2573 190
2577 73
2579 180
2581 146
2585 161
2587 67
2589 127
2593 88
2595 92
2597 225
2601 172
2603 165
2605 64
2609 320
2611 65
2613 98
2617 128
2619 116
2621 224
2625 165
2627 91
2629 90
2633 121
2635 93
2637 200
2641 72
2643 87
2645 176
2649 195
2651 172
2653 99
2657 120
2659 103
2661 190
2665 118
2667 55
2669 253
2673 182
2675 149
2677 79
2681 264
2683 33
2685 83
2689 80
2691 163
2693 148
2697 78
2699 92
2701 159
2705 233
2707 51
2709 140
2713 77
2715 50
2717 113
2721 168
2723 81
2725 125
2729 263
2731 76
2733 101
2737 49
2739 113
2741 185
2745 150
2747 131
2749 124
2753 82
2755 53
2757 151
2761 100
2763 88
2765 197
2769 116
2771 148
2773 63
2777 122
2779 65
2781 150
2785 94
2787 36
2789 242
2793 117
2795 79
2797 52
2801 186
2803 60
2805 163
2809 60
2811 116
2813 200
2817 118
2819 98
2821 81
2825 153
2827 48
2829 89
2833 84
2835 114
2837 113
2841 133
2843 76
2845 87
2849 196
2851 63
2853 100
2857 65
2859 108
2861 180
2865 66
2867 59
2869 126
2873 136
2875 58
2877 96
2881 62
2883 59
2885 97
2889 200
2891 114
2893 37
2897 99
2899 61
2901 124
2905 66
2907 55
2909 192
2913 82
2915 130
2917 45
2921 150
2923 33
2925 159
2929 96
2931 79
2933 105
2937 75
2939 145
2941 73
2945 154
2947 35
2949 76
2953 53
2955 57
2957 107
2961 167
2963 68
2965 48
2969 109
2971 46
2973 63
2977 64
2979 62
2981 169
2985 64
2987 76
2989 118
2993 89
2995 28
2997 72
3001 85
3003 45
3005 138
3009 127
3011 90
3013 60
3017 79
3019 25
3021 70
3025 60
3027 50
3029 168
3033 88
3035 75
3037 40
3041 160
3043 55
3045 63
3049 62
3051 96
3053 82
3057 63
3059 94
3061 55
3065 150
3067 34
3069 161
3073 45
3075 57
3077 91
3081 88
3083 48
3085 43
3089 85
3091 37
3093 81
3097 46
3099 64
3101 129
3105 55
3107 84
3109 57
3113 86
3115 34
3117 34
3121 78
3123 56
3125 102
3129 72
3131 67
3133 24
3137 80
3139 30
3141 106
3145 58
3147 25
3149 144
3153 54
3155 73
3157 44
3161 95
3163 28
3165 39
3169 50
3171 47
3173 73
3177 79
3179 56
3181 84
3185 114
3187 34
3189 73
3193 22
3195 69
3197 110
3201 44
3203 26
3205 28
3209 123
3211 44
3213 50
3217 14
3219 65
3221 99
3225 92
3227 45
3229 38
3233 70
3235 16
3237 46
3241 67
3243 24
3245 52
3249 60
3251 86
3253 49
3257 61
3259 27
3261 75
3265 36
3267 55
3269 78
3273 45
3275 69
3277 34
3281 110
3283 18
3285 73
3289 74
3291 22
3293 52
3297 60
3299 77
3301 45
3305 71
3307 18
3309 56
3313 39
3315 25
3317 66
3321 101
3323 56
3325 37
3329 105
3331 41
3333 26
3337 33
3339 52
3341 77
3345 57
3347 39
3349 28
3353 48
3355 17
3357 64
3361 25
3363 38
3365 87
3369 39
3371 42
3373 35
3377 103
3379 38
3381 69
3385 28
3387 24
3389 58
3393 57
3395 55
3397 18
3401 90
3403 12
3405 59
3409 56
3411 27
3413 38
3417 27
3419 49
3421 48
3425 56
3427 11
3429 91
3433 31
3435 33
3437 33
3441 39
3443 34
3445 23
3449 112
3451 38
3453 46
3457 23
3459 24
3461 104
3465 42
3467 42
3469 30
3473 33
3475 35
3477 28
3481 29
3483 40
3485 70
3489 72
3491 39
3493 32
3497 35
3499 14
3501 55
3505 31
3507 6
3509 57
3513 32
3515 43
3517 18
3521 64
3523 15
3525 44
3529 24
3531 31
3533 64
3537 37
3539 39
3541 28
3545 74
3547 21
3549 43
3553 25
3555 38
3557 31
3561 79
3563 36
3565 14
3569 50
3571 33
3573 26
3577 24
3579 25
3581 39
3585 41
3587 35
3589 44
3593 26
3595 14
3597 30
3601 31
3603 25
3605 63
3609 39
3611 32
3613 25
3617 54
3619 16
3621 33
3625 40
3627 15
3629 81
3633 19
3635 16
3637 20
3641 61
3643 9
3645 31
3649 34
3651 22
3653 40
3657 26
3659 44
3661 26
3665 33
3667 11
3669 32
3673 24
3675 27
3677 25
3681 58
3683 12
3685 26
3689 56
3691 16
3693 25
3697 9
3699 32
3701 64
3705 23
3707 17
3709 37
3713 42
3715 16
3717 38
3721 26
3723 15
3725 39
3729 25
3731 43
3733 8
3737 44
3739 10
3741 35
3745 10
3747 18
3749 30
3753 29
3755 32
3757 21
3761 57
3763 8
3765 23
3769 39
3771 38
3773 42
3777 16
3779 40
3781 8
3785 16
3787 13
3789 31
3793 14
3795 19
3797 34
3801 20
3803 24
3805 12
3809 46
3811 12
3813 16
3817 8
3819 15
3821 51
3825 57
3827 27
3829 27
3833 28
3835 15
3837 17
3841 22
3843 8
3845 32
3849 37
3851 26
3853 9
3857 34
3859 9
3861 24
3865 12
3867 20
3869 45
3873 17
3875 22
3877 12
3881 50
3883 6
3885 30
3889 16
3891 22
3893 18
3897 30
3899 15
3901 17
3905 29
3907 7
3909 27
3913 8
3915 21
3917 25
3921 16
3923 17
3925 17
3929 39
3931 12
3933 24
3937 17
3939 12
3941 27
3945 16
3947 19
3949 12
3953 23
3955 13
3957 7
3961 20
3963 3
3965 31
3969 37
3971 22
3973 14
3977 23
3979 20
3981 22
3985 7
3987 17
3989 50
3993 25
3995 29
3997 11
4001 21
4003 16
4005 23
4009 15
4011 15
4013 15
4017 21
4019 14
4021 17
4025 43
4027 8
4029 12
4033 10
4035 15
4037 21
4041 25
4043 8
4045 15
4049 19
4051 8
4053 13
4057 11
4059 21
4061 32
4065 18
4067 21
4069 15
4073 30
4075 2
4077 21
4081 13
4083 14
4085 16
4089 18
4091 25
4093 10
4097 15
4099 10
4101 17
4105 23
4107 8
4109 27
4113 14
4115 18
4117 13
4121 28
4123 3
4125 16
4129 12
4131 14
4133 22
4137 7
4139 12
4141 15
4145 20
4147 13
4149 27
4153 11
4155 10
4157 16
4161 15
4163 10
4165 13
4169 17
4171 10
4173 12
4177 10
4179 5
4181 20
4185 21
4187 8
4189 20
4193 26
4195 6
4197 14
4201 10
4203 12
4205 14
4209 14
4211 11
4213 12
4217 15
4219 7
4221 31
4225 10
4227 8
4229 25
4233 5
4235 13
4237 4
4241 41
4243 7
4245 9
4249 8
4251 8
4253 12
4257 9
4259 28
4261 10
4265 20
4267 5
4269 18
4273 7
4275 13
4277 11
4281 16
4283 5
4285 11
4289 19
4291 8
4293 19
4297 4
4299 12
4301 19
4305 7
4307 8
4309 13
4313 4
4315 7
4317 7
4321 6
4323 7
4325 28
4329 22
4331 16
4333 6
4337 10
4339 7
4341 11
4345 13
4347 6
4349 11
4353 10
4355 10
4357 6
4361 21
4363 6
4365 20
4369 10
4371 8
4373 13
4377 13
4379 5
4381 5
4385 22
4387 6
4389 8
4393 3
4395 9
4397 16
4401 22
4403 11
4405 8
4409 14
4411 6
4413 12
4417 4
4419 15
4421 14
4425 7
4427 9
4429 6
4433 17
4435 4
4437 11
4441 6
4443 4
4445 16
4449 11
4451 13
4453 5
4457 12
4459 6
4461 12
4465 7
4467 3
4469 16
4473 15
4475 6
4477 3
4481 9
4483 2
4485 12
4486 1
4489 14
4491 5
4493 6
4497 8
4499 11
4501 13
4505 15
4507 2
4509 11
4513 5
4515 4
4517 8
4521 9
4523 4
4525 7
4529 12
4531 6
4533 3
4537 3
4539 3
4541 21
4545 12
4547 4
4549 7
4553 11
4555 4
4557 5
4561 4
4563 6
4565 8
4569 13
4571 12
4573 3
4577 11
4579 3
4581 10
4585 6
4587 2
4589 14
4593 10
4595 8
4597 1
4601 13
4603 1
4605 10
4609 3
4611 10
4613 7
4617 10
4619 8
4621 8
4625 18
4627 3
4629 5
4633 4
4635 4
4637 10
4641 11
4643 5
4645 4
4649 11
4651 4
4653 11
4657 5
4659 1
4661 11
4665 3
4667 4
4669 5
4673 8
4675 4
4677 5
4681 6
4683 3
4685 7
4689 15
4691 1
4693 3
4697 6
4699 3
4701 7
4705 11
4707 1
4709 17
4713 4
4715 8
4717 2
4721 10
4723 1
4725 9
4729 2
4731 4
4733 14
4737 8
4739 6
4741 9
4745 12
4749 8
4753 4
4755 1
4757 8
4761 7
4763 6
4765 3
4769 13
4773 5
4777 2
4779 5
4781 13
4785 6
4787 7
4789 4
4793 5
4795 4
4797 2
4801 7
4803 2
4805 9
4809 8
4811 9
4813 3
4817 8
4819 3
4821 8
4825 4
4827 2
4829 12
4833 4
4835 6
4837 5
4841 11
4843 4
4845 2
4849 8
4851 3
4853 6
4857 7
4859 5
4861 1
4865 3
4867 4
4869 3
4873 2
4875 4
4877 6
4881 9
4883 4
4885 5
4889 4
4891 2
4893 1
4897 4
4899 2
4901 8
4905 11
4907 1
4909 5
4913 5
4915 1
4917 1
4921 2
4925 3
4929 4
4931 6
4933 3
4937 5
4939 5
4941 12
4945 2
4947 1
4949 8
4953 2
4955 6
4957 1
4961 5
4963 4
4965 4
4969 5
4971 1
4973 7
4977 2
4979 6
4981 4
4985 3
4987 1
4989 5
4995 7
4997 4
5001 6
5003 6
5005 4
5009 4
5011 3
5013 7
5017 2
5019 4
5021 7
5025 5
5027 1
5029 3
5033 7
5035 2
5037 2
5043 4
5045 4
5049 1
5051 5
5053 3
5057 6
5059 2
5061 2
5067 4
5069 4
5073 2
5075 3
5077 1
5081 8
5089 1
5091 1
5093 4
5097 2
5099 7
5101 2
5105 3
5107 3
5109 4
5113 6
5115 2
5117 6
5121 11
5123 1
5125 2
5129 4
5131 3
5133 2
5137 3
5141 4
5145 1
5147 3
5149 1
5153 3
5155 1
5157 2
5161 2
5163 1
5165 4
5169 2
5171 3
5173 1
5177 7
5179 2
5181 6
5185 2
5187 1
5189 3
5193 2
5197 1
5201 5
5205 1
5209 4
5211 4
5213 5
5217 1
5219 2
5221 3
5225 7
5227 3
5229 4
5235 4
5237 2
5241 4
5243 2
5249 5
5251 1
5253 4
5261 5
5265 6
5267 3
5269 2
5273 1
5275 1
5277 2
5281 2
5283 1
5285 5
5289 3
5291 2
5293 2
5297 2
5299 1
5301 4
5305 2
5307 2
5309 9
5313 4
5315 2
5321 5
5323 1
5325 2
5329 1
5331 1
5333 1
5337 3
5339 4
5341 4
5345 1
5347 1
5349 1
5353 1
5355 1
5357 2
5361 1
5363 2
5365 3
5369 4
5371 1
5373 1
5377 1
5381 12
5385 5
5387 1
5389 2
5393 2
5397 1
5401 1
5403 2
5405 5
5409 6
5411 1
5413 1
5417 8
5421 9
5425 2
5427 2
5429 3
5433 1
5435 3
5437 1
5441 3
5443 1
5445 5
5449 1
5451 1
5453 5
5457 1
5459 4
5465 3
5469 2
5473 1
5477 3
5481 2
5483 4
5485 2
5489 1
5491 1
5493 4
5499 4
5501 4
5505 1
5509 2
5513 1
5517 1
5521 3
5523 1
5525 4
5529 3
5533 4
5537 1
5541 2
5547 2
5549 2
5555 1
5557 1
5561 2
5571 2
5573 1
5577 1
5579 1
5585 4
5589 3
5597 1
5601 2
5603 1
5605 1
5609 2
5613 1
5617 3
5619 2
5621 2
5625 5
5627 3
5629 1
5633 3
5635 1
5637 2
5645 3
5649 3
5657 2
5659 1
5661 5
5665 2
5669 3
5673 1
5675 1
5681 2
5685 2
5689 2
5691 1
5697 1
5699 1
5705 1
5709 1
5713 1
5715 2
5717 4
5721 1
5733 2
5739 1
5741 6
5745 2
5747 1
5755 2
5757 1
5761 3
5763 1
5769 1
5771 3
5777 1
5779 1
5781 4
5787 1
5789 4
5795 1
5797 1
5801 1
5805 2
5809 1
5811 1
5813 2
5817 1
5819 2
5825 4
5829 1
5833 1
5835 1
5841 1
5843 1
5845 1
5849 2
5851 2
5853 1
5859 1
5861 2
5865 1
5867 1
5873 1
5875 1
5885 1
5891 1
5899 1
5905 1
5909 4
5917 3
5921 2
5931 2
5945 1
5949 1
5953 1
5957 1
5969 4
5973 1
5979 1
5985 2
5989 1
5993 1
5995 3
6005 2
6009 1
6011 1
6017 3
6019 1
6021 1
6027 1
6033 2
6041 3
6043 1
6057 1
6059 1
6065 1
6069 3
6085 1
6091 3
6093 1
6099 1
6105 1
6107 1
6113 3
6123 1
6125 1
6129 1
6141 1
6145 1
6153 1
6163 1
6173 2
6187 1
6201 1
6205 1
6209 1
6217 1
6219 1
6225 1
6227 1
6233 1
6237 2
6243 1
6245 1
6249 2
6251 3
6257 1
6265 2
6267 1
6269 1
6277 2
6297 1
6313 1
6321 2
6329 1
6333 1
6337 1
6341 3
6345 3
6353 1
6365 2
6379 1
6389 2
6393 1
6397 1
6401 1
6417 2
6425 1
6435 1
6441 1
6449 1
6453 1
6457 1
6473 1
6491 3
6501 1
6509 1
6515 1
6553 1
6561 1
6569 1
6573 1
6579 1
6581 3
6585 1
6593 2
6601 1
6611 1
6633 1
6677 1
6693 1
6699 1
6701 1
6707 2
6723 1
6725 1
6729 1
6753 1
6755 1
6761 1
6781 1
6785 1
6787 1
6789 1
6795 2
6817 1
6851 2
6881 1
6899 1
6917 1
6921 1
6929 1
6947 1
6965 1
6973 1
6985 1
7013 1
7021 1
7045 1
7053 1
7073 1
7083 1
7085 1
7101 1
7125 1
7179 1
7209 1
7245 2
7281 1
7385 1
7411 1
7499 1
7595 1
7683 1
7741 1
7885 1
8093 1
8347 1
8852 1
9050 1
9617 1
9633 1
10160 1
12406 1
15006 1
15254 1
15540 1
17581 1
19845 1
21125 1
22685 1
24093 1
24365 1
24874 1
30843 1
32109 1
32645 1
33185 1
34921 1
52506 1
55286 1
56270 1
57300 1
58226 1
62840 1
