N J h mean_R_sq err_mean_R_sq mean_R_gyr_sq err_mean_R_gyr_sq 
400 0.882 0 737.502 3.75913 345.73 1.18599
1 97
3 163
5 486
9 605
11 537
13 510
17 1024
19 492
21 1009
25 644
27 658
29 1493
33 981
35 1016
37 476
41 1863
43 463
45 1532
49 1113
51 1019
53 1477
57 943
59 1390
61 1467
65 1914
67 441
69 1847
73 875
75 1061
77 1866
81 1949
83 1409
85 900
89 2627
91 848
93 931
97 891
99 1313
101 3057
105 1775
107 1268
109 1348
113 1611
115 824
117 2111
121 1369
123 857
125 2529
129 2418
131 1995
133 788
137 1633
139 1233
141 1584
145 1497
147 925
149 2660
153 2352
155 1523
157 1194
161 3027
163 370
165 1430
169 1209
171 1848
173 2611
177 704
179 1803
181 1786
185 2928
187 719
189 2873
193 673
195 1418
197 1746
201 2111
203 1335
205 1377
209 3390
211 1058
213 1398
217 1356
219 1330
221 2634
225 2036
227 1746
229 1651
233 1950
235 647
237 1905
241 1914
243 1365
245 2274
249 1838
251 2209
253 643
257 2420
259 1188
261 2769
265 1173
267 584
269 3306
273 1148
275 1492
277 870
281 2926
283 836
285 2277
289 1205
291 1133
293 2555
297 2258
299 2257
301 1179
305 2190
307 842
309 1621
313 1150
315 1791
317 1382
321 2691
323 1051
325 1891
329 3193
331 812
333 1422
337 1036
339 1624
341 3648
345 1048
347 1246
349 1820
353 1988
355 1030
357 1026
361 1285
363 1082
365 2450
369 2966
371 1997
373 1202
377 1948
379 763
381 2313
385 944
387 1180
389 2614
393 1428
395 1788
397 741
401 2317
403 442
405 2016
409 1759
411 1361
413 2263
417 1332
419 1975
421 1086
425 3072
427 423
429 1747
433 1201
435 815
437 2093
441 2305
443 1064
445 831
449 2097
451 1306
453 1211
457 856
459 1658
461 3101
465 1572
467 1458
469 1571
473 1175
475 968
477 1763
481 1547
483 729
485 2019
489 1888
491 1691
493 1086
497 2308
499 578
501 1465
505 747
507 837
509 2721
513 1492
515 1049
517 1060
521 2873
523 930
525 1766
529 1069
531 1556
533 1070
537 1080
539 1510
541 855
545 2723
547 525
549 2565
553 680
555 644
557 1529
561 1336
563 1465
565 1003
569 2557
571 769
573 1217
577 644
579 1274
581 2277
585 1889
587 1127
589 1233
593 1918
595 583
597 904
601 1599
603 727
605 1944
609 1211
611 1475
613 826
617 882
619 705
621 2365
625 916
627 553
629 2591
633 1445
635 1403
637 971
641 1963
643 415
645 1140
649 1329
651 1075
653 1011
657 1389
659 1402
661 1281
665 1634
667 543
669 778
673 762
675 1263
677 2018
681 1236
683 662
685 812
689 2604
691 662
693 1562
697 494
699 1225
701 2177
705 1535
707 756
709 600
713 1482
715 519
717 979
721 967
723 480
725 1788
729 1515
731 1453
733 783
737 1140
739 578
741 1391
745 903
747 1067
749 1842
753 691
755 1356
757 628
761 2204
763 440
765 1091
769 1128
771 642
773 1403
777 876
779 1177
781 1094
785 813
787 522
789 1686
793 440
795 418
797 1593
801 1887
803 1026
805 872
809 1641
811 648
813 579
817 632
819 1006
821 1500
825 1364
827 700
829 1076
833 1317
835 599
837 747
841 682
843 571
845 1477
849 1293
851 929
853 438
857 1459
859 672
861 1042
865 745
867 559
869 1421
873 949
875 1047
877 464
881 1664
883 248
885 1020
889 697
891 770
893 1257
897 613
899 1157
901 1058
905 1043
907 256
909 1711
913 472
915 677
917 859
921 838
923 807
925 562
929 1411
931 625
933 637
937 812
939 620
941 1799
945 1185
947 371
949 444
953 1233
955 346
957 583
961 618
963 665
965 1648
969 940
971 1043
973 412
977 719
979 565
981 1048
985 887
987 541
989 1308
993 436
995 602
997 489
1001 1396
1003 284
1005 540
1009 695
1011 798
1013 871
1017 828
1019 898
1021 726
1025 1346
1027 241
1029 1071
1033 427
1035 622
1037 651
1041 1174
1043 481
1045 537
1049 1386
1051 304
1053 1064
1057 508
1059 382
1061 868
1065 494
1067 687
1069 927
1073 747
1075 380
1077 745
1081 440
1083 329
1085 976
1089 887
1091 1001
1093 283
1097 1021
1099 353
1101 749
1105 460
1107 425
1109 1369
1113 454
1115 568
1117 387
1121 1140
1123 257
1125 972
1129 430
1131 448
1133 782
1137 519
1139 789
1141 638
1145 550
1147 315
1149 399
1153 399
1155 397
1157 759
1161 1192
1163 345
1165 496
1169 1240
1171 362
1173 573
1177 304
1179 739
1181 1121
1185 362
1187 388
1189 468
1193 799
1195 376
1197 429
1201 325
1203 284
1205 979
1209 908
1211 608
1213 233
1217 709
1219 276
1221 714
1225 485
1227 171
1229 843
1233 513
1235 532
1237 300
1241 695
1243 177
1245 671
1249 615
1251 627
1253 688
1257 408
1259 582
1261 419
1265 841
1267 260
1269 711
1273 426
1275 410
1277 671
1281 483
1283 452
1285 236
1289 707
1291 375
1293 499
1297 231
1299 289
1301 907
1305 761
1307 432
1309 440
1313 454
1315 238
1317 388
1321 413
1323 359
1325 779
1329 644
1331 451
1333 378
1337 404
1339 263
1341 730
1345 305
1347 205
1349 979
1353 260
1355 421
1357 253
1361 1003
1363 195
1365 274
1369 286
1371 394
1373 280
1377 528
1379 545
1381 427
1385 775
1387 156
1389 475
1393 232
1395 377
1397 347
1401 404
1403 432
1405 327
1409 540
1411 125
1413 452
1417 204
1419 362
1421 772
1425 442
1427 475
1429 311
1433 493
1435 115
1437 369
1441 434
1443 230
1445 558
1449 688
1451 356
1453 185
1457 343
1459 311
1461 385
1465 220
1467 135
1469 723
1473 363
1475 423
1477 202
1481 675
1483 178
1485 442
1489 264
1491 288
1493 284
1497 275
1499 313
1501 305
1505 498
1507 100
1509 483
1513 216
1515 311
1517 552
1521 417
1523 165
1525 376
1529 580
1531 272
1533 261
1537 206
1539 382
1541 433
1545 272
1547 288
1549 208
1553 450
1555 89
1557 447
1561 351
1563 132
1565 375
1569 280
1571 345
1573 255
1577 311
1579 190
1581 454
1585 236
1587 184
1589 572
1593 185
1595 341
1597 130
1601 551
1603 136
1605 143
1609 254
1611 301
1613 462
1617 259
1619 298
1621 171
1625 457
1627 150
1629 507
1633 160
1635 168
1637 361
1641 396
1643 194
1645 161
1649 446
1651 135
1653 157
1657 134
1659 148
1661 426
1665 395
1667 215
1669 199
1673 281
1675 113
1677 151
1681 188
1683 174
1685 478
1689 292
1691 296
1693 183
1697 211
1699 188
1701 404
1705 119
1707 179
1709 392
1713 258
1715 275
1717 133
1721 422
1723 74
1725 307
1729 186
1731 138
1733 255
1737 142
1739 319
1741 187
1745 313
1747 101
1749 264
1753 162
1755 265
1757 212
1761 143
1763 186
1765 139
1769 448
1771 122
1773 201
1777 169
1779 147
1781 511
1785 227
1787 98
1789 172
1793 254
1795 121
1797 164
1801 188
1803 110
1805 285
1809 320
1811 300
1813 129
1817 266
1819 130
1821 262
1825 189
1827 148
1829 245
1833 145
1835 124
1837 166
1841 246
1843 78
1845 256
1849 132
1851 179
1853 230
1857 122
1859 174
1861 212
1865 285
1867 61
1869 243
1873 56
1875 129
1877 210
1881 354
1883 168
1885 81
1889 412
1891 115
1893 120
1897 82
1899 189
1901 232
1905 135
1907 157
1909 152
1913 177
1915 49
1917 191
1921 215
1923 97
1925 278
1929 149
1931 234
1933 104
1937 249
1939 93
1941 111
1945 72
1947 80
1949 348
1953 221
1955 111
1957 74
1961 178
1963 59
1965 181
1969 92
1971 138
1973 207
1977 161
1979 222
1981 102
1985 201
1987 64
1989 206
1993 105
1995 85
1997 183
2001 227
2003 100
2005 138
2009 269
2011 61
2013 71
2017 51
2019 138
2021 316
2025 171
2027 93
2029 155
2033 110
2035 79
2037 85
2041 132
2043 138
2045 193
2049 137
2051 154
2053 71
2057 168
2059 56
2061 182
2065 96
2067 64
2069 163
2073 74
2075 173
2077 69
2081 232
2083 55
2085 131
2089 165
2091 80
2093 161
2097 132
2099 153
2101 69
2105 179
2107 65
2109 145
2113 56
2115 70
2117 134
2121 145
2123 102
2125 83
2129 185
2131 76
2133 174
2137 50
2139 55
2141 273
2145 122
2147 87
2149 84
2153 98
2155 85
2157 58
2161 136
2163 54
2165 102
2169 186
2171 84
2173 62
2177 139
2179 38
2181 116
2185 77
2187 76
2189 204
2193 87
2195 118
2197 70
2201 194
2203 29
2205 118
2209 79
2211 68
2213 124
2217 82
2219 140
2221 61
2225 156
2227 27
2229 122
2233 46
2235 68
2237 83
2241 119
2243 86
2245 80
2249 114
2251 37
2253 110
2257 74
2259 118
2261 203
2265 93
2267 73
2269 68
2273 115
2275 50
2277 38
2281 53
2283 25
2285 170
2289 78
2291 72
2293 37
2297 78
2299 51
2301 106
2305 50
2307 36
2309 172
2313 112
2315 100
2317 49
2321 137
2323 35
2325 69
2329 78
2331 97
2333 72
2337 67
2339 86
2341 53
2345 108
2347 23
2349 125
2353 40
2355 47
2357 91
2361 81
2363 38
2365 79
2369 157
2371 57
2373 45
2377 32
2379 52
2381 69
2385 98
2387 47
2389 77
2393 103
2395 28
2397 64
2401 68
2403 30
2405 85
2409 69
2411 97
2413 33
2417 61
2419 29
2421 129
2425 55
2427 54
2429 115
2433 42
2435 75
2437 32
2441 154
2443 19
2445 55
2449 75
2451 29
2453 79
2457 56
2459 69
2461 81
2465 60
2467 17
2469 102
2473 35
2475 41
2477 64
2481 80
2483 66
2485 46
2489 68
2491 38
2493 44
2497 41
2499 59
2501 84
2505 70
2507 58
2509 38
2513 46
2515 15
2517 42
2521 60
2523 36
2525 100
2529 112
2531 41
2533 17
2537 95
2539 36
2541 71
2545 38
2547 42
2549 103
2553 30
2555 28
2557 26
2561 80
2563 13
2565 95
2569 35
2571 47
2573 60
2577 27
2579 65
2581 52
2585 64
2587 24
2589 44
2593 37
2595 33
2597 73
2601 37
2603 48
2605 20
2609 97
2611 19
2613 35
2617 46
2619 43
2621 78
2625 53
2627 26
2629 32
2633 33
2635 28
2637 73
2641 24
2643 9
2645 59
2649 48
2651 76
2653 25
2657 37
2659 29
2661 55
2665 34
2667 24
2669 71
2673 58
2675 43
2677 37
2681 81
2683 14
2685 33
2689 20
2691 47
2693 28
2697 23
2699 34
2701 48
2705 75
2707 16
2709 42
2713 23
2715 21
2717 27
2721 54
2723 22
2725 30
2729 77
2731 27
2733 38
2737 18
2739 27
2741 59
2745 36
2747 34
2749 46
2753 35
2755 16
2757 40
2761 23
2763 36
2765 48
2769 29
2771 46
2773 14
2777 39
2779 26
2781 37
2785 28
2787 8
2789 73
2793 30
2795 21
2797 16
2801 55
2803 18
2805 30
2809 30
2811 33
2813 35
2817 31
2819 44
2821 22
2825 46
2827 7
2829 25
2833 28
2835 28
2837 27
2841 31
2843 20
2845 28
2849 60
2851 14
2853 20
2857 17
2859 24
2861 45
2865 23
2867 17
2869 20
2873 43
2875 14
2877 32
2881 24
2883 10
2885 19
2889 57
2891 21
2893 14
2897 25
2899 11
2901 35
2905 21
2907 9
2909 52
2913 20
2915 36
2917 23
2921 45
2923 8
2925 48
2929 32
2931 11
2933 29
2937 15
2939 41
2941 16
2945 37
2947 8
2949 18
2953 10
2955 11
2957 30
2961 54
2963 16
2965 11
2969 21
2971 13
2973 21
2977 12
2979 10
2981 44
2985 19
2987 16
2989 25
2993 27
2995 8
2997 19
3001 19
3003 6
3005 27
3009 46
3011 21
3013 17
3017 22
3019 11
3021 17
3025 13
3027 9
3029 32
3033 17
3035 24
3037 10
3041 39
3043 10
3045 25
3049 13
3051 15
3053 18
3057 14
3059 13
3061 9
3065 26
3067 5
3069 33
3073 11
3075 16
3077 25
3081 18
3083 8
3085 14
3089 17
3091 17
3093 23
3097 8
3099 20
3101 34
3105 19
3107 16
3109 19
3113 24
3115 7
3117 8
3121 15
3123 11
3125 23
3129 13
3131 13
3133 5
3137 21
3139 9
3141 34
3145 19
3147 12
3149 33
3153 16
3155 15
3157 5
3161 19
3163 4
3165 10
3169 9
3171 12
3173 25
3177 6
3179 20
3181 10
3185 24
3187 4
3189 15
3193 7
3195 15
3197 18
3201 11
3203 13
3205 7
3209 19
3211 13
3213 17
3217 4
3219 6
3221 24
3225 21
3227 6
3229 14
3233 25
3235 3
3237 12
3241 8
3243 3
3245 21
3249 18
3251 10
3253 14
3257 20
3259 5
3261 17
3265 8
3267 8
3269 18
3273 9
3275 13
3277 9
3281 26
3283 5
3285 23
3289 5
3291 5
3293 14
3297 11
3299 14
3301 10
3305 10
3307 3
3309 9
3313 7
3315 3
3317 19
3321 19
3323 8
3325 13
3329 17
3331 6
3333 10
3337 9
3339 14
3341 14
3345 15
3347 7
3349 6
3353 13
3355 3
3357 10
3361 7
3363 6
3365 17
3369 11
3371 6
3373 6
3377 15
3379 3
3381 17
3385 9
3387 8
3389 11
3393 15
3395 8
3397 3
3401 28
3403 4
3405 9
3409 10
3411 8
3413 11
3417 5
3419 9
3421 9
3425 12
3427 2
3429 20
3433 5
3435 8
3437 8
3441 13
3443 7
3445 5
3449 20
3451 4
3453 5
3457 6
3459 3
3461 17
3465 4
3467 7
3469 8
3473 7
3475 5
3477 6
3481 4
3483 5
3485 14
3489 11
3491 13
3493 5
3497 7
3499 3
3501 14
3505 5
3509 12
3513 10
3515 8
3517 5
3521 9
3523 4
3525 8
3529 4
3531 3
3533 10
3537 9
3539 9
3541 6
3545 13
3547 1
3549 13
3553 7
3555 3
3557 6
3561 3
3563 9
3565 6
3569 13
3571 5
3573 2
3577 5
3579 7
3581 8
3585 11
3587 6
3589 9
3593 7
3595 3
3597 4
3601 2
3603 5
3605 9
3609 8
3611 7
3613 8
3617 11
3619 2
3621 10
3625 8
3629 12
3633 1
3635 2
3637 5
3641 6
3643 1
3645 12
3649 6
3651 1
3653 4
3657 3
3659 11
3661 4
3665 8
3667 1
3669 9
3673 2
3675 5
3677 5
3681 8
3683 5
3685 9
3689 13
3691 4
3693 4
3697 2
3699 3
3701 8
3705 3
3707 6
3709 6
3713 5
3715 4
3717 9
3723 4
3725 11
3729 8
3731 4
3733 4
3737 5
3739 5
3741 9
3745 1
3747 2
3749 7
3753 12
3755 7
3757 6
3761 7
3763 1
3765 5
3769 5
3771 4
3773 12
3777 2
3779 4
3781 4
3785 3
3787 1
3789 8
3793 4
3795 1
3797 5
3801 5
3803 1
3805 2
3809 4
3811 3
3813 3
3817 5
3819 1
3821 15
3825 5
3827 3
3829 4
3833 4
3835 2
3837 2
3841 2
3843 2
3845 7
3849 4
3851 3
3853 5
3857 10
3859 1
3861 5
3865 2
3867 1
3869 7
3873 3
3875 3
3881 12
3883 2
3885 3
3889 6
3891 4
3893 5
3897 5
3899 4
3901 4
3905 4
3909 2
3913 3
3917 2
3921 3
3925 3
3929 6
3931 3
3933 4
3937 4
3939 2
3941 3
3945 2
3947 2
3953 4
3955 2
3957 2
3961 5
3965 3
3969 5
3971 4
3973 1
3977 5
3979 3
3981 3
3985 2
3987 2
3989 7
3993 1
3995 2
4001 9
4003 1
4005 1
4009 1
4011 3
4013 2
4017 4
4019 6
4021 3
4025 3
4027 1
4029 4
4033 1
4037 3
4041 2
4049 4
4051 3
4053 2
4059 3
4061 3
4065 4
4067 3
4069 2
4073 3
4075 1
4077 6
4081 7
4085 3
4089 4
4091 6
4093 3
4097 1
4099 1
4101 1
4109 3
4115 1
4125 3
4131 1
4133 7
4137 2
4139 1
4145 1
4147 3
4149 5
4155 2
4157 2
4161 8
4163 1
4165 1
4169 3
4171 1
4173 1
4177 5
4181 7
4187 1
4189 1
4193 2
4197 1
4203 2
4205 2
4209 2
4213 1
4217 2
4219 2
4221 1
4225 2
4229 3
4233 1
4235 3
4237 1
4241 1
4245 7
4249 1
4251 2
4253 1
4257 2
4259 1
4261 1
4265 3
4269 2
4275 2
4281 2
4283 1
4285 1
4289 5
4291 2
4293 1
4297 1
4299 3
4301 1
4305 1
4313 1
4315 3
4317 3
4321 2
4325 2
4329 3
4339 1
4341 2
4347 1
4349 1
4353 3
4361 2
4365 1
4369 2
4373 2
4377 2
4379 2
4381 1
4387 1
4393 1
4397 2
4401 5
4405 1
4409 2
4413 1
4419 1
4421 1
4425 1
4427 1
4429 1
4433 3
4437 1
4441 1
4443 1
4445 3
4451 1
4457 2
4459 1
4469 2
4473 2
4475 2
4483 1
4485 2
4491 1
4497 2
4499 1
4501 1
4513 2
4521 1
4525 1
4529 1
4531 1
4537 2
4541 2
4545 1
4549 1
4553 2
4555 1
4561 1
4569 1
4579 3
4587 1
4601 1
4603 1
4613 1
4625 1
4633 1
4635 1
4637 3
4641 1
4649 1
4651 1
4653 1
4661 2
4669 2
4675 1
4681 1
4683 1
4685 1
4689 1
4697 2
4701 1
4705 1
4709 1
4721 1
4723 1
4731 1
4745 3
4755 1
4761 1
4773 1
4781 2
4785 1
4805 1
4809 1
4817 1
4833 2
4835 1
4837 1
4851 1
4857 1
4877 2
4881 2
4885 1
4899 1
4901 1
4921 1
4939 1
4955 1
4969 1
4973 1
4977 1
4979 1
4995 1
4997 1
5009 1
5021 1
5033 1
5037 1
5049 2
5061 1
5073 1
5085 1
5093 1
5099 1
5121 1
5149 1
5165 1
5169 1
5187 1
5189 1
5197 1
5211 1
5243 1
5261 1
5281 1
5347 1
5357 1
5401 1
5425 1
5435 1
5461 1
5521 1
5525 1
5561 1
5629 1
5717 1
5813 1
5837 1
5867 1
5961 1
5969 1
6125 1
6149 1
6395 1
7709 1
7721 1
8329 1
8699 1
8771 1
8795 1
8801 1
9053 1
9525 1
9541 1
9729 1
9748 1
9866 1
10027 1
10141 1
10818 1
10989 1
11193 1
15979 1
24557 1
26045 1
26921 1
28401 1
28937 1
29053 1
29645 1
29789 1
29829 1
29969 1
30301 1
30633 1
31125 1
32465 1
33161 1
33441 1
34555 1
34853 1
35067 1
35729 1
35874 1
39436 1
39731 1
39882 1
