N J h mean_R_sq err_mean_R_sq mean_R_gyr_sq err_mean_R_gyr_sq 
700 0.871 0 1395.32 49.6162 920.781 28.1561
1 3
3 2
5 10
9 12
11 10
13 12
17 21
19 14
21 29
25 12
27 17
29 47
33 19
35 34
37 9
41 50
43 14
45 36
49 37
51 19
53 47
57 31
59 59
61 44
65 72
67 14
69 52
73 23
75 30
77 43
81 68
83 34
85 24
89 79
91 34
93 28
97 21
99 45
101 74
105 56
107 28
109 31
113 29
115 21
117 65
121 54
123 20
125 83
129 74
131 57
133 20
137 48
139 35
141 46
145 47
147 26
149 75
153 77
155 52
157 45
161 86
163 12
165 49
169 52
171 50
173 86
177 21
179 63
181 47
185 73
187 32
189 93
193 18
195 38
197 58
201 60
203 54
205 36
209 128
211 46
213 44
217 51
219 47
221 87
225 70
227 55
229 43
233 65
235 32
237 58
241 68
243 39
245 68
249 71
251 74
253 20
257 91
259 52
261 107
265 51
267 24
269 105
273 52
275 50
277 33
281 102
283 28
285 86
289 43
291 37
293 106
297 80
299 80
301 47
305 64
307 43
309 55
313 37
315 53
317 48
321 97
323 32
325 79
329 112
331 27
333 46
337 36
339 64
341 150
345 36
347 44
349 84
353 88
355 33
357 37
361 42
363 56
365 76
369 127
371 74
373 45
377 74
379 30
381 79
385 50
387 44
389 109
393 64
395 74
397 20
401 100
403 25
405 86
409 73
411 60
413 85
417 47
419 71
421 43
425 116
427 12
429 66
433 57
435 23
437 99
441 100
443 44
445 34
449 91
451 51
453 50
457 34
459 54
461 125
465 78
467 51
469 67
473 53
475 31
477 83
481 69
483 30
485 79
489 87
491 58
493 51
497 104
499 22
501 64
505 27
507 42
509 126
513 56
515 49
517 45
521 120
523 35
525 66
529 56
531 75
533 65
537 42
539 76
541 35
545 137
547 20
549 126
553 35
555 31
557 69
561 71
563 74
565 46
569 109
571 30
573 74
577 23
579 72
581 93
585 91
587 46
589 58
593 94
595 42
597 47
601 79
603 42
605 92
609 62
611 79
613 36
617 47
619 25
621 96
625 34
627 30
629 103
633 73
635 82
637 53
641 94
643 26
645 59
649 81
651 51
653 43
657 68
659 61
661 72
665 82
667 22
669 38
673 47
675 67
677 113
681 55
683 38
685 40
689 135
691 27
693 69
697 30
699 56
701 120
705 83
707 31
709 36
713 66
715 24
717 63
721 52
723 20
725 83
729 64
731 83
733 53
737 66
739 27
741 90
745 43
747 66
749 104
753 27
755 64
757 36
761 125
763 20
765 64
769 58
771 33
773 85
777 43
779 48
781 63
785 49
787 24
789 99
793 29
795 32
797 77
801 83
803 82
805 44
809 86
811 45
813 29
817 27
819 52
821 81
825 75
827 38
829 61
833 75
835 42
837 52
841 36
843 30
845 78
849 73
851 65
853 26
857 91
859 39
861 58
865 39
867 27
869 90
873 53
875 62
877 21
881 102
883 20
885 65
889 52
891 49
893 85
897 37
899 91
901 48
905 60
907 10
909 116
913 35
915 40
917 46
921 53
923 51
925 35
929 88
931 36
933 50
937 64
939 56
941 131
945 63
947 18
949 33
953 70
955 26
957 46
961 47
963 54
965 96
969 54
971 84
973 30
977 48
979 39
981 70
985 62
987 36
989 80
993 29
995 42
997 28
1001 101
1003 24
1005 40
1009 46
1011 53
1013 61
1017 69
1019 57
1021 58
1025 97
1027 19
1029 70
1033 23
1035 43
1037 49
1041 93
1043 40
1045 39
1049 94
1051 20
1053 70
1057 27
1059 28
1061 77
1065 37
1067 46
1069 74
1073 57
1075 27
1077 60
1081 39
1083 31
1085 83
1089 75
1091 72
1093 13
1097 68
1099 20
1101 59
1105 47
1107 40
1109 113
1113 38
1115 35
1117 23
1121 106
1123 22
1125 77
1129 43
1131 35
1133 57
1137 47
1139 66
1141 75
1145 46
1147 32
1149 30
1153 29
1155 31
1157 68
1161 109
1163 21
1165 39
1169 92
1171 31
1173 55
1177 25
1179 61
1181 91
1185 27
1187 38
1189 35
1193 70
1195 37
1197 45
1201 36
1203 29
1205 68
1209 83
1211 50
1213 16
1217 61
1219 17
1221 52
1225 46
1227 13
1229 79
1233 51
1235 41
1237 16
1241 47
1243 14
1245 60
1249 69
1251 61
1253 59
1257 34
1259 45
1261 42
1265 78
1267 22
1269 64
1273 37
1275 41
1277 67
1281 51
1283 44
1285 22
1289 49
1291 34
1293 44
1297 33
1299 33
1301 80
1305 58
1307 31
1309 42
1313 40
1315 19
1317 35
1321 42
1323 41
1325 69
1329 66
1331 45
1333 41
1337 39
1339 29
1341 68
1345 25
1347 23
1349 81
1353 16
1355 36
1357 24
1361 105
1363 23
1365 14
1369 26
1371 34
1373 37
1377 82
1379 55
1381 38
1385 77
1387 11
1389 35
1393 24
1395 31
1397 46
1401 54
1403 38
1405 35
1409 49
1411 9
1413 43
1417 25
1419 45
1421 88
1425 36
1427 51
1429 30
1433 52
1435 4
1437 40
1441 42
1443 17
1445 51
1449 77
1451 48
1453 16
1457 38
1459 28
1461 33
1465 20
1467 22
1469 82
1473 59
1475 44
1477 30
1481 84
1483 12
1485 53
1489 30
1491 34
1493 34
1497 25
1499 33
1501 37
1505 51
1507 8
1509 52
1513 18
1515 24
1517 66
1521 44
1523 27
1525 44
1529 64
1531 26
1533 29
1537 20
1539 45
1541 50
1545 32
1547 40
1549 28
1553 59
1555 15
1557 58
1561 32
1563 17
1565 40
1569 36
1571 42
1573 31
1577 35
1579 24
1581 46
1585 26
1587 21
1589 84
1593 21
1595 50
1597 22
1601 68
1603 13
1605 20
1609 30
1611 45
1613 48
1617 42
1619 26
1621 24
1625 57
1627 12
1629 65
1633 25
1635 13
1637 56
1641 52
1643 30
1645 20
1649 61
1651 16
1653 13
1657 21
1659 21
1661 51
1665 56
1667 37
1669 38
1673 30
1675 17
1677 19
1681 25
1683 13
1685 60
1689 34
1691 39
1693 21
1697 26
1699 21
1701 55
1705 27
1707 17
1709 36
1713 43
1715 31
1717 18
1721 50
1723 8
1725 42
1729 35
1731 22
1733 45
1737 18
1739 46
1741 32
1745 45
1747 12
1749 41
1753 31
1755 37
1757 33
1761 18
1763 14
1765 22
1769 65
1771 17
1773 33
1777 27
1779 19
1781 81
1785 14
1787 14
1789 35
1793 32
1795 13
1797 19
1801 34
1803 20
1805 53
1809 45
1811 44
1813 15
1817 48
1819 17
1821 44
1825 31
1827 28
1829 35
1833 24
1835 17
1837 9
1841 34
1843 13
1845 40
1849 13
1851 22
1853 37
1857 17
1859 32
1861 37
1865 45
1867 8
1869 27
1873 10
1875 22
1877 27
1881 57
1883 31
1885 18
1889 64
1891 14
1893 17
1897 10
1899 33
1901 32
1905 18
1907 26
1909 23
1913 32
1915 11
1917 29
1921 32
1923 17
1925 63
1929 25
1931 40
1933 8
1937 30
1939 14
1941 14
1945 14
1947 14
1949 72
1953 35
1955 21
1957 13
1961 28
1963 11
1965 36
1969 24
1971 31
1973 22
1977 40
1979 37
1981 13
1985 44
1987 13
1989 43
1993 13
1995 10
1997 35
2001 34
2003 20
2005 43
2009 55
2011 8
2013 12
2017 11
2019 18
2021 53
2025 42
2027 17
2029 30
2033 22
2035 11
2037 24
2041 19
2043 20
2045 40
2049 36
2051 27
2053 18
2057 43
2059 16
2061 47
2065 20
2067 9
2069 34
2073 13
2075 28
2077 13
2081 40
2083 10
2085 24
2089 27
2091 16
2093 25
2097 30
2099 26
2101 15
2105 36
2107 8
2109 28
2113 7
2115 12
2117 22
2121 32
2123 24
2125 21
2129 42
2131 18
2133 35
2137 11
2139 14
2141 50
2145 22
2147 14
2149 19
2153 22
2155 12
2157 19
2161 21
2163 19
2165 19
2169 40
2171 26
2173 8
2177 23
2179 6
2181 18
2185 19
2187 19
2189 56
2193 15
2195 19
2197 13
2201 34
2203 3
2205 33
2209 19
2211 26
2213 28
2217 21
2219 29
2221 10
2225 49
2227 7
2229 27
2233 20
2235 15
2237 27
2241 40
2243 24
2245 17
2249 19
2251 8
2253 27
2257 9
2259 27
2261 41
2265 16
2267 9
2269 15
2273 29
2275 12
2277 14
2281 8
2283 5
2285 39
2289 16
2291 15
2293 6
2297 25
2299 13
2301 35
2305 12
2307 8
2309 42
2313 29
2315 20
2317 21
2321 26
2323 13
2325 19
2329 14
2331 20
2333 21
2337 10
2339 20
2341 13
2345 29
2347 5
2349 34
2353 5
2355 21
2357 24
2361 17
2363 12
2365 25
2369 31
2371 7
2373 22
2377 4
2379 15
2381 22
2385 24
2387 13
2389 22
2393 30
2395 8
2397 14
2401 12
2403 13
2405 21
2409 22
2411 28
2413 16
2417 25
2419 10
2421 40
2425 12
2427 16
2429 29
2433 11
2435 15
2437 9
2441 48
2443 5
2445 21
2449 24
2451 6
2453 31
2457 13
2459 25
2461 15
2465 18
2467 6
2469 21
2473 13
2475 20
2477 12
2481 33
2483 19
2485 12
2489 11
2491 8
2493 17
2497 10
2499 15
2501 18
2505 20
2507 16
2509 11
2513 23
2515 4
2517 8
2521 20
2523 15
2525 30
2529 32
2531 17
2533 10
2537 31
2539 11
2541 15
2545 6
2547 11
2549 41
2553 9
2555 13
2557 2
2561 24
2563 4
2565 29
2569 6
2571 13
2573 16
2577 5
2579 19
2581 15
2585 19
2587 10
2589 14
2593 16
2595 8
2597 23
2601 15
2603 15
2605 2
2609 34
2611 12
2613 11
2617 9
2619 14
2621 24
2625 23
2627 12
2629 10
2633 15
2635 8
2637 22
2641 9
2643 15
2645 14
2649 18
2651 17
2653 14
2657 13
2659 9
2661 26
2665 16
2667 4
2669 25
2673 19
2675 14
2677 5
2681 25
2683 5
2685 4
2689 5
2691 13
2693 15
2697 13
2699 21
2701 14
2705 34
2707 4
2709 14
2713 8
2715 3
2717 11
2721 27
2723 7
2725 16
2729 25
2731 10
2733 12
2737 5
2739 15
2741 28
2745 27
2747 12
2749 17
2753 12
2755 3
2757 13
2761 12
2763 11
2765 20
2769 21
2771 16
2773 8
2777 15
2779 8
2781 16
2785 14
2787 3
2789 25
2793 10
2795 10
2797 6
2801 19
2803 12
2805 13
2809 18
2811 10
2813 20
2817 8
2819 11
2821 7
2825 22
2827 2
2829 10
2833 11
2835 12
2837 12
2841 19
2843 12
2845 5
2849 23
2851 8
2853 11
2857 7
2859 10
2861 20
2865 6
2867 3
2869 11
2873 15
2875 8
2877 20
2881 6
2883 6
2885 11
2889 29
2891 22
2893 6
2897 10
2899 4
2901 16
2905 7
2907 6
2909 18
2913 7
2915 16
2917 3
2921 24
2923 2
2925 23
2929 8
2931 6
2933 11
2937 4
2939 26
2941 15
2945 27
2947 5
2949 12
2953 8
2955 5
2957 18
2961 24
2963 5
2965 1
2969 13
2971 3
2973 6
2977 4
2979 9
2981 19
2985 10
2987 11
2989 8
2993 12
2997 9
3001 14
3003 4
3005 14
3009 15
3011 10
3013 6
3017 18
3019 5
3021 6
3025 10
3027 7
3029 11
3033 5
3035 13
3037 2
3041 17
3043 8
3045 13
3049 10
3051 7
3053 11
3057 9
3059 15
3061 11
3065 24
3067 4
3069 17
3073 4
3075 8
3077 15
3081 10
3083 5
3085 4
3089 11
3091 9
3093 6
3097 10
3099 11
3101 12
3105 11
3107 6
3109 7
3113 10
3115 3
3117 1
3121 9
3123 8
3125 17
3129 12
3131 10
3133 3
3137 14
3139 3
3141 19
3145 7
3147 3
3149 20
3153 11
3155 12
3157 2
3161 20
3163 2
3165 7
3169 9
3171 8
3173 10
3177 16
3179 5
3181 10
3185 14
3187 2
3189 16
3193 3
3195 11
3197 17
3201 5
3203 1
3205 11
3209 19
3211 8
3213 6
3217 5
3219 5
3221 15
3225 22
3227 8
3229 3
3233 10
3235 3
3237 7
3241 10
3243 2
3245 8
3249 9
3251 14
3253 6
3257 11
3259 1
3261 9
3265 4
3267 11
3269 9
3273 5
3275 14
3277 5
3281 19
3283 7
3285 8
3289 8
3291 2
3293 8
3297 4
3299 13
3301 12
3305 9
3307 2
3309 5
3313 3
3315 4
3317 6
3321 15
3323 3
3325 7
3329 11
3331 3
3333 5
3337 1
3339 8
3341 22
3345 8
3347 2
3349 6
3353 6
3355 3
3357 10
3361 2
3363 4
3365 19
3369 5
3371 9
3373 7
3377 9
3379 6
3381 10
3385 6
3387 5
3389 3
3393 4
3395 5
3397 4
3401 19
3403 5
3405 7
3409 7
3411 7
3413 9
3417 3
3419 10
3421 11
3425 3
3427 4
3429 15
3433 3
3435 8
3437 1
3441 4
3443 6
3445 3
3449 21
3451 2
3453 7
3457 3
3459 4
3461 21
3465 5
3467 2
3469 6
3473 5
3475 2
3477 1
3481 7
3483 1
3485 15
3489 10
3491 6
3493 2
3497 2
3499 4
3501 10
3505 5
3507 5
3509 16
3513 3
3515 6
3517 5
3521 8
3523 2
3525 5
3529 6
3531 5
3533 8
3537 7
3539 7
3541 4
3545 12
3549 5
3553 3
3555 9
3557 2
3561 15
3563 6
3565 5
3569 7
3571 4
3577 4
3579 2
3581 5
3585 7
3587 6
3589 10
3593 9
3595 1
3597 4
3601 4
3603 5
3605 11
3609 5
3611 9
3613 4
3617 6
3619 3
3621 4
3625 10
3627 1
3629 15
3633 2
3635 4
3637 1
3641 8
3645 3
3649 5
3651 7
3653 8
3657 4
3659 7
3661 3
3665 10
3667 7
3669 4
3673 2
3675 3
3677 4
3681 14
3683 2
3685 5
3689 12
3691 3
3693 4
3697 2
3699 4
3701 13
3705 3
3707 1
3709 9
3713 7
3715 3
3717 6
3721 3
3723 4
3725 5
3729 6
3731 8
3733 4
3737 5
3739 3
3741 7
3745 5
3747 2
3749 8
3753 4
3755 6
3757 4
3761 11
3763 3
3765 5
3769 5
3771 3
3773 8
3777 3
3779 2
3781 1
3785 4
3787 3
3789 6
3793 2
3795 2
3797 8
3801 4
3803 1
3805 2
3809 5
3813 7
3817 1
3819 1
3821 16
3825 9
3827 8
3829 7
3833 5
3837 1
3841 2
3843 2
3845 2
3849 4
3851 6
3853 3
3857 6
3859 6
3861 6
3865 2
3867 4
3869 11
3873 2
3875 3
3877 4
3881 9
3885 2
3889 4
3891 4
3893 2
3897 15
3899 2
3901 1
3905 5
3907 1
3909 10
3913 3
3915 1
3917 8
3921 4
3923 2
3925 3
3929 7
3931 3
3933 4
3937 1
3939 7
3941 2
3945 5
3947 2
3949 6
3953 5
3955 1
3957 3
3961 4
3963 1
3965 5
3969 14
3971 1
3973 4
3977 9
3979 4
3981 6
3987 4
3989 9
3993 4
3995 5
3997 2
4001 8
4003 2
4005 4
4009 3
4011 2
4013 3
4017 5
4019 9
4021 4
4025 6
4027 5
4029 3
4037 4
4041 3
4043 2
4045 4
4049 1
4051 1
4053 1
4057 2
4059 4
4061 7
4065 2
4067 2
4069 4
4073 3
4075 2
4081 5
4085 5
4089 5
4091 2
4093 3
4097 3
4099 2
4101 5
4105 1
4107 1
4109 6
4113 2
4115 4
4117 1
4121 9
4125 1
4129 7
4131 4
4133 4
4137 3
4139 5
4141 1
4145 4
4147 3
4149 5
4153 1
4155 1
4157 6
4161 5
4163 1
4165 4
4169 7
4171 1
4173 1
4179 2
4181 3
4185 7
4187 2
4189 2
4193 3
4195 1
4197 1
4201 1
4203 5
4205 2
4209 1
4211 2
4217 9
4219 2
4221 5
4225 4
4227 1
4229 10
4233 5
4235 2
4237 1
4241 11
4243 1
4245 1
4253 1
4257 4
4259 6
4261 1
4265 4
4267 1
4269 2
4273 1
4277 6
4281 4
4283 3
4285 3
4289 10
4291 1
4293 4
4297 3
4299 4
4301 10
4305 2
4307 2
4309 1
4313 2
4315 3
4317 4
4321 1
4323 1
4325 9
4329 4
4331 8
4333 1
4337 1
4339 4
4341 2
4345 2
4347 4
4349 2
4353 4
4357 2
4361 5
4363 1
4365 3
4369 1
4373 4
4377 1
4379 1
4381 2
4385 4
4389 1
4393 1
4397 1
4401 2
4403 5
4405 1
4409 1
4413 2
4417 2
4419 2
4421 5
4425 3
4427 4
4429 2
4433 3
4435 1
4437 4
4441 3
4443 2
4445 6
4449 2
4451 3
4453 1
4457 3
4461 2
4465 3
4469 3
4473 4
4475 3
4481 4
4485 3
4489 3
4491 1
4493 3
4497 2
4499 3
4501 2
4505 3
4507 2
4509 2
4513 6
4515 1
4517 3
4521 4
4523 2
4525 2
4529 5
4531 5
4533 1
4537 1
4539 2
4541 3
4545 1
4547 3
4549 2
4553 4
4555 1
4557 2
4561 2
4565 2
4571 3
4577 3
4579 1
4581 2
4589 5
4593 4
4595 3
4597 3
4601 2
4605 1
4609 1
4611 1
4613 2
4617 1
4619 3
4625 10
4627 1
4629 2
4635 4
4641 2
4643 3
4649 2
4651 1
4653 1
4657 1
4659 3
4661 5
4665 3
4667 6
4673 4
4677 2
4681 5
4685 3
4689 5
4691 1
4693 2
4697 6
4701 4
4705 3
4707 1
4709 3
4713 1
4715 3
4717 1
4721 4
4725 3
4731 1
4733 1
4737 1
4739 1
4745 4
4749 2
4757 3
4761 2
4763 3
4765 1
4769 5
4779 1
4781 7
4785 4
4789 1
4793 5
4795 1
4797 1
4801 1
4805 2
4809 3
4811 3
4817 2
4819 2
4821 3
4825 1
4827 1
4829 4
4833 1
4835 1
4837 1
4841 5
4845 3
4851 2
4853 3
4859 1
4861 2
4865 1
4869 1
4873 2
4875 1
4877 1
4881 2
4883 2
4885 3
4889 6
4893 2
4897 2
4899 1
4905 2
4913 3
4915 1
4921 2
4929 2
4937 1
4941 3
4945 1
4947 1
4949 2
4953 1
4955 4
4957 2
4961 4
4965 2
4969 2
4973 2
4977 1
4981 1
4985 1
4987 1
4989 2
4995 1
4997 1
5001 3
5005 2
5009 3
5011 1
5013 1
5021 2
5025 1
5029 1
5033 4
5037 1
5045 2
5051 2
5053 3
5057 1
5059 3
5061 1
5067 1
5069 1
5075 1
5077 1
5081 2
5083 1
5085 2
5101 3
5109 4
5113 7
5117 1
5121 5
5123 1
5125 1
5131 1
5139 5
5145 1
5147 1
5149 1
5157 3
5161 1
5171 2
5179 1
5181 3
5187 1
5189 6
5195 1
5197 1
5201 1
5205 1
5211 3
5213 1
5217 1
5225 3
5235 2
5237 1
5241 5
5243 1
5249 3
5251 1
5261 1
5265 1
5267 1
5269 1
5275 2
5277 1
5281 1
5283 2
5285 3
5293 1
5297 1
5301 1
5309 1
5313 1
5321 2
5323 2
5325 1
5329 1
5337 1
5345 1
5349 1
5353 2
5355 1
5357 2
5361 1
5365 1
5369 3
5373 1
5377 1
5379 1
5385 1
5387 1
5389 2
5393 3
5397 1
5401 1
5403 1
5405 1
5409 1
5413 1
5419 1
5421 3
5425 3
5429 1
5433 1
5435 1
5445 2
5449 1
5457 1
5465 1
5477 2
5481 1
5493 1
5499 1
5501 1
5505 1
5507 1
5509 1
5517 2
5523 1
5525 1
5533 1
5537 1
5539 1
5541 1
5557 1
5561 2
5563 2
5573 1
5577 1
5579 2
5585 1
5589 1
5593 1
5597 2
5601 1
5605 1
5609 2
5613 2
5617 1
5619 1
5621 1
5633 2
5637 1
5645 1
5649 1
5651 1
5659 2
5669 1
5675 1
5689 1
5691 2
5697 1
5709 2
5713 1
5723 1
5729 2
5733 1
5741 2
5761 1
5765 3
5769 2
5781 1
5801 2
5803 1
5821 2
5825 1
5837 3
5841 1
5849 1
5861 3
5885 1
5901 1
5909 2
5913 1
5915 1
5921 1
5923 1
5925 2
5931 1
5939 1
5953 1
5957 1
5961 1
5963 2
5985 1
5987 1
6011 1
6017 1
6021 1
6027 1
6029 1
6041 1
6045 1
6057 1
6061 1
6065 1
6089 1
6105 1
6107 1
6123 1
6125 1
6131 1
6137 3
6139 1
6141 1
6149 2
6155 1
6163 1
6169 1
6177 1
6179 1
6189 1
6195 2
6197 1
6221 1
6229 1
6233 2
6257 1
6261 1
6289 1
6299 1
6305 1
6309 1
6317 2
6341 2
6347 1
6355 1
6361 1
6369 1
6393 1
6405 1
6413 1
6435 1
6441 1
6445 1
6513 1
6521 1
6549 1
6587 1
6589 1
6597 1
6621 1
6625 1
6633 1
6645 1
6653 1
6657 1
6681 1
6701 1
6709 1
6729 1
6739 1
6763 1
6769 1
6779 1
6805 2
6929 1
6949 1
6953 2
6957 1
6969 1
6987 1
6993 1
7099 1
7145 1
7155 1
7157 1
7217 1
7243 1
7253 1
7259 1
7331 1
7349 1
7353 1
7355 1
7369 1
7381 1
7405 1
7469 1
7525 1
7547 1
7603 1
7619 2
7637 1
7659 1
7745 1
7787 1
7889 1
7915 1
7997 1
8001 1
8013 1
8051 1
8115 1
8257 1
8321 1
8361 1
8417 1
8429 1
8435 1
8641 1
8667 1
8729 1
8801 1
9011 1
9339 1
9803 1
10307 1
11233 1
12917 1
14490 1
14673 1
18036 1
18926 1
19466 1
19625 1
20078 1
22866 1
23774 1
25736 1
27138 1
27550 1
27756 1
27962 1
30818 1
31550 1
38110 1
45176 1
48893 1
52298 1
53694 1
57770 1
64836 1
68869 1
70523 1
70805 1
86166 1
95585 1
100782 1
103403 1
103905 1
