N J h mean_R_sq err_mean_R_sq mean_R_gyr_sq err_mean_R_gyr_sq 
550 0.851 0 1239.69 42.6188 492.75 13.7831
1 5
3 4
5 14
9 10
11 19
13 13
17 35
19 20
21 28
25 30
27 24
29 60
33 39
35 32
37 14
41 69
43 35
45 64
49 40
51 43
53 62
57 42
59 51
61 48
65 73
67 17
69 79
73 36
75 40
77 85
81 91
83 74
85 29
89 100
91 37
93 32
97 35
99 65
101 132
105 58
107 45
109 81
113 91
115 36
117 85
121 52
123 46
125 112
129 126
131 101
133 30
137 74
139 57
141 71
145 86
147 43
149 130
153 103
155 87
157 41
161 134
163 16
165 68
169 50
171 82
173 113
177 45
179 89
181 95
185 125
187 26
189 126
193 33
195 64
197 88
201 101
203 62
205 66
209 173
211 53
213 78
217 60
219 65
221 133
225 101
227 79
229 94
233 104
235 34
237 93
241 96
243 75
245 128
249 112
251 109
253 30
257 123
259 65
261 138
265 54
267 33
269 195
273 69
275 78
277 50
281 157
283 57
285 128
289 68
291 60
293 154
297 122
299 139
301 65
305 122
307 49
309 89
313 63
315 89
317 81
321 141
323 54
325 104
329 172
331 47
333 76
337 52
339 77
341 205
345 54
347 67
349 114
353 119
355 67
357 63
361 98
363 75
365 148
369 173
371 98
373 67
377 127
379 40
381 145
385 47
387 81
389 174
393 88
395 128
397 44
401 139
403 22
405 110
409 115
411 80
413 151
417 87
419 137
421 84
425 192
427 35
429 112
433 75
435 58
437 129
441 165
443 63
445 42
449 165
451 86
453 75
457 48
459 106
461 228
465 131
467 86
469 107
473 71
475 73
477 106
481 101
483 37
485 128
489 138
491 115
493 73
497 124
499 45
501 101
505 52
507 51
509 193
513 100
515 67
517 74
521 184
523 58
525 128
529 82
531 108
533 82
537 76
539 106
541 53
545 200
547 41
549 160
553 58
555 57
557 109
561 84
563 111
565 77
569 194
571 69
573 100
577 41
579 93
581 148
585 155
587 76
589 103
593 152
595 50
597 82
601 116
603 43
605 163
609 100
611 103
613 57
617 73
619 52
621 176
625 71
627 42
629 200
633 127
635 109
637 74
641 159
643 34
645 89
649 105
651 73
653 75
657 112
659 135
661 106
665 122
667 43
669 67
673 67
675 122
677 141
681 108
683 56
685 68
689 213
691 49
693 140
697 42
699 94
701 162
705 143
707 58
709 42
713 119
715 45
717 68
721 88
723 39
725 167
729 137
731 113
733 79
737 95
739 47
741 134
745 92
747 108
749 133
753 65
755 111
757 48
761 198
763 43
765 106
769 90
771 44
773 138
777 78
779 91
781 106
785 74
787 39
789 146
793 42
795 30
797 128
801 170
803 96
805 75
809 131
811 62
813 69
817 56
819 87
821 149
825 114
827 47
829 96
833 146
835 62
837 75
841 54
843 47
845 141
849 124
851 81
853 43
857 155
859 61
861 98
865 82
867 59
869 129
873 83
875 105
877 40
881 165
883 32
885 107
889 67
891 83
893 108
897 69
899 116
901 77
905 113
907 26
909 193
913 50
915 66
917 89
921 84
923 94
925 51
929 139
931 51
933 64
937 61
939 57
941 186
945 116
947 50
949 53
953 106
955 43
957 69
961 56
963 66
965 161
969 89
971 115
973 49
977 72
979 56
981 146
985 86
987 69
989 146
993 51
995 66
997 58
1001 162
1003 25
1005 71
1009 73
1011 99
1013 82
1017 88
1019 102
1021 68
1025 144
1027 29
1029 113
1033 44
1035 66
1037 93
1041 120
1043 48
1045 57
1049 150
1051 30
1053 125
1057 50
1059 47
1061 92
1065 47
1067 77
1069 104
1073 80
1075 53
1077 85
1081 65
1083 53
1085 118
1089 115
1091 121
1093 47
1097 114
1099 33
1101 76
1105 43
1107 50
1109 150
1113 55
1115 60
1117 40
1121 145
1123 20
1125 105
1129 46
1131 41
1133 75
1137 56
1139 88
1141 69
1145 71
1147 37
1149 49
1153 58
1155 48
1157 89
1161 167
1163 51
1165 54
1169 156
1171 40
1173 62
1177 35
1179 104
1181 152
1185 49
1187 54
1189 72
1193 116
1195 41
1197 50
1201 44
1203 34
1205 130
1209 138
1211 81
1213 29
1217 87
1219 32
1221 83
1225 53
1227 20
1229 101
1233 52
1235 63
1237 40
1241 78
1243 24
1245 99
1249 103
1251 95
1253 83
1257 49
1259 91
1261 66
1265 109
1267 25
1269 92
1273 63
1275 57
1277 88
1281 67
1283 59
1285 24
1289 105
1291 53
1293 60
1297 32
1299 38
1301 123
1305 104
1307 54
1309 65
1313 61
1315 37
1317 40
1321 66
1323 43
1325 123
1329 73
1331 49
1333 45
1337 61
1339 37
1341 121
1345 41
1347 27
1349 155
1353 46
1355 65
1357 37
1361 131
1363 29
1365 41
1369 37
1371 65
1373 53
1377 107
1379 79
1381 68
1385 107
1387 21
1389 66
1393 37
1395 43
1397 63
1401 67
1403 74
1405 50
1409 86
1411 23
1413 75
1417 48
1419 42
1421 141
1425 77
1427 69
1429 46
1433 89
1435 16
1437 52
1441 54
1443 37
1445 79
1449 110
1451 48
1453 42
1457 61
1459 61
1461 49
1465 33
1467 26
1469 110
1473 68
1475 69
1477 40
1481 102
1483 26
1485 89
1489 34
1491 52
1493 43
1497 34
1499 59
1501 48
1505 82
1507 17
1509 71
1513 29
1515 48
1517 98
1521 70
1523 33
1525 70
1529 93
1531 55
1533 46
1537 29
1539 68
1541 72
1545 49
1547 40
1549 34
1553 80
1555 14
1557 71
1561 65
1563 24
1565 60
1569 61
1571 65
1573 53
1577 47
1579 27
1581 74
1585 45
1587 43
1589 90
1593 34
1595 70
1597 17
1601 108
1603 28
1605 35
1609 39
1611 68
1613 65
1617 51
1619 54
1621 22
1625 102
1627 31
1629 69
1633 39
1635 24
1637 58
1641 73
1643 43
1645 31
1649 71
1651 31
1653 19
1657 27
1659 31
1661 80
1665 80
1667 44
1669 49
1673 43
1675 27
1677 21
1681 26
1683 33
1685 89
1689 63
1691 57
1693 18
1697 46
1699 27
1701 83
1705 21
1707 24
1709 63
1713 49
1715 51
1717 24
1721 90
1723 19
1725 64
1729 27
1731 24
1733 61
1737 27
1739 67
1741 36
1745 63
1747 21
1749 59
1753 33
1755 51
1757 46
1761 30
1763 32
1765 23
1769 103
1771 19
1773 43
1777 22
1779 29
1781 89
1785 43
1787 22
1789 33
1793 45
1795 19
1797 35
1801 40
1803 25
1805 56
1809 65
1811 52
1813 23
1817 55
1819 28
1821 49
1825 40
1827 35
1829 65
1833 34
1835 24
1837 25
1841 46
1843 16
1845 55
1849 26
1851 35
1853 50
1857 31
1859 51
1861 49
1865 63
1867 16
1869 42
1873 20
1875 27
1877 31
1881 79
1883 30
1885 22
1889 86
1891 24
1893 19
1897 22
1899 36
1901 50
1905 31
1907 27
1909 38
1913 42
1915 16
1917 39
1921 47
1923 23
1925 68
1929 33
1931 45
1933 26
1937 51
1939 13
1941 28
1945 18
1947 23
1949 96
1953 30
1955 25
1957 22
1961 43
1963 16
1965 45
1969 28
1971 33
1973 42
1977 42
1979 57
1981 21
1985 52
1987 9
1989 44
1993 23
1995 25
1997 46
2001 54
2003 19
2005 40
2009 60
2011 19
2013 17
2017 6
2019 41
2021 75
2025 32
2027 20
2029 38
2033 35
2035 9
2037 31
2041 30
2043 28
2045 46
2049 35
2051 43
2053 20
2057 45
2059 8
2061 48
2065 26
2067 11
2069 48
2073 20
2075 25
2077 13
2081 61
2083 14
2085 30
2089 54
2091 27
2093 39
2097 37
2099 32
2101 22
2105 39
2107 17
2109 48
2113 14
2115 18
2117 34
2121 37
2123 30
2125 26
2129 55
2131 28
2133 64
2137 14
2139 18
2141 75
2145 22
2147 20
2149 20
2153 23
2155 17
2157 19
2161 34
2163 11
2165 28
2169 59
2171 16
2173 17
2177 36
2179 15
2181 24
2185 18
2187 19
2189 56
2193 24
2195 34
2197 22
2201 52
2203 9
2205 30
2209 26
2211 22
2213 33
2217 20
2219 49
2221 10
2225 52
2227 11
2229 37
2233 13
2235 24
2237 32
2241 36
2243 21
2245 24
2249 35
2251 8
2253 23
2257 25
2259 38
2261 56
2265 16
2267 13
2269 22
2273 34
2275 18
2277 11
2281 15
2283 9
2285 58
2289 31
2291 37
2293 7
2297 31
2299 24
2301 33
2305 19
2307 15
2309 51
2313 19
2315 26
2317 19
2321 41
2323 9
2325 24
2329 25
2331 27
2333 18
2337 18
2339 28
2341 22
2345 46
2347 9
2349 44
2353 9
2355 16
2357 21
2361 20
2363 15
2365 20
2369 49
2371 16
2373 17
2377 5
2379 24
2381 26
2385 22
2387 17
2389 24
2393 43
2395 17
2397 24
2401 23
2403 14
2405 32
2409 23
2411 26
2413 17
2417 22
2419 8
2421 43
2425 14
2427 15
2429 40
2433 6
2435 23
2437 13
2441 43
2443 10
2445 17
2449 32
2451 11
2453 35
2457 20
2459 21
2461 21
2465 27
2467 5
2469 30
2473 13
2475 16
2477 16
2481 29
2483 14
2485 14
2489 21
2491 9
2493 16
2497 10
2499 19
2501 21
2505 19
2507 16
2509 14
2513 16
2515 7
2517 12
2521 19
2523 9
2525 31
2529 30
2531 18
2533 14
2537 25
2539 11
2541 24
2545 8
2547 22
2549 26
2553 13
2555 19
2557 16
2561 32
2563 6
2565 32
2569 16
2571 18
2573 23
2577 8
2579 18
2581 19
2585 19
2587 6
2589 16
2593 14
2595 8
2597 28
2601 19
2603 20
2605 6
2609 38
2611 8
2613 14
2617 18
2619 13
2621 25
2625 21
2627 16
2629 18
2633 18
2635 18
2637 24
2641 15
2643 13
2645 20
2649 24
2651 26
2653 8
2657 14
2659 13
2661 28
2665 12
2667 6
2669 32
2673 26
2675 23
2677 8
2681 28
2683 4
2685 12
2689 12
2691 18
2693 18
2697 9
2699 19
2701 26
2705 23
2707 5
2709 13
2713 9
2715 8
2717 14
2721 16
2723 12
2725 7
2729 27
2731 6
2733 9
2737 9
2739 13
2741 30
2745 25
2747 13
2749 17
2753 15
2755 4
2757 18
2761 13
2763 13
2765 31
2769 15
2771 16
2773 5
2777 17
2779 11
2781 9
2785 15
2787 6
2789 37
2793 13
2795 12
2797 9
2801 27
2803 1
2805 16
2809 10
2811 13
2813 16
2817 12
2819 13
2821 14
2825 31
2827 4
2829 10
2833 10
2835 12
2837 18
2841 16
2843 12
2845 2
2849 21
2851 13
2853 7
2857 7
2859 9
2861 19
2865 9
2867 9
2869 17
2873 15
2875 9
2877 10
2881 5
2883 11
2885 10
2889 28
2891 11
2893 3
2897 8
2899 9
2901 26
2905 6
2907 6
2909 19
2913 8
2915 17
2917 10
2921 21
2923 6
2925 18
2929 7
2931 8
2933 13
2937 6
2939 13
2941 10
2945 19
2947 6
2949 9
2953 4
2955 6
2957 8
2961 20
2963 7
2965 4
2969 14
2971 7
2973 3
2977 6
2979 7
2981 22
2985 11
2987 13
2989 13
2993 10
2995 5
2997 7
3001 11
3003 9
3005 19
3009 12
3011 11
3013 8
3017 10
3019 3
3021 13
3025 15
3027 8
3029 24
3033 8
3035 12
3037 4
3041 16
3043 6
3045 6
3049 4
3051 17
3053 7
3057 4
3059 11
3061 5
3065 13
3069 20
3073 8
3075 8
3077 11
3081 8
3083 12
3085 6
3089 17
3091 7
3093 6
3097 7
3099 14
3101 21
3105 9
3107 12
3109 5
3113 12
3115 7
3117 5
3121 9
3123 7
3125 24
3129 15
3131 7
3133 2
3137 16
3139 6
3141 20
3145 9
3147 3
3149 18
3153 11
3155 8
3157 2
3161 9
3163 4
3165 7
3169 8
3171 4
3173 4
3177 9
3179 8
3181 10
3185 15
3187 1
3189 10
3193 6
3195 8
3197 11
3201 4
3203 8
3205 2
3209 17
3211 5
3213 10
3217 2
3219 7
3221 8
3225 10
3227 4
3229 11
3233 10
3235 2
3237 7
3241 7
3243 2
3245 9
3249 10
3251 17
3253 1
3257 4
3259 1
3261 5
3265 3
3267 7
3269 12
3273 5
3275 8
3277 6
3281 14
3283 6
3285 10
3289 10
3291 4
3293 11
3297 11
3299 14
3301 9
3305 6
3309 11
3313 4
3315 7
3317 17
3321 8
3323 6
3325 3
3329 19
3331 7
3333 5
3337 2
3339 12
3341 11
3345 7
3347 4
3349 8
3353 8
3355 1
3357 8
3361 6
3363 6
3365 9
3369 5
3371 7
3373 4
3377 14
3379 3
3381 14
3385 4
3387 3
3389 7
3393 13
3395 3
3397 4
3401 9
3403 2
3405 12
3409 12
3413 4
3417 2
3419 15
3421 9
3425 9
3427 1
3429 16
3433 3
3435 4
3437 5
3441 11
3443 5
3445 3
3449 21
3451 3
3453 4
3459 7
3461 14
3465 6
3467 3
3469 5
3473 5
3475 5
3477 3
3481 4
3483 3
3485 13
3489 16
3491 9
3493 4
3497 3
3499 4
3501 8
3505 4
3507 3
3509 11
3513 4
3515 4
3517 4
3521 9
3523 1
3525 7
3529 8
3531 5
3533 7
3537 8
3539 7
3541 8
3545 8
3547 2
3549 9
3553 4
3555 6
3557 4
3561 3
3563 6
3565 2
3569 9
3571 2
3573 2
3577 3
3579 4
3581 3
3585 2
3587 3
3589 6
3593 7
3597 4
3601 5
3603 4
3605 8
3609 6
3611 7
3613 3
3617 11
3619 5
3621 3
3625 7
3627 1
3629 15
3633 3
3635 1
3637 2
3641 12
3643 3
3645 9
3649 2
3651 3
3653 5
3657 5
3659 5
3661 4
3665 5
3669 6
3673 4
3675 4
3677 6
3681 8
3683 3
3685 3
3689 9
3691 3
3693 3
3697 2
3699 5
3701 5
3705 2
3709 8
3713 3
3715 3
3717 3
3721 2
3723 3
3725 12
3729 2
3731 5
3733 2
3737 8
3739 1
3741 6
3745 3
3747 2
3753 5
3755 5
3757 4
3761 8
3763 2
3765 3
3769 7
3771 4
3773 2
3777 1
3779 4
3781 1
3785 2
3787 1
3789 5
3795 7
3797 4
3801 1
3803 2
3805 3
3809 6
3811 1
3813 3
3817 2
3819 3
3821 6
3825 4
3827 7
3829 3
3833 4
3835 1
3837 2
3841 1
3843 1
3845 6
3849 3
3851 4
3853 1
3857 3
3859 2
3861 12
3865 2
3867 1
3869 2
3873 2
3875 4
3877 2
3881 9
3883 1
3885 4
3889 3
3897 4
3899 5
3901 3
3905 5
3909 3
3913 1
3915 1
3917 3
3921 1
3923 2
3925 3
3929 4
3931 5
3933 1
3937 2
3939 7
3941 3
3945 2
3947 2
3949 2
3953 3
3957 2
3961 5
3963 1
3965 3
3969 3
3971 4
3973 2
3977 1
3979 5
3981 4
3985 3
3987 1
3989 4
3995 3
3997 3
4001 4
4003 3
4005 2
4009 1
4011 2
4013 2
4017 2
4019 3
4021 1
4025 7
4027 1
4029 6
4033 1
4037 2
4041 1
4043 1
4045 2
4049 5
4051 2
4053 1
4059 3
4061 3
4065 3
4067 2
4073 3
4077 5
4085 1
4089 4
4091 2
4097 1
4101 4
4105 2
4107 3
4109 5
4113 3
4115 1
4121 4
4125 5
4129 2
4131 1
4133 3
4137 2
4139 1
4141 3
4145 3
4149 4
4153 1
4155 3
4157 6
4161 5
4163 2
4165 1
4169 6
4171 2
4173 2
4177 2
4181 4
4185 6
4187 2
4193 2
4195 1
4197 1
4203 3
4205 2
4211 2
4213 3
4217 1
4219 1
4221 1
4227 1
4229 2
4233 1
4235 2
4241 4
4243 1
4245 3
4249 1
4253 4
4257 1
4259 2
4261 1
4265 2
4269 3
4273 1
4275 2
4277 3
4281 1
4285 1
4289 1
4291 1
4293 1
4297 3
4299 1
4301 3
4307 2
4309 1
4313 5
4315 2
4317 1
4325 7
4329 1
4331 1
4333 3
4341 1
4345 3
4349 2
4353 3
4355 1
4357 1
4365 1
4369 2
4371 3
4373 1
4377 1
4379 2
4381 2
4385 1
4387 1
4389 2
4393 1
4395 3
4397 3
4401 3
4403 1
4405 2
4411 1
4419 1
4421 3
4425 1
4427 1
4429 2
4433 2
4441 2
4445 2
4451 7
4457 2
4459 1
4461 4
4465 3
4467 1
4469 4
4473 2
4477 2
4481 2
4489 2
4491 2
4497 1
4499 4
4505 4
4507 2
4509 1
4517 3
4521 2
4523 2
4525 2
4529 4
4531 1
4533 1
4539 2
4541 1
4561 1
4563 1
4565 2
4569 4
4571 2
4573 1
4577 1
4579 1
4581 3
4585 2
4587 1
4589 4
4595 3
4597 1
4601 1
4609 1
4613 1
4619 3
4621 2
4625 3
4627 1
4635 1
4637 2
4641 1
4643 2
4645 1
4649 2
4651 1
4653 1
4661 2
4665 1
4667 1
4669 1
4675 1
4677 3
4681 1
4683 2
4685 1
4689 3
4693 2
4697 1
4699 1
4701 3
4705 1
4707 1
4713 1
4717 1
4721 2
4725 2
4729 1
4737 1
4739 2
4741 1
4745 5
4749 3
4755 1
4757 1
4763 2
4765 1
4769 1
4773 2
4781 1
4785 1
4787 1
4789 1
4795 1
4797 1
4801 2
4805 3
4809 1
4811 4
4813 2
4825 1
4829 2
4833 1
4841 4
4843 2
4849 1
4851 1
4853 1
4857 1
4859 1
4861 1
4865 2
4869 1
4875 1
4877 1
4881 2
4883 1
4889 2
4893 4
4905 1
4913 1
4921 2
4923 2
4925 2
4929 1
4931 2
4933 1
4937 1
4941 4
4949 2
4955 1
4961 1
4963 2
4965 1
4969 4
4973 1
4979 2
4985 2
4993 1
4995 1
4997 1
5001 5
5003 1
5011 1
5013 1
5021 1
5025 1
5027 1
5029 1
5033 2
5035 1
5037 1
5049 1
5051 1
5057 2
5059 1
5067 1
5069 1
5073 1
5085 2
5089 1
5097 1
5099 2
5101 1
5105 1
5125 3
5137 1
5139 1
5141 1
5155 1
5157 2
5163 1
5177 2
5179 1
5185 2
5187 1
5189 1
5193 1
5205 1
5209 3
5219 1
5225 1
5245 1
5259 1
5261 2
5281 1
5297 1
5299 1
5309 1
5321 2
5325 1
5331 1
5369 3
5379 1
5381 1
5387 2
5393 2
5397 1
5401 1
5409 4
5419 1
5425 1
5429 1
5435 1
5437 1
5449 1
5451 1
5491 2
5499 1
5509 1
5521 1
5525 1
5547 1
5549 1
5557 1
5561 1
5573 1
5581 1
5589 1
5595 1
5601 1
5603 1
5613 2
5635 1
5641 1
5645 1
5651 1
5667 1
5669 1
5701 1
5715 1
5729 1
5741 1
5761 1
5769 1
5771 1
5779 1
5789 2
5793 1
5801 2
5809 1
5811 1
5813 1
5819 1
5849 1
5881 1
5885 1
5889 1
5899 1
5909 1
5913 1
5925 1
5933 1
5941 1
5981 1
5997 1
6017 1
6025 1
6041 2
6093 2
6101 2
6107 1
6113 1
6117 1
6121 1
6125 1
6133 1
6139 1
6147 1
6189 1
6253 1
6265 1
6285 1
6301 1
6365 1
6369 1
6387 1
6401 1
6429 1
6433 1
6443 1
6473 1
6529 2
6557 1
6561 1
6605 1
6633 1
6707 1
6763 1
6825 1
6859 2
6905 1
6955 1
7013 1
7057 1
7073 1
7107 1
7117 1
7121 1
7141 1
7211 1
7229 1
7245 1
7265 1
7585 1
7605 1
7653 1
7757 1
7805 1
8635 1
8681 1
9281 1
10251 1
10433 1
10449 1
10907 1
11089 1
11619 1
11665 1
11689 1
11939 1
11971 1
11979 1
12001 1
12117 1
12165 1
12205 1
12381 1
12491 1
12605 1
12789 1
12803 1
12849 1
12915 1
13067 1
13285 1
13389 1
13425 1
13465 1
13547 1
13723 1
13789 1
13833 1
13897 1
13917 1
13929 1
13969 1
13989 2
14009 1
14027 1
14081 1
14136 1
14213 1
14485 1
14667 1
14693 1
14937 1
15089 1
15617 1
15981 1
17269 1
18485 1
20819 1
21141 1
21309 1
22497 1
23013 1
23091 1
23154 1
23361 1
23477 1
23969 1
24125 1
24203 1
24297 1
24449 1
24485 1
25381 1
25395 1
25913 1
25925 1
26003 1
26025 1
26307 1
26811 1
26949 1
26985 1
27089 1
27273 1
27317 1
27539 1
28233 1
28241 1
28859 1
29181 1
29761 1
29961 1
30009 1
30349 1
30569 1
31341 1
31586 1
32062 1
33261 1
33374 1
33994 1
40529 1
41499 1
41629 1
41717 1
43313 1
45926 1
46373 1
60712 1
61179 1
72162 1
73605 1
74069 1
76909 1
