N J h mean_R_sq err_mean_R_sq mean_R_gyr_sq err_mean_R_gyr_sq 
700 0.9 0 235.431 12.6096 2731.08 11.2295
1 48
3 78
5 224
9 255
11 219
13 214
17 423
19 238
21 422
25 255
27 259
29 608
33 388
35 370
37 169
41 744
43 156
45 513
49 361
51 347
53 486
57 331
59 483
61 495
65 624
67 148
69 522
73 240
75 284
77 507
81 538
83 370
85 254
89 689
91 247
93 222
97 231
99 324
101 714
105 393
107 292
109 310
113 393
115 187
117 490
121 302
123 159
125 518
129 508
131 388
133 183
137 299
139 224
141 257
145 276
147 153
149 444
153 443
155 250
157 194
161 512
163 60
165 223
169 159
171 282
173 372
177 106
179 256
181 249
185 371
187 93
189 367
193 104
195 175
197 235
201 256
203 167
205 180
209 374
211 126
213 149
217 159
219 122
221 309
225 204
227 186
229 175
233 173
235 67
237 193
241 209
243 123
245 198
249 198
251 186
253 51
257 200
259 108
261 220
265 107
267 45
269 274
273 109
275 111
277 72
281 202
283 64
285 179
289 94
291 89
293 171
297 138
299 139
301 72
305 145
307 49
309 110
313 74
315 91
317 77
321 167
323 61
325 115
329 193
331 47
333 85
337 67
339 73
341 184
345 53
347 59
349 87
353 94
355 49
357 44
361 56
363 64
365 122
369 140
371 89
373 61
377 82
379 31
381 97
385 50
387 51
389 108
393 55
395 78
397 23
401 100
403 15
405 82
409 61
411 61
413 59
417 56
419 63
421 45
425 129
427 20
429 53
433 57
435 29
437 66
441 88
443 26
445 31
449 72
451 33
453 37
457 25
459 48
461 94
465 45
467 29
469 47
473 33
475 31
477 57
481 47
483 20
485 48
489 52
491 47
493 32
497 48
499 21
501 37
505 13
507 24
509 67
513 38
515 27
517 34
521 65
523 18
525 48
529 25
531 32
533 29
537 25
539 36
541 14
545 51
547 10
549 52
553 18
555 11
557 39
561 25
563 28
565 23
569 44
571 9
573 22
577 11
579 15
581 37
585 30
587 20
589 20
593 22
595 17
597 15
601 30
603 15
605 43
609 13
611 29
613 16
617 21
619 18
621 32
625 10
627 13
629 39
633 18
635 19
637 11
641 24
643 9
645 14
649 24
651 22
653 12
657 20
659 20
661 14
665 22
667 7
669 8
673 7
675 15
677 34
681 15
683 8
685 11
689 29
691 5
693 20
697 7
699 18
701 29
705 24
707 7
709 9
713 17
715 2
717 8
721 7
723 4
725 27
729 22
731 21
733 9
737 7
739 2
741 12
745 7
747 9
749 20
753 11
755 13
757 12
761 26
763 6
765 12
769 7
771 9
773 16
777 4
779 12
781 11
785 11
787 6
789 25
793 3
795 5
797 19
801 20
803 10
805 8
809 14
811 9
813 7
817 8
819 6
821 16
825 13
827 3
829 5
833 12
835 3
837 5
841 3
843 6
845 11
849 13
851 7
853 6
857 11
859 7
861 10
865 8
867 6
869 7
873 12
875 9
877 2
881 13
885 5
889 6
891 7
893 16
897 7
899 15
901 8
905 11
907 3
909 7
913 5
915 7
917 14
921 8
923 7
925 2
929 5
931 1
933 10
937 6
939 1
941 13
945 8
949 1
953 6
955 3
957 3
961 1
963 4
965 13
969 3
971 3
973 2
977 10
979 4
981 5
985 3
987 5
989 13
995 1
997 3
1001 8
1003 4
1005 4
1009 7
1011 4
1013 5
1017 9
1019 5
1021 2
1025 12
1029 6
1033 4
1035 1
1037 4
1041 6
1043 3
1045 2
1049 5
1053 3
1057 2
1059 2
1061 4
1065 2
1067 3
1069 4
1073 5
1075 3
1077 1
1081 2
1083 2
1085 5
1089 6
1091 6
1093 1
1097 8
1099 1
1101 6
1105 1
1107 2
1109 4
1113 5
1115 1
1117 2
1121 6
1123 1
1125 8
1129 2
1131 3
1133 5
1137 1
1139 5
1141 2
1145 4
1147 2
1149 3
1153 1
1155 1
1157 4
1161 10
1163 3
1165 5
1169 8
1171 2
1173 3
1177 3
1179 3
1181 4
1185 2
1187 2
1189 3
1193 2
1195 3
1197 2
1201 3
1203 1
1205 8
1209 3
1211 1
1213 1
1217 6
1219 3
1221 3
1225 3
1229 3
1233 1
1235 3
1237 2
1241 5
1243 1
1245 1
1249 2
1251 7
1253 4
1257 2
1259 3
1261 1
1265 2
1267 1
1269 3
1273 4
1275 3
1277 4
1281 1
1283 6
1285 2
1289 2
1293 3
1297 1
1299 2
1301 3
1305 3
1323 3
1325 3
1329 4
1331 5
1333 4
1337 3
1339 1
1341 3
1347 1
1349 1
1353 1
1355 2
1357 2
1361 5
1369 3
1371 5
1373 1
1377 1
1379 5
1385 2
1387 1
1389 3
1395 1
1397 2
1401 1
1403 4
1405 2
1409 2
1411 1
1413 4
1417 1
1419 2
1425 1
1427 2
1429 2
1433 1
1437 1
1441 3
1445 3
1449 6
1451 2
1457 2
1461 1
1465 2
1469 1
1477 1
1481 4
1485 1
1489 1
1497 1
1499 2
1505 1
1509 2
1513 1
1515 2
1517 3
1521 3
1525 6
1529 1
1531 1
1537 1
1539 1
1541 1
1545 2
1549 2
1553 2
1557 2
1561 1
1563 1
1565 3
1569 2
1571 3
1573 2
1577 2
1579 2
1581 3
1585 1
1589 1
1601 1
1603 1
1609 1
1611 2
1613 2
1617 2
1621 1
1625 2
1635 4
1637 2
1641 3
1643 1
1645 2
1651 2
1653 1
1657 1
1659 2
1661 1
1665 1
1669 1
1673 2
1675 1
1677 2
1685 1
1689 1
1691 1
1697 1
1699 1
1701 2
1707 2
1713 2
1715 1
1717 1
1721 3
1725 1
1729 1
1733 1
1739 1
1749 1
1753 2
1755 1
1757 1
1769 2
1773 1
1781 1
1793 2
1795 2
1809 2
1811 1
1817 1
1825 1
1829 2
1841 1
1845 1
1849 1
1851 1
1853 1
1859 1
1865 1
1869 2
1877 1
1881 2
1893 1
1901 1
1907 1
1909 1
1913 1
1923 1
1925 2
1931 1
1939 1
1949 1
1953 1
1965 1
1973 1
1977 1
1979 1
1985 1
1993 1
2001 2
2003 1
2005 1
2009 2
2011 1
2019 1
2025 1
2029 1
2033 1
2041 1
2043 1
2045 1
2049 1
2057 1
2065 1
2069 2
2073 1
2075 1
2085 1
2099 2
2123 1
2129 2
2133 1
2137 1
2141 2
2145 2
2155 1
2165 1
2169 1
2173 1
2189 1
2195 1
2201 3
2225 2
2235 1
2237 1
2241 2
2249 1
2253 2
2259 1
2265 1
2267 1
2269 1
2285 1
2291 2
2293 2
2301 2
2323 1
2345 1
2363 1
2369 1
2377 1
2409 1
2435 1
2475 1
2483 1
2491 1
2515 1
2525 1
2565 1
2581 1
2585 1
2589 1
2593 1
2613 1
2645 1
2669 1
2673 2
2705 1
2749 1
2765 2
2773 1
2789 1
2801 2
2835 1
2851 1
2869 2
2961 1
2963 1
2965 1
2969 1
2981 3
2995 1
3009 1
3021 1
3029 1
3037 1
3041 1
3049 1
3067 1
3069 1
3107 2
3131 1
3145 1
3181 1
3209 1
3275 1
3317 1
3345 1
3429 2
3501 1
3531 1
3547 1
3617 1
3681 1
3709 1
3741 2
3933 1
4245 1
4275 1
4285 1
4301 1
4377 1
4401 1
4425 1
4737 1
4761 1
4771 1
4853 1
4905 1
4939 1
5249 1
5307 1
5627 1
5875 1
6979 1
10677 1
11241 1
13001 1
13501 1
16571 1
58259 1
64145 1
111294 1
