N J h mean_R_sq err_mean_R_sq mean_R_gyr_sq err_mean_R_gyr_sq 
700 0.81 0 1795.97 16.6171 774.447 5.00658
3 2
5 3
9 6
11 4
13 2
17 8
19 10
21 14
25 7
27 15
29 18
33 16
35 7
37 9
41 26
43 6
45 15
49 16
51 10
53 15
57 8
59 31
61 21
65 28
67 5
69 26
73 16
75 20
77 21
81 31
83 28
85 21
89 50
91 12
93 12
97 11
99 16
101 48
105 18
107 18
109 27
113 24
115 15
117 39
121 29
123 16
125 43
129 42
131 36
133 11
137 41
139 20
141 24
145 22
147 22
149 35
153 36
155 25
157 16
161 63
163 7
165 22
169 17
171 29
173 52
177 12
179 32
181 27
185 57
187 13
189 58
193 21
195 30
197 38
201 52
203 30
205 24
209 79
211 17
213 19
217 24
219 22
221 56
225 45
227 34
229 37
233 35
235 12
237 39
241 48
243 36
245 52
249 43
251 47
253 13
257 72
259 24
261 51
265 21
267 15
269 76
273 27
275 30
277 28
281 56
283 19
285 55
289 34
291 27
293 52
297 45
299 52
301 28
305 59
307 15
309 47
313 31
315 38
317 32
321 71
323 21
325 46
329 64
331 21
333 24
337 16
339 33
341 92
345 26
347 34
349 58
353 33
355 26
357 36
361 32
363 36
365 58
369 71
371 47
373 30
377 52
379 16
381 58
385 27
387 27
389 69
393 40
395 67
397 17
401 72
403 18
405 44
409 54
411 29
413 71
417 40
419 52
421 25
425 80
427 18
429 52
433 31
435 21
437 60
441 75
443 30
445 29
449 64
451 42
453 34
457 34
459 39
461 98
465 44
467 39
469 49
473 28
475 34
477 56
481 45
483 24
485 61
489 65
491 63
493 29
497 74
499 20
501 44
505 24
507 23
509 69
513 44
515 41
517 34
521 83
523 31
525 55
529 32
531 51
533 41
537 41
539 50
541 29
545 85
547 16
549 100
553 16
555 23
557 45
561 49
563 44
565 30
569 86
571 22
573 53
577 26
579 49
581 73
585 52
587 33
589 45
593 69
595 18
597 35
601 62
603 36
605 73
609 45
611 64
613 27
617 32
619 24
621 80
625 36
627 25
629 99
633 63
635 50
637 31
641 63
643 20
645 42
649 60
651 47
653 32
657 48
659 52
661 52
665 60
667 23
669 29
673 20
675 63
677 76
681 38
683 19
685 35
689 114
691 38
693 53
697 15
699 48
701 101
705 67
707 38
709 25
713 52
715 18
717 45
721 30
723 19
725 80
729 77
731 47
733 44
737 60
739 16
741 56
745 37
747 44
749 101
753 25
755 64
757 28
761 113
763 31
765 50
769 44
771 30
773 59
777 49
779 65
781 46
785 44
787 20
789 87
793 20
795 15
797 61
801 88
803 50
805 42
809 73
811 49
813 20
817 28
819 53
821 75
825 80
827 36
829 47
833 61
835 23
837 28
841 31
843 25
845 69
849 74
851 55
853 20
857 68
859 34
861 61
865 39
867 34
869 77
873 43
875 49
877 26
881 93
883 14
885 59
889 37
891 39
893 70
897 34
899 73
901 56
905 63
907 12
909 94
913 28
915 32
917 53
921 53
923 42
925 25
929 76
931 24
933 40
937 40
939 38
941 125
945 78
947 24
949 22
953 73
955 18
957 20
961 29
963 39
965 100
969 57
971 68
973 27
977 40
979 29
981 61
985 47
987 31
989 85
993 24
995 46
997 31
1001 93
1003 14
1005 36
1009 31
1011 55
1013 74
1017 44
1019 63
1021 34
1025 94
1027 16
1029 76
1033 21
1035 27
1037 48
1041 76
1043 34
1045 32
1049 82
1051 11
1053 66
1057 30
1059 18
1061 50
1065 31
1067 53
1069 58
1073 52
1075 31
1077 39
1081 25
1083 23
1085 78
1089 60
1091 69
1093 14
1097 79
1099 32
1101 51
1105 28
1107 42
1109 102
1113 19
1115 41
1117 29
1121 96
1123 14
1125 68
1129 35
1131 34
1133 63
1137 40
1139 49
1141 45
1145 58
1147 29
1149 25
1153 30
1155 20
1157 74
1161 87
1163 25
1165 34
1169 86
1171 24
1173 41
1177 30
1179 48
1181 84
1185 36
1187 42
1189 34
1193 70
1195 36
1197 43
1201 29
1203 22
1205 76
1209 65
1211 45
1213 23
1217 57
1219 14
1221 61
1225 48
1227 9
1229 84
1233 32
1235 36
1237 26
1241 51
1243 13
1245 60
1249 62
1251 54
1253 58
1257 37
1259 50
1261 32
1265 79
1267 16
1269 73
1273 46
1275 34
1277 59
1281 50
1283 36
1285 27
1289 67
1291 30
1293 35
1297 20
1299 32
1301 78
1305 71
1307 30
1309 42
1313 43
1315 19
1317 35
1321 56
1323 33
1325 68
1329 61
1331 39
1333 23
1337 34
1339 33
1341 67
1345 23
1347 14
1349 104
1353 25
1355 40
1357 23
1361 97
1363 24
1365 22
1369 21
1371 35
1373 31
1377 57
1379 46
1381 38
1385 88
1387 10
1389 56
1393 29
1395 37
1397 42
1401 50
1403 48
1405 43
1409 64
1411 11
1413 51
1417 32
1419 49
1421 79
1425 42
1427 59
1429 35
1433 59
1435 8
1437 48
1441 49
1443 30
1445 52
1449 84
1451 49
1453 26
1457 50
1459 33
1461 51
1465 20
1467 16
1469 77
1473 31
1475 44
1477 29
1481 69
1483 22
1485 43
1489 20
1491 30
1493 37
1497 27
1499 36
1501 31
1505 63
1507 11
1509 56
1513 33
1515 37
1517 61
1521 30
1523 21
1525 31
1529 88
1531 32
1533 37
1537 16
1539 50
1541 49
1545 41
1547 41
1549 25
1553 47
1555 7
1557 70
1561 40
1563 14
1565 40
1569 31
1571 53
1573 37
1577 41
1579 18
1581 56
1585 40
1587 24
1589 76
1593 22
1595 40
1597 26
1601 97
1603 22
1605 30
1609 33
1611 47
1613 59
1617 33
1619 33
1621 23
1625 55
1627 16
1629 64
1633 20
1635 13
1637 48
1641 75
1643 29
1645 16
1649 72
1651 22
1653 17
1657 17
1659 11
1661 67
1665 70
1667 32
1669 29
1673 28
1675 13
1677 24
1681 29
1683 35
1685 60
1689 39
1691 38
1693 25
1697 45
1699 24
1701 63
1705 19
1707 17
1709 52
1713 37
1715 44
1717 23
1721 77
1723 7
1725 40
1729 28
1731 22
1733 59
1737 33
1739 52
1741 34
1745 55
1747 10
1749 48
1753 29
1755 39
1757 34
1761 17
1763 25
1765 27
1769 68
1771 15
1773 48
1777 25
1779 29
1781 77
1785 39
1787 18
1789 41
1793 41
1795 23
1797 24
1801 31
1803 16
1805 48
1809 59
1811 56
1813 31
1817 44
1819 17
1821 42
1825 45
1827 18
1829 37
1833 28
1835 26
1837 26
1841 46
1843 9
1845 38
1849 22
1851 22
1853 33
1857 25
1859 30
1861 32
1865 50
1867 13
1869 50
1873 13
1875 24
1877 40
1881 73
1883 30
1885 18
1889 79
1891 15
1893 17
1897 17
1899 32
1901 38
1905 19
1907 35
1909 25
1913 39
1915 10
1917 41
1921 44
1923 29
1925 54
1929 35
1931 45
1933 20
1937 55
1939 11
1941 29
1945 12
1947 17
1949 88
1953 32
1955 34
1957 20
1961 46
1963 8
1965 43
1969 19
1971 31
1973 37
1977 28
1979 46
1981 23
1985 46
1987 16
1989 54
1993 16
1995 16
1997 43
2001 51
2003 17
2005 25
2009 54
2011 19
2013 12
2017 11
2019 25
2021 60
2025 43
2027 17
2029 39
2033 20
2035 20
2037 35
2041 29
2043 34
2045 45
2049 37
2051 30
2053 12
2057 37
2059 15
2061 44
2065 18
2067 13
2069 40
2073 22
2075 38
2077 26
2081 58
2083 17
2085 35
2089 48
2091 24
2093 42
2097 30
2099 51
2101 15
2105 51
2107 18
2109 48
2113 11
2115 20
2117 23
2121 37
2123 28
2125 26
2129 46
2131 25
2133 43
2137 16
2139 10
2141 71
2145 30
2147 32
2149 25
2153 23
2155 26
2157 11
2161 36
2163 11
2165 32
2169 43
2171 23
2173 24
2177 40
2179 4
2181 26
2185 19
2187 21
2189 47
2193 21
2195 29
2197 22
2201 65
2203 11
2205 22
2209 18
2211 26
2213 37
2217 25
2219 33
2221 14
2225 71
2227 11
2229 43
2233 12
2235 13
2237 24
2241 41
2243 32
2245 30
2249 32
2251 8
2253 28
2257 17
2259 34
2261 65
2265 28
2267 16
2269 27
2273 36
2275 20
2277 17
2281 12
2283 8
2285 47
2289 21
2291 32
2293 8
2297 36
2299 25
2301 36
2305 21
2307 10
2309 47
2313 29
2315 29
2317 20
2321 58
2323 16
2325 27
2329 23
2331 46
2333 27
2337 20
2339 25
2341 25
2345 47
2347 10
2349 50
2353 19
2355 27
2357 37
2361 22
2363 12
2365 21
2369 49
2371 23
2373 23
2377 12
2379 21
2381 28
2385 19
2387 19
2389 26
2393 41
2395 7
2397 17
2401 24
2403 17
2405 32
2409 30
2411 42
2413 14
2417 18
2419 13
2421 47
2425 26
2427 23
2429 50
2433 10
2435 32
2437 7
2441 47
2443 7
2445 18
2449 23
2451 7
2453 45
2457 23
2459 27
2461 21
2465 37
2467 18
2469 35
2473 15
2475 28
2477 26
2481 32
2483 30
2485 27
2489 29
2491 16
2493 40
2497 24
2499 23
2501 35
2505 27
2507 21
2509 17
2513 22
2515 15
2517 20
2521 22
2523 7
2525 33
2529 34
2531 23
2533 10
2537 39
2539 17
2541 28
2545 15
2547 19
2549 59
2553 13
2555 22
2557 12
2561 36
2563 6
2565 33
2569 24
2571 22
2573 27
2577 10
2579 22
2581 23
2585 15
2587 9
2589 19
2593 8
2595 17
2597 36
2601 37
2603 16
2605 3
2609 48
2611 6
2613 13
2617 19
2619 22
2621 46
2625 28
2627 9
2629 12
2633 21
2635 12
2637 36
2641 12
2643 10
2645 26
2649 19
2651 35
2653 15
2657 12
2659 11
2661 31
2665 19
2667 8
2669 31
2673 25
2675 25
2677 13
2681 26
2683 9
2685 24
2689 18
2691 27
2693 23
2697 12
2699 14
2701 31
2705 47
2707 7
2709 22
2713 9
2715 7
2717 21
2721 29
2723 21
2725 23
2729 50
2731 14
2733 10
2737 5
2739 18
2741 25
2745 28
2747 27
2749 25
2753 22
2755 10
2757 22
2761 12
2763 11
2765 31
2769 16
2771 24
2773 6
2777 16
2779 13
2781 30
2785 15
2787 13
2789 37
2793 20
2795 14
2797 10
2801 37
2803 17
2805 30
2809 10
2811 19
2813 39
2817 21
2819 15
2821 14
2825 22
2827 7
2829 23
2833 19
2835 23
2837 23
2841 25
2843 18
2845 16
2849 36
2851 9
2853 14
2857 12
2859 20
2861 26
2865 11
2867 11
2869 14
2873 32
2875 8
2877 30
2881 15
2883 11
2885 15
2889 40
2891 23
2893 6
2897 12
2899 10
2901 19
2905 16
2907 6
2909 33
2913 17
2915 31
2917 11
2921 39
2923 2
2925 36
2929 17
2931 11
2933 23
2937 4
2939 30
2941 14
2945 26
2947 5
2949 16
2953 11
2955 16
2957 20
2961 30
2963 12
2965 6
2969 22
2971 10
2973 16
2977 10
2979 15
2981 44
2985 16
2987 17
2989 22
2993 27
2995 3
2997 9
3001 21
3003 7
3005 20
3009 22
3011 18
3013 11
3017 21
3019 4
3021 14
3025 10
3027 8
3029 18
3033 11
3035 18
3037 7
3041 42
3043 10
3045 15
3049 13
3051 22
3053 16
3057 10
3059 14
3061 10
3065 33
3067 5
3069 43
3073 14
3075 7
3077 15
3081 23
3083 11
3085 8
3089 19
3091 5
3093 20
3097 8
3099 20
3101 22
3105 16
3107 14
3109 14
3113 14
3115 8
3117 3
3121 12
3123 9
3125 29
3129 26
3131 13
3133 6
3137 25
3139 13
3141 33
3145 12
3147 7
3149 41
3153 12
3155 16
3157 8
3161 12
3163 9
3165 10
3169 16
3171 10
3173 13
3177 15
3179 12
3181 23
3185 17
3187 1
3189 29
3193 7
3195 9
3197 31
3201 11
3203 9
3205 7
3209 34
3211 11
3213 13
3217 5
3219 14
3221 30
3225 17
3227 8
3229 14
3233 12
3235 4
3237 7
3241 20
3243 5
3245 18
3249 21
3251 27
3253 16
3257 12
3259 6
3261 11
3265 15
3267 15
3269 16
3273 14
3275 18
3277 13
3281 31
3283 5
3285 20
3289 11
3291 7
3293 15
3297 12
3299 24
3301 10
3305 18
3309 14
3313 13
3315 9
3317 14
3321 21
3323 17
3325 10
3329 24
3331 5
3333 12
3337 10
3339 17
3341 18
3345 14
3347 10
3349 13
3353 11
3355 5
3357 15
3361 13
3363 7
3365 18
3369 12
3371 13
3373 5
3377 22
3379 9
3381 14
3385 4
3387 10
3389 13
3393 9
3395 14
3397 6
3401 26
3405 9
3409 21
3411 8
3413 14
3417 7
3419 18
3421 13
3425 20
3427 6
3429 17
3433 10
3435 14
3437 9
3441 20
3443 5
3445 7
3449 34
3451 12
3453 1
3457 6
3459 8
3461 26
3465 14
3467 15
3469 6
3473 12
3475 11
3477 4
3481 8
3483 7
3485 17
3489 19
3491 17
3493 7
3497 6
3499 7
3501 23
3505 13
3507 10
3509 13
3513 9
3515 9
3517 7
3521 15
3523 4
3525 6
3529 14
3531 7
3533 14
3537 15
3539 11
3541 7
3545 20
3547 5
3549 12
3553 6
3555 18
3557 11
3561 24
3563 13
3565 10
3569 18
3571 12
3573 4
3577 11
3579 6
3581 17
3585 11
3587 13
3589 11
3593 13
3595 5
3597 4
3601 13
3603 11
3605 17
3609 13
3611 12
3613 5
3617 19
3619 8
3621 9
3625 13
3627 4
3629 31
3633 3
3635 10
3637 3
3641 18
3643 2
3645 12
3649 4
3651 10
3653 14
3657 15
3659 19
3661 10
3665 14
3667 3
3669 17
3673 8
3675 8
3677 9
3681 14
3683 8
3685 11
3689 24
3691 5
3693 4
3697 8
3699 12
3701 24
3705 7
3707 4
3709 5
3713 19
3715 12
3717 16
3721 8
3723 7
3725 18
3729 12
3731 11
3733 1
3737 11
3739 8
3741 15
3745 2
3747 4
3749 10
3753 8
3755 9
3757 8
3761 10
3763 8
3765 10
3769 11
3771 10
3773 13
3777 3
3779 17
3781 9
3785 13
3787 3
3789 12
3793 6
3795 4
3797 13
3801 7
3803 4
3805 3
3809 20
3811 5
3813 2
3817 4
3819 3
3821 19
3825 19
3827 9
3829 5
3833 9
3835 2
3837 8
3841 9
3843 4
3845 11
3849 10
3851 14
3853 8
3857 10
3859 3
3861 15
3865 5
3867 7
3869 8
3873 7
3875 6
3877 5
3881 14
3883 5
3885 7
3889 6
3891 11
3893 3
3897 12
3899 8
3901 6
3905 8
3907 3
3909 9
3913 3
3915 5
3917 3
3921 5
3923 5
3925 7
3929 13
3933 11
3937 6
3939 4
3941 5
3945 3
3947 5
3949 4
3953 7
3955 4
3957 4
3961 9
3963 3
3965 7
3969 17
3971 12
3973 4
3977 7
3979 4
3981 9
3985 6
3987 5
3989 12
3993 3
3995 6
3997 5
4001 13
4003 3
4005 8
4009 4
4011 8
4013 9
4017 10
4019 5
4021 11
4025 18
4029 4
4033 3
4035 5
4037 11
4041 13
4043 5
4045 9
4049 14
4051 2
4053 10
4059 8
4061 25
4065 12
4067 7
4069 7
4073 10
4075 2
4077 6
4081 5
4083 2
4085 15
4089 6
4091 7
4093 1
4097 6
4099 4
4101 9
4105 6
4107 3
4109 13
4113 4
4115 2
4117 6
4121 18
4123 4
4125 9
4129 4
4131 10
4133 7
4137 5
4139 9
4141 6
4145 5
4147 4
4149 14
4153 3
4155 4
4157 14
4161 9
4163 7
4165 5
4169 14
4171 2
4173 3
4177 7
4179 6
4181 5
4185 8
4187 8
4189 2
4193 5
4195 3
4197 10
4201 8
4203 7
4205 8
4209 6
4211 6
4213 6
4217 8
4219 8
4221 13
4225 6
4227 3
4229 7
4233 5
4235 7
4237 5
4241 17
4243 3
4245 6
4249 4
4251 3
4253 9
4257 7
4259 10
4265 11
4267 1
4269 12
4273 3
4275 10
4277 7
4281 5
4283 7
4285 3
4289 14
4291 3
4293 9
4297 7
4299 4
4301 14
4305 3
4307 9
4309 3
4313 4
4315 5
4317 4
4321 6
4325 10
4329 11
4331 9
4333 5
4337 4
4339 4
4341 12
4345 8
4347 5
4349 2
4353 11
4355 2
4357 1
4361 8
4363 2
4365 7
4369 7
4371 7
4373 13
4377 3
4379 7
4381 4
4385 18
4387 4
4389 3
4393 1
4395 4
4397 12
4401 8
4403 5
4405 2
4409 8
4411 6
4413 9
4417 3
4419 1
4421 12
4425 1
4427 5
4429 6
4433 2
4435 2
4437 2
4441 1
4443 2
4445 7
4449 7
4451 4
4453 2
4457 7
4461 10
4465 6
4469 7
4473 8
4475 4
4477 2
4481 8
4483 1
4485 8
4489 6
4491 4
4493 5
4497 3
4499 13
4501 3
4505 9
4507 3
4509 3
4513 3
4515 6
4517 3
4521 6
4523 5
4525 2
4529 10
4531 8
4533 1
4537 2
4539 6
4541 12
4545 3
4547 2
4549 4
4553 8
4555 3
4557 1
4563 1
4565 4
4569 8
4571 8
4573 7
4577 6
4579 1
4581 11
4585 4
4587 3
4589 12
4593 2
4595 6
4597 4
4601 7
4603 2
4605 4
4609 6
4611 5
4613 2
4617 2
4619 6
4621 2
4625 10
4629 5
4633 3
4635 4
4637 10
4641 10
4643 5
4645 5
4649 4
4651 2
4653 3
4657 4
4659 5
4661 11
4665 4
4667 4
4669 4
4673 6
4675 3
4677 6
4681 7
4683 1
4685 8
4689 10
4691 7
4693 3
4697 2
4699 1
4705 5
4707 3
4709 10
4713 4
4717 1
4721 5
4725 8
4729 5
4731 1
4733 3
4737 2
4739 10
4741 5
4745 5
4747 3
4749 6
4753 1
4755 1
4757 4
4761 4
4763 5
4765 1
4769 6
4773 5
4777 4
4779 2
4781 12
4785 3
4787 3
4789 3
4793 6
4797 1
4801 4
4803 1
4805 4
4809 3
4811 4
4813 2
4817 3
4819 4
4821 3
4825 1
4827 4
4829 5
4833 4
4835 7
4837 1
4841 5
4843 3
4849 5
4851 4
4853 10
4857 1
4859 4
4861 2
4865 3
4867 1
4869 3
4873 2
4875 1
4877 4
4881 11
4883 1
4889 7
4891 5
4893 5
4897 5
4899 4
4901 6
4905 10
4909 1
4913 4
4915 1
4917 6
4923 2
4925 2
4929 5
4931 9
4933 3
4937 4
4939 2
4941 6
4945 3
4947 1
4949 9
4955 3
4957 4
4961 11
4965 2
4969 1
4971 2
4973 4
4977 1
4979 5
4981 3
4985 5
4989 7
4995 2
4997 3
5001 3
5003 3
5005 5
5009 3
5011 2
5013 4
5019 4
5021 5
5025 4
5027 2
5029 4
5033 2
5035 2
5037 4
5041 4
5045 9
5049 5
5051 2
5053 1
5057 2
5059 1
5061 1
5065 1
5067 4
5069 3
5073 1
5075 5
5077 2
5081 6
5083 2
5085 5
5091 4
5093 2
5097 2
5101 4
5105 8
5107 2
5109 5
5113 2
5117 4
5121 4
5123 7
5125 3
5129 3
5131 2
5133 4
5137 2
5139 2
5141 5
5145 2
5147 3
5149 3
5153 3
5157 3
5161 4
5165 5
5169 3
5171 2
5173 2
5177 1
5181 5
5185 1
5189 2
5193 4
5195 1
5197 1
5201 4
5209 3
5211 7
5213 1
5217 2
5219 2
5221 5
5225 4
5227 2
5229 3
5235 2
5237 3
5241 2
5243 4
5245 1
5249 6
5251 1
5253 3
5257 2
5259 1
5261 4
5265 3
5267 1
5269 1
5273 8
5275 1
5277 4
5283 4
5285 6
5291 3
5301 4
5305 3
5307 1
5309 6
5313 4
5315 2
5321 4
5325 1
5329 3
5331 4
5333 2
5337 5
5339 3
5341 6
5345 2
5349 3
5353 1
5355 1
5357 3
5365 2
5369 7
5371 2
5373 1
5379 1
5381 7
5385 4
5387 1
5389 2
5393 3
5397 2
5403 1
5405 1
5409 3
5413 2
5417 2
5419 3
5421 1
5425 2
5427 1
5429 3
5433 2
5435 3
5441 2
5443 2
5445 2
5449 3
5451 5
5453 5
5457 2
5459 5
5465 1
5467 2
5469 4
5475 3
5477 5
5481 4
5483 1
5485 5
5489 3
5491 3
5493 3
5501 6
5507 4
5513 3
5515 1
5521 1
5525 3
5529 1
5531 1
5537 2
5541 3
5545 1
5547 1
5549 4
5553 2
5555 3
5557 2
5561 7
5563 1
5565 1
5571 2
5573 1
5577 4
5579 3
5581 1
5585 4
5587 4
5589 5
5593 1
5597 1
5605 1
5609 3
5611 1
5613 2
5617 1
5619 3
5621 2
5625 6
5627 2
5629 2
5633 2
5637 1
5641 2
5643 1
5645 4
5649 1
5653 2
5661 6
5665 1
5673 2
5675 2
5677 1
5681 2
5683 2
5685 2
5689 4
5691 1
5693 2
5697 2
5699 4
5701 2
5705 4
5707 1
5709 4
5713 4
5715 4
5717 3
5721 1
5725 3
5729 9
5731 1
5739 1
5741 4
5745 3
5747 2
5749 3
5755 1
5761 1
5765 3
5769 2
5771 4
5781 3
5787 1
5789 2
5793 2
5795 1
5801 3
5803 1
5805 3
5809 2
5813 2
5819 3
5821 1
5825 3
5827 1
5829 3
5835 1
5837 2
5841 4
5843 1
5845 1
5849 3
5857 3
5861 1
5865 4
5869 2
5875 1
5877 1
5883 3
5885 2
5889 1
5891 1
5893 3
5897 2
5901 1
5907 1
5913 2
5915 1
5921 3
5923 2
5925 4
5929 1
5939 4
5945 2
5947 1
5949 2
5953 1
5955 2
5957 2
5961 1
5963 2
5965 1
5969 5
5971 4
5973 1
5981 4
5985 1
5987 1
5989 2
5993 1
6001 1
6005 1
6009 4
6017 2
6019 1
6021 2
6025 1
6027 1
6029 2
6035 2
6037 1
6041 4
6043 1
6049 1
6051 1
6053 1
6059 2
6061 1
6065 1
6069 3
6077 2
6081 2
6083 1
6093 1
6099 1
6105 1
6107 2
6109 1
6113 3
6117 1
6123 2
6125 2
6129 2
6131 1
6139 2
6145 4
6153 1
6161 2
6165 1
6173 1
6179 1
6185 1
6189 1
6197 3
6201 4
6203 1
6205 2
6209 3
6213 1
6217 1
6219 1
6221 1
6229 2
6233 1
6235 1
6245 2
6251 3
6253 1
6257 4
6267 1
6269 2
6273 1
6275 1
6289 1
6291 1
6293 2
6297 2
6299 5
6305 1
6309 2
6313 1
6315 1
6317 1
6321 1
6323 1
6329 2
6333 1
6337 1
6339 1
6341 1
6345 1
6347 2
6349 1
6357 1
6361 1
6365 1
6369 2
6371 1
6381 1
6385 1
6387 1
6389 1
6393 1
6397 1
6401 2
6403 1
6405 3
6409 1
6413 2
6417 2
6419 2
6425 1
6429 1
6435 1
6445 4
6449 1
6451 1
6453 4
6461 2
6467 1
6469 1
6473 1
6477 2
6481 2
6491 1
6501 2
6507 1
6509 3
6513 2
6515 1
6521 1
6525 1
6533 1
6545 1
6549 1
6555 2
6557 1
6563 3
6571 3
6581 1
6585 1
6597 1
6605 2
6611 1
6617 1
6621 2
6629 1
6645 1
6651 1
6653 1
6659 2
6665 2
6677 2
6681 1
6683 1
6691 1
6701 4
6705 1
6707 2
6723 4
6737 3
6741 1
6749 1
6753 1
6757 1
6761 1
6765 2
6785 2
6787 2
6789 1
6793 1
6809 2
6811 2
6817 1
6821 2
6825 2
6827 2
6833 1
6837 1
6845 1
6851 1
6865 1
6875 1
6877 1
6881 2
6893 1
6905 2
6907 1
6909 1
6913 1
6917 1
6929 1
6933 1
6937 1
6941 1
6945 1
6947 2
6955 1
6957 2
6965 1
6969 2
6971 1
6979 1
6995 1
7009 1
7013 2
7019 1
7021 2
7025 2
7035 1
7037 1
7049 1
7069 1
7107 1
7109 1
7121 2
7123 1
7125 1
7129 1
7133 1
7139 2
7145 3
7153 1
7163 1
7165 1
7171 2
7181 2
7185 1
7197 1
7209 1
7213 1
7219 2
7221 1
7229 2
7237 1
7245 1
7249 2
7251 1
7261 1
7291 1
7293 1
7299 1
7301 1
7305 2
7313 1
7321 1
7325 2
7331 2
7349 2
7361 2
7373 1
7377 1
7379 1
7381 1
7385 1
7389 1
7401 1
7419 1
7421 1
7427 1
7435 1
7449 1
7451 2
7461 1
7469 1
7475 2
7477 1
7501 2
7509 1
7539 1
7545 1
7549 2
7553 1
7565 2
7569 1
7611 1
7621 1
7625 1
7643 1
7649 1
7653 1
7661 1
7665 2
7675 1
7677 1
7689 1
7693 1
7715 1
7749 1
7757 1
7769 1
7781 1
7787 1
7805 2
7827 1
7835 1
7851 1
7853 2
7857 1
7875 1
7881 1
7893 1
7897 1
7925 2
7941 1
7949 1
7971 1
7989 2
7993 2
8009 1
8061 1
8081 1
8091 1
8093 1
8099 1
8121 1
8139 2
8147 1
8171 1
8221 1
8227 1
8249 1
8253 1
8277 1
8291 1
8297 1
8309 1
8365 1
8393 2
8429 1
8461 1
8469 1
8521 1
8611 1
8621 1
8625 1
8659 1
8681 1
8761 1
8771 1
8801 1
8859 1
8885 1
8901 3
9001 1
9057 1
9065 1
9113 1
9141 1
9165 1
9241 1
9309 1
9405 1
9441 1
9449 1
9699 1
9701 1
9797 1
9977 1
9997 1
10025 1
10067 1
10085 1
10435 1
10441 1
10557 1
10667 1
11963 1
15417 1
16659 1
18149 1
22309 1
22877 1
89757 1
93893 1
