N J h mean_R_sq err_mean_R_sq mean_R_gyr_sq err_mean_R_gyr_sq 
500 0.867 0 1008.8 7.34082 439.982 1.79195
1 82
3 106
5 331
9 435
11 342
13 366
17 641
19 351
21 755
25 452
27 471
29 1101
33 750
35 659
37 325
41 1404
43 375
45 1034
49 827
51 713
53 1083
57 736
59 1064
61 1080
65 1384
67 326
69 1432
73 690
75 815
77 1422
81 1522
83 1004
85 721
89 1997
91 694
93 680
97 657
99 1062
101 2445
105 1313
107 996
109 974
113 1360
115 707
117 1659
121 1087
123 669
125 1960
129 2029
131 1619
133 680
137 1261
139 1011
141 1266
145 1317
147 790
149 2217
153 1903
155 1267
157 986
161 2492
163 287
165 1224
169 973
171 1565
173 2206
177 587
179 1555
181 1499
185 2431
187 624
189 2505
193 558
195 1231
197 1465
201 1765
203 1183
205 1183
209 3000
211 904
213 1197
217 1184
219 1198
221 2383
225 1875
227 1434
229 1467
233 1728
235 595
237 1728
241 1742
243 1231
245 2060
249 1654
251 2004
253 594
257 2231
259 1087
261 2495
265 1154
267 543
269 3021
273 1117
275 1337
277 842
281 2720
283 800
285 2134
289 1173
291 1071
293 2365
297 2103
299 2225
301 1121
305 2172
307 756
309 1585
313 1038
315 1537
317 1251
321 2552
323 986
325 1778
329 2959
331 787
333 1272
337 985
339 1492
341 3590
345 974
347 1254
349 1753
353 1963
355 998
357 1005
361 1256
363 1062
365 2480
369 2901
371 1919
373 1236
377 1865
379 660
381 2457
385 974
387 1154
389 2632
393 1431
395 1879
397 644
401 2424
403 460
405 2149
409 1820
411 1385
413 2298
417 1322
419 2106
421 1182
425 3168
427 443
429 1739
433 1339
435 816
437 2157
441 2461
443 1030
445 875
449 2134
451 1306
453 1297
457 904
459 1715
461 3211
465 1731
467 1477
469 1673
473 1281
475 1035
477 1920
481 1661
483 805
485 2142
489 2169
491 1862
493 1210
497 2425
499 639
501 1617
505 828
507 869
509 3086
513 1613
515 1191
517 1117
521 3077
523 969
525 1928
529 1262
531 1687
533 1178
537 1138
539 1696
541 977
545 3004
547 469
549 2885
553 719
555 768
557 1691
561 1512
563 1621
565 1107
569 2894
571 969
573 1470
577 728
579 1390
581 2527
585 2195
587 1269
589 1398
593 2244
595 704
597 1097
601 1677
603 844
605 2291
609 1417
611 1685
613 909
617 930
619 888
621 2619
625 1097
627 662
629 2978
633 1666
635 1689
637 1177
641 2250
643 497
645 1245
649 1588
651 1317
653 1059
657 1624
659 1822
661 1458
665 1842
667 632
669 1027
673 962
675 1532
677 2348
681 1653
683 779
685 950
689 3143
691 717
693 1930
697 651
699 1525
701 2663
705 1726
707 910
709 750
713 1834
715 573
717 1225
721 1219
723 591
725 2144
729 1897
731 1745
733 1021
737 1504
739 706
741 1772
745 1147
747 1228
749 2292
753 838
755 1691
757 707
761 2786
763 567
765 1412
769 1445
771 818
773 1802
777 1069
779 1389
781 1366
785 1014
787 638
789 2165
793 519
795 532
797 1984
801 2390
803 1343
805 1065
809 2044
811 899
813 798
817 754
819 1201
821 1944
825 1847
827 874
829 1437
833 1791
835 729
837 985
841 827
843 706
845 1884
849 1751
851 1176
853 601
857 1986
859 834
861 1429
865 954
867 791
869 1890
873 1171
875 1435
877 577
881 2292
883 337
885 1415
889 924
891 1063
893 1685
897 949
899 1535
901 1349
905 1354
907 348
909 2375
913 715
915 958
917 1120
921 1141
923 1114
925 794
929 1961
931 783
933 853
937 1090
939 878
941 2487
945 1761
947 535
949 616
953 1652
955 432
957 824
961 869
963 896
965 2208
969 1222
971 1527
973 619
977 979
979 799
981 1495
985 1169
987 814
989 1819
993 550
995 751
997 728
1001 1979
1003 408
1005 788
1009 1014
1011 1224
1013 1286
1017 1094
1019 1220
1021 1015
1025 1862
1027 407
1029 1562
1033 539
1035 928
1037 964
1041 1629
1043 755
1045 736
1049 2059
1051 476
1053 1572
1057 748
1059 485
1061 1167
1065 757
1067 1083
1069 1306
1073 1102
1075 619
1077 1014
1081 683
1083 586
1085 1359
1089 1420
1091 1450
1093 423
1097 1562
1099 530
1101 1144
1105 725
1107 656
1109 2068
1113 692
1115 861
1117 552
1121 1806
1123 400
1125 1392
1129 657
1131 653
1133 1157
1137 824
1139 1303
1141 912
1145 911
1147 472
1149 636
1153 638
1155 642
1157 1072
1161 1830
1163 567
1165 743
1169 1950
1171 535
1173 915
1177 408
1179 1181
1181 1808
1185 617
1187 680
1189 754
1193 1308
1195 597
1197 736
1201 561
1203 456
1205 1431
1209 1466
1211 960
1213 340
1217 1162
1219 445
1221 1194
1225 771
1227 260
1229 1321
1233 801
1235 847
1237 465
1241 1131
1243 282
1245 1141
1249 1121
1251 1014
1253 1059
1257 699
1259 986
1261 686
1265 1338
1267 377
1269 1043
1273 651
1275 669
1277 1093
1281 746
1283 719
1285 374
1289 1206
1291 565
1293 777
1297 376
1299 519
1301 1528
1305 1269
1307 724
1309 743
1313 744
1315 382
1317 661
1321 734
1323 543
1325 1290
1329 1127
1331 724
1333 609
1337 715
1339 501
1341 1228
1345 481
1347 351
1349 1548
1353 476
1355 671
1357 453
1361 1778
1363 378
1365 467
1369 507
1371 691
1373 537
1377 1056
1379 876
1381 726
1385 1335
1387 250
1389 788
1393 440
1395 668
1397 627
1401 738
1403 799
1405 643
1409 976
1411 202
1413 759
1417 390
1419 665
1421 1415
1425 761
1427 794
1429 552
1433 925
1435 209
1437 625
1441 714
1443 399
1445 979
1449 1243
1451 645
1453 332
1457 651
1459 522
1461 724
1465 389
1467 267
1469 1363
1473 657
1475 765
1477 397
1481 1223
1483 320
1485 754
1489 520
1491 576
1493 549
1497 480
1499 659
1501 556
1505 969
1507 183
1509 919
1513 352
1515 607
1517 1060
1521 777
1523 295
1525 655
1529 1202
1531 492
1533 530
1537 330
1539 730
1541 828
1545 523
1547 545
1549 396
1553 850
1555 183
1557 829
1561 691
1563 242
1565 581
1569 577
1571 755
1573 490
1577 530
1579 367
1581 822
1585 466
1587 354
1589 1084
1593 330
1595 648
1597 280
1601 1152
1603 223
1605 348
1609 523
1611 571
1613 838
1617 582
1619 604
1621 357
1625 996
1627 260
1629 966
1633 328
1635 320
1637 735
1641 839
1643 402
1645 267
1649 847
1651 296
1653 331
1657 267
1659 267
1661 912
1665 839
1667 494
1669 465
1673 657
1675 232
1677 286
1681 369
1683 338
1685 938
1689 667
1691 622
1693 385
1697 527
1699 350
1701 919
1705 270
1707 340
1709 750
1713 622
1715 575
1717 274
1721 905
1723 184
1725 703
1729 364
1731 244
1733 553
1737 336
1739 720
1741 416
1745 663
1747 134
1749 577
1753 300
1755 558
1757 449
1761 344
1763 358
1765 362
1769 1009
1771 268
1773 468
1777 372
1779 314
1781 1030
1785 501
1787 242
1789 393
1793 564
1795 246
1797 355
1801 399
1803 240
1805 633
1809 700
1811 655
1813 237
1817 591
1819 289
1821 514
1825 436
1827 337
1829 528
1833 332
1835 310
1837 328
1841 512
1843 152
1845 579
1849 319
1851 384
1853 484
1857 285
1859 414
1861 508
1865 684
1867 112
1869 551
1873 164
1875 316
1877 467
1881 799
1883 372
1885 195
1889 985
1891 254
1893 243
1897 221
1899 417
1901 539
1905 295
1907 342
1909 346
1913 434
1915 157
1917 364
1921 498
1923 261
1925 703
1929 347
1931 526
1933 195
1937 541
1939 179
1941 280
1945 177
1947 193
1949 809
1953 454
1955 271
1957 183
1961 352
1963 163
1965 442
1969 217
1971 364
1973 477
1977 436
1979 510
1981 201
1985 442
1987 169
1989 571
1993 257
1995 167
1997 486
2001 516
2003 175
2005 308
2009 598
2011 163
2013 179
2017 135
2019 319
2021 757
2025 440
2027 237
2029 308
2033 291
2035 154
2037 245
2041 332
2043 290
2045 508
2049 380
2051 356
2053 187
2057 433
2059 170
2061 507
2065 254
2067 169
2069 402
2073 191
2075 427
2077 160
2081 610
2083 136
2085 304
2089 424
2091 238
2093 378
2097 324
2099 360
2101 191
2105 453
2107 196
2109 400
2113 136
2115 177
2117 340
2121 340
2123 278
2125 212
2129 521
2131 225
2133 399
2137 156
2139 152
2141 658
2145 269
2147 234
2149 219
2153 253
2155 196
2157 216
2161 280
2163 145
2165 247
2169 512
2171 251
2173 178
2177 345
2179 102
2181 348
2185 194
2187 209
2189 499
2193 206
2195 248
2197 239
2201 513
2203 79
2205 335
2209 207
2211 241
2213 329
2217 222
2219 383
2221 160
2225 458
2227 84
2229 380
2233 105
2235 180
2237 234
2241 373
2243 243
2245 262
2249 282
2251 107
2253 240
2257 184
2259 315
2261 532
2265 212
2267 180
2269 226
2273 400
2275 155
2277 148
2281 140
2283 66
2285 391
2289 224
2291 265
2293 101
2297 264
2299 159
2301 291
2305 195
2307 86
2309 424
2313 353
2315 258
2317 155
2321 387
2323 94
2325 184
2329 229
2331 285
2333 272
2337 216
2339 270
2341 206
2345 375
2347 62
2349 320
2353 108
2355 145
2357 274
2361 223
2363 117
2365 208
2369 462
2371 167
2373 173
2377 96
2379 182
2381 224
2385 272
2387 144
2389 221
2393 368
2395 92
2397 193
2401 189
2403 112
2405 250
2409 272
2411 281
2413 148
2417 210
2419 82
2421 395
2425 154
2427 152
2429 311
2433 115
2435 225
2437 90
2441 480
2443 64
2445 176
2449 209
2451 79
2453 270
2457 177
2459 210
2461 193
2465 161
2467 78
2469 315
2473 123
2475 159
2477 194
2481 291
2483 220
2485 118
2489 212
2491 125
2493 156
2497 124
2499 190
2501 270
2505 239
2507 161
2509 142
2513 165
2515 58
2517 109
2521 150
2523 92
2525 353
2529 290
2531 167
2533 79
2537 301
2539 97
2541 211
2545 105
2547 126
2549 330
2553 128
2555 131
2557 80
2561 299
2563 44
2565 295
2569 147
2571 113
2573 189
2577 84
2579 201
2581 158
2585 207
2587 80
2589 154
2593 113
2595 118
2597 254
2601 223
2603 192
2605 66
2609 324
2611 69
2613 110
2617 153
2619 120
2621 281
2625 237
2627 91
2629 93
2633 146
2635 85
2637 214
2641 82
2643 79
2645 190
2649 181
2651 229
2653 122
2657 139
2659 107
2661 215
2665 130
2667 70
2669 277
2673 206
2675 149
2677 75
2681 275
2683 29
2685 84
2689 93
2691 195
2693 174
2697 74
2699 119
2701 166
2705 240
2707 59
2709 128
2713 97
2715 40
2717 123
2721 177
2723 74
2725 92
2729 292
2731 77
2733 109
2737 58
2739 107
2741 199
2745 151
2747 109
2749 152
2753 101
2755 49
2757 129
2761 89
2763 109
2765 185
2769 138
2771 179
2773 43
2777 130
2779 84
2781 166
2785 109
2787 31
2789 256
2793 110
2795 89
2797 58
2801 206
2803 58
2805 152
2809 91
2811 105
2813 178
2817 123
2819 133
2821 108
2825 166
2827 41
2829 110
2833 99
2835 106
2837 138
2841 121
2843 105
2845 103
2849 178
2851 72
2853 103
2857 56
2859 110
2861 207
2865 72
2867 62
2869 87
2873 162
2875 71
2877 105
2881 86
2883 61
2885 101
2889 224
2891 135
2893 53
2897 86
2899 58
2901 136
2905 59
2907 60
2909 178
2913 77
2915 140
2917 53
2921 149
2923 33
2925 205
2929 86
2931 68
2933 125
2937 74
2939 136
2941 83
2945 154
2947 52
2949 89
2953 75
2955 76
2957 130
2961 172
2963 73
2965 40
2969 120
2971 56
2973 61
2977 46
2979 61
2981 199
2985 97
2987 104
2989 83
2993 106
2995 34
2997 72
3001 106
3003 37
3005 137
3009 128
3011 97
3013 88
3017 96
3019 27
3021 71
3025 78
3027 59
3029 179
3033 73
3035 73
3037 45
3041 194
3043 61
3045 79
3049 61
3051 99
3053 89
3057 56
3059 110
3061 54
3065 157
3067 35
3069 194
3073 55
3075 66
3077 79
3081 83
3083 54
3085 55
3089 94
3091 34
3093 97
3097 59
3099 62
3101 133
3105 60
3107 87
3109 45
3113 78
3115 40
3117 37
3121 73
3123 61
3125 119
3129 89
3131 78
3133 45
3137 104
3139 34
3141 147
3145 56
3147 46
3149 166
3153 55
3155 79
3157 52
3161 118
3163 35
3165 60
3169 57
3171 70
3173 69
3177 72
3179 56
3181 90
3185 114
3187 28
3189 102
3193 29
3195 77
3197 101
3201 66
3203 38
3205 40
3209 117
3211 52
3213 46
3217 23
3219 62
3221 116
3225 96
3227 52
3229 55
3233 85
3235 20
3237 47
3241 67
3243 22
3245 69
3249 70
3251 95
3253 43
3257 42
3259 41
3261 62
3265 33
3267 54
3269 101
3273 47
3275 82
3277 49
3281 124
3283 33
3285 81
3289 77
3291 26
3293 54
3297 63
3299 74
3301 32
3305 69
3307 23
3309 76
3313 24
3315 24
3317 96
3321 93
3323 50
3325 36
3329 94
3331 55
3333 40
3337 37
3339 50
3341 90
3345 60
3347 25
3349 40
3353 58
3355 29
3357 72
3361 21
3363 50
3365 87
3369 36
3371 61
3373 31
3377 87
3379 40
3381 72
3385 37
3387 25
3389 70
3393 50
3395 50
3397 29
3401 110
3403 17
3405 50
3409 60
3411 28
3413 53
3417 34
3419 54
3421 62
3425 51
3427 9
3429 89
3433 34
3435 37
3437 31
3441 56
3443 36
3445 28
3449 123
3451 39
3453 34
3457 17
3459 30
3461 94
3465 47
3467 42
3469 28
3473 48
3475 27
3477 34
3481 34
3483 31
3485 74
3489 77
3491 56
3493 37
3497 33
3499 24
3501 62
3505 44
3507 11
3509 77
3513 26
3515 43
3517 35
3521 60
3523 17
3525 44
3529 21
3531 35
3533 67
3537 41
3539 50
3541 30
3545 71
3547 16
3549 58
3553 22
3555 38
3557 40
3561 76
3563 46
3565 26
3569 56
3571 35
3573 30
3577 29
3579 34
3581 40
3585 50
3587 38
3589 40
3593 42
3595 16
3597 31
3601 32
3603 31
3605 76
3609 44
3611 42
3613 24
3617 47
3619 27
3621 39
3625 42
3627 20
3629 87
3633 16
3635 19
3637 17
3641 64
3643 12
3645 42
3649 24
3651 33
3653 57
3657 38
3659 47
3661 28
3665 31
3667 15
3669 33
3673 23
3675 18
3677 26
3681 69
3683 17
3685 32
3689 70
3691 29
3693 26
3697 14
3699 39
3701 68
3705 21
3707 22
3709 39
3713 51
3715 20
3717 49
3721 23
3723 10
3725 47
3729 30
3731 27
3733 16
3737 41
3739 15
3741 57
3745 21
3747 19
3749 28
3753 39
3755 24
3757 22
3761 44
3763 4
3765 23
3769 34
3771 39
3773 54
3777 18
3779 47
3781 18
3785 31
3787 12
3789 31
3793 27
3795 22
3797 38
3801 29
3803 13
3805 29
3809 39
3811 11
3813 25
3817 9
3819 24
3821 60
3825 50
3827 30
3829 14
3833 30
3835 10
3837 21
3841 31
3843 11
3845 43
3849 39
3851 24
3853 6
3857 32
3859 17
3861 28
3865 13
3867 12
3869 53
3873 11
3875 26
3877 20
3881 47
3883 12
3885 27
3889 19
3891 22
3893 19
3897 39
3899 21
3901 16
3905 38
3907 3
3909 39
3913 11
3915 15
3917 18
3921 26
3923 21
3925 28
3929 45
3931 25
3933 34
3937 13
3939 24
3941 29
3945 19
3947 20
3949 18
3953 29
3955 9
3957 12
3961 17
3963 7
3965 32
3969 43
3971 23
3973 3
3977 35
3979 19
3981 32
3985 13
3987 16
3989 47
3993 28
3995 28
3997 3
4001 33
4003 9
4005 26
4009 16
4011 17
4013 17
4017 16
4019 19
4021 29
4025 36
4027 6
4029 13
4033 5
4035 12
4037 20
4041 31
4043 14
4045 24
4049 33
4051 14
4053 7
4057 9
4059 20
4061 30
4065 28
4067 17
4069 14
4073 29
4075 5
4077 16
4081 24
4083 8
4085 21
4089 13
4091 31
4093 16
4097 11
4099 13
4101 12
4105 26
4107 6
4109 32
4113 15
4115 16
4117 15
4121 40
4123 9
4125 17
4129 15
4131 17
4133 29
4137 8
4139 14
4141 12
4145 26
4147 5
4149 42
4153 7
4155 7
4157 29
4161 16
4163 18
4165 21
4169 22
4171 12
4173 13
4177 9
4179 9
4181 24
4185 22
4187 8
4189 7
4193 21
4195 12
4197 15
4201 16
4203 9
4205 24
4209 17
4211 21
4213 8
4217 12
4219 9
4221 26
4225 11
4227 7
4229 25
4233 8
4235 12
4237 8
4241 28
4243 4
4245 8
4249 9
4251 10
4253 15
4257 15
4259 22
4261 6
4265 22
4267 4
4269 16
4273 12
4275 17
4277 16
4281 12
4283 11
4285 8
4289 34
4291 4
4293 23
4297 8
4299 10
4301 15
4305 7
4307 8
4309 13
4313 5
4315 4
4317 13
4321 11
4323 5
4325 22
4329 26
4331 24
4333 9
4337 7
4339 7
4341 12
4345 15
4347 10
4349 22
4353 14
4355 7
4357 12
4361 15
4363 1
4365 21
4369 13
4371 9
4373 18
4377 13
4379 6
4381 8
4385 22
4387 2
4389 12
4393 12
4395 8
4397 11
4401 25
4403 8
4405 5
4409 17
4411 4
4413 8
4417 6
4419 6
4421 26
4425 8
4427 4
4429 20
4433 14
4435 6
4437 12
4441 9
4443 8
4445 13
4449 11
4451 12
4453 4
4457 20
4459 6
4461 9
4465 12
4467 7
4469 18
4473 15
4475 16
4477 7
4481 9
4483 6
4485 7
4489 8
4491 6
4493 8
4497 4
4499 16
4501 13
4505 11
4507 7
4509 11
4513 2
4515 5
4517 18
4521 10
4523 13
4525 12
4529 13
4531 8
4533 2
4537 6
4539 6
4541 19
4545 2
4547 5
4549 15
4553 16
4555 5
4557 12
4561 9
4563 3
4565 11
4569 9
4571 6
4573 9
4577 4
4579 1
4581 19
4585 5
4587 3
4589 14
4593 4
4595 17
4597 6
4601 16
4603 1
4605 16
4609 8
4611 11
4613 8
4617 7
4619 10
4621 4
4625 16
4627 4
4629 4
4633 3
4635 6
4637 7
4641 12
4645 7
4649 10
4651 5
4653 9
4657 1
4659 3
4661 22
4665 7
4667 8
4669 6
4673 9
4675 9
4677 2
4681 8
4683 4
4685 7
4689 13
4691 6
4693 4
4697 10
4699 2
4701 6
4705 4
4707 9
4709 6
4713 2
4715 7
4717 6
4721 6
4723 1
4725 6
4729 4
4731 4
4733 10
4737 8
4739 8
4741 7
4745 13
4747 1
4749 16
4753 5
4755 4
4757 10
4761 7
4763 5
4765 12
4769 15
4771 5
4773 8
4777 4
4779 7
4781 19
4785 5
4787 5
4789 4
4793 12
4795 4
4797 7
4801 5
4803 5
4805 6
4809 7
4811 9
4813 5
4817 9
4821 11
4825 4
4827 3
4829 15
4833 6
4835 3
4837 11
4841 9
4843 1
4845 3
4849 3
4851 7
4853 13
4859 3
4861 10
4865 6
4867 2
4869 9
4873 2
4875 3
4877 5
4881 11
4883 3
4885 2
4889 10
4891 3
4893 2
4897 2
4899 2
4901 9
4905 10
4907 3
4909 5
4913 4
4915 3
4917 8
4921 7
4923 8
4925 11
4929 4
4931 3
4933 2
4937 3
4939 3
4941 17
4945 4
4947 1
4949 12
4953 3
4955 4
4957 1
4961 9
4963 5
4965 3
4969 5
4971 1
4973 5
4977 5
4979 5
4981 3
4985 8
4987 1
4989 8
4993 3
4995 1
4997 5
5001 5
5003 3
5005 3
5009 3
5011 4
5013 5
5019 2
5021 10
5025 8
5027 4
5029 3
5033 1
5035 3
5037 2
5041 4
5043 2
5045 11
5049 7
5051 6
5053 2
5057 6
5059 2
5061 6
5065 3
5067 2
5069 3
5073 2
5075 6
5077 2
5081 3
5083 1
5085 1
5089 4
5091 3
5093 4
5097 4
5099 6
5101 9
5105 2
5109 6
5113 2
5115 2
5117 3
5121 7
5123 8
5125 4
5129 7
5131 2
5133 3
5139 2
5141 9
5145 5
5147 4
5149 1
5153 2
5155 2
5157 6
5161 4
5165 5
5169 6
5171 7
5173 1
5177 6
5179 2
5181 3
5185 3
5187 4
5189 6
5193 5
5195 3
5197 4
5201 3
5205 3
5209 1
5211 5
5213 5
5217 1
5219 3
5221 1
5225 4
5229 4
5233 3
5235 2
5237 8
5241 4
5243 5
5249 11
5253 4
5257 1
5259 1
5261 5
5265 8
5267 5
5269 7
5273 3
5275 1
5277 3
5281 2
5283 3
5285 3
5289 3
5291 5
5293 4
5297 4
5299 1
5301 1
5305 5
5307 2
5309 5
5313 1
5317 1
5321 3
5323 2
5325 4
5329 2
5331 1
5333 2
5337 6
5339 6
5341 2
5345 3
5347 1
5349 2
5353 3
5355 1
5357 2
5361 3
5363 1
5365 4
5369 3
5371 3
5373 1
5377 2
5379 3
5381 6
5385 2
5387 3
5389 5
5393 7
5397 3
5401 1
5403 2
5405 3
5409 5
5411 1
5417 3
5419 3
5421 2
5429 3
5435 2
5437 1
5441 3
5443 1
5445 5
5449 4
5451 1
5453 6
5457 1
5459 3
5461 2
5465 4
5469 3
5473 1
5475 2
5477 4
5481 3
5483 1
5485 1
5489 3
5491 3
5493 2
5497 1
5499 1
5501 3
5505 2
5507 2
5509 2
5513 4
5515 2
5517 2
5521 5
5525 2
5529 3
5531 1
5533 1
5537 2
5539 2
5541 3
5545 1
5547 2
5549 3
5553 3
5555 2
5557 2
5561 4
5565 2
5569 2
5571 4
5573 3
5577 3
5585 2
5587 1
5589 2
5595 1
5597 1
5603 2
5605 1
5609 5
5619 1
5621 2
5625 1
5627 4
5629 2
5633 2
5635 1
5641 1
5645 4
5649 1
5651 2
5653 1
5657 2
5659 1
5661 4
5669 3
5673 2
5675 4
5681 2
5685 1
5689 3
5691 1
5693 1
5697 1
5699 1
5701 1
5715 1
5717 1
5721 3
5723 1
5733 1
5739 2
5741 4
5745 2
5747 2
5753 1
5757 1
5761 1
5763 1
5765 3
5769 1
5771 3
5773 1
5777 2
5781 2
5789 4
5793 1
5801 2
5805 2
5809 1
5817 1
5819 1
5825 4
5827 1
5829 3
5835 1
5837 1
5841 4
5843 1
5845 1
5853 2
5859 2
5865 1
5869 1
5877 1
5881 1
5883 1
5885 2
5889 3
5891 2
5893 2
5897 2
5901 1
5905 1
5909 1
5913 2
5917 2
5921 1
5923 1
5925 2
5929 5
5931 4
5945 1
5947 1
5949 1
5953 1
5957 1
5963 1
5965 2
5969 2
5973 1
5977 1
5981 2
5985 1
5987 1
5993 1
5995 1
5997 1
6003 3
6011 2
6017 1
6019 1
6025 1
6029 3
6033 2
6037 2
6041 3
6045 2
6049 1
6051 1
6053 1
6057 1
6061 1
6069 3
6073 1
6075 5
6077 1
6091 1
6093 1
6099 1
6101 2
6113 1
6115 1
6121 1
6125 1
6133 1
6137 2
6139 1
6141 1
6153 1
6155 3
6161 1
6165 1
6169 1
6189 1
6193 1
6195 1
6209 2
6225 1
6229 3
6233 3
6235 2
6243 1
6251 2
6259 1
6275 1
6277 1
6289 1
6293 3
6317 2
6329 1
6341 2
6349 1
6353 1
6355 1
6371 3
6387 1
6389 2
6405 1
6419 1
6421 2
6425 2
6429 1
6441 2
6451 1
6453 1
6459 1
6461 1
6467 1
6469 1
6473 3
6481 1
6491 1
6505 1
6509 3
6525 1
6529 1
6531 1
6539 2
6547 1
6563 1
6569 2
6579 1
6581 1
6585 2
6587 1
6597 1
6619 1
6621 1
6625 1
6633 1
6645 1
6653 1
6657 1
6659 2
6665 2
6675 1
6681 1
6685 1
6705 1
6725 1
6761 1
6769 1
6773 2
6779 1
6789 1
6809 1
6817 1
6829 1
6845 1
6861 1
6865 1
6881 1
6891 1
6901 1
6905 1
6909 1
6917 1
6923 1
6941 1
6973 1
6977 2
6985 1
6989 1
7011 1
7021 1
7049 2
7057 1
7061 1
7089 1
7133 1
7157 1
7209 1
7211 1
7233 1
7237 1
7241 1
7251 1
7269 1
7283 1
7361 3
7481 1
7565 1
7585 1
7625 1
7629 1
7661 1
7715 1
7965 1
8021 1
8099 1
8241 1
9014 1
9346 1
9453 1
9606 1
10242 1
11230 1
11801 1
15180 1
15443 1
15846 1
16326 1
16448 1
17915 1
18274 1
18875 1
19166 1
20574 1
21954 1
23467 1
24649 1
25973 1
27153 1
27419 1
28941 1
29073 1
29816 1
30683 1
31460 1
31962 1
32426 1
32566 1
34427 1
35201 1
38530 1
40790 1
41754 1
44378 1
44792 1
46190 1
46470 1
47558 1
47736 1
48490 1
49470 1
50250 1
51626 1
