N J h mean_R_sq err_mean_R_sq mean_R_gyr_sq err_mean_R_gyr_sq 
700 0.89 0 470.931 36.1437 2299.3 42.5941
0 2
1 2
2 1
3 5
4 1
5 2
6 3
7 1
9 3
10 1
11 1
12 2
13 5
14 2
15 6
16 7
17 5
18 3
19 5
20 2
21 4
22 6
23 5
24 11
25 3
26 9
27 6
28 7
29 10
30 5
31 7
32 14
33 14
34 9
35 14
36 17
37 11
38 16
39 24
40 19
41 25
42 21
43 25
44 30
45 27
46 21
47 23
48 24
49 32
50 31
51 34
52 29
53 32
54 33
55 40
56 36
57 49
58 54
59 44
60 42
61 44
62 49
63 50
64 58
65 49
66 52
67 72
68 46
69 65
70 81
71 63
72 82
73 71
74 69
75 80
76 71
77 86
78 82
79 71
80 80
81 82
82 90
83 89
84 108
85 94
86 131
87 93
88 96
89 110
90 131
91 122
92 123
93 125
94 115
95 139
96 143
97 160
98 155
99 173
100 190
101 194
102 220
103 222
104 228
105 214
106 255
107 249
108 277
109 282
110 313
111 312
112 290
113 332
114 358
115 367
116 388
117 399
118 387
119 380
120 407
121 405
122 364
123 422
124 375
125 351
126 380
127 322
128 322
129 278
130 294
131 267
132 223
133 227
134 190
135 169
136 179
137 148
138 119
139 91
140 84
141 86
142 77
143 49
144 48
145 31
146 28
147 18
148 13
149 14
150 12
151 7
152 5
153 3
154 1
155 2
156 1
157 2
158 1
160 1
165 1
343 1
353 2
