N J h mean_R_sq err_mean_R_sq mean_R_gyr_sq err_mean_R_gyr_sq 
600 0.85 0 1326.72 11.4031 646.233 3.11461
0 89
1 164
2 194
3 200
4 199
5 187
6 187
7 208
8 237
9 241
10 232
11 231
12 228
13 229
14 265
15 244
16 324
17 305
18 293
19 331
20 332
21 352
22 393
23 417
24 395
25 408
26 442
27 453
28 485
29 530
30 549
31 533
32 549
33 596
34 612
35 643
36 605
37 685
38 681
39 728
40 752
41 778
42 750
43 794
44 813
45 812
46 804
47 820
48 783
49 879
50 882
51 835
52 863
53 914
54 881
55 922
56 898
57 930
58 950
59 844
60 865
61 820
62 865
63 884
64 761
65 818
66 791
67 778
68 770
69 715
70 711
71 627
72 631
73 616
74 637
75 621
76 573
77 483
78 487
79 432
80 416
81 373
82 368
83 356
84 279
85 275
86 282
87 248
88 232
89 193
90 188
91 139
92 134
93 115
94 125
95 111
96 77
97 81
98 63
99 69
100 58
101 39
102 37
103 33
104 19
105 21
106 17
107 18
108 10
109 8
110 9
111 8
112 2
113 3
114 5
115 3
116 4
117 1
118 3
119 1
121 1
125 2
131 1
137 1
151 1
165 1
258 1
278 1
282 1
308 1
