N J h mean_R_sq err_mean_R_sq mean_R_gyr_sq err_mean_R_gyr_sq 
550 0.86 0 1160.35 5.03062 568.117 1.5057
0 395
1 692
2 658
3 672
4 687
5 715
6 774
7 734
8 807
9 819
10 852
11 796
12 875
13 895
14 987
15 1000
16 1111
17 1103
18 1173
19 1250
20 1280
21 1364
22 1421
23 1485
24 1531
25 1562
26 1748
27 1816
28 1806
29 1866
30 1916
31 1961
32 2156
33 2188
34 2414
35 2285
36 2436
37 2527
38 2612
39 2735
40 2761
41 2811
42 2908
43 2918
44 2930
45 3056
46 2989
47 3009
48 3113
49 3097
50 3140
51 3132
52 3102
53 3098
54 3122
55 3103
56 3105
57 2976
58 2954
59 2868
60 2788
61 2803
62 2577
63 2638
64 2593
65 2475
66 2344
67 2286
68 2234
69 2083
70 2025
71 1869
72 1678
73 1726
74 1551
75 1527
76 1391
77 1275
78 1113
79 1072
80 975
81 864
82 776
83 652
84 593
85 546
86 469
87 446
88 409
89 332
90 299
91 248
92 218
93 175
94 167
95 114
96 107
97 103
98 85
99 83
100 49
101 42
102 39
103 35
104 39
105 18
106 10
107 10
108 11
109 10
110 7
111 3
112 5
113 4
114 3
115 2
116 1
118 2
120 1
139 1
147 1
188 1
