N J h mean_R_sq err_mean_R_sq mean_R_gyr_sq err_mean_R_gyr_sq 
550 0.93 0 158.008 16.2917 1823.05 4.37585
10 1
13 1
14 2
17 1
18 1
22 2
26 1
27 2
28 1
29 2
31 1
32 2
33 2
34 1
36 1
38 1
40 1
42 1
43 1
45 2
47 2
48 2
49 1
50 1
51 3
54 3
56 2
58 5
59 2
60 2
61 3
62 2
63 4
64 5
65 5
66 9
67 7
68 8
69 5
70 16
71 13
72 29
73 31
74 29
75 33
76 31
77 46
78 59
79 67
80 92
81 86
82 117
83 130
84 157
85 185
86 223
87 253
88 250
89 288
90 349
91 370
92 388
93 407
94 487
95 497
96 522
97 542
98 569
99 588
100 612
101 594
102 580
103 548
104 601
105 521
106 530
107 464
108 458
109 388
110 330
111 314
112 271
113 207
114 200
115 155
116 145
117 103
118 86
119 71
120 42
121 37
122 25
123 15
124 15
125 10
126 9
127 4
128 4
129 4
131 1
166 1
277 1
311 1
