N J h mean_R_sq err_mean_R_sq mean_R_gyr_sq err_mean_R_gyr_sq 
700 0.871 0 1395.32 49.6162 920.781 28.1561
0 44
1 102
2 126
3 113
4 108
5 145
6 109
7 119
8 111
9 137
10 125
11 139
12 161
13 159
14 157
15 159
16 154
17 172
18 169
19 194
20 201
21 215
22 206
23 223
24 263
25 228
26 262
27 269
28 312
29 298
30 301
31 362
32 310
33 356
34 397
35 405
36 356
37 437
38 426
39 436
40 443
41 449
42 531
43 475
44 514
45 548
46 529
47 606
48 593
49 562
50 673
51 642
52 605
53 683
54 697
55 699
56 669
57 705
58 680
59 738
60 701
61 733
62 739
63 719
64 704
65 743
66 765
67 765
68 765
69 714
70 712
71 735
72 776
73 718
74 701
75 655
76 684
77 644
78 642
79 659
80 604
81 613
82 573
83 545
84 530
85 552
86 515
87 471
88 476
89 428
90 421
91 357
92 368
93 334
94 310
95 292
96 282
97 274
98 244
99 229
100 215
101 170
102 180
103 160
104 170
105 97
106 114
107 91
108 97
109 104
110 83
111 81
112 53
113 62
114 50
115 66
116 47
117 35
118 26
119 22
120 25
121 16
122 17
123 17
124 16
125 6
126 7
127 5
128 7
129 1
130 4
131 3
132 2
133 1
134 5
135 2
136 1
137 1
138 1
139 1
140 3
145 1
150 1
165 1
173 1
178 1
183 1
197 1
285 1
319 1
322 1
330 1
356 1
371 1
373 1
434 1
452 1
488 1
496 1
505 1
506 1
519 1
535 1
543 1
547 1
551 2
552 2
553 2
555 1
569 1
573 1
574 1
576 1
604 1
