N J h mean_R_sq err_mean_R_sq mean_R_gyr_sq err_mean_R_gyr_sq 
400 0.86 0 827.502 2.44642 297.711 0.522898
0 956
1 1878
2 1956
3 1872
4 1943
5 2020
6 1973
7 2114
8 2186
9 2227
10 2400
11 2471
12 2524
13 2814
14 2813
15 2896
16 3223
17 3209
18 3350
19 3595
20 3710
21 3881
22 3935
23 4021
24 4124
25 4537
26 4531
27 4610
28 4660
29 4868
30 5036
31 5066
32 4974
33 5190
34 5058
35 5182
36 5388
37 5277
38 5206
39 5286
40 5093
41 5011
42 4913
43 4718
44 4612
45 4496
46 4237
47 4169
48 3912
49 3835
50 3476
51 3274
52 3037
53 2952
54 2646
55 2467
56 2282
57 2085
58 1947
59 1658
60 1407
61 1227
62 1182
63 1005
64 855
65 703
66 629
67 536
68 460
69 398
70 304
71 260
72 205
73 160
74 120
75 90
76 92
77 76
78 50
79 33
80 44
81 24
82 17
83 13
84 8
85 5
86 10
87 1
88 1
89 1
91 1
112 1
232 1
