N J h mean_R_sq err_mean_R_sq mean_R_gyr_sq err_mean_R_gyr_sq 
700 0.867 0 1415.01 13.4039 889.054 7.4464
0 737
1 1493
2 1457
3 1549
4 1556
5 1552
6 1613
7 1678
8 1779
9 1674
10 1803
11 1889
12 1900
13 1963
14 2050
15 2166
16 2267
17 2326
18 2548
19 2575
20 2698
21 2780
22 2970
23 3116
24 3248
25 3376
26 3676
27 3764
28 3829
29 4014
30 4135
31 4370
32 4654
33 4857
34 4917
35 5253
36 5356
37 5613
38 5711
39 6001
40 6220
41 6514
42 6548
43 6924
44 7006
45 7195
46 7352
47 7799
48 7907
49 8161
50 8245
51 8371
52 8699
53 8914
54 8862
55 9112
56 9398
57 9427
58 9586
59 9669
60 9723
61 9738
62 9809
63 9933
64 9928
65 9856
66 9896
67 9745
68 9887
69 9929
70 9848
71 9427
72 9445
73 9378
74 9105
75 8976
76 8956
77 8846
78 8755
79 8240
80 8041
81 7833
82 7545
83 7217
84 6983
85 6768
86 6366
87 6252
88 6014
89 5617
90 5412
91 5010
92 4528
93 4493
94 4171
95 3886
96 3635
97 3368
98 3186
99 2896
100 2700
101 2485
102 2215
103 2150
104 1813
105 1657
106 1464
107 1411
108 1279
109 1126
110 1000
111 901
112 841
113 751
114 642
115 608
116 509
117 455
118 444
119 338
120 305
121 270
122 254
123 222
124 174
125 135
126 140
127 106
128 90
129 73
130 59
131 59
132 40
133 36
134 22
135 23
136 21
137 13
138 5
139 4
140 7
141 4
142 1
143 3
144 1
145 1
146 1
149 2
151 1
153 1
154 1
162 1
200 1
206 1
208 1
210 1
215 1
236 1
271 1
277 1
281 1
284 1
288 2
290 1
291 1
292 1
298 2
302 1
303 1
306 1
309 1
311 1
313 1
318 1
346 1
352 2
354 1
355 2
359 1
361 2
362 1
364 1
365 1
366 1
367 2
368 1
370 1
372 1
375 1
376 1
408 1
420 1
421 1
479 1
496 1
535 1
547 1
548 1
550 1
551 1
555 2
557 2
558 1
560 2
565 1
569 1
570 1
573 2
581 1
583 1
585 1
590 1
595 1
597 1
