N J h mean_R_sq err_mean_R_sq mean_R_gyr_sq err_mean_R_gyr_sq 
600 0.851 0 1415.83 107.503 604.099 19.6592
0 98
1 167
2 177
3 167
4 205
5 178
6 197
7 201
8 211
9 226
10 232
11 241
12 262
13 240
14 278
15 268
16 286
17 320
18 320
19 337
20 313
21 361
22 399
23 438
24 415
25 431
26 437
27 444
28 504
29 539
30 525
31 614
32 552
33 605
34 583
35 634
36 627
37 672
38 645
39 670
40 713
41 695
42 702
43 720
44 720
45 810
46 716
47 767
48 765
49 792
50 786
51 798
52 767
53 750
54 771
55 778
56 735
57 748
58 698
59 707
60 734
61 664
62 664
63 629
64 644
65 633
66 592
67 621
68 518
69 506
70 460
71 475
72 434
73 413
74 438
75 416
76 346
77 303
78 317
79 298
80 301
81 258
82 238
83 222
84 194
85 173
86 151
87 158
88 143
89 119
90 76
91 84
92 79
93 64
94 46
95 57
96 57
97 36
98 27
99 34
100 14
101 27
102 15
103 9
104 12
105 4
106 11
107 8
108 3
109 1
110 3
111 6
116 2
149 1
151 1
152 1
153 1
161 1
163 1
166 2
167 1
170 1
171 1
172 1
173 1
174 1
175 2
176 1
178 1
179 2
180 1
181 1
182 1
183 3
185 1
187 2
188 2
189 3
190 3
191 2
192 1
193 4
194 2
195 5
196 3
197 1
199 1
201 4
202 2
204 1
205 3
206 1
207 2
208 1
209 1
210 1
211 1
213 3
231 1
251 1
257 1
258 1
272 1
273 1
275 2
280 1
282 1
284 1
291 1
299 3
302 1
305 1
307 1
315 1
322 1
341 1
343 1
361 1
362 1
374 1
376 1
434 1
441 1
505 1
