N J h mean_R_sq err_mean_R_sq mean_R_gyr_sq err_mean_R_gyr_sq 
600 0.882 0 979.923 13.2333 885.301 9.03141
0 474
1 955
2 960
3 997
4 961
5 988
6 1002
7 1046
8 1065
9 1107
10 1199
11 1256
12 1286
13 1317
14 1408
15 1431
16 1474
17 1623
18 1682
19 1706
20 1827
21 1962
22 2053
23 2047
24 2233
25 2364
26 2422
27 2463
28 2581
29 2752
30 2986
31 3044
32 3037
33 3230
34 3418
35 3536
36 3671
37 3825
38 4036
39 4247
40 4326
41 4500
42 4580
43 4577
44 4834
45 5085
46 4913
47 5355
48 5375
49 5516
50 5645
51 5863
52 5884
53 6034
54 5965
55 6131
56 6186
57 6239
58 6299
59 6274
60 6366
61 6381
62 6247
63 6392
64 6406
65 6235
66 6199
67 6219
68 6125
69 5917
70 6012
71 5806
72 5923
73 5552
74 5511
75 5405
76 5248
77 5011
78 5065
79 4756
80 4674
81 4523
82 4322
83 4199
84 3956
85 3930
86 3687
87 3393
88 3251
89 3276
90 3074
91 2907
92 2773
93 2665
94 2631
95 2353
96 2198
97 2038
98 1940
99 1866
100 1663
101 1574
102 1410
103 1318
104 1195
105 1128
106 978
107 910
108 741
109 691
110 598
111 509
112 447
113 393
114 315
115 274
116 205
117 173
118 157
119 122
120 85
121 81
122 53
123 43
124 36
125 22
126 19
127 13
128 7
129 5
130 4
131 6
132 2
133 4
134 2
135 3
137 1
138 1
140 1
155 1
239 1
241 1
252 1
259 1
263 1
274 1
312 1
340 1
349 1
376 1
378 1
384 1
388 1
389 1
391 1
392 1
397 1
399 2
402 1
419 1
421 1
441 1
460 1
485 1
