N J h mean_R_sq err_mean_R_sq mean_R_gyr_sq err_mean_R_gyr_sq 
550 0.875 0 1103.6 71.1362 606.9 22.1105
0 82
1 161
2 134
3 166
4 148
5 174
6 136
7 171
8 171
9 191
10 169
11 209
12 198
13 190
14 200
15 239
16 249
17 268
18 249
19 280
20 277
21 276
22 336
23 344
24 341
25 378
26 405
27 429
28 431
29 410
30 464
31 495
32 488
33 552
34 574
35 562
36 603
37 596
38 635
39 612
40 660
41 643
42 700
43 724
44 659
45 679
46 695
47 759
48 733
49 741
50 790
51 786
52 701
53 748
54 777
55 812
56 717
57 744
58 684
59 681
60 734
61 669
62 649
63 643
64 649
65 601
66 596
67 561
68 564
69 567
70 505
71 452
72 438
73 442
74 398
75 326
76 371
77 337
78 295
79 270
80 230
81 222
82 237
83 184
84 184
85 157
86 137
87 122
88 110
89 109
90 87
91 81
92 59
93 62
94 46
95 49
96 39
97 35
98 24
99 28
100 19
101 14
102 17
103 6
104 13
105 11
106 4
107 5
108 1
109 4
110 2
111 1
113 1
115 2
116 2
118 3
120 1
125 1
126 1
127 1
128 3
130 3
131 2
132 2
133 4
134 1
135 3
136 2
137 1
138 3
139 5
140 3
141 4
142 2
143 1
144 2
145 1
146 3
147 5
148 1
149 1
150 1
151 1
152 3
156 1
157 2
167 1
168 1
203 1
212 1
215 1
216 1
231 3
233 1
234 2
238 2
239 3
240 1
241 1
242 2
243 1
246 1
249 1
258 1
303 1
315 1
350 1
372 1
374 1
379 1
383 1
426 1
463 1
480 1
