N J h mean_R_sq err_mean_R_sq mean_R_gyr_sq err_mean_R_gyr_sq 
550 0.89 0 764.924 5.92471 888.03 5.72233
0 123
1 277
2 319
3 301
4 328
5 352
6 330
7 360
8 351
9 351
10 374
11 376
12 462
13 421
14 477
15 505
16 554
17 501
18 533
19 637
20 672
21 683
22 731
23 807
24 799
25 844
26 895
27 929
28 1058
29 1123
30 1132
31 1136
32 1231
33 1238
34 1339
35 1393
36 1458
37 1528
38 1632
39 1633
40 1694
41 1880
42 1828
43 1903
44 2064
45 2044
46 2151
47 2314
48 2196
49 2350
50 2466
51 2445
52 2511
53 2546
54 2709
55 2596
56 2734
57 2794
58 2855
59 2836
60 2782
61 2922
62 2853
63 3032
64 2823
65 2884
66 2885
67 2864
68 2926
69 2802
70 2875
71 2735
72 2930
73 2833
74 2792
75 2765
76 2728
77 2695
78 2622
79 2607
80 2552
81 2468
82 2426
83 2318
84 2416
85 2348
86 2266
87 2149
88 1988
89 2071
90 1845
91 1841
92 1718
93 1567
94 1531
95 1469
96 1272
97 1272
98 1180
99 1047
100 945
101 816
102 774
103 641
104 536
105 459
106 372
107 352
108 258
109 253
110 175
111 131
112 105
113 100
114 84
115 66
116 32
117 23
118 18
119 13
120 11
121 7
122 4
123 3
124 3
126 2
127 1
128 1
132 2
167 1
171 1
276 1
347 1
