N J h mean_R_sq err_mean_R_sq mean_R_gyr_sq err_mean_R_gyr_sq 
400 0.859 0 840.016 12.6724 270.576 3.56094
0 342
1 630
2 586
3 619
4 624
5 603
6 618
7 632
8 696
9 639
10 681
11 707
12 781
13 758
14 877
15 905
16 898
17 903
18 973
19 969
20 1041
21 1115
22 1186
23 1124
24 1166
25 1188
26 1279
27 1293
28 1293
29 1320
30 1348
31 1319
32 1348
33 1367
34 1279
35 1325
36 1278
37 1336
38 1285
39 1319
40 1216
41 1154
42 1152
43 1118
44 1068
45 992
46 929
47 874
48 844
49 792
50 729
51 668
52 626
53 643
54 520
55 437
56 432
57 414
58 404
59 307
60 309
61 249
62 225
63 190
64 163
65 153
66 100
67 99
68 75
69 59
70 58
71 44
72 38
73 46
74 24
75 21
76 13
77 8
78 7
79 10
80 1
81 5
82 4
83 2
84 1
85 1
88 2
89 1
123 1
124 1
150 1
151 1
153 1
154 1
155 2
158 2
159 2
163 1
168 1
216 1
251 1
268 1
270 1
271 1
313 1
323 1
336 1
