N J h mean_R_sq err_mean_R_sq mean_R_gyr_sq err_mean_R_gyr_sq 
600 0.88 0 1018.49 7.39504 871.198 5.61525
0 123
1 207
2 248
3 262
4 247
5 272
6 272
7 276
8 283
9 351
10 299
11 336
12 319
13 395
14 391
15 437
16 418
17 436
18 464
19 532
20 537
21 565
22 578
23 624
24 680
25 672
26 670
27 726
28 799
29 775
30 879
31 878
32 940
33 957
34 1002
35 1087
36 1104
37 1279
38 1275
39 1329
40 1323
41 1388
42 1423
43 1481
44 1547
45 1586
46 1591
47 1697
48 1713
49 1799
50 1789
51 1901
52 1912
53 2002
54 1989
55 1977
56 2063
57 2028
58 2122
59 2045
60 2137
61 2075
62 2205
63 2171
64 2232
65 2146
66 2216
67 2152
68 2155
69 2122
70 2169
71 2088
72 2067
73 2101
74 1936
75 1950
76 1908
77 1809
78 1788
79 1687
80 1746
81 1634
82 1566
83 1504
84 1456
85 1386
86 1282
87 1234
88 1139
89 1175
90 1063
91 989
92 1003
93 936
94 841
95 814
96 773
97 767
98 631
99 594
100 539
101 498
102 479
103 466
104 406
105 382
106 320
107 311
108 251
109 237
110 167
111 183
112 157
113 147
114 121
115 80
116 75
117 64
118 47
119 41
120 42
121 32
122 18
123 17
124 12
125 14
126 9
127 12
128 6
129 4
130 1
132 4
134 1
135 1
145 1
146 1
152 1
185 1
254 1
255 1
256 1
426 1
