N J h mean_R_sq err_mean_R_sq mean_R_gyr_sq err_mean_R_gyr_sq 
600 0.9 0 348.372 9.41418 1726.4 11.2176
0 4
1 11
2 14
3 10
4 12
5 18
6 15
7 13
8 16
9 9
10 18
11 15
12 16
13 17
14 8
15 23
16 19
17 22
18 24
19 31
20 21
21 18
22 30
23 30
24 31
25 34
26 30
27 44
28 41
29 44
30 40
31 45
32 52
33 52
34 63
35 58
36 87
37 73
38 66
39 84
40 87
41 106
42 96
43 87
44 93
45 93
46 98
47 131
48 109
49 134
50 159
51 134
52 138
53 196
54 165
55 163
56 162
57 203
58 205
59 218
60 209
61 229
62 220
63 244
64 233
65 268
66 277
67 267
68 305
69 298
70 296
71 349
72 348
73 370
74 393
75 382
76 412
77 443
78 460
79 491
80 524
81 554
82 631
83 642
84 672
85 730
86 789
87 804
88 920
89 901
90 979
91 1028
92 1104
93 1187
94 1216
95 1362
96 1339
97 1404
98 1449
99 1428
100 1571
101 1510
102 1524
103 1586
104 1594
105 1587
106 1476
107 1460
108 1347
109 1307
110 1249
111 1150
112 1035
113 1051
114 903
115 865
116 708
117 583
118 533
119 488
120 407
121 316
122 279
123 199
124 170
125 138
126 112
127 94
128 80
129 52
130 42
131 27
132 17
133 14
134 10
135 11
136 3
137 3
138 1
140 1
248 1
262 1
301 1
436 1
