N J h mean_R_sq err_mean_R_sq mean_R_gyr_sq err_mean_R_gyr_sq 
700 0.9 0 235.431 12.6096 2731.08 11.2295
3 1
4 1
5 2
7 2
11 1
15 1
16 2
20 5
21 2
23 1
24 1
25 1
27 5
28 2
29 5
30 3
31 3
32 5
33 4
34 5
35 3
36 2
37 6
38 4
39 4
40 3
41 6
42 2
43 6
44 4
45 5
46 5
47 7
48 6
49 6
50 6
51 4
52 11
53 10
54 9
55 14
56 4
57 12
58 15
59 7
60 6
61 16
62 17
63 17
64 22
65 18
66 12
67 17
68 21
69 19
70 25
71 26
72 28
73 17
74 27
75 35
76 34
77 25
78 39
79 45
80 35
81 49
82 63
83 56
84 50
85 68
86 76
87 75
88 71
89 83
90 99
91 103
92 103
93 115
94 126
95 166
96 152
97 185
98 216
99 216
100 232
101 258
102 281
103 321
104 354
105 410
106 421
107 466
108 527
109 618
110 655
111 690
112 751
113 819
114 877
115 884
116 933
117 973
118 1056
119 1121
120 1209
121 1186
122 1245
123 1247
124 1203
125 1337
126 1215
127 1262
128 1213
129 1138
130 1121
131 1116
132 1021
133 987
134 921
135 835
136 798
137 649
138 575
139 520
140 491
141 371
142 333
143 267
144 255
145 202
146 176
147 121
148 87
149 87
150 67
151 62
152 33
153 28
154 23
155 18
156 16
157 8
158 9
159 2
160 1
161 2
162 3
163 1
164 1
166 1
255 1
278 1
383 1
