N J h mean_R_sq err_mean_R_sq mean_R_gyr_sq err_mean_R_gyr_sq 
400 0.859 0 840.016 12.6724 270.576 3.56094
0 296
1 561
2 556
3 567
4 583
5 581
6 598
7 607
8 606
9 671
10 686
11 713
12 718
13 805
14 860
15 868
16 985
17 960
18 986
19 1014
20 1036
21 1131
22 1137
23 1139
24 1163
25 1232
26 1282
27 1220
28 1295
29 1291
30 1310
31 1329
32 1370
33 1330
34 1324
35 1356
36 1376
37 1296
38 1308
39 1273
40 1250
41 1222
42 1227
43 1099
44 1116
45 987
46 949
47 913
48 864
49 840
50 739
51 718
52 659
53 589
54 519
55 495
56 432
57 406
58 357
59 348
60 273
61 206
62 248
63 176
64 144
65 126
66 78
67 94
68 78
69 60
70 42
71 48
72 32
73 31
74 26
75 21
76 14
77 14
78 10
79 7
80 6
81 4
82 2
83 4
84 1
85 2
86 2
88 1
92 1
