N J h mean_R_sq err_mean_R_sq mean_R_gyr_sq err_mean_R_gyr_sq 
700 0.863 0 1752.27 228.034 908.997 56.9766
0 41
1 104
2 106
3 111
4 112
5 114
6 119
7 115
8 120
9 109
10 133
11 124
12 120
13 135
14 110
15 129
16 135
17 165
18 134
19 178
20 162
21 183
22 176
23 192
24 212
25 200
26 200
27 200
28 221
29 228
30 252
31 273
32 257
33 295
34 289
35 319
36 300
37 331
38 337
39 338
40 323
41 380
42 385
43 450
44 407
45 430
46 417
47 438
48 477
49 463
50 447
51 472
52 494
53 479
54 508
55 569
56 516
57 528
58 477
59 503
60 544
61 583
62 542
63 512
64 502
65 518
66 533
67 516
68 527
69 542
70 491
71 501
72 541
73 531
74 501
75 471
76 474
77 484
78 481
79 419
80 433
81 472
82 422
83 402
84 348
85 384
86 358
87 332
88 311
89 311
90 280
91 288
92 261
93 228
94 205
95 220
96 188
97 196
98 182
99 156
100 146
101 139
102 112
103 102
104 88
105 100
106 84
107 71
108 43
109 54
110 56
111 36
112 48
113 29
114 37
115 19
116 17
117 24
118 18
119 7
120 10
121 4
122 9
123 7
124 2
126 2
127 1
128 1
130 1
