N J h mean_R_sq err_mean_R_sq mean_R_gyr_sq err_mean_R_gyr_sq 
600 0.875 0 1132.47 9.64596 698.699 5.66082
0 1157
1 2229
2 2244
3 2164
4 2234
5 2260
6 2352
7 2478
8 2448
9 2631
10 2740
11 2918
12 2810
13 2968
14 3096
15 3340
16 3423
17 3479
18 3788
19 4024
20 4164
21 4350
22 4502
23 4801
24 4857
25 5260
26 5350
27 5778
28 5784
29 6276
30 6453
31 6769
32 7132
33 7269
34 7742
35 7932
36 8070
37 8401
38 8759
39 9043
40 9286
41 9577
42 9726
43 10071
44 10249
45 10477
46 10865
47 10942
48 11097
49 11269
50 11470
51 11560
52 11650
53 11873
54 11873
55 11989
56 12141
57 12044
58 11957
59 12295
60 11962
61 11785
62 11792
63 11356
64 11288
65 11360
66 10886
67 10827
68 10536
69 10424
70 9971
71 9897
72 9349
73 9009
74 8580
75 8251
76 7905
77 7625
78 7255
79 6791
80 6338
81 5947
82 5650
83 5317
84 4925
85 4537
86 4272
87 4041
88 3584
89 3347
90 3123
91 2758
92 2507
93 2277
94 2052
95 1858
96 1707
97 1603
98 1307
99 1253
100 1044
101 973
102 821
103 741
104 654
105 546
106 462
107 410
108 343
109 271
110 243
111 209
112 194
113 128
114 128
115 98
116 68
117 53
118 39
119 38
120 19
121 19
122 15
123 9
124 12
125 8
126 4
127 4
128 4
129 2
130 1
131 1
