N J h mean_R_sq err_mean_R_sq mean_R_gyr_sq err_mean_R_gyr_sq 
700 0.882 0 946.41 45.1632 1502.96 37.3387
0 160
1 299
2 287
3 309
4 332
5 320
6 342
7 294
8 332
9 344
10 371
11 378
12 401
13 401
14 404
15 443
16 427
17 469
18 472
19 491
20 493
21 565
22 584
23 619
24 614
25 664
26 688
27 786
28 785
29 782
30 847
31 900
32 961
33 1015
34 1052
35 1123
36 1125
37 1186
38 1276
39 1305
40 1374
41 1491
42 1584
43 1565
44 1576
45 1721
46 1759
47 1819
48 1826
49 1943
50 1995
51 2082
52 2092
53 2165
54 2198
55 2303
56 2377
57 2368
58 2476
59 2545
60 2554
61 2639
62 2677
63 2725
64 2795
65 2822
66 2850
67 2885
68 3011
69 2885
70 3045
71 3074
72 3041
73 3121
74 2998
75 3016
76 2968
77 3055
78 3093
79 2968
80 3090
81 3023
82 2956
83 2978
84 2983
85 3083
86 2948
87 2946
88 2946
89 2864
90 2868
91 2871
92 2958
93 2830
94 2824
95 2730
96 2722
97 2832
98 2836
99 2826
100 2839
101 2752
102 2831
103 2690
104 2742
105 2853
106 2743
107 2829
108 2665
109 2744
110 2814
111 2690
112 2571
113 2590
114 2594
115 2558
116 2429
117 2274
118 2296
119 2243
120 2097
121 2045
122 1807
123 1784
124 1664
125 1526
126 1439
127 1298
128 1241
129 1054
130 913
131 873
132 804
133 621
134 569
135 499
136 410
137 368
138 285
139 251
140 195
141 135
142 130
143 87
144 95
145 51
146 51
147 35
148 28
149 23
150 9
151 8
152 1
153 4
154 4
155 3
156 2
157 1
158 1
