N J h mean_R_sq err_mean_R_sq mean_R_gyr_sq err_mean_R_gyr_sq 
550 0.859 0 1171.12 5.71981 501.559 1.90652
0 2030
1 4017
2 4113
3 4117
4 4120
5 4305
6 4364
7 4461
8 4550
9 4733
10 4757
11 5178
12 5268
13 5477
14 5705
15 5981
16 6180
17 6303
18 6775
19 7057
20 7366
21 7662
22 8034
23 8354
24 8634
25 9006
26 9449
27 9817
28 10054
29 10334
30 10689
31 11090
32 11515
33 11768
34 12199
35 12311
36 12783
37 13209
38 13229
39 13461
40 13796
41 13971
42 14121
43 14156
44 14323
45 14696
46 14666
47 14525
48 14759
49 14553
50 14426
51 14356
52 14259
53 14102
54 13965
55 13739
56 13454
57 13265
58 13067
59 12628
60 12130
61 11593
62 11375
63 10980
64 10494
65 9926
66 9428
67 9030
68 8462
69 7873
70 7493
71 6977
72 6384
73 6073
74 5417
75 5106
76 4590
77 4296
78 3719
79 3462
80 2979
81 2696
82 2490
83 2128
84 1893
85 1675
86 1422
87 1333
88 1109
89 918
90 792
91 678
92 559
93 429
94 415
95 343
96 255
97 219
98 194
99 144
100 140
101 76
102 75
103 44
104 40
105 42
106 34
107 17
108 16
109 16
110 10
111 5
112 4
113 5
115 4
116 1
117 2
118 2
123 1
124 1
125 3
