N J h mean_R_sq err_mean_R_sq mean_R_gyr_sq err_mean_R_gyr_sq 
600 0.886 0 892.441 16.7746 973.235 18.1063
0 315
1 600
2 642
3 672
4 649
5 662
6 639
7 681
8 738
9 712
10 798
11 826
12 861
13 829
14 884
15 875
16 1054
17 1052
18 1091
19 1165
20 1200
21 1260
22 1390
23 1354
24 1451
25 1548
26 1639
27 1639
28 1832
29 1878
30 1866
31 1970
32 2045
33 2163
34 2290
35 2411
36 2437
37 2673
38 2602
39 2788
40 2884
41 3030
42 3076
43 3078
44 3289
45 3311
46 3452
47 3545
48 3722
49 3750
50 3905
51 4006
52 4092
53 3998
54 4099
55 4067
56 4208
57 4226
58 4389
59 4414
60 4497
61 4588
62 4343
63 4520
64 4474
65 4445
66 4480
67 4534
68 4374
69 4508
70 4400
71 4279
72 4353
73 4254
74 4199
75 4159
76 4035
77 3967
78 3973
79 3992
80 3820
81 3718
82 3587
83 3498
84 3356
85 3205
86 3197
87 3228
88 3058
89 2963
90 2877
91 2783
92 2739
93 2627
94 2554
95 2429
96 2354
97 2133
98 2179
99 2040
100 1887
101 1754
102 1742
103 1617
104 1419
105 1355
106 1298
107 1106
108 989
109 869
110 755
111 700
112 547
113 469
114 410
115 328
116 298
117 255
118 211
119 154
120 125
121 102
122 67
123 53
124 37
125 33
126 26
127 17
128 13
129 10
130 5
131 1
133 1
134 2
135 2
140 1
