N J h mean_R_sq err_mean_R_sq mean_R_gyr_sq err_mean_R_gyr_sq 
500 0.86 0 1047.98 4.26737 466.113 1.44042
0 462
1 928
2 954
3 938
4 969
5 1041
6 1001
7 1095
8 1140
9 1091
10 1184
11 1217
12 1238
13 1295
14 1354
15 1437
16 1568
17 1552
18 1628
19 1737
20 1818
21 1904
22 1984
23 2109
24 2171
25 2182
26 2415
27 2460
28 2580
29 2671
30 2743
31 2805
32 2962
33 2945
34 3164
35 3164
36 3302
37 3350
38 3423
39 3337
40 3551
41 3538
42 3471
43 3502
44 3558
45 3681
46 3631
47 3732
48 3661
49 3678
50 3576
51 3620
52 3461
53 3439
54 3357
55 3293
56 3227
57 3160
58 2994
59 2910
60 2750
61 2666
62 2492
63 2425
64 2287
65 2085
66 1946
67 1835
68 1707
69 1546
70 1437
71 1358
72 1209
73 1144
74 1074
75 881
76 779
77 740
78 627
79 547
80 424
81 448
82 345
83 343
84 263
85 208
86 185
87 147
88 130
89 101
90 113
91 89
92 65
93 54
94 45
95 43
96 28
97 15
98 16
99 16
100 7
101 4
102 5
103 6
104 2
109 1
111 1
112 1
116 1
