N J h mean_R_sq err_mean_R_sq mean_R_gyr_sq err_mean_R_gyr_sq 
550 0.91 0 599.407 373.734 1605.91 126.031
2 1
5 2
9 1
10 1
14 1
16 1
17 2
18 1
20 1
21 1
24 1
25 2
27 4
28 1
30 1
31 2
32 1
33 2
34 1
35 1
36 2
37 2
39 4
40 4
41 3
42 4
43 1
44 1
45 1
46 2
47 4
48 6
49 2
50 3
51 6
52 7
53 6
54 5
55 5
56 7
57 5
58 15
59 8
60 9
61 11
62 12
63 11
64 12
65 15
66 11
67 12
68 10
69 13
70 21
71 30
72 20
73 26
74 24
75 27
76 39
77 29
78 38
79 43
80 36
81 37
82 42
83 49
84 59
85 46
86 63
87 55
88 70
89 59
90 77
91 56
92 63
93 64
94 54
95 64
96 52
97 69
98 56
99 64
100 61
101 50
102 36
103 50
104 26
105 38
106 27
107 27
108 25
109 16
110 15
111 12
112 7
113 5
114 7
115 6
116 6
117 3
118 2
123 1
