N J h mean_R_sq err_mean_R_sq mean_R_gyr_sq err_mean_R_gyr_sq 
3600 1.34 0 7293.59 4802.92 1567.1 757.581
457 1
459 1
463 1
464 1
465 1
466 1
467 1
470 2
471 2
472 1
473 2
474 1
475 1
477 2
478 3
479 4
480 5
481 9
482 4
483 3
484 1
485 5
486 5
487 5
488 9
489 9
490 9
491 15
492 10
493 9
494 12
495 14
496 15
497 19
498 19
499 17
500 25
501 24
502 20
503 22
504 27
505 30
506 36
507 26
508 38
509 43
510 51
511 43
512 41
513 53
514 40
515 62
516 65
517 59
518 59
519 72
520 74
521 76
522 76
523 90
524 102
525 82
526 104
527 107
528 101
529 116
530 141
531 126
532 137
533 142
534 155
535 126
536 169
537 178
538 160
539 180
540 180
541 170
542 177
543 226
544 201
545 194
546 190
547 231
548 231
549 229
550 213
551 254
552 247
553 247
554 249
555 244
556 256
557 282
558 247
559 273
560 287
561 309
562 302
563 290
564 311
565 290
566 303
567 315
568 321
569 321
570 323
571 346
572 338
573 330
574 315
575 336
576 349
577 350
578 330
579 321
580 332
581 401
582 369
583 394
584 358
585 336
586 361
587 371
588 344
589 365
590 375
591 384
592 345
593 382
594 348
595 372
596 323
597 327
598 352
599 338
600 338
601 368
602 357
603 344
604 352
605 364
606 336
607 374
608 370
609 299
610 302
611 348
612 351
613 335
614 296
615 311
616 281
617 324
618 279
619 283
620 302
621 298
622 264
623 243
624 280
625 262
626 250
627 270
628 242
629 251
630 250
631 256
632 222
633 236
634 231
635 243
636 211
637 215
638 212
639 198
640 213
641 208
642 196
643 172
644 207
645 161
646 192
647 172
648 233
649 147
650 190
651 152
652 157
653 155
654 175
655 174
656 151
657 139
658 147
659 129
660 145
661 124
662 146
663 133
664 119
665 129
666 124
667 114
668 124
669 99
670 99
671 95
672 103
673 94
674 87
675 83
676 82
677 66
678 79
679 74
680 83
681 76
682 72
683 75
684 77
685 38
686 52
687 60
688 46
689 56
690 45
691 50
692 48
693 46
694 45
695 50
696 43
697 41
698 37
699 38
700 32
701 36
702 35
703 15
704 35
705 27
706 24
707 24
708 29
709 23
710 30
711 23
712 21
713 18
714 21
715 16
716 24
717 19
718 20
719 25
720 10
721 19
722 18
723 11
724 11
725 5
726 16
727 12
728 12
729 12
730 14
731 9
732 5
733 7
734 6
735 5
736 7
737 4
738 7
739 7
740 7
741 8
742 4
743 9
744 5
745 2
746 3
747 2
748 3
749 2
750 7
751 5
752 4
753 2
754 1
755 2
756 3
757 1
758 4
759 1
761 2
763 5
766 2
768 2
770 3
778 1
805 1
872 1
960 1
975 1
976 1
988 1
991 1
1000 1
1004 1
1008 1
1014 1
1018 1
1020 1
1034 1
1036 2
1037 2
1039 2
1040 1
1044 1
1047 1
1049 1
1051 1
1055 1
1059 1
1060 1
1061 2
1065 1
1066 1
1073 2
1074 1
1075 2
1079 2
1083 2
1084 1
1085 1
1088 1
1089 1
1090 1
1093 1
1094 1
1096 1
1097 2
1100 5
1101 1
1105 1
1109 1
1110 1
1112 1
1113 2
1115 1
1116 1
1117 2
1119 1
1120 1
1121 1
1122 1
1124 1
1127 1
1128 1
1131 1
1134 1
1135 2
1139 1
1141 1
1144 2
1145 1
1149 1
1153 1
1156 2
1158 1
1159 1
1162 1
1165 1
1169 1
1189 1
1194 1
1292 1
