N J h mean_R_sq err_mean_R_sq mean_R_gyr_sq err_mean_R_gyr_sq 
4900 1.234 0 129825 28854 20754.5 5903.32
855 1
859 1
869 1
874 2
875 1
876 2
877 1
879 2
880 1
882 1
885 1
886 2
888 1
890 1
891 2
894 1
895 3
897 2
898 1
899 4
900 1
901 3
902 3
903 4
904 4
905 3
906 1
907 1
908 5
909 3
910 4
911 3
912 4
913 5
914 6
915 7
916 6
917 6
918 8
919 5
920 7
921 11
922 9
923 8
924 5
925 4
926 11
927 8
928 7
929 7
930 6
931 9
932 17
933 17
934 20
935 4
936 21
937 14
938 18
939 21
940 17
941 17
942 19
943 22
944 17
945 16
946 18
947 25
948 26
949 26
950 20
951 28
952 26
953 21
954 41
955 26
956 31
957 24
958 33
959 30
960 48
961 38
962 40
963 40
964 45
965 53
966 35
967 53
968 47
969 49
970 57
971 44
972 51
973 51
974 46
975 54
976 55
977 56
978 48
979 69
980 60
981 48
982 53
983 52
984 60
985 70
986 66
987 56
988 61
989 77
990 62
991 67
992 89
993 73
994 70
995 67
996 59
997 69
998 78
999 74
1000 62
1001 62
1002 76
1003 60
1004 54
1005 61
1006 80
1007 66
1008 68
1009 83
1010 77
1011 77
1012 69
1013 70
1014 58
1015 58
1016 62
1017 74
1018 65
1019 57
1020 72
1021 60
1022 45
1023 73
1024 65
1025 64
1026 53
1027 52
1028 53
1029 55
1030 43
1031 48
1032 54
1033 44
1034 48
1035 40
1036 36
1037 46
1038 46
1039 47
1040 36
1041 44
1042 33
1043 28
1044 30
1045 32
1046 31
1047 27
1048 20
1049 34
1050 37
1051 23
1052 26
1053 22
1054 22
1055 22
1056 22
1057 21
1058 21
1059 19
1060 16
1061 18
1062 13
1063 16
1064 21
1065 18
1066 8
1067 12
1068 7
1069 12
1070 11
1071 5
1072 11
1073 17
1074 10
1075 11
1076 8
1077 8
1078 12
1079 9
1080 10
1081 8
1082 4
1083 8
1084 4
1085 5
1086 3
1087 8
1088 4
1089 2
1090 3
1091 2
1092 3
1093 4
1094 1
1095 3
1096 1
1097 3
1098 2
1099 3
1100 7
1102 2
1103 6
1107 2
1108 1
1111 1
1112 1
1115 1
1117 2
1118 1
1119 1
1126 1
1129 1
1131 1
1146 1
