N J h mean_R_sq err_mean_R_sq mean_R_gyr_sq err_mean_R_gyr_sq 
2500 1.305 0 4578.22 952.218 980.766 166.952
1000 112
1001 120
1002 131
1003 103
1004 135
1005 86
1006 112
1007 98
1008 110
1009 84
1010 96
1011 107
1012 113
1013 98
1014 112
1015 127
1016 97
1017 102
1018 104
1019 81
1020 103
1021 77
1022 102
1023 94
1024 84
1025 86
1026 83
1027 86
1028 79
1029 81
1030 72
1031 101
1032 97
1033 78
1034 84
1035 73
1036 86
1037 95
1038 78
1039 73
1040 66
1041 66
1042 91
1043 74
1044 67
1045 79
1046 66
1047 85
1048 68
1049 79
1050 63
1051 79
1052 63
1053 79
1054 69
1055 74
1056 68
1057 66
1058 87
1059 66
1060 80
1061 71
1062 56
1063 59
1064 65
1065 56
1066 77
1067 65
1068 71
1069 51
1070 57
1071 66
1072 69
1073 75
1074 66
1075 69
1076 60
1077 58
1078 65
1079 78
1080 51
1081 61
1082 45
1083 73
1084 59
1085 45
1086 57
1087 56
1088 66
1089 62
1090 50
1091 56
1092 52
1093 59
1094 74
1095 57
1096 48
1097 52
1098 70
1099 47
1100 56
1101 62
1102 53
1103 57
1104 59
1105 63
1106 49
1107 62
1108 55
1109 63
1110 63
1111 70
1112 48
1113 43
1114 58
1115 65
1116 44
1117 58
1118 69
1119 62
1120 51
1121 42
1122 46
1123 55
1124 35
1125 43
1126 61
1127 49
1128 47
1129 45
1130 48
1131 48
1132 42
1133 50
1134 54
1135 51
1136 45
1137 49
1138 55
1139 53
1140 47
1141 51
1142 55
1143 57
1144 47
1145 53
1146 61
1147 52
1148 54
1149 50
1150 53
1151 66
1152 47
1153 50
1154 43
1155 36
1156 46
1157 47
1158 46
1159 53
1160 51
1161 39
1162 38
1163 42
1164 31
1165 44
1166 37
1167 34
1168 44
1169 47
1170 46
1171 50
1172 49
1173 42
1174 45
1175 42
1176 48
1177 56
1178 37
1179 54
1180 47
1181 33
1182 31
1183 46
1184 39
1185 38
1186 42
1187 36
1188 34
1189 46
1190 46
1191 36
1192 47
1193 36
1194 54
1195 37
1196 44
1197 40
1198 49
1199 43
1200 45
1201 52
1202 35
1203 35
1204 45
1205 24
1206 33
1207 38
1208 29
1209 33
1210 29
1211 35
1212 39
1213 38
1214 31
1215 39
1216 38
1217 37
1218 29
1219 21
1220 28
1221 36
1222 29
1223 30
1224 35
1225 26
1226 29
1227 27
1228 21
1229 39
1230 26
1231 32
1232 36
1233 43
1234 21
1235 28
1236 41
1237 35
1238 21
1239 30
1240 32
1241 45
1242 32
1243 30
1244 26
1245 27
1246 22
1247 34
1248 30
1249 27
1250 23
1251 30
1252 22
1253 35
1254 29
1255 42
1256 33
1257 24
1258 28
1259 28
1260 30
1261 21
1262 27
1263 28
1264 16
1265 31
1266 20
1267 34
1268 15
1269 19
1270 33
1271 24
1272 30
1273 26
1274 18
1275 18
1276 29
1277 20
1278 26
1279 28
1280 19
1281 24
1282 24
1283 21
1284 38
1285 27
1286 24
1287 18
1288 23
1289 19
1290 38
1291 18
1292 20
1293 15
1294 17
1295 29
1296 21
1297 19
1298 23
1299 19
1300 19
1301 17
1302 28
1303 17
1304 20
1305 14
1306 13
1307 19
1308 15
1309 16
1310 19
1311 15
1312 14
1313 19
1314 20
1315 14
1316 20
1317 15
1318 14
1319 18
1320 10
1321 12
1322 18
1323 21
1324 13
1325 15
1326 11
1327 18
1328 9
1329 22
1330 14
1331 17
1332 13
1333 14
1334 11
1335 12
1336 15
1337 16
1338 8
1339 6
1340 11
1341 13
1342 8
1343 7
1344 12
1345 12
1346 11
1347 9
1348 9
1349 9
1350 5
1351 10
1352 12
1353 7
1354 9
1355 20
1356 10
1357 7
1358 11
1359 12
1360 11
1361 4
1362 7
1363 6
1364 10
1365 4
1366 8
1367 4
1368 9
1369 11
1370 6
1371 6
1372 8
1373 5
1374 7
1375 5
1376 8
1377 4
1378 4
1379 4
1380 9
1381 7
1382 6
1383 2
1384 9
1385 2
1386 9
1387 4
1388 3
1389 7
1390 2
1391 5
1392 4
1393 6
1394 3
1395 3
1396 5
1397 4
1398 4
1399 5
1400 3
1401 2
1402 2
1403 8
1404 2
1405 8
1406 2
1407 2
1408 4
1409 2
1410 8
1411 2
1412 9
1414 2
1415 2
1416 4
1417 3
1418 6
1419 2
1420 2
1421 1
1422 1
1423 1
1424 5
1425 3
1426 4
1427 2
1428 2
1429 2
1430 1
1431 1
1432 4
1433 1
1434 7
1435 2
1436 2
1437 1
1438 3
1440 2
1441 6
1442 1
1443 2
1444 5
1445 1
1446 2
1448 2
1449 3
1450 3
1451 1
1453 1
1456 1
1460 1
1461 2
1462 4
1463 1
1464 4
1466 1
1467 1
1468 1
1472 1
1473 1
1474 1
1476 1
1477 1
1478 1
1479 1
1481 1
1484 1
1486 1
1488 1
1489 2
1491 3
1501 1
1507 1
1516 1
1527 1
1544 1
