N J h mean_R_sq err_mean_R_sq mean_R_gyr_sq err_mean_R_gyr_sq 
1600 1.29 0 13339.9 100.152 2007.26 12.0885
1000 3655
1001 3330
1002 3235
1003 2948
1004 2743
1005 2660
1006 2427
1007 2301
1008 2189
1009 1993
1010 1874
1011 1771
1012 1644
1013 1508
1014 1481
1015 1416
1016 1290
1017 1160
1018 1076
1019 1027
1020 976
1021 921
1022 881
1023 870
1024 699
1025 744
1026 646
1027 609
1028 559
1029 558
1030 589
1031 454
1032 464
1033 448
1034 424
1035 368
1036 353
1037 330
1038 314
1039 299
1040 274
1041 278
1042 242
1043 219
1044 206
1045 205
1046 210
1047 175
1048 191
1049 145
1050 140
1051 136
1052 138
1053 97
1054 116
1055 111
1056 116
1057 98
1058 106
1059 85
1060 86
1061 74
1062 79
1063 75
1064 61
1065 55
1066 51
1067 43
1068 48
1069 52
1070 53
1071 34
1072 38
1073 33
1074 35
1075 40
1076 42
1077 33
1078 29
1079 29
1080 20
1081 17
1082 20
1083 22
1084 20
1085 17
1086 18
1087 19
1088 18
1089 26
1090 12
1091 10
1092 14
1093 5
1094 10
1095 20
1096 9
1097 7
1098 9
1099 5
1100 8
1101 5
1102 6
1103 7
1104 6
1105 7
1106 4
1107 9
1108 10
1109 6
1110 6
1111 6
1112 3
1113 2
1114 2
1115 6
1116 1
1117 4
1118 1
1119 4
1120 6
1121 3
1122 2
1123 2
1124 2
1125 5
1126 2
1127 3
1128 3
1129 1
1130 1
1131 2
1132 4
1133 4
1134 3
1135 1
1136 4
1137 3
1139 1
1140 2
1141 2
1142 3
1144 2
1145 1
1146 1
1147 2
1148 1
1158 1
1159 2
1160 1
1161 1
1165 2
1169 1
1170 1
1176 1
1192 1
1200 1
1207 1
1241 1
1244 1
1254 1
1313 1
