N J h mean_R_sq err_mean_R_sq mean_R_gyr_sq err_mean_R_gyr_sq 
4900 1.35 0 16359.8 13398.4 3675.07 2610.54
223 1
243 1
246 2
256 1
260 1
261 2
266 1
267 2
269 1
270 1
272 2
274 1
275 1
277 3
278 3
279 4
280 1
281 1
282 3
283 2
284 1
285 4
286 2
287 1
288 1
289 1
290 4
291 2
293 3
294 2
295 5
296 4
297 5
299 3
300 3
301 5
302 3
303 2
304 3
305 3
306 6
307 3
308 4
309 4
310 3
311 8
312 7
313 2
314 5
315 6
316 5
317 6
318 1
319 7
320 10
321 8
322 9
323 2
324 2
325 5
326 6
327 8
328 8
329 9
330 6
331 2
332 6
333 8
334 7
335 9
336 6
337 6
338 5
339 5
340 8
341 11
342 13
343 7
344 12
345 11
346 4
347 6
348 9
349 6
350 14
351 12
352 9
353 7
354 8
355 14
356 16
357 16
358 15
359 13
360 13
361 8
362 21
363 7
364 17
365 12
366 7
367 12
368 16
369 11
370 6
371 15
372 19
373 15
374 10
375 18
376 15
377 10
378 12
379 25
380 17
381 15
382 15
383 19
384 14
385 12
386 12
387 19
388 14
389 16
390 13
391 18
392 11
393 13
394 18
395 18
396 19
397 17
398 16
399 15
400 18
401 12
402 18
403 16
404 20
405 19
406 17
407 13
408 13
409 13
410 18
411 16
412 11
413 15
414 18
415 23
416 15
417 17
418 24
419 14
420 18
421 20
422 18
423 20
424 24
425 16
426 25
427 21
428 17
429 24
430 17
431 16
432 21
433 24
434 11
435 17
436 27
437 24
438 19
439 26
440 26
441 29
442 18
443 25
444 23
445 15
446 22
447 24
448 20
449 17
450 26
451 19
452 23
453 19
454 24
455 20
456 27
457 25
458 22
459 21
460 25
461 22
462 20
463 26
464 21
465 21
466 21
467 28
468 29
469 21
470 27
471 26
472 27
473 16
474 28
475 14
476 21
477 16
478 25
479 22
480 22
481 26
482 24
483 21
484 31
485 31
486 16
487 23
488 19
489 20
490 29
491 27
492 21
493 29
494 19
495 20
496 28
497 20
498 18
499 36
500 24
501 22
502 38
503 25
504 30
505 27
506 28
507 39
508 25
509 15
510 21
511 29
512 19
513 16
514 24
515 17
516 29
517 16
518 27
519 22
520 21
521 26
522 32
523 25
524 19
525 32
526 22
527 20
528 32
529 20
530 32
531 25
532 28
533 26
534 14
535 31
536 17
537 26
538 22
539 25
540 26
541 21
542 29
543 22
544 27
545 17
546 36
547 30
548 22
549 21
550 35
551 22
552 20
553 18
554 34
555 21
556 23
557 31
558 28
559 22
560 19
561 24
562 20
563 19
564 32
565 31
566 19
567 33
568 24
569 27
570 30
571 30
572 28
573 21
574 22
575 27
576 21
577 26
578 27
579 29
580 22
581 25
582 32
583 22
584 28
585 21
586 26
587 34
588 21
589 26
590 28
591 32
592 16
593 29
594 21
595 22
596 17
597 21
598 22
599 28
600 27
601 28
602 30
603 25
604 21
605 22
606 31
607 33
608 28
609 24
610 23
611 27
612 19
613 24
614 19
615 25
616 26
617 22
618 12
619 27
620 19
621 16
622 29
623 21
624 18
625 25
626 32
627 26
628 20
629 20
630 27
631 21
632 24
633 29
634 22
635 15
636 19
637 24
638 21
639 27
640 24
641 19
642 24
643 18
644 25
645 25
646 24
647 20
648 20
649 19
650 19
651 17
652 24
653 22
654 24
655 26
656 23
657 31
658 18
659 28
660 31
661 23
662 22
663 25
664 25
665 34
666 28
667 20
668 19
669 10
670 19
671 21
672 24
673 20
674 27
675 27
676 25
677 27
678 24
679 25
680 29
681 20
682 29
683 18
684 24
685 24
686 28
687 21
688 25
689 28
690 27
691 26
692 20
693 15
694 13
695 22
696 17
697 27
698 28
699 20
700 26
701 19
702 20
703 29
704 16
705 25
706 28
707 24
708 18
709 20
710 18
711 14
712 35
713 22
714 28
715 29
716 18
717 19
718 20
719 26
720 28
721 25
722 13
723 26
724 30
725 16
726 28
727 19
728 21
729 12
730 26
731 21
732 22
733 22
734 20
735 20
736 26
737 31
738 21
739 15
740 20
741 22
742 18
743 35
744 25
745 26
746 27
747 18
748 18
749 23
750 27
751 15
752 20
753 33
754 23
755 21
756 24
757 23
758 27
759 26
760 20
761 26
762 20
763 22
764 19
765 23
766 21
767 32
768 26
769 18
770 15
771 23
772 28
773 34
774 25
775 20
776 22
777 26
778 23
779 26
780 22
781 24
782 16
783 22
784 28
785 16
786 20
787 25
788 26
789 21
790 18
791 24
792 14
793 20
794 12
795 15
796 23
797 24
798 24
799 26
800 18
801 12
802 25
803 11
804 22
805 21
806 19
807 25
808 28
809 17
810 23
811 24
812 25
813 20
814 23
815 24
816 18
817 13
818 19
819 26
820 16
821 17
822 22
823 25
824 22
825 20
826 20
827 19
828 25
829 23
830 15
831 17
832 24
833 31
834 23
835 21
836 18
837 23
838 22
839 17
840 19
841 26
842 19
843 13
844 28
845 21
846 13
847 21
848 21
849 15
850 24
851 19
852 21
853 21
854 28
855 19
856 24
857 21
858 22
859 15
860 25
861 16
862 25
863 19
864 18
865 27
866 17
867 16
868 24
869 18
870 23
871 17
872 21
873 16
874 19
875 21
876 19
877 22
878 17
879 20
880 25
881 30
882 22
883 17
884 20
885 13
886 19
887 17
888 24
889 21
890 17
891 21
892 18
893 14
894 18
895 23
896 29
897 24
898 14
899 23
900 15
901 20
902 19
903 21
904 17
905 19
906 24
907 20
908 14
909 16
910 16
911 15
912 22
913 17
914 24
915 15
916 22
917 16
918 16
919 17
920 16
921 15
922 25
923 23
924 23
925 24
926 31
927 20
928 16
929 15
930 21
931 30
932 14
933 31
934 23
935 25
936 24
937 18
938 17
939 18
940 16
941 17
942 24
943 24
944 19
945 24
946 20
947 13
948 22
949 15
950 21
951 27
952 29
953 24
954 23
955 22
956 18
957 24
958 19
959 15
960 20
961 22
962 19
963 15
964 20
965 18
966 20
967 20
968 14
969 16
970 18
971 20
972 15
973 19
974 33
975 14
976 21
977 21
978 15
979 23
980 23
981 19
982 16
983 21
984 18
985 13
986 20
987 31
988 19
989 23
990 17
991 19
992 19
993 19
994 20
995 18
996 21
997 13
998 14
999 25
1000 25
1001 29
1002 21
1003 17
1004 25
1005 25
1006 19
1007 25
1008 21
1009 13
1010 20
1011 19
1012 27
1013 23
1014 23
1015 22
1016 14
1017 25
1018 20
1019 31
1020 22
1021 23
1022 16
1023 17
1024 14
1025 16
1026 14
1027 22
1028 14
1029 18
1030 14
1031 16
1032 20
1033 20
1034 22
1035 24
1036 13
1037 19
1038 19
1039 17
1040 16
1041 22
1042 18
1043 17
1044 23
1045 21
1046 17
1047 27
1048 33
1049 14
1050 16
1051 19
1052 13
1053 19
1054 28
1055 19
1056 24
1057 17
1058 17
1059 23
1060 18
1061 32
1062 24
1063 19
1064 18
1065 24
1066 19
1067 18
1068 16
1069 19
1070 16
1071 21
1072 14
1073 25
1074 24
1075 19
1076 21
1077 18
1078 19
1079 18
1080 17
1081 16
1082 20
1083 24
1084 18
1085 19
1086 20
1087 21
1088 22
1089 21
1090 19
1091 24
1092 21
1093 22
1094 25
1095 17
1096 24
1097 23
1098 21
1099 20
1100 19
1101 23
1102 15
1103 19
1104 23
1105 24
1106 17
1107 25
1108 24
1109 15
1110 19
1111 24
1112 15
1113 26
1114 17
1115 19
1116 20
1117 21
1118 23
1119 21
1120 21
1121 23
1122 22
1123 23
1124 26
1125 21
1126 14
1127 21
1128 22
1129 20
1130 23
1131 25
1132 26
1133 22
1134 19
1135 22
1136 15
1137 24
1138 20
1139 27
1140 28
1141 15
1142 25
1143 19
1144 23
1145 16
1146 18
1147 12
1148 15
1149 19
1150 27
1151 20
1152 22
1153 19
1154 20
1155 17
1156 15
1157 20
1158 21
1159 19
1160 19
1161 19
1162 21
1163 20
1164 19
1165 29
1166 22
1167 26
1168 19
1169 26
1170 21
1171 26
1172 19
1173 19
1174 19
1175 22
1176 30
1177 17
1178 22
1179 24
1180 31
1181 21
1182 21
1183 16
1184 31
1185 21
1186 32
1187 17
1188 28
1189 19
1190 20
1191 21
1192 25
1193 24
1194 22
1195 20
1196 24
1197 22
1198 20
1199 22
1200 25
1201 23
1202 19
1203 17
1204 16
1205 19
1206 27
1207 15
1208 25
1209 18
1210 20
1211 20
1212 25
1213 16
1214 19
1215 21
1216 22
1217 25
1218 21
1219 24
1220 23
1221 19
1222 26
1223 26
1224 29
1225 20
1226 19
1227 20
1228 17
1229 28
1230 19
1231 22
1232 20
1233 24
1234 18
1235 25
1236 25
1237 22
1238 23
1239 24
1240 19
1241 21
1242 17
1243 27
1244 23
1245 19
1246 26
1247 19
1248 17
1249 24
1250 20
1251 16
1252 16
1253 21
1254 26
1255 22
1256 18
1257 17
1258 28
1259 18
1260 24
1261 25
1262 26
1263 30
1264 18
1265 24
1266 22
1267 30
1268 27
1269 23
1270 16
1271 24
1272 22
1273 24
1274 15
1275 32
1276 30
1277 25
1278 25
1279 22
1280 26
1281 24
1282 32
1283 18
1284 25
1285 33
1286 18
1287 24
1288 28
1289 22
1290 22
1291 18
1292 21
1293 13
1294 30
1295 33
1296 20
1297 23
1298 20
1299 23
1300 21
1301 23
1302 24
1303 25
1304 16
1305 21
1306 19
1307 28
1308 21
1309 19
1310 33
1311 25
1312 18
1313 19
1314 20
1315 14
1316 31
1317 25
1318 18
1319 20
1320 22
1321 28
1322 24
1323 20
1324 23
1325 28
1326 28
1327 28
1328 28
1329 26
1330 21
1331 34
1332 22
1333 21
1334 30
1335 19
1336 29
1337 26
1338 17
1339 26
1340 21
1341 24
1342 25
1343 20
1344 28
1345 25
1346 22
1347 25
1348 17
1349 24
1350 24
1351 24
1352 22
1353 28
1354 29
1355 29
1356 27
1357 29
1358 14
1359 29
1360 21
1361 22
1362 17
1363 30
1364 24
1365 22
1366 34
1367 29
1368 26
1369 23
1370 17
1371 25
1372 24
1373 25
1374 31
1375 20
1376 22
1377 19
1378 26
1379 27
1380 24
1381 29
1382 24
1383 27
1384 27
1385 17
1386 33
1387 23
1388 23
1389 32
1390 17
1391 22
1392 23
1393 27
1394 24
1395 18
1396 19
1397 27
1398 27
1399 32
1400 23
1401 31
1402 32
1403 32
1404 27
1405 21
1406 28
1407 25
1408 27
1409 22
1410 28
1411 27
1412 20
1413 21
1414 23
1415 17
1416 27
1417 18
1418 18
1419 28
1420 19
1421 26
1422 25
1423 26
1424 29
1425 27
1426 24
1427 25
1428 24
1429 24
1430 25
1431 28
1432 27
1433 27
1434 26
1435 27
1436 23
1437 27
1438 23
1439 21
1440 20
1441 17
1442 20
1443 19
1444 22
1445 27
1446 26
1447 14
1448 38
1449 34
1450 31
1451 26
1452 22
1453 24
1454 28
1455 33
1456 23
1457 28
1458 24
1459 28
1460 31
1461 27
1462 22
1463 21
1464 20
1465 23
1466 32
1467 22
1468 31
1469 17
1470 29
1471 25
1472 30
1473 29
1474 20
1475 28
1476 27
1477 39
1478 23
1479 23
1480 32
1481 26
1482 34
1483 18
1484 21
1485 21
1486 22
1487 20
1488 22
1489 27
1490 22
1491 26
1492 24
1493 25
1494 23
1495 21
1496 27
1497 22
1498 27
1499 24
1500 19
1501 28
1502 33
1503 25
1504 26
1505 26
1506 23
1507 21
1508 24
1509 27
1510 21
1511 24
1512 31
1513 17
1514 26
1515 22
1516 23
1517 28
1518 26
1519 31
1520 22
1521 23
1522 20
1523 31
1524 26
1525 22
1526 26
1527 16
1528 25
1529 20
1530 27
1531 15
1532 25
1533 34
1534 19
1535 21
1536 21
1537 22
1538 21
1539 26
1540 15
1541 22
1542 20
1543 23
1544 28
1545 37
1546 18
1547 32
1548 22
1549 19
1550 26
1551 20
1552 17
1553 19
1554 31
1555 25
1556 18
1557 31
1558 28
1559 21
1560 22
1561 23
1562 21
1563 23
1564 32
1565 19
1566 23
1567 24
1568 30
1569 23
1570 26
1571 15
1572 29
1573 19
1574 22
1575 23
1576 26
1577 17
1578 19
1579 16
1580 28
1581 14
1582 16
1583 26
1584 10
1585 21
1586 17
1587 17
1588 32
1589 18
1590 30
1591 19
1592 16
1593 20
1594 15
1595 19
1596 16
1597 10
1598 19
1599 25
1600 16
1601 14
1602 17
1603 16
1604 17
1605 17
1606 17
1607 25
1608 14
1609 17
1610 15
1611 17
1612 15
1613 18
1614 15
1615 9
1616 12
1617 17
1618 10
1619 6
1620 19
1621 12
1622 21
1623 11
1624 14
1625 8
1626 8
1627 13
1628 20
1629 12
1630 11
1631 15
1632 8
1633 16
1634 17
1635 11
1636 10
1637 12
1638 8
1639 13
1640 8
1641 12
1642 8
1643 10
1644 8
1645 9
1646 16
1647 10
1648 7
1649 8
1650 14
1651 13
1652 10
1653 12
1654 10
1655 6
1656 6
1657 10
1658 8
1659 7
1660 9
1661 4
1662 5
1663 7
1664 9
1665 7
1666 8
1667 5
1668 6
1669 8
1670 9
1671 6
1672 4
1673 9
1674 4
1675 5
1676 6
1677 5
1678 4
1679 4
1680 7
1681 3
1682 3
1683 7
1684 2
1685 1
1686 7
1687 2
1688 4
1689 6
1690 2
1691 2
1692 7
1693 3
1695 5
1696 4
1698 2
1699 1
1700 1
1701 4
1702 5
1705 1
1706 4
1707 3
1708 1
1709 2
1710 1
1711 1
1712 2
1713 1
1714 1
1715 3
1716 2
1717 1
1718 2
1719 3
1720 1
1722 1
1723 1
1724 1
1725 1
1726 1
1727 1
1734 2
1735 1
1737 1
1738 2
1742 1
1743 2
1746 1
1750 1
1752 2
1753 1
1756 1
1757 1
1764 1
