N J h mean_R_sq err_mean_R_sq mean_R_gyr_sq err_mean_R_gyr_sq 
1600 1.28 0 14719.8 142.263 2193.47 17.7524
1000 2376
1001 2280
1002 2086
1003 1963
1004 1737
1005 1652
1006 1495
1007 1455
1008 1381
1009 1183
1010 1122
1011 1055
1012 968
1013 923
1014 820
1015 767
1016 687
1017 637
1018 657
1019 623
1020 541
1021 497
1022 418
1023 437
1024 376
1025 377
1026 339
1027 336
1028 297
1029 269
1030 262
1031 260
1032 193
1033 188
1034 179
1035 196
1036 153
1037 152
1038 163
1039 139
1040 119
1041 116
1042 117
1043 105
1044 104
1045 100
1046 76
1047 86
1048 80
1049 70
1050 55
1051 53
1052 60
1053 48
1054 48
1055 37
1056 43
1057 40
1058 27
1059 32
1060 27
1061 32
1062 32
1063 24
1064 22
1065 19
1066 10
1067 20
1068 12
1069 17
1070 20
1071 12
1072 9
1073 14
1074 9
1075 9
1076 12
1077 7
1078 8
1079 6
1080 9
1081 8
1082 8
1083 5
1084 4
1085 2
1086 10
1087 8
1088 2
1089 5
1090 6
1091 5
1092 2
1093 4
1094 3
1096 4
1097 1
1098 2
1099 3
1100 4
1101 2
1102 1
1103 1
1106 3
1109 1
1111 2
1112 1
1114 2
1115 1
1116 1
1119 2
1120 1
1121 1
1123 1
1124 1
1132 2
1139 1
1147 1
