N J h mean_R_sq err_mean_R_sq mean_R_gyr_sq err_mean_R_gyr_sq 
2500 1.3 0 26683.6 4140.71 4102.91 699.337
647 1
649 1
689 1
717 1
728 1
740 1
741 1
745 1
762 3
767 1
769 1
770 1
772 1
773 2
776 1
777 1
784 1
787 2
788 2
789 1
793 2
796 2
798 1
799 1
800 1
802 1
805 2
806 2
807 1
809 1
810 3
811 3
812 2
813 2
814 3
816 1
817 1
820 1
822 1
823 1
825 4
826 5
827 2
828 3
829 2
830 3
831 2
832 4
833 1
834 1
835 3
836 3
837 3
838 3
839 3
840 3
841 7
842 2
843 4
844 2
845 3
846 4
847 3
848 3
849 2
850 2
851 3
852 4
853 1
854 6
855 2
856 4
857 1
858 2
859 6
860 4
861 3
862 3
863 5
864 4
865 9
866 3
867 4
868 5
869 5
870 6
871 7
872 5
873 8
874 6
875 3
876 6
877 3
878 6
879 9
880 8
881 13
882 10
883 4
884 10
885 9
886 9
887 8
888 14
889 4
890 8
891 13
892 2
893 4
894 10
895 7
896 6
897 7
898 8
899 8
900 9
901 16
902 10
903 3
904 9
905 11
906 7
907 12
908 10
909 11
910 10
911 9
912 13
913 8
914 12
915 14
916 15
917 11
918 15
919 15
920 14
921 8
922 16
923 12
924 12
925 20
926 13
927 26
928 15
929 12
930 12
931 11
932 10
933 17
934 17
935 12
936 16
937 18
938 19
939 16
940 21
941 20
942 12
943 23
944 13
945 13
946 13
947 19
948 22
949 23
950 14
951 14
952 16
953 13
954 20
955 14
956 20
957 17
958 17
959 20
960 17
961 20
962 21
963 25
964 19
965 15
966 17
967 15
968 22
969 18
970 20
971 23
972 22
973 16
974 17
975 17
976 24
977 14
978 22
979 16
980 17
981 14
982 25
983 22
984 17
985 12
986 24
987 17
988 22
989 19
990 22
991 28
992 22
993 19
994 23
995 15
996 22
997 27
998 26
999 24
1000 27
1001 19
1002 16
1003 21
1004 20
1005 26
1006 39
1007 26
1008 25
1009 24
1010 21
1011 24
1012 20
1013 16
1014 15
1015 31
1016 30
1017 19
1018 24
1019 17
1020 15
1021 18
1022 16
1023 23
1024 15
1025 23
1026 22
1027 17
1028 22
1029 24
1030 25
1031 23
1032 16
1033 20
1034 25
1035 16
1036 20
1037 15
1038 19
1039 19
1040 18
1041 18
1042 18
1043 21
1044 20
1045 12
1046 21
1047 14
1048 17
1049 10
1050 23
1051 14
1052 17
1053 14
1054 23
1055 22
1056 12
1057 16
1058 16
1059 16
1060 20
1061 9
1062 13
1063 16
1064 13
1065 17
1066 10
1067 8
1068 9
1069 11
1070 16
1071 14
1072 16
1073 15
1074 15
1075 13
1076 16
1077 12
1078 14
1079 8
1080 6
1081 10
1082 8
1083 6
1084 14
1085 12
1086 11
1087 11
1088 16
1089 10
1090 8
1091 7
1092 6
1093 14
1094 6
1095 12
1096 7
1097 8
1098 10
1099 9
1100 14
1101 8
1102 8
1103 7
1104 8
1105 8
1106 8
1107 10
1108 9
1109 5
1110 5
1111 8
1112 10
1113 7
1114 6
1115 2
1116 4
1117 10
1118 7
1119 7
1120 6
1121 11
1122 8
1123 9
1124 9
1125 10
1126 2
1127 8
1128 6
1129 4
1130 6
1131 8
1132 6
1133 3
1134 8
1135 4
1136 1
1137 3
1138 4
1139 3
1140 5
1141 6
1142 9
1143 5
1144 3
1145 3
1146 4
1147 4
1148 5
1149 1
1150 4
1151 4
1152 4
1153 5
1154 1
1155 5
1156 5
1157 2
1158 3
1159 1
1161 2
1162 1
1163 4
1164 5
1165 2
1166 2
1167 1
1168 6
1169 2
1170 4
1172 4
1173 4
1175 4
1176 2
1178 3
1182 1
1184 2
1185 2
1186 1
1187 1
1188 3
1189 1
1190 1
1191 3
1193 2
1194 1
1195 2
1196 1
1197 3
1199 3
1203 1
1204 2
1206 1
1209 1
1211 1
1212 1
1216 1
1219 1
1220 1
1225 1
1228 1
1232 3
1233 2
1234 1
1236 1
1237 1
1238 1
1241 1
1242 1
1244 2
1246 1
1248 1
1252 1
1260 1
1262 1
1264 1
1290 1
1311 1
1312 1
1316 1
1322 1
1333 1
