N J h mean_R_sq err_mean_R_sq mean_R_gyr_sq err_mean_R_gyr_sq 
2500 1.3 0 21731.3 392.853 3286.49 59.161
631 1
643 1
653 1
659 1
665 1
684 1
686 1
691 1
692 1
694 1
695 1
697 1
699 2
701 1
713 1
715 1
716 3
719 1
722 1
728 1
729 1
731 1
734 1
735 2
736 2
737 1
740 1
741 1
742 1
744 4
745 1
747 2
748 1
749 2
750 1
751 2
752 1
753 2
755 4
756 3
757 1
758 2
759 2
760 1
761 1
762 4
763 1
764 5
765 3
766 2
767 1
768 3
769 4
770 4
771 3
772 2
773 4
774 1
775 3
776 3
777 3
778 4
779 3
780 3
781 9
782 1
783 3
784 2
785 4
786 3
787 3
788 6
789 7
790 3
791 2
792 4
793 2
794 4
795 4
796 4
797 4
798 7
799 6
800 8
801 6
802 3
803 2
804 5
805 4
806 12
807 4
808 2
809 5
810 8
811 6
812 5
813 7
814 7
815 10
816 9
817 10
818 9
819 11
820 7
821 9
822 10
823 6
824 9
825 7
826 8
827 5
828 10
829 5
830 9
831 9
832 11
833 4
834 15
835 16
836 7
837 14
838 11
839 13
840 9
841 15
842 16
843 14
844 14
845 14
846 12
847 27
848 18
849 23
850 26
851 20
852 15
853 21
854 19
855 21
856 20
857 28
858 23
859 30
860 25
861 22
862 32
863 26
864 28
865 33
866 37
867 28
868 42
869 26
870 34
871 38
872 52
873 41
874 39
875 47
876 39
877 42
878 52
879 55
880 60
881 52
882 68
883 51
884 63
885 65
886 53
887 62
888 66
889 67
890 69
891 72
892 77
893 84
894 78
895 86
896 73
897 96
898 100
899 101
900 92
901 103
902 120
903 103
904 120
905 130
906 126
907 135
908 107
909 132
910 123
911 112
912 143
913 140
914 145
915 147
916 162
917 171
918 153
919 169
920 185
921 187
922 181
923 174
924 196
925 242
926 195
927 191
928 227
929 232
930 253
931 241
932 245
933 271
934 274
935 271
936 274
937 279
938 307
939 307
940 331
941 333
942 316
943 368
944 369
945 391
946 363
947 336
948 398
949 383
950 395
951 402
952 403
953 414
954 411
955 440
956 450
957 441
958 410
959 444
960 486
961 489
962 475
963 503
964 486
965 538
966 506
967 504
968 528
969 537
970 571
971 560
972 549
973 603
974 557
975 565
976 617
977 631
978 642
979 601
980 616
981 625
982 606
983 641
984 646
985 607
986 635
987 559
988 610
989 649
990 624
991 598
992 638
993 646
994 650
995 676
996 627
997 596
998 651
999 590
1000 637
1001 629
1002 617
1003 706
1004 636
1005 621
1006 649
1007 598
1008 609
1009 626
1010 625
1011 583
1012 577
1013 575
1014 564
1015 544
1016 533
1017 545
1018 545
1019 532
1020 496
1021 537
1022 434
1023 445
1024 465
1025 469
1026 443
1027 437
1028 408
1029 433
1030 388
1031 404
1032 369
1033 373
1034 394
1035 391
1036 357
1037 339
1038 351
1039 319
1040 286
1041 293
1042 240
1043 229
1044 258
1045 257
1046 231
1047 223
1048 220
1049 197
1050 190
1051 185
1052 164
1053 175
1054 164
1055 161
1056 153
1057 141
1058 152
1059 116
1060 107
1061 127
1062 110
1063 115
1064 91
1065 97
1066 85
1067 77
1068 84
1069 57
1070 57
1071 65
1072 59
1073 48
1074 67
1075 47
1076 33
1077 39
1078 39
1079 30
1080 46
1081 34
1082 34
1083 31
1084 23
1085 24
1086 28
1087 18
1088 22
1089 17
1090 21
1091 13
1092 16
1093 10
1094 12
1095 9
1096 8
1097 3
1098 5
1099 6
1100 4
1101 3
1102 3
1103 6
1104 2
1105 5
1106 4
1107 2
1109 3
1110 2
1111 2
1112 2
1113 3
1115 2
1116 1
1117 1
1118 1
1119 1
1120 3
1122 1
1126 1
1127 1
1129 1
1136 1
1145 1
1152 1
1189 1
1193 1
1246 1
1288 1
