N J h mean_R_sq err_mean_R_sq mean_R_gyr_sq err_mean_R_gyr_sq 
4900 1.28 0 85428.4 8387.4 13018.2 1819.51
1000 13865
1001 11146
1002 8923
1003 6981
1004 5591
1005 4460
1006 3629
1007 2880
1008 2322
1009 1879
1010 1431
1011 1124
1012 933
1013 770
1014 560
1015 463
1016 427
1017 304
1018 245
1019 227
1020 159
1021 131
1022 119
1023 90
1024 62
1025 66
1026 47
1027 25
1028 26
1029 16
1030 18
1031 16
1032 12
1033 11
1034 7
1035 8
1036 4
1037 3
1038 2
1039 1
1040 1
1041 2
1043 2
1044 1
1046 2
1047 1
1048 1
1050 1
1054 1
1063 1
