N J h mean_R_sq err_mean_R_sq mean_R_gyr_sq err_mean_R_gyr_sq 
2500 1.28 0 33083.5 4141.43 4881.62 665.926
1000 447
1001 382
1002 374
1003 337
1004 277
1005 251
1006 225
1007 196
1008 181
1009 168
1010 172
1011 124
1012 111
1013 94
1014 104
1015 72
1016 82
1017 45
1018 70
1019 58
1020 47
1021 51
1022 46
1023 30
1024 37
1025 30
1026 18
1027 13
1028 16
1029 14
1030 21
1031 6
1032 5
1033 6
1034 6
1035 8
1036 7
1037 2
1038 8
1039 3
1040 7
1041 6
1042 4
1043 3
1044 5
1046 2
1047 2
1048 2
1049 5
1051 4
1052 2
1053 1
1054 1
1055 2
1058 1
1060 2
1061 1
1064 1
1066 1
