N J h mean_R_sq err_mean_R_sq mean_R_gyr_sq err_mean_R_gyr_sq 
2500 1.295 0 23714 436.347 3566.92 69.5424
1000 5904
1001 5548
1002 4865
1003 4405
1004 3997
1005 3826
1006 3342
1007 3153
1008 2845
1009 2581
1010 2339
1011 2097
1012 1936
1013 1814
1014 1636
1015 1487
1016 1391
1017 1311
1018 1180
1019 1071
1020 991
1021 880
1022 826
1023 718
1024 705
1025 597
1026 579
1027 512
1028 506
1029 447
1030 390
1031 354
1032 368
1033 297
1034 305
1035 253
1036 242
1037 218
1038 194
1039 182
1040 185
1041 132
1042 139
1043 131
1044 120
1045 123
1046 114
1047 105
1048 104
1049 85
1050 69
1051 85
1052 69
1053 67
1054 55
1055 49
1056 43
1057 40
1058 34
1059 38
1060 44
1061 29
1062 32
1063 42
1064 21
1065 30
1066 21
1067 25
1068 30
1069 22
1070 23
1071 19
1072 14
1073 10
1074 10
1075 14
1076 13
1077 11
1078 12
1079 12
1080 11
1081 7
1082 8
1083 8
1084 7
1085 8
1086 1
1087 3
1088 6
1089 6
1090 6
1091 5
1092 7
1093 10
1094 3
1095 7
1096 4
1097 2
1098 2
1099 1
1100 1
1101 4
1102 3
1103 4
1104 2
1105 2
1106 3
1107 1
1108 1
1109 3
1110 3
1112 1
1113 2
1114 2
1116 2
1117 2
1119 3
1122 4
1124 1
1125 3
1127 3
1128 3
1129 1
1130 1
1131 1
1132 1
1133 1
1134 1
1136 1
1137 1
1147 1
1153 1
1159 1
1162 1
1165 1
1170 1
1181 1
1210 1
1214 1
1241 1
