N J h mean_R_sq err_mean_R_sq mean_R_gyr_sq err_mean_R_gyr_sq 
1600 1.23 0 20617.9 154.888 2976.53 15.3635
1000 3891
1001 3443
1002 3069
1003 2702
1004 2347
1005 2109
1006 1783
1007 1603
1008 1462
1009 1280
1010 1151
1011 982
1012 869
1013 743
1014 652
1015 601
1016 497
1017 486
1018 410
1019 378
1020 325
1021 262
1022 251
1023 210
1024 185
1025 181
1026 170
1027 150
1028 126
1029 114
1030 105
1031 78
1032 79
1033 64
1034 60
1035 63
1036 46
1037 42
1038 31
1039 38
1040 24
1041 25
1042 26
1043 17
1044 14
1045 17
1046 11
1047 9
1048 16
1049 11
1050 12
1051 16
1052 9
1053 7
1054 7
1055 4
1056 3
1057 4
1058 5
1059 2
1060 4
1062 1
1063 3
1064 1
1065 2
1066 2
1067 2
1068 1
1069 2
1074 1
