N J h mean_R_sq err_mean_R_sq mean_R_gyr_sq err_mean_R_gyr_sq 
1600 1.325 0 4968.53 76.029 873.856 11.4802
527 1
529 1
536 1
540 2
545 1
547 1
550 1
552 2
553 2
554 3
555 1
556 1
557 1
558 3
559 3
561 1
563 3
564 4
565 2
566 3
567 7
568 4
569 1
570 2
571 1
572 1
573 1
574 3
575 6
576 4
577 3
578 10
579 1
580 5
581 6
582 5
583 5
584 4
585 8
586 7
587 4
588 4
589 10
590 14
591 6
592 11
593 7
594 12
595 9
596 8
597 9
598 9
599 14
600 7
601 11
602 16
603 11
604 11
605 11
606 16
607 14
608 16
609 22
610 21
611 19
612 23
613 14
614 21
615 19
616 15
617 19
618 21
619 22
620 22
621 20
622 26
623 22
624 26
625 31
626 30
627 31
628 22
629 25
630 26
631 37
632 30
633 30
634 43
635 27
636 23
637 37
638 40
639 43
640 46
641 47
642 39
643 39
644 45
645 41
646 46
647 56
648 48
649 46
650 55
651 50
652 52
653 46
654 57
655 61
656 77
657 72
658 75
659 57
660 59
661 67
662 75
663 58
664 63
665 66
666 67
667 76
668 79
669 75
670 55
671 87
672 83
673 78
674 97
675 82
676 92
677 93
678 102
679 91
680 101
681 96
682 100
683 94
684 93
685 85
686 95
687 88
688 102
689 107
690 96
691 113
692 103
693 111
694 111
695 128
696 106
697 105
698 128
699 138
700 143
701 135
702 126
703 150
704 128
705 128
706 113
707 137
708 147
709 149
710 136
711 129
712 148
713 152
714 142
715 141
716 154
717 176
718 147
719 140
720 159
721 161
722 180
723 171
724 172
725 170
726 147
727 160
728 144
729 179
730 175
731 182
732 170
733 167
734 189
735 200
736 177
737 190
738 178
739 184
740 168
741 193
742 187
743 196
744 206
745 188
746 204
747 209
748 210
749 194
750 203
751 191
752 201
753 216
754 203
755 180
756 215
757 199
758 188
759 220
760 209
761 202
762 217
763 227
764 221
765 206
766 229
767 232
768 211
769 208
770 225
771 238
772 228
773 240
774 226
775 229
776 232
777 229
778 235
779 235
780 235
781 219
782 246
783 224
784 255
785 238
786 225
787 263
788 236
789 251
790 241
791 239
792 225
793 260
794 233
795 242
796 258
797 238
798 264
799 253
800 217
801 239
802 275
803 224
804 260
805 262
806 255
807 254
808 262
809 241
810 250
811 279
812 224
813 262
814 283
815 257
816 268
817 287
818 260
819 258
820 253
821 290
822 301
823 256
824 269
825 275
826 269
827 269
828 277
829 278
830 246
831 271
832 284
833 251
834 289
835 296
836 283
837 300
838 283
839 272
840 281
841 279
842 245
843 281
844 276
845 288
846 258
847 300
848 301
849 253
850 244
851 301
852 288
853 271
854 269
855 310
856 280
857 287
858 262
859 259
860 292
861 277
862 289
863 307
864 278
865 260
866 302
867 275
868 270
869 283
870 292
871 291
872 268
873 252
874 285
875 274
876 285
877 313
878 280
879 307
880 257
881 299
882 285
883 275
884 288
885 290
886 262
887 269
888 258
889 281
890 284
891 288
892 248
893 256
894 277
895 289
896 285
897 287
898 268
899 263
900 246
901 279
902 250
903 260
904 286
905 240
906 258
907 281
908 270
909 261
910 251
911 269
912 235
913 267
914 236
915 261
916 254
917 254
918 249
919 248
920 235
921 256
922 232
923 253
924 250
925 230
926 249
927 255
928 236
929 266
930 211
931 235
932 238
933 235
934 232
935 219
936 251
937 200
938 222
939 216
940 211
941 206
942 190
943 216
944 191
945 224
946 173
947 168
948 179
949 172
950 157
951 186
952 200
953 159
954 169
955 180
956 154
957 153
958 170
959 158
960 151
961 153
962 154
963 171
964 124
965 114
966 159
967 126
968 123
969 146
970 117
971 144
972 152
973 116
974 124
975 128
976 114
977 124
978 103
979 100
980 101
981 98
982 95
983 95
984 82
985 103
986 102
987 85
988 99
989 97
990 88
991 76
992 77
993 83
994 74
995 68
996 76
997 59
998 70
999 62
1000 50
1001 61
1002 60
1003 55
1004 51
1005 39
1006 52
1007 49
1008 40
1009 55
1010 44
1011 33
1012 43
1013 36
1014 41
1015 37
1016 33
1017 24
1018 32
1019 31
1020 29
1021 34
1022 26
1023 26
1024 26
1025 29
1026 26
1027 26
1028 17
1029 19
1030 19
1031 21
1032 16
1033 20
1034 18
1035 18
1036 11
1037 15
1038 17
1039 11
1040 11
1041 8
1042 7
1043 10
1044 8
1045 20
1046 6
1047 15
1048 9
1049 4
1050 7
1051 7
1053 5
1054 6
1055 5
1056 3
1057 4
1058 4
1059 2
1060 5
1061 6
1062 3
1063 1
1064 6
1065 3
1067 4
1068 3
1069 2
1070 1
1071 4
1072 1
1073 1
1077 2
1078 1
1079 1
1080 2
1083 1
1086 2
1087 2
1090 1
1093 1
1102 1
1108 1
1122 1
1125 1
1133 1
1134 1
1179 1
