N J h mean_R_sq err_mean_R_sq mean_R_gyr_sq err_mean_R_gyr_sq 
1600 1.32 0 6396.42 125.216 1075.93 16.6547
370 1
379 1
391 1
408 1
415 1
416 1
419 1
421 1
422 2
425 1
437 3
440 1
441 1
446 2
448 1
449 1
450 1
452 1
457 2
458 1
460 1
461 1
462 1
464 2
465 3
467 1
468 2
472 1
477 1
485 1
488 1
491 1
492 1
493 1
494 1
496 1
498 1
499 1
500 1
501 2
502 1
503 2
504 1
508 1
510 1
511 3
513 1
514 4
516 1
517 1
520 1
521 4
522 1
525 2
526 1
527 1
528 2
530 1
531 2
533 1
534 3
536 1
537 1
538 2
539 1
540 3
541 3
542 3
543 3
544 3
545 4
546 1
547 3
548 3
549 2
550 1
551 2
553 1
554 3
555 3
556 1
557 3
559 3
560 1
561 5
562 3
563 3
564 1
565 1
566 4
567 3
568 1
569 1
572 4
573 2
574 2
575 4
576 1
577 1
578 2
579 2
580 3
581 4
582 2
583 4
584 2
585 4
586 2
587 4
588 1
589 2
590 4
591 2
592 5
593 5
594 4
595 2
596 1
597 5
598 7
599 5
600 4
601 5
603 2
604 1
605 3
606 6
607 3
608 2
609 3
610 4
611 4
612 2
613 4
614 3
615 4
616 4
617 7
618 4
619 4
620 4
621 2
622 3
623 3
624 7
625 5
626 5
627 3
628 3
629 3
630 4
631 6
632 7
633 9
634 3
635 5
636 6
637 5
638 4
639 9
640 7
641 4
642 2
643 2
644 4
645 3
646 4
647 4
648 5
649 2
650 9
651 4
652 6
653 7
654 6
655 6
656 7
657 6
658 4
659 7
660 6
661 4
662 7
663 5
664 5
665 3
666 9
667 5
668 3
669 4
670 6
671 7
672 5
673 6
674 9
675 6
676 5
677 10
678 2
679 8
680 9
681 1
682 8
683 5
684 7
685 7
686 2
687 8
688 5
689 14
690 10
691 8
692 17
693 8
694 8
695 11
696 6
697 6
698 12
699 8
700 12
701 7
702 10
703 10
704 13
705 6
706 8
707 9
708 4
709 12
710 11
711 7
712 12
713 16
714 9
715 9
716 6
717 10
718 6
719 8
720 12
721 11
722 13
723 13
724 10
725 9
726 10
727 7
728 14
729 9
730 14
731 7
732 14
733 12
734 16
735 15
736 19
737 12
738 8
739 13
740 15
741 13
742 14
743 17
744 18
745 15
746 13
747 11
748 12
749 17
750 22
751 16
752 16
753 15
754 14
755 18
756 21
757 10
758 8
759 11
760 10
761 16
762 15
763 16
764 22
765 10
766 23
767 16
768 18
769 10
770 13
771 16
772 18
773 16
774 21
775 9
776 19
777 16
778 25
779 16
780 18
781 16
782 16
783 14
784 13
785 27
786 25
787 15
788 18
789 18
790 22
791 23
792 17
793 25
794 18
795 27
796 13
797 22
798 15
799 19
800 21
801 24
802 23
803 21
804 21
805 20
806 25
807 24
808 20
809 26
810 23
811 27
812 25
813 34
814 31
815 42
816 28
817 25
818 24
819 25
820 25
821 21
822 29
823 16
824 32
825 20
826 26
827 29
828 28
829 26
830 29
831 27
832 20
833 29
834 38
835 32
836 27
837 32
838 27
839 29
840 23
841 30
842 28
843 30
844 41
845 25
846 37
847 29
848 31
849 29
850 34
851 32
852 40
853 38
854 43
855 39
856 32
857 32
858 41
859 37
860 35
861 27
862 46
863 28
864 30
865 27
866 40
867 44
868 50
869 28
870 40
871 45
872 43
873 38
874 41
875 26
876 43
877 46
878 34
879 36
880 38
881 47
882 44
883 42
884 28
885 29
886 45
887 45
888 46
889 32
890 46
891 32
892 36
893 44
894 42
895 48
896 53
897 38
898 34
899 73
900 51
901 49
902 31
903 40
904 56
905 44
906 38
907 55
908 34
909 46
910 44
911 44
912 50
913 53
914 41
915 33
916 44
917 48
918 45
919 44
920 43
921 40
922 46
923 41
924 47
925 56
926 49
927 49
928 60
929 44
930 56
931 49
932 57
933 62
934 58
935 45
936 64
937 55
938 47
939 40
940 62
941 49
942 47
943 51
944 50
945 57
946 60
947 58
948 59
949 65
950 40
951 52
952 55
953 63
954 57
955 59
956 55
957 42
958 58
959 52
960 57
961 59
962 60
963 59
964 55
965 61
966 66
967 60
968 51
969 52
970 56
971 63
972 59
973 60
974 58
975 78
976 50
977 59
978 54
979 60
980 59
981 63
982 58
983 65
984 53
985 66
986 48
987 59
988 62
989 66
990 61
991 64
992 55
993 56
994 51
995 56
996 55
997 66
998 50
999 59
1000 53
1001 52
1002 64
1003 59
1004 54
1005 64
1006 56
1007 54
1008 55
1009 49
1010 60
1011 63
1012 44
1013 67
1014 61
1015 58
1016 68
1017 53
1018 61
1019 57
1020 45
1021 56
1022 66
1023 61
1024 65
1025 66
1026 48
1027 73
1028 50
1029 62
1030 52
1031 61
1032 64
1033 50
1034 68
1035 64
1036 55
1037 59
1038 49
1039 47
1040 68
1041 53
1042 64
1043 77
1044 56
1045 66
1046 65
1047 50
1048 56
1049 81
1050 50
1051 68
1052 61
1053 60
1054 56
1055 54
1056 57
1057 62
1058 51
1059 61
1060 58
1061 50
1062 41
1063 51
1064 62
1065 49
1066 56
1067 47
1068 49
1069 52
1070 49
1071 49
1072 43
1073 53
1074 40
1075 53
1076 53
1077 46
1078 49
1079 56
1080 57
1081 56
1082 37
1083 58
1084 42
1085 46
1086 52
1087 45
1088 52
1089 50
1090 51
1091 49
1092 52
1093 43
1094 54
1095 40
1096 48
1097 46
1098 46
1099 45
1100 42
1101 41
1102 24
1103 45
1104 48
1105 34
1106 57
1107 43
1108 39
1109 38
1110 50
1111 53
1112 35
1113 37
1114 46
1115 39
1116 48
1117 46
1118 42
1119 55
1120 50
1121 39
1122 29
1123 61
1124 48
1125 42
1126 45
1127 42
1128 44
1129 32
1130 34
1131 46
1132 25
1133 29
1134 40
1135 43
1136 27
1137 34
1138 25
1139 33
1140 44
1141 35
1142 38
1143 38
1144 40
1145 36
1146 36
1147 26
1148 44
1149 37
1150 31
1151 36
1152 31
1153 28
1154 36
1155 26
1156 23
1157 29
1158 34
1159 31
1160 26
1161 28
1162 25
1163 39
1164 19
1165 28
1166 31
1167 32
1168 30
1169 29
1170 28
1171 28
1172 25
1173 19
1174 30
1175 21
1176 24
1177 33
1178 26
1179 33
1180 26
1181 27
1182 24
1183 31
1184 31
1185 23
1186 14
1187 30
1188 26
1189 26
1190 16
1191 25
1192 23
1193 21
1194 15
1195 20
1196 22
1197 22
1198 26
1199 21
1200 28
1201 18
1202 21
1203 20
1204 27
1205 20
1206 24
1207 33
1208 18
1209 18
1210 17
1211 19
1212 23
1213 17
1214 16
1215 14
1216 15
1217 13
1218 19
1219 13
1220 19
1221 21
1222 28
1223 15
1224 15
1225 20
1226 24
1227 27
1228 17
1229 19
1230 16
1231 21
1232 12
1233 12
1234 19
1235 18
1236 17
1237 20
1238 21
1239 15
1240 19
1241 17
1242 18
1243 17
1244 14
1245 15
1246 11
1247 9
1248 17
1249 10
1250 20
1251 12
1252 9
1253 12
1254 15
1255 14
1256 12
1257 16
1258 15
1259 17
1260 13
1261 13
1262 9
1263 10
1264 12
1265 12
1266 12
1267 12
1268 20
1269 16
1270 8
1271 13
1272 10
1273 9
1274 11
1275 16
1276 11
1277 8
1278 12
1279 10
1280 5
1281 12
1282 9
1283 11
1284 6
1285 8
1286 9
1287 10
1288 9
1289 8
1290 12
1291 6
1292 3
1293 8
1294 14
1295 7
1296 11
1297 9
1298 12
1299 9
1300 9
1301 13
1302 8
1303 6
1304 9
1305 11
1306 10
1307 3
1308 8
1309 7
1310 7
1311 7
1312 8
1313 7
1314 8
1315 10
1316 5
1317 10
1318 10
1319 8
1320 4
1321 4
1322 8
1323 2
1324 9
1325 7
1326 3
1327 7
1328 8
1329 6
1330 4
1331 2
1332 12
1333 13
1334 5
1335 7
1336 4
1337 7
1338 13
1339 13
1340 9
1341 9
1342 10
1343 4
1344 10
1345 6
1346 9
1347 4
1348 3
1349 5
1350 9
1351 9
1352 6
1353 5
1354 2
1355 5
1356 3
1357 2
1358 5
1359 6
1360 5
1361 6
1362 6
1363 1
1364 6
1365 2
1366 3
1367 5
1368 5
1369 4
1370 1
1371 5
1372 4
1373 1
1374 5
1375 1
1376 2
1377 3
1378 4
1379 3
1380 4
1381 1
1382 7
1383 2
1384 5
1385 3
1386 5
1387 4
1388 6
1389 5
1390 2
1391 2
1392 5
1393 2
1394 4
1395 3
1396 6
1397 5
1398 8
1399 3
1400 3
1401 5
1402 3
1403 3
1404 5
1405 5
1406 1
1407 3
1408 4
1409 1
1410 2
1411 7
1412 3
1413 3
1414 3
1415 1
1416 4
1417 1
1418 4
1419 1
1420 4
1421 4
1422 2
1423 4
1424 1
1425 4
1426 4
1427 2
1428 2
1429 3
1430 1
1431 1
1432 3
1433 2
1434 2
1435 1
1436 3
1438 1
1439 6
1441 1
1442 3
1443 5
1444 2
1445 2
1446 2
1447 2
1448 3
1449 1
1450 2
1451 2
1452 1
1454 3
1455 4
1456 1
1457 1
1458 2
1460 3
1461 2
1462 1
1463 1
1464 2
1465 3
1466 1
1467 2
1468 1
1469 2
1470 1
1471 1
1472 2
1474 1
1475 3
1476 1
1477 3
1479 2
1480 1
1481 3
1482 1
1484 2
1487 2
1488 2
1489 3
1490 2
1494 2
1495 1
1496 1
1497 1
1498 1
1499 1
1500 1
1501 1
1502 2
1503 2
1504 2
1508 1
1509 2
1511 1
1512 2
1515 1
1516 1
1517 1
1519 1
1525 1
1530 2
1532 3
1536 2
1537 1
1539 1
1542 1
1546 1
1547 1
1552 1
1555 2
1558 1
1563 1
1564 1
1568 1
1569 1
1573 1
1576 1
1582 1
1589 1
1590 1
1605 1
1616 1
1618 1
1638 1
1649 1
