N J h mean_R_sq err_mean_R_sq mean_R_gyr_sq err_mean_R_gyr_sq 
2500 1.315 0 10974.9 324.895 1790.82 46.1859
292 1
325 1
339 1
355 1
357 1
371 1
383 1
389 1
391 1
394 1
395 1
396 1
397 1
399 1
401 1
402 1
404 1
406 1
407 1
412 1
414 1
416 3
417 1
418 1
421 1
428 3
429 1
432 1
435 1
437 1
438 1
439 1
440 2
441 1
442 2
443 1
445 3
446 3
451 2
453 2
454 3
455 1
456 3
457 1
458 3
460 1
461 1
462 2
463 1
464 2
465 2
469 1
471 4
472 1
473 4
475 2
476 2
477 3
478 3
479 1
480 2
481 3
482 8
483 2
484 2
485 5
486 1
487 3
488 3
489 5
490 5
491 5
492 1
493 6
494 3
495 1
496 5
497 4
498 1
499 6
500 2
501 3
503 4
504 1
505 2
506 3
507 2
509 5
510 2
511 4
512 4
513 4
514 6
515 4
516 3
517 7
518 3
520 2
521 3
522 6
523 1
524 8
525 3
526 3
527 3
528 3
529 5
530 3
531 2
532 3
533 3
534 3
535 2
536 2
537 3
538 6
539 4
540 4
541 5
542 2
543 7
544 2
545 4
546 2
547 4
548 5
549 5
550 3
551 8
552 6
553 5
554 3
555 2
556 3
557 7
558 6
559 9
560 6
561 4
562 5
564 7
565 6
566 8
567 8
568 5
569 7
570 6
571 12
572 9
573 6
574 7
575 6
576 9
577 7
578 8
579 8
580 4
581 5
582 10
583 4
584 14
585 3
586 5
587 8
588 5
589 6
590 8
591 6
592 9
593 8
594 10
595 3
596 6
597 6
598 10
599 10
600 11
601 4
602 8
603 8
604 7
605 6
606 10
607 4
608 13
609 8
610 9
611 11
612 8
613 6
614 9
615 13
616 12
617 9
618 9
619 7
620 6
621 11
622 14
623 8
624 11
625 12
626 11
627 2
628 7
629 9
630 12
631 7
632 12
633 8
634 10
635 12
636 9
637 10
638 8
639 11
640 16
641 11
642 15
643 8
644 10
645 10
646 18
647 14
648 10
649 20
650 13
651 10
652 8
653 9
654 17
655 14
656 13
657 7
658 9
659 10
660 14
661 10
662 15
663 14
664 9
665 16
666 12
667 20
668 15
669 11
670 12
671 16
672 11
673 15
674 12
675 17
676 11
677 14
678 15
679 22
680 25
681 26
682 15
683 12
684 17
685 18
686 17
687 16
688 11
689 16
690 21
691 17
692 15
693 11
694 14
695 13
696 15
697 14
698 23
699 13
700 14
701 18
702 21
703 10
704 12
705 21
706 19
707 15
708 17
709 23
710 20
711 18
712 27
713 10
714 15
715 15
716 16
717 20
718 20
719 18
720 22
721 23
722 21
723 19
724 16
725 16
726 17
727 18
728 16
729 21
730 14
731 20
732 25
733 26
734 20
735 25
736 23
737 16
738 25
739 33
740 21
741 19
742 24
743 28
744 27
745 31
746 21
747 30
748 28
749 38
750 22
751 27
752 22
753 21
754 34
755 19
756 28
757 19
758 18
759 29
760 23
761 15
762 23
763 23
764 27
765 36
766 35
767 40
768 25
769 38
770 26
771 34
772 30
773 46
774 29
775 30
776 34
777 29
778 22
779 30
780 40
781 37
782 26
783 38
784 33
785 33
786 35
787 34
788 41
789 23
790 27
791 31
792 37
793 41
794 30
795 44
796 31
797 40
798 31
799 39
800 34
801 46
802 30
803 37
804 45
805 29
806 40
807 44
808 46
809 41
810 51
811 48
812 40
813 46
814 46
815 43
816 44
817 48
818 45
819 39
820 44
821 47
822 53
823 45
824 48
825 42
826 46
827 57
828 61
829 46
830 67
831 50
832 51
833 62
834 39
835 49
836 53
837 50
838 48
839 56
840 56
841 52
842 55
843 55
844 46
845 46
846 54
847 44
848 65
849 61
850 52
851 62
852 44
853 57
854 42
855 71
856 66
857 50
858 70
859 58
860 71
861 58
862 80
863 64
864 67
865 67
866 62
867 62
868 79
869 67
870 53
871 58
872 86
873 63
874 69
875 69
876 71
877 80
878 60
879 74
880 76
881 74
882 85
883 66
884 84
885 59
886 95
887 79
888 74
889 81
890 81
891 85
892 61
893 85
894 85
895 73
896 89
897 88
898 85
899 93
900 94
901 80
902 88
903 83
904 118
905 98
906 90
907 82
908 100
909 90
910 100
911 92
912 83
913 88
914 91
915 119
916 100
917 110
918 81
919 110
920 105
921 92
922 106
923 118
924 98
925 106
926 107
927 100
928 126
929 121
930 111
931 94
932 101
933 103
934 112
935 115
936 111
937 97
938 133
939 108
940 121
941 119
942 114
943 111
944 91
945 108
946 107
947 117
948 118
949 98
950 103
951 122
952 113
953 137
954 122
955 124
956 125
957 108
958 122
959 121
960 135
961 129
962 130
963 117
964 146
965 122
966 119
967 109
968 128
969 123
970 137
971 117
972 137
973 129
974 130
975 126
976 128
977 140
978 143
979 137
980 125
981 133
982 129
983 125
984 136
985 124
986 127
987 119
988 134
989 112
990 129
991 139
992 129
993 131
994 147
995 131
996 135
997 128
998 120
999 118
1000 148
1001 118
1002 128
1003 139
1004 149
1005 120
1006 132
1007 135
1008 133
1009 142
1010 157
1011 119
1012 128
1013 128
1014 141
1015 121
1016 122
1017 127
1018 128
1019 111
1020 128
1021 127
1022 137
1023 139
1024 129
1025 145
1026 119
1027 122
1028 114
1029 140
1030 119
1031 117
1032 118
1033 155
1034 124
1035 139
1036 124
1037 139
1038 112
1039 133
1040 133
1041 132
1042 112
1043 132
1044 135
1045 128
1046 138
1047 120
1048 115
1049 130
1050 104
1051 110
1052 126
1053 107
1054 114
1055 119
1056 133
1057 116
1058 100
1059 130
1060 99
1061 109
1062 126
1063 107
1064 121
1065 106
1066 108
1067 121
1068 104
1069 98
1070 97
1071 101
1072 107
1073 130
1074 98
1075 146
1076 108
1077 94
1078 101
1079 112
1080 104
1081 119
1082 98
1083 94
1084 116
1085 87
1086 98
1087 96
1088 92
1089 106
1090 101
1091 108
1092 96
1093 88
1094 95
1095 96
1096 79
1097 82
1098 80
1099 97
1100 85
1101 79
1102 93
1103 103
1104 80
1105 105
1106 88
1107 92
1108 77
1109 75
1110 76
1111 86
1112 71
1113 66
1114 92
1115 80
1116 76
1117 68
1118 85
1119 71
1120 70
1121 81
1122 94
1123 70
1124 79
1125 75
1126 87
1127 79
1128 63
1129 68
1130 79
1131 62
1132 78
1133 89
1134 70
1135 67
1136 77
1137 66
1138 78
1139 73
1140 56
1141 52
1142 72
1143 58
1144 62
1145 50
1146 80
1147 50
1148 58
1149 59
1150 66
1151 50
1152 62
1153 65
1154 53
1155 38
1156 53
1157 50
1158 39
1159 58
1160 49
1161 42
1162 65
1163 61
1164 72
1165 57
1166 46
1167 47
1168 45
1169 51
1170 38
1171 41
1172 45
1173 60
1174 50
1175 41
1176 44
1177 30
1178 42
1179 41
1180 44
1181 36
1182 57
1183 35
1184 36
1185 48
1186 38
1187 47
1188 49
1189 42
1190 39
1191 39
1192 32
1193 37
1194 45
1195 52
1196 40
1197 39
1198 27
1199 37
1200 31
1201 35
1202 31
1203 37
1204 49
1205 37
1206 32
1207 29
1208 41
1209 37
1210 32
1211 38
1212 37
1213 23
1214 29
1215 35
1216 29
1217 36
1218 29
1219 42
1220 33
1221 28
1222 30
1223 30
1224 38
1225 31
1226 24
1227 33
1228 26
1229 15
1230 24
1231 26
1232 32
1233 27
1234 31
1235 30
1236 30
1237 21
1238 35
1239 23
1240 26
1241 36
1242 20
1243 19
1244 25
1245 24
1246 27
1247 19
1248 24
1249 26
1250 17
1251 16
1252 36
1253 21
1254 25
1255 25
1256 16
1257 24
1258 28
1259 24
1260 24
1261 36
1262 30
1263 24
1264 25
1265 17
1266 16
1267 26
1268 25
1269 18
1270 19
1271 17
1272 25
1273 28
1274 21
1275 23
1276 22
1277 21
1278 19
1279 20
1280 13
1281 21
1282 14
1283 24
1284 20
1285 23
1286 16
1287 11
1288 15
1289 21
1290 20
1291 17
1292 13
1293 6
1294 18
1295 16
1296 14
1297 18
1298 12
1299 17
1300 18
1301 17
1302 19
1303 27
1304 14
1305 15
1306 19
1307 12
1308 11
1309 17
1310 11
1311 15
1312 14
1313 17
1314 16
1315 17
1316 14
1317 17
1318 10
1319 14
1320 18
1321 17
1322 11
1323 14
1324 11
1325 12
1326 8
1327 13
1328 16
1329 11
1330 18
1331 12
1332 12
1333 10
1334 18
1335 10
1336 11
1337 10
1338 18
1339 9
1340 6
1341 6
1342 7
1343 19
1344 12
1345 10
1346 6
1347 10
1348 6
1349 14
1350 20
1351 11
1352 8
1353 11
1354 11
1355 14
1356 13
1357 9
1358 10
1359 13
1360 11
1361 15
1362 12
1363 11
1364 9
1365 7
1366 11
1367 6
1368 12
1369 13
1370 14
1371 12
1372 5
1373 13
1374 8
1375 6
1376 8
1377 6
1378 9
1379 11
1380 7
1381 8
1382 10
1383 12
1384 7
1385 5
1386 6
1387 10
1388 8
1389 6
1390 9
1391 12
1392 9
1393 6
1394 5
1395 8
1396 10
1397 4
1398 6
1399 7
1400 6
1401 11
1402 2
1403 8
1404 8
1405 5
1406 8
1407 6
1408 15
1409 9
1410 5
1411 10
1412 9
1413 8
1414 7
1415 8
1416 4
1417 6
1418 6
1419 3
1420 6
1421 8
1422 5
1423 4
1424 8
1425 2
1426 4
1427 6
1428 10
1429 12
1430 7
1431 6
1432 8
1433 8
1434 7
1435 7
1436 3
1437 4
1438 6
1439 10
1440 3
1441 5
1442 5
1443 8
1444 8
1445 5
1446 3
1447 9
1448 3
1449 4
1450 3
1451 6
1452 3
1453 4
1454 6
1456 4
1457 3
1458 3
1459 7
1460 3
1461 3
1462 3
1463 5
1464 4
1465 6
1466 4
1467 2
1468 3
1469 1
1471 8
1472 8
1473 3
1474 6
1475 6
1476 4
1477 3
1478 1
1479 4
1480 5
1481 4
1482 5
1483 3
1484 3
1485 1
1486 1
1488 2
1489 5
1490 2
1491 3
1492 2
1493 4
1494 4
1495 3
1496 4
1497 2
1498 4
1499 6
1500 2
1501 5
1502 3
1503 1
1505 2
1506 4
1507 1
1508 2
1509 3
1510 6
1512 1
1513 4
1514 1
1515 1
1516 1
1517 2
1519 4
1521 1
1523 1
1525 4
1527 2
1528 1
1529 1
1531 1
1532 1
1533 1
1534 1
1536 1
1539 1
1540 3
1546 3
1547 1
1549 1
1551 1
1552 1
1557 2
1558 1
1559 2
1563 3
1565 1
1566 1
1567 1
1569 2
1570 1
1571 1
1573 2
1574 2
1575 1
1576 2
1578 1
1581 1
1582 1
1583 1
1584 1
1585 2
1586 1
1588 2
1591 1
1592 1
1593 1
1595 1
1596 1
1597 1
1599 2
1600 2
1604 1
1605 2
1608 1
1609 2
1610 1
1611 1
1612 1
1616 1
1620 1
1629 1
1640 1
1644 1
1647 1
1670 1
1675 1
1700 1
