N J h mean_R_sq err_mean_R_sq mean_R_gyr_sq err_mean_R_gyr_sq 
3600 1.29 0 44858.8 1392.65 6586.03 220.862
1000 7997
1001 6751
1002 5968
1003 5067
1004 4475
1005 3854
1006 3385
1007 2805
1008 2492
1009 2194
1010 1933
1011 1582
1012 1422
1013 1248
1014 1130
1015 958
1016 753
1017 663
1018 574
1019 537
1020 462
1021 414
1022 330
1023 341
1024 274
1025 264
1026 189
1027 174
1028 158
1029 146
1030 139
1031 95
1032 108
1033 88
1034 83
1035 56
1036 71
1037 44
1038 40
1039 31
1040 32
1041 31
1042 34
1043 20
1044 23
1045 17
1046 17
1047 13
1048 11
1049 10
1050 9
1051 4
1052 11
1053 5
1054 7
1055 4
1056 8
1057 5
1058 3
1059 2
1060 1
1061 4
1062 2
1063 3
1064 2
1065 1
1066 2
1067 3
1069 2
1071 1
1072 1
1074 1
1075 4
1076 1
1078 1
1080 2
1085 2
1091 1
1103 1
