N J h mean_R_sq err_mean_R_sq mean_R_gyr_sq err_mean_R_gyr_sq 
2500 1.275 0 35917.2 4460.83 5378.84 735.999
1000 415
1001 417
1002 356
1003 340
1004 280
1005 278
1006 207
1007 170
1008 156
1009 159
1010 124
1011 110
1012 101
1013 95
1014 80
1015 79
1016 61
1017 50
1018 46
1019 44
1020 30
1021 25
1022 33
1023 30
1024 37
1025 17
1026 12
1027 14
1028 15
1029 6
1030 7
1031 8
1032 10
1033 6
1034 8
1035 6
1036 10
1037 8
1038 5
1039 3
1040 4
1041 2
1042 4
1043 2
1044 4
1045 4
1046 1
1047 1
1048 2
1049 2
1050 1
1051 1
1054 1
1056 2
1057 1
1058 2
1064 1
1067 1
1072 1
1080 1
