N J h mean_R_sq err_mean_R_sq mean_R_gyr_sq err_mean_R_gyr_sq 
3600 1.23 0 71926.8 3190.1 10383.9 538.376
1 1
65 1
73 2
85 2
89 1
97 1
125 1
137 1
145 1
153 1
169 1
221 1
225 1
229 1
241 1
269 1
277 1
293 2
305 1
325 2
337 1
353 2
365 1
373 1
377 1
405 1
409 1
425 1
477 1
505 2
545 3
569 1
577 1
585 2
593 3
605 1
613 1
617 1
625 1
629 1
653 1
677 1
689 1
697 2
709 1
725 2
729 1
761 1
765 2
797 1
821 2
833 1
841 2
845 2
865 1
873 1
901 1
905 1
925 3
929 1
949 1
953 2
977 1
985 2
1009 2
1013 1
1025 4
1037 1
1073 2
1089 1
1097 1
1105 2
1109 1
1125 1
1145 2
1153 1
1157 2
1165 3
1189 3
1201 1
1205 1
1213 1
1217 1
1225 1
1233 1
1237 2
1241 3
1261 2
1285 1
1325 1
1341 1
1345 1
1369 1
1373 1
1381 1
1385 1
1405 3
1409 2
1417 4
1421 1
1433 2
1445 1
1453 1
1465 1
1469 2
1489 3
1513 2
1517 3
1521 1
1525 2
1553 2
1565 1
1573 1
1585 1
1609 1
1625 3
1665 1
1685 1
1693 2
1697 1
1717 2
1721 1
1733 1
1737 2
1753 1
1765 1
1773 1
1777 1
1781 1
1805 1
1845 4
1865 1
1873 1
1885 1
1913 1
1921 1
1961 2
1973 1
1989 1
2005 1
2017 2
2025 2
2029 2
2045 3
2053 1
2057 2
2061 1
2081 1
2089 2
2097 2
2113 2
2125 1
2129 1
2137 1
2153 1
2161 1
2169 1
2173 2
2197 2
2221 2
2225 2
2245 1
2249 1
2257 1
2293 3
2297 2
2305 3
2333 1
2341 1
2353 1
2377 1
2381 2
2393 1
2401 1
2405 4
2421 1
2441 1
2465 3
2477 1
2501 1
2509 2
2525 3
2561 3
2593 1
2601 1
2617 2
2645 2
2665 2
2669 1
2677 2
2701 1
2705 2
2713 2
2725 2
2729 1
2745 1
2749 2
2753 2
2785 2
2789 3
2813 2
2825 2
2833 1
2845 2
2857 1
2873 3
2885 1
2897 2
2925 6
2953 1
2957 2
2965 3
2969 1
2989 2
3001 1
3025 1
3029 3
3037 2
3049 3
3061 2
3065 1
3077 3
3109 1
3121 1
3125 3
3133 1
3161 1
3169 1
3185 1
3205 1
3233 2
3249 1
3253 1
3257 2
3265 2
3277 2
3281 2
3285 2
3293 1
3301 1
3341 1
3349 2
3357 3
3361 1
3365 2
3373 1
3385 1
3393 2
3413 3
3425 2
3445 6
3449 1
3457 1
3469 1
3481 2
3485 5
3501 1
3509 1
3517 1
3529 2
3545 2
3557 1
3577 1
3581 1
3589 2
3593 1
3601 1
3609 2
3613 1
3625 1
3637 1
3645 1
3649 2
3653 1
3681 1
3697 1
3721 3
3725 1
3737 2
3757 1
3761 1
3769 2
3785 1
3797 2
3805 3
3825 2
3869 2
3877 1
3889 1
3917 1
3925 1
3929 1
3961 3
3965 5
3973 1
3989 1
4005 4
4013 1
4021 1
4033 1
4045 1
4057 1
4069 1
4105 4
4113 1
4121 2
4129 2
4141 4
4149 1
4153 1
4157 1
4165 2
4181 3
4201 1
4205 4
4217 1
4225 3
4229 1
4241 2
4261 1
4265 3
4273 1
4289 1
4293 1
4325 3
4329 1
4357 1
4361 1
4365 1
4373 2
4381 2
4437 3
4441 1
4453 1
4469 2
4481 1
4493 1
4505 6
4517 2
4525 1
4537 2
4549 1
4561 1
4573 2
4581 2
4589 1
4597 1
4625 3
4633 2
4645 3
4673 2
4685 2
4689 3
4693 1
4717 2
4721 2
4729 1
4745 4
4753 1
4765 1
4777 2
4797 2
4801 1
4813 1
4817 1
4825 1
4849 2
4901 1
4905 1
4909 1
4913 2
4933 1
4937 1
4941 1
4949 4
4961 1
4969 1
4985 2
5017 2
5045 1
5057 1
5065 1
5069 1
5077 2
5085 1
5105 2
5113 1
5121 2
5125 1
5141 1
5161 2
5165 1
5185 4
5189 3
5209 1
5245 1
5265 1
5281 1
5297 2
5305 3
5333 2
5337 1
5353 2
5365 2
5381 2
5413 2
5429 2
5437 3
5445 1
5473 1
5521 3
5525 11
5537 1
5545 1
5569 1
5585 1
5597 1
5617 3
5625 2
5629 1
5641 1
5653 1
5657 2
5661 1
5689 1
5693 1
5701 1
5713 3
5717 1
5725 4
5733 1
5737 1
5741 1
5749 2
5765 3
5777 2
5785 1
5809 1
5825 3
5869 1
5877 3
5897 1
5913 1
5933 2
5941 2
5965 1
5989 4
5993 3
6025 2
6057 1
6065 1
6073 2
6085 1
6089 1
6101 1
6109 1
6133 1
6137 3
6161 1
6165 2
6185 4
6201 1
6205 3
6221 1
6253 3
6269 1
6305 2
6309 2
6317 2
6337 1
6341 2
6353 3
6361 1
6373 1
6385 1
6389 1
6401 3
6409 3
6421 1
6425 2
6437 2
6445 3
6449 1
6485 1
6497 2
6505 1
6525 1
6529 2
6553 2
6565 2
6569 2
6581 1
6597 2
6613 1
6625 1
6637 2
6641 2
6649 3
6653 1
6661 1
6697 1
6701 1
6705 1
6709 2
6725 2
6737 1
6749 3
6757 2
6761 1
6773 2
6793 1
6805 1
6817 1
6829 1
6845 4
6849 1
6865 1
6869 2
6885 2
6893 1
6905 1
6917 2
6921 3
6925 3
6929 4
6949 1
6989 1
7013 1
7025 2
7033 1
7045 1
7057 1
7065 3
7085 1
7093 1
7105 1
7109 1
7137 1
7141 2
7145 1
7157 3
7165 1
7173 1
7209 1
7213 2
7225 5
7229 2
7237 2
7241 2
7253 1
7261 4
7265 2
7281 1
7289 2
7309 1
7325 1
7345 1
7349 1
7361 1
7369 1
7373 1
7381 1
7393 1
7397 3
7405 2
7445 2
7461 1
7465 4
7477 1
7489 2
7501 1
7517 1
7537 6
7549 2
7565 6
7569 3
7577 1
7585 3
7589 1
7605 1
7621 1
7625 5
7633 1
7649 2
7673 1
7677 1
7685 5
7693 1
7713 1
7717 1
7745 1
7757 1
7769 3
7785 1
7789 5
7793 1
7801 3
7813 3
7825 5
7829 1
7837 4
7857 3
7865 3
7873 1
7877 1
7893 2
7921 2
7925 2
7929 1
7933 2
7937 2
7957 2
7969 1
7985 1
8005 1
8017 2
8021 1
8033 2
8045 4
8053 2
8065 1
8093 2
8101 2
8145 3
8177 7
8209 1
8221 2
8233 1
8237 2
8245 5
8269 2
8281 2
8285 1
8293 2
8317 1
8321 2
8325 2
8345 2
8353 3
8357 3
8381 5
8405 2
8425 2
8429 1
8433 2
8465 1
8469 2
8473 2
8477 1
8485 1
8489 4
8497 1
8513 1
8521 2
8541 1
8545 2
8573 2
8585 1
8593 3
8605 4
8633 2
8653 1
8665 2
8669 1
8677 1
8681 1
8685 3
8725 3
8741 1
8749 3
8761 1
8765 2
8793 1
8801 1
8825 1
8833 1
8845 2
8857 2
8861 1
8865 2
8869 2
8885 1
8905 1
8917 3
8929 2
8933 4
8941 1
8945 1
8969 1
8973 2
8989 2
8993 3
9001 1
9005 2
9025 3
9029 4
9061 6
9065 2
9077 3
9089 5
9109 1
9113 1
9117 1
9125 3
9133 1
9153 1
9157 1
9161 1
9193 1
9209 2
9217 5
9225 1
9241 2
9245 1
9257 2
9265 2
9277 1
9281 2
9293 1
9305 2
9325 2
9337 2
9349 1
9365 2
9385 1
9389 3
9409 3
9413 1
9421 2
9425 4
9437 1
9445 3
9469 3
9477 1
9497 3
9505 2
9521 2
9529 1
9533 1
9549 1
9553 1
9565 2
9577 1
9593 2
9601 2
9605 5
9621 1
9629 1
9653 1
9657 1
9665 1
9677 1
9685 6
9689 1
9697 1
9701 5
9721 1
9725 3
9745 4
9769 2
9773 3
9781 1
9805 7
9809 1
9837 1
9841 3
9865 1
9893 1
9901 2
9925 3
9941 1
9945 2
9965 2
9973 2
9997 1
10001 2
10025 1
10037 1
10045 2
10049 1
10057 3
10061 1
10081 1
10085 2
10093 3
10121 1
10141 1
10145 2
10169 1
10193 1
10201 2
10205 5
10217 1
10225 1
10237 1
10249 2
10253 2
10265 3
10285 1
10289 2
10305 1
10309 2
10313 2
10333 2
10337 1
10345 1
10361 1
10369 1
10377 1
10397 3
10405 2
10413 2
10421 1
10429 1
10441 3
10445 3
10453 1
10457 2
10469 1
10485 2
10489 1
10513 1
10517 2
10525 3
10537 1
10553 3
10565 1
10573 2
10585 4
10597 2
10613 2
10625 4
10629 1
10657 1
10685 2
10701 2
10705 5
10709 2
10733 1
10737 2
10753 2
10765 1
10769 2
10781 1
10789 2
10805 3
10809 1
10817 2
10825 4
10829 3
10837 1
10845 1
10853 3
10861 3
10865 3
10877 1
10889 1
10897 3
10933 2
10949 2
10953 3
10957 2
10961 1
10973 1
10985 3
10993 3
11009 4
11025 2
11029 1
11041 4
11057 1
11061 2
11065 3
11069 1
11089 2
11093 1
11101 1
11105 6
11113 1
11117 1
11125 4
11141 2
11161 2
11169 1
11173 1
11185 2
11213 1
11225 3
11237 5
11241 1
11245 3
11261 1
11273 2
11281 3
11285 5
11317 1
11321 1
11329 1
11349 2
11353 1
11357 1
11365 4
11369 1
11401 3
11405 5
11413 1
11417 1
11425 3
11437 2
11441 2
11453 2
11465 2
11485 2
11493 1
11497 3
11521 2
11525 6
11565 3
11581 1
11593 3
11597 2
11601 3
11617 2
11629 1
11645 3
11657 1
11665 1
11689 1
11705 1
11717 1
11729 4
11745 3
11765 4
11773 2
11785 1
11813 1
11817 3
11833 1
11849 4
11861 1
11881 1
11885 3
11889 2
11905 2
11909 3
11917 1
11925 2
11933 1
11941 2
11945 2
11969 1
11981 1
12005 3
12013 1
12017 3
12025 7
12037 2
12041 2
12053 1
12073 1
12085 2
12097 1
12101 1
12105 2
12125 2
12137 1
12149 1
12157 1
12185 2
12193 1
12205 2
12209 3
12221 1
12233 2
12249 3
12253 2
12289 1
12301 4
12317 2
12321 3
12325 5
12337 2
12349 4
12357 2
12365 2
12373 3
12385 2
12389 2
12401 2
12409 1
12421 2
12429 1
12433 1
12461 1
12465 1
12469 1
12473 1
12497 2
12505 5
12541 1
12545 3
12553 1
12557 7
12569 1
12589 1
12593 3
12601 1
12605 3
12625 2
12629 3
12637 1
12645 2
12653 3
12665 2
12689 2
12697 1
12713 2
12717 1
12721 1
12725 3
12745 2
12753 2
12769 1
12773 2
12785 1
12789 1
12805 5
12821 2
12833 1
12853 1
12893 2
12897 1
12905 2
12913 4
12917 1
12937 2
12941 1
12961 2
12965 3
12973 1
12985 3
12997 4
13001 1
13005 3
13021 4
13025 3
13037 1
13045 2
13049 1
13061 1
13073 1
13077 1
13085 3
13093 1
13105 4
13109 1
13117 1
13121 1
13169 2
13177 1
13181 2
13185 1
13213 1
13217 1
13221 2
13225 1
13229 1
13241 1
13249 1
13261 1
13273 2
13285 2
13289 1
13313 1
13325 1
13329 4
13345 7
13357 2
13369 2
13381 2
13401 1
13417 1
13437 2
13441 1
13445 1
13465 2
13481 3
13505 4
13513 1
13525 4
13549 3
13565 2
13577 1
13597 1
13613 4
13617 4
13625 5
13633 1
13637 1
13645 1
13653 3
13669 1
13689 1
13693 1
13697 4
13705 1
13721 1
13725 5
13745 3
13753 5
13757 1
13765 2
13789 2
13793 1
13801 2
13817 3
13833 1
13837 4
13841 1
13873 1
13885 2
13897 2
13913 1
13921 1
13925 3
13945 3
13949 4
13957 1
13969 2
13985 1
14029 1
14033 1
14045 2
14057 1
14065 6
14085 1
14089 2
14093 3
14125 6
14149 3
14157 1
14161 3
14165 1
14173 1
14221 1
14225 2
14249 1
14261 1
14281 1
14285 2
14297 1
14305 2
14309 2
14321 1
14341 1
14357 2
14365 3
14373 1
14381 2
14389 3
14393 1
14401 1
14409 1
14417 3
14425 1
14437 1
14449 1
14473 1
14481 1
14485 3
14489 1
14521 3
14537 1
14549 1
14561 2
14569 1
14585 1
14589 1
14593 1
14625 3
14633 1
14641 1
14645 1
14653 1
14669 2
14677 1
14681 2
14689 3
14701 5
14705 7
14717 1
14733 1
14737 2
14741 2
14753 1
14761 6
14765 2
14797 1
14801 1
14813 1
14821 1
14825 3
14837 1
14841 4
14845 3
14869 4
14885 4
14893 1
14897 2
14909 1
14933 3
14965 1
14977 1
14985 3
15005 1
15013 1
15021 2
15025 1
15041 1
15049 1
15061 1
15073 1
15077 3
15109 2
15125 2
15129 2
15133 2
15137 2
15145 2
15165 3
15185 3
15217 1
15229 1
15241 1
15269 2
15273 1
15277 1
15293 2
15305 1
15317 2
15325 2
15341 2
15353 1
15377 1
15381 3
15385 5
15397 4
15401 1
15413 1
15425 6
15453 2
15457 2
15481 1
15489 4
15493 1
15509 2
15529 2
15533 1
15541 1
15545 2
15569 1
15577 3
15597 3
15601 3
15605 2
15613 2
15625 3
15633 2
15641 1
15649 1
15665 1
15669 1
15677 3
15685 2
15689 5
15705 2
15725 5
15733 3
15737 1
15749 1
15761 1
15769 1
15793 2
15797 1
15805 2
15817 1
15821 7
15845 2
15877 3
15889 2
15901 1
15905 2
15913 2
15921 1
15925 1
15929 1
15937 1
15949 4
15973 2
15977 3
15997 1
16021 1
16025 4
16029 1
16045 1
16057 1
16061 1
16069 3
16073 1
16081 1
16085 3
16097 1
16101 2
16105 3
16109 2
16133 4
16141 1
16145 4
16165 5
16193 1
16209 2
16237 1
16241 2
16249 2
16265 2
16273 1
16285 4
16301 2
16317 1
16325 2
16333 1
16349 1
16369 1
16381 1
16385 6
16393 1
16405 3
16409 4
16417 1
16421 2
16425 2
16441 5
16453 1
16477 1
16501 1
16505 2
16525 4
16529 1
16561 1
16565 1
16573 1
16589 3
16605 3
16609 2
16613 1
16633 2
16645 1
16677 3
16693 2
16705 8
16729 1
16745 3
16769 1
16781 2
16785 3
16801 1
16805 3
16829 1
16837 1
16857 1
16861 2
16865 1
16889 1
16893 1
16897 1
16909 1
16913 3
16921 1
16925 4
16945 3
16949 3
16965 3
16981 1
17001 1
17009 2
17021 1
17033 2
17041 1
17053 2
17057 3
17069 3
17077 1
17093 4
17101 1
17113 3
17125 3
17137 1
17141 1
17153 2
17165 2
17173 3
17177 1
17189 1
17197 1
17217 2
17221 4
17225 3
17245 6
17257 1
17261 1
17289 1
17297 1
17317 4
17321 1
17333 1
17341 1
17345 2
17357 5
17377 1
17393 1
17401 1
17405 2
17417 2
17425 6
17429 4
17433 2
17449 1
17473 1
17477 2
17485 1
17505 1
17509 2
17525 2
17533 3
17541 1
17545 1
17557 2
17561 1
17569 1
17573 1
17581 1
17585 2
17593 2
17609 1
17629 8
17645 1
17657 1
17665 1
17693 1
17705 4
17713 2
17725 3
17729 1
17749 3
17753 3
17757 2
17761 1
17777 1
17785 2
17797 1
17849 1
17861 2
17865 3
17873 1
17881 1
17885 1
17901 2
17905 1
17909 1
17921 2
17929 1
17945 4
17953 3
17957 4
17965 1
17977 1
17989 3
18005 3
18029 2
18037 3
18041 4
18045 1
18065 3
18077 1
18085 1
18089 2
18097 1
18125 2
18169 2
18173 3
18181 1
18217 3
18225 2
18229 1
18233 1
18241 1
18245 9
18253 1
18257 1
18261 2
18265 5
18281 1
18289 4
18313 2
18325 3
18329 1
18353 3
18365 2
18369 2
18385 5
18401 3
18405 3
18409 1
18433 2
18457 1
18461 1
18473 1
18477 1
18493 1
18505 1
18513 1
18521 2
18545 2
18549 1
18553 1
18577 2
18581 2
18589 2
18593 1
18605 3
18617 1
18621 1
18625 8
18629 1
18637 1
18649 1
18665 2
18685 4
18709 4
18713 3
18749 1
18757 2
18761 2
18769 3
18773 1
18785 5
18793 1
18833 4
18845 2
18853 2
18857 1
18869 1
18873 1
18901 4
18925 4
18937 2
18945 2
18965 4
18973 1
18985 2
18989 3
19009 1
19025 2
19037 1
19045 4
19053 1
19069 1
19073 2
19081 1
19093 1
19097 3
19105 4
19109 2
19121 2
19125 6
19133 3
19157 2
19161 1
19165 2
19169 2
19193 2
19213 1
19225 2
19233 3
19249 1
19253 1
19265 2
19277 2
19301 1
19309 2
19325 1
19337 3
19345 3
19357 1
19381 1
19385 3
19405 4
19409 3
19429 1
19441 3
19445 1
19449 1
19453 1
19457 1
19465 3
19485 2
19489 2
19493 1
19501 1
19517 2
19521 1
19541 1
19549 2
19553 2
19557 5
19573 2
19577 2
19585 1
19601 3
19625 6
19637 2
19645 2
19661 1
19669 4
19697 1
19709 1
19717 4
19721 11
19753 1
19769 1
19773 2
19801 1
19805 3
19813 2
19825 5
19841 1
19861 2
19865 5
19885 2
19889 1
19897 2
19913 1
19917 1
19925 3
19945 3
19981 4
20005 3
20021 1
20025 5
20065 2
20077 4
20089 2
20101 1
20133 1
20137 1
20149 2
20161 2
20165 5
20173 1
20189 1
20201 2
20205 2
20213 7
20221 5
20225 3
20245 5
20249 1
20261 1
20269 1
20281 1
20285 4
20297 1
20313 1
20329 1
20341 2
20345 3
20357 1
20381 3
20413 4
20417 4
20421 1
20453 2
20465 4
20477 1
20485 3
20513 2
20525 3
20529 2
20533 2
20557 1
20561 5
20565 4
20605 3
20609 3
20617 2
20629 2
20637 1
20641 2
20645 3
20665 2
20673 1
20681 1
20693 2
20705 5
20717 1
20725 5
20737 2
20745 3
20761 2
20773 2
20781 3
20789 2
20813 3
20825 3
20849 2
20857 2
20869 5
20873 1
20885 4
20893 1
20897 1
20905 5
20917 1
20921 1
20929 2
20933 1
20969 1
20981 3
21005 1
21013 2
21017 5
21025 6
21041 4
21053 1
21073 3
21085 2
21089 4
21097 3
21125 6
21145 1
21149 1
21157 3
21169 1
21177 1
21205 1
21217 1
21221 1
21233 2
21257 1
21277 1
21281 1
21313 1
21317 3
21325 3
21341 1
21349 2
21361 2
21365 3
21389 3
21393 1
21397 2
21401 2
21425 1
21429 2
21433 2
21437 3
21445 1
21449 3
21465 1
21473 4
21481 1
21485 1
21517 1
21521 1
21529 2
21533 1
21541 2
21557 3
21569 1
21577 1
21589 1
21601 1
21605 3
21609 1
21613 1
21617 2
21625 2
21645 2
21661 2
21673 3
21677 5
21685 5
21689 1
21697 10
21701 1
21713 1
21737 2
21745 3
21757 2
21773 2
21785 1
21789 2
21805 4
21809 4
21817 2
21841 2
21845 3
21853 7
21865 2
21881 1
21901 3
21905 7
21925 5
21929 2
21937 1
21941 2
21953 3
21969 1
21985 3
21997 3
22001 1
22009 2
22013 2
22021 1
22025 2
22037 2
22049 2
22061 2
22069 6
22105 2
22109 1
22133 1
22153 2
22157 2
22181 2
22185 3
22189 2
22193 1
22201 2
22205 3
22213 3
22217 3
22229 2
22237 3
22257 3
22261 2
22265 5
22285 2
22301 4
22313 2
22321 2
22345 2
22373 2
22385 1
22405 2
22409 1
22417 5
22433 1
22445 1
22453 1
22457 6
22465 3
22469 1
22509 1
22525 3
22529 2
22541 2
22549 1
22565 2
22581 2
22585 5
22589 2
22601 1
22613 2
22621 3
22625 2
22633 2
22637 1
22669 3
22681 4
22685 3
22689 1
22697 2
22721 4
22725 1
22741 3
22753 1
22761 1
22765 5
22769 1
22777 1
22789 2
22797 2
22805 5
22817 2
22829 2
22837 1
22849 7
22853 2
22861 3
22865 2
22873 2
22877 2
22905 3
22921 1
22941 4
22945 7
22949 1
22961 3
22985 2
22993 1
22997 3
23017 2
23021 2
23041 1
23049 1
23053 1
23057 2
23101 3
23105 3
23113 1
23125 5
23129 1
23137 1
23141 1
23153 2
23165 4
23185 2
23189 6
23209 1
23225 4
23229 1
23257 2
23269 1
23273 2
23293 5
23329 2
23333 1
23341 3
23353 1
23365 2
23373 1
23377 2
23393 2
23409 2
23413 1
23417 1
23425 1
23445 1
23461 1
23465 1
23473 3
23481 2
23497 3
23545 6
23549 1
23553 1
23561 2
23569 2
23585 4
23605 1
23633 1
23645 3
23657 1
23665 2
23669 2
23677 2
23697 1
23701 1
23717 1
23725 7
23729 5
23733 1
23741 2
23765 1
23773 2
23789 1
23797 1
23805 2
23809 2
23813 1
23825 6
23833 2
23837 1
23857 4
23869 1
23885 5
23893 2
23909 2
23913 2
23929 3
23941 3
23945 4
23953 2
23965 1
23981 1
23985 3
23993 2
24001 2
24005 3
24021 2
24029 1
24037 1
24041 1
24049 1
24061 1
24065 2
24085 3
24089 5
24113 2
24125 2
24133 2
24157 2
24161 1
24169 1
24193 1
24197 3
24201 1
24217 3
24229 2
24237 2
24245 3
24293 2
24305 3
24309 4
24317 1
24349 2
24361 6
24385 1
24389 3
24401 1
24417 1
24421 2
24425 4
24433 3
24445 3
24457 4
24461 3
24469 4
24473 1
24505 1
24517 1
24525 2
24533 1
24557 2
24561 2
24565 3
24601 1
24625 5
24641 2
24649 1
24653 1
24665 2
24669 3
24685 3
24697 2
24701 2
24713 2
24737 1
24741 1
24745 5
24749 2
24785 1
24793 1
24797 1
24805 1
24841 1
24845 3
24853 4
24865 2
24869 1
24889 1
24901 1
24905 3
24925 2
24929 2
24941 1
24949 1
24953 2
24961 1
24965 2
24973 6
24977 1
24993 4
25009 2
25013 1
25033 1
25037 2
25057 2
25065 5
25073 2
25085 6
25097 1
25101 3
25105 1
25117 1
25121 2
25129 1
25133 3
25169 2
25173 1
25177 4
25181 1
25189 1
25205 2
25209 1
25225 3
25229 1
25237 1
25253 4
25261 3
25281 1
25285 5
25297 2
25301 1
25309 2
25313 1
25317 5
25325 5
25337 1
25345 9
25349 1
25357 1
25373 2
25381 1
25385 3
25397 4
25405 1
25409 2
25425 2
25433 4
25453 1
25457 2
25469 1
25477 1
25493 7
25497 1
25525 2
25533 3
25537 2
25541 1
25549 2
25565 1
25577 2
25601 1
25605 2
25609 1
25621 2
25625 4
25633 1
25649 2
25657 1
25673 2
25677 1
25681 6
25705 5
25713 1
25721 1
25733 2
25741 1
25749 2
25765 3
25769 1
25777 5
25789 6
25805 3
25825 3
25841 1
25849 2
25857 3
25873 4
25877 4
25889 2
25909 2
25913 4
25925 7
25937 2
25945 2
25957 2
25961 3
25969 1
25981 1
25985 1
25997 1
26021 1
26029 1
26045 3
26053 2
26065 5
26073 1
26077 2
26093 2
26129 2
26165 4
26181 1
26185 1
26189 4
26209 1
26221 2
26237 2
26245 2
26249 1
26253 2
26269 2
26281 1
26297 2
26305 1
26317 2
26321 1
26325 2
26329 1
26333 2
26357 1
26361 1
26365 1
26377 1
26405 1
26413 2
26417 1
26437 1
26441 2
26469 4
26485 1
26497 2
26513 1
26525 3
26557 1
26561 2
26573 2
26577 1
26585 9
26597 2
26605 3
26613 2
26633 1
26641 1
26645 3
26665 2
26685 2
26689 3
26693 3
26701 1
26705 1
26717 2
26721 1
26725 1
26729 2
26741 2
26765 2
26773 2
26777 1
26793 4
26801 1
26813 1
26821 3
26825 5
26833 1
26849 1
26861 1
26901 1
26905 1
26921 2
26937 3
26941 4
26945 5
26953 2
26965 2
26969 2
26973 2
26977 3
26989 3
26993 2
27009 1
27017 1
27045 2
27053 2
27061 1
27073 3
27101 4
27121 4
27145 7
27149 1
27157 6
27161 1
27173 3
27185 2
27197 3
27205 1
27217 2
27225 3
27229 5
27233 2
27241 2
27245 3
27253 2
27257 1
27261 3
27281 1
27293 1
27325 4
27329 2
27333 1
27337 2
27353 9
27365 6
27385 3
27389 4
27397 1
27409 1
27421 4
27425 4
27457 2
27469 2
27505 4
27509 1
27521 4
27529 1
27541 4
27549 1
27557 2
27565 6
27581 1
27585 4
27593 5
27605 3
27613 2
27625 14
27637 1
27653 2
27677 3
27685 3
27689 1
27693 1
27697 2
27725 4
27733 1
27737 1
27749 1
27757 2
27765 2
27773 2
27781 2
27801 1
27829 3
27833 3
27845 2
27857 1
27865 3
27877 3
27893 1
27901 2
27917 1
27925 4
27941 1
27953 3
27961 1
27977 2
27985 2
27989 1
28009 3
28033 4
28037 1
28057 1
28085 7
28093 1
28097 2
28121 1
28125 4
28145 3
28157 3
28169 2
28181 2
28197 2
28201 1
28205 3
28213 1
28225 4
28233 2
28249 2
28265 1
28273 2
28277 3
28285 3
28297 1
28305 5
28309 2
28333 1
28349 1
28373 2
28381 1
28393 1
28417 2
28421 1
28429 1
28445 1
28449 1
28453 2
28465 4
28477 2
28493 1
28513 1
28517 1
28541 2
28549 2
28561 2
28565 3
28573 1
28577 3
28585 1
28593 1
28597 1
28601 2
28621 3
28625 4
28629 1
28645 3
28649 2
28665 1
28669 1
28673 4
28705 3
28729 1
28741 1
28745 2
28757 2
28769 3
28781 1
28789 1
28793 2
28813 2
28825 3
28837 1
28845 2
28849 1
28873 2
28885 2
28901 3
28909 1
28913 4
28921 1
28925 4
28933 2
28949 1
28953 1
28981 2
28989 3
29005 2
29017 4
29033 1
29041 1
29045 6
29057 1
29061 2
29065 3
29069 2
29077 1
29081 1
29097 4
29101 1
29105 3
29125 2
29129 1
29161 1
29173 1
29185 7
29189 3
29201 2
29209 1
29237 3
29241 1
29245 4
29257 3
29261 2
29273 1
29285 7
29297 1
29305 2
29313 1
29321 4
29341 2
29345 1
29353 2
29377 3
29385 2
29389 1
29405 2
29429 2
29437 2
29461 1
29473 1
29485 2
29489 4
29493 2
29501 4
29521 3
29525 6
29529 5
29537 1
29549 3
29565 2
29569 1
29573 2
29581 1
29585 2
29593 1
29629 1
29633 2
29637 2
29641 3
29653 1
29665 5
29705 4
29725 7
29745 1
29753 1
29765 2
29789 3
29801 4
29809 2
29825 7
29833 2
29837 1
29857 1
29881 1
29889 2
29905 1
29917 1
29921 1
29929 3
29933 1
29945 4
29957 1
29961 1
29965 6
29993 1
30005 2
30017 3
30025 2
30029 2
30037 1
30069 2
30073 5
30089 1
30109 3
30113 2
30125 4
30137 1
30145 3
30161 1
30181 6
30193 1
30209 2
30233 1
30241 1
30253 1
30265 1
30269 1
30277 6
30285 2
30301 2
30325 2
30329 2
30361 3
30365 2
30377 2
30397 2
30413 1
30421 1
30425 1
30433 3
30445 5
30465 2
30469 3
30493 1
30501 1
30505 1
30509 2
30517 1
30537 3
30545 13
30553 2
30557 4
30565 3
30577 1
30581 1
30589 6
30593 2
30605 3
30617 6
30625 3
30629 1
30641 2
30665 1
30673 1
30685 3
30689 2
30697 2
30713 1
30717 3
30725 5
30733 1
30749 2
30769 2
30773 1
30781 2
30805 3
30821 3
30825 1
30853 1
30865 2
30869 1
30897 3
30901 3
30925 4
30953 3
30977 1
30985 2
31005 3
31025 4
31037 1
31041 1
31049 3
31057 2
31061 2
31081 1
31085 1
31109 2
31113 1
31117 3
31121 1
31145 3
31149 1
31153 1
31177 2
31189 1
31193 2
31201 5
31205 2
31225 5
31237 1
31249 3
31253 1
31265 5
31301 5
31313 1
31321 1
31333 1
31345 4
31357 1
31365 12
31373 2
31409 2
31417 3
31421 2
31429 3
31473 2
31481 1
31501 4
31505 1
31509 1
31517 2
31525 6
31545 2
31561 2
31573 2
31581 1
31585 2
31601 1
31609 1
31613 1
31637 1
31645 3
31653 3
31685 1
31693 1
31697 2
31705 5
31709 2
31721 1
31729 1
31733 2
31753 1
31761 1
31765 5
31781 1
31793 3
31805 1
31813 1
31841 3
31853 2
31865 2
31869 1
31909 4
31921 2
31925 4
31937 1
31945 2
31981 1
31985 5
32005 2
32009 1
32017 2
32029 1
32045 15
32057 2
32065 2
32105 1
32113 3
32117 1
32125 4
32129 2
32149 3
32161 1
32173 1
32185 1
32189 1
32201 4
32213 2
32225 4
32229 1
32245 2
32257 2
32261 1
32269 2
32297 2
32301 3
32309 2
32317 2
32321 2
32337 1
32345 4
32353 1
32365 5
32369 1
32393 1
32405 1
32409 2
32429 5
32449 3
32485 3
32489 2
32513 9
32517 1
32521 2
32525 6
32537 1
32549 3
32573 1
32597 5
32605 3
32609 2
32617 4
32625 7
32633 1
32645 4
32653 2
32657 5
32701 2
32713 1
32717 1
32741 5
32761 3
32765 2
32773 2
32777 1
32789 2
32805 1
32825 6
32833 1
32845 1
32861 3
32877 1
32885 1
32905 3
32909 4
32917 1
32929 6
32933 1
32969 1
32985 1
32993 1
33001 1
33013 1
33017 3
33025 6
33029 3
33037 1
33049 2
33053 1
33065 2
33073 3
33085 5
33093 1
33109 4
33113 1
33125 6
33129 1
33133 2
33137 1
33149 3
33169 1
33185 6
33197 1
33205 5
33241 6
33245 2
33265 1
33293 2
33301 1
33305 2
33309 3
33329 3
33337 5
33353 2
33361 3
33377 2
33381 1
33389 2
33409 3
33437 5
33445 1
33457 1
33461 1
33469 1
33485 6
33489 4
33505 3
33517 2
33525 2
33529 1
33533 2
33541 2
33545 3
33553 6
33565 2
33569 2
33577 1
33581 1
33589 1
33597 2
33617 1
33625 4
33633 2
33637 2
33653 4
33661 3
33665 7
33709 4
33745 6
33749 1
33757 2
33761 4
33769 3
33785 5
33797 3
33805 1
33809 2
33813 1
33849 1
33853 3
33865 2
33881 2
33893 2
33905 4
33917 2
33941 1
33949 2
33961 1
33965 2
33973 1
33989 2
34001 1
34021 2
34025 4
34033 1
34037 1
34057 1
34061 1
34085 6
34101 2
34117 2
34121 2
34141 2
34145 1
34153 1
34165 2
34173 1
34205 4
34213 2
34225 2
34229 2
34241 4
34245 2
34249 3
34261 4
34273 3
34281 2
34285 3
34289 1
34297 2
34313 1
34325 3
34337 1
34345 1
34361 1
34369 1
34373 3
34381 2
34385 2
34421 2
34425 5
34445 1
34465 1
34469 1
34481 5
34493 1
34497 3
34513 2
34525 3
34541 1
34553 2
34585 3
34589 1
34597 3
34605 2
34609 3
34621 5
34625 6
34645 3
34669 3
34673 3
34693 1
34697 3
34709 2
34717 3
34721 2
34745 1
34757 2
34781 1
34785 1
34801 2
34805 5
34821 2
34829 2
34841 1
34849 1
34877 1
34897 1
34901 3
34913 2
34929 1
34933 1
34945 7
34957 5
34973 1
34981 2
34985 2
35001 1
35005 5
35009 1
35017 2
35033 2
35037 2
35065 1
35089 5
35113 3
35117 1
35125 5
35129 5
35137 5
35141 2
35149 4
35153 1
35165 3
35173 1
35177 2
35197 3
35209 3
35249 1
35253 1
35257 1
35261 1
35269 2
35281 2
35285 3
35293 3
35325 1
35333 3
35345 3
35353 3
35361 1
35369 1
35377 1
35381 1
35393 1
35401 3
35405 2
35425 4
35437 2
35465 8
35509 1
35513 3
35525 5
35537 2
35557 1
35573 2
35593 2
35597 1
35605 1
35617 3
35645 3
35649 2
35653 1
35685 3
35689 1
35705 1
35725 3
35729 2
35737 1
35757 2
35785 1
35793 3
35801 2
35809 1
35821 3
35825 3
35837 2
35865 3
35869 3
35873 3
35881 3
35885 1
35901 1
35909 4
35921 4
35953 2
35965 4
35977 1
35989 1
35993 2
36009 2
36013 2
36045 3
36061 1
36097 2
36101 3
36121 2
36125 8
36137 1
36145 2
36149 2
36173 1
36181 4
36185 5
36189 2
36193 2
36205 4
36217 2
36229 2
36241 1
36257 4
36265 2
36269 2
36277 1
36293 1
36297 3
36305 6
36329 1
36341 1
36353 2
36361 4
36369 3
36373 4
36389 2
36397 2
36401 1
36413 3
36433 1
36441 2
36445 3
36461 1
36469 1
36485 2
36497 1
36505 1
36517 4
36545 2
36569 4
36581 2
36601 4
36605 3
36621 1
36625 10
36629 2
36637 1
36653 2
36657 2
36661 2
36665 2
36697 2
36709 2
36713 2
36725 8
36733 1
36737 2
36745 2
36761 3
36781 3
36793 2
36805 3
36809 1
36821 1
36829 4
36845 3
36853 2
36857 1
36865 5
36873 5
36905 2
36913 1
36941 5
36945 2
36985 4
36997 3
37013 2
37025 2
37033 3
37057 1
37105 4
37141 1
37157 2
37161 3
37165 3
37181 3
37193 4
37225 2
37249 4
37253 1
37265 2
37269 2
37277 1
37289 1
37305 3
37309 1
37313 1
37325 5
37333 2
37337 6
37341 4
37349 2
37377 3
37381 1
37385 3
37397 1
37405 4
37441 1
37445 3
37481 2
37493 1
37501 3
37505 6
37529 1
37537 1
37549 2
37561 1
37573 1
37577 2
37585 2
37589 1
37613 3
37621 2
37629 1
37633 1
37637 2
37645 4
37661 1
37673 2
37681 1
37685 1
37693 2
37717 1
37729 4
37733 4
37745 5
37757 2
37777 8
37781 2
37805 5
37809 1
37813 1
37817 4
37825 12
37837 5
37845 1
37861 3
37865 4
37877 1
37885 7
37897 1
37925 5
37945 5
37949 2
37953 3
37957 2
37993 1
38021 4
38025 4
38029 1
38033 2
38041 3
38053 3
38077 3
38081 1
38089 1
38105 2
38125 6
38149 1
38165 3
38189 1
38197 2
38201 1
38221 3
38233 3
38237 2
38245 1
38261 2
38273 1
38277 2
38281 2
38293 1
38309 2
38317 1
38329 1
38345 5
38357 1
38365 4
38369 6
38377 1
38389 2
38405 2
38417 1
38425 7
38441 1
38449 2
38453 1
38457 2
38465 1
38477 2
38497 2
38509 1
38537 3
38545 5
38557 2
38561 1
38565 1
38573 2
38581 1
38585 3
38593 2
38609 1
38617 1
38641 1
38669 2
38677 1
38693 1
38701 3
38705 2
38713 2
38725 2
38737 3
38749 3
38765 2
38777 4
38785 3
38809 2
38813 4
38821 1
38825 5
38833 3
38845 10
38861 1
38873 1
38889 4
38897 1
38909 5
38917 1
38921 2
38925 2
38933 1
38953 1
38961 7
38965 1
38977 1
38981 2
39005 6
39013 2
39033 3
39041 2
39049 3
39053 2
39065 3
39073 2
39085 2
39089 2
39097 2
39101 4
39113 1
39125 1
39133 2
39141 1
39145 3
39157 1
39185 4
39205 4
39209 3
39217 2
39233 1
39241 1
39249 2
39253 1
39257 5
39265 3
39285 5
39289 4
39293 5
39301 2
39313 1
39321 2
39325 1
39341 4
39349 1
39365 4
39373 2
39377 6
39385 1
39397 3
39429 3
39437 3
39461 1
39465 2
39469 1
39481 1
39485 3
39493 1
39505 1
39509 1
39521 2
39533 2
39553 3
39565 9
39573 1
39581 3
39593 1
39605 1
39617 4
39625 2
39641 3
39645 3
39661 2
39673 1
39681 3
39685 2
39701 3
39709 1
39733 1
39745 1
39761 1
39769 1
39785 5
39793 1
39797 2
39817 4
39821 1
39829 1
39833 1
39841 1
39845 4
39869 2
39889 2
39925 3
39929 1
39933 1
39937 2
39953 1
39961 2
39965 1
39969 1
39989 1
40001 5
40009 2
40013 1
40025 6
40049 3
40057 1
40077 1
40081 3
40085 3
40093 1
40097 2
40105 1
40113 1
40121 2
40141 3
40157 2
40165 2
40169 1
40177 2
40189 2
40213 1
40221 3
40225 4
40253 2
40289 2
40309 3
40325 1
40329 1
40345 3
40357 2
40361 2
40385 8
40405 1
40409 2
40417 4
40433 1
40445 1
40465 3
40477 1
40493 2
40501 2
40505 2
40525 3
40545 3
40573 1
40577 1
40585 4
40589 1
40597 1
40613 4
40621 1
40625 10
40657 3
40661 1
40673 3
40681 1
40693 3
40697 1
40709 1
40725 3
40729 2
40745 4
40757 1
40777 2
40781 2
40801 1
40805 1
40813 4
40817 1
40829 1
40837 3
40841 2
40849 1
40861 2
40877 3
40885 13
40905 1
40925 2
40941 1
40949 1
40973 1
40977 2
40993 3
41029 4
41033 4
41045 3
41049 1
41053 2
41057 2
41077 1
41081 2
41089 2
41093 3
41105 1
41113 2
41117 1
41141 1
41157 2
41161 2
41165 1
41177 2
41185 1
41189 1
41197 5
41201 2
41209 1
41213 1
41221 3
41225 6
41229 3
41245 9
41257 1
41269 1
41273 3
41281 3
41297 1
41301 6
41309 3
41329 3
41333 1
41345 5
41353 2
41357 3
41365 3
41369 1
41373 1
41381 2
41389 2
41405 1
41413 1
41441 2
41449 1
41453 2
41465 2
41485 3
41497 2
41513 1
41521 1
41533 1
41549 1
41557 1
41585 4
41593 3
41597 1
41605 5
41609 2
41621 3
41625 8
41641 3
41645 2
41665 4
41693 3
41697 1
41717 3
41725 3
41761 1
41765 2
41785 4
41797 1
41809 2
41813 1
41821 3
41861 4
41869 2
41873 3
41885 2
41893 3
41897 2
41905 4
41913 2
41953 1
41969 1
41977 1
41993 1
42001 2
42017 1
42029 7
42041 1
42057 1
42061 1
42073 1
42101 1
42109 1
42125 5
42137 2
42149 3
42165 1
42173 4
42193 1
42197 1
42209 1
42233 2
42237 3
42241 3
42257 3
42281 1
42289 2
42305 3
42325 2
42337 1
42341 2
42345 3
42349 2
42353 3
42365 5
42373 1
42381 1
42385 1
42401 1
42425 1
42437 2
42445 3
42453 4
42457 2
42461 1
42485 1
42489 1
42505 1
42517 2
42521 3
42557 3
42565 4
42569 1
42589 1
42597 1
42601 3
42605 2
42641 1
42649 1
42653 3
42677 1
42685 2
42689 2
42705 2
42725 3
42737 2
42761 2
42773 1
42793 1
42809 4
42821 2
42829 2
42841 1
42849 2
42853 1
42857 3
42865 1
42877 2
42881 2
42885 3
42905 1
42913 1
42925 6
42937 2
42949 7
42965 4
42985 1
42993 1
43009 1
43037 1
43045 2
43049 1
43069 4
43101 2
43105 3
43137 1
43145 2
43165 4
43169 2
43177 3
43181 1
43189 1
43205 5
43209 3
43245 1
43261 1
43265 5
43273 2
43289 2
43297 3
43313 4
43317 2
43321 1
43325 5
43333 3
43345 4
43353 1
43385 2
43405 4
43425 2
43429 1
43433 2
43441 1
43445 4
43457 4
43465 2
43469 2
43481 1
43489 4
43501 5
43513 4
43517 2
43525 3
43537 3
43541 2
43553 2
43597 1
43609 1
43613 2
43621 7
43625 3
43633 1
43641 1
43649 1
43657 4
43661 2
43693 1
43697 1
43705 2
43721 2
43745 10
43749 1
43753 1
43765 4
43777 3
43781 1
43789 1
43793 1
43801 2
43805 1
43821 1
43825 8
43829 3
43849 2
43853 2
43873 1
43877 4
43889 2
43893 1
43913 2
43933 1
43937 4
43957 1
43961 1
43969 1
43993 2
44001 2
44005 6
44017 1
44041 1
44057 2
44081 1
44101 2
44109 6
44117 1
44125 3
44129 1
44141 2
44145 2
44149 2
44165 1
44181 2
44185 3
44197 1
44201 1
44217 4
44225 4
44249 1
44257 1
44273 2
44281 1
44285 3
44293 1
44325 4
44329 2
44345 3
44353 1
44357 1
44369 4
44381 2
44397 1
44433 4
44437 1
44449 2
44453 3
44465 3
44497 2
44521 1
44525 9
44533 1
44557 2
44573 3
44585 10
44617 3
44621 1
44629 2
44633 1
44641 1
44645 3
44657 2
44665 2
44701 2
44705 1
44713 2
44717 3
44721 1
44729 1
44749 4
44753 5
44757 4
44761 2
44773 3
44777 2
44785 10
44789 1
44797 1
44813 2
44829 1
44837 1
44845 2
44861 2
44865 3
44881 1
44893 1
44909 1
44917 1
44921 1
44941 1
44945 5
44965 2
44977 3
44993 2
45005 1
45013 2
45025 4
45037 2
45041 5
45053 2
45065 4
45081 1
45097 5
45113 3
45117 2
45121 1
45137 1
45145 2
45153 5
45161 2
45169 2
45189 1
45197 2
45205 1
45233 1
45245 3
45253 1
45281 1
45289 1
45301 4
45305 12
45313 3
45317 1
45325 3
45337 1
45349 3
45361 1
45369 2
45373 2
45377 3
45385 5
45405 4
45413 1
45421 1
45433 2
45461 3
45469 2
45473 1
45509 3
45521 1
45533 1
45541 2
45545 3
45557 2
45565 2
45569 2
45585 4
45589 2
45617 3
45621 1
45625 3
45641 1
45665 7
45677 2
45685 1
45693 1
45697 1
45713 1
45721 3
45729 4
45757 2
45769 4
45781 3
45785 1
45797 1
45805 5
45817 2
45833 2
45841 1
45845 7
45865 2
45869 1
45877 3
45889 2
45893 2
45901 3
45905 1
45917 5
45929 3
45945 2
45953 1
45965 3
45985 2
45989 3
46001 4
46033 1
46045 5
46061 2
46073 1
46085 6
46089 2
46093 1
46105 1
46109 1
46121 6
46125 4
46141 4
46153 2
46157 1
46169 3
46177 1
46181 1
46205 4
46213 1
46217 3
46225 2
46237 1
46241 2
46261 1
46269 4
46273 1
46285 3
46301 1
46309 1
46325 5
46337 1
46349 1
46369 1
46377 1
46381 1
46385 2
46393 2
46405 4
46421 1
46441 1
46449 2
46465 2
46481 2
46489 1
46501 2
46513 2
46517 1
46525 3
46537 1
46549 2
46553 2
46561 2
46573 2
46589 1
46597 5
46625 2
46633 1
46637 3
46649 4
46657 5
46661 2
46665 6
46681 3
46685 2
46693 3
46697 1
46701 1
46705 1
46709 2
46733 1
46737 1
46745 2
46769 1
46773 3
46777 1
46793 2
46801 3
46813 4
46817 1
46825 2
46853 3
46861 3
46877 2
46881 3
46889 1
46909 3
46917 2
46925 5
46933 1
46945 10
46969 1
46985 1
46993 1
47009 1
47017 1
47021 4
47041 2
47045 1
47057 1
47069 2
47081 1
47097 1
47105 2
47125 11
47129 1
47133 1
47153 3
47165 2
47185 2
47197 2
47205 5
47209 3
47233 1
47237 3
47241 1
47249 2
47269 5
47273 3
47281 4
47285 3
47293 2
47305 4
47309 1
47345 5
47349 1
47353 1
47381 1
47385 1
47413 1
47417 3
47437 4
47441 2
47457 2
47473 3
47477 5
47489 4
47497 3
47501 2
47513 2
47521 2
47525 1
47529 2
47533 3
47545 3
47569 4
47573 4
47581 1
47605 1
47609 2
47629 1
47645 3
47657 3
47669 2
47673 2
47681 1
47693 2
47701 1
47713 1
47717 1
47737 2
47741 5
47745 4
47749 2
47753 2
47765 3
47777 3
47781 4
47801 2
47813 2
47821 5
47825 3
47853 3
47857 1
47873 1
47885 5
47889 3
47917 1
47921 1
47933 1
47965 5
47989 1
47997 1
48005 2
48025 9
48029 4
48033 2
48037 5
48053 4
48061 1
48065 2
48073 1
48105 3
48109 1
48113 2
48121 1
48137 1
48145 2
48149 3
48161 4
48177 5
48193 1
48217 3
48221 1
48245 3
48281 2
48285 2
48305 4
48313 2
48325 3
48337 2
48361 1
48365 3
48373 3
48385 1
48397 1
48401 3
48413 3
48421 1
48425 7
48429 2
48437 3
48473 3
48481 1
48485 4
48497 1
48505 7
48521 2
48529 3
48533 2
48537 2
48569 3
48581 6
48605 1
48613 1
48617 1
48625 1
48637 1
48665 2
48673 1
48689 1
48717 1
48725 2
48733 1
48745 2
48749 7
48757 1
48761 1
48781 2
48809 1
48821 1
48841 4
48857 1
48865 1
48869 2
48877 4
48889 3
48893 2
48905 3
48913 1
48929 2
48941 3
48973 1
48985 1
48989 1
48997 2
49005 2
49009 3
49025 5
49033 2
49041 2
49045 5
49057 1
49069 2
49081 3
49085 1
49097 4
49129 1
49141 2
49145 4
49157 1
49165 2
49177 1
49201 1
49205 1
49213 1
49237 6
49249 2
49253 1
49257 4
49277 1
49285 1
49309 2
49325 4
49349 4
49361 2
49365 3
49373 1
49393 2
49405 4
49409 1
49421 1
49429 2
49453 5
49457 3
49465 5
49477 1
49481 2
49505 1
49509 1
49517 3
49561 5
49573 1
49589 2
49597 5
49601 1
49613 1
49625 5
49633 1
49637 1
49645 5
49653 2
49673 1
49681 3
49689 2
49697 4
49705 2
49725 3
49733 1
49741 1
49745 1
49757 2
49765 5
49769 3
49793 1
49801 2
49813 3
49825 4
49829 3
49833 1
49853 2
49865 1
49873 4
49897 3
49905 4
49921 1
49925 1
49937 3
49957 1
49977 3
49985 6
49993 1
49997 4
50005 2
50021 2
50029 3
50045 1
50069 3
50081 4
50089 3
50093 1
50101 1
50121 3
50125 6
50137 2
50153 1
50157 2
50185 2
50201 1
50213 3
50221 1
50225 4
50229 1
50245 1
50249 1
50257 1
50261 1
50265 2
50273 2
50285 7
50297 2
50305 2
50329 2
50333 2
50341 3
50345 3
50357 4
50373 3
50377 1
50389 2
50401 1
50405 4
50417 1
50425 1
50441 2
50453 3
50461 1
50465 1
50489 3
50497 2
50509 1
50513 1
50537 5
50549 1
50553 3
50557 2
50569 2
50605 3
50609 2
50625 1
50629 2
50641 2
50653 3
50661 1
50665 1
50689 5
50717 1
50725 3
50737 5
50741 2
50753 2
50769 1
50777 1
50789 2
50801 3
50805 2
50813 1
50821 1
50833 2
50837 2
50845 1
50857 1
50861 1
50877 1
50881 5
50885 3
50905 3
50909 2
50913 1
50921 1
50941 2
50949 3
50957 3
50969 1
50989 3
51005 1
51017 3
51021 2
51025 3
51061 2
51077 4
51085 1
51097 3
51101 1
51125 2
51145 2
51173 6
51185 2
51193 2
51201 1
51217 3
51229 1
51237 2
51245 6
51257 1
51265 4
51301 6
51309 1
51313 2
51325 2
51341 2
51353 4
51361 1
51365 1
51409 4
51413 2
51417 3
51421 1
51425 5
51437 3
51445 1
51449 1
51453 2
51473 4
51481 1
51493 5
51517 1
51521 1
51525 2
51533 1
51545 6
51561 1
51565 2
51593 1
51597 4
51605 1
51613 2
51629 2
51633 2
51637 1
51641 3
51649 7
51669 1
51673 3
51685 1
51697 3
51701 4
51713 3
51721 1
51725 2
51757 3
51769 2
51785 1
51797 2
51805 2
51829 2
51845 1
51853 3
51857 4
51869 2
51885 3
51893 1
51917 2
51941 1
51949 1
51973 1
51977 3
51985 2
51989 1
51993 1
52001 5
52009 1
52013 1
52021 2
52025 4
52033 3
52037 5
52065 2
52069 2
52081 2
52093 3
52105 1
52145 5
52153 3
52165 1
52169 4
52177 2
52189 1
52205 4
52209 1
52225 3
52229 1
52253 1
52281 4
52285 1
52289 2
52301 3
52309 3
52313 3
52321 1
52345 3
52357 3
52381 3
52385 5
52389 1
52425 2
52429 2
52433 1
52441 2
52445 6
52453 1
52457 1
52477 3
52489 1
52505 3
52513 1
52533 1
52553 2
52561 1
52565 2
52577 4
52585 4
52597 1
52609 3
52621 2
52625 6
52641 1
52645 1
52673 1
52685 2
52697 1
52709 2
52713 2
52733 3
52749 1
52757 1
52765 5
52769 1
52777 2
52821 4
52825 8
52841 2
52849 1
52853 2
52861 1
52865 3
52873 2
52893 2
52897 8
52901 3
52909 1
52925 10
52929 1
52937 2
52949 2
52957 1
52973 3
52981 1
52985 1
53005 3
53017 2
53021 2
53033 2
53045 2
53057 1
53065 1
53069 1
53077 1
53089 2
53101 1
53125 6
53129 1
53173 1
53177 2
53189 3
53209 2
53217 1
53225 5
53233 1
53253 2
53261 3
53269 1
53281 2
53285 2
53293 1
53329 2
53353 2
53365 8
53397 1
53425 2
53429 2
53453 2
53461 1
53465 5
53469 1
53477 6
53505 3
53509 3
53525 6
53557 3
53569 3
53573 4
53577 2
53593 1
53597 1
53609 1
53617 1
53621 1
53629 1
53633 1
53645 2
53653 2
53665 3
53677 1
53689 2
53693 1
53717 1
53729 4
53737 2
53741 1
53753 3
53761 4
53765 3
53789 1
53825 4
53833 3
53845 3
53849 1
53857 1
53861 1
53873 2
53881 2
53885 4
53901 2
53917 2
53969 2
53989 1
54001 1
54009 2
54013 2
54025 2
54037 1
54041 2
54049 1
54077 3
54085 2
54113 6
54121 2
54125 4
54145 9
54149 1
54181 1
54185 1
54193 1
54205 7
54217 2
54225 4
54233 2
54261 1
54265 1
54269 3
54277 1
54289 1
54293 1
54301 4
54305 5
54317 3
54325 2
54329 1
54333 1
54353 6
54361 3
54385 6
54409 1
54413 2
54433 3
54437 1
54445 2
54449 3
54485 3
54497 2
54545 1
54553 2
54557 3
54577 2
54581 1
54585 3
54601 2
54613 1
54617 1
54629 2
54641 3
54657 1
54665 4
54673 1
54685 3
54689 1
54721 2
54733 2
54745 4
54749 3
54757 1
54765 4
54781 4
54785 5
54793 3
54797 3
54801 1
54805 1
54821 2
54829 1
54837 1
54841 3
54865 2
54869 3
54877 1
54893 3
54925 8
54937 1
54961 2
54965 1
54973 1
54977 3
55001 1
55009 1
55017 2
55021 1
55045 5
55057 2
55061 2
55073 1
55093 4
55109 2
55125 2
55129 2
55133 5
55145 6
55193 1
55197 1
55201 2
55205 4
55225 2
55241 3
55261 2
55285 1
55289 1
55297 1
55301 2
55305 4
55325 4
55333 2
55337 2
55357 1
55369 3
55381 4
55393 2
55421 2
55441 3
55445 6
55449 1
55457 2
55469 2
55477 3
55481 1
55485 1
55505 4
55525 5
55529 2
55553 1
55557 1
55577 5
55585 2
55597 1
55621 2
55625 1
55665 3
55673 1
55681 1
55697 1
55705 6
55709 2
55717 3
55733 2
55745 4
55757 1
55773 2
55777 3
55781 2
55793 1
55805 3
55809 1
55829 1
55837 1
55845 6
55861 3
55865 7
55885 3
55897 2
55921 2
55933 1
55949 1
55953 1
55969 1
55981 3
55985 4
55989 1
55997 2
56009 1
56033 2
56053 1
56057 1
56061 2
56065 2
56093 4
56101 1
56105 3
56113 1
56117 2
56125 3
56129 2
56137 3
56149 1
56169 2
56173 1
56185 3
56197 1
56205 2
56209 1
56225 6
56233 1
56237 1
56249 2
56257 4
56277 3
56285 5
56293 2
56305 2
56313 1
56321 3
56365 6
56377 3
56381 1
56405 3
56421 3
56425 8
56429 2
56437 3
56457 2
56477 4
56493 1
56497 1
56501 2
56521 1
56533 2
56537 1
56569 2
56585 2
56593 5
56597 1
56605 1
56621 2
56629 3
56641 1
56653 3
56657 1
56681 2
56693 4
56709 1
56713 1
56725 4
56737 3
56745 5
56765 2
56773 2
56781 2
56785 4
56789 4
56797 2
56813 2
56825 1
56845 2
56849 1
56853 2
56869 1
56873 1
56893 1
56909 3
56933 2
56941 2
56953 2
56957 2
56961 3
56965 1
56989 1
56993 1
57005 4
57037 1
57049 3
57065 4
57069 1
57073 1
57077 2
57085 1
57089 2
57097 3
57121 1
57125 5
57137 2
57149 1
57157 4
57161 2
57173 2
57177 1
57185 3
57193 1
57205 3
57217 1
57221 1
57241 1
57245 2
57265 7
57269 2
57301 1
57305 5
57313 2
57317 3
57325 5
57329 1
57341 1
57349 3
57357 2
57377 3
57389 1
57397 1
57401 3
57413 2
57425 2
57445 4
57461 2
57465 1
57473 3
57485 2
57517 7
57521 1
57545 4
57557 1
57565 3
57573 1
57601 3
57605 3
57609 1
57613 3
57625 5
57637 1
57641 1
57649 1
57653 3
57661 1
57677 3
57681 4
57689 1
57697 1
57713 2
57717 1
57721 2
57725 2
57733 3
57737 2
57745 6
57769 4
57773 1
57781 1
57789 1
57797 1
57809 1
57825 4
57829 1
57869 3
57881 2
57889 7
57913 3
57917 1
57929 5
57941 2
57961 1
57965 3
57985 1
58005 1
58021 1
58041 1
58049 3
58073 1
58081 2
58085 4
58097 6
58109 3
58133 1
58141 4
58145 2
58153 1
58165 1
58181 3
58189 2
58201 1
58217 1
58225 3
58253 2
58257 2
58261 2
58277 1
58285 3
58297 3
58301 2
58309 1
58321 1
58325 3
58329 1
58361 1
58365 2
58393 1
58405 3
58409 1
58445 3
58453 1
58457 2
58473 2
58477 2
58481 2
58493 3
58505 4
58537 4
58545 1
58549 2
58561 5
58565 8
58573 3
58585 2
58601 1
58613 1
58621 1
58633 2
58645 3
58661 2
58669 3
58685 2
58689 1
58721 1
58725 2
58733 1
58757 1
58761 3
58769 4
58789 1
58825 7
58829 1
58837 2
58841 3
58853 3
58865 3
58889 1
58897 1
58901 1
58921 2
58925 2
58945 5
58969 3
58973 2
58981 1
58997 1
59005 1
59009 2
59021 1
59029 1
59045 1
59053 1
59057 2
59065 4
59077 2
59085 3
59089 5
59105 3
59113 1
59121 3
59137 2
59141 1
59149 1
59153 3
59165 4
59177 1
59189 3
59197 1
59201 1
59229 2
59233 3
59237 2
59245 9
59273 3
59281 1
59293 1
59305 2
59321 1
59333 1
59369 1
59373 3
59405 2
59417 1
59425 1
59437 1
59445 3
59449 3
59453 2
59461 1
59473 1
59485 2
59513 1
59517 4
59525 6
59533 3
59537 1
59553 2
59557 1
59585 3
59617 3
59621 1
59625 3
59629 2
59653 2
59657 2
59665 2
59669 3
59681 1
59705 1
59725 1
59729 2
59733 1
59749 1
59753 1
59761 5
59765 3
59769 1
59777 3
59797 1
59809 3
59825 4
59833 2
59837 2
59841 1
59845 4
59849 3
59877 2
59881 3
59893 1
59897 6
59905 3
59921 3
59929 1
59933 2
59949 1
59957 1
59977 3
59993 3
60013 1
60017 1
60025 1
60057 1
60061 2
60065 3
60077 2
60085 5
60089 2
60101 1
60125 9
60133 1
60149 1
60161 4
60169 1
60185 3
60197 3
60201 5
60205 2
60217 1
60229 7
60245 2
60253 1
60265 7
60273 1
60281 3
60289 2
60293 1
60309 1
60337 4
60345 2
60349 2
60365 1
60377 2
60381 1
60385 9
60397 1
60409 2
60413 2
60417 1
60425 2
60437 2
60457 1
60469 2
60485 3
60497 1
60505 3
60509 1
60517 3
60521 2
60525 3
60541 2
60545 1
60565 3
60569 1
60581 3
60589 2
60601 2
60617 1
60625 5
60685 4
60689 1
60701 2
60713 2
60721 4
60733 1
60737 2
60741 2
60749 3
60773 2
60785 3
60805 2
60809 2
60813 2
60817 1
60821 1
60869 1
60889 1
60901 2
60905 3
60925 2
60937 2
60941 1
60953 1
60957 3
60961 1
60965 2
60997 1
61013 1
61025 2
61049 1
61069 2
61073 2
61081 3
61105 1
61109 1
61121 1
61129 1
61133 3
61137 3
61141 1
61165 5
61169 1
61181 4
61201 4
61205 2
61213 1
61217 1
61245 6
61253 1
61265 1
61277 2
61297 1
61317 2
61321 2
61345 3
61353 1
61373 1
61385 2
61393 1
61405 2
61409 1
61421 2
61441 1
61445 5
61461 1
61477 3
61489 2
61493 2
61497 1
61505 2
61513 4
61529 3
61549 2
61553 1
61561 1
61585 4
61589 2
61601 1
61605 1
61609 1
61613 1
61625 9
61641 2
61645 3
61661 3
61673 1
61681 1
61685 7
61717 2
61729 1
61741 1
61745 4
61753 3
61757 1
61781 1
61785 2
61789 1
61793 1
61813 3
61825 3
61829 6
61865 1
61885 3
61893 1
61909 3
61913 6
61933 2
61937 3
61945 4
61965 1
61973 1
61981 1
62005 1
62017 1
62021 5
62033 3
62037 2
62045 7
62053 2
62065 1
62101 3
62105 1
62129 1
62137 1
62141 1
62145 2
62165 3
62177 1
62185 3
62197 5
62201 1
62253 3
62257 3
62269 4
62281 4
62285 3
62289 2
62297 1
62305 1
62309 1
62317 2
62325 3
62329 1
62345 3
62361 3
62365 2
62413 2
62437 1
62441 1
62449 1
62465 2
62477 1
62485 1
62497 1
62501 2
62525 4
62541 1
62561 1
62569 3
62573 1
62577 4
62581 1
62585 2
62593 1
62597 3
62609 4
62617 1
62621 3
62641 2
62653 3
62669 1
62701 1
62705 2
62725 7
62729 1
62753 2
62761 1
62765 1
62785 5
62789 1
62801 1
62845 2
62849 9
62861 1
62869 1
62873 2
62893 1
62901 2
62917 4
62921 2
62945 1
62957 1
62965 3
62969 1
62973 2
62981 2
62989 3
63001 1
63005 1
63013 3
63017 7
63025 6
63029 1
63037 3
63053 4
63065 3
63073 2
63097 3
63101 2
63113 1
63117 1
63125 5
63145 3
63149 2
63157 2
63161 3
63193 3
63205 1
63225 3
63229 1
63233 2
63241 2
63257 2
63265 2
63277 1
63297 1
63313 1
63325 7
63337 1
63353 2
63361 1
63377 1
63401 2
63405 2
63409 1
63433 4
63445 1
63461 6
63485 1
63493 1
63505 3
63509 2
63513 2
63521 3
63529 6
63541 1
63553 1
63557 2
63565 2
63585 2
63589 1
63601 2
63605 3
63621 2
63625 1
63629 2
63653 2
63673 1
63677 1
63689 2
63709 1
63713 2
63725 3
63729 2
63765 3
63773 3
63781 1
63785 2
63793 1
63817 1
63837 6
63841 1
63845 2
63865 5
63869 2
63893 1
63901 1
63905 5
63913 3
63925 2
63929 1
63937 1
63981 1
63989 1
63997 1
64013 2
64025 7
64045 1
64081 2
64089 1
64105 1
64109 2
64117 1
64121 2
64145 3
64153 1
64157 1
64165 4
64177 2
64181 2
64189 3
64205 3
64213 2
64217 3
64233 3
64237 2
64265 3
64269 2
64289 2
64297 1
64305 2
64313 2
64337 4
64345 4
64373 1
64381 1
64409 3
64441 1
64445 4
64465 2
64485 2
64493 1
64517 5
64525 5
64529 3
64541 4
64549 1
64553 1
64557 1
64565 3
64585 3
64601 2
64609 1
64613 1
64621 3
64633 2
64637 3
64649 4
64661 2
64685 4
64709 2
64717 1
64721 5
64729 1
64741 3
64753 3
64765 3
64793 1
64805 4
64817 1
64825 3
64829 4
64853 1
64861 1
64865 5
64873 3
64877 1
64881 1
64901 1
64909 1
64921 1
64969 1
64985 4
64997 1
65005 4
65025 5
65033 2
65041 2
65045 3
65053 1
65061 1
65105 1
65125 2
65137 5
65161 1
65165 4
65169 3
65185 3
65201 2
65209 3
65221 5
65225 5
65237 3
65245 2
65257 1
65273 3
65281 2
65305 3
65309 2
65341 1
65349 2
65353 2
65357 1
65365 6
65393 2
65425 1
65437 1
65453 2
65461 1
65465 2
65477 2
65501 2
65509 3
65525 1
65529 1
65545 1
65557 1
65561 2
65581 1
65585 5
65601 5
65605 1
65609 1
65629 1
65633 2
65641 1
65669 3
65677 1
65705 3
65709 1
65713 2
65717 1
65741 1
65749 3
65773 3
65777 1
65801 3
65825 2
65845 3
65881 1
65885 1
65889 2
65897 5
65905 4
65909 1
65917 2
65925 3
65929 1
65945 3
65953 4
65957 2
65969 2
65977 1
65993 1
66001 1
66037 4
66049 1
66053 1
66065 6
66085 5
66089 1
66105 4
66109 1
66113 3
66125 2
66133 3
66137 1
66141 1
66145 4
66149 5
66161 1
66181 2
66193 3
66197 5
66205 3
66249 2
66265 5
66293 1
66305 3
66313 4
66337 2
66357 2
66365 3
66389 5
66413 2
66445 5
66449 1
66457 2
66461 1
66469 2
66497 2
66509 2
66529 1
66533 2
66537 1
66545 3
66553 1
66565 4
66569 1
66573 2
66593 1
66601 1
66613 4
66625 7
66645 3
66653 2
66673 4
66685 3
66725 3
66733 4
66753 1
66761 2
66785 1
66789 1
66793 2
66809 2
66821 2
66833 5
66845 5
66853 2
66889 2
66901 1
66905 1
66917 3
66925 3
66949 1
66961 3
66973 3
66977 1
66985 2
66989 1
67005 3
67009 1
67033 1
67049 1
67057 1
67061 1
67073 1
67081 1
67085 1
67093 1
67105 4
67117 1
67129 1
67145 3
67149 1
67153 2
67185 4
67205 1
67213 1
67217 1
67225 3
67253 2
67261 3
67277 2
67297 3
67325 2
67337 7
67345 1
67349 4
67357 2
67369 2
67385 3
67397 2
67401 1
67405 7
67409 2
67421 1
67429 2
67433 3
67453 1
67457 2
67477 1
67481 1
67489 1
67493 1
67509 2
67513 1
67525 7
67537 1
67541 1
67561 1
67565 1
67577 1
67609 5
67625 6
67649 2
67653 1
67657 1
67669 3
67681 3
67685 3
67709 1
67717 2
67721 2
67729 1
67733 1
67741 1
67757 3
67765 1
67769 1
67777 2
67801 1
67813 4
67817 2
67825 1
67853 1
67865 2
67885 2
67889 2
67913 1
67933 1
67937 2
67941 1
67957 2
67961 1
67973 1
67981 1
67985 1
67993 1
67997 1
68017 1
68029 1
68041 2
68049 2
68053 1
68065 2
68081 7
68085 4
68105 6
68113 1
68121 1
68125 5
68129 6
68137 3
68185 2
68193 1
68209 2
68221 3
68237 2
68245 2
68261 3
68265 3
68269 1
68281 2
68301 2
68317 1
68329 1
68345 1
68353 1
68357 2
68377 4
68393 5
68401 3
68405 1
68441 2
68445 2
68449 1
68465 1
68473 1
68485 2
68501 4
68525 5
68545 1
68561 6
68581 3
68589 1
68597 1
68605 1
68625 5
68633 2
68645 1
68653 4
68669 1
68681 1
68689 2
68693 1
68697 2
68725 2
68737 1
68749 1
68753 4
68765 6
68773 1
68785 2
68797 5
68813 1
68825 1
68833 1
68841 1
68845 4
68849 1
68857 7
68861 3
68869 2
68917 1
68921 1
68933 3
68945 4
68953 2
68965 4
68969 2
68993 1
69005 6
69021 1
69029 1
69057 1
69073 2
69085 5
69093 2
69109 1
69129 1
69133 3
69145 6
69165 8
69169 1
69173 2
69185 3
69193 1
69205 3
69221 1
69233 1
69237 2
69241 1
69257 1
69277 3
69281 2
69301 2
69313 1
69329 3
69337 1
69341 4
69373 2
69381 2
69389 2
69397 2
69413 1
69417 1
69425 2
69433 2
69453 1
69473 1
69481 2
69497 5
69505 2
69541 4
69565 1
69569 3
69589 5
69593 1
69605 2
69625 3
69649 4
69665 5
69669 2
69705 2
69709 1
69725 5
69733 1
69745 7
69761 1
69777 2
69785 3
69809 2
69813 1
69817 2
69821 2
69845 1
69857 3
69865 3
69869 2
69877 1
69885 1
69921 1
69925 3
69929 1
69953 2
69985 3
69997 3
70001 1
70009 1
70013 3
70021 1
70025 2
70057 3
70061 1
70069 1
70093 1
70101 2
70121 1
70137 1
70141 3
70145 1
70153 2
70157 2
70165 2
70177 3
70181 1
70193 2
70209 2
70217 1
70225 4
70229 1
70241 3
70249 3
70297 1
70309 3
70325 4
70337 2
70353 1
70369 1
70373 2
70397 4
70405 2
70409 2
70421 1
70425 3
70445 6
70457 1
70465 2
70481 1
70489 2
70493 4
70529 1
70533 5
70561 4
70573 1
70577 5
70601 1
70625 2
70669 2
70673 1
70677 2
70681 2
70717 1
70729 1
70733 5
70745 1
70753 1
70757 3
70781 4
70785 2
70793 1
70801 2
70805 4
70825 1
70857 2
70865 1
70877 2
70885 7
70925 2
70933 2
70937 1
70957 2
70969 2
70981 1
70985 1
71009 2
71037 1
71045 2
71053 1
71069 2
71073 3
71077 2
71081 3
71089 1
71101 1
71105 1
71117 3
71125 4
71149 3
71161 1
71177 1
71189 3
71197 1
71209 1
71217 3
71245 1
71249 1
71261 1
71285 2
71289 1
71293 1
71305 5
71317 1
71321 1
71325 2
71329 1
71341 2
71353 1
71377 2
71381 1
71405 1
71417 3
71425 4
71429 1
71473 1
71485 4
71513 2
71521 3
71525 2
71537 2
71545 5
71549 1
71605 1
71609 1
71613 2
71633 1
71669 4
71677 2
71689 1
71693 2
71705 1
71713 1
71717 1
71721 2
71749 1
71761 3
71773 6
71789 1
71809 2
71821 2
71825 11
71833 2
71845 3
71873 4
71893 1
71905 10
71909 1
71933 1
71937 4
71941 3
71945 2
71965 3
71989 1
72001 1
72005 2
72041 1
72045 2
72049 1
72053 1
72077 2
72081 1
72085 2
72097 1
72101 2
72109 3
72113 2
72125 6
72133 2
72153 1
72161 1
72185 1
72189 5
72217 2
72245 1
72265 4
72297 2
72301 3
72305 1
72313 1
72341 1
72365 8
72377 2
72397 3
72421 1
72425 1
72445 2
72461 1
72469 2
72477 2
72481 2
72497 1
72505 2
72529 4
72553 1
72557 2
72581 6
72585 2
72605 2
72617 2
72649 3
72665 3
72673 1
72685 3
72693 2
72725 5
72729 1
72733 1
72745 2
72761 3
72769 2
72773 3
72781 2
72785 1
72797 1
72801 3
72805 2
72833 1
72837 1
72845 3
72857 2
72893 3
72901 1
72913 4
72925 5
72945 1
72949 1
72953 1
72977 2
73001 2
73009 1
73013 1
73021 4
73049 4
73053 1
73069 1
73105 2
73109 1
73121 2
73125 7
73133 1
73157 3
73165 5
73177 2
73193 3
73205 2
73225 3
73237 1
73265 2
73277 1
73305 1
73309 1
73333 1
73341 2
73345 2
73349 1
73357 1
73361 1
73385 3
73405 2
73421 1
73429 1
73445 5
73457 6
73477 2
73481 4
73489 2
73505 6
73525 7
73529 3
73553 1
73561 1
73565 3
73585 1
73589 2
73593 5
73597 2
73609 1
73637 1
73665 1
73681 1
73685 4
73693 1
73705 2
73709 1
73721 1
73729 3
73757 1
73765 3
73781 3
73789 2
73805 4
73825 2
73841 2
73849 2
73861 1
73881 2
73889 1
73897 1
73921 1
73925 3
73933 4
73949 1
73957 2
73973 2
73989 1
74005 2
74009 1
74029 1
74033 1
74065 1
74069 3
74077 1
74097 1
74105 2
74113 1
74117 2
74125 5
74133 1
74137 2
74149 1
74153 2
74177 1
74185 3
74197 1
74201 1
74205 4
74209 1
74225 3
74237 2
74269 4
74273 1
74293 3
74321 2
74341 2
74353 1
74377 4
74381 2
74421 2
74425 1
74441 1
74449 2
74457 1
74465 3
74477 1
74485 2
74489 1
74513 2
74529 2
74533 1
74545 1
74561 2
74573 1
74581 2
74593 2
74629 1
74633 2
74645 2
74653 3
74657 1
74665 5
74677 2
74693 2
74713 1
74717 1
74725 3
74737 1
74749 1
74797 1
74821 1
74825 8
74845 2
74849 2
74861 1
74873 2
74885 1
74889 4
74909 1
74925 4
74933 2
74941 3
74945 2
74953 1
74961 1
74969 2
74997 2
75013 1
75017 1
75025 3
75037 2
75041 2
75073 4
75077 2
75085 2
75101 4
75105 3
75109 1
75125 4
75133 1
75149 1
75157 1
75161 1
75181 1
75197 3
75205 3
75213 5
75217 3
75245 3
75253 1
75265 1
75269 4
75277 2
75289 2
75301 2
75305 4
75313 1
75321 1
75353 1
75365 1
75385 1
75389 2
75429 4
75433 2
75457 4
75501 2
75505 2
75517 2
75533 1
75541 2
75545 2
75553 1
75569 3
75589 1
75625 2
75629 3
75641 1
75645 2
75653 1
75661 4
75665 5
75673 3
75689 1
75701 4
75721 1
75725 7
75737 2
75745 1
75773 1
75793 2
75797 1
75805 3
75825 3
75841 1
75853 2
75865 1
75869 1
75881 2
75893 4
75897 1
75901 1
75913 1
75917 3
75937 1
75941 1
75949 3
75961 1
75973 3
75989 1
75997 1
76001 2
76009 2
76025 3
76037 1
76049 2
76081 1
76085 1
76097 1
76141 1
76145 3
76149 1
76165 2
76177 2
76185 3
76189 1
76193 1
76201 2
76205 1
76213 1
76221 3
76225 2
76253 2
76261 1
76273 1
76289 1
76293 1
76301 4
76309 1
76333 1
76365 1
76369 2
76401 1
76409 1
76445 2
76457 3
76465 6
76473 1
76481 1
76525 3
76537 1
76541 2
76553 1
76577 1
76585 6
76597 1
76617 1
76621 1
76625 3
76633 2
76645 2
76649 1
76673 1
76689 2
76697 2
76705 4
76717 1
76721 2
76729 4
76733 2
76745 2
76753 2
76757 1
76765 6
76789 1
76793 2
76801 1
76805 2
76829 2
76833 1
76865 1
76869 3
76873 3
76885 2
76905 1
76913 1
76921 2
76925 9
76957 1
76985 6
76997 2
77005 2
77009 1
77017 1
77029 1
77053 6
77065 2
77069 2
77077 4
77081 3
77125 3
77129 5
77137 1
77153 2
77157 1
77173 2
77193 1
77201 1
77213 3
77225 5
77229 1
77233 3
77249 2
77261 1
77265 1
77281 2
77285 7
77305 1
77317 1
77337 2
77365 2
77377 3
77389 3
77393 2
77401 2
77405 4
77417 2
77445 1
77449 3
77465 2
77477 1
77485 1
77489 1
77509 1
77513 1
77537 2
77545 1
77549 1
77557 1
77569 1
77617 1
77629 1
77633 4
77641 1
77661 1
77669 3
77677 2
77681 2
77705 3
77713 1
77725 3
77741 1
77769 2
77773 1
77797 1
77801 2
77813 1
77837 1
77845 3
77849 1
77877 5
77885 4
77893 2
77909 2
77929 1
77933 1
77941 1
77953 2
77977 2
77981 1
77985 2
78013 4
78017 1
78021 1
78025 5
78041 1
78049 1
78053 1
78065 2
78093 1
78097 1
78101 1
78121 1
78125 7
78137 2
78149 1
78181 2
78205 3
78209 2
78233 2
78241 1
78245 2
78253 2
78301 2
78325 5
78329 4
78341 1
78345 2
78373 1
78377 2
78385 3
78401 1
78409 1
78417 1
78425 1
78433 1
78445 1
78449 2
78493 1
78497 1
78509 1
78517 2
78521 3
78525 1
78557 2
78625 15
78629 2
78633 2
78665 1
78669 1
78677 2
78685 2
78689 1
78737 4
78741 1
78761 3
78781 1
78797 2
78805 2
78809 1
78817 2
78821 1
78829 4
78841 2
78845 5
78849 1
78857 2
78865 5
78885 1
78889 1
78917 1
78929 1
78937 5
78961 1
78965 5
78997 1
79025 1
79033 1
79045 2
79049 2
79061 3
79069 2
79085 4
79105 1
79117 2
79133 1
79137 2
79141 1
79157 1
79169 3
79181 1
79201 1
79209 2
79213 1
79217 2
79225 6
79241 1
79253 1
79273 1
79285 3
79301 1
79309 1
79313 4
79333 1
79361 1
79385 3
79405 3
79417 1
79425 2
79429 2
79433 1
79441 1
79445 1
79461 4
79469 4
79481 2
79489 2
79493 1
79497 3
79525 5
79537 1
79573 1
79589 1
79605 4
79613 1
79625 4
79633 1
79637 7
79641 1
79645 2
79657 1
79661 1
79669 1
79685 2
79697 2
79721 1
79729 1
79745 4
79749 1
79753 1
79757 1
79769 2
79777 1
79781 3
79785 3
79813 3
79821 2
79837 1
79861 1
79873 1
79885 4
79889 1
79897 2
79901 2
79909 2
79913 1
79921 2
79957 1
79965 1
79973 2
79981 1
79985 6
80005 2
80021 1
80053 2
80077 1
80081 6
80089 1
80093 2
80105 5
80125 1
80141 1
80145 6
80149 1
80165 1
80189 6
80209 1
80213 1
80225 1
80233 1
80253 1
80257 3
80273 1
80285 1
80305 3
80345 1
80365 2
80369 1
80393 1
80401 1
80405 4
80413 4
80425 1
80441 5
80449 1
80461 1
80485 2
80489 3
80497 3
80505 2
80525 4
80533 1
80545 3
80561 2
80581 1
80609 1
80613 1
80645 2
80665 4
80669 1
80705 3
80725 5
80761 1
80765 5
80777 1
80789 2
80801 1
80821 3
80825 6
80837 1
80849 1
80873 2
80881 1
80897 1
80917 2
80953 2
80957 3
80965 1
80977 2
81001 3
81005 2
81013 1
81041 1
81045 1
81049 1
81077 1
81085 3
81101 1
81113 2
81145 1
81161 1
81185 2
81205 3
81209 3
81217 3
81225 2
81229 3
81233 1
81241 1
81245 1
81253 2
81261 1
81265 3
81269 1
81289 3
81293 1
81317 5
81325 3
81341 2
81349 1
81353 2
81365 3
81373 1
81385 1
81401 1
81413 1
81425 4
81433 3
81441 1
81457 1
81461 2
81469 3
81481 1
81509 1
81517 2
81549 1
81553 1
81577 1
81601 4
81625 1
81637 2
81665 1
81677 1
81685 1
81693 3
81701 1
81713 3
81729 1
81733 1
81737 1
81749 1
81773 2
81781 2
81797 4
81801 2
81805 1
81817 2
81821 2
81845 1
81869 2
81877 2
81889 1
81901 2
81905 1
81917 2
81925 3
81953 1
81965 3
82009 1
82013 2
82017 1
82025 2
82045 1
82053 2
82085 1
82097 3
82105 4
82125 5
82129 2
82141 2
82153 1
82157 1
82165 1
82177 1
82189 1
82193 2
82197 1
82205 4
82241 2
82249 1
82261 1
82273 1
82277 2
82309 1
82325 2
82333 3
82337 1
82361 1
82369 1
82373 1
82381 2
82385 4
82405 1
82413 1
82421 2
82433 4
82457 1
82465 4
82505 2
82513 1
82525 1
82549 1
82561 1
82565 2
82589 3
82609 1
82625 3
82633 1
82645 1
82681 2
82693 3
82697 1
82701 1
82717 2
82729 1
82737 3
82741 3
82765 3
82769 2
82781 2
82813 5
82825 1
82829 1
82849 1
82853 3
82865 2
82889 1
82909 1
82913 1
82921 1
82945 3
82949 1
82953 3
82969 2
82993 1
82997 1
83005 5
83009 3
83025 6
83045 2
83053 1
83057 3
83065 5
83089 1
83113 2
83117 1
83129 1
83137 1
83153 1
83161 2
83165 1
83189 2
83213 8
83225 4
83245 1
83273 1
83285 3
83305 2
83313 1
83317 9
83341 1
83365 2
83369 3
83385 6
83417 2
83441 2
83453 1
83465 2
83473 4
83477 4
83493 1
83509 4
83521 2
83525 4
83529 3
83537 3
83561 1
83569 2
83585 3
83597 1
83621 1
83637 1
83641 1
83645 1
83653 1
83681 4
83705 1
83725 4
83729 4
83737 3
83749 3
83773 2
83777 2
83813 3
83821 1
83837 3
83845 7
83857 2
83861 2
83869 1
83873 1
83905 2
83921 1
83925 2
83929 2
83933 2
83969 1
83981 2
83997 1
84005 1
84013 1
84025 3
84033 1
84097 2
84101 1
84109 1
84121 1
84125 1
84133 1
84145 5
84169 2
84173 1
84181 1
84185 1
84197 2
84221 1
84241 1
84257 1
84305 2
84313 1
84325 5
84329 1
84337 3
84349 3
84361 1
84393 1
84397 1
84421 2
84445 1
84457 1
84461 3
84465 1
84473 1
84481 2
84485 4
84501 1
84505 1
84521 2
84541 2
84545 1
84565 2
84593 1
84625 1
84629 1
84649 2
84677 3
84681 1
84685 1
84697 1
84701 1
84713 1
84717 2
84725 3
84737 1
84745 1
84761 2
84773 2
84781 2
84793 1
84809 1
84821 2
84825 3
84829 1
84853 2
84869 1
84877 3
84881 1
84905 3
84933 2
84937 1
84941 3
84961 2
84977 1
84989 1
85005 1
85021 2
85045 3
85049 2
85061 1
85069 5
85081 1
85105 2
85109 3
85113 3
85121 1
85145 1
85153 5
85165 1
85193 1
85205 2
85213 1
85221 1
85229 1
85237 2
85273 2
85277 1
85285 1
85289 2
85293 2
85301 3
85321 2
85325 1
85345 3
85361 1
85369 2
85385 1
85397 1
85417 2
85429 1
85433 1
85453 1
85473 1
85489 1
85501 4
85505 1
85513 2
85545 2
85553 2
85565 3
85577 1
85581 1
85585 1
85601 1
85625 5
85637 2
85649 2
85669 2
85685 3
85689 1
85705 6
85717 2
85733 1
85753 2
85761 1
85765 3
85781 1
85789 4
85805 1
85817 2
85825 3
85829 3
85837 2
85849 3
85865 6
85885 4
85909 2
85945 2
85949 4
85969 1
85973 2
85977 1
85985 4
85993 2
86021 2
86029 2
86045 1
86069 1
86085 1
86101 2
86105 5
86117 2
86125 13
86137 1
86153 2
86161 1
86173 3
86193 1
86197 1
86201 1
86213 1
86225 2
86249 2
86269 2
86281 1
86285 1
86293 2
86305 2
86309 2
86321 1
86333 2
86337 2
86353 2
86357 1
86409 1
86425 1
86437 4
86445 2
86453 1
86461 1
86465 1
86477 2
86509 3
86517 1
86525 3
86557 2
86561 1
86593 2
86605 1
86609 2
86617 3
86629 1
86633 1
86657 2
86665 2
86677 2
86681 2
86689 1
86701 3
86705 3
86717 6
86725 4
86729 1
86749 2
86785 1
86797 2
86857 1
86861 2
86873 2
86885 4
86897 4
86909 1
86913 1
86921 2
86953 2
86965 5
86985 2
86993 1
87001 2
87005 1
87013 1
87029 2
87037 1
87041 1
87057 1
87061 3
87073 1
87085 1
87089 1
87113 1
87125 4
87133 2
87145 5
87149 1
87165 7
87169 2
87209 2
87217 1
87221 1
87269 4
87273 1
87281 1
87289 1
87309 1
87337 2
87349 2
87365 3
87385 2
87397 3
87413 1
87425 3
87445 1
87449 2
87485 1
87525 6
87541 1
87545 1
87581 2
87589 1
87597 1
87617 1
87625 5
87629 1
87641 1
87649 1
87665 4
87697 1
87705 2
87725 4
87737 1
87781 1
87785 2
87797 1
87805 1
87817 4
87841 4
87845 5
87853 1
87865 2
87869 1
87877 2
87893 3
87905 1
87917 1
87921 1
87925 1
87949 1
87953 1
87957 2
87965 1
87973 1
87977 1
87985 2
88029 1
88045 4
88049 2
88057 2
88069 1
88073 4
88097 1
88129 2
88145 5
88181 1
88189 1
88209 1
88237 1
88245 2
88249 1
88285 2
88301 1
88309 3
88325 1
88337 2
88349 4
88357 2
88405 2
88445 1
88453 1
88457 1
88465 3
88493 2
88525 2
88541 5
88549 2
88553 1
88565 1
88569 1
88577 4
88621 3
88625 4
88633 2
88661 2
88681 1
88685 2
88693 1
88705 3
88721 1
88729 2
88733 3
88765 4
88769 2
88777 2
88785 1
88801 1
88805 1
88813 1
88817 2
88829 2
88841 2
88853 1
88857 1
88861 1
88885 3
88897 1
88925 2
88933 2
88937 1
88945 2
88961 2
88973 3
88981 2
88985 4
88997 1
89009 1
89017 1
89029 4
89037 1
89041 1
89057 1
89077 2
89093 3
89101 1
89109 1
89113 1
89137 1
89141 2
89185 1
89213 1
89233 2
89237 4
89269 1
89273 1
89297 1
89305 2
89325 4
89365 5
89393 1
89401 1
89405 1
89413 3
89425 3
89429 2
89449 2
89461 2
89465 5
89489 2
89505 3
89521 1
89525 1
89533 1
89541 1
89557 1
89561 3
89577 1
89581 2
89597 2
89605 2
89609 3
89633 1
89641 3
89645 4
89653 1
89685 2
89725 3
89729 1
89765 2
89777 2
89785 1
89797 1
89801 3
89809 1
89825 3
89865 1
89885 2
89893 2
89897 1
89905 1
89909 1
89921 1
89945 6
89973 1
89977 1
89989 1
90001 1
90009 2
90017 1
90025 4
90029 1
90049 1
90053 2
90077 3
90089 1
90113 1
90133 1
90145 2
90149 1
90157 4
90161 2
90169 1
90185 1
90205 4
90225 1
90245 1
90253 1
90289 1
90305 3
90325 2
90337 1
90341 1
90361 2
90373 1
90385 3
90389 2
90405 1
90425 1
90441 1
90445 1
90457 1
90481 2
90493 1
90509 1
90513 3
90529 2
90533 2
90557 1
90577 1
90589 1
90593 1
90617 1
90625 4
90637 3
90653 1
90661 4
90665 3
90721 1
90729 1
90745 4
90749 1
90793 1
90797 1
90817 4
90821 1
90829 2
90833 1
90837 1
90841 2
90857 6
90865 2
90889 1
90901 1
90905 1
90913 2
90917 1
90925 2
90961 3
90973 1
90997 1
91001 1
91013 4
91081 2
91089 1
91125 1
91141 1
91145 1
91165 3
91169 3
91177 4
91193 1
91205 5
91225 3
91237 2
91249 1
91265 1
91285 1
91305 1
91309 1
91325 2
91337 1
91345 5
91369 1
91381 1
91385 2
91397 1
91405 5
91417 2
91429 1
91445 5
91449 1
91477 1
91505 2
91517 1
91529 1
91565 3
91585 2
91593 1
91613 3
91621 1
91625 3
91629 1
91645 2
91649 2
91669 1
91673 1
91709 1
91717 3
91733 1
91741 1
91753 1
91765 2
91777 1
91801 2
91809 1
91825 4
91841 1
91849 1
91897 2
91901 3
91909 1
91925 1
91953 5
91957 1
91969 2
91985 3
92005 1
92021 1
92025 2
92045 2
92053 1
92061 3
92065 3
92081 1
92089 2
92105 7
92129 3
92133 1
92165 4
92173 2
92177 1
92189 1
92201 2
92209 5
92221 3
92233 2
92269 3
92273 1
92277 2
92285 1
92297 1
92357 1
92365 2
92377 1
92385 2
92401 1
92405 1
92413 1
92425 5
92465 1
92485 4
92489 1
92497 2
92501 3
92525 3
92537 3
92557 1
92569 2
92573 3
92581 2
92585 2
92593 1
92605 1
92633 4
92641 1
92669 1
92677 4
92681 3
92705 1
92725 2
92737 2
92745 3
92749 3
92761 2
92773 1
92777 1
92781 2
92789 1
92809 1
92821 1
92857 4
92861 1
92881 1
92885 3
92893 1
92905 2
92921 1
92945 2
92965 1
92977 1
93025 7
93033 1
93041 6
93053 1
93061 4
93101 1
93105 1
93109 1
93125 1
93133 2
93145 3
93169 1
93185 2
93213 2
93217 1
93221 3
93245 3
93249 1
93253 1
93293 1
93301 3
93325 1
93329 1
93349 1
93361 2
93377 1
93393 1
93409 1
93413 1
93425 4
93433 1
93481 1
93497 1
93505 4
93509 2
93517 1
93545 6
93553 2
93565 1
93573 1
93581 3
93601 2
93605 1
93637 2
93641 1
93645 1
93661 1
93677 4
93685 3
93701 1
93721 3
93757 6
93761 1
93769 3
93789 1
93805 3
93809 1
93829 2
93845 1
93857 3
93881 1
93889 1
93893 1
93897 1
93901 2
93925 9
93969 2
93977 1
93985 4
93997 1
94005 2
94009 1
94013 2
94025 3
94049 1
94077 1
94081 2
94097 1
94109 1
94113 1
94133 1
94153 1
94165 2
94169 1
94177 1
94181 1
94221 2
94225 3
94229 1
94249 1
94253 1
94261 1
94265 1
94273 1
94285 2
94289 1
94301 2
94309 1
94313 5
94321 2
94337 3
94345 2
94349 1
94365 1
94393 4
94397 1
94401 2
94421 1
94429 3
94445 3
94453 1
94477 1
94489 1
94505 4
94509 1
94529 1
94561 1
94565 1
94609 4
94617 1
94625 1
94637 1
94649 1
94653 2
94669 1
94673 1
94685 5
94693 2
94697 2
94709 2
94717 1
94725 3
94733 1
94741 3
94757 1
94769 1
94777 1
94781 1
94817 1
94825 3
94833 2
94849 1
94861 2
94877 1
94889 1
94913 1
94925 2
94945 1
94973 5
94977 2
94985 2
95005 4
95017 1
95021 1
95041 2
95085 2
95089 1
95125 5
95141 1
95149 2
95153 1
95173 1
95185 1
95189 1
95213 1
95225 2
95233 1
95265 1
95297 3
95305 1
95329 3
95345 1
95365 1
95369 1
95405 1
95429 2
95441 1
95453 1
95461 1
95465 1
95485 4
95489 1
95497 4
95509 1
95525 3
95537 2
95545 1
95561 2
95569 1
95593 1
95605 1
95621 1
95625 9
95633 2
95653 2
95677 2
95693 2
95701 1
95705 1
95713 1
95717 1
95729 2
95797 4
95813 2
95825 2
95845 1
95849 2
95897 1
95941 4
95965 4
95981 3
96001 1
96013 1
96037 2
96065 1
96077 1
96089 1
96097 3
96125 2
96137 1
96149 3
96161 2
96169 2
96237 3
96241 2
96245 1
96253 4
96269 1
96281 1
96289 1
96293 1
96325 2
96337 1
96345 2
96361 2
96373 1
96377 1
96381 3
96385 2
96421 1
96433 1
96445 1
96457 1
96473 2
96505 2
96533 3
96545 3
96601 1
96629 1
96637 1
96641 3
96665 1
96673 2
96677 2
96685 2
96697 4
96709 2
96713 1
96725 7
96781 1
96785 5
96829 1
96841 1
96857 1
96869 1
96889 6
96893 1
96905 1
96925 4
96941 1
96953 1
96973 1
96977 1
96989 1
96997 1
97025 2
97029 2
97045 2
97081 2
97105 1
97121 8
97133 1
97157 1
97165 1
97169 3
97177 1
97189 1
97201 1
97205 4
97213 1
97225 1
97245 3
97253 5
97297 1
97325 3
97353 2
97357 1
97381 1
97393 1
97397 2
97425 2
97429 1
97461 1
97465 3
97469 1
97501 1
97505 1
97513 5
97529 1
97533 2
97553 1
97569 2
97585 4
97597 2
97649 1
97661 1
97677 1
97705 1
97721 2
97729 1
97733 2
97745 2
97749 2
97765 4
97777 1
97781 1
97785 1
97813 1
97817 1
97849 1
97865 1
97873 1
97877 3
97885 3
97893 1
97921 4
97925 3
97949 4
97961 1
97969 1
97985 3
97997 1
98001 1
98005 1
98017 1
98033 2
98041 1
98045 1
98069 3
98081 3
98093 1
98113 1
98125 3
98129 1
98137 1
98149 1
98185 3
98209 3
98213 1
98225 2
98237 5
98245 2
98253 1
98257 1
98269 1
98281 1
98293 1
98297 1
98305 1
98309 1
98345 2
98389 2
98397 5
98405 2
98437 2
98449 1
98453 1
98473 1
98485 2
98489 1
98501 4
98533 2
98545 4
98577 1
98605 6
98617 2
98633 3
98645 1
98649 3
98657 1
98669 1
98689 1
98701 3
98713 1
98717 1
98741 1
98753 1
98765 1
98773 1
98801 1
98821 1
98833 1
98845 3
98849 3
98881 2
98885 1
98897 1
98937 1
98953 1
98957 1
98965 1
98977 1
99005 1
99025 6
99037 1
99041 1
99053 1
99073 1
99081 1
99089 1
99109 2
99125 3
99137 2
99157 1
99181 1
99205 2
99221 1
99229 1
99233 1
99265 1
99289 2
99305 1
99317 1
99325 1
99341 1
99349 3
99369 2
99397 1
99409 1
99425 5
99433 1
99437 2
99481 1
99485 4
99493 1
99513 1
99557 2
99565 1
99569 2
99625 2
99637 2
99641 2
99685 1
99689 1
99697 1
99713 1
99725 3
99745 2
99761 1
99801 1
99805 1
99809 3
99817 1
99821 1
99829 1
99837 1
99853 1
99857 1
99865 3
99877 1
99881 1
99905 5
99909 1
99937 2
99961 2
99965 2
99973 1
99977 5
99985 1
99989 1
100009 2
100017 1
100025 2
100081 1
100085 1
100105 3
100117 1
100125 2
100129 2
100169 2
100189 1
100193 1
100205 1
100217 2
100229 2
100237 3
100249 1
100269 2
100277 3
100297 1
100313 2
100325 1
100337 1
100341 1
100357 3
100361 2
100381 1
100385 1
100393 1
100421 2
100445 3
100449 3
100501 1
100505 1
100521 1
100525 1
100549 1
100585 1
100589 1
100593 3
100601 3
100613 1
100633 1
100637 2
100645 1
100685 2
100733 2
100753 1
100805 5
100813 1
100817 1
100825 2
100841 3
100861 2
100865 1
100885 1
100945 3
100973 2
100981 1
100997 4
101005 2
101009 1
101025 1
101065 3
101089 1
101105 4
101125 3
101149 1
101165 4
101169 1
101173 1
101209 2
101225 2
101257 2
101273 1
101281 1
101309 1
101333 1
101341 1
101345 1
101349 2
101377 1
101393 2
101405 1
101429 1
101477 1
101513 1
101529 1
101537 1
101557 1
101561 1
101565 4
101569 1
101573 1
101581 1
101645 1
101665 2
101677 1
101693 1
101701 3
101713 4
101725 4
101741 1
101753 1
101761 1
101765 2
101777 1
101797 1
101809 1
101813 4
101825 4
101837 1
101845 2
101861 2
101873 1
101881 3
101905 7
101909 1
101917 3
101921 1
101945 1
101969 1
102017 2
102029 1
102061 1
102065 3
102085 2
102089 1
102097 1
102105 1
102121 1
102133 3
102205 3
102229 1
102233 1
102245 1
102257 1
102285 1
102301 2
102325 3
102337 1
102341 2
102385 3
102409 1
102425 3
102433 1
102437 2
102449 3
102457 1
102481 1
102493 1
102521 2
102537 1
102545 2
102565 1
102569 1
102589 1
102605 1
102625 4
102629 1
102645 1
102653 2
102661 3
102665 1
102673 1
102689 1
102713 1
102717 1
102761 1
102793 1
102805 3
102821 3
102825 3
102829 1
102857 4
102877 1
102881 2
102913 1
102917 2
102969 1
102973 2
103001 1
103025 2
103041 1
103045 4
103049 1
103057 1
103069 1
103077 4
103085 3
103093 2
103105 1
103121 2
103141 2
103145 2
103149 1
103153 1
103181 2
103193 1
103205 2
103213 2
103217 2
103237 1
103241 1
103273 1
103297 4
103321 3
103325 2
103337 1
103357 1
103361 2
103421 1
103429 2
103437 1
103441 3
103457 1
103465 2
103473 1
103489 3
103513 2
103525 4
103561 1
103573 1
103581 1
103585 2
103597 3
103617 3
103625 2
103637 1
103657 1
103681 2
103685 1
103689 2
103693 1
103709 2
103725 3
103733 1
103765 2
103777 1
103801 1
103805 4
103825 1
103853 3
103877 2
103905 1
103909 1
103925 4
103941 1
103945 3
103973 6
104021 2
104033 1
104045 2
104053 1
104065 1
104085 1
104089 2
104113 1
104117 3
104125 2
104149 1
104173 2
104213 1
104221 1
104229 1
104233 1
104249 1
104261 1
104273 4
104281 1
104285 1
104297 1
104309 1
104317 2
104329 1
104345 1
104353 2
104365 1
104369 3
104409 3
104413 1
104429 1
104449 1
104465 1
104485 1
104509 1
104525 2
104549 1
104569 1
104585 2
104589 1
104597 2
104609 3
104645 1
104653 1
104665 3
104677 1
104681 1
104693 1
104697 1
104701 1
104713 1
104737 4
104761 1
104773 2
104777 2
104801 4
104805 4
104813 1
104821 2
104837 2
104893 2
104913 1
104933 1
104981 1
104985 2
105001 1
105005 1
105025 3
105053 1
105057 1
105065 1
105085 1
105109 3
105113 2
105125 2
105129 1
105145 1
105157 2
105173 2
105185 1
105205 2
105229 2
105253 1
105265 5
105269 1
105309 3
105345 1
105349 1
105361 1
105381 2
105417 3
105425 1
105445 1
105453 1
105473 1
105485 5
105497 2
105505 1
105529 1
105561 3
105569 1
105613 1
105625 4
105689 2
105709 1
105713 2
105757 1
105769 1
105773 1
105821 2
105841 1
105885 7
105889 2
105893 4
105901 1
105937 4
105949 1
105953 2
105957 2
105965 3
105977 2
105993 1
106021 3
106025 1
106065 1
106085 1
106101 1
106105 1
106109 3
106117 1
106165 2
106177 3
106201 3
106217 2
106285 2
106289 2
106301 2
106313 1
106325 2
106333 1
106345 2
106353 4
106369 1
106405 2
106409 2
106433 2
106445 1
106453 1
106497 1
106501 1
106517 1
106537 1
106573 1
106601 1
106633 3
106641 2
106657 1
106741 1
106745 1
106749 2
106753 2
106781 1
106805 3
106825 2
106853 1
106861 2
106873 2
106885 3
106929 1
106933 1
106937 1
106945 2
106949 1
106965 1
106969 1
106985 1
107001 2
107029 3
107033 1
107077 2
107081 1
107125 2
107145 3
107161 1
107185 5
107189 2
107209 1
107225 1
107237 1
107273 1
107297 2
107309 1
107325 1
107357 1
107365 2
107413 2
107425 1
107441 1
107449 1
107453 2
107461 2
107465 2
107469 1
107497 1
107501 1
107505 3
107545 3
107549 1
107573 3
107593 1
107605 3
107609 2
107645 1
107689 1
107705 2
107741 1
107753 1
107761 1
107773 1
107797 1
107809 1
107837 1
107845 2
107861 2
107869 1
107897 1
107909 2
107929 2
107945 1
107969 3
108001 1
108013 3
108037 1
108045 3
108113 2
108125 2
108137 1
108153 3
108173 4
108197 1
108209 2
108225 9
108245 2
108277 2
108301 1
108305 3
108313 1
108329 2
108333 1
108349 1
108373 1
108377 1
108385 1
108397 1
108401 1
108413 1
108425 2
108445 1
108505 1
108517 1
108545 4
108557 1
108565 3
108589 1
108593 1
108621 1
108637 1
108641 2
108649 1
108657 1
108685 2
108693 1
108697 2
108709 3
108725 2
108765 2
108809 1
108817 1
108821 3
108829 2
108865 5
108909 1
108929 2
108937 1
108945 1
108953 3
108961 1
108981 1
109013 2
109021 2
109025 3
109045 2
109057 4
109069 1
109085 1
109105 1
109125 3
109169 2
109217 1
109225 5
109229 1
109233 1
109237 1
109261 2
109265 6
109289 1
109313 1
109325 4
109357 2
109381 1
109405 1
109409 1
109429 2
109513 3
109517 1
109525 1
109537 1
109541 1
109565 1
109577 1
109613 1
109625 2
109629 1
109645 2
109657 1
109665 1
109705 2
109717 1
109721 2
109737 2
109757 1
109765 3
109805 1
109817 3
109829 1
109841 1
109853 1
109881 1
109925 1
109937 4
109961 1
109969 2
109973 2
109981 3
109985 1
109997 1
110005 1
110017 1
110021 3
110041 1
110045 4
110065 1
110069 1
110097 1
110105 1
110113 2
110125 2
110129 1
110137 1
110149 2
110177 1
110185 1
110225 2
110233 2
110241 1
110245 1
110249 2
110273 1
110281 2
110293 2
110305 1
110345 2
110357 2
110365 1
110413 2
110421 2
110441 1
110449 3
110465 1
110513 1
110525 2
110533 1
110585 3
110593 1
110609 3
110641 1
110645 2
110665 2
110669 1
110717 1
110741 3
110749 1
110765 2
110809 1
110813 1
110849 1
110853 1
110857 1
110889 1
110893 5
110905 2
110921 1
110925 1
110933 2
110953 1
110961 1
110977 1
110989 1
111005 3
111025 2
111049 1
111065 4
111085 4
111121 1
111141 2
111157 1
111161 1
111213 1
111229 1
111233 3
111253 1
111269 1
111281 3
111289 1
111313 1
111317 1
111325 3
111337 1
111341 1
111357 1
111361 2
111365 1
111385 1
111409 2
111449 1
111465 1
111497 1
111505 1
111521 3
111553 3
111565 1
111593 1
111605 2
111637 2
111641 1
111673 1
111677 1
111681 1
111697 1
111709 4
111717 1
111725 2
111737 1
111745 2
111761 1
111773 1
111845 3
111861 1
111865 4
111869 2
111889 2
111917 2
111925 1
111949 1
111965 2
111977 2
111997 1
112025 1
112045 1
112069 1
112073 1
112085 1
112093 2
112113 1
112129 1
112149 1
112165 2
112185 2
112201 1
112205 1
112221 2
112229 4
112241 2
112249 1
112253 1
112257 2
112261 1
112265 2
112285 1
112289 1
112325 2
112333 3
112337 2
112349 2
112361 2
112381 2
112397 1
112477 3
112481 1
112489 1
112505 1
112517 1
112553 1
112573 1
112597 1
112601 1
112625 4
112645 1
112653 1
112661 1
112681 1
112709 1
112745 1
112757 1
112781 1
112793 2
112813 3
112817 3
112825 2
112837 1
112853 1
112869 2
112873 2
112877 1
112897 2
112901 1
112945 1
112957 1
112993 1
113017 1
113021 1
113033 4
113041 1
113065 3
113093 1
113101 2
113121 1
113153 3
113161 1
113173 2
113189 1
113209 1
113233 1
113249 1
113269 1
113293 2
113341 1
113345 1
113357 1
113389 1
113417 1
113425 2
113453 1
113485 1
113513 1
113521 2
113545 1
113573 2
113585 2
113605 2
113621 1
113625 2
113633 1
113661 1
113669 1
113725 4
113737 3
113765 2
113789 2
113809 2
113825 2
113845 1
113849 3
113893 1
113909 1
113917 1
113921 1
113941 3
113945 1
113969 1
113977 3
113985 5
113989 1
114005 2
114025 1
114029 4
114041 2
114085 1
114129 1
114145 1
114161 2
114185 1
114197 1
114201 1
114221 1
114245 1
114265 2
114293 3
114305 1
114309 1
114325 1
114329 1
114349 4
114417 1
114449 1
114453 1
114461 3
114489 1
114525 2
114529 1
114533 1
114553 2
114557 2
114581 2
114641 3
114673 3
114677 1
114689 1
114705 2
114725 4
114745 3
114757 1
114769 2
114777 1
114805 1
114829 3
114869 1
114913 2
114921 2
114925 1
114929 1
114965 1
114985 7
115021 1
115033 2
115037 1
115065 2
115081 2
115101 1
115169 2
115193 2
115217 2
115229 3
115245 4
115265 1
115277 1
115281 1
115285 2
115313 1
115333 1
115337 1
115373 1
115393 3
115433 1
115469 1
115505 3
115561 1
115565 2
115585 2
115601 1
115609 2
115625 4
115637 1
115649 2
115657 3
115681 1
115685 2
115705 3
115721 1
115757 2
115765 1
115777 1
115781 1
115789 1
115793 1
115825 5
115853 1
115861 1
115865 1
115873 1
115889 2
115921 2
115925 1
116005 2
116009 1
116021 1
116029 1
116045 1
116089 1
116101 1
116125 1
116145 1
116177 1
116201 2
116225 1
116253 1
116285 2
116297 1
116321 1
116341 1
116365 7
116377 1
116433 1
116461 1
116485 1
116497 2
116521 1
116533 1
116561 1
116593 2
116605 2
116617 1
116645 4
116649 3
116681 1
116689 2
116693 3
116729 1
116749 1
116757 2
116773 1
116785 2
116797 1
116821 2
116825 2
116833 1
116845 1
116849 2
116857 5
116865 2
116885 2
116957 1
116965 2
116973 1
116989 2
117017 1
117045 1
117065 4
117077 2
117085 2
117101 1
117125 1
117133 2
117137 1
117209 1
117225 3
117257 1
117281 1
117289 1
117297 2
117305 4
117325 1
117361 1
117373 1
117385 2
117405 2
117409 1
117421 1
117485 2
117493 2
117517 1
117533 3
117549 2
117577 1
117625 2
117657 1
117661 1
117665 1
117673 1
117685 2
117721 2
117725 3
117749 1
117765 3
117785 2
117793 4
117797 1
117805 1
117833 2
117837 3
117845 2
117877 1
117881 1
117889 1
117905 1
117913 1
117917 1
117925 2
117945 1
117965 1
117989 1
118001 5
118045 2
118049 1
118053 1
118061 1
118081 2
118089 1
118093 1
118133 1
118157 1
118165 1
118169 1
118189 1
118201 2
118217 1
118225 1
118241 2
118249 1
118269 1
118285 1
118297 1
118325 1
118361 1
118369 1
118373 1
118397 2
118417 1
118429 2
118445 2
118469 2
118477 1
118485 1
118505 2
118521 1
118537 2
118561 2
118585 2
118589 1
118597 1
118621 1
118625 3
118629 1
118645 2
118665 2
118669 2
118673 2
118681 1
118701 1
118705 2
118729 1
118733 1
118753 2
118765 1
118777 1
118781 1
118805 1
118813 1
118825 2
118849 2
118865 1
118889 1
118945 2
118961 1
118985 1
119005 2
119017 2
119025 1
119041 1
119045 1
119061 1
119065 2
119089 1
119093 1
119125 3
119137 1
119169 1
119197 1
119213 1
119221 2
119237 2
119241 1
119249 1
119269 2
119277 2
119281 3
119285 1
119293 1
119353 2
119425 1
119457 1
119465 3
119489 1
119501 1
119545 1
119561 3
119565 1
119585 1
119601 1
119609 1
119617 1
119621 3
119633 1
119641 2
119653 1
119701 3
119705 2
119717 1
119741 2
119765 5
119773 1
119785 1
119809 1
119817 1
119821 2
119849 2
119885 1
119905 1
119921 1
119925 1
119969 1
119989 1
119993 2
120005 1
120017 1
120025 1
120041 1
120049 2
120089 1
120105 2
120121 1
120133 1
120173 2
120181 1
120185 2
120193 1
120245 1
120257 1
120277 2
120305 2
120341 1
120353 1
120361 3
120377 1
120401 2
120413 1
120425 2
120437 1
120445 2
120485 1
120509 1
120553 1
120557 1
120601 1
120605 1
120625 2
120653 1
120661 1
120689 2
120721 1
120733 1
120781 2
120785 3
120789 1
120805 1
120809 1
120829 1
120833 2
120845 2
120877 1
120881 1
120905 1
120917 1
120933 1
120965 3
121005 1
121081 2
121085 1
121105 1
121113 1
121157 1
121169 1
121185 1
121225 2
121249 2
121309 1
121313 1
121329 1
121333 1
121357 1
121369 1
121381 2
121393 2
121397 4
121405 1
121433 2
121465 2
121525 4
121529 1
121545 1
121549 1
121553 2
121565 1
121577 1
121585 1
121637 1
121645 1
121669 2
121673 2
121685 3
121697 1
121705 3
121725 2
121729 1
121753 1
121757 2
121805 1
121813 1
121833 2
121837 2
121865 1
121901 1
121925 1
121945 4
121949 1
121977 1
122005 3
122009 3
122029 2
122041 1
122065 1
122085 1
122125 2
122137 1
122149 1
122165 3
122173 2
122197 2
122209 1
122225 1
122285 1
122321 1
122345 4
122365 1
122377 1
122393 2
122449 1
122517 1
122525 3
122537 2
122545 1
122553 1
122573 1
122597 1
122609 1
122625 4
122629 1
122653 1
122657 1
122669 2
122681 1
122697 1
122701 2
122713 1
122733 1
122753 1
122789 1
122805 2
122825 4
122861 1
122917 1
122941 1
122953 1
122993 1
123005 1
123021 2
123029 1
123037 1
123041 2
123049 1
123057 1
123077 2
123097 2
123125 1
123149 1
123173 2
123197 1
123205 2
123217 1
123237 1
123265 1
123273 2
123313 1
123325 1
123337 2
123341 1
123401 1
123425 3
123433 1
123485 1
123489 1
123505 1
123509 2
123525 1
123553 1
123561 2
123565 1
123617 4
123649 1
123661 1
123665 1
123677 1
123685 1
123701 1
123705 1
123725 2
123769 2
123773 1
123777 1
123813 2
123821 1
123829 1
123869 2
123877 1
123881 1
123889 1
123913 1
123917 2
123921 1
123925 2
123929 1
123961 1
123965 1
123973 2
123985 3
123997 1
124021 1
124025 2
124097 1
124101 1
124117 2
124129 2
124137 1
124193 2
124205 1
124225 2
124249 1
124261 2
124265 1
124337 2
124345 2
124349 1
124353 1
124357 4
124457 1
124461 1
124513 1
124517 1
124525 3
124533 1
124613 1
124645 1
124669 1
124709 2
124745 2
124765 1
124793 1
124805 1
124865 2
124933 1
124965 1
124993 1
125009 1
125045 2
125073 1
125109 1
125129 1
125137 2
125165 2
125177 2
125185 1
125233 1
125245 1
125261 1
125273 2
125285 2
125309 1
125325 1
125353 1
125365 1
125393 1
125425 4
125429 1
125437 1
125469 2
125485 1
125489 1
125501 1
125505 1
125513 2
125525 2
125541 2
125585 1
125613 1
125633 1
125665 2
125701 1
125737 1
125749 1
125773 1
125789 1
125801 1
125813 1
125821 1
125849 1
125865 1
125885 2
125897 1
125905 5
125921 1
125929 2
125945 1
126025 1
126037 1
126041 1
126045 1
126081 1
126089 1
126113 4
126125 1
126145 4
126149 2
126173 1
126209 1
126241 1
126261 2
126265 1
126277 1
126317 2
126425 1
126469 1
126473 1
126485 1
126493 2
126505 2
126517 1
126529 1
126565 1
126585 4
126589 1
126617 2
126625 3
126649 1
126701 3
126713 1
126725 1
126729 2
126733 2
126737 3
126745 2
126757 1
126761 1
126765 1
126769 1
126809 1
126837 1
126857 1
126865 2
126869 1
126881 2
126905 1
126941 1
126997 1
127025 1
127049 1
127097 2
127109 1
127117 2
127125 2
127153 2
127241 1
127273 3
127289 1
127373 1
127449 1
127453 1
127465 4
127469 1
127489 1
127517 1
127525 2
127537 1
127541 2
127549 1
127557 2
127573 2
127625 1
127637 1
127645 1
127681 1
127685 1
127693 2
127705 1
127709 1
127745 2
127777 1
127781 1
127789 1
127825 1
127837 1
127861 3
127881 1
127885 2
127909 1
127917 1
127989 1
127993 2
128005 1
128017 1
128021 1
128025 1
128033 1
128057 2
128101 1
128105 1
128113 1
128125 3
128137 4
128153 1
128165 1
128233 1
128241 2
128329 1
128333 1
128389 3
128393 2
128453 2
128461 1
128465 1
128473 1
128477 2
128509 1
128525 1
128537 2
128605 3
128609 1
128617 1
128629 1
128673 2
128729 1
128749 2
128789 2
128797 1
128825 2
128837 1
128845 1
128861 1
128881 1
128885 1
128889 2
128893 3
128941 1
128945 2
128969 1
128977 2
129005 1
129025 2
129061 1
129077 1
129097 3
129113 1
129137 3
129161 1
129169 1
129193 1
129205 1
129221 1
129277 1
129285 2
129293 1
129349 2
129385 1
129389 2
129445 2
129449 1
129461 1
129501 1
129537 1
129545 2
129557 1
129565 1
129601 2
129605 1
129625 4
129649 3
129721 2
129733 1
129737 1
129749 2
129753 1
129769 1
129785 1
129805 4
129833 3
129845 1
129925 2
129949 1
129961 1
129985 1
130013 1
130033 1
130037 1
130057 1
130073 1
130077 1
130145 1
130153 2
130193 1
130201 1
130225 2
130253 1
130257 1
130301 2
130325 1
130329 1
130337 1
130349 1
130357 1
130365 2
130369 1
130381 1
130385 2
130441 1
130457 2
130465 2
130477 1
130509 1
130561 2
130585 2
130589 1
130597 2
130633 1
130637 1
130645 1
130657 2
130673 1
130681 1
130689 1
130705 1
130741 1
130769 1
130781 3
130805 1
130825 3
130829 2
130833 2
130841 1
130885 3
130905 4
130945 1
130957 1
130969 1
130981 2
130993 1
130997 1
131049 1
131069 2
131105 1
131113 1
131121 1
131125 2
131165 2
131185 1
131225 2
131333 1
131345 3
131381 1
131405 2
131449 1
131465 1
131485 1
131489 1
131497 1
131525 3
131557 2
131569 1
131573 2
131581 1
131605 1
131609 1
131625 1
131653 2
131661 1
131665 2
131669 1
131749 2
131761 1
131849 1
131885 1
131909 1
131965 1
132005 2
132037 1
132073 3
132085 1
132093 1
132109 1
132113 1
132133 1
132137 2
132169 1
132185 1
132217 1
132233 2
132257 1
132269 1
132301 2
132345 1
132353 1
132389 2
132481 1
132485 1
132509 1
132529 2
132533 1
132545 2
132553 3
132613 2
132617 1
132625 1
132665 4
132689 1
132701 2
132709 1
132785 2
132833 1
132857 2
132877 2
132885 1
132925 1
132977 2
133025 3
133037 2
133065 1
133069 1
133093 1
133109 1
133121 1
133173 1
133181 1
133201 2
133205 2
133213 1
133225 1
133237 1
133253 1
133321 1
133345 2
133349 2
133369 1
133405 2
133421 1
133445 2
133457 2
133465 1
133481 1
133505 1
133525 2
133533 1
133541 1
133585 1
133605 1
133625 1
133633 1
133681 2
133705 1
133709 1
133729 2
133789 1
133821 1
133825 3
133829 1
133849 1
133865 1
133873 1
133877 1
133885 1
133901 2
133913 1
133949 1
133965 1
134017 2
134037 1
134081 1
134125 6
134177 1
134189 1
134217 1
134293 1
134305 1
134329 1
134341 1
134345 1
134397 1
134485 1
134505 2
134513 1
134521 2
134581 1
134609 1
134677 1
134685 3
134705 1
134725 1
134741 1
134765 1
134809 1
134821 1
134825 3
134833 1
134837 1
134845 1
134861 2
134865 1
134885 3
134897 1
134901 3
134929 2
134945 1
135017 1
135161 3
135181 1
135189 1
135225 1
135265 1
135277 1
135293 1
135369 2
135385 1
135425 1
135473 2
135477 1
135481 1
135505 3
135517 1
135521 1
135545 1
135593 1
135605 2
135661 1
135693 1
135697 1
135713 1
135725 3
135745 3
135785 1
135845 2
135865 2
135901 1
135925 2
135941 1
135981 1
135985 1
136013 1
136025 2
136049 2
136085 1
136161 1
136165 1
136201 1
136205 1
136225 1
136237 1
136261 2
136265 2
136289 1
136305 1
136333 2
136373 1
136385 1
136397 1
136417 1
136445 2
136449 1
136453 1
136481 1
136485 1
136541 1
136561 2
136601 1
136609 1
136625 2
136645 1
136665 1
136729 1
136733 1
136789 2
136793 3
136825 2
136889 1
136909 2
136937 1
136981 1
136985 1
137045 1
137053 1
137061 1
137089 1
137133 1
137141 1
137173 2
137205 1
137233 2
137249 1
137285 2
137309 1
137341 1
137345 1
137377 2
137405 1
137429 1
137461 1
137493 1
137597 1
137605 1
137629 1
137637 1
137645 1
137657 1
137677 2
137689 1
137745 1
137861 1
137873 1
137881 1
137897 1
137941 1
138025 3
138033 1
138065 1
138125 3
138177 1
138209 1
138217 2
138233 1
138249 1
138337 1
138365 1
138389 1
138393 1
138421 1
138429 1
138445 1
138465 3
138493 2
138497 1
138517 1
138533 2
138541 2
138545 1
138553 1
138577 1
138625 2
138641 1
138653 1
138685 1
138701 1
138773 2
138785 1
138905 2
138913 2
138925 1
138937 1
138965 1
138977 2
139009 1
139037 1
139077 2
139085 3
139113 2
139157 1
139177 1
139193 1
139225 1
139301 2
139309 1
139313 1
139329 1
139393 1
139405 2
139437 1
139457 1
139465 1
139477 1
139481 1
139525 1
139529 1
139553 1
139577 1
139581 1
139585 1
139705 1
139765 1
139873 1
139877 1
139885 3
139921 1
139925 1
139949 1
139957 1
139981 1
139985 3
139997 2
140033 1
140045 1
140065 2
140069 1
140149 2
140165 1
140193 1
140221 1
140257 1
140269 1
140341 2
140377 1
140425 2
140429 1
140477 1
140485 1
140517 1
140537 1
140545 1
140593 2
140605 2
140617 1
140621 1
140641 1
140697 1
140725 1
140729 1
140741 1
140777 1
140785 3
140837 1
140845 1
140909 2
140985 1
141049 2
141061 1
141073 1
141125 4
141145 1
141201 1
141241 1
141245 2
141257 1
141293 1
141301 1
141325 2
141385 2
141389 4
141401 1
141409 1
141445 1
141457 2
141469 3
141485 1
141497 1
141521 2
141525 2
141557 1
141633 1
141637 2
141649 1
141653 1
141677 1
141725 1
141741 1
141769 1
141773 2
141821 1
141865 1
141877 1
141905 2
141941 2
141965 1
141985 1
141997 1
142033 1
142045 1
142057 1
142069 1
142105 1
142129 1
142145 1
142157 1
142165 1
142181 1
142217 1
142225 1
142277 1
142301 1
142325 1
142353 1
142385 1
142389 1
142421 1
142441 2
142453 1
142465 2
142469 1
142477 2
142493 1
142525 1
142573 1
142605 2
142657 1
142685 2
142705 1
142729 2
142733 1
142757 1
142801 1
142805 1
142825 1
142829 1
142837 1
142885 1
142901 1
142933 1
142973 1
142985 1
143005 1
143041 1
143053 1
143117 1
143125 4
143149 3
143153 2
143173 1
143201 1
143249 1
143257 1
143261 2
143293 1
143305 1
143329 1
143345 1
143365 3
143377 1
143413 1
143425 1
143449 1
143477 1
143485 1
143521 1
143525 1
143533 1
143541 2
143569 1
143585 1
143597 1
143645 1
143653 1
143657 3
143705 2
143725 2
143753 1
143757 1
143785 4
143821 1
143833 3
143837 1
143897 1
143905 1
143945 1
143965 1
143973 2
143989 1
144009 1
144041 1
144157 1
144161 2
144197 1
144245 2
144253 1
144313 1
144317 1
144349 1
144425 2
144449 1
144469 1
144505 2
144577 1
144593 1
144665 1
144689 1
144709 1
144721 1
144729 1
144733 2
144797 1
144805 1
144821 3
144833 1
144853 1
144857 3
144873 1
144917 1
144981 1
145021 2
145025 4
145085 1
145093 1
145161 1
145181 1
145197 1
145225 1
145241 1
145265 3
145269 1
145305 1
145321 1
145345 1
145357 1
145377 1
145405 1
145417 2
145493 1
145525 1
145529 1
145601 1
145609 1
145625 2
145637 1
145657 3
145709 1
145729 1
145765 1
145809 2
145877 1
145921 1
145969 1
146105 1
146133 1
146149 1
146221 1
146233 2
146249 1
146285 1
146341 1
146345 1
146393 1
146429 2
146533 1
146549 1
146605 2
146665 1
146753 1
146761 1
146777 1
146789 2
146837 1
146873 1
146917 1
146925 2
146929 3
146933 1
146953 1
147005 3
147025 3
147109 1
147121 1
147149 1
147173 1
147221 2
147277 1
147305 1
147425 3
147445 2
147457 1
147465 2
147505 1
147509 3
147537 1
147605 2
147645 2
147661 1
147737 1
147745 1
147789 1
147793 1
147797 3
147817 1
147825 1
147845 1
147853 1
147925 1
147937 1
147949 1
147965 2
147969 1
148153 1
148165 1
148185 1
148205 1
148213 1
148241 2
148345 2
148369 1
148525 1
148529 1
148541 1
148545 1
148585 1
148625 1
148657 1
148693 1
148721 1
148725 1
148733 2
148777 2
148793 1
148805 1
148825 1
148837 1
148889 1
148901 1
148961 1
148993 2
149005 2
149045 2
149049 1
149089 1
149117 1
149125 2
149161 1
149173 1
149189 2
149353 2
149393 1
149525 2
149581 1
149609 1
149621 1
149645 2
149657 2
149665 2
149677 1
149717 1
149725 1
149833 1
149869 1
149917 1
149945 1
149965 1
150085 1
150125 1
150161 1
150217 1
150253 1
150289 1
150365 2
150433 1
150445 1
150473 1
150481 1
150517 1
150553 1
150597 1
150649 1
150697 1
150701 1
150705 1
150709 2
150761 1
150793 1
150853 1
150893 1
150905 1
150925 1
150929 1
150965 3
150989 1
151013 1
151029 1
151033 1
151045 1
151061 1
151065 2
151073 1
151157 1
151177 2
151189 1
151209 1
151229 2
151237 1
151241 1
151325 1
151345 1
151425 1
151433 1
151493 3
151505 1
151541 1
151645 1
151721 2
151741 1
151793 1
151805 1
151817 1
151861 2
151873 3
151913 1
151937 1
151957 1
151985 2
151997 2
152021 1
152065 1
152069 1
152073 1
152105 1
152113 1
152217 1
152221 1
152269 3
152293 2
152297 1
152345 1
152377 1
152401 1
152461 1
152465 1
152497 2
152501 1
152505 2
152533 1
152541 1
152561 1
152569 1
152653 3
152725 1
152785 1
152813 1
152833 1
152837 1
152849 1
152885 1
152905 2
152921 2
152937 1
152981 1
153017 1
153029 1
153081 1
153085 1
153125 2
153133 1
153149 1
153169 2
153205 1
153221 1
153245 1
153257 1
153281 1
153313 1
153325 1
153425 1
153469 1
153485 1
153493 1
153513 1
153529 1
153541 1
153621 1
153625 1
153649 1
153673 1
153697 1
153781 1
153785 1
153793 1
153809 2
153833 1
153889 1
153917 1
153929 1
153953 1
153981 1
154037 2
154081 1
154105 1
154117 1
154125 1
154145 1
154157 1
154205 1
154213 2
154233 1
154249 2
154277 1
154289 2
154325 2
154377 1
154465 1
154485 1
154529 1
154541 4
154645 1
154681 1
154685 1
154745 1
154773 1
154921 2
154925 1
155005 1
155025 1
155125 1
155161 1
155165 1
155313 1
155333 1
155345 1
155377 1
155389 2
155425 1
155501 1
155525 1
155545 1
155557 3
155585 1
155657 2
155677 1
155725 1
155737 1
155745 1
155885 1
155945 1
155965 2
155977 1
156005 2
156065 1
156073 1
156089 1
156105 1
156125 1
156281 1
156313 2
156385 1
156425 1
156449 1
156473 1
156493 1
156501 1
156505 1
156529 2
156577 2
156605 2
156609 1
156637 1
156641 1
156685 1
156689 1
156753 1
156785 1
156825 1
156833 1
156861 1
156865 2
156913 1
156917 2
156925 1
156977 2
156985 1
157001 1
157013 1
157049 1
157061 1
157085 1
157141 1
157181 1
157257 1
157261 1
157345 1
157349 2
157361 1
157373 1
157441 1
157477 1
157505 2
157625 1
157633 1
157645 1
157657 1
157725 1
157805 1
157829 1
157897 1
157905 1
157925 2
158013 1
158065 1
158093 1
158113 1
158173 1
158189 2
158229 1
158265 4
158425 2
158465 1
158525 1
158657 1
158661 1
158665 1
158737 1
158765 2
158797 1
158825 2
158833 1
158941 1
159025 1
159041 2
159121 2
159133 1
159221 1
159265 1
159281 1
159293 1
159301 1
159317 3
159325 1
159361 1
159457 1
159517 2
159525 1
159613 1
159625 2
159725 1
159757 2
159777 1
159813 1
159853 1
159857 2
159865 1
159905 2
159985 1
160025 1
160145 1
160217 2
160225 1
160289 1
160297 1
160325 1
160429 1
160497 1
160525 1
160537 1
160565 1
160585 1
160597 1
160637 1
160669 1
160757 1
160801 1
160805 1
160829 1
160837 1
160861 1
160877 1
160925 1
160929 1
161057 1
161065 1
161137 1
161185 1
161213 1
161237 1
161321 2
161341 1
161345 1
161361 1
161477 1
161485 2
161501 1
161505 1
161509 1
161521 1
161549 1
161569 1
161577 1
161605 1
161613 1
161629 1
161701 1
161741 1
161749 1
161765 1
161773 1
161849 1
161893 1
161905 1
161945 2
161977 1
161993 1
162025 1
162045 1
162097 2
162117 1
162125 1
162133 1
162137 1
162193 1
162233 1
162245 1
162257 1
162261 1
162293 1
162313 2
162333 2
162401 1
162409 1
162425 1
162445 1
162549 1
162565 2
162605 3
162629 1
162665 1
162745 1
162865 1
162889 1
162985 1
163025 1
163033 1
163057 2
163081 1
163089 1
163133 1
163241 4
163265 1
163313 1
163393 1
163421 1
163505 1
163557 1
163565 1
163601 1
163621 2
163665 1
163705 1
163745 1
163865 1
163985 1
164029 1
164113 1
164125 1
164165 1
164205 1
164225 1
164261 1
164305 1
164317 1
164333 1
164385 1
164401 1
164489 1
164537 1
164617 1
164645 1
164705 2
164737 2
164761 1
164777 1
164789 1
164845 1
164909 1
164917 1
164925 1
164965 1
164977 1
164981 1
165125 1
165181 1
165185 1
165285 1
165325 1
165397 1
165573 1
165625 4
165701 1
165709 1
165721 2
165745 1
165773 1
165797 2
165817 1
165905 1
165929 1
165973 2
165985 1
166061 1
166073 1
166113 1
166141 1
166153 1
166225 2
166257 2
166261 1
166325 1
166433 1
166445 1
166457 1
166465 2
166505 1
166525 1
166541 1
166549 1
166561 1
166577 1
166597 1
166601 1
166617 1
166685 1
166689 1
166693 1
166717 1
166861 1
167045 2
167093 1
167117 1
167225 1
167301 1
167305 2
167329 1
167449 1
167465 1
167533 1
167569 1
167585 1
167609 1
167625 1
167661 1
167765 2
167821 1
167841 3
167845 1
168037 1
168085 2
168109 1
168121 1
168257 1
168265 1
168325 1
168381 1
168425 1
168489 1
168577 1
168633 1
168709 1
168725 1
168761 1
168805 1
168809 1
168821 1
168829 1
168869 1
168893 1
168925 2
168961 1
168985 1
169009 1
169133 1
169189 1
169245 2
169325 1
169333 1
169429 1
169469 1
169497 1
169585 1
169597 1
169685 1
169713 1
169745 1
169793 2
169853 1
169857 1
169865 1
169877 1
169885 2
169945 1
169949 1
170005 1
170017 1
170033 1
170105 2
170141 1
170185 1
170201 2
170213 1
170249 1
170257 1
170273 1
170325 1
170413 1
170521 1
170557 1
170585 1
170689 1
170713 1
170765 1
170901 1
170969 1
171037 1
171145 1
171225 1
171253 1
171377 1
171421 1
171449 1
171481 1
171485 1
171761 1
171865 2
172093 1
172125 2
172145 1
172153 1
172253 1
172321 1
172325 1
172393 1
172429 1
172465 1
172481 1
172549 1
172573 1
172625 1
172657 1
172737 1
172757 2
172829 1
172901 1
172981 1
172985 1
173025 1
173045 1
173125 1
173225 1
173345 2
173385 1
173465 1
173485 1
173545 1
173605 1
173681 1
173713 1
173725 1
173773 1
173781 1
173785 1
173797 1
173893 1
173909 2
173925 1
174005 2
174105 1
174145 1
174245 1
174373 1
174385 1
174397 1
174465 1
174473 1
174485 2
174505 1
174509 1
174529 1
174665 1
174677 1
174697 2
174725 1
174733 2
174737 1
174745 1
174749 1
174785 1
174845 1
174861 1
174953 1
175165 1
175221 1
175249 1
175253 1
175349 1
175365 1
175369 2
175381 1
175405 1
175453 1
175489 1
175509 1
175577 1
175589 2
175621 2
175625 2
175661 1
175685 1
175825 2
175853 1
175885 2
175949 1
175969 1
175981 1
176053 1
176157 1
176177 1
176221 1
176237 1
176245 3
176261 1
176285 1
176321 1
176353 1
176389 1
176521 1
176585 1
176625 2
176653 1
176665 2
176749 1
176765 1
176777 1
176805 2
176989 1
177017 1
177073 1
177109 1
177125 2
177325 1
177341 1
177381 1
177385 1
177509 1
177561 1
177565 1
177637 1
177641 1
177733 1
177749 1
177769 1
177773 2
177841 2
177917 1
177993 1
178061 2
178069 1
178085 1
178117 1
178165 1
178193 1
178229 1
178245 1
178285 1
178345 2
178385 1
178425 1
178517 1
178569 1
178621 1
178685 1
178709 1
178753 1
178757 1
178889 1
178945 1
179005 1
179017 1
179177 1
179217 1
179257 1
179293 1
179365 2
179393 1
179401 1
179485 1
179545 1
179605 1
179677 1
179757 2
179801 1
179825 1
179945 2
179957 1
180109 1
180157 1
180173 1
180185 1
180225 1
180293 1
180325 1
180497 1
180613 1
180625 1
180689 1
180701 1
180725 1
180745 2
180869 1
181129 2
181277 1
181285 1
181333 1
181385 1
181681 1
181765 1
181789 1
181989 1
182025 1
182065 1
182101 1
182141 1
182225 1
182233 1
182269 1
182377 1
182389 1
182461 1
182489 1
182845 1
182961 2
183041 1
183073 1
183213 1
183501 1
183545 1
183553 1
183557 2
183577 1
183593 1
183665 1
183685 1
183745 1
183753 1
183857 1
183889 1
183917 1
183969 1
184093 1
184185 1
184189 1
184273 1
184325 1
184385 1
184405 1
184441 1
184445 1
184609 1
184705 1
184797 1
184801 1
184825 3
184909 1
185049 1
185209 1
185249 1
185257 1
185261 1
185309 1
185417 1
185453 1
185485 1
185501 1
185513 1
185525 2
185553 1
185561 1
185569 1
185741 2
185761 1
185765 1
185809 1
185833 1
185873 1
185965 1
186325 2
186337 1
186345 1
186385 1
186469 1
186541 1
186625 1
186881 3
186953 1
187009 1
187069 1
187181 1
187205 1
187229 1
187277 1
187337 1
187417 1
187465 1
187513 1
187525 1
187601 1
187697 1
187721 1
187805 1
187813 1
187997 1
188173 1
188185 1
188197 1
188405 1
188413 2
188645 1
188725 1
188773 1
188885 1
188897 1
188981 1
188989 1
189025 1
189089 1
189113 1
189185 1
189197 1
189225 1
189265 1
189333 1
189349 1
189369 1
189433 1
189605 1
189745 2
189765 1
189901 1
189941 1
190089 1
190121 1
190205 1
190249 1
190265 1
190301 1
190649 1
190721 1
190745 1
190757 1
190789 1
190845 1
190853 1
190885 1
190889 1
191097 1
191137 1
191165 1
191313 1
191321 1
191357 1
191369 1
191385 1
191453 1
191689 1
191701 1
191773 1
191785 1
191845 1
191945 1
191993 1
192025 1
192141 1
192205 2
192233 1
192249 1
192413 1
192457 1
192469 1
192601 1
192881 1
192905 1
192985 1
193001 1
193033 1
193117 1
193237 1
193241 1
193397 1
193505 1
193517 1
193581 1
193721 1
193797 1
193869 1
193885 2
194017 1
194021 1
194045 1
194081 1
194113 1
194225 1
194569 1
194825 1
194917 1
195025 1
195245 1
195277 1
195337 1
195373 1
195449 1
195457 1
195593 1
195625 1
195649 1
195725 1
195785 1
195949 1
195989 1
196001 1
196045 1
196069 1
196073 1
196237 1
196313 1
196325 1
196409 1
196417 1
196445 1
196477 1
196481 1
196605 1
196625 2
196865 1
196877 1
196885 1
197249 1
197293 1
197465 1
197605 1
197609 1
197649 1
197677 1
197825 2
197861 1
197965 1
197977 1
198185 1
198397 1
198505 2
198657 1
198769 1
198977 1
199085 1
199093 1
199165 1
199225 1
199261 1
199377 1
199625 2
199669 1
199685 1
199693 1
199721 1
199753 1
199909 1
199953 1
200141 1
200161 1
200425 1
200489 1
200705 1
200729 1
200993 1
201161 1
201241 1
201317 1
201541 1
201545 1
201557 1
201613 1
202109 1
202385 1
202393 1
202453 1
202505 1
202537 1
202589 2
202613 1
202877 1
202949 1
203085 1
203201 1
203353 1
203365 1
203513 1
203549 1
203645 1
203729 1
204065 1
204305 1
204377 1
204665 1
204669 1
204901 1
204929 1
205465 1
205641 1
205693 1
205817 1
205857 1
205921 1
205981 1
205985 1
205993 1
206053 1
206117 1
206125 1
206209 1
206345 1
206509 1
206713 1
206789 1
206973 1
207065 1
207077 1
207121 1
207409 1
207469 1
207485 1
207553 1
207605 1
207721 1
207785 1
207829 1
208017 1
208053 1
208161 1
208189 1
208261 1
208325 1
208409 1
209061 1
209161 1
209225 1
209309 1
209345 1
209389 1
209413 1
209425 1
209525 1
209633 1
209705 1
209725 1
209765 1
209833 1
209849 1
209905 1
209933 2
210145 1
210213 1
210337 1
210401 1
210445 1
210537 1
210545 1
210593 1
210717 1
210961 1
211045 1
211121 1
211361 1
211601 2
211777 1
212125 1
212161 1
212225 1
212537 2
212617 1
212665 1
212677 2
212717 1
212881 1
213005 1
213029 1
213425 1
213505 1
213533 1
213557 1
213613 1
213625 1
213733 1
214009 1
214037 1
214693 1
214805 1
215045 1
215321 1
215361 1
215489 1
215885 1
216173 1
216229 1
216245 1
216305 1
216493 1
216605 1
216761 1
216801 1
217125 1
217181 1
217397 1
217897 1
218021 1
218341 1
218381 1
218745 1
218797 1
218873 1
219125 1
219817 1
219965 1
220469 1
220573 1
220585 1
220669 1
220681 1
220725 1
220789 1
220985 1
221117 1
221225 1
221281 1
221285 1
221357 1
221381 1
221621 1
221877 1
221905 1
222029 1
222269 1
222469 1
222529 1
223001 1
223081 1
223085 1
223105 1
223561 1
223745 1
223777 1
223805 1
224353 1
225145 1
225301 1
225389 1
225437 1
225513 1
225949 1
226033 1
226525 1
226565 1
226837 1
227105 1
227225 1
227617 1
227673 1
227825 2
228065 1
228293 1
228629 1
228709 1
229025 1
229525 1
229549 1
229813 1
229897 1
229945 1
230009 1
230129 1
230381 1
230845 2
231361 1
231433 1
231565 1
231601 1
232145 2
232405 1
232585 1
232745 1
232897 1
233041 1
233185 1
233789 1
234065 2
234385 1
234481 1
235297 1
235937 1
236245 3
236321 1
236989 1
237157 1
237653 1
237725 2
238025 1
238549 1
238769 1
239557 1
239881 1
240201 1
241169 1
241621 1
241805 1
242005 1
242309 1
242901 1
242965 1
243497 1
244177 1
245637 1
246361 1
246457 1
246845 1
246941 1
246989 1
247105 1
247321 1
248041 1
248305 1
248609 1
249065 1
249677 1
250025 1
251245 1
252025 1
252545 1
252769 1
252869 1
253097 1
253357 1
254825 1
255085 1
255313 1
255385 1
255917 1
256041 1
256217 1
256745 1
256873 1
256957 1
257005 1
258205 1
258961 1
259565 1
260201 1
260257 1
260541 1
261621 1
262125 1
262225 1
262277 1
262665 1
264725 1
265725 1
265897 1
266825 1
267613 1
270409 1
271385 1
271853 1
272129 1
273545 1
274069 1
274357 1
275761 1
277037 1
277657 1
277929 1
279809 1
280201 1
280645 1
280741 1
281101 1
282637 1
283145 1
283813 1
284345 1
284381 1
287585 1
288713 1
289445 1
290825 1
292617 1
295597 1
306989 1
310397 1
314737 1
314757 1
317957 1
318881 1
319465 1
322885 1
328409 1
342229 1
365725 1
402041 1
405557 1
429741 1
439421 1
464161 1
475193 1
491977 1
499941 1
512725 1
525401 1
536185 1
537941 1
543205 1
544193 1
551653 1
552917 1
561145 1
563413 1
565429 1
573833 1
598009 1
601885 1
619445 1
625453 1
643673 1
648701 1
660785 1
697385 1
753993 1
762229 1
777425 1
801085 1
802961 1
810081 1
864801 1
891577 1
950661 1
958925 1
975769 1
982501 1
990509 1
1098585 1
1538269 1
1982570 1
2290130 1
2319754 1
2369288 1
2390792 1
2418194 1
2425594 1
2436349 1
2508500 1
2610946 1
2780740 1
3104708 1
3129586 1
