N J h mean_R_sq err_mean_R_sq mean_R_gyr_sq err_mean_R_gyr_sq 
4900 1.232 0 142359 29452.4 25150.4 9026.98
113 1
173 1
365 1
477 1
505 1
521 1
585 1
765 3
821 1
845 1
905 1
909 1
997 1
1025 1
1037 1
1157 1
1193 1
1305 1
1369 1
1417 1
1553 1
1625 1
1657 1
1669 1
1693 1
1721 1
1765 1
1801 1
1865 1
1901 1
1961 1
2045 1
2113 1
2225 1
2257 1
2269 1
2285 1
2297 1
2313 1
2353 1
2441 1
2545 1
2557 1
2581 1
2605 1
2845 1
2861 1
2873 1
2941 1
2957 1
2993 1
3049 1
3125 1
3145 1
3221 1
3277 1
3413 1
3457 1
3509 1
3589 1
3609 1
3725 1
3757 1
3769 1
3969 1
3985 2
4097 1
4121 1
4181 1
4205 1
4229 1
4265 1
4293 1
4325 1
4453 1
4477 1
4505 2
4545 1
4561 1
4573 1
4685 2
4813 1
4933 1
4949 1
4985 1
5081 1
5105 1
5125 1
5185 1
5193 1
5321 1
5449 1
5661 1
5701 1
5713 1
5741 1
5765 1
5785 1
5825 1
5917 1
5989 1
6001 1
6037 1
6085 1
6121 1
6133 1
6145 1
6185 1
6205 1
6317 1
6409 1
6445 1
6485 1
6505 1
6565 1
6613 1
6625 3
6733 1
6793 1
6833 2
6917 1
6929 1
6949 1
7065 1
7157 1
7225 3
7241 1
7253 1
7333 1
7345 1
7397 1
7461 1
7489 1
7529 1
7585 1
7589 1
7625 1
7633 1
7685 2
7741 1
7785 1
7789 1
7793 1
7813 1
7825 3
7837 1
7857 1
7877 1
7897 1
7901 1
7969 1
8045 1
8065 1
8093 1
8101 1
8109 1
8149 1
8237 1
8273 1
8293 1
8321 1
8429 1
8465 1
8473 1
8497 1
8597 1
8653 1
8749 1
8765 1
8825 1
8905 1
8941 1
8957 2
9041 1
9065 1
9117 1
9125 1
9409 2
9461 1
9477 1
9549 1
9653 1
9657 1
9661 1
9697 1
9745 1
9805 1
9837 2
9865 1
9981 1
9997 2
10001 1
10205 1
10289 1
10305 1
10413 1
10421 1
10453 1
10457 1
10525 1
10553 2
10573 1
10701 1
10729 1
10837 1
10845 1
10897 1
10933 2
10953 1
10961 1
11025 1
11093 1
11141 1
11161 1
11241 1
11257 1
11261 1
11273 3
11349 1
11413 1
11437 1
11441 2
11485 1
11493 1
11513 2
11525 1
11645 1
11657 1
11701 1
11705 1
11713 2
11765 2
11785 2
11833 1
11905 1
11933 1
11941 1
11945 2
12085 1
12137 1
12149 1
12205 1
12233 1
12253 1
12289 1
12321 1
12325 2
12337 1
12349 2
12461 1
12545 1
12569 1
12605 1
12613 1
12645 2
12653 1
12745 2
12769 1
12821 1
12905 1
12913 1
12937 1
12965 1
12997 1
13005 1
13077 2
13085 2
13093 1
13141 1
13189 1
13217 1
13273 1
13289 1
13313 1
13325 1
13397 1
13401 1
13637 1
13725 1
13753 1
13885 2
13933 1
13941 1
13949 1
13969 1
13973 1
14009 1
14089 1
14093 2
14125 1
14173 1
14197 1
14265 3
14305 1
14365 1
14381 1
14425 1
14501 1
14521 1
14625 1
14657 1
14741 1
14825 3
14909 1
14933 1
14945 1
15005 1
15013 1
15041 1
15133 1
15165 1
15317 2
15377 1
15425 1
15457 2
15597 1
15601 1
15661 1
15725 3
15761 1
15805 1
15845 2
15925 2
16025 2
16029 1
16057 1
16085 1
16129 1
16229 1
16337 1
16393 1
16405 1
16425 1
16433 1
16513 1
16553 1
16677 1
16705 1
16741 1
16825 1
16889 1
16893 1
16901 1
16925 1
17065 1
17069 1
17113 2
17117 1
17137 1
17153 1
17209 1
17245 1
17289 1
17345 1
17357 1
17377 1
17417 1
17425 1
17497 1
17525 1
17545 1
17629 1
17645 1
17669 1
17689 1
17749 1
17881 1
17885 1
17937 1
17945 4
17981 1
18045 1
18125 1
18133 1
18173 1
18241 1
18265 1
18325 1
18473 1
18497 1
18581 2
18593 1
18629 1
18637 1
18721 1
18761 1
18785 1
18833 1
18901 1
18937 1
18945 1
18997 1
19125 1
19133 1
19225 2
19233 1
19237 2
19253 1
19265 2
19269 1
19277 1
19309 1
19325 1
19409 1
19469 1
19477 1
19485 1
19601 1
19625 1
19669 1
19773 1
19805 3
19813 1
19825 1
19885 2
19897 1
19949 1
19989 1
19993 1
19997 1
20101 1
20105 1
20165 1
20205 1
20221 1
20225 1
20345 1
20381 1
20477 1
20485 1
20557 1
20565 2
20605 1
20645 1
20705 1
20725 1
20745 1
20849 1
20885 1
20917 1
20921 1
20969 2
20981 2
21001 1
21025 1
21041 1
21145 1
21149 1
21169 1
21205 1
21221 1
21281 2
21349 1
21425 1
21433 1
21473 1
21485 1
21509 1
21529 1
21557 1
21605 1
21701 1
21709 1
21713 1
21737 1
21773 1
21785 2
21825 1
21905 2
21941 1
22009 2
22049 1
22061 1
22193 1
22205 2
22261 1
22265 2
22285 3
22313 1
22321 1
22385 1
22437 1
22457 1
22465 1
22573 1
22581 1
22613 1
22717 1
22761 1
22797 1
22801 1
22837 1
22849 1
22861 1
22877 2
22961 1
23125 1
23141 2
23173 1
23189 1
23365 1
23481 1
23509 1
23525 2
23537 1
23545 1
23549 1
23585 1
23605 1
23657 2
23677 1
23689 1
23701 1
23761 1
23797 1
23801 1
23813 1
23885 2
24025 1
24041 1
24109 2
24157 2
24169 1
24221 1
24245 1
24281 1
24345 1
24373 1
24401 3
24517 1
24533 1
24701 1
24709 1
24733 1
24737 1
24777 1
24841 1
24901 1
24925 1
24965 1
24973 1
25073 1
25121 1
25225 3
25313 1
25317 1
25337 1
25397 1
25405 1
25425 1
25457 1
25529 1
25565 1
25605 1
25609 1
25625 2
25705 1
25741 1
25749 1
25769 1
25825 2
25925 1
26021 1
26045 1
26237 1
26293 1
26309 1
26361 1
26377 2
26401 1
26525 1
26681 1
26685 1
26689 1
26701 1
26737 1
26765 1
26777 1
26813 1
26869 1
26921 1
26941 1
26945 2
27017 1
27145 1
27149 1
27217 1
27257 1
27261 1
27333 1
27337 1
27353 1
27409 1
27469 1
27481 1
27521 1
27549 1
27565 1
27625 1
27693 2
27733 1
27857 2
27953 1
27977 1
27997 1
28037 1
28125 1
28197 1
28249 2
28297 1
28333 2
28349 1
28561 1
28565 1
28577 1
28625 1
28645 1
28705 1
28769 1
28825 1
28913 1
28925 1
28949 1
28981 1
29021 1
29101 1
29125 1
29161 1
29221 1
29237 1
29257 1
29297 1
29341 1
29353 1
29377 3
29385 1
29437 1
29449 1
29489 1
29497 1
29525 2
29529 1
29537 1
29585 1
29593 1
29609 1
29629 2
29653 2
29665 1
29705 3
29717 1
29765 1
29825 1
29857 1
29861 1
29933 1
29945 1
29965 2
30017 1
30073 1
30125 2
30209 1
30241 1
30293 1
30365 1
30377 1
30397 1
30413 1
30465 1
30493 1
30537 2
30545 1
30553 1
30589 1
30625 1
30713 1
30725 1
30749 2
30757 1
30809 1
30817 1
30821 1
30865 1
30929 1
30953 1
31013 1
31081 1
31097 1
31117 1
31121 1
31145 1
31149 1
31189 1
31213 1
31249 2
31265 1
31313 1
31365 3
31373 2
31417 1
31429 1
31433 1
31525 1
31581 2
31585 2
31657 2
31693 1
31721 1
31733 1
31753 1
31765 1
31793 1
31805 1
31813 1
31849 1
32005 2
32045 1
32065 2
32113 1
32117 2
32157 1
32173 1
32185 1
32245 1
32301 1
32321 1
32341 1
32429 1
32517 1
32569 1
32597 1
32605 1
32609 1
32625 1
32677 1
32797 1
32805 1
32825 1
32845 1
32933 1
32969 1
32993 1
33017 1
33037 1
33057 1
33085 1
33125 2
33133 1
33161 1
33169 1
33245 1
33265 1
33293 2
33305 2
33337 1
33361 3
33389 1
33409 1
33413 1
33437 2
33529 1
33541 1
33577 1
33581 1
33633 1
33653 1
33685 1
33773 1
33813 3
33865 2
33905 1
33937 1
33973 1
33989 1
34025 2
34033 1
34061 1
34085 3
34117 1
34141 1
34145 1
34157 1
34173 1
34217 2
34261 1
34325 1
34369 1
34549 2
34585 1
34605 1
34621 1
34645 2
34697 1
34709 1
34721 1
34781 1
34785 1
34821 1
34929 1
34945 2
34973 2
35017 1
35037 1
35081 1
35117 1
35165 3
35201 1
35209 1
35225 1
35253 1
35269 1
35325 2
35405 1
35425 5
35453 1
35477 1
35513 2
35533 1
35569 2
35605 1
35657 2
35705 1
35757 1
35785 1
35801 1
35865 1
35881 2
35917 1
35953 1
35989 1
36013 1
36017 1
36037 1
36125 1
36181 1
36205 2
36329 1
36361 1
36373 1
36397 1
36445 4
36485 1
36493 1
36569 2
36581 1
36601 1
36605 1
36625 2
36653 1
36661 2
36677 1
36713 1
36721 1
36737 1
36829 1
36865 1
36889 1
36905 2
36941 1
36985 1
36997 1
37025 2
37089 2
37093 1
37141 1
37193 2
37249 1
37265 1
37269 1
37305 1
37309 1
37341 1
37349 2
37369 1
37393 2
37573 1
37613 3
37621 1
37637 2
37645 1
37757 1
37805 1
37817 1
37897 1
38105 1
38125 1
38149 1
38165 1
38197 1
38221 1
38233 2
38245 1
38273 1
38281 1
38365 1
38389 2
38393 1
38405 2
38425 1
38441 1
38449 1
38477 2
38545 3
38557 1
38565 1
38573 2
38609 2
38641 1
38729 1
38845 1
38849 1
38953 1
38965 1
38981 1
39005 1
39089 1
39181 1
39185 1
39205 2
39213 1
39229 1
39257 3
39289 2
39301 1
39341 1
39465 1
39485 1
39493 1
39565 1
39573 1
39617 2
39625 1
39685 2
39701 1
39769 1
39785 2
39817 1
39821 1
39925 1
39933 1
39961 1
39969 1
40057 1
40093 1
40113 1
40165 1
40225 1
40229 1
40265 1
40325 1
40477 2
40501 1
40529 1
40545 2
40589 1
40625 2
40693 1
40697 1
40709 1
40725 1
40757 1
40813 1
40817 1
40833 1
40837 3
40841 1
40877 1
40885 1
40925 1
40961 1
41081 1
41093 1
41149 1
41185 1
41225 1
41229 1
41233 1
41273 2
41301 1
41357 1
41465 1
41485 1
41513 1
41533 1
41557 3
41589 1
41605 1
41609 1
41625 1
41665 1
41681 1
41693 1
41717 1
41761 1
41765 1
41821 1
41845 1
41873 1
41913 1
41977 1
42025 2
42029 1
42157 1
42193 1
42221 1
42293 1
42305 1
42373 1
42401 1
42453 3
42461 1
42485 1
42505 1
42517 1
42521 1
42561 1
42565 1
42589 2
42653 1
42713 1
42809 2
42885 1
42925 1
42993 1
43009 1
43025 1
43061 1
43117 1
43137 1
43177 1
43265 1
43273 2
43429 1
43469 1
43501 1
43513 1
43525 1
43613 1
43625 1
43649 1
43657 1
43681 1
43697 1
43705 1
43745 1
43789 1
43793 1
43805 1
43821 1
43825 2
43937 1
43973 1
44005 1
44057 1
44125 1
44149 1
44165 1
44225 1
44285 2
44329 1
44345 1
44353 1
44357 1
44417 1
44453 2
44497 1
44525 1
44557 1
44585 2
44701 1
44713 1
44729 1
44761 1
44861 1
44921 1
44945 1
44965 2
44969 1
44977 1
45029 1
45037 1
45081 1
45145 2
45161 1
45209 2
45281 1
45305 2
45325 3
45349 1
45373 1
45405 1
45473 1
45565 1
45569 1
45585 1
45625 3
45665 1
45677 1
45685 1
45729 1
45769 1
45797 1
45821 1
45841 1
45901 1
45905 1
45909 1
46085 1
46121 1
46157 1
46205 1
46225 1
46269 1
46325 2
46369 2
46381 1
46385 1
46393 4
46421 1
46457 2
46481 1
46485 1
46549 1
46553 1
46625 1
46665 1
46693 1
46697 1
46705 1
46737 1
46745 1
46777 1
46801 1
46817 1
46885 1
46925 1
46945 3
46969 1
47041 1
47069 1
47105 1
47125 3
47137 1
47153 1
47165 1
47197 1
47225 2
47233 1
47241 1
47273 1
47365 1
47385 1
47413 1
47457 1
47473 2
47485 1
47521 2
47545 2
47573 1
47629 1
47645 2
47665 2
47669 1
47681 1
47693 1
47741 1
47781 1
47813 1
47821 1
47837 1
47965 1
47997 1
48005 1
48025 3
48061 1
48121 1
48145 1
48229 1
48245 1
48265 1
48285 1
48341 1
48365 2
48373 1
48421 2
48425 1
48437 1
48485 1
48617 1
48637 1
48677 1
48681 1
48689 1
48725 1
48745 2
48753 1
48853 1
48877 1
48893 1
48913 1
48985 1
48989 1
48997 1
49025 2
49045 1
49121 1
49213 1
49257 2
49277 1
49309 1
49325 2
49349 1
49373 1
49405 1
49433 1
49441 1
49589 1
49617 1
49625 1
49645 1
49669 1
49673 1
49741 1
49765 2
49825 1
49865 1
49925 2
49997 1
50005 1
50021 1
50069 1
50089 1
50125 1
50129 1
50137 1
50153 1
50177 1
50185 1
50221 1
50225 2
50261 1
50269 1
50285 1
50297 2
50357 1
50377 1
50389 1
50401 1
50405 1
50425 2
50453 1
50461 1
50489 1
50497 1
50553 1
50653 1
50689 1
50705 1
50725 1
50805 1
50813 1
50849 1
50877 1
50905 2
50909 1
50989 1
51077 1
51085 1
51097 2
51125 1
51137 1
51145 1
51173 1
51185 1
51209 1
51229 1
51265 1
51325 1
51461 1
51493 1
51525 1
51545 1
51701 1
51713 1
51725 2
51757 1
51805 1
51845 1
51853 1
51977 1
52013 1
52025 2
52033 1
52037 1
52105 1
52145 1
52189 1
52205 1
52209 1
52225 1
52345 1
52369 1
52429 1
52445 1
52453 1
52505 1
52529 1
52533 1
52541 1
52561 1
52597 1
52625 1
52685 1
52741 1
52749 2
52757 2
52769 1
52821 2
52841 1
52873 1
52889 1
52901 1
52909 1
52949 1
52957 1
52993 1
53005 1
53069 1
53125 2
53161 1
53177 1
53201 1
53209 1
53285 1
53329 2
53365 1
53377 1
53425 1
53453 1
53465 1
53509 2
53545 1
53617 1
53645 1
53737 1
53789 1
53901 2
53905 1
53937 1
54009 1
54025 1
54029 1
54037 1
54041 1
54045 1
54049 1
54077 1
54125 1
54149 3
54261 1
54265 1
54269 1
54317 1
54325 1
54329 1
54353 3
54361 1
54385 1
54409 1
54517 1
54553 1
54585 1
54617 1
54665 1
54685 1
54713 1
54721 1
54797 1
54805 1
54841 1
54865 1
54893 1
54913 1
54925 1
54961 1
55093 1
55133 1
55193 1
55249 1
55305 1
55333 1
55357 2
55369 2
55393 1
55441 1
55457 1
55477 2
55485 2
55501 1
55541 1
55585 1
55625 1
55665 1
55705 1
55777 2
55781 1
55845 1
55865 1
55885 2
55925 1
56057 1
56185 1
56277 2
56321 1
56393 1
56401 1
56457 1
56473 1
56477 1
56521 2
56533 1
56537 1
56597 1
56745 1
56765 1
56773 1
56789 1
56825 1
56845 1
56849 1
56857 1
56873 1
56897 1
56921 1
56965 1
57005 2
57025 3
57065 1
57069 1
57077 1
57097 1
57157 1
57173 1
57177 1
57249 1
57305 1
57317 1
57325 1
57341 2
57349 1
57465 1
57469 1
57473 1
57485 2
57521 1
57529 1
57545 1
57565 3
57601 1
57625 1
57661 2
57677 2
57681 2
57773 1
57793 1
57809 1
57829 1
57853 1
57889 1
57917 1
57929 1
57961 1
57965 1
57973 1
58021 1
58049 1
58097 1
58105 2
58109 2
58129 1
58145 1
58169 1
58221 1
58225 1
58257 1
58261 1
58297 1
58301 1
58309 1
58325 1
58445 2
58525 1
58565 3
58645 1
58685 1
58693 1
58721 1
58741 1
58769 1
58777 1
58789 1
58841 1
58865 1
58901 1
58913 1
58969 2
58977 1
58981 1
59029 1
59053 1
59057 1
59065 1
59077 1
59085 1
59089 1
59137 1
59149 1
59193 1
59201 1
59209 1
59245 1
59293 1
59305 1
59405 1
59445 1
59497 1
59525 1
59573 1
59653 1
59665 1
59725 2
59749 2
59761 1
59769 1
59809 1
59837 2
59841 1
59905 1
59921 1
59993 1
60061 1
60073 1
60085 2
60125 1
60133 1
60161 1
60197 2
60205 2
60245 1
60253 1
60265 1
60349 1
60365 1
60413 1
60469 2
60493 1
60505 2
60517 2
60525 3
60565 1
60581 2
60601 1
60617 1
60637 1
60685 1
60689 1
60737 1
60745 1
60813 1
60817 1
60869 1
60877 1
60937 1
60961 1
60965 1
60997 1
61013 2
61045 1
61073 1
61105 1
61181 1
61245 1
61277 1
61297 1
61373 1
61385 1
61405 1
61421 2
61461 1
61529 1
61605 2
61613 1
61625 1
61673 1
61741 1
61745 1
61793 1
61825 2
61865 1
61885 1
61893 1
61945 1
61961 1
62001 1
62033 2
62045 1
62065 2
62089 1
62197 2
62309 1
62345 1
62361 2
62441 1
62485 1
62525 3
62577 1
62585 1
62597 1
62621 2
62725 1
62729 1
62753 1
62785 2
62801 1
62849 1
62873 1
62893 1
62917 1
62929 1
62941 1
62965 1
62981 1
62989 1
63017 2
63041 1
63073 1
63113 1
63125 1
63185 1
63205 1
63229 1
63325 3
63353 1
63401 2
63445 2
63485 1
63541 2
63585 1
63601 1
63605 1
63653 1
63713 1
63765 3
63793 1
63837 1
63865 2
63913 1
63949 2
63977 1
63981 1
64013 1
64061 1
64121 1
64181 1
64213 1
64269 1
64297 1
64301 1
64373 1
64417 1
64445 1
64465 1
64501 1
64525 1
64549 1
64585 1
64633 1
64661 1
64685 1
64693 1
64741 1
64765 1
64805 2
64825 2
64853 1
64865 1
64957 1
64985 4
65033 1
65041 1
65125 2
65137 1
65201 1
65237 1
65245 1
65281 1
65305 1
65365 1
65385 1
65453 1
65533 1
65561 2
65601 2
65605 1
65641 1
65705 3
65729 1
65741 1
65749 1
65773 1
65777 2
65825 1
65837 1
65897 2
65921 1
65977 1
65993 2
66053 1
66065 2
66097 2
66113 2
66133 1
66181 1
66197 1
66245 1
66357 1
66373 1
66445 1
66553 1
66565 1
66569 1
66625 1
66645 1
66685 1
66721 1
66725 1
66809 1
66833 1
66897 1
66901 1
66977 1
66989 1
67033 1
67061 1
67081 1
67093 2
67097 1
67113 1
67117 1
67121 1
67145 1
67157 1
67205 1
67217 1
67225 1
67273 1
67285 1
67337 1
67357 2
67385 2
67405 2
67429 1
67473 1
67525 2
67537 1
67541 1
67561 1
67609 2
67657 2
67717 1
67769 1
67813 1
67825 2
67865 1
67885 1
67889 1
67913 1
67937 1
67957 1
67993 1
67997 1
68049 1
68065 1
68093 1
68125 2
68225 1
68245 1
68265 1
68301 1
68317 1
68345 1
68353 1
68357 1
68377 2
68389 1
68473 1
68549 1
68561 1
68605 1
68633 1
68653 1
68689 1
68697 1
68741 1
68765 1
68785 2
68825 1
68845 1
68869 1
68909 1
68933 1
68965 1
68969 1
68993 1
69017 1
69029 1
69085 1
69109 1
69121 1
69145 1
69205 1
69221 1
69237 1
69281 1
69313 1
69317 1
69329 1
69385 2
69397 1
69425 1
69485 1
69565 1
69605 1
69625 2
69649 1
69661 1
69669 1
69705 1
69733 1
69745 1
69821 1
69845 2
69857 1
69925 1
69985 1
70013 1
70109 1
70177 1
70225 1
70241 1
70249 1
70337 1
70353 1
70397 1
70421 1
70445 1
70493 1
70577 2
70589 1
70625 1
70669 1
70733 1
70785 1
70789 1
70837 2
70849 1
70885 1
70921 1
70925 1
71009 1
71073 2
71117 1
71153 1
71189 1
71201 1
71245 2
71305 1
71321 1
71325 1
71333 1
71377 1
71397 1
71437 1
71453 1
71473 1
71485 1
71513 1
71545 2
71785 1
71789 1
71825 2
71845 1
71865 2
71893 1
71905 3
71933 1
71945 1
72001 2
72005 1
72045 1
72073 1
72085 2
72125 1
72161 1
72241 1
72297 1
72365 2
72425 2
72437 1
72473 1
72505 1
72529 1
72553 1
72557 1
72577 1
72585 1
72693 1
72725 1
72733 1
72761 1
72857 2
72893 1
72901 1
72925 1
72929 1
72937 1
72945 1
72973 1
73009 1
73021 2
73125 1
73145 1
73157 1
73165 1
73181 1
73225 2
73333 1
73341 1
73385 1
73405 2
73429 1
73457 4
73481 1
73489 1
73525 1
73565 1
73585 2
73637 1
73685 1
73729 2
73741 1
73781 1
73793 1
73817 1
73849 1
73921 1
73925 1
73933 2
73949 1
73973 1
73993 1
74117 2
74125 2
74153 2
74185 1
74237 1
74257 1
74269 2
74297 1
74341 1
74345 1
74425 2
74457 1
74465 1
74485 1
74509 1
74513 1
74565 1
74581 2
74629 1
74653 1
74665 1
74673 1
74725 1
74729 1
74761 1
74825 1
74849 1
74869 1
74889 1
74925 1
74945 1
74961 1
74981 1
75025 2
75101 1
75105 1
75125 1
75161 1
75209 1
75245 1
75305 1
75321 1
75413 1
75433 1
75457 1
75505 3
75533 1
75569 1
75605 1
75629 1
75673 1
75701 1
75737 1
75769 1
75773 1
75833 1
75897 1
75925 1
75949 1
75961 1
75965 1
76145 2
76165 1
76257 1
76273 1
76345 1
76401 1
76445 1
76465 1
76525 1
76585 2
76625 1
76649 1
76685 1
76705 1
76721 1
76757 1
76777 1
76793 1
76921 1
76925 1
76997 1
77009 1
77041 1
77053 1
77093 1
77101 1
77125 1
77129 1
77141 1
77173 1
77225 1
77229 1
77233 1
77265 1
77281 2
77285 1
77317 1
77333 1
77393 1
77401 4
77405 1
77445 1
77449 1
77453 1
77465 2
77509 1
77549 1
77557 2
77641 2
77725 1
77741 2
77849 2
77857 1
77885 1
77909 1
78005 2
78013 1
78025 1
78053 2
78065 1
78073 2
78125 3
78137 1
78145 1
78149 1
78233 1
78241 1
78301 1
78325 1
78329 2
78345 1
78377 1
78385 1
78449 1
78521 1
78525 1
78625 2
78629 2
78653 1
78689 1
78761 2
78805 1
78829 1
78853 1
78877 1
78937 1
78965 1
78985 1
79025 2
79049 1
79061 1
79069 1
79085 1
79105 1
79117 1
79137 2
79141 1
79217 1
79229 1
79285 2
79361 2
79489 1
79549 1
79625 1
79685 1
79693 1
79697 1
79713 1
79729 2
79785 1
79789 1
79817 1
79865 1
79913 1
79957 1
79985 1
79997 1
80005 1
80105 1
80125 1
80165 3
80177 1
80209 1
80213 1
80225 1
80249 2
80489 1
80497 1
80545 1
80557 1
80609 1
80613 1
80665 2
80701 1
80749 1
80757 1
80761 1
80789 1
80821 1
80825 2
80833 1
80837 1
80873 2
80881 1
80901 1
80965 1
81005 2
81049 1
81181 2
81261 1
81341 1
81365 1
81385 1
81421 1
81425 1
81441 1
81541 1
81549 1
81649 1
81665 1
81769 1
81805 1
81937 1
81965 1
81973 1
82025 1
82157 1
82197 1
82205 1
82265 1
82325 1
82369 1
82385 1
82405 1
82433 1
82457 1
82465 3
82505 5
82521 1
82529 1
82549 1
82633 1
82645 1
82741 1
82769 1
82805 2
82829 1
82865 1
82909 2
82937 1
82945 1
82989 1
83005 1
83101 1
83117 1
83129 2
83165 1
83169 1
83189 1
83221 1
83225 1
83285 1
83357 1
83369 1
83385 1
83401 1
83521 1
83537 1
83585 1
83597 1
83637 1
83665 1
83725 1
83745 1
83753 1
83837 1
83857 1
83861 1
83873 1
84025 3
84101 1
84125 2
84141 1
84185 1
84241 1
84253 1
84285 1
84305 2
84313 1
84329 1
84361 2
84389 1
84449 1
84461 1
84465 2
84485 1
84501 1
84529 2
84533 1
84545 1
84565 1
84593 1
84625 2
84653 1
84677 1
84681 1
84697 1
84725 1
84737 1
84745 2
84829 1
84841 2
84897 1
84905 1
85009 1
85061 1
85105 1
85133 1
85201 2
85221 1
85229 1
85273 1
85277 1
85285 1
85289 1
85301 3
85309 1
85325 1
85369 1
85417 1
85501 1
85505 1
85545 1
85553 1
85565 2
85581 1
85601 1
85669 2
85685 1
85705 1
85753 1
85761 1
85765 1
85825 1
85933 1
85945 2
85985 1
86021 1
86029 1
86045 1
86069 1
86077 1
86125 2
86173 2
86305 2
86321 1
86333 1
86377 1
86465 1
86657 1
86665 1
86681 1
86705 1
86717 1
86725 2
86749 1
86753 1
86785 2
86869 1
86945 1
86957 1
86993 2
87005 1
87061 2
87073 1
87125 1
87145 3
87165 1
87169 2
87181 1
87201 1
87245 1
87269 2
87277 1
87309 1
87385 2
87397 1
87421 1
87425 1
87485 1
87525 1
87613 1
87649 1
87673 2
87721 1
87737 1
87785 1
87797 2
87809 1
87817 1
87853 1
87869 1
87893 1
87925 1
87949 2
87953 1
87961 1
87965 1
87985 1
88049 1
88073 2
88145 1
88181 1
88189 1
88225 1
88281 1
88301 1
88337 1
88357 1
88393 1
88421 1
88445 1
88465 1
88549 1
88565 1
88577 1
88601 1
88625 1
88685 1
88705 1
88713 1
88769 3
88829 1
88841 1
88885 1
88961 1
88985 3
89057 1
89101 1
89165 3
89185 1
89329 1
89365 1
89393 1
89437 1
89461 1
89505 1
89513 1
89545 4
89609 2
89653 1
89693 1
89725 2
89757 1
89785 1
89797 1
89809 1
89905 1
89945 1
90009 2
90025 1
90029 2
90061 1
90065 3
90161 1
90173 1
90185 1
90197 1
90217 1
90225 1
90301 2
90325 1
90333 1
90337 1
90341 1
90353 1
90389 1
90425 2
90441 1
90477 1
90493 1
90513 1
90533 1
90569 1
90589 2
90625 1
90665 1
90701 1
90721 1
90729 1
90817 1
90845 1
90857 1
90869 2
90961 1
90977 1
91013 1
91085 2
91089 1
91141 1
91169 1
91205 1
91225 1
91253 1
91269 1
91305 1
91337 1
91369 1
91373 2
91405 1
91477 1
91493 1
91501 1
91505 1
91645 1
91741 1
91757 1
91781 1
91809 1
91901 1
91925 1
91937 1
91985 1
92005 1
92009 1
92025 1
92053 1
92201 1
92233 1
92273 1
92285 1
92317 1
92357 1
92365 1
92401 2
92429 2
92441 1
92501 2
92633 1
92641 1
92693 1
92705 1
92761 1
92781 1
92833 3
92857 1
92945 1
92977 1
93025 1
93049 1
93109 1
93113 1
93125 1
93185 1
93193 1
93301 1
93349 2
93425 1
93433 1
93521 2
93533 1
93545 1
93565 1
93593 1
93605 1
93641 1
93677 1
93721 1
93737 1
93757 1
93845 1
93857 2
93889 1
93925 2
93937 1
93965 1
93977 1
94013 1
94117 1
94129 1
94165 1
94265 2
94289 2
94309 1
94313 1
94345 1
94349 1
94453 1
94489 1
94505 1
94613 1
94617 1
94625 3
94653 1
94673 1
94733 1
94741 2
94757 1
94789 1
94837 1
94849 1
94861 1
94933 1
94945 1
95085 1
95089 1
95173 1
95225 3
95257 2
95453 1
95485 1
95489 1
95537 1
95625 1
95701 1
95705 2
95729 1
95789 2
95801 1
95825 1
95897 1
95941 1
95965 1
96029 1
96089 1
96161 3
96241 1
96265 1
96329 1
96381 1
96385 1
96409 1
96457 1
96505 2
96553 1
96625 1
96641 1
96713 1
96769 1
96797 1
96829 1
96841 1
96869 1
96889 1
96917 1
97001 1
97025 2
97061 1
97117 1
97169 1
97285 1
97297 2
97325 2
97461 1
97465 1
97505 1
97533 1
97585 1
97765 1
97781 1
97785 2
97877 1
97921 2
97981 1
98073 1
98093 2
98101 1
98125 2
98165 1
98185 2
98245 1
98261 1
98305 1
98309 1
98345 2
98393 1
98449 1
98533 1
98545 1
98569 1
98585 1
98597 1
98605 3
98621 2
98701 1
98757 1
98809 1
98837 3
98885 1
98897 1
99005 1
99049 1
99053 1
99065 2
99125 1
99193 1
99205 1
99225 1
99229 1
99261 1
99341 1
99413 1
99425 4
99445 1
99485 1
99565 1
99581 1
99625 2
99685 1
99721 1
99733 1
99745 1
99761 1
99801 1
99837 1
99881 1
99905 1
99961 1
99973 2
99977 1
100025 2
100049 1
100069 1
100085 2
100125 1
100153 1
100205 1
100217 2
100249 1
100253 1
100273 1
100325 2
100333 1
100337 1
100357 1
100381 1
100385 3
100421 2
100493 2
100501 1
100549 1
100585 1
100589 1
100601 1
100613 1
100693 1
100697 2
100733 1
100745 1
100825 1
100841 1
100865 1
100945 1
100949 1
100957 1
100989 1
100997 1
101005 1
101021 1
101025 1
101065 2
101113 1
101125 1
101165 1
101293 1
101345 1
101405 1
101425 1
101565 1
101569 1
101581 1
101705 1
101825 1
101861 1
101905 2
101921 1
101961 1
101993 2
102017 1
102029 1
102065 1
102085 1
102141 1
102161 2
102177 1
102205 1
102245 1
102265 1
102285 1
102293 1
102313 1
102325 1
102337 1
102349 1
102401 1
102425 1
102433 1
102533 1
102537 1
102565 1
102589 1
102637 1
102645 1
102673 1
102713 1
102717 1
102761 1
102785 1
102805 2
102857 1
102877 1
102969 1
102973 1
103069 1
103085 2
103105 2
103149 1
103225 1
103297 1
103325 1
103357 1
103365 1
103401 1
103421 1
103445 2
103513 2
103517 1
103525 2
103553 1
103561 1
103573 1
103613 1
103685 1
103725 1
103777 1
103805 1
103813 1
103825 1
103933 1
104045 1
104113 1
104125 1
104149 1
104161 1
104173 1
104221 1
104261 1
104273 2
104281 1
104285 2
104297 1
104337 1
104345 2
104425 1
104465 2
104485 2
104585 1
104589 1
104593 1
104605 1
104645 1
104653 1
104689 1
104981 1
105053 2
105065 1
105109 1
105185 2
105229 1
105345 1
105349 1
105373 1
105389 1
105425 1
105449 1
105505 1
105509 1
105569 1
105649 1
105705 2
105709 1
105725 1
105841 1
105881 1
105885 1
105889 1
105901 2
105937 1
105949 1
105957 1
105977 1
106101 1
106165 2
106189 1
106201 1
106261 1
106281 1
106349 1
106357 1
106445 1
106477 1
106493 1
106497 1
106525 1
106541 1
106565 2
106577 1
106585 1
106641 1
106681 1
106709 1
106745 5
106781 1
106825 1
106853 1
106873 2
106885 1
106889 1
106929 1
106949 1
106965 1
107029 2
107185 1
107225 1
107253 1
107357 1
107365 1
107377 1
107389 1
107497 1
107505 1
107605 1
107689 1
107721 1
107753 1
107773 1
107785 1
107797 1
107861 1
107945 1
108065 1
108085 1
108125 1
108137 1
108173 1
108197 1
108209 1
108225 1
108365 2
108369 1
108373 2
108401 1
108445 1
108457 1
108485 3
108497 1
108565 1
108613 1
108621 1
108673 1
108685 1
108709 1
108725 1
108749 1
108781 1
108793 1
108909 1
108937 1
108953 1
109017 1
109097 1
109125 1
109157 1
109217 1
109225 2
109233 1
109237 1
109265 2
109297 1
109301 1
109409 1
109429 1
109465 1
109577 1
109609 1
109661 1
109705 3
109765 1
109793 1
109829 1
109845 1
109881 1
109937 1
109993 1
109997 1
110005 1
110021 1
110057 1
110097 1
110105 1
110125 2
110137 1
110201 1
110225 1
110277 1
110305 1
110345 1
110401 1
110465 1
110489 1
110513 1
110525 1
110585 1
110665 1
110717 1
110785 1
110857 1
110905 2
110945 1
111005 1
111025 1
111033 2
111065 1
111085 1
111181 1
111185 1
111213 1
111229 1
111289 1
111357 1
111361 1
111365 1
111377 1
111385 1
111401 1
111425 1
111465 1
111493 1
111497 1
111505 2
111533 1
111553 1
111605 5
111609 1
111681 1
111725 1
111841 1
111861 1
111865 1
111985 1
111989 3
112073 1
112185 1
112201 2
112229 2
112237 1
112325 1
112333 1
112337 1
112345 1
112437 1
112589 1
112597 3
112625 1
112697 1
112709 1
112781 2
112813 1
112817 1
112865 2
112869 1
112873 2
112945 1
113089 1
113125 3
113141 1
113165 1
113209 1
113425 1
113441 1
113445 2
113485 1
113489 1
113521 1
113605 1
113725 1
113765 1
113825 1
113941 1
113985 1
114013 1
114145 1
114185 1
114245 1
114265 1
114453 1
114473 1
114493 2
114533 1
114553 1
114577 2
114581 1
114673 1
114709 1
114749 1
114813 1
114869 1
114881 1
114957 3
115037 1
115065 1
115101 1
115141 1
115177 1
115193 2
115201 1
115205 1
115245 1
115389 1
115405 1
115433 1
115469 1
115497 1
115565 2
115645 2
115677 1
115681 1
115685 1
115693 1
115705 1
115781 1
115921 1
115933 1
115945 1
115981 1
116001 1
116005 2
116217 1
116253 1
116269 1
116317 1
116329 1
116365 2
116381 1
116433 1
116485 1
116521 1
116533 1
116581 1
116593 1
116665 1
116669 1
116685 1
116705 1
116729 1
116785 1
116857 1
116873 1
117017 1
117065 1
117113 1
117121 1
117125 1
117137 1
117209 1
117225 2
117269 1
117373 2
117385 2
117421 1
117545 1
117569 1
117617 1
117685 2
117693 1
117713 1
117745 1
117765 1
117793 1
117837 1
117841 1
117845 1
117925 1
118045 1
118117 1
118145 1
118201 1
118225 2
118253 1
118269 1
118301 2
118337 1
118369 1
118385 1
118397 1
118417 1
118445 1
118469 1
118521 1
118561 2
118585 1
118625 1
118633 1
118729 1
118753 1
118805 1
118813 1
118825 1
118889 1
118945 1
119045 1
119125 2
119177 1
119197 1
119221 2
119277 1
119297 1
119321 1
119349 2
119509 1
119549 1
119557 1
119565 1
119573 1
119601 1
119645 1
119657 1
119701 1
119725 2
119741 1
119765 2
119773 1
119813 1
119821 1
119825 1
119881 1
119905 1
119925 1
119941 1
119965 2
119981 1
120005 2
120025 1
120089 2
120149 1
120173 1
120277 1
120293 1
120401 2
120425 1
120445 1
120469 1
120473 1
120509 1
120573 1
120581 1
120661 1
120665 1
120697 1
120733 1
120737 1
120761 1
120785 2
120789 1
120805 1
120817 1
120985 2
121013 3
121021 2
121105 1
121133 1
121157 1
121185 1
121225 1
121237 1
121293 1
121329 2
121405 3
121465 1
121469 1
121501 1
121545 1
121553 1
121637 1
121705 1
121741 1
121745 1
121805 1
121841 2
121925 1
121945 1
122005 1
122057 2
122081 1
122149 2
122197 1
122225 1
122281 1
122293 1
122305 1
122345 1
122473 2
122477 1
122513 1
122525 2
122545 1
122585 1
122681 1
122713 1
122725 1
122993 1
123021 1
123097 2
123125 2
123301 1
123325 2
123381 1
123493 1
123517 1
123521 2
123565 1
123581 1
123589 1
123685 1
123705 2
123773 1
123829 1
123881 1
123921 1
123961 1
123985 2
124049 1
124105 1
124117 1
124121 1
124181 1
124213 1
124277 1
124309 1
124325 2
124337 1
124345 1
124353 2
124493 1
124497 3
124501 1
124517 1
124525 1
124533 1
124601 2
124625 1
124633 1
124645 2
124805 1
124813 1
124857 1
124865 1
124909 1
124937 2
124945 2
124981 1
125045 1
125073 1
125093 1
125137 3
125197 1
125225 1
125293 1
125341 1
125425 2
125477 1
125497 1
125597 1
125605 2
125617 2
125693 1
125773 1
125801 1
125905 2
125921 1
126001 1
126061 1
126121 1
126145 1
126157 2
126193 1
126265 1
126337 1
126361 1
126373 1
126425 1
126469 1
126513 1
126585 2
126605 2
126617 1
126729 1
126737 2
126745 1
126761 1
126769 1
126809 1
126829 1
126905 1
126961 1
126997 1
127025 1
127125 1
127341 1
127465 1
127469 1
127517 1
127645 2
127697 1
127745 1
127777 1
127789 1
127837 1
127873 1
127917 1
127945 1
127961 1
128045 1
128057 1
128105 1
128153 1
128165 1
128189 1
128329 1
128369 2
128385 2
128405 1
128453 1
128465 1
128477 1
128525 1
128529 1
128549 1
128617 1
128705 3
128717 1
128729 1
128825 1
128845 4
128861 1
128885 1
128893 1
129025 1
129089 1
129125 2
129137 2
129281 1
129285 1
129509 1
129537 1
129565 1
129581 1
129625 1
129665 1
129685 1
129733 2
129761 1
129785 2
129917 1
129937 1
130033 1
130069 1
130117 2
130129 1
130177 2
130265 1
130301 1
130321 1
130357 1
130385 1
130401 1
130441 2
130457 1
130465 1
130481 2
130517 1
130585 1
130721 1
130741 1
130781 1
130805 1
130905 1
130925 1
130957 2
130969 2
131045 1
131093 1
131129 1
131213 2
131265 2
131269 1
131281 2
131317 1
131401 1
131465 1
131473 1
131561 1
131605 1
131653 2
131669 1
131749 1
131773 1
131777 1
131825 1
131833 1
131877 1
131885 1
131893 1
131921 1
131957 1
132017 1
132037 1
132085 1
132113 1
132137 1
132157 1
132313 1
132353 1
132413 1
132425 1
132437 1
132509 1
132533 1
132565 1
132577 1
132597 1
132669 1
132701 1
132721 1
132785 1
132821 1
132925 1
132941 1
132953 1
132985 1
133097 1
133153 1
133209 2
133325 2
133349 1
133369 1
133373 1
133405 1
133425 2
133445 3
133453 2
133465 1
133549 1
133597 1
133605 1
133613 1
133633 1
133645 1
133669 1
133769 1
133789 1
133825 1
133829 1
133873 1
133877 1
133885 1
133897 1
133901 1
133909 1
133965 1
134005 1
134009 2
134017 1
134081 1
134165 1
134245 2
134269 1
134317 1
134329 1
134345 1
134357 1
134417 1
134441 1
134473 1
134485 1
134549 1
134613 1
134653 1
134685 1
134725 1
134753 1
134797 1
134821 1
134833 1
134837 1
134845 1
134857 1
134909 1
134917 2
134945 1
135049 2
135097 2
135173 1
135193 1
135325 1
135473 1
135517 1
135713 1
135785 1
135797 2
135845 1
135865 1
135889 1
135909 1
135929 1
135937 1
135941 1
135985 1
136093 1
136097 1
136153 1
136205 1
136217 1
136225 1
136261 1
136285 1
136305 1
136385 1
136393 1
136445 1
136465 2
136557 1
136561 1
136621 1
136649 1
136729 1
136765 1
136789 1
136793 1
136825 1
136841 1
136889 2
136973 1
136985 1
136993 1
137021 1
137097 1
137105 1
137125 1
137133 1
137153 1
137177 1
137201 1
137285 1
137309 1
137345 1
137429 2
137573 1
137597 1
137605 1
137641 2
137705 1
137741 1
137837 1
137861 1
138033 1
138077 2
138085 1
138121 1
138125 2
138141 2
138185 1
138209 1
138217 1
138277 1
138357 1
138365 1
138385 1
138533 1
138545 2
138553 1
138569 1
138609 1
138625 1
138661 1
138701 1
138737 2
138745 1
138817 1
138905 1
138949 1
138965 1
139001 1
139037 1
139085 1
139121 1
139145 1
139157 1
139189 1
139285 1
139309 1
139333 1
139405 1
139429 1
139437 1
139457 1
139525 1
139553 1
139625 2
139781 1
139813 1
139885 1
139913 1
139925 3
139957 1
139969 1
139997 1
140065 1
140141 1
140165 1
140185 1
140189 1
140193 1
140197 1
140381 1
140401 1
140425 2
140429 1
140445 1
140465 1
140485 1
140533 1
140593 1
140605 1
140725 1
140753 1
140813 1
140845 2
140849 1
140981 1
140989 1
141025 1
141093 1
141109 1
141125 1
141137 1
141157 1
141181 1
141193 2
141245 2
141365 1
141373 1
141385 1
141401 1
141409 1
141425 1
141469 1
141497 1
141525 2
141557 1
141665 1
141709 1
141725 1
141769 1
141865 1
141965 1
142001 1
142045 1
142085 1
142105 1
142129 1
142145 1
142229 1
142245 2
142265 1
142313 2
142333 1
142337 1
142385 1
142409 1
142469 1
142801 1
142805 1
142825 2
142873 1
142885 1
142897 1
142913 1
142925 1
142933 1
143029 1
143105 1
143125 2
143145 1
143149 1
143245 1
143305 1
143325 1
143417 1
143477 1
143501 1
143509 1
143513 1
143521 1
143525 1
143613 1
143641 1
143645 1
143657 1
143741 1
143753 1
143757 3
143761 1
143893 1
143897 1
143981 1
144041 1
144109 1
144197 1
144217 1
144293 1
144313 1
144353 1
144425 1
144433 1
144481 1
144521 1
144565 1
144637 1
144737 1
144833 1
144937 1
144981 1
145025 1
145037 1
145109 1
145177 1
145213 1
145269 1
145273 2
145345 1
145377 1
145493 1
145517 1
145625 1
145685 1
145753 1
145837 1
145925 1
145953 1
145973 1
146005 1
146225 1
146285 2
146353 1
146385 1
146401 1
146425 1
146429 1
146453 1
146557 2
146561 2
146565 1
146681 1
146705 1
146709 1
146725 1
146761 1
146777 1
146789 1
146933 1
146953 1
147005 1
147109 1
147173 1
147181 2
147185 2
147373 1
147377 1
147401 1
147429 1
147445 1
147537 1
147685 1
147713 1
147797 1
147853 1
147925 1
147965 2
147985 1
148061 1
148077 1
148121 1
148133 1
148145 1
148153 1
148225 1
148265 1
148345 1
148429 2
148481 1
148541 1
148545 1
148573 1
148601 1
148617 1
148681 1
148777 1
148781 1
148805 1
148825 1
148993 1
148997 1
149005 1
149045 1
149085 1
149129 1
149157 1
149197 1
149257 1
149269 1
149273 2
149301 1
149353 1
149365 1
149393 1
149401 1
149517 2
149537 2
149561 1
149609 1
149621 1
149657 1
149725 1
149773 1
149945 1
149949 1
149957 1
149965 1
150025 1
150109 1
150137 1
150161 1
150209 2
150341 1
150345 3
150497 1
150593 1
150641 1
150685 1
150701 1
150761 1
150785 2
151029 1
151033 1
151121 1
151165 1
151213 1
151313 1
151385 2
151421 1
151465 1
151505 1
151533 1
151589 1
151645 1
151673 1
151729 1
151793 1
151825 1
151849 1
151861 1
151933 1
151957 1
151985 1
152165 2
152181 2
152289 1
152381 1
152417 1
152525 1
152585 1
152645 1
152653 2
152685 1
152725 1
152785 1
152813 1
152825 1
152885 1
152917 1
153029 1
153049 1
153053 1
153077 1
153125 1
153145 2
153169 1
153205 1
153245 1
153305 1
153369 1
153425 2
153513 1
153557 1
153585 1
153661 1
153665 1
153697 1
153821 1
153841 1
153845 1
153865 1
153889 1
153917 1
153941 1
154013 1
154057 1
154105 1
154157 1
154193 1
154213 1
154269 1
154313 1
154369 1
154373 1
154433 1
154465 1
154505 1
154625 2
154685 1
154773 1
154909 1
154925 1
154997 1
155025 2
155065 2
155125 1
155129 1
155185 1
155205 1
155213 1
155237 1
155245 1
155281 1
155285 1
155345 1
155425 1
155545 1
155585 1
155725 1
155753 1
155873 1
155905 1
155997 1
156001 1
156005 1
156017 2
156065 1
156077 1
156105 1
156217 1
156281 1
156361 2
156437 1
156537 1
156553 1
156565 1
156685 1
156725 1
156825 1
156841 1
156897 1
156925 1
156937 1
156977 1
157037 1
157045 1
157057 1
157085 1
157097 1
157169 1
157177 1
157345 1
157433 1
157473 1
157581 1
157625 2
157709 4
157721 1
157797 1
157905 1
157981 2
158101 2
158113 1
158225 1
158405 1
158425 1
158453 1
158509 1
158525 1
158581 1
158617 1
158629 2
158693 1
158729 1
158789 1
158849 1
158881 1
158905 1
158909 1
159053 1
159065 1
159101 1
159133 1
159149 2
159493 1
159517 2
159561 1
159569 1
159605 1
159673 1
159865 1
159913 1
159997 1
160001 1
160025 1
160117 1
160157 1
160169 1
160205 1
160277 1
160285 1
160313 1
160381 2
160529 1
160537 2
160597 2
160613 2
160625 1
160729 1
160745 1
160805 2
160865 1
160889 2
160945 2
160965 2
161041 1
161185 1
161213 1
161285 1
161309 1
161317 1
161341 1
161345 1
161429 1
161829 1
161905 1
161957 1
161965 1
162005 1
162097 1
162117 1
162125 1
162137 1
162149 1
162245 1
162425 1
162485 1
162565 1
162713 1
162721 1
162749 1
162805 1
162809 1
162845 1
162857 1
162997 1
163117 1
163125 1
163197 1
163225 1
163265 1
163301 1
163313 1
163561 1
163601 1
163693 1
163705 1
163865 1
163901 1
163981 1
163997 1
164025 1
164089 1
164097 1
164125 2
164149 1
164165 1
164169 3
164189 1
164209 1
164277 1
164305 1
164529 1
164537 1
164645 2
164681 1
164693 1
164701 2
164709 1
164761 1
164821 1
164917 1
165005 1
165069 1
165113 2
165177 1
165229 2
165257 1
165269 1
165329 2
165353 1
165413 1
165545 1
165573 1
165665 3
165681 1
165901 1
165925 1
165985 1
166009 1
166061 1
166113 1
166169 1
166241 1
166277 1
166373 1
166429 1
166465 1
166477 1
166541 1
166673 1
166721 1
166861 1
166905 1
167081 1
167197 1
167301 1
167345 1
167381 1
167425 1
167445 1
167477 1
167525 1
167533 1
167557 1
167593 1
167645 1
167705 2
167725 1
167813 1
167861 1
167921 1
168309 1
168353 1
168389 1
168461 1
168557 1
168577 3
168593 1
168649 1
168761 1
168769 1
168869 1
168941 1
169065 1
169117 1
169361 1
169393 2
169397 2
169405 2
169585 1
169657 1
169745 1
169885 1
169949 2
170041 1
170077 1
170089 1
170109 1
170129 1
170141 1
170185 1
170213 1
170273 1
170285 1
170365 1
170437 1
170461 1
170473 1
170705 1
170713 1
170741 1
170765 1
170833 1
170837 1
170909 3
170953 1
171025 2
171065 1
171197 1
171425 1
171445 1
171497 1
171581 1
171617 1
171673 1
171725 1
171745 1
171837 1
171845 1
171873 1
171925 1
172097 1
172145 1
172189 1
172197 1
172269 1
172393 1
172405 1
172413 1
172433 1
172441 1
172493 1
172521 1
172597 1
172621 1
172705 1
172769 1
172849 1
172901 1
172909 1
172917 1
172925 1
172961 1
172969 1
173017 1
173225 2
173245 1
173365 1
173485 1
173533 1
173893 1
174105 2
174113 1
174121 1
174145 2
174161 1
174281 1
174289 1
174301 1
174373 1
174397 1
174557 1
174569 2
174637 1
174721 1
174737 1
174773 2
174925 1
175085 1
175253 1
175273 1
175369 2
175597 1
175625 1
175685 1
175745 1
175765 1
175781 1
175817 1
175865 1
175909 1
175969 1
175985 1
176021 1
176045 2
176105 1
176137 1
176329 1
176369 1
176381 1
176465 1
176509 1
176521 1
176557 1
176585 1
176665 1
176697 1
176765 1
176777 1
176841 1
176849 1
176921 1
176965 1
177017 1
177021 1
177025 1
177125 1
177193 1
177233 1
177301 1
177305 1
177341 1
177497 1
177557 1
177605 1
177725 1
177749 1
177817 1
177901 1
177937 1
178245 1
178253 1
178265 1
178301 1
178313 2
178425 1
178469 1
178477 1
178489 1
178525 1
178601 1
178605 1
178677 1
178681 1
178685 1
178709 2
178765 1
178817 1
178929 1
179045 1
179129 1
179153 1
179253 1
179281 1
179317 1
179401 1
179545 1
179693 1
179713 1
179833 1
179857 2
179897 1
180049 1
180073 1
180121 1
180185 1
180277 1
180293 1
180317 1
180325 1
180461 1
180517 1
180529 1
180605 2
180653 1
180689 1
180745 2
180797 1
180801 1
180925 1
181021 1
181053 1
181085 1
181129 2
181161 1
181285 1
181385 1
181397 1
181453 1
181633 1
181649 2
181669 1
181765 1
181781 1
181805 1
181837 1
182201 1
182213 1
182305 1
182377 1
182525 1
182529 1
182585 1
182701 1
182817 1
182821 1
182997 1
183105 1
183125 1
183209 1
183257 1
183277 1
183305 1
183353 1
183401 1
183557 1
183565 1
183605 1
183637 1
183641 1
183829 1
183853 1
183889 1
184033 1
184049 1
184093 1
184141 1
184145 1
184181 1
184189 1
184229 1
184297 1
184365 1
184405 1
184441 1
184477 1
184501 1
184721 1
184825 2
184909 1
184973 1
185013 1
185049 1
185069 1
185285 1
185377 1
185393 1
185417 1
185629 1
185701 1
185789 1
185869 1
185873 2
185957 1
185965 1
185989 1
186101 1
186113 1
186125 1
186201 1
186245 1
186517 1
186541 1
186565 1
186581 1
186605 1
186641 1
186685 1
186745 1
186785 2
186793 1
186877 1
186905 1
186925 1
186953 1
186965 1
187057 1
187193 1
187301 1
187317 1
187409 1
187525 1
187585 1
187709 1
187745 1
187817 1
187849 2
188113 1
188249 1
188285 1
188413 1
188465 1
188521 1
188645 1
188785 1
188981 1
189029 1
189053 1
189061 1
189241 1
189265 1
189293 1
189369 1
189385 1
189509 1
189769 1
189781 1
189785 1
189869 1
189909 1
189929 1
189997 1
190097 1
190169 1
190237 1
190301 1
190349 1
190385 2
190405 1
190445 1
190541 1
190593 1
190609 1
190669 1
190721 1
190789 1
190845 2
190921 1
190945 1
190957 1
190973 1
190997 1
191097 2
191165 2
191281 1
191305 1
191309 1
191365 1
191369 1
191453 1
191489 1
191529 1
191537 1
191585 1
191745 1
191777 1
191789 1
191825 1
191993 1
192029 1
192037 2
192077 1
192097 1
192113 1
192265 1
192285 1
192325 1
192385 1
192457 1
192473 1
192589 2
192757 1
192761 1
192781 1
192897 1
192925 1
192977 1
192985 1
193069 2
193169 1
193185 1
193205 1
193257 1
193273 1
193365 1
193581 1
193709 1
193741 1
193793 1
193993 1
194045 1
194165 1
194445 2
194545 1
194549 1
194569 1
194669 1
194717 2
194729 1
194933 1
194977 1
195089 1
195093 1
195277 1
195325 1
195373 1
195417 1
195445 1
195457 1
195461 1
195721 1
195793 1
195805 1
195829 1
195893 1
196025 1
196045 1
196049 1
196165 1
196417 1
196481 1
196733 1
196849 1
196985 1
197037 1
197081 1
197425 1
197489 1
197605 1
197617 2
197621 1
197649 1
197761 1
197881 1
197965 1
198001 1
198365 1
198389 1
198405 1
198413 1
198505 1
198577 1
198713 1
198725 2
198733 1
198805 1
199021 2
199097 1
199121 2
199385 1
199413 1
199433 1
199765 1
199805 1
200061 1
200161 1
200257 1
200357 1
200485 1
200525 2
200845 1
201029 1
201049 1
201065 1
201141 2
201373 1
201401 1
201429 1
201465 1
201545 1
201665 1
201781 1
201785 1
201809 1
201877 1
201997 1
202045 1
202177 1
202221 1
202325 1
202329 1
202357 1
202361 1
202553 1
202669 1
202681 1
202725 1
202753 1
202925 1
202985 1
202997 1
203285 1
203405 1
203437 2
203641 2
203645 1
203785 2
203885 1
203905 1
203965 1
204205 1
204245 1
204329 1
204385 1
204425 2
204453 1
204541 1
204577 1
204853 1
204961 1
204997 1
205145 1
205165 1
205213 1
205525 1
205641 1
205649 3
205673 1
205693 1
205945 1
206065 1
206161 1
206225 2
206505 1
206537 1
206545 1
206581 1
206737 1
207029 1
207089 1
207145 1
207245 2
207441 1
207685 1
207701 2
207965 1
208053 1
208085 1
208161 1
208193 1
208325 1
208405 1
208409 1
208429 1
208465 1
208701 1
208853 1
208865 1
208925 2
209017 1
209025 1
209065 1
209141 1
209161 1
209313 2
209317 1
209353 1
209413 1
209597 1
209821 1
209845 1
209873 1
210053 1
210085 1
210113 1
210125 2
210173 1
210541 1
210709 1
210781 1
210865 1
211133 1
211549 1
211685 1
211765 1
211801 1
211825 1
211833 1
211901 1
211909 1
212209 1
212213 1
212265 1
212337 1
212481 1
212525 1
212585 1
212657 1
212689 1
212921 1
212953 1
213053 1
213093 1
213265 1
213317 2
213341 1
214049 2
214205 1
214425 1
214513 1
214625 1
214673 1
214741 1
214769 1
215045 1
215153 1
215161 1
215189 1
215813 1
215845 1
215865 1
215905 1
215917 1
216005 1
216137 1
216193 2
216389 1
216445 1
216485 1
216593 1
216817 1
216985 1
217001 1
217057 1
217141 1
217145 1
217165 1
217225 1
217241 2
217345 1
217529 1
217565 1
217765 1
218125 1
218489 2
218525 1
218653 1
218689 1
218725 1
218745 1
218777 1
218817 1
218853 1
218921 1
218965 1
219025 1
219173 1
219245 1
219337 1
219385 1
219533 1
219685 2
219761 1
219865 1
219889 1
220061 1
220085 2
220369 1
220397 1
220537 1
220545 1
220585 1
220769 1
220825 1
220985 1
221125 1
221225 1
221233 1
221269 1
221849 1
221897 1
222041 1
222309 1
222313 1
222485 1
222577 1
222625 1
222685 1
222809 1
223105 1
223173 1
223249 2
223397 1
223429 1
223513 1
223529 1
223621 2
223645 1
223753 1
223765 1
223781 1
223805 1
224045 1
224185 1
224405 1
224725 1
224897 1
225265 1
225301 1
225625 1
225737 1
225901 1
226025 1
226361 1
226421 1
226565 1
226921 1
227273 1
227317 1
227405 1
227737 1
227853 1
228033 1
228541 1
228629 1
228985 1
229177 2
229205 1
229277 1
229601 1
229633 1
229637 1
229753 1
229941 1
229945 1
230077 1
230141 1
230165 1
230249 1
230365 1
230389 1
230425 2
230841 1
230913 1
230917 1
231061 1
231085 1
231257 1
231397 1
231421 1
231445 1
231545 1
231845 1
231965 1
232033 1
232145 2
232193 1
232201 1
232493 1
232585 1
232685 1
232781 1
232817 1
233021 1
233725 1
233729 1
233813 1
233969 1
234125 1
234149 1
234181 1
234233 1
234337 1
234585 1
234721 1
234757 1
234925 1
235357 1
235405 1
235421 1
235481 1
235485 1
235645 1
235765 2
235825 1
235901 1
235909 1
235985 1
236045 2
236125 1
236197 1
236349 1
236365 1
236425 1
236497 1
236557 1
236585 1
236741 1
236765 1
236857 1
236925 1
236997 1
237133 1
237565 1
237609 1
237673 1
237905 1
237913 1
237949 1
238057 1
238225 1
238745 1
238877 1
239013 1
239065 1
239105 1
239189 1
239201 1
239513 1
239825 1
239945 1
239969 1
239985 1
240077 1
240101 1
240125 1
240149 1
240161 1
240181 1
240337 1
241181 1
241333 1
241421 1
241425 1
241453 1
241865 2
242125 1
242369 2
242425 1
242461 1
242485 1
242533 1
242789 1
242845 1
243081 1
243125 1
243217 1
243305 1
243365 1
243405 1
243445 1
243461 1
243569 1
243625 1
243725 1
243805 1
243909 1
243913 1
244193 1
244225 1
244325 1
244413 1
244529 1
244897 1
245149 1
245353 1
245369 1
245713 1
245961 1
245965 1
246025 1
246461 1
246649 1
246745 1
246825 1
247025 1
247165 1
247325 1
247585 1
247613 2
247941 1
248057 1
248305 1
248557 1
248705 1
248733 1
248785 1
249165 1
249349 1
249577 2
249797 1
249961 1
250093 1
250237 1
250277 1
250345 1
250445 1
250497 1
250685 2
250693 1
250713 1
250969 1
251005 1
251285 1
251357 1
251393 1
251417 1
251425 1
251605 1
251705 1
251793 1
252025 1
252365 1
252673 1
252773 2
252781 1
252965 1
253061 1
253333 1
253501 1
253513 1
253521 1
253609 2
253637 1
253741 1
253861 1
254017 1
254137 1
254241 1
254425 1
254497 1
254557 1
254813 1
255169 1
255289 1
255413 1
255425 2
255457 1
255469 1
255473 1
255725 1
255793 1
255965 1
256505 1
256601 1
256617 1
257009 1
257113 1
257141 1
257193 1
257245 1
257401 1
257665 1
257729 1
257905 1
258065 1
258493 1
258593 1
258689 1
258889 1
258901 1
259085 1
259093 1
259565 1
259753 1
259965 1
260185 1
260217 1
260325 1
260345 1
260657 1
260717 1
260829 1
260873 1
261077 1
261297 1
261341 1
261445 1
261545 1
261925 1
261937 1
261973 1
262277 1
262321 1
262741 1
263257 1
263297 1
263605 1
264245 1
264317 1
264329 1
264557 1
264973 1
265345 1
265565 1
265625 1
265897 1
266021 1
266337 1
267125 1
267433 1
267545 1
267781 1
267785 1
267885 1
267913 1
268145 1
268425 1
268465 1
268481 1
268673 1
268705 1
269365 1
269909 1
270377 1
270521 1
270621 1
271277 1
271385 1
271729 1
271881 1
271937 2
272045 1
272277 1
272637 1
272765 1
272801 1
273325 1
273337 1
273481 1
273501 1
273593 2
273905 1
274193 1
274385 1
274717 1
274905 1
275713 2
275909 1
276057 1
276305 1
276605 1
276785 1
276917 1
276973 1
277061 2
277525 1
277561 1
277741 1
277885 1
277933 1
278213 1
278429 1
279225 1
279277 1
279325 1
280001 1
280033 1
280053 1
280381 1
280429 1
280685 1
280925 1
281385 1
281605 1
281801 1
282125 1
282145 1
282573 1
282773 1
282789 1
282809 1
282925 1
283265 1
283285 1
283465 2
284665 1
285025 1
285125 1
285381 1
285625 1
286133 1
286393 1
286417 1
286613 1
287041 1
287365 1
287505 1
287613 1
288405 1
288509 1
288845 1
289505 1
289741 1
289873 1
289957 1
290173 1
290853 1
291073 1
291409 1
291601 1
291805 1
291901 1
292093 1
292365 1
292577 1
292781 1
292945 1
293305 1
293665 1
293857 1
293981 1
294229 1
294589 1
295885 1
296005 1
296281 1
296521 1
297185 1
297221 1
297757 1
297981 1
297989 1
298117 1
298285 1
298361 1
298621 1
298769 1
299205 1
300677 1
301381 1
301913 1
301977 1
303125 1
304553 1
305233 1
305825 1
305909 1
306073 1
306325 1
306385 1
307469 1
308125 1
308277 1
308765 1
308965 1
309105 1
310113 1
310437 1
311389 1
311625 1
312265 1
312401 1
312673 1
313009 1
313045 1
313121 1
313133 1
313625 1
313925 1
314005 1
314441 1
315785 1
315965 1
316573 1
316705 1
318289 1
318361 1
321877 1
322425 1
322645 1
323161 1
324037 1
324365 1
324617 1
324649 1
325117 1
325313 1
325333 1
325409 1
325557 1
326281 1
327265 1
327361 1
328729 1
328761 1
329041 1
329089 1
329621 1
330745 1
330941 1
331169 1
331857 1
332441 1
332957 1
334629 1
335945 1
335981 1
336013 1
336425 1
336445 1
336821 1
337949 1
338125 1
338405 1
338533 1
341029 1
341105 1
343265 1
344125 1
344801 1
345025 1
345281 1
346381 1
348245 1
349225 1
349321 1
351941 1
353241 1
354593 1
354745 1
356693 1
359225 1
359545 1
359725 1
360061 1
361201 1
362305 1
363605 1
364745 1
366769 1
367825 1
368549 1
369097 1
369205 1
371321 1
372605 1
374557 1
377609 1
378437 1
379865 1
382837 1
382925 2
384797 1
387641 1
389845 1
391453 1
391509 1
393193 1
393689 1
402481 1
403745 1
406981 1
409225 1
410057 1
410513 1
421893 1
425957 1
442861 1
448225 1
455005 1
656681 1
735290 1
848257 1
905801 1
914813 1
925457 1
929681 1
936637 1
956773 1
970657 1
1027021 1
1033785 1
1043425 1
1047625 1
1048213 1
1084865 1
1095057 1
1130445 1
1136357 1
1169461 1
1186405 1
1194637 1
1199425 1
1203381 1
1222049 1
1232452 1
1264261 1
1278005 1
1289345 1
1361989 1
1365065 1
1383300 1
1387265 1
1401458 1
1405249 1
1412944 1
1430145 1
1457572 1
1472450 1
1475505 1
1483796 1
1517497 1
1523008 1
1580373 1
1633645 1
1677281 1
1677349 1
1678961 1
1721353 1
1758501 1
1901101 1
1958225 1
2538805 1
2652029 1
2758946 1
2762605 1
2896925 1
2961045 1
3056288 1
3180708 1
3201005 1
3217664 1
3240121 1
3294850 1
3320708 1
3327277 1
3329485 1
3335114 1
3356260 1
3418952 1
3430178 1
3494952 1
3504186 1
3531240 1
3552914 1
3675956 1
3682324 1
3682850 1
3696685 1
3752698 1
3779152 1
3827872 1
4433216 1
4929424 1
5099666 1
5777173 1
5901584 1
