N J h mean_R_sq err_mean_R_sq mean_R_gyr_sq err_mean_R_gyr_sq 
2500 1.33 0 3029.66 447.058 750.153 85.8667
1 15
5 40
9 25
13 40
17 49
25 76
29 37
37 56
41 61
45 52
49 25
53 56
61 55
65 123
73 51
81 20
85 137
89 67
97 47
101 75
109 54
113 56
117 48
121 34
125 125
137 55
145 119
149 51
153 57
157 62
169 87
173 63
181 46
185 105
193 60
197 57
205 123
221 125
225 103
229 51
233 54
241 70
245 63
257 64
261 61
265 125
269 55
277 52
281 65
289 96
293 64
305 121
313 78
317 60
325 201
333 59
337 63
349 62
353 58
361 26
365 120
369 70
373 78
377 124
389 58
397 57
401 58
405 66
409 69
421 72
425 179
433 47
441 40
445 122
449 61
457 67
461 62
477 69
481 136
485 116
493 97
505 122
509 55
521 51
529 24
533 104
541 61
545 104
549 65
557 43
565 135
569 49
577 63
585 119
593 57
601 62
605 70
613 55
617 72
625 124
629 117
637 66
641 57
653 62
657 65
661 60
673 56
677 56
685 131
689 135
697 121
701 57
709 77
725 194
729 27
733 61
745 150
757 59
761 53
765 126
769 58
773 56
785 124
793 113
797 56
801 60
809 40
821 51
829 53
833 50
841 83
845 177
853 49
857 68
865 123
873 55
877 58
881 49
901 89
905 111
909 53
925 180
929 44
937 46
941 44
949 132
953 63
961 33
965 98
977 64
981 53
985 117
997 55
1009 51
1013 60
1017 54
1021 66
1025 164
1033 49
1037 106
1049 58
1053 56
1061 54
1069 51
1073 113
1089 28
1093 50
1097 72
1105 216
1109 46
1117 40
1125 106
1129 39
1145 105
1153 54
1157 122
1165 113
1181 52
1189 101
1193 64
1201 61
1205 113
1213 51
1217 45
1225 70
1229 47
1233 47
1237 54
1241 104
1249 52
1261 94
1277 38
1285 103
1289 62
1297 52
1301 53
1305 101
1313 95
1321 54
1325 139
1341 36
1345 95
1361 58
1369 63
1373 61
1377 57
1381 39
1385 96
1405 114
1409 51
1413 47
1417 101
1421 49
1429 39
1433 42
1445 142
1453 33
1465 111
1469 102
1481 40
1489 46
1493 32
1513 83
1517 95
1521 69
1525 146
1537 96
1549 41
1553 44
1557 49
1565 85
1573 43
1585 96
1597 53
1601 36
1609 37
1613 47
1621 47
1625 168
1629 48
1637 37
1649 99
1657 64
1665 98
1669 43
1681 80
1685 103
1693 45
1697 39
1709 49
1717 83
1721 45
1733 37
1737 39
1741 37
1745 97
1753 50
1765 92
1769 77
1773 36
1777 38
1781 97
1789 39
1801 32
1805 32
1813 48
1825 133
1845 74
1849 21
1853 83
1861 37
1865 101
1873 43
1877 40
1885 156
1889 47
1901 40
1913 39
1921 68
1933 35
1937 76
1945 84
1949 51
1961 77
1973 39
1985 90
1989 86
1993 49
1997 40
2005 82
2009 38
2017 38
2025 69
2029 35
2041 82
2045 79
2053 56
2057 35
2061 25
2069 30
2081 33
2089 33
2097 37
2105 63
2113 33
2117 69
2125 141
2129 42
2137 33
2141 34
2153 48
2161 36
2165 70
2169 41
2173 65
2197 72
2205 21
2209 14
2213 24
2221 36
2225 97
2237 29
2245 72
2249 81
2257 80
2269 26
2273 31
2281 35
2285 75
2293 36
2297 30
2305 62
2309 29
2313 24
2329 78
2333 36
2341 28
2349 32
2353 69
2357 22
2377 24
2381 32
2385 70
2389 45
2393 40
2401 16
2405 126
2417 32
2421 33
2425 107
2437 37
2441 40
2465 135
2473 27
2477 33
2493 35
2501 64
2509 61
2521 29
2525 89
2529 45
2533 82
2545 62
2549 38
2557 29
2561 56
2581 58
2593 34
2597 24
2601 61
2605 59
2609 27
2617 30
2621 32
2633 30
2637 31
2645 33
2657 38
2665 142
2669 64
2677 35
2689 35
2693 31
2701 64
2705 57
2713 36
2725 98
2729 21
2741 32
2745 62
2749 38
2753 25
2777 32
2785 64
2789 27
2797 34
2801 24
2809 39
2813 60
2817 29
2825 73
2833 27
2837 35
2845 36
2853 36
2857 23
2861 25
2873 100
2885 59
2897 39
2909 18
2917 22
2925 81
2929 42
2941 48
2953 24
2957 26
2965 62
2969 34
2977 58
2989 30
2993 53
2997 32
3001 25
3005 49
3025 41
3029 70
3033 28
3037 19
3041 19
3049 33
3061 25
3065 45
3077 66
3085 47
3089 30
3109 26
3121 24
3125 61
3133 58
3137 28
3141 29
3145 99
3161 46
3169 24
3177 20
3181 18
3185 45
3205 42
3209 32
3217 24
3221 20
3229 24
3233 48
3249 14
3253 20
3257 19
3265 36
3277 43
3281 53
3285 39
3293 42
3301 35
3305 45
3313 23
3321 26
3329 30
3341 39
3349 46
3357 27
3361 28
3365 45
3373 19
3385 46
3389 22
3393 41
3413 19
3425 66
3433 12
3445 85
3449 26
3457 20
3461 24
3469 17
3481 11
3485 70
3497 31
3501 28
3505 47
3509 17
3517 20
3529 21
3533 15
3541 21
3545 39
3557 19
3573 31
3577 24
3581 25
3589 39
3593 15
3601 37
3609 20
3613 23
3617 16
3625 73
3637 18
3645 16
3649 35
3653 42
3665 41
3673 18
3677 21
3681 21
3697 18
3701 19
3709 14
3721 21
3725 54
3733 16
3737 49
3757 59
3761 24
3769 13
3785 40
3789 19
3793 22
3797 17
3805 38
3809 36
3821 22
3825 45
3833 26
3845 29
3853 13
3865 43
3869 39
3877 20
3881 19
3889 25
3893 26
3897 21
3917 18
3925 44
3929 16
3961 41
3965 62
3969 11
3973 28
3977 33
3985 36
3989 7
4001 20
4005 33
4013 15
4021 17
4033 31
4041 11
4045 41
4049 23
4057 15
4069 34
4073 15
4093 15
4097 22
4105 31
4113 24
4121 34
4129 11
4133 13
4141 33
4145 36
4149 10
4153 14
4157 16
4165 23
4177 9
4181 30
4201 15
4205 53
4217 12
4225 65
4229 14
4241 11
4253 11
4261 18
4265 26
4273 8
4285 31
4289 9
4293 22
4297 22
4321 21
4325 44
4329 19
4337 16
4349 16
4357 16
4361 13
4365 25
4369 20
4373 12
4381 24
4385 27
4397 17
4405 28
4409 8
4421 17
4437 22
4441 9
4453 21
4457 13
4469 27
4477 17
4481 15
4489 9
4493 10
4505 44
4513 14
4517 15
4525 42
4537 24
4545 39
4549 11
4553 33
4561 14
4573 28
4581 13
4589 16
4597 8
4621 14
4625 48
4633 28
4637 12
4645 29
4649 15
4657 20
4673 12
4685 24
4689 10
4693 14
4705 20
4709 23
4717 18
4721 13
4729 20
4733 9
4745 41
4753 19
4761 7
4765 39
4777 29
4789 6
4793 14
4797 14
4801 13
4805 13
4813 13
4817 8
4825 34
4849 29
4861 7
4869 12
4877 12
4885 25
4889 12
4901 24
4905 19
4909 10
4913 29
4925 33
4933 12
4937 10
4941 13
4949 7
4957 15
4961 9
4969 8
4973 9
4981 32
4985 20
4993 8
5009 10
5013 12
5017 13
5021 7
5041 8
5045 20
5057 15
5065 19
5069 14
5077 12
5081 8
5085 12
5101 11
5105 24
5113 8
5121 7
5125 33
5141 19
5153 7
5161 21
5165 14
5185 39
5189 7
5193 4
5197 5
5209 10
5213 12
5233 4
5237 5
5245 18
5249 26
5261 13
5265 17
5273 9
5281 10
5297 9
5305 17
5309 13
5317 19
5321 15
5329 10
5333 9
5337 7
5341 13
5345 11
5353 15
5365 37
5381 7
5389 19
5393 7
5409 11
5413 4
5417 7
5429 20
5437 11
5441 7
5445 7
5449 4
5465 16
5473 15
5477 8
5485 19
5501 7
5513 19
5517 4
5521 6
5525 63
5537 7
5545 13
5553 5
5557 11
5569 4
5573 8
5581 5
5585 16
5597 19
5617 16
5625 19
5629 10
5641 10
5645 14
5653 5
5657 5
5661 19
5669 8
5689 6
5693 8
5701 10
5713 17
5717 9
5725 27
5729 10
5733 5
5737 5
5741 5
5749 9
5765 12
5769 10
5777 10
5785 32
5801 7
5809 18
5813 5
5821 12
5825 20
5837 18
5849 8
5857 6
5861 9
5869 6
5877 5
5881 7
5897 6
5905 9
5913 11
5917 17
5929 1
5933 11
5941 11
5945 25
5949 8
5953 5
5965 7
5981 8
5989 13
5993 15
6001 13
6005 11
6025 19
6029 10
6037 8
6053 8
6057 9
6065 12
6073 10
6085 17
6089 10
6093 2
6101 5
6109 6
6113 10
6121 4
6125 19
6133 5
6137 7
6145 17
6161 14
6165 12
6173 6
6185 16
6197 6
6201 11
6205 19
6217 5
6221 8
6229 9
6241 3
6245 10
6253 17
6257 7
6269 6
6273 10
6277 5
6301 6
6305 27
6309 5
6317 5
6329 1
6337 7
6341 14
6353 7
6361 3
6373 7
6381 5
6385 11
6389 5
6397 5
6401 8
6409 17
6413 2
6421 4
6425 16
6437 13
6445 13
6449 3
6469 5
6473 11
6481 9
6485 16
6497 13
6505 11
6521 6
6525 13
6529 6
6553 4
6561 3
6565 19
6569 3
6577 3
6581 5
6597 7
6605 11
6613 13
6617 5
6625 12
6637 7
6641 10
6649 13
6653 7
6661 5
6673 5
6689 4
6697 8
6701 8
6705 10
6709 5
6713 6
6725 12
6733 6
6737 2
6749 9
6757 10
6761 5
6773 4
6781 8
6793 5
6805 7
6813 5
6817 6
6829 2
6833 3
6841 11
6845 9
6849 6
6857 4
6865 9
6869 4
6877 5
6885 6
6889 2
6893 10
6905 6
6917 4
6921 6
6925 15
6929 12
6949 7
6953 12
6957 3
6961 4
6977 1
6989 8
6997 8
7001 4
7013 2
7025 14
7033 11
7045 6
7057 5
7065 8
7069 4
7081 7
7085 17
7093 5
7105 7
7109 7
7121 6
7129 6
7137 10
7141 2
7145 9
7157 10
7165 9
7173 4
7177 2
7193 5
7209 2
7213 1
7225 11
7229 6
7237 4
7241 10
7253 1
7261 7
7265 7
7281 9
7289 12
7297 6
7301 6
7309 3
7321 6
7325 11
7333 5
7345 11
7349 5
7361 7
7369 1
7373 8
7381 2
7389 5
7393 1
7397 6
7405 10
7417 5
7421 10
7433 4
7445 7
7453 5
7457 3
7461 5
7465 5
7477 5
7481 1
7489 4
7497 4
7501 2
7517 5
7529 3
7537 3
7541 1
7549 2
7561 4
7565 10
7569 3
7573 2
7577 1
7585 14
7589 2
7605 7
7621 5
7625 10
7633 10
7649 7
7673 3
7677 6
7681 3
7685 9
7693 4
7709 11
7713 2
7717 3
7741 5
7745 10
7753 3
7757 4
7765 6
7769 9
7785 8
7789 3
7793 5
7801 9
7813 5
7817 7
7825 10
7829 4
7837 6
7853 4
7857 1
7865 8
7873 3
7877 5
7893 3
7897 9
7901 2
7913 7
7921 2
7925 7
7929 4
7933 1
7937 4
7949 2
7957 6
7969 2
7985 3
8005 12
8009 4
8017 4
8021 6
8033 4
8045 6
8053 3
8065 9
8069 1
8077 7
8081 3
8089 4
8093 3
8101 5
8105 3
8109 3
8117 2
8125 19
8145 1
8149 5
8161 2
8177 15
8181 2
8185 3
8209 3
8221 2
8233 3
8237 3
8245 12
8249 11
8269 5
8273 2
8281 2
8285 2
8297 3
8317 3
8321 5
8325 6
8329 1
8333 3
8345 5
8353 7
8357 5
8361 5
8369 1
8377 1
8381 8
8389 1
8405 6
8425 4
8429 2
8433 2
8461 1
8465 4
8469 2
8473 2
8477 1
8485 7
8489 8
8497 2
8501 4
8513 3
8521 2
8537 1
8541 4
8545 2
8573 4
8577 2
8581 2
8585 15
8593 6
8597 2
8605 3
8609 3
8621 7
8629 3
8633 6
8641 4
8653 8
8665 3
8669 4
8677 3
8681 1
8685 3
8689 1
8693 5
8705 2
8713 2
8725 1
8737 1
8741 2
8749 1
8753 4
8761 3
8765 2
8793 1
8801 3
8821 4
8825 10
8829 1
8837 3
8845 7
8849 2
8857 8
8861 2
8865 2
8869 2
8885 3
8893 1
8905 10
8917 6
8929 1
8933 2
8945 2
8957 4
8969 2
8973 3
8989 6
9001 1
9005 3
9013 1
9025 2
9029 2
9041 3
9049 2
9061 4
9065 4
9077 6
9081 1
9089 1
9109 2
9113 1
9117 2
9125 1
9133 2
9137 1
9153 3
9157 2
9169 2
9173 1
9181 1
9193 2
9197 4
9209 3
9217 2
9225 5
9245 2
9257 1
9265 3
9277 1
9281 2
9293 3
9297 6
9305 3
9325 4
9333 2
9337 2
9341 2
9349 2
9365 3
9377 2
9385 7
9389 3
9409 1
9413 3
9421 2
9425 13
9433 2
9437 1
9441 3
9445 6
9461 1
9469 1
9497 2
9505 10
9509 6
9521 5
9529 7
9533 2
9549 1
9553 4
9565 6
9577 2
9593 5
9601 1
9605 5
9613 2
9621 1
9629 1
9649 1
9657 4
9661 2
9665 4
9673 1
9677 2
9685 5
9697 2
9701 2
9725 3
9733 3
9745 3
9769 2
9773 4
9781 2
9797 5
9805 5
9809 1
9837 2
9841 3
9857 1
9873 2
9881 2
9893 4
9901 2
9925 6
9929 1
9941 1
9945 4
9949 3
9953 5
9965 4
9981 1
9985 8
9997 3
10001 3
10009 2
10025 1
10037 4
10045 2
10049 2
10061 1
10081 1
10093 2
10121 1
10125 3
10133 1
10141 2
10145 4
10161 2
10169 2
10177 1
10181 2
10201 4
10205 8
10217 4
10225 4
10229 2
10237 1
10249 3
10265 2
10273 3
10285 6
10289 1
10301 1
10309 2
10333 1
10337 2
10357 2
10361 2
10369 1
10377 3
10397 2
10405 3
10413 1
10421 2
10429 3
10433 2
10441 3
10445 3
10457 1
10469 1
10485 1
10489 4
10501 2
10517 2
10525 3
10537 3
10553 1
10573 2
10585 4
10601 1
10609 2
10625 3
10629 1
10645 1
10685 2
10693 4
10701 2
10709 1
10729 1
10737 1
10765 1
10769 1
10777 1
10781 2
10809 2
10817 1
10829 2
10837 2
10841 2
10845 3
10861 3
10865 2
10877 2
10889 2
10897 2
10933 4
10949 1
10953 2
10957 1
10961 3
10973 4
10985 7
11029 2
11041 2
11045 2
11057 1
11061 2
11065 5
11089 2
11093 2
11097 2
11101 3
11105 3
11125 3
11133 1
11141 4
11149 3
11161 2
11169 1
11173 1
11213 1
11221 1
11225 2
11237 2
11245 1
11257 1
11261 1
11273 1
11281 2
11285 3
11317 1
11345 1
11349 1
11369 3
11401 1
11405 1
11413 2
11417 1
11425 1
11437 1
11441 1
11453 2
11461 2
11465 3
11485 2
11489 2
11493 1
11497 3
11509 3
11525 2
11545 1
11549 1
11581 1
11593 2
11601 2
11617 1
11621 1
11629 2
11645 2
11657 2
11665 1
11677 2
11689 2
11701 1
11713 6
11737 2
11765 4
11773 2
11777 1
11785 3
11789 1
11813 1
11817 2
11849 2
11861 2
11889 1
11897 1
11905 2
11917 4
11925 2
11933 2
11941 1
11945 3
11953 1
11965 1
11969 2
12013 2
12025 4
12041 1
12073 2
12077 1
12085 1
12101 1
12109 1
12113 2
12125 3
12137 1
12181 3
12197 1
12205 1
12269 1
12277 1
12281 1
12301 1
12317 2
12325 2
12329 1
12337 1
12349 1
12357 1
12385 2
12409 1
12461 1
12469 2
12473 1
12505 2
12553 1
12569 2
12605 1
12613 1
12625 5
12629 2
12637 2
12645 1
12653 1
12665 3
12697 1
12701 1
12713 2
12725 2
12745 1
12753 2
12757 1
12769 1
12773 1
12781 1
12789 2
12853 1
12889 1
12897 2
12905 2
12917 1
12937 3
12941 1
12953 2
12997 1
13001 1
13021 2
13025 3
13061 1
13077 1
13085 2
13105 1
13117 1
13121 1
13141 1
13169 2
13177 1
13185 2
13189 2
13221 1
13225 1
13229 1
13249 1
13273 1
13285 1
13289 1
13325 6
13345 4
13357 1
13369 1
13385 2
13441 1
13469 1
13481 2
13525 2
13549 1
13573 1
13617 4
13621 1
13625 3
13637 1
13653 2
13669 2
13681 1
13705 2
13745 1
13781 1
13829 1
13833 1
13837 2
13841 1
13897 1
13901 1
13921 2
13941 1
13957 1
13969 1
13997 1
14005 1
14029 1
14045 1
14057 1
14065 3
14125 2
14161 1
14173 2
14185 1
14225 1
14249 1
14261 1
14281 1
14293 1
14309 3
14365 4
14373 1
14409 1
14621 1
14689 1
14705 2
14717 1
14733 1
14761 2
14813 1
14825 1
14841 2
14893 2
14945 1
14957 2
14965 3
15005 2
15073 1
15109 3
15121 1
15133 1
15145 1
15165 1
15185 3
15193 1
15205 1
15217 1
15229 1
15245 2
15273 1
15277 2
15289 1
15337 1
15353 3
15397 1
15425 1
15445 1
15509 1
15529 1
15545 1
15581 1
15601 1
15613 2
15625 1
15661 1
15725 1
15793 1
15805 1
15905 1
15921 1
15925 2
16029 1
16085 1
16133 2
16145 1
16165 1
16189 1
16201 1
16241 1
16249 1
16285 1
16325 1
16349 1
16405 1
16409 3
16433 1
16501 1
16513 1
16525 1
16605 1
16613 1
16657 1
16677 1
16717 3
16745 2
16785 1
16805 1
16825 1
16829 1
16837 2
16861 3
16909 2
16925 1
16937 1
16965 2
16981 1
17057 1
17065 2
17109 1
17141 3
17177 1
17197 1
17225 1
17285 1
17297 1
17425 2
17629 2
17669 1
17753 1
17885 1
17901 1
17905 1
17953 2
17981 1
18005 1
18125 1
18265 3
18269 1
18281 1
18397 2
18413 1
18481 1
18505 1
18541 1
18577 1
18625 1
18649 1
18713 1
18721 1
18737 1
18769 1
18805 1
19061 2
19265 1
19309 1
19345 1
19373 1
19385 1
19485 1
19493 1
19517 1
19549 1
19573 1
19777 1
19825 1
19865 1
19885 1
20137 1
20149 1
20241 1
20345 1
20381 1
20393 1
20485 1
20561 1
20645 1
20681 1
20717 1
20905 1
21041 1
21061 1
21085 1
21121 1
21145 1
21289 1
21365 1
21493 1
21677 1
21785 2
21825 1
21845 1
22037 1
22061 1
22301 1
22369 1
22385 1
22525 1
22573 1
22601 1
22685 1
23165 1
23273 1
23357 1
23509 1
23729 1
23741 1
23917 1
24041 1
24245 1
24385 1
24557 1
24685 1
24705 1
24709 1
24733 1
24853 1
25281 1
25325 1
25425 1
25433 1
25493 1
25673 1
25957 1
26065 2
26177 1
26305 1
26417 1
26437 1
26525 1
26613 1
26665 1
26825 1
27157 1
27565 1
28145 1
28565 1
28697 1
28849 1
29653 1
29957 1
30277 1
30537 1
30829 1
31025 1
31685 1
32513 1
32625 1
33065 1
34081 1
34605 1
34721 1
35173 1
35933 1
36293 1
36361 1
36749 1
37025 1
38637 1
39821 1
42409 1
43061 1
43745 1
48749 1
292457 1
299965 1
817885 1
853969 1
855985 1
858329 1
858817 1
874325 1
882045 1
906385 1
912061 1
919213 1
951850 1
952801 1
959465 1
987428 1
989248 1
1034321 1
1473316 1
