N J h mean_R_sq err_mean_R_sq mean_R_gyr_sq err_mean_R_gyr_sq 
3600 1.34 0 24032.6 21438.9 4210.04 3381.33
1 5
5 8
9 9
13 6
17 10
25 15
29 7
37 9
41 12
45 12
49 6
53 8
61 7
65 21
73 10
81 8
85 16
89 14
97 17
101 11
109 13
113 15
117 11
121 10
125 25
137 9
145 23
149 11
153 23
157 9
169 21
173 11
181 11
185 30
193 13
197 11
205 22
221 29
225 20
229 17
233 13
241 17
245 22
257 19
261 8
265 28
269 16
277 13
281 8
289 19
293 6
305 25
313 11
317 22
325 37
333 15
337 16
349 16
353 14
361 9
365 30
369 14
373 12
377 27
389 11
397 15
401 14
405 10
409 13
421 7
425 53
433 11
441 8
445 24
449 20
457 15
461 17
477 21
481 26
485 31
493 29
505 29
509 19
521 18
529 8
533 20
541 8
545 32
549 9
557 17
565 32
569 17
577 16
585 34
593 9
601 15
605 15
613 19
617 12
625 41
629 34
637 16
641 8
653 9
657 10
661 17
673 11
677 8
685 31
689 29
697 27
701 8
709 14
725 36
729 8
733 14
745 27
757 3
761 16
765 27
769 8
773 23
785 29
793 27
797 13
801 12
809 20
821 4
829 8
833 8
841 20
845 29
853 11
857 9
865 31
873 7
877 13
881 13
901 21
905 34
909 14
925 33
929 10
937 16
941 19
949 27
953 11
961 3
965 28
977 15
981 11
985 29
997 9
1009 12
1013 7
1017 11
1021 11
1025 37
1033 5
1037 20
1049 5
1053 11
1061 8
1069 10
1073 17
1089 4
1093 12
1097 17
1105 61
1109 11
1117 15
1125 20
1129 12
1145 22
1153 9
1157 27
1165 17
1181 9
1189 22
1193 8
1201 15
1205 23
1213 15
1217 12
1225 18
1229 12
1233 4
1237 8
1241 28
1249 16
1261 17
1277 6
1285 26
1289 7
1297 7
1301 6
1305 15
1313 32
1321 12
1325 19
1341 9
1345 20
1361 10
1369 7
1373 14
1377 7
1381 14
1385 18
1405 33
1409 8
1413 13
1417 21
1421 9
1429 9
1433 11
1445 33
1453 7
1465 19
1469 24
1481 15
1489 4
1493 5
1513 22
1517 16
1521 17
1525 33
1537 19
1549 8
1553 9
1557 13
1565 22
1573 7
1585 20
1597 7
1601 9
1609 7
1613 8
1621 17
1625 42
1629 15
1637 18
1649 15
1657 8
1665 25
1669 7
1681 11
1685 20
1693 9
1697 9
1709 7
1717 18
1721 5
1733 6
1737 12
1741 12
1745 20
1753 13
1765 21
1769 20
1773 11
1777 12
1781 18
1789 12
1801 9
1805 9
1813 6
1825 17
1845 17
1849 3
1853 26
1861 7
1865 22
1873 11
1877 6
1885 30
1889 13
1901 6
1913 14
1921 10
1933 11
1937 23
1945 16
1949 10
1961 15
1973 8
1985 18
1989 31
1993 5
1997 7
2005 16
2009 9
2017 13
2025 13
2029 11
2041 14
2045 14
2053 8
2057 11
2061 15
2069 5
2081 9
2089 10
2097 7
2105 13
2113 10
2117 24
2125 44
2129 10
2137 10
2141 9
2153 7
2161 9
2165 19
2169 5
2173 18
2197 20
2205 11
2209 3
2213 7
2221 6
2225 24
2237 7
2245 24
2249 11
2257 16
2269 7
2273 6
2281 12
2285 14
2293 8
2297 9
2305 20
2309 9
2313 9
2329 16
2333 5
2341 4
2349 8
2353 12
2357 8
2377 4
2381 8
2385 13
2389 8
2393 10
2401 5
2405 28
2417 12
2421 10
2425 22
2437 4
2441 6
2465 23
2473 5
2477 10
2493 12
2501 14
2509 15
2521 7
2525 17
2529 7
2533 13
2545 12
2549 11
2557 4
2561 17
2581 15
2593 8
2597 3
2601 14
2605 11
2609 6
2617 9
2621 10
2633 10
2637 7
2645 6
2657 4
2665 23
2669 18
2677 6
2689 9
2693 11
2701 15
2705 11
2713 7
2725 24
2729 3
2741 2
2745 10
2749 9
2753 8
2777 3
2785 9
2789 6
2797 5
2801 7
2809 4
2813 10
2817 4
2825 30
2833 8
2837 7
2845 14
2853 7
2857 4
2861 4
2873 25
2885 14
2897 4
2909 7
2917 5
2925 11
2929 13
2941 11
2953 8
2957 7
2965 14
2969 11
2977 18
2989 5
2993 7
2997 8
3001 4
3005 22
3025 9
3029 9
3033 8
3037 8
3041 11
3049 3
3061 2
3065 15
3077 17
3085 12
3089 6
3109 6
3121 5
3125 15
3133 9
3137 10
3141 6
3145 22
3161 14
3169 3
3177 4
3181 10
3185 10
3205 12
3209 6
3217 5
3221 7
3229 7
3233 10
3249 2
3253 4
3257 14
3265 13
3277 10
3281 16
3285 7
3293 12
3301 7
3305 11
3313 7
3321 5
3329 2
3341 14
3349 9
3357 8
3361 7
3365 7
3373 8
3385 13
3389 4
3393 9
3413 9
3425 17
3433 8
3445 16
3449 8
3457 4
3461 6
3469 4
3481 4
3485 24
3497 12
3501 10
3505 7
3509 2
3517 4
3529 8
3533 1
3541 4
3545 10
3557 3
3573 6
3577 5
3581 6
3589 9
3593 4
3601 6
3609 7
3613 7
3617 6
3625 23
3637 3
3645 1
3649 7
3653 13
3665 7
3673 3
3677 9
3681 4
3697 3
3701 7
3709 3
3721 4
3725 15
3733 4
3737 9
3757 13
3761 4
3769 3
3785 18
3789 4
3793 5
3797 5
3805 11
3809 15
3821 5
3825 16
3833 3
3845 6
3853 5
3865 10
3869 16
3877 2
3881 5
3889 4
3893 9
3897 14
3917 3
3925 24
3929 6
3961 9
3965 16
3969 1
3973 4
3977 14
3985 6
3989 2
4001 6
4005 7
4013 6
4021 3
4033 13
4041 2
4045 8
4049 2
4057 4
4069 10
4073 6
4093 4
4097 5
4105 7
4113 3
4121 8
4129 6
4133 1
4141 8
4145 8
4149 2
4153 4
4157 3
4165 16
4177 1
4181 6
4201 4
4205 7
4217 2
4225 21
4229 2
4241 4
4253 5
4261 6
4265 11
4273 2
4285 5
4289 4
4293 1
4297 3
4321 6
4325 10
4329 7
4337 2
4349 1
4357 2
4361 6
4365 7
4369 6
4373 3
4381 6
4385 7
4397 6
4405 8
4409 7
4421 4
4437 5
4441 4
4453 5
4457 2
4469 8
4477 2
4481 7
4489 5
4493 4
4505 20
4513 5
4517 4
4525 6
4537 6
4545 9
4549 5
4553 6
4561 1
4573 11
4581 2
4589 6
4597 1
4621 4
4625 11
4633 2
4637 3
4645 6
4649 1
4657 4
4685 8
4689 5
4693 3
4705 5
4709 8
4717 6
4721 6
4729 3
4733 3
4745 13
4753 2
4761 2
4765 9
4777 7
4789 3
4793 5
4797 7
4801 5
4805 1
4817 1
4825 4
4849 4
4861 2
4869 1
4877 9
4885 13
4889 3
4901 7
4905 10
4909 4
4913 7
4925 6
4933 4
4937 5
4941 4
4957 3
4961 1
4973 1
4981 5
4985 7
4993 2
5009 6
5013 1
5017 9
5021 3
5041 3
5045 8
5057 1
5065 11
5069 3
5077 1
5081 4
5085 5
5101 5
5105 8
5113 1
5121 2
5125 11
5141 4
5161 7
5165 6
5185 9
5189 4
5193 2
5197 2
5213 1
5233 3
5237 2
5245 6
5249 6
5261 1
5265 6
5273 2
5281 2
5297 3
5305 2
5309 5
5317 4
5321 2
5329 4
5333 6
5337 2
5341 3
5345 3
5353 7
5365 12
5381 2
5389 7
5393 2
5409 2
5413 1
5417 1
5429 5
5437 3
5441 2
5445 4
5449 2
5465 4
5473 5
5485 2
5501 3
5513 3
5517 3
5521 2
5525 13
5537 3
5545 7
5553 5
5557 2
5569 2
5573 1
5581 3
5585 4
5597 3
5617 3
5625 5
5629 4
5641 4
5645 5
5653 3
5657 3
5661 1
5669 3
5689 2
5693 2
5701 2
5713 2
5717 3
5725 4
5729 1
5733 2
5737 1
5741 3
5749 1
5765 6
5769 1
5777 3
5785 10
5801 1
5809 4
5813 2
5821 4
5825 2
5837 6
5849 1
5857 2
5861 2
5869 1
5877 3
5881 4
5897 1
5905 6
5913 3
5917 7
5929 2
5933 1
5941 2
5945 8
5949 3
5953 2
5965 7
5981 2
5989 2
5993 4
6001 1
6005 1
6025 3
6029 3
6053 1
6057 3
6065 1
6073 3
6085 5
6089 2
6093 1
6101 2
6109 2
6121 2
6125 4
6133 2
6137 7
6145 3
6161 2
6165 4
6173 3
6185 1
6197 2
6201 3
6205 3
6217 1
6221 3
6245 5
6253 5
6257 4
6269 1
6273 3
6301 4
6305 4
6309 2
6317 1
6341 5
6353 1
6373 3
6381 2
6385 2
6389 2
6397 2
6401 6
6409 5
6413 2
6421 1
6425 3
6437 2
6445 2
6469 4
6473 1
6485 4
6497 2
6505 7
6521 2
6525 5
6529 2
6553 1
6565 1
6569 2
6577 1
6597 1
6605 3
6613 4
6617 3
6625 6
6637 1
6641 1
6649 2
6661 1
6673 3
6697 3
6705 2
6709 1
6725 1
6733 2
6737 1
6749 3
6757 3
6761 2
6773 2
6781 1
6805 1
6813 1
6817 2
6833 1
6845 2
6849 1
6857 2
6865 2
6869 1
6885 2
6889 1
6893 1
6905 4
6921 4
6925 2
6929 6
6953 3
6957 2
6961 1
6977 2
6989 1
6997 2
7013 1
7025 3
7033 3
7045 3
7065 1
7081 2
7085 2
7093 1
7105 3
7109 2
7121 1
7129 4
7141 4
7145 4
7165 5
7173 1
7209 3
7213 1
7225 4
7229 2
7237 1
7261 2
7265 1
7289 1
7297 3
7301 1
7309 2
7325 4
7345 5
7349 1
7361 2
7369 1
7373 1
7393 1
7405 1
7417 1
7421 2
7445 2
7457 3
7465 2
7501 2
7565 2
7605 2
7621 1
7625 1
7633 1
7649 1
7669 1
7673 1
7677 1
7681 2
7685 2
7709 4
7713 2
7741 1
7753 1
7765 3
7769 1
7785 1
7793 1
7813 2
7817 1
7825 1
7837 1
7841 2
7853 2
7865 1
7901 1
7913 2
7921 1
7925 2
7937 2
7969 1
8005 1
8009 1
8045 2
8069 1
8077 1
8089 1
8105 1
8109 1
8117 2
8125 4
8161 2
8177 3
8181 1
8209 1
8221 2
8245 3
8249 3
8269 2
8285 1
8293 1
8321 1
8325 1
8329 1
8345 2
8353 1
8357 1
8405 2
8425 1
8461 1
8465 2
8469 2
8473 1
8485 1
8497 2
8501 1
8513 1
8521 1
8541 4
8573 2
8577 1
8585 4
8593 1
8597 1
8609 1
8621 2
8633 1
8689 1
8741 1
8761 2
8825 1
8837 1
8849 1
8857 2
8865 1
8885 1
8905 3
8929 2
8945 1
8957 2
8989 1
8993 1
9005 1
9013 1
9029 1
9061 2
9065 1
9077 2
9089 1
9113 1
9137 1
9169 1
9181 1
9189 1
9197 1
9225 1
9265 1
9281 1
9305 1
9337 1
9377 1
9385 1
9389 1
9413 1
9421 1
9437 1
9497 1
9509 1
9605 1
9613 1
9649 2
9673 2
9685 1
9689 1
9781 1
9805 1
9881 1
9901 1
9945 2
9965 1
9973 1
9997 1
10025 1
10057 3
10141 1
10177 1
10201 1
10229 1
10253 1
10265 1
10337 1
10357 1
10405 1
10457 1
10501 1
10525 1
10537 1
10553 1
10573 1
10585 1
10657 1
10693 3
10765 1
10769 1
10777 1
10817 1
10829 1
10865 1
10933 2
11041 1
11045 1
11061 1
11245 1
11281 1
11405 1
11425 1
11513 1
11525 1
11729 1
11785 1
12025 2
12197 1
12337 1
12457 1
12553 1
12605 2
12645 1
12697 1
12769 1
12869 1
12913 1
13037 1
13421 2
13833 1
14093 1
15313 1
15317 1
15445 1
15533 1
15665 1
16245 1
16561 1
17425 1
17545 1
25177 1
58733 1
514345 1
1454965 1
1473133 1
1486577 1
1508377 1
1513273 1
1516805 1
1527013 1
1527345 1
1550233 1
1552565 1
1556561 1
1561225 1
1564625 1
1571401 1
1588885 1
1594069 1
1603285 1
1621685 1
1625153 1
1633525 1
1636457 1
1642897 1
1649765 1
1650749 1
1655405 1
1658621 1
1680389 1
1683425 1
1687205 1
1730369 1
1955209 1
1958629 1
1972921 1
1998873 1
2015665 1
2031109 1
2048545 1
2050465 1
2054105 1
2056477 1
2067137 1
2074405 1
2093209 1
2102525 1
2102633 1
2117933 1
2119525 1
2132653 1
2143733 1
2143989 1
2155145 1
2161629 1
2165605 1
2172757 1
2175433 1
2175925 1
2183293 1
2184505 1
2191373 1
2191797 1
2198005 1
2199425 1
2204177 1
2207389 1
2209693 1
2217060 1
2219417 1
2230073 1
2235757 1
2242453 1
2247101 1
2254397 1
2264041 1
2297725 1
2298661 1
2299833 1
2306473 1
2314465 1
2318965 1
2322233 1
2334005 1
2377085 1
2378617 1
2382077 1
2395817 1
2401141 1
2415625 1
2436389 1
2441525 1
2460461 1
2477989 1
2530105 1
2553965 1
