N J h mean_R_sq err_mean_R_sq mean_R_gyr_sq err_mean_R_gyr_sq 
2500 1.3 0 22009.1 878.705 3342.29 140.702
13 2
17 3
25 4
29 2
37 1
41 3
45 1
49 2
53 3
61 1
65 6
73 3
85 7
89 3
97 3
101 2
109 1
113 3
125 2
137 3
145 4
149 1
153 2
157 1
169 3
173 3
181 3
185 6
193 6
197 3
205 4
221 3
225 1
233 2
241 1
245 2
257 3
261 6
265 3
269 3
277 3
281 1
289 4
293 8
305 3
313 4
325 8
333 5
349 4
353 8
361 2
365 7
369 1
373 4
377 3
389 4
397 4
401 2
405 2
409 1
421 4
425 10
433 5
441 1
445 10
449 6
457 6
461 2
477 4
481 7
485 11
493 12
505 6
509 6
521 10
533 5
545 9
557 2
565 6
569 2
577 2
585 3
593 2
601 2
605 2
613 4
617 2
625 11
629 8
637 1
641 3
653 2
657 4
661 1
673 2
677 1
685 7
689 9
697 4
701 5
709 2
725 8
729 2
733 4
745 2
757 4
761 3
765 10
769 1
773 4
785 8
793 5
797 4
801 3
809 3
821 1
829 4
833 3
841 5
845 15
853 4
857 6
865 6
873 1
881 2
901 6
905 8
909 2
925 14
929 4
937 2
941 2
949 4
953 2
965 5
977 3
981 3
985 9
997 8
1009 3
1013 3
1017 4
1021 2
1025 11
1033 5
1037 9
1049 2
1053 2
1061 3
1069 6
1073 10
1089 1
1093 4
1097 3
1105 16
1109 3
1125 10
1129 4
1145 8
1153 4
1157 10
1165 3
1181 7
1189 14
1193 2
1201 4
1205 7
1213 4
1217 2
1225 4
1229 7
1233 1
1241 7
1249 4
1261 7
1277 2
1285 8
1289 7
1297 3
1301 1
1305 6
1313 4
1321 3
1325 8
1341 4
1345 6
1361 2
1369 2
1373 2
1377 8
1381 5
1385 3
1405 9
1409 7
1413 2
1417 4
1421 1
1429 2
1433 2
1445 3
1453 6
1465 6
1469 7
1481 1
1489 6
1493 4
1513 6
1517 6
1521 4
1525 9
1537 6
1549 6
1553 1
1557 3
1565 14
1573 4
1585 3
1597 1
1601 2
1609 3
1613 2
1621 4
1625 13
1629 3
1637 4
1649 2
1657 2
1665 9
1669 6
1681 4
1685 9
1693 4
1697 1
1709 4
1717 6
1721 2
1733 4
1737 4
1741 4
1745 11
1753 4
1765 7
1769 11
1773 2
1777 4
1781 12
1789 5
1801 3
1805 2
1813 6
1825 12
1845 10
1849 2
1853 10
1861 4
1865 6
1873 2
1877 5
1885 20
1889 7
1901 4
1913 1
1921 9
1933 1
1937 5
1945 3
1949 1
1961 8
1973 3
1985 8
1989 3
1993 1
1997 2
2005 9
2009 5
2017 7
2025 7
2029 4
2041 8
2045 9
2053 5
2057 2
2061 3
2069 4
2081 5
2089 2
2097 4
2105 7
2113 2
2117 5
2125 15
2129 2
2137 2
2141 4
2153 3
2161 5
2165 5
2169 2
2173 11
2197 6
2205 6
2209 1
2213 1
2221 2
2225 8
2237 6
2245 8
2249 9
2257 5
2269 4
2273 5
2281 2
2285 2
2293 7
2297 1
2305 6
2309 4
2313 3
2329 10
2333 4
2341 2
2349 2
2353 12
2357 4
2377 8
2381 2
2385 7
2389 6
2393 7
2401 2
2405 20
2417 5
2421 1
2425 9
2437 4
2441 2
2465 17
2473 7
2477 3
2493 5
2501 4
2509 2
2521 2
2525 18
2529 4
2533 6
2545 10
2549 1
2557 7
2561 8
2581 6
2593 3
2597 4
2601 6
2605 9
2617 5
2621 7
2633 5
2637 7
2645 2
2657 10
2665 14
2669 8
2677 5
2689 2
2693 6
2701 7
2705 8
2713 3
2725 10
2729 2
2741 2
2745 7
2749 4
2753 5
2777 5
2785 9
2789 3
2797 2
2801 5
2809 6
2813 8
2817 5
2825 11
2833 4
2837 3
2845 8
2853 6
2857 1
2861 6
2873 14
2885 7
2897 2
2909 1
2917 1
2925 12
2929 7
2941 13
2953 3
2957 2
2965 8
2969 1
2977 4
2989 4
2993 5
2997 8
3001 3
3005 10
3025 4
3029 9
3033 7
3037 4
3041 2
3049 6
3061 6
3065 11
3077 10
3085 11
3089 9
3109 3
3121 3
3125 6
3133 7
3137 8
3141 4
3145 11
3161 5
3169 5
3177 5
3181 6
3185 5
3205 11
3209 4
3217 6
3221 2
3229 3
3233 12
3249 4
3253 2
3257 3
3265 13
3277 4
3281 7
3285 8
3293 5
3301 4
3305 8
3313 5
3321 3
3329 4
3341 7
3349 7
3357 6
3361 6
3365 11
3373 3
3385 3
3389 3
3393 9
3413 4
3425 17
3433 3
3445 12
3449 4
3457 8
3461 4
3469 3
3481 4
3485 13
3497 9
3501 4
3505 7
3509 6
3517 6
3529 3
3533 4
3541 2
3545 7
3557 2
3573 5
3577 7
3581 5
3589 7
3593 8
3601 6
3609 7
3613 4
3617 1
3625 7
3637 2
3645 4
3649 6
3653 8
3665 9
3673 5
3677 3
3681 1
3697 4
3701 4
3709 2
3721 3
3725 13
3733 2
3737 5
3757 11
3761 5
3769 1
3785 3
3789 2
3793 4
3797 5
3805 6
3809 7
3821 4
3825 11
3833 4
3845 5
3853 6
3865 4
3869 10
3877 7
3881 3
3889 4
3893 7
3897 2
3917 3
3925 15
3929 3
3961 8
3965 17
3969 3
3973 11
3977 10
3985 6
3989 2
4001 1
4005 8
4013 1
4021 3
4033 10
4041 5
4045 11
4049 6
4057 4
4069 10
4073 1
4093 5
4097 6
4105 13
4113 4
4121 8
4129 3
4133 3
4141 14
4145 6
4149 6
4153 1
4157 7
4165 6
4177 1
4181 5
4201 8
4205 9
4217 3
4225 19
4229 1
4241 6
4253 9
4261 4
4265 8
4273 6
4285 4
4289 4
4293 3
4297 3
4321 8
4325 13
4329 3
4337 4
4357 4
4361 2
4365 8
4369 9
4373 6
4381 5
4385 10
4397 2
4405 10
4409 3
4421 5
4437 7
4441 3
4453 6
4457 5
4469 7
4477 5
4481 2
4489 3
4493 3
4505 16
4513 7
4517 3
4525 11
4537 11
4545 10
4549 7
4553 7
4561 6
4573 14
4581 3
4589 12
4597 5
4621 5
4625 13
4633 6
4637 3
4645 11
4649 3
4657 3
4673 3
4685 8
4693 6
4705 2
4709 9
4717 8
4721 5
4729 5
4733 1
4745 17
4753 4
4761 1
4765 9
4777 11
4789 2
4793 2
4797 6
4801 5
4805 6
4813 2
4817 3
4825 11
4849 7
4861 6
4869 2
4877 3
4885 6
4889 4
4901 7
4905 9
4909 2
4913 10
4925 15
4937 5
4941 4
4949 5
4957 6
4961 4
4969 7
4973 4
4981 11
4985 8
4993 4
5009 5
5013 4
5017 5
5021 3
5045 4
5057 7
5065 3
5069 3
5077 5
5081 4
5085 10
5101 4
5105 9
5113 4
5121 5
5125 14
5141 11
5153 4
5161 12
5165 5
5185 16
5189 3
5193 4
5197 3
5209 4
5213 8
5233 6
5237 4
5245 7
5249 6
5261 7
5265 7
5273 3
5281 2
5297 6
5305 9
5309 2
5317 11
5321 8
5329 5
5333 3
5337 1
5341 2
5345 10
5353 7
5365 12
5381 6
5389 11
5393 1
5409 7
5413 5
5417 9
5429 4
5437 2
5441 2
5445 3
5465 10
5473 7
5477 5
5485 10
5501 1
5513 8
5517 3
5521 1
5525 25
5537 3
5545 2
5553 6
5557 3
5569 2
5573 7
5581 4
5585 7
5597 14
5617 10
5625 14
5629 12
5641 4
5645 8
5653 3
5657 6
5661 9
5669 4
5689 4
5693 6
5701 4
5713 4
5717 3
5725 7
5729 6
5733 6
5737 4
5741 4
5749 4
5765 3
5769 4
5777 6
5785 16
5801 4
5809 5
5813 6
5821 6
5825 12
5837 12
5849 2
5857 2
5861 1
5869 2
5877 2
5881 5
5897 6
5905 6
5913 5
5917 6
5929 1
5933 6
5941 8
5945 25
5949 4
5953 1
5965 7
5981 2
5989 10
5993 9
6001 3
6005 14
6025 15
6029 2
6037 4
6053 4
6057 5
6065 5
6073 3
6085 4
6089 1
6093 3
6101 3
6109 5
6113 7
6121 2
6125 12
6133 3
6137 1
6145 5
6161 10
6165 11
6173 7
6185 11
6197 2
6201 9
6205 17
6217 5
6221 4
6229 5
6241 1
6245 13
6253 16
6257 6
6269 10
6273 7
6277 5
6301 1
6305 17
6309 6
6317 5
6329 5
6337 2
6341 9
6353 3
6361 7
6373 6
6381 4
6385 10
6389 3
6397 4
6401 11
6409 21
6413 1
6421 3
6425 8
6437 4
6445 8
6449 3
6469 2
6473 2
6481 6
6485 9
6497 8
6505 13
6521 2
6525 15
6529 1
6553 4
6561 2
6565 23
6569 7
6577 6
6581 6
6597 4
6605 7
6613 8
6617 2
6625 14
6637 5
6641 6
6649 10
6653 4
6661 9
6673 2
6689 4
6697 4
6701 4
6705 4
6709 1
6713 3
6725 13
6733 7
6737 5
6749 7
6757 8
6761 4
6773 8
6781 5
6793 2
6805 8
6813 3
6817 10
6829 3
6833 5
6841 2
6845 4
6849 3
6857 2
6865 5
6869 3
6877 2
6885 8
6889 3
6893 12
6905 6
6917 4
6921 3
6925 9
6929 8
6949 3
6953 7
6957 1
6961 4
6977 9
6989 8
6997 9
7001 5
7013 7
7025 11
7033 6
7045 7
7057 3
7065 7
7069 5
7081 6
7085 17
7093 10
7105 8
7109 2
7121 2
7129 1
7137 6
7141 8
7145 13
7157 7
7165 7
7173 3
7177 2
7193 3
7209 2
7213 4
7225 23
7229 5
7237 3
7241 12
7253 5
7261 9
7265 8
7281 2
7289 6
7297 1
7301 5
7309 3
7321 1
7325 12
7333 5
7345 19
7349 3
7361 6
7369 4
7373 10
7381 4
7389 2
7393 3
7397 8
7405 11
7417 2
7421 7
7433 4
7445 4
7453 8
7457 4
7461 1
7465 7
7477 8
7481 5
7489 5
7497 3
7501 6
7517 3
7529 4
7537 5
7541 4
7549 5
7561 4
7565 16
7569 3
7573 4
7577 4
7585 13
7589 4
7605 17
7621 7
7625 22
7633 7
7649 5
7669 4
7673 2
7677 2
7681 9
7685 15
7693 6
7709 8
7713 4
7717 2
7741 5
7745 11
7753 10
7757 5
7765 7
7769 10
7785 8
7789 5
7793 7
7801 4
7813 11
7817 5
7825 18
7829 6
7837 8
7841 4
7853 4
7857 6
7865 7
7873 5
7877 3
7893 5
7897 7
7901 4
7913 8
7921 5
7925 8
7929 5
7933 3
7937 2
7949 5
7957 4
7969 7
7985 12
8005 6
8009 2
8017 6
8021 7
8033 7
8045 9
8053 4
8065 4
8069 1
8077 11
8081 5
8089 5
8093 2
8101 2
8105 7
8109 10
8117 4
8125 20
8145 9
8149 7
8161 2
8177 20
8181 3
8185 8
8209 5
8221 3
8233 8
8237 3
8245 9
8249 5
8269 2
8273 4
8281 3
8285 12
8293 4
8297 3
8317 4
8321 10
8325 12
8329 10
8333 8
8345 6
8353 4
8357 6
8361 4
8369 5
8377 2
8381 15
8389 4
8405 15
8425 6
8429 3
8433 6
8461 6
8465 10
8469 4
8473 6
8477 5
8485 8
8489 3
8497 3
8501 1
8513 7
8521 3
8537 1
8541 7
8545 10
8573 2
8577 5
8581 3
8585 12
8593 6
8597 3
8605 11
8609 3
8621 5
8629 6
8633 8
8641 3
8649 1
8653 9
8665 3
8669 3
8677 7
8681 3
8685 10
8689 3
8693 4
8705 8
8713 6
8725 13
8737 4
8741 5
8749 7
8753 5
8761 5
8765 5
8793 2
8801 11
8821 4
8825 20
8829 5
8837 3
8845 20
8849 5
8857 8
8861 4
8865 7
8869 7
8885 4
8893 5
8905 13
8917 3
8929 3
8933 2
8941 4
8945 8
8957 14
8969 9
8973 4
8989 3
8993 4
9001 7
9005 10
9013 4
9025 9
9029 4
9041 3
9049 1
9061 17
9065 9
9077 10
9081 1
9089 6
9109 4
9113 6
9117 1
9125 16
9133 3
9137 5
9153 3
9157 7
9169 7
9173 5
9181 3
9189 5
9193 16
9197 12
9209 3
9217 5
9221 3
9225 19
9241 3
9257 6
9265 15
9277 3
9281 1
9293 2
9297 6
9305 7
9325 11
9333 9
9337 4
9341 7
9349 4
9365 9
9377 5
9385 16
9389 7
9397 3
9409 7
9413 6
9421 5
9425 21
9433 5
9437 8
9441 1
9445 11
9457 4
9461 5
9469 11
9473 5
9477 4
9497 1
9505 5
9509 7
9521 4
9529 10
9533 5
9549 2
9553 9
9565 9
9577 7
9593 3
9601 4
9605 24
9613 1
9621 6
9629 4
9649 5
9653 5
9657 5
9661 4
9665 4
9673 11
9677 1
9685 19
9689 5
9697 5
9701 6
9721 4
9725 8
9733 2
9745 7
9749 5
9769 4
9773 5
9781 9
9797 7
9801 2
9805 15
9809 4
9817 3
9829 2
9833 5
9837 3
9841 5
9857 5
9865 10
9873 4
9881 6
9893 6
9901 1
9925 12
9929 2
9941 3
9945 15
9949 4
9953 12
9965 9
9973 4
9981 6
9985 5
9997 2
10001 5
10009 5
10025 3
10037 2
10045 4
10049 10
10053 3
10057 7
10061 1
10069 6
10081 3
10085 9
10093 3
10121 3
10125 6
10141 4
10145 9
10161 2
10169 9
10177 2
10181 4
10193 7
10201 2
10205 12
10217 14
10225 11
10229 10
10237 11
10249 13
10253 3
10265 7
10273 5
10285 4
10289 2
10301 6
10305 5
10309 14
10313 4
10321 5
10333 5
10337 5
10345 12
10357 3
10361 2
10369 3
10377 6
10397 6
10405 7
10413 12
10421 11
10429 7
10433 2
10441 10
10445 9
10453 5
10457 3
10477 8
10485 11
10489 7
10501 2
10513 5
10517 13
10525 6
10529 2
10537 6
10553 9
10565 6
10573 8
10585 16
10589 2
10597 2
10601 2
10609 2
10613 2
10625 22
10629 1
10645 7
10673 5
10685 8
10693 8
10701 10
10705 9
10709 7
10729 3
10733 4
10737 2
10753 2
10765 4
10769 8
10777 11
10781 6
10789 3
10805 9
10809 3
10817 7
10825 6
10829 8
10841 3
10845 6
10853 7
10861 3
10865 14
10877 11
10889 5
10897 10
10909 5
10917 2
10933 11
10937 4
10949 2
10953 7
10957 5
10961 7
10973 3
10985 16
10993 5
11009 14
11025 4
11029 12
11041 5
11045 6
11057 5
11061 4
11065 6
11069 2
11089 5
11093 4
11097 4
11101 8
11105 8
11113 3
11117 2
11125 12
11133 2
11141 10
11149 2
11161 3
11169 8
11173 4
11177 3
11185 7
11197 2
11213 3
11221 2
11225 12
11237 9
11241 2
11245 13
11257 8
11261 1
11273 3
11281 11
11285 14
11321 6
11329 3
11345 6
11349 5
11353 4
11357 10
11365 4
11369 3
11393 4
11401 7
11405 10
11413 8
11417 2
11425 10
11437 2
11441 7
11449 1
11453 14
11461 8
11465 6
11485 2
11489 5
11493 4
11497 6
11509 8
11513 5
11521 14
11525 17
11545 5
11549 1
11565 7
11581 8
11593 6
11597 3
11601 4
11617 6
11621 4
11629 11
11633 3
11645 17
11657 4
11665 6
11673 1
11677 1
11681 2
11689 3
11701 6
11705 6
11709 1
11713 7
11729 8
11737 8
11745 7
11765 11
11773 3
11777 7
11785 6
11801 3
11809 3
11813 4
11817 16
11821 4
11833 3
11849 11
11861 7
11881 5
11885 5
11889 2
11897 2
11905 10
11909 3
11917 6
11925 12
11933 5
11941 5
11945 9
11953 1
11965 9
11969 4
11981 4
12005 3
12013 10
12017 8
12025 18
12037 2
12041 4
12049 3
12053 10
12069 4
12073 3
12077 9
12085 5
12097 4
12101 4
12105 12
12109 4
12113 4
12125 12
12137 7
12149 3
12157 5
12161 6
12181 14
12185 6
12193 6
12197 6
12205 6
12209 10
12221 5
12233 6
12241 3
12249 4
12253 2
12269 3
12277 8
12281 5
12289 6
12301 6
12317 7
12321 4
12325 21
12329 5
12337 8
12349 6
12357 5
12365 4
12373 4
12377 6
12385 8
12389 14
12393 5
12401 3
12409 7
12413 7
12421 3
12429 3
12433 1
12437 5
12457 5
12461 5
12465 5
12469 7
12473 5
12493 5
12497 4
12505 13
12517 3
12545 16
12553 4
12557 5
12569 3
12577 5
12589 2
12601 3
12605 6
12613 4
12625 19
12629 7
12637 7
12641 2
12645 5
12653 2
12665 11
12681 1
12689 3
12697 5
12701 12
12713 4
12717 1
12725 9
12745 7
12753 13
12757 1
12769 7
12773 7
12781 6
12785 8
12789 2
12805 14
12809 4
12821 1
12833 4
12841 4
12853 4
12861 4
12869 7
12889 2
12893 2
12897 3
12905 9
12913 6
12917 5
12937 5
12941 4
12953 5
12961 6
12965 5
12973 6
12985 8
12997 14
13001 3
13005 8
13009 2
13021 11
13025 7
13033 2
13037 1
13045 13
13049 4
13061 13
13073 9
13077 2
13085 2
13093 5
13105 11
13109 3
13117 8
13121 3
13141 11
13165 10
13169 7
13177 3
13181 4
13185 4
13189 5
13213 4
13217 5
13221 5
13225 4
13229 5
13241 4
13249 1
13253 13
13261 5
13273 12
13285 9
13289 9
13297 3
13309 5
13313 1
13325 29
13329 1
13337 6
13345 15
13357 4
13369 4
13381 3
13385 8
13397 2
13401 1
13417 1
13421 4
13429 11
13437 2
13441 2
13445 6
13457 2
13465 4
13469 5
13477 6
13481 23
13505 10
13513 3
13525 11
13537 3
13549 5
13553 1
13565 8
13573 5
13577 3
13597 3
13613 4
13617 11
13621 5
13625 14
13633 3
13637 7
13645 4
13649 9
13653 8
13669 4
13673 1
13681 2
13689 4
13693 1
13697 2
13705 7
13709 4
13721 5
13725 11
13729 3
13745 7
13753 7
13757 4
13765 8
13769 8
13781 3
13793 8
13801 13
13817 7
13829 4
13833 12
13837 8
13841 7
13873 2
13877 3
13885 7
13897 12
13901 5
13913 5
13921 2
13925 11
13933 1
13941 3
13945 5
13949 13
13957 7
13969 8
13973 9
13977 3
13985 3
13997 2
14005 10
14009 2
14013 1
14029 3
14033 4
14045 7
14057 1
14065 15
14081 4
14085 8
14089 4
14093 7
14125 10
14149 2
14153 2
14157 3
14161 5
14165 6
14173 3
14177 3
14185 4
14197 3
14209 8
14213 7
14221 2
14225 5
14249 2
14257 5
14261 4
14265 5
14281 5
14285 7
14293 1
14297 10
14305 6
14309 3
14321 5
14341 4
14357 4
14365 19
14369 2
14373 4
14381 4
14389 2
14393 7
14401 8
14417 6
14425 16
14437 2
14449 6
14453 7
14461 1
14473 5
14481 2
14485 9
14489 4
14501 5
14517 4
14521 8
14533 7
14537 4
14545 6
14549 6
14557 7
14561 3
14569 4
14585 9
14589 5
14593 4
14621 3
14625 15
14629 4
14633 4
14641 3
14645 11
14653 1
14657 6
14661 6
14669 1
14677 10
14681 1
14689 4
14701 5
14705 12
14713 4
14717 2
14733 4
14737 5
14741 3
14753 1
14761 7
14765 4
14785 4
14797 4
14801 2
14813 4
14821 3
14825 10
14837 4
14841 7
14845 9
14869 3
14885 15
14893 5
14897 4
14909 8
14913 5
14929 2
14933 5
14945 9
14957 4
14965 18
14969 3
14977 10
14985 7
14989 6
15005 4
15013 4
15017 1
15025 12
15041 18
15049 8
15053 2
15061 1
15073 4
15077 4
15101 5
15109 8
15121 5
15125 10
15129 4
15133 8
15137 6
15145 7
15149 3
15161 4
15165 4
15173 6
15185 8
15193 5
15205 5
15217 5
15229 6
15233 4
15237 4
15241 3
15245 4
15269 4
15273 4
15277 3
15289 7
15293 7
15305 6
15313 3
15317 9
15325 6
15329 1
15337 4
15341 4
15349 2
15353 6
15373 3
15377 2
15381 5
15385 10
15397 4
15401 1
15413 4
15425 4
15445 2
15453 6
15457 14
15461 3
15473 3
15481 7
15489 1
15493 3
15497 1
15509 6
15529 5
15533 1
15541 2
15545 4
15569 2
15577 7
15581 6
15597 3
15601 2
15605 5
15613 3
15625 11
15629 6
15633 4
15641 2
15649 2
15661 5
15665 14
15669 4
15677 7
15685 8
15689 4
15705 7
15725 20
15733 3
15737 2
15749 3
15761 4
15769 5
15773 3
15777 2
15793 5
15797 1
15805 16
15809 3
15817 4
15821 9
15845 3
15857 7
15877 4
15881 2
15885 6
15889 2
15901 2
15905 2
15913 1
15921 6
15925 10
15929 5
15937 1
15949 4
15957 3
15973 3
15977 9
15993 1
15997 5
16001 3
16021 4
16025 5
16029 7
16033 2
16045 7
16057 3
16061 4
16069 5
16073 3
16081 6
16085 7
16097 2
16101 4
16105 6
16109 8
16133 16
16141 2
16145 10
16153 12
16165 15
16189 4
16193 5
16201 5
16209 1
16217 3
16229 3
16237 8
16241 7
16245 3
16249 1
16253 1
16265 5
16273 1
16277 8
16285 9
16301 7
16317 4
16325 10
16333 2
16337 3
16349 2
16361 4
16369 5
16381 5
16385 8
16393 13
16405 10
16409 6
16421 6
16425 9
16433 6
16441 7
16453 7
16465 9
16477 2
16481 3
16493 5
16501 2
16505 9
16513 3
16525 7
16529 4
16553 3
16561 5
16565 5
16573 6
16577 2
16589 3
16601 9
16605 3
16609 4
16613 7
16645 8
16649 2
16657 2
16661 2
16673 3
16677 9
16693 5
16705 16
16717 8
16729 7
16733 5
16741 2
16745 11
16749 1
16757 5
16769 5
16781 6
16785 11
16801 7
16805 11
16825 13
16829 2
16837 9
16857 2
16861 4
16865 2
16889 5
16893 5
16897 9
16901 3
16909 12
16913 5
16921 2
16925 7
16937 4
16945 8
16949 6
16965 12
16981 3
17001 6
17009 6
17021 3
17029 5
17033 2
17041 9
17053 2
17057 8
17065 5
17069 11
17077 2
17093 4
17101 1
17109 3
17113 7
17117 7
17125 7
17137 4
17141 4
17153 6
17165 6
17173 5
17177 6
17189 4
17197 7
17209 5
17217 4
17221 6
17225 19
17245 3
17257 5
17261 6
17285 6
17289 6
17293 4
17297 3
17305 7
17321 1
17333 2
17341 4
17345 6
17357 6
17377 5
17389 1
17393 2
17397 1
17401 3
17405 4
17417 4
17425 24
17429 6
17433 5
17449 6
17473 2
17477 1
17485 10
17489 3
17497 1
17505 5
17509 5
17525 9
17533 8
17541 4
17545 6
17557 1
17561 6
17569 4
17573 4
17581 6
17585 12
17593 10
17597 6
17609 3
17629 14
17645 6
17649 2
17657 3
17665 6
17669 6
17681 2
17689 2
17693 11
17705 10
17713 2
17725 10
17729 4
17737 3
17741 9
17749 3
17753 4
17757 1
17761 4
17777 4
17785 3
17789 2
17797 13
17833 6
17837 3
17849 6
17861 3
17865 9
17873 4
17881 5
17885 7
17893 8
17901 5
17905 10
17909 3
17921 1
17929 4
17937 4
17945 10
17953 8
17957 5
17965 5
17973 2
17981 2
17989 1
18005 22
18013 2
18029 3
18037 4
18041 3
18045 8
18049 2
18061 4
18065 14
18077 3
18081 4
18085 3
18089 3
18097 1
18121 4
18125 19
18133 2
18149 2
18153 5
18169 4
18173 6
18181 3
18185 2
18217 4
18225 2
18229 3
18233 1
18241 15
18245 17
18253 3
18257 5
18261 5
18265 20
18269 3
18277 3
18281 3
18289 4
18301 2
18313 3
18317 7
18325 8
18329 3
18341 2
18353 6
18365 1
18369 6
18385 6
18397 6
18401 2
18405 4
18409 5
18413 1
18421 9
18433 5
18457 1
18461 2
18473 6
18477 3
18481 6
18485 4
18493 1
18497 5
18505 6
18513 6
18517 3
18521 1
18541 6
18545 4
18549 2
18553 1
18577 3
18581 5
18589 5
18593 4
18605 6
18617 2
18621 3
18625 16
18629 9
18637 3
18649 8
18661 1
18665 7
18685 9
18701 3
18709 5
18713 2
18721 7
18737 10
18749 4
18757 6
18761 6
18769 6
18773 5
18785 20
18793 3
18797 2
18801 5
18805 1
18833 8
18845 11
18853 5
18857 3
18869 1
18873 1
18889 6
18901 6
18913 3
18917 3
18925 12
18937 3
18945 5
18965 6
18973 1
18985 10
18989 5
18997 5
19001 7
19009 1
19013 1
19017 4
19025 9
19037 1
19045 9
19053 4
19061 2
19069 3
19073 2
19081 1
19093 4
19097 13
19105 7
19109 5
19121 1
19125 17
19133 7
19141 2
19157 3
19161 2
19165 5
19169 4
19181 3
19193 7
19213 2
19225 10
19233 3
19237 5
19249 2
19253 3
19265 7
19273 5
19277 8
19289 4
19301 1
19309 2
19321 2
19325 13
19333 1
19337 6
19345 8
19357 8
19373 5
19377 5
19381 5
19385 11
19405 3
19409 4
19417 2
19421 2
19429 2
19433 4
19441 2
19445 5
19449 4
19453 6
19457 6
19465 10
19469 4
19477 3
19485 3
19489 5
19493 6
19501 1
19517 3
19521 1
19541 1
19549 5
19557 9
19573 3
19577 3
19585 4
19597 4
19601 6
19609 4
19625 15
19633 2
19637 7
19645 9
19649 2
19661 5
19669 18
19681 5
19697 1
19709 3
19717 4
19721 16
19729 3
19753 4
19769 9
19773 6
19777 3
19793 2
19801 2
19805 12
19813 2
19825 19
19841 4
19845 5
19853 5
19861 6
19865 10
19885 11
19889 3
19897 5
19913 4
19917 5
19925 9
19937 3
19945 3
19949 4
19961 2
19973 1
19981 15
19989 5
19993 3
19997 4
20005 3
20017 2
20021 1
20025 9
20029 6
20041 2
20065 6
20077 5
20089 2
20101 4
20105 9
20113 1
20117 2
20129 2
20133 2
20137 7
20149 3
20161 2
20165 10
20173 3
20177 4
20189 1
20201 3
20205 5
20213 16
20221 7
20225 10
20233 3
20241 11
20245 8
20249 3
20261 2
20269 4
20281 10
20285 7
20297 2
20313 2
20329 6
20333 3
20341 6
20345 8
20353 2
20357 2
20365 6
20369 3
20381 1
20389 2
20393 2
20413 5
20417 10
20421 1
20441 2
20449 4
20457 2
20465 5
20477 4
20485 12
20509 1
20513 4
20521 2
20525 9
20529 3
20533 3
20549 2
20557 4
20561 3
20565 6
20593 3
20605 9
20609 4
20617 8
20621 3
20629 1
20637 4
20641 2
20645 3
20665 4
20673 2
20681 7
20689 1
20693 2
20705 5
20717 2
20725 7
20737 4
20745 3
20749 8
20753 2
20761 1
20765 4
20773 3
20781 1
20785 7
20789 6
20809 3
20813 10
20817 6
20825 5
20849 6
20857 5
20869 5
20873 2
20885 7
20893 6
20897 3
20905 8
20917 5
20921 1
20929 5
20933 2
20961 4
20969 7
20981 1
20997 7
21005 4
21013 4
21017 1
21025 25
21029 4
21037 4
21041 6
21053 4
21061 2
21069 4
21073 5
21085 7
21089 5
21097 11
21101 3
21121 3
21125 17
21141 7
21145 5
21149 2
21157 1
21169 3
21177 7
21193 3
21205 4
21213 3
21217 2
21221 4
21233 4
21253 7
21257 5
21265 5
21269 1
21277 4
21281 10
21289 7
21305 7
21317 2
21325 7
21341 4
21349 8
21361 11
21365 5
21377 1
21389 5
21393 1
21397 4
21401 2
21425 7
21429 5
21433 7
21437 16
21445 7
21449 2
21465 3
21473 5
21481 4
21485 6
21493 2
21501 2
21509 3
21517 3
21521 6
21529 3
21533 7
21541 5
21557 3
21569 1
21577 3
21589 3
21601 3
21605 10
21609 2
21613 2
21617 1
21625 10
21645 8
21649 2
21661 5
21673 1
21677 9
21685 8
21697 2
21701 2
21709 6
21713 4
21737 5
21745 6
21753 1
21757 4
21773 2
21785 5
21789 2
21805 6
21809 3
21817 4
21821 1
21825 10
21841 2
21845 5
21853 12
21865 8
21881 4
21893 4
21901 3
21905 12
21913 4
21925 7
21929 5
21933 5
21937 3
21941 4
21953 6
21961 2
21969 1
21977 2
21985 4
21997 2
22001 1
22009 1
22021 3
22025 7
22037 2
22045 4
22049 5
22061 8
22069 1
22073 5
22093 4
22105 3
22109 1
22117 10
22129 3
22133 1
22153 3
22157 2
22181 2
22185 14
22189 3
22201 7
22205 8
22213 5
22217 6
22229 4
22237 2
22257 1
22261 4
22265 7
22273 2
22277 3
22285 9
22293 4
22301 8
22313 5
22321 12
22345 8
22369 3
22373 8
22381 1
22385 6
22393 2
22397 2
22405 5
22409 5
22417 3
22433 3
22437 1
22441 1
22445 1
22453 4
22457 5
22465 6
22469 3
22501 3
22509 8
22525 17
22529 7
22541 4
22549 1
22565 6
22573 5
22581 4
22585 3
22589 3
22601 4
22613 2
22621 2
22625 9
22633 7
22637 1
22669 4
22681 4
22685 14
22689 2
22697 5
22709 2
22717 3
22721 5
22725 9
22741 2
22745 5
22753 1
22761 1
22765 11
22769 3
22777 4
22789 1
22797 7
22801 3
22805 6
22817 1
22829 8
22837 7
22849 5
22861 5
22865 11
22873 5
22877 1
22901 2
22905 7
22921 4
22937 2
22945 8
22949 10
22961 4
22973 6
22985 4
22993 1
22997 11
23013 3
23017 5
23021 4
23029 3
23049 7
23053 6
23057 1
23081 6
23101 3
23105 9
23113 4
23117 6
23125 15
23129 2
23137 6
23141 11
23153 5
23165 13
23173 1
23185 2
23197 1
23201 3
23209 1
23225 5
23229 6
23245 7
23257 3
23269 5
23273 13
23285 5
23293 1
23297 4
23321 4
23329 2
23333 6
23341 4
23353 1
23357 2
23365 4
23369 1
23373 2
23377 6
23393 4
23409 4
23413 3
23425 5
23445 4
23461 5
23465 6
23473 4
23477 3
23481 3
23497 1
23509 3
23525 13
23533 4
23537 2
23545 11
23549 1
23553 2
23557 1
23561 2
23569 5
23585 8
23589 4
23605 3
23609 1
23629 3
23645 3
23657 5
23665 7
23669 2
23677 4
23689 2
23701 2
23717 3
23725 14
23729 5
23733 3
23761 1
23765 8
23773 5
23789 3
23797 3
23801 1
23805 3
23809 5
23813 2
23825 11
23833 2
23837 3
23857 2
23869 4
23873 2
23885 13
23893 3
23909 4
23917 4
23929 2
23941 3
23945 3
23953 4
23957 5
23965 7
23977 3
23981 3
23985 4
23993 3
24001 5
24005 5
24021 4
24025 4
24037 1
24041 4
24049 1
24061 7
24065 5
24085 2
24089 11
24093 3
24097 1
24109 1
24113 1
24121 1
24125 16
24133 1
24137 2
24157 5
24161 5
24169 3
24181 4
24193 4
24197 1
24201 3
24217 7
24221 7
24229 3
24237 1
24245 9
24281 1
24293 6
24305 6
24309 2
24313 2
24317 2
24329 2
24337 2
24341 3
24345 3
24349 5
24361 2
24373 3
24385 9
24389 6
24401 7
24413 4
24417 3
24421 1
24425 2
24433 6
24445 4
24457 4
24461 2
24469 3
24473 4
24481 2
24505 6
24509 4
24517 3
24525 3
24533 2
24545 2
24557 4
24561 2
24565 13
24601 7
24625 12
24641 1
24649 3
24653 1
24665 3
24669 1
24677 2
24685 7
24697 5
24701 2
24705 4
24709 1
24713 4
24733 1
24737 4
24741 2
24745 3
24749 2
24777 1
24781 1
24793 4
24797 5
24805 3
24821 3
24841 3
24845 6
24853 2
24865 6
24869 7
24877 7
24901 6
24905 14
24917 2
24925 2
24929 4
24941 5
24949 11
24953 5
24961 7
24965 7
24973 7
24977 3
24989 3
24993 1
25009 4
25013 2
25037 2
25045 7
25049 4
25057 1
25065 5
25073 2
25085 10
25097 5
25101 2
25105 7
25117 1
25121 2
25129 2
25133 5
25153 3
25173 1
25177 7
25181 10
25189 4
25205 1
25209 1
25225 5
25229 5
25237 1
25253 5
25261 4
25281 2
25285 8
25297 3
25301 8
25309 2
25313 5
25317 9
25321 1
25325 7
25337 5
25345 14
25349 3
25353 2
25357 3
25373 1
25381 1
25385 3
25397 4
25405 7
25409 1
25425 5
25433 4
25453 1
25457 4
25469 2
25477 4
25493 9
25497 2
25505 1
25525 6
25529 2
25533 2
25537 4
25541 2
25549 5
25561 4
25565 6
25577 2
25589 1
25601 3
25605 3
25609 2
25625 6
25633 3
25649 8
25657 2
25673 3
25677 2
25681 5
25693 3
25705 10
25713 4
25721 4
25733 3
25741 1
25749 1
25765 7
25769 2
25777 5
25789 7
25793 1
25801 3
25805 7
25825 5
25841 1
25849 3
25857 6
25873 4
25877 7
25889 2
25909 6
25913 1
25925 19
25933 4
25937 3
25945 6
25957 8
25961 6
25965 5
25969 1
25985 6
25997 4
26017 5
26021 3
26029 2
26045 6
26065 8
26073 2
26077 1
26093 6
26113 1
26117 4
26129 7
26141 2
26153 5
26165 5
26177 2
26181 2
26185 2
26189 5
26209 1
26221 5
26225 3
26233 3
26237 1
26245 3
26249 1
26261 1
26269 6
26281 7
26293 1
26297 2
26305 4
26309 1
26317 2
26321 5
26325 7
26329 2
26333 2
26353 9
26357 2
26361 6
26365 2
26377 3
26393 2
26401 6
26405 6
26413 9
26437 1
26441 4
26469 7
26485 4
26489 3
26501 2
26509 2
26513 2
26525 5
26533 7
26545 6
26557 1
26561 2
26573 2
26585 7
26605 9
26633 4
26641 4
26645 8
26665 4
26669 2
26681 1
26685 5
26689 5
26693 2
26701 2
26705 10
26713 4
26717 2
26721 2
26725 4
26729 3
26741 5
26765 14
26773 3
26777 4
26793 2
26801 2
26813 1
26821 2
26825 13
26833 3
26849 1
26861 4
26869 4
26881 3
26893 3
26897 4
26901 2
26905 3
26937 8
26941 9
26945 6
26953 1
26965 4
26969 2
26973 1
26977 5
26981 1
26989 4
26993 2
27009 2
27017 2
27045 4
27053 5
27061 2
27065 3
27073 2
27077 1
27085 5
27101 3
27109 1
27121 7
27145 7
27149 1
27157 3
27161 5
27169 3
27173 3
27185 3
27197 2
27205 4
27217 6
27225 1
27229 2
27233 4
27241 4
27245 1
27253 2
27257 7
27261 4
27277 4
27281 1
27289 5
27293 3
27297 3
27325 5
27329 2
27333 2
27337 4
27353 6
27361 3
27365 9
27369 5
27385 8
27389 2
27397 4
27409 2
27421 3
27425 4
27437 2
27441 1
27449 5
27469 7
27481 4
27505 10
27509 2
27521 8
27529 4
27541 2
27549 1
27557 3
27565 7
27581 2
27585 5
27593 3
27605 2
27613 9
27617 1
27625 19
27637 9
27653 3
27673 4
27677 9
27685 5
27689 4
27693 2
27697 3
27701 2
27709 2
27725 10
27737 2
27749 4
27757 3
27765 4
27781 4
27785 4
27793 4
27809 4
27817 2
27829 6
27833 7
27845 5
27857 1
27865 3
27877 4
27893 6
27901 3
27905 2
27917 1
27925 8
27941 4
27953 1
27961 2
27977 3
27981 2
27985 11
27989 5
27997 3
28001 2
28009 4
28013 5
28033 6
28037 5
28057 5
28081 2
28085 10
28089 2
28093 5
28109 2
28121 3
28125 7
28145 7
28157 5
28169 4
28181 1
28193 2
28197 9
28201 2
28205 4
28213 4
28225 3
28229 4
28233 1
28249 9
28265 2
28269 1
28273 1
28277 3
28285 6
28289 3
28297 4
28305 8
28309 4
28333 6
28345 2
28349 2
28373 7
28381 6
28393 3
28397 1
28409 4
28417 4
28421 1
28429 2
28433 1
28445 5
28449 8
28453 3
28465 3
28477 4
28493 1
28505 4
28513 5
28517 1
28521 2
28537 1
28541 2
28561 4
28565 6
28573 2
28577 5
28585 6
28593 3
28597 3
28625 6
28629 3
28645 10
28649 1
28657 2
28661 2
28665 1
28669 4
28673 7
28685 2
28697 3
28705 3
28729 1
28741 2
28753 1
28757 3
28769 4
28781 11
28789 3
28813 2
28817 4
28825 3
28837 2
28845 6
28849 1
28873 3
28881 2
28885 10
28901 2
28913 5
28921 3
28925 16
28933 4
28961 2
28981 6
29005 7
29009 1
29017 4
29021 3
29033 4
29041 4
29045 7
29053 5
29057 3
29061 2
29065 4
29069 3
29077 2
29081 5
29097 5
29101 2
29105 6
29125 10
29129 3
29137 4
29153 3
29161 1
29173 1
29185 8
29189 4
29201 2
29221 4
29237 8
29241 1
29245 4
29257 1
29261 5
29269 1
29273 4
29277 1
29285 4
29297 1
29305 3
29313 2
29321 1
29341 10
29345 2
29353 3
29377 3
29385 4
29389 2
29401 5
29405 8
29429 3
29449 4
29453 3
29461 3
29473 2
29485 5
29489 1
29493 3
29497 3
29501 4
29521 5
29525 8
29529 8
29537 1
29549 5
29565 2
29569 1
29573 1
29581 4
29585 6
29593 1
29597 3
29609 2
29629 3
29633 1
29637 3
29641 2
29645 3
29653 1
29665 2
29669 2
29705 11
29709 2
29717 2
29725 8
29741 4
29745 4
29753 3
29765 2
29789 1
29801 5
29809 6
29817 3
29825 10
29833 1
29837 2
29857 5
29861 7
29873 1
29881 3
29905 5
29917 2
29921 1
29929 3
29933 2
29945 5
29957 2
29961 3
29965 5
29993 7
30005 6
30013 3
30017 3
30025 8
30029 1
30037 2
30053 1
30069 5
30073 7
30089 1
30097 3
30109 3
30113 3
30125 7
30133 4
30137 3
30141 4
30145 4
30157 8
30161 1
30169 1
30181 1
30185 6
30193 5
30197 3
30209 4
30213 1
30233 1
30241 2
30249 1
30265 3
30269 2
30277 10
30285 2
30293 2
30301 6
30313 1
30325 4
30329 2
30341 1
30357 4
30361 7
30365 5
30377 7
30389 4
30397 5
30413 2
30421 1
30425 5
30433 4
30445 3
30449 4
30465 3
30469 2
30493 1
30497 1
30501 2
30505 3
30517 3
30537 5
30545 7
30553 2
30557 2
30565 5
30577 4
30589 5
30593 2
30617 5
30625 11
30629 5
30637 1
30641 3
30649 4
30661 3
30665 3
30673 6
30677 3
30685 1
30689 1
30697 1
30713 1
30717 1
30725 5
30733 6
30749 2
30757 1
30773 4
30805 4
30809 2
30817 2
30821 7
30825 7
30829 1
30841 4
30853 4
30865 3
30869 5
30881 1
30893 3
30897 3
30901 2
30925 1
30929 4
30937 3
30949 1
30953 4
30985 3
31001 4
31005 5
31013 2
31025 6
31037 1
31049 3
31057 4
31061 2
31081 3
31085 5
31097 1
31109 3
31113 6
31117 3
31145 2
31149 3
31153 1
31181 2
31193 3
31201 5
31205 1
31213 1
31221 3
31225 8
31237 2
31249 2
31253 3
31265 12
31285 5
31301 2
31313 3
31321 1
31329 1
31333 1
31337 2
31345 3
31365 5
31373 6
31385 3
31397 2
31409 1
31417 1
31421 3
31429 6
31433 3
31469 1
31473 3
31477 1
31489 2
31501 5
31505 6
31509 3
31513 2
31517 2
31525 10
31529 4
31541 1
31545 1
31561 6
31573 1
31585 1
31601 3
31609 5
31613 2
31637 5
31645 1
31653 2
31681 3
31685 7
31693 3
31697 5
31705 3
31709 2
31721 6
31729 2
31733 5
31741 2
31753 7
31761 1
31765 5
31769 1
31781 1
31793 1
31797 2
31805 1
31813 5
31817 2
31841 4
31849 2
31853 4
31865 3
31869 1
31905 2
31909 1
31921 7
31925 2
31937 1
31945 4
31973 6
31981 1
31985 7
32005 4
32009 2
32013 2
32017 9
32041 1
32045 11
32057 2
32065 5
32069 3
32077 4
32089 2
32105 3
32113 3
32117 3
32125 8
32129 2
32141 1
32157 3
32161 3
32173 3
32185 10
32189 2
32193 1
32201 3
32213 2
32225 6
32229 2
32233 2
32237 2
32245 3
32257 1
32261 4
32269 1
32297 2
32301 3
32309 2
32317 4
32321 1
32337 5
32341 2
32345 4
32353 2
32365 3
32369 2
32377 2
32381 2
32393 3
32401 1
32405 4
32409 3
32413 3
32425 10
32429 2
32441 1
32449 2
32485 8
32489 4
32497 2
32513 5
32521 6
32525 3
32533 2
32537 2
32549 2
32553 1
32573 5
32597 3
32605 1
32609 2
32617 4
32621 1
32625 3
32633 1
32645 6
32653 1
32657 5
32677 1
32689 5
32693 1
32701 5
32713 3
32717 3
32733 1
32741 5
32761 2
32765 4
32773 2
32777 3
32789 1
32797 1
32801 2
32805 1
32825 9
32833 1
32841 6
32861 3
32869 1
32877 2
32885 4
32905 4
32909 2
32929 7
32933 1
32957 4
32969 1
32977 3
32985 1
32993 1
33001 4
33013 2
33017 4
33025 4
33037 1
33049 4
33053 1
33057 3
33065 13
33073 1
33085 8
33093 2
33109 3
33113 1
33125 4
33129 1
33133 4
33137 3
33149 2
33161 2
33169 3
33173 2
33185 2
33197 3
33205 6
33241 1
33245 3
33265 9
33273 2
33289 1
33293 1
33305 2
33309 2
33317 2
33337 3
33353 2
33365 6
33377 1
33381 4
33389 1
33409 1
33437 3
33457 1
33485 7
33489 4
33493 2
33505 2
33521 7
33525 4
33533 4
33541 2
33545 3
33553 5
33565 5
33569 1
33577 1
33581 1
33589 2
33597 2
33601 2
33613 2
33617 2
33625 10
33629 1
33633 2
33637 5
33653 3
33661 3
33665 6
33685 3
33709 3
33713 2
33745 8
33749 2
33757 2
33761 6
33769 1
33785 9
33797 3
33805 6
33809 2
33813 2
33829 2
33853 2
33857 4
33865 4
33881 5
33889 2
33893 1
33905 4
33917 6
33921 2
33937 3
33941 2
33949 2
33965 2
33973 2
33977 4
33989 1
34001 1
34021 3
34025 6
34033 3
34037 5
34057 2
34061 1
34065 1
34073 4
34081 1
34085 9
34101 3
34117 3
34121 1
34129 1
34137 1
34145 4
34153 3
34157 1
34165 2
34173 2
34205 2
34213 1
34217 2
34225 3
34229 3
34241 1
34245 2
34249 5
34253 2
34261 4
34273 1
34285 4
34289 6
34301 3
34325 3
34337 2
34345 1
34361 1
34369 4
34373 5
34381 1
34385 1
34389 1
34425 5
34429 3
34457 6
34465 4
34469 1
34481 3
34493 2
34497 2
34513 2
34525 4
34537 1
34541 5
34549 1
34553 2
34585 3
34589 2
34597 2
34605 1
34609 3
34621 4
34625 6
34645 5
34649 1
34669 3
34673 2
34677 4
34693 2
34697 9
34709 4
34717 4
34721 4
34741 1
34757 2
34765 4
34781 2
34785 4
34801 3
34805 3
34817 1
34829 4
34849 2
34877 1
34885 6
34893 2
34897 2
34901 3
34913 2
34933 5
34945 5
34949 2
34957 2
34961 2
34969 2
34973 2
34981 1
34985 3
35001 2
35005 1
35009 3
35017 5
35033 4
35037 3
35053 3
35065 2
35069 3
35073 4
35089 2
35113 8
35117 4
35125 5
35137 5
35141 1
35153 1
35165 4
35173 4
35177 2
35197 4
35209 1
35221 1
35225 3
35249 4
35253 4
35257 1
35261 2
35269 4
35281 2
35285 6
35293 4
35317 2
35325 2
35333 1
35345 1
35361 3
35369 2
35377 5
35401 1
35405 9
35425 10
35449 1
35453 3
35461 1
35465 8
35509 1
35513 1
35521 1
35525 4
35533 1
35545 4
35557 1
35569 1
35573 1
35597 1
35605 3
35617 2
35633 2
35641 1
35645 5
35649 3
35653 6
35657 5
35669 1
35677 2
35685 7
35689 5
35705 5
35725 3
35753 2
35757 2
35785 9
35793 2
35797 2
35801 4
35821 3
35825 2
35837 3
35869 1
35873 3
35881 2
35885 2
35901 5
35909 2
35917 1
35921 4
35953 3
35957 1
35965 5
35969 2
35977 3
35989 5
35993 4
36009 2
36013 2
36017 1
36037 3
36045 4
36065 3
36101 6
36109 1
36117 1
36125 9
36145 3
36149 2
36161 2
36173 2
36181 3
36185 1
36189 2
36193 2
36205 12
36209 2
36217 1
36221 8
36229 2
36241 2
36257 4
36265 3
36269 1
36293 1
36297 2
36305 2
36313 4
36325 9
36329 4
36341 1
36353 1
36361 8
36369 2
36373 2
36389 1
36397 4
36401 4
36405 2
36413 8
36433 1
36441 2
36445 6
36457 1
36461 4
36469 2
36473 3
36481 1
36485 1
36493 2
36497 4
36505 2
36513 2
36517 4
36529 2
36545 1
36569 10
36581 2
36601 2
36605 1
36621 3
36625 4
36629 1
36637 1
36653 1
36661 5
36665 3
36677 3
36709 1
36721 1
36725 12
36733 4
36737 6
36745 5
36749 1
36781 2
36793 2
36805 12
36809 3
36821 2
36829 3
36833 2
36837 1
36845 1
36853 2
36857 1
36865 10
36873 4
36877 2
36881 6
36889 2
36901 1
36905 4
36913 2
36929 2
36941 7
36945 1
36965 4
36973 1
36985 4
36997 4
37017 2
37025 4
37033 3
37049 1
37057 1
37061 1
37085 2
37089 3
37093 2
37097 1
37105 3
37141 5
37153 1
37157 4
37161 1
37165 2
37181 2
37189 1
37193 3
37197 2
37217 1
37225 2
37249 1
37253 2
37265 4
37269 5
37273 2
37277 3
37285 4
37305 3
37309 2
37321 1
37325 5
37333 1
37341 1
37349 6
37357 1
37361 1
37377 3
37381 2
37385 2
37393 4
37397 1
37413 1
37441 3
37445 2
37469 5
37481 5
37485 2
37505 6
37549 2
37553 1
37561 1
37577 2
37585 2
37589 2
37593 1
37613 3
37621 3
37629 1
37633 2
37637 4
37645 3
37657 2
37661 1
37673 3
37681 2
37693 1
37705 2
37717 1
37729 1
37733 2
37745 3
37757 3
37777 1
37817 4
37825 5
37837 2
37845 3
37853 2
37861 2
37865 4
37873 1
37885 3
37897 1
37921 4
37925 13
37945 3
37949 2
37957 2
37993 3
38021 1
38025 6
38029 5
38033 3
38041 3
38069 1
38077 2
38081 4
38089 1
38105 3
38113 2
38125 5
38149 1
38153 2
38165 10
38177 1
38189 1
38221 3
38233 6
38237 3
38245 3
38261 1
38273 3
38281 2
38293 4
38309 4
38317 1
38321 2
38329 1
38349 2
38357 1
38365 4
38369 5
38377 1
38385 3
38389 4
38393 3
38405 1
38417 2
38425 5
38441 2
38449 1
38453 2
38457 1
38461 2
38465 1
38477 4
38501 2
38509 3
38537 1
38545 4
38557 4
38565 2
38569 2
38581 1
38585 3
38593 1
38597 3
38601 3
38609 1
38629 2
38637 1
38653 1
38669 1
38677 2
38693 1
38701 6
38705 2
38713 1
38725 5
38729 1
38737 2
38749 3
38765 3
38777 2
38785 3
38813 3
38825 2
38845 10
38849 4
38857 1
38861 1
38873 4
38889 4
38897 1
38909 8
38917 1
38921 1
38925 3
38933 1
38953 1
38961 3
38965 3
38977 1
38981 2
38993 1
39005 6
39013 1
39041 1
39049 1
39053 1
39065 5
39085 4
39089 1
39101 2
39125 8
39133 1
39157 2
39161 2
39181 1
39185 7
39205 2
39209 2
39213 2
39229 2
39233 1
39241 1
39249 4
39253 3
39257 3
39265 2
39285 3
39289 2
39301 2
39313 2
39317 1
39321 2
39325 3
39341 1
39349 1
39357 1
39373 2
39377 1
39385 2
39397 2
39401 2
39409 1
39465 1
39469 1
39481 4
39485 9
39505 4
39521 1
39533 1
39553 1
39565 5
39569 1
39593 5
39601 2
39605 1
39625 4
39641 1
39645 1
39665 5
39673 2
39685 2
39701 5
39733 3
39745 1
39749 1
39769 2
39785 2
39793 4
39797 2
39817 2
39821 1
39829 2
39833 2
39845 4
39857 1
39877 1
39889 5
39901 1
39925 3
39929 2
39933 2
39937 2
39953 1
39961 3
39965 3
39989 2
40001 5
40009 2
40025 6
40045 1
40049 2
40057 1
40069 1
40077 2
40081 2
40085 1
40093 1
40097 2
40105 5
40113 3
40121 2
40141 3
40153 3
40157 3
40165 6
40169 2
40177 1
40193 1
40213 1
40221 3
40225 8
40229 3
40241 1
40253 3
40265 4
40277 1
40293 2
40309 4
40321 4
40325 3
40333 2
40345 1
40349 2
40385 2
40405 7
40409 2
40417 5
40429 2
40437 2
40445 1
40465 3
40477 3
40493 1
40501 1
40505 1
40525 6
40545 3
40573 3
40577 2
40585 3
40609 2
40613 1
40617 1
40621 1
40625 4
40653 3
40657 2
40681 1
40693 1
40697 1
40725 5
40729 4
40745 2
40781 2
40793 6
40801 1
40813 4
40837 1
40841 1
40849 1
40861 1
40877 1
40885 10
40905 5
40925 4
40933 2
40941 1
40949 1
40961 2
40969 2
40977 3
40993 1
41029 4
41033 4
41045 2
41053 1
41057 1
41077 2
41089 2
41093 7
41105 1
41113 1
41117 1
41141 1
41149 1
41157 1
41161 1
41165 1
41185 1
41189 1
41197 2
41201 1
41221 2
41225 5
41229 1
41245 3
41269 3
41273 5
41297 1
41301 3
41309 3
41333 1
41345 2
41353 2
41369 1
41373 2
41381 2
41425 2
41429 4
41441 1
41449 3
41453 1
41465 3
41497 4
41513 1
41521 1
41533 1
41537 2
41557 1
41589 2
41593 1
41597 2
41605 6
41617 1
41625 1
41641 2
41665 2
41669 1
41681 1
41697 2
41717 3
41725 1
41729 1
41737 1
41761 1
41765 2
41773 1
41777 3
41797 2
41801 1
41805 6
41813 1
41821 5
41841 3
41845 3
41849 1
41869 1
41873 1
41885 2
41893 2
41897 1
41905 11
41913 1
41945 3
41957 2
41969 2
41977 1
42001 3
42025 4
42029 6
42041 3
42057 1
42073 1
42089 2
42109 1
42125 2
42137 5
42145 2
42149 2
42157 1
42165 3
42169 1
42173 3
42193 2
42197 1
42209 2
42221 2
42233 3
42237 1
42281 3
42289 1
42341 2
42345 4
42349 2
42353 2
42365 6
42373 1
42381 4
42385 2
42397 1
42401 2
42425 2
42433 1
42437 1
42445 3
42453 2
42457 2
42473 1
42485 2
42505 3
42517 5
42533 3
42561 1
42565 5
42569 1
42589 2
42601 3
42605 2
42649 1
42653 6
42661 1
42685 1
42689 2
42697 1
42701 1
42705 2
42713 3
42725 4
42737 1
42761 1
42773 1
42793 1
42809 4
42857 1
42865 3
42877 1
42881 4
42885 1
42905 2
42913 1
42925 14
42929 1
42949 1
42961 2
42965 5
42973 1
42985 3
42993 3
43009 7
43013 2
43025 6
43045 4
43061 1
43069 1
43093 2
43101 1
43105 9
43117 2
43133 2
43137 1
43165 3
43173 3
43177 2
43181 2
43189 2
43205 2
43209 1
43245 1
43249 2
43261 2
43265 5
43273 1
43277 4
43289 2
43297 1
43313 1
43317 3
43321 1
43325 2
43333 1
43397 1
43425 2
43429 2
43433 4
43441 2
43457 2
43465 1
43481 3
43489 4
43501 2
43513 2
43525 3
43537 5
43553 1
43597 1
43609 1
43613 1
43621 3
43625 6
43633 2
43641 3
43657 1
43661 1
43681 1
43693 2
43697 2
43721 3
43733 2
43745 2
43765 1
43777 3
43781 2
43789 1
43793 2
43805 1
43821 1
43825 5
43829 3
43849 1
43853 1
43873 4
43877 4
43889 1
43913 1
43937 1
43965 2
43969 1
43973 1
43993 2
43997 1
44001 2
44005 3
44053 1
44101 3
44105 5
44109 2
44117 1
44141 3
44145 2
44149 1
44165 1
44185 5
44189 3
44197 1
44201 1
44217 1
44221 4
44225 3
44245 1
44249 1
44269 1
44285 2
44293 1
44325 4
44329 1
44353 1
44357 3
44369 3
44381 3
44389 1
44397 1
44425 2
44433 1
44453 1
44461 1
44465 2
44489 2
44497 1
44521 1
44525 5
44537 2
44541 1
44557 1
44573 3
44581 3
44585 3
44613 2
44629 2
44641 1
44645 2
44657 1
44701 1
44717 1
44721 1
44729 1
44741 2
44749 1
44753 2
44761 4
44773 1
44777 2
44785 3
44789 1
44797 2
44813 2
44829 6
44837 4
44845 2
44861 1
44865 3
44881 3
44893 1
44917 2
44921 1
44937 1
44941 2
44945 3
44965 2
44969 2
44977 1
44993 1
45005 6
45025 2
45029 2
45037 1
45053 2
45077 1
45081 1
45097 1
45113 2
45117 1
45125 2
45153 1
45169 2
45205 1
45233 1
45281 2
45289 1
45293 1
45301 3
45305 5
45313 1
45325 4
45329 3
45337 1
45373 3
45377 2
45385 4
45389 2
45405 1
45413 1
45421 1
45433 1
45445 4
45461 5
45469 2
45473 1
45481 4
45497 2
45509 2
45513 1
45541 2
45553 1
45557 2
45565 2
45585 1
45589 1
45613 2
45617 8
45621 4
45625 7
45641 1
45673 1
45693 2
45697 2
45713 2
45721 2
45729 1
45757 1
45765 1
45769 2
45781 3
45785 1
45797 2
45805 1
45841 2
45845 4
45865 2
45869 2
45877 3
45901 1
45905 1
45917 2
45929 2
45945 5
45949 1
45965 2
45985 4
46001 3
46017 2
46045 2
46073 1
46085 3
46105 3
46121 1
46125 1
46141 1
46153 1
46157 2
46169 2
46181 3
46205 1
46213 1
46225 2
46229 5
46237 2
46261 1
46273 3
46285 2
46289 2
46309 1
46313 2
46325 6
46337 1
46349 1
46369 2
46381 1
46385 2
46393 3
46405 1
46421 1
46429 1
46449 1
46465 2
46481 3
46485 2
46501 3
46517 1
46537 2
46553 1
46561 1
46597 1
46601 1
46625 4
46637 1
46657 3
46661 1
46665 5
46681 1
46685 2
46693 4
46701 2
46705 3
46709 4
46733 1
46737 2
46745 1
46769 1
46777 1
46793 3
46801 1
46813 2
46825 2
46853 1
46881 1
46885 1
46889 1
46901 2
46909 1
46917 1
46933 1
46945 3
46957 1
46985 3
47009 1
47021 3
47045 5
47065 1
47069 1
47089 1
47097 1
47105 1
47125 6
47133 1
47153 2
47197 1
47205 1
47225 4
47241 2
47269 2
47281 3
47285 2
47305 1
47345 4
47349 3
47365 1
47381 1
47385 1
47437 5
47441 1
47473 1
47477 2
47485 1
47489 4
47497 2
47501 2
47521 1
47525 3
47533 2
47545 4
47549 1
47573 4
47581 1
47609 2
47617 3
47645 2
47657 1
47669 1
47693 1
47717 1
47737 1
47741 1
47745 1
47753 2
47765 2
47781 1
47797 1
47801 3
47809 1
47821 2
47825 3
47853 3
47857 1
47869 2
47873 2
47881 3
47885 3
47933 1
47961 1
47965 4
47989 3
48025 3
48029 1
48037 2
48049 2
48053 5
48061 3
48073 2
48105 1
48113 1
48121 1
48137 1
48145 2
48149 1
48157 1
48161 2
48177 1
48193 1
48217 1
48229 1
48245 1
48253 1
48285 1
48337 1
48341 2
48353 1
48361 1
48365 1
48385 1
48397 1
48409 1
48413 2
48421 1
48425 1
48445 2
48449 1
48473 1
48485 1
48501 1
48505 1
48521 1
48529 1
48569 1
48581 3
48613 1
48625 1
48637 2
48649 2
48665 2
48673 1
48677 1
48689 2
48717 1
48725 3
48749 2
48757 1
48761 2
48781 2
48809 2
48821 1
48841 3
48845 1
48853 1
48861 1
48865 4
48869 2
48877 2
48893 1
48905 1
48929 3
48933 1
48941 1
48985 2
48997 1
49005 1
49009 1
49025 4
49037 1
49045 2
49081 2
49097 4
49109 4
49117 1
49129 2
49141 4
49145 2
49165 1
49185 1
49193 1
49201 2
49205 2
49237 3
49241 2
49249 1
49257 3
49261 2
49285 1
49297 2
49325 2
49333 2
49349 1
49361 2
49393 1
49405 2
49421 1
49429 1
49433 3
49453 1
49489 1
49509 2
49517 1
49549 1
49561 1
49573 1
49589 2
49601 3
49613 1
49625 2
49645 3
49653 1
49661 3
49669 1
49673 1
49689 1
49705 1
49725 7
49729 1
49733 2
49745 1
49765 2
49769 1
49793 1
49801 1
49813 3
49825 1
49873 3
49897 3
49905 1
49909 1
49921 1
49925 2
49985 1
49997 3
50005 4
50013 2
50029 1
50033 2
50045 1
50069 2
50077 2
50081 1
50089 1
50093 1
50101 1
50125 3
50129 1
50137 2
50153 1
50157 1
50177 2
50185 1
50225 3
50229 2
50245 2
50249 3
50265 2
50269 1
50285 1
50297 6
50305 1
50329 1
50341 4
50345 2
50357 2
50373 1
50389 1
50401 1
50405 2
50417 2
50425 1
50441 1
50453 3
50465 3
50473 1
50489 4
50509 1
50537 1
50553 1
50569 3
50581 1
50593 1
50605 2
50609 3
50629 1
50641 1
50653 2
50661 1
50665 2
50689 2
50705 2
50725 3
50737 2
50753 2
50769 2
50773 3
50805 1
50813 1
50833 2
50837 1
50849 1
50861 1
50877 1
50881 2
50885 2
50905 1
50921 2
50929 1
50949 1
50957 2
50965 2
50989 1
50993 1
51017 2
51021 1
51025 3
51077 1
51085 3
51097 3
51101 1
51109 1
51125 2
51137 1
51145 2
51169 3
51193 1
51197 1
51201 1
51209 1
51245 3
51257 2
51301 1
51313 3
51325 4
51353 1
51365 1
51425 1
51445 1
51449 1
51493 3
51505 3
51517 2
51533 2
51545 3
51561 2
51565 2
51605 4
51629 2
51633 1
51641 2
51649 3
51665 1
51669 1
51673 1
51701 1
51725 2
51741 1
51757 2
51781 1
51785 1
51805 1
51817 1
51833 1
51853 1
51869 1
51881 2
51913 2
51977 2
51985 5
51989 1
51993 1
52001 1
52013 1
52021 1
52025 3
52037 1
52065 3
52069 2
52093 1
52105 1
52121 2
52145 1
52165 2
52181 2
52201 2
52205 3
52209 3
52225 1
52229 1
52249 2
52273 2
52281 2
52285 3
52289 1
52301 1
52317 1
52345 4
52357 1
52361 1
52369 1
52381 1
52425 2
52429 1
52445 4
52453 1
52457 1
52477 1
52505 2
52561 1
52577 1
52597 4
52637 2
52645 1
52685 2
52709 1
52713 1
52741 1
52749 1
52757 1
52813 1
52817 2
52821 1
52825 2
52849 3
52853 2
52865 3
52897 1
52929 1
52949 2
52985 2
52993 1
53005 2
53017 3
53021 2
53033 1
53065 1
53069 1
53089 1
53093 2
53117 1
53125 4
53145 1
53173 2
53177 3
53197 1
53209 3
53225 1
53233 1
53285 1
53329 1
53341 1
53357 1
53381 1
53397 1
53401 1
53425 1
53437 1
53465 2
53477 1
53489 3
53497 2
53505 2
53509 3
53525 1
53545 2
53549 1
53573 2
53577 1
53593 1
53597 2
53617 1
53621 3
53633 1
53645 1
53657 1
53685 1
53689 1
53693 1
53729 1
53737 1
53753 1
53761 3
53825 2
53829 1
53833 2
53849 1
53873 1
53885 4
53989 1
54001 1
54013 1
54025 1
54029 2
54037 1
54041 2
54045 1
54077 1
54085 1
54113 2
54125 2
54133 2
54145 2
54149 1
54193 1
54205 1
54225 2
54265 3
54293 2
54301 2
54317 2
54325 1
54377 1
54385 1
54389 2
54401 1
54477 1
54485 2
54497 2
54521 1
54541 2
54545 1
54569 3
54577 1
54585 1
54665 3
54673 1
54685 3
54689 1
54745 1
54757 1
54765 2
54781 2
54785 1
54793 2
54821 1
54837 1
54877 1
54893 1
54913 2
54937 2
54941 1
54949 1
54961 1
54965 2
54981 3
55009 2
55017 1
55021 1
55045 3
55061 1
55073 1
55109 1
55117 1
55125 1
55129 1
55145 2
55193 1
55201 1
55205 3
55213 1
55229 1
55241 3
55249 2
55261 1
55289 1
55325 2
55333 1
55337 1
55357 1
55369 1
55381 1
55393 1
55445 2
55465 4
55469 1
55485 1
55501 2
55505 3
55525 1
55529 1
55541 1
55565 1
55577 1
55585 1
55621 1
55625 1
55633 2
55705 3
55709 1
55717 2
55793 1
55801 1
55809 1
55817 2
55845 2
55865 1
55885 1
55969 2
55981 2
55985 4
56033 1
56057 1
56065 1
56105 2
56117 1
56137 1
56185 1
56197 1
56209 1
56225 4
56277 2
56285 2
56293 1
56305 2
56321 1
56333 1
56405 3
56417 1
56421 1
56425 2
56473 1
56493 1
56521 2
56533 2
56537 3
56549 2
56569 1
56621 1
56629 1
56641 1
56653 1
56669 1
56693 1
56725 6
56745 4
56765 1
56773 1
56781 1
56785 1
56789 1
56797 2
56813 1
56825 1
56845 1
56849 1
56853 1
56869 2
56893 1
56921 2
56929 1
56933 3
56941 1
56953 1
56961 1
56965 1
57049 1
57065 3
57069 1
57077 1
57125 2
57137 3
57161 1
57173 1
57185 1
57205 1
57217 1
57241 1
57245 1
57249 2
57301 1
57305 1
57317 1
57325 1
57341 1
57357 1
57389 1
57397 1
57425 1
57445 1
57461 1
57469 1
57493 2
57501 1
57517 2
57521 3
57545 2
57565 2
57605 1
57613 1
57649 2
57661 1
57677 1
57681 1
57709 1
57721 1
57745 2
57773 1
57797 1
57809 1
57825 1
57853 1
57869 1
57889 1
57905 2
57929 1
58013 2
58041 1
58049 1
58081 1
58085 1
58097 1
58109 1
58129 1
58141 3
58165 1
58169 1
58201 2
58217 1
58225 3
58237 2
58261 2
58277 2
58285 1
58321 1
58325 2
58329 3
58357 1
58361 2
58441 1
58453 1
58473 1
58481 1
58493 2
58525 1
58565 4
58573 2
58585 1
58589 2
58621 1
58645 1
58669 3
58685 1
58693 1
58721 1
58725 1
58757 1
58761 1
58769 1
58825 2
58841 1
58865 3
58885 1
58909 1
58925 1
58945 2
58969 2
58997 1
59053 1
59057 1
59085 1
59105 1
59113 1
59121 1
59153 2
59165 1
59189 1
59197 1
59201 2
59221 1
59273 1
59281 1
59293 3
59305 1
59341 2
59373 1
59417 1
59425 1
59437 1
59445 1
59449 2
59461 1
59533 1
59545 1
59573 1
59581 1
59585 1
59597 1
59625 2
59633 1
59653 1
59669 1
59725 2
59761 2
59765 1
59789 1
59825 1
59841 1
59849 1
59881 1
59893 2
59897 1
59905 1
59949 1
59977 2
60017 1
60025 3
60037 1
60057 1
60065 2
60077 1
60085 3
60125 2
60185 1
60197 1
60257 1
60265 3
60273 1
60337 1
60385 1
60413 1
60417 1
60425 3
60469 1
60509 1
60525 2
60545 1
60581 1
60589 1
60625 1
60649 1
60713 1
60721 1
60733 1
60741 1
60745 1
60749 1
60757 1
60785 2
60805 1
60809 1
60813 3
60821 1
60849 1
60869 1
60905 2
60941 1
60965 1
60985 2
61013 1
61025 1
61045 3
61049 1
61057 1
61073 2
61109 1
61133 1
61153 2
61165 1
61201 1
61205 1
61213 3
61309 1
61317 1
61385 1
61405 1
61421 1
61445 2
61461 1
61469 1
61489 1
61497 1
61505 1
61549 2
61569 1
61585 3
61601 1
61625 2
61685 3
61745 1
61785 1
61789 1
61825 1
61829 1
61837 1
61909 1
61913 1
61925 1
61933 1
61937 1
61945 2
61961 1
62065 1
62101 1
62137 1
62145 2
62165 1
62177 3
62189 1
62213 1
62269 1
62281 1
62309 1
62325 2
62329 1
62345 1
62361 1
62365 1
62389 2
62417 1
62501 1
62509 1
62525 3
62561 1
62577 2
62585 1
62593 1
62597 1
62609 1
62633 1
62725 2
62729 1
62761 1
62765 1
62785 2
62793 1
62801 1
62869 1
62885 1
62893 2
62917 2
62929 1
62965 2
62969 1
62981 1
63025 1
63029 2
63053 1
63065 1
63113 1
63125 2
63169 1
63193 1
63205 2
63241 1
63317 1
63325 3
63401 3
63461 1
63521 2
63529 1
63541 1
63557 1
63565 1
63589 1
63601 1
63625 1
63653 1
63689 1
63713 2
63773 1
63865 2
63869 3
63893 2
63905 1
63925 2
64025 3
64073 3
64117 1
64165 2
64297 1
64305 1
64313 1
64409 1
64413 1
64465 1
64481 1
64493 2
64541 1
64549 1
64565 1
64585 1
64621 1
64637 1
64685 2
64705 1
64737 1
64741 1
64781 1
64805 3
64825 1
64865 1
64921 1
64925 1
65005 1
65025 1
65061 1
65105 2
65117 1
65133 1
65137 1
65185 3
65221 1
65237 1
65257 1
65281 1
65305 1
65425 1
65453 1
65473 2
65497 1
65501 1
65521 1
65581 1
65601 1
65677 1
65701 1
65777 1
65845 1
65897 2
65905 1
65909 1
65929 1
65945 1
65953 3
65981 1
66041 1
66053 1
66065 1
66085 1
66089 1
66113 2
66125 1
66133 1
66149 1
66169 1
66181 1
66193 1
66249 1
66301 1
66361 1
66365 2
66373 1
66445 4
66449 1
66589 1
66613 1
66625 2
66637 1
66653 1
66673 1
66697 1
66713 1
66725 2
66753 1
66757 1
66785 1
66789 1
66797 1
66821 2
66833 1
66841 1
66845 2
66905 1
66925 1
66961 1
66989 1
67033 1
67077 1
67085 1
67097 1
67105 1
67117 1
67217 1
67225 1
67293 1
67345 2
67357 1
67405 3
67409 1
67481 1
67489 1
67525 1
67541 1
67565 1
67609 1
67625 1
67653 1
67709 1
67717 2
67733 1
67757 1
67789 1
67817 1
67825 1
67889 1
67973 2
67981 1
67997 1
68029 1
68041 2
68065 3
68081 1
68105 2
68125 1
68185 2
68209 1
68237 1
68329 1
68429 1
68441 1
68445 1
68525 1
68549 3
68581 1
68605 1
68645 1
68697 1
68725 2
68741 1
68749 1
68797 2
68821 1
68857 2
68869 1
68917 1
68953 1
68965 2
69005 1
69017 1
69021 1
69041 1
69049 1
69057 2
69121 2
69129 1
69145 1
69185 1
69241 1
69257 1
69269 1
69277 1
69317 1
69329 1
69373 1
69381 1
69385 1
69397 1
69425 1
69433 1
69457 1
69481 1
69485 1
69497 1
69505 1
69725 1
69785 2
69845 1
69885 1
69925 1
69997 1
70013 2
70045 1
70057 1
70093 1
70109 1
70145 1
70181 1
70193 1
70237 1
70241 1
70297 1
70313 1
70325 1
70373 1
70397 1
70405 1
70425 1
70465 1
70489 1
70501 1
70529 1
70601 1
70625 2
70769 1
70789 1
70865 1
70925 1
70933 1
70949 1
71065 1
71073 1
71077 2
71081 1
71089 2
71125 2
71177 1
71217 1
71249 1
71305 1
71317 1
71329 1
71377 2
71397 1
71413 1
71537 1
71545 2
71605 1
71613 1
71633 1
71669 1
71825 2
71905 1
72049 1
72053 1
72081 1
72085 1
72109 1
72217 1
72241 1
72265 3
72433 1
72505 1
72593 2
72621 1
72761 1
72845 1
72901 1
72973 1
72981 3
73021 2
73061 2
73105 1
73125 2
73157 2
73261 1
73405 1
73429 1
73433 1
73445 1
73449 1
73457 2
73489 2
73529 2
73593 3
73613 1
73637 1
73665 1
73729 1
73861 1
73933 2
73949 1
74005 1
74065 1
74105 1
74117 1
74125 1
74205 1
74269 1
74293 1
74317 1
74421 1
74425 1
74457 1
74513 1
74629 2
74677 1
74693 1
74737 1
74785 1
74825 1
75017 1
75029 1
75085 2
75101 1
75125 1
75181 1
75205 1
75253 1
75265 2
75277 1
75365 1
75413 1
75433 1
75517 1
75541 2
75545 1
75869 1
75941 1
75989 1
76177 1
76185 1
76293 1
76297 1
76301 1
76445 1
76453 1
76457 1
76481 1
76501 1
76697 1
76729 2
76745 1
76905 1
76925 1
76949 1
76957 1
76985 1
77137 1
77265 1
77509 1
77669 1
77741 1
77761 1
77797 1
77801 1
77877 1
77981 1
78053 2
78209 1
78245 1
78373 1
78385 1
78697 1
78713 1
78721 1
78917 1
78937 1
78977 1
79049 1
79133 1
79153 1
79181 1
79209 1
79225 2
79333 1
79385 1
79405 1
79445 1
79605 1
79685 1
79745 1
79753 1
79789 1
79821 1
79901 1
79913 1
79921 1
79985 1
80005 1
80089 1
80209 2
80257 1
80365 1
80425 1
80473 1
80561 1
80621 1
80849 1
80873 1
80977 1
81005 1
81009 1
81185 2
81229 1
81385 1
81549 1
81745 1
81805 1
81889 1
81965 1
82097 2
82105 1
82125 2
82417 1
82505 1
82645 1
82657 1
82729 1
82757 1
82769 1
82937 1
82989 1
83129 1
83221 1
83525 1
83833 1
84013 1
84101 1
84169 1
84185 1
84197 1
84313 1
84397 1
84421 1
84529 1
84713 1
84793 1
84841 1
85469 1
85501 1
85545 1
85625 1
85705 1
85765 1
85913 1
86085 1
86125 1
86173 2
86257 1
86425 1
86437 1
86509 1
86661 1
86813 1
86945 1
87005 1
87121 1
87125 1
87209 1
87217 1
87473 1
87525 1
87601 1
87617 1
87625 1
87629 1
87665 1
87797 1
88273 1
88285 1
88337 1
88345 1
88349 1
88625 1
88721 1
88745 1
88937 2
89297 1
89305 1
89489 1
89605 1
89801 1
89893 1
89977 1
90049 1
90077 1
90305 1
90457 1
90513 1
90625 1
90637 1
90845 2
91225 1
91405 1
92209 2
92241 1
92537 1
92633 1
92657 1
92765 1
92965 1
93149 1
93565 1
93573 1
93593 1
94165 1
94393 1
94685 1
94925 1
95041 1
95149 1
95173 1
95465 1
95581 1
95625 1
95629 1
95705 1
95797 1
95913 1
95989 1
96029 1
96137 1
96253 1
96725 1
96785 1
97817 1
97877 1
98165 1
98209 2
98485 1
98865 1
99401 1
99805 1
99821 1
100381 1
101201 1
101257 1
102401 1
103225 1
103365 1
103597 1
103625 1
105085 2
105481 1
105705 1
105725 1
105997 1
107245 1
107665 1
110113 1
110417 1
110905 1
111285 1
111809 1
112801 1
113893 1
114325 1
116341 1
118961 1
119617 1
120753 1
125029 1
125849 1
127573 1
128885 1
129825 1
134549 1
136625 1
138025 1
138449 1
140165 1
145285 1
146285 1
149117 1
149725 1
152753 1
155417 1
156757 1
157585 1
158985 1
159449 1
160841 1
162045 1
164489 1
168013 1
168577 1
170969 1
181025 1
181597 1
193673 1
200029 1
202633 1
203409 1
205825 1
209177 1
224797 1
225493 1
234349 1
576185 1
581621 1
602101 1
648089 1
669149 1
686113 1
699257 1
729637 1
799657 1
998962 1
1336417 1
1368904 1
