N J h mean_R_sq err_mean_R_sq mean_R_gyr_sq err_mean_R_gyr_sq 
400 0.6 0 1185.04 34.4139 230.09 4.25197
1437 1
1461 1
1469 1
1474 1
1491 1
1500 1
1503 1
1506 1
1510 1
1511 1
1512 1
1515 2
1519 1
1521 1
1522 1
1525 1
1527 1
1528 2
1530 3
1532 1
1533 2
1534 1
1535 1
1538 2
1541 1
1543 1
1544 1
1546 3
1547 1
1548 1
1549 4
1550 3
1553 3
1554 1
1556 2
1558 1
1559 2
1560 3
1561 2
1562 1
1563 5
1564 4
1565 5
1566 2
1567 3
1568 4
1569 2
1570 2
1571 5
1572 3
1573 4
1574 2
1576 4
1577 3
1578 5
1579 2
1580 2
1581 2
1582 4
1583 2
1584 1
1585 5
1586 5
1587 4
1588 7
1589 5
1590 2
1591 8
1592 2
1593 4
1594 6
1595 9
1596 6
1597 8
1598 4
1599 3
1600 7
1601 11
1602 6
1603 13
1604 3
1605 5
1606 5
1607 5
1608 9
1609 8
1610 4
1611 4
1612 8
1613 4
1614 2
1615 4
1616 8
1617 5
1618 5
1620 4
1621 5
1622 9
1623 12
1624 7
1625 10
1626 5
1627 4
1628 8
1629 10
1630 4
1631 3
1632 5
1633 13
1634 8
1635 4
1636 3
1637 6
1638 7
1639 9
1640 3
1641 4
1642 9
1643 5
1644 6
1645 6
1646 4
1647 10
1648 5
1649 6
1650 8
1651 1
1652 5
1653 4
1654 8
1655 3
1656 3
1657 7
1658 7
1659 6
1660 4
1661 3
1662 5
1663 2
1664 3
1665 3
1666 4
1667 7
1668 5
1669 4
1670 4
1671 4
1672 4
1673 4
1674 3
1675 5
1676 7
1677 2
1678 5
1679 3
1680 3
1681 1
1683 2
1684 3
1685 5
1686 4
1687 1
1688 1
1689 3
1690 1
1691 1
1692 1
1693 2
1694 3
1695 2
1697 1
1698 1
1699 2
1703 1
1704 1
1706 1
1713 1
1714 1
1716 1
1718 1
1720 1
1730 1
1731 1
1735 1
1739 1
1742 1
1754 1
1770 1
