N J h mean_R_sq err_mean_R_sq mean_R_gyr_sq err_mean_R_gyr_sq 
300 1.05 0 63.3724 1.04041 605.29 2.33034
197 1
215 1
225 1
229 2
237 1
242 2
244 1
245 3
253 1
256 2
259 2
260 1
261 1
262 2
263 2
264 1
265 2
266 1
270 3
272 1
274 1
275 2
276 1
277 2
278 1
280 2
281 1
282 3
284 1
288 2
289 1
290 1
291 2
292 4
293 2
294 2
295 5
296 1
297 1
298 6
300 3
301 1
302 1
303 3
304 3
305 1
306 3
307 4
308 2
309 2
310 1
312 4
313 4
315 4
316 3
317 1
318 5
319 4
320 6
321 1
322 1
323 3
324 1
325 2
326 3
327 2
328 3
329 2
330 2
331 4
332 1
333 4
334 3
335 4
336 2
338 1
339 3
340 3
341 3
342 3
343 2
344 5
345 2
346 5
347 1
348 4
349 4
350 1
351 4
352 2
353 2
354 1
355 6
356 3
357 7
359 3
361 2
362 5
363 6
364 5
365 3
366 5
367 2
368 6
369 6
370 1
371 2
372 7
373 4
374 1
375 6
376 2
377 2
378 3
379 7
380 2
381 2
382 5
383 1
384 4
385 2
386 8
387 3
388 3
389 3
390 3
391 3
392 4
393 2
394 3
395 1
396 4
397 3
398 1
399 6
400 5
401 3
402 7
403 4
404 2
405 2
406 3
407 3
408 4
409 4
410 4
411 3
412 1
413 5
414 7
415 3
416 2
417 8
418 2
419 5
420 2
421 1
422 2
423 5
424 2
425 2
426 2
427 4
428 3
429 3
430 5
431 8
432 1
433 1
434 5
435 1
436 2
437 4
438 2
439 5
440 1
442 3
443 5
444 3
446 1
447 4
448 2
449 1
450 6
451 2
452 5
453 1
454 1
455 4
456 1
457 4
459 3
460 2
461 3
462 2
463 3
464 1
465 1
466 1
467 2
468 1
469 2
470 2
471 2
472 3
473 5
474 1
475 5
476 3
477 2
478 2
479 3
481 1
482 1
483 5
484 1
485 6
486 3
487 2
488 1
489 1
490 6
491 1
492 3
493 2
494 4
495 6
496 3
497 4
498 1
499 2
500 4
501 1
502 3
503 3
504 6
505 3
506 3
507 4
508 3
509 3
510 1
511 1
512 2
513 5
514 1
516 2
517 1
518 1
519 1
520 5
521 4
522 1
524 1
525 2
526 3
527 2
528 2
530 10
531 1
532 3
533 3
534 2
536 3
538 5
540 1
541 3
542 4
543 2
544 6
545 1
546 2
547 1
548 5
549 2
550 5
551 1
552 1
553 2
554 1
555 1
556 5
557 2
558 2
559 3
560 3
561 1
562 2
563 1
565 2
566 1
567 1
568 5
569 2
570 2
571 3
572 7
573 1
574 3
575 2
576 3
577 3
578 5
579 6
580 4
581 2
582 3
583 4
584 1
585 3
586 1
587 4
588 3
589 3
590 1
591 1
592 3
593 1
594 1
595 1
596 2
597 1
598 2
599 3
600 1
601 5
602 3
603 3
604 4
605 5
606 2
607 2
608 2
610 3
611 3
612 3
614 4
616 2
617 2
618 3
619 2
620 2
621 3
622 7
623 3
624 3
625 1
627 2
628 1
629 2
630 1
632 3
633 1
634 2
635 3
636 3
637 4
638 1
639 1
640 2
641 1
642 2
643 2
644 1
647 1
648 1
649 1
650 2
651 1
652 3
653 6
654 2
655 2
656 2
657 1
658 1
659 2
660 1
661 3
662 3
663 2
664 1
665 3
667 3
668 2
669 2
671 3
672 4
673 1
674 1
675 1
677 2
678 2
679 2
680 2
682 4
683 1
684 3
685 3
686 1
688 4
689 5
692 3
693 1
694 2
696 1
697 2
698 5
699 2
700 4
701 1
703 3
705 1
706 2
707 1
710 2
712 3
713 1
714 1
715 4
716 2
717 2
719 2
720 1
721 2
722 2
723 2
725 2
726 1
727 3
728 1
729 3
730 2
731 1
732 2
733 3
734 3
735 4
736 3
738 1
739 3
740 1
741 1
742 4
743 1
744 3
745 1
747 1
748 1
749 2
750 1
751 2
752 2
753 1
754 1
755 2
756 3
757 3
758 1
759 4
760 2
761 5
762 1
764 1
765 1
766 2
767 4
768 1
769 6
770 2
771 1
772 3
773 2
774 2
776 1
777 1
778 1
779 2
781 2
782 1
784 1
785 2
786 2
787 1
788 4
789 3
791 4
792 1
793 3
794 1
795 2
796 3
797 1
798 1
801 2
802 3
803 1
804 3
808 1
809 3
811 1
812 1
813 2
815 1
816 1
818 4
819 2
820 1
821 1
822 1
823 2
824 1
826 3
828 4
829 1
830 2
832 2
833 1
834 2
836 2
837 3
838 2
839 1
840 2
841 1
842 2
843 1
844 1
845 1
846 2
848 1
849 4
850 2
851 2
853 2
854 1
855 4
857 3
858 1
859 5
860 3
861 4
862 2
864 1
865 2
866 2
867 1
869 1
870 1
871 2
872 1
873 1
875 4
876 2
877 1
878 2
879 2
880 1
881 3
883 2
884 2
885 4
886 1
887 1
888 1
889 1
890 1
891 4
893 1
894 2
895 1
896 2
897 3
898 1
899 3
900 1
901 4
902 2
903 1
904 3
906 3
907 2
909 1
910 1
911 1
913 1
916 1
917 3
918 2
920 1
922 1
923 1
924 1
925 1
928 1
929 1
930 2
933 2
934 1
935 1
936 2
937 2
938 1
939 1
940 1
941 1
942 1
944 1
945 1
946 1
947 2
948 1
949 2
950 2
951 2
952 1
954 2
955 1
957 1
958 3
959 2
960 2
961 4
962 1
963 2
964 2
965 3
966 2
967 3
968 5
969 1
970 2
971 1
972 3
974 1
975 3
976 2
977 2
978 2
979 1
980 1
981 2
982 4
984 1
985 4
986 1
987 1
988 2
989 5
990 1
991 1
992 3
993 3
994 2
996 1
997 4
998 3
999 2
1000 2
1001 4
1002 1
1003 1
1004 1
1005 3
1006 1
1007 3
1008 1
1009 1
1010 4
1011 2
1012 1
1014 1
1015 2
1016 2
1017 1
1018 3
1019 1
1021 4
1022 1
1023 2
1024 3
1025 1
1027 2
1028 1
1029 1
1030 4
1031 4
1035 4
1036 1
1039 2
1040 2
1041 1
1042 2
1043 1
1044 1
1045 3
1046 3
1049 1
1050 1
1051 4
1052 3
1053 2
1055 1
1056 3
1057 2
1061 1
1062 1
1063 2
1064 1
1065 2
1066 1
1067 1
1068 1
1069 4
1070 2
1071 1
1074 3
1075 1
1078 2
1079 1
1081 1
1082 3
1083 1
1084 3
1085 3
1086 3
1087 1
1088 2
1089 4
1090 1
1091 1
1092 3
1093 2
1094 1
1095 1
1096 1
1097 1
1099 3
1100 1
1103 2
1104 2
1106 1
1107 1
1108 3
1109 1
1110 1
1111 3
1112 1
1113 3
1115 1
1116 1
1117 5
1118 2
1119 2
1120 2
1121 2
1123 2
1125 1
1126 3
1127 1
1128 1
1129 2
1130 4
1131 1
1132 1
1134 2
1135 1
1136 1
1137 1
1139 1
1141 1
1142 2
1144 2
1145 1
1146 2
1147 1
1148 2
1150 1
1151 3
1152 2
1153 1
1155 2
1156 1
1157 1
1158 1
1159 1
1160 2
1161 1
1162 1
1164 2
1165 1
1166 1
1167 1
1168 1
1169 3
1170 1
1171 3
1172 1
1175 4
1176 3
1177 1
1179 4
1180 5
1181 1
1182 4
1183 2
1184 4
1185 2
1186 1
1187 3
1188 5
1189 1
1190 2
1191 1
1192 2
1194 1
1195 1
1196 4
1197 2
1199 3
1200 1
1201 2
1202 1
1203 5
1204 2
1205 4
1207 1
1208 2
1209 1
1210 1
1211 2
1212 1
1214 2
1215 2
1216 3
1217 2
1218 2
1219 1
1220 2
1221 3
1222 1
1223 3
1224 3
1225 2
1228 1
1229 1
1230 2
1231 2
1232 2
1233 1
1234 2
1235 2
1236 1
1237 1
1238 2
1239 3
1240 3
1241 3
1242 1
1243 4
1245 2
1247 3
1248 1
1249 1
1251 1
1252 4
1253 2
1254 1
1255 2
1257 3
1258 1
1259 1
1260 1
1261 1
1262 1
1263 4
1264 1
1266 2
1267 1
1270 1
1271 2
1272 2
1273 2
1275 2
1276 4
1277 3
1280 2
1281 1
1282 3
1283 5
1284 3
1285 1
1286 2
1287 2
1288 1
1289 2
1290 1
1291 4
1293 1
1294 4
1295 4
1296 1
1297 2
1298 3
1299 4
1300 3
1302 1
1304 1
1305 2
1306 4
1308 5
1309 3
1310 2
1311 2
1312 3
1313 2
1314 2
1315 1
1316 3
1317 4
1318 3
1319 2
1320 3
1321 3
1322 2
1324 4
1325 2
1326 5
1327 6
1328 1
1329 1
1330 1
1331 2
1332 3
1333 5
1336 2
1337 3
1338 2
1339 2
1340 2
1341 2
1342 1
1343 1
1344 1
1345 1
1346 3
1347 3
1348 2
1349 4
1351 2
1352 3
1353 2
1354 1
1355 1
1356 2
1357 1
1358 1
1359 4
1360 4
1361 2
1363 2
1364 1
1365 3
1366 1
1367 2
1368 2
1369 2
1370 3
1371 1
1372 1
1373 1
1375 2
1376 4
1378 1
1379 3
1380 4
1382 2
1384 3
1385 2
1386 2
1388 2
1389 1
1391 1
1392 2
1393 2
1394 2
1395 2
1396 1
1398 3
1399 2
1400 2
1402 4
1403 3
1404 2
1406 4
1407 3
1408 5
1409 3
1410 1
1411 1
1412 5
1413 2
1414 4
1415 2
1416 1
1417 5
1418 1
1419 3
1420 2
1421 8
1422 4
1423 2
1424 1
1425 6
1426 3
1428 2
1429 2
1430 4
1431 2
1432 2
1433 3
1434 2
1437 5
1438 4
1439 1
1440 1
1441 2
1442 3
1443 2
1444 2
1445 1
1446 7
1448 1
1450 2
1451 2
1452 2
1453 1
1454 2
1455 2
1456 5
1457 1
1458 3
1459 2
1460 4
1461 3
1462 2
1463 4
1464 5
1465 4
1466 2
1468 3
1470 2
1471 2
1472 3
1473 1
1474 1
1475 1
1476 3
1477 2
1478 5
1479 2
1480 5
1481 1
1482 7
1484 4
1485 5
1486 3
1487 3
1488 2
1489 6
1490 3
1491 2
1493 3
1494 4
1495 3
1496 5
1497 1
1498 3
1499 4
1500 3
1501 3
1502 5
1503 6
1504 4
1505 3
1506 3
1507 2
1508 2
1509 3
1510 4
1511 3
1512 3
1513 3
1514 5
1515 4
1516 4
1518 3
1519 3
1521 5
1522 4
1523 5
1524 4
1525 4
1526 2
1527 2
1528 1
1530 4
1531 2
1532 5
1533 1
1534 4
1535 4
1536 1
1537 2
1538 6
1540 1
1541 2
1542 7
1543 4
1544 2
1545 2
1546 5
1547 3
1548 6
1549 1
1550 3
1551 5
1552 4
1553 6
1554 3
1555 2
1556 4
1557 2
1558 1
1559 2
1560 2
1561 3
1562 2
1563 3
1564 6
1565 2
1566 3
1567 5
1568 3
1569 8
1570 7
1571 1
1572 1
1573 3
1574 4
1575 5
1576 4
1577 2
1578 2
1579 1
1580 2
1581 3
1582 6
1583 3
1584 5
1585 8
1586 4
1587 1
1588 5
1589 3
1590 5
1591 3
1592 4
1593 1
1594 5
1595 4
1596 2
1597 6
1598 4
1599 1
1600 6
1601 4
1602 3
1603 3
1604 2
1605 5
1606 3
1607 2
1608 3
1609 1
1610 2
1611 10
1612 4
1613 2
1614 5
1615 2
1616 2
1617 9
1618 3
1619 5
1620 2
1621 1
1622 7
1623 2
1624 2
1625 2
1626 2
1627 4
1628 4
1629 5
1630 8
1631 2
1632 5
1633 5
1634 3
1635 3
1636 2
1638 6
1639 8
1640 3
1641 2
1642 3
1643 6
1644 5
1645 2
1646 4
1647 5
1648 6
1649 3
1650 6
1651 1
1652 1
1653 3
1654 4
1655 4
1656 2
1657 3
1658 2
1659 2
1660 5
1661 3
1662 3
1663 4
1664 2
1665 3
1667 1
1668 2
1669 3
1670 3
1672 3
1673 2
1674 5
1675 3
1676 1
1677 3
1678 2
1679 3
1680 3
1681 2
1682 2
1683 4
1684 3
1685 3
1686 1
1688 2
1689 1
1691 2
1692 2
1693 1
1694 3
1695 2
1696 1
1697 2
1700 2
1701 4
1703 1
1704 1
1705 1
1706 1
1707 1
1708 2
1709 3
1710 1
1711 2
1712 1
1713 1
1714 2
1715 3
1716 1
1718 2
1719 2
1721 1
1722 2
1724 2
1727 1
1728 1
1729 1
1730 2
1732 1
1733 2
1737 1
1739 1
1740 1
1741 1
1742 1
1743 1
1745 1
1749 3
1752 1
1754 1
1763 1
1764 2
1776 1
1785 1
