N J h mean_R_sq err_mean_R_sq mean_R_gyr_sq err_mean_R_gyr_sq 
300 1.35 0 39.8681 1.61414 771.349 6.02569
1385 1
1393 1
1405 1
1439 1
1440 1
1451 1
1453 1
1460 1
1465 1
1473 1
1480 1
1493 1
1500 1
1501 1
1507 1
1510 1
1513 1
1514 1
1516 2
1519 1
1521 1
1524 1
1525 1
1527 3
1530 1
1531 2
1532 1
1533 1
1535 2
1537 2
1538 1
1539 1
1540 1
1541 1
1543 3
1544 1
1546 2
1549 1
1551 1
1556 2
1557 1
1558 1
1559 1
1561 2
1563 6
1569 2
1570 2
1571 1
1572 2
1573 2
1574 2
1575 2
1576 1
1578 2
1579 2
1580 2
1581 1
1583 3
1584 2
1586 3
1587 2
1588 1
1589 2
1590 1
1591 1
1594 3
1595 2
1596 5
1597 4
1598 1
1599 2
1600 2
1602 2
1603 5
1605 3
1606 3
1607 1
1608 5
1609 3
1610 5
1611 3
1612 2
1613 3
1614 1
1615 2
1616 3
1617 1
1618 9
1619 3
1620 4
1621 2
1622 3
1623 6
1624 5
1625 4
1626 7
1627 3
1628 1
1629 3
1630 4
1631 3
1632 3
1633 2
1634 4
1635 1
1636 2
1637 3
1638 5
1639 3
1640 5
1641 4
1642 2
1643 1
1644 6
1645 7
1646 3
1647 3
1648 3
1649 4
1650 4
1651 2
1652 4
1653 5
1654 3
1655 5
1656 2
1657 3
1658 3
1659 3
1660 4
1661 2
1662 2
1663 2
1664 5
1665 3
1666 3
1667 4
1668 4
1669 2
1670 6
1671 4
1672 9
1673 7
1674 8
1675 3
1676 6
1677 6
1678 3
1679 3
1680 5
1681 1
1682 3
1684 4
1685 6
1686 5
1687 3
1688 4
1689 5
1690 2
1691 2
1692 5
1693 2
1694 9
1695 3
1696 7
1697 2
1698 2
1699 4
1700 5
1701 2
1702 2
1703 3
1704 2
1705 3
1706 5
1707 6
1708 3
1709 2
1710 6
1711 4
1712 2
1713 4
1714 1
1715 5
1716 4
1717 3
1719 3
1720 3
1721 2
1722 6
1723 2
1724 3
1725 1
1726 1
1728 4
1729 1
1730 1
1731 4
1732 4
1735 2
1736 4
1737 2
1738 4
1739 2
1740 1
1741 3
1743 1
1744 2
1745 1
1750 1
1753 2
1754 1
1755 1
1758 1
1761 1
1772 1
1776 1
1777 1
