N J h mean_R_sq err_mean_R_sq mean_R_gyr_sq err_mean_R_gyr_sq 
200 0.45 0 559.161 15.2048 81.555 1.34648
738 1
764 1
779 1
807 1
810 1
817 1
821 1
824 1
832 1
840 2
843 1
845 1
848 1
851 1
852 1
853 1
856 1
860 1
862 1
863 1
867 1
868 1
870 1
873 4
874 1
875 1
877 1
878 2
883 2
884 3
888 3
889 1
890 1
891 2
895 1
896 2
897 2
898 1
899 3
900 3
901 1
902 3
903 1
904 3
907 1
908 4
909 4
910 2
911 3
912 2
913 6
914 1
916 2
917 2
918 4
919 5
920 3
921 3
922 2
923 1
924 1
925 1
926 1
927 2
928 4
929 4
930 1
931 4
932 2
933 5
934 1
935 3
936 3
937 2
938 1
939 2
940 4
941 6
942 1
943 3
944 2
945 2
946 5
947 3
948 4
949 1
950 1
951 2
952 3
953 2
954 4
955 6
956 4
957 1
958 5
959 2
960 3
961 4
962 5
963 2
964 3
965 4
966 2
967 1
968 2
969 4
970 2
971 6
972 7
973 2
974 4
975 6
976 5
977 8
978 3
979 6
980 5
981 7
982 6
983 5
984 11
985 3
986 1
987 8
988 11
989 6
990 7
991 5
992 1
993 5
994 6
995 3
996 5
997 6
998 8
999 8
1000 6
1001 4
1002 10
1003 4
1004 5
1005 3
1006 5
1007 4
1008 6
1009 3
1010 3
1011 7
1012 4
1013 2
1014 5
1015 8
1016 2
1017 3
1018 5
1019 4
1020 9
1021 2
1022 2
1023 3
1024 4
1025 3
1026 1
1027 8
1028 6
1029 1
1030 6
1031 7
1032 7
1033 8
1034 8
1035 8
1036 2
1037 5
1038 2
1039 1
1040 2
1041 5
1042 3
1043 5
1044 6
1045 3
1046 2
1047 1
1048 1
1049 2
1050 5
1051 4
1052 5
1053 1
1054 2
1055 4
1056 4
1057 5
1058 1
1059 5
1060 1
1061 5
1062 2
1063 2
1064 1
1065 3
1066 5
1067 1
1068 6
1069 4
1070 4
1071 1
1072 2
1073 2
1074 4
1075 3
1077 1
1079 8
1080 4
1081 3
1082 3
1084 4
1085 3
1086 3
1087 1
1088 3
1090 5
1091 1
1092 2
1093 1
1094 3
1095 3
1097 4
1098 1
1100 1
1101 5
1104 5
1106 1
1108 1
1110 1
1112 1
1113 1
1115 1
1116 1
1118 3
1119 2
1121 2
1123 1
1124 1
1126 1
1127 1
1128 1
1129 1
1130 1
1132 1
1133 1
1134 1
1135 1
1136 1
1139 1
1141 1
1142 1
1147 1
1158 1
1187 1
1207 1
