N J h mean_R_sq err_mean_R_sq mean_R_gyr_sq err_mean_R_gyr_sq 
200 0 0 601.408 4.28983 80.5273 0.382454
1747 1
1768 1
1791 1
1794 1
1807 1
1812 2
1815 1
1816 2
1817 1
1819 1
1820 1
1821 1
1822 1
1823 1
1826 1
1827 1
1829 2
1830 1
1831 1
1832 1
1834 3
1835 1
1836 1
1837 2
1838 1
1839 1
1840 1
1842 3
1844 5
1845 3
1846 2
1847 3
1848 1
1849 4
1850 2
1851 9
1852 2
1853 1
1854 3
1855 2
1856 2
1857 2
1858 1
1859 3
1860 3
1861 5
1862 4
1863 3
1864 4
1865 2
1866 2
1867 6
1868 6
1869 8
1870 7
1871 3
1872 8
1873 7
1874 8
1875 6
1876 7
1877 8
1878 5
1879 14
1880 9
1881 12
1882 10
1883 14
1884 10
1885 5
1886 15
1887 10
1888 2
1889 17
1890 17
1891 16
1892 14
1893 8
1894 11
1895 16
1896 19
1897 8
1898 18
1899 10
1900 17
1901 18
1902 17
1903 18
1904 17
1905 27
1906 24
1907 21
1908 13
1909 17
1910 27
1911 20
1912 25
1913 27
1914 29
1915 18
1916 18
1917 26
1918 22
1919 33
1920 37
1921 26
1922 24
1923 29
1924 38
1925 26
1926 32
1927 33
1928 30
1929 47
1930 29
1931 46
1932 45
1933 37
1934 41
1935 33
1936 31
1937 37
1938 33
1939 35
1940 41
1941 39
1942 43
1943 41
1944 42
1945 29
1946 45
1947 38
1948 50
1949 36
1950 47
1951 51
1952 51
1953 51
1954 54
1955 51
1956 50
1957 54
1958 53
1959 47
1960 57
1961 53
1962 55
1963 50
1964 60
1965 55
1966 60
1967 61
1968 49
1969 61
1970 65
1971 61
1972 58
1973 49
1974 66
1975 54
1976 70
1977 55
1978 72
1979 60
1980 64
1981 62
1982 62
1983 55
1984 52
1985 69
1986 46
1987 71
1988 67
1989 50
1990 61
1991 56
1992 72
1993 66
1994 58
1995 74
1996 59
1997 82
1998 57
1999 66
2000 61
2001 59
2002 68
2003 72
2004 90
2005 68
2006 63
2007 65
2008 67
2009 77
2010 82
2011 51
2012 67
2013 83
2014 52
2015 55
2016 59
2017 58
2018 52
2019 68
2020 71
2021 59
2022 60
2023 62
2024 58
2025 60
2026 56
2027 64
2028 51
2029 61
2030 50
2031 68
2032 65
2033 51
2034 63
2035 55
2036 39
2037 43
2038 41
2039 51
2040 63
2041 49
2042 59
2043 52
2044 41
2045 46
2046 50
2047 49
2048 49
2049 44
2050 47
2051 47
2052 41
2053 38
2054 53
2055 45
2056 34
2057 57
2058 40
2059 43
2060 49
2061 33
2062 34
2063 33
2064 42
2065 25
2066 32
2067 34
2068 36
2069 41
2070 32
2071 31
2072 30
2073 26
2074 38
2075 21
2076 15
2077 30
2078 29
2079 45
2080 27
2081 22
2082 32
2083 16
2084 23
2085 18
2086 27
2087 24
2088 17
2089 26
2090 19
2091 22
2092 26
2093 21
2094 19
2095 15
2096 21
2097 14
2098 18
2099 13
2100 14
2101 20
2102 16
2103 13
2104 10
2105 11
2106 12
2107 12
2108 11
2109 6
2110 9
2111 13
2112 10
2113 6
2114 8
2115 5
2116 15
2117 3
2118 11
2119 10
2120 8
2121 6
2122 8
2123 7
2124 11
2125 9
2126 4
2127 6
2128 4
2129 4
2130 4
2131 4
2132 10
2133 3
2134 4
2135 4
2136 2
2137 5
2138 1
2139 8
2140 5
2141 4
2142 3
2143 8
2144 4
2145 3
2146 4
2147 2
2148 1
2150 7
2151 3
2152 6
2153 4
2154 2
2155 1
2156 2
2157 4
2158 3
2159 1
2160 2
2161 3
2162 2
2163 2
2164 3
2165 2
2166 2
2167 1
2168 1
2170 3
2171 1
2172 3
2175 1
2177 1
2180 2
2181 2
2183 1
2184 1
2185 1
2186 1
2192 1
2193 1
2197 1
2199 1
2201 1
2202 1
2214 1
2219 1
