N J h mean_R_sq err_mean_R_sq mean_R_gyr_sq err_mean_R_gyr_sq 
300 0.3 0 955.651 13.7799 140.978 1.29111
1672 1
1678 1
1685 1
1689 2
1691 2
1692 2
1693 1
1695 3
1696 1
1698 2
1700 1
1703 4
1704 1
1705 1
1708 2
1709 1
1710 2
1712 1
1714 1
1715 4
1717 1
1718 1
1719 3
1720 1
1721 4
1723 3
1724 3
1725 1
1726 7
1727 3
1728 2
1729 8
1730 3
1731 9
1732 3
1733 2
1734 4
1735 5
1736 1
1737 4
1738 6
1739 4
1740 3
1741 5
1742 10
1743 7
1744 5
1745 7
1746 12
1747 4
1748 16
1749 5
1750 9
1751 7
1752 5
1753 7
1754 11
1755 3
1756 7
1757 12
1758 6
1759 9
1760 6
1761 12
1762 6
1763 11
1764 14
1765 10
1766 13
1767 9
1768 8
1769 11
1770 11
1771 12
1772 5
1773 13
1774 15
1775 17
1776 4
1777 10
1778 12
1779 9
1780 13
1781 16
1782 20
1783 19
1784 20
1785 18
1786 19
1787 19
1788 18
1789 18
1790 17
1791 9
1792 16
1793 17
1794 17
1795 18
1796 24
1797 22
1798 11
1799 19
1800 17
1801 13
1802 16
1803 15
1804 24
1805 21
1806 25
1807 19
1808 22
1809 12
1810 14
1811 24
1812 19
1813 16
1814 16
1815 20
1816 16
1817 16
1818 17
1819 21
1820 24
1821 20
1822 19
1823 18
1824 19
1825 23
1826 16
1827 20
1828 29
1829 24
1830 16
1831 12
1832 16
1833 16
1834 24
1835 28
1836 24
1837 22
1838 20
1839 19
1840 19
1841 18
1842 10
1843 20
1844 14
1845 20
1846 23
1847 19
1848 15
1849 21
1850 11
1851 10
1852 16
1853 11
1854 12
1855 10
1856 19
1857 19
1858 16
1859 18
1860 14
1861 22
1862 14
1863 13
1864 15
1865 17
1866 7
1867 6
1868 7
1869 9
1870 5
1871 9
1872 11
1873 6
1874 6
1875 9
1876 9
1877 10
1878 10
1879 13
1880 11
1881 17
1882 4
1883 16
1884 5
1885 3
1886 9
1887 7
1888 9
1889 10
1890 7
1891 5
1892 5
1893 7
1894 9
1895 8
1896 7
1897 7
1898 9
1899 6
1900 6
1901 4
1902 3
1903 4
1904 8
1905 4
1906 2
1907 1
1908 4
1909 5
1910 3
1911 2
1912 2
1913 2
1914 3
1915 2
1916 1
1917 4
1918 2
1919 1
1920 1
1921 4
1922 4
1924 5
1925 1
1926 2
1928 3
1929 2
1930 1
1931 1
1932 1
1933 2
1934 2
1935 3
1936 1
1937 1
1938 1
1939 1
1940 2
1941 2
1944 2
1946 1
1950 1
1952 1
1956 1
1959 1
1960 1
1963 1
1968 1
