N J h mean_R_sq err_mean_R_sq mean_R_gyr_sq err_mean_R_gyr_sq 
400 1.05 0 66.8672 1.19342 1138.76 5.40805
156 1
169 1
191 1
202 1
211 1
218 2
223 1
224 2
225 1
226 1
227 2
229 1
230 1
231 2
232 1
233 1
235 1
239 3
241 2
245 1
246 1
249 2
250 2
251 2
252 1
253 3
255 2
256 1
257 2
258 2
259 2
262 1
263 1
264 3
265 2
266 3
267 2
268 1
269 2
270 1
271 3
272 2
273 5
274 1
275 3
276 2
277 5
278 3
279 6
280 1
281 9
282 3
283 4
284 2
285 4
286 2
287 5
288 4
289 7
290 4
291 4
293 3
294 2
295 2
296 3
297 6
298 5
299 7
300 12
301 5
302 4
303 6
304 3
305 5
306 6
307 4
308 5
309 4
310 4
311 5
312 5
313 3
314 5
315 8
316 7
317 8
318 1
320 5
321 7
322 1
323 4
324 4
325 7
326 6
327 4
328 6
329 9
330 10
331 11
332 5
333 11
334 6
335 5
336 3
337 6
338 9
339 5
340 10
341 8
342 9
343 6
344 11
345 10
346 5
347 6
348 10
349 10
350 10
351 9
352 9
353 8
354 11
355 10
356 3
357 6
358 11
359 7
360 9
361 9
362 11
363 14
364 9
365 18
366 9
367 8
368 9
369 14
370 14
371 10
372 6
373 10
374 11
375 17
376 12
377 6
378 16
379 13
380 15
381 19
382 16
383 5
384 13
385 10
386 11
387 17
388 15
389 11
390 15
391 6
392 8
393 16
394 14
395 14
396 10
397 18
398 10
399 7
400 16
401 14
402 15
403 15
404 18
405 11
406 13
407 8
408 16
409 8
410 8
411 18
412 13
413 11
414 13
415 14
416 10
417 14
418 17
419 15
420 8
421 11
422 6
423 6
424 9
425 13
426 11
427 16
428 12
429 10
430 8
431 9
432 12
433 6
434 13
435 12
436 10
437 14
438 10
439 9
440 14
441 17
442 10
443 7
444 10
445 9
446 14
447 13
448 13
449 13
450 9
451 13
452 10
453 5
454 15
455 12
456 14
457 4
458 6
459 4
460 6
461 12
462 13
463 12
464 10
465 6
466 5
467 5
468 10
469 9
470 10
471 9
472 6
473 10
474 9
475 13
476 9
477 8
478 6
479 5
480 10
481 5
482 7
483 7
484 10
485 9
486 8
487 7
488 8
489 8
490 11
491 14
492 7
493 5
494 7
495 6
496 9
497 8
498 9
499 10
500 7
501 10
502 4
503 4
504 4
505 2
506 5
507 7
508 5
509 4
510 3
511 7
512 8
513 4
514 4
515 4
516 5
517 4
518 3
519 5
520 7
521 4
522 1
523 6
524 4
525 7
526 7
527 1
528 5
529 4
530 8
531 5
532 6
533 1
534 4
535 3
536 2
537 7
538 4
539 6
540 3
541 2
542 2
543 2
544 2
545 1
546 6
547 5
548 1
549 3
550 1
551 1
552 2
553 4
554 3
555 3
556 6
557 3
558 2
559 2
560 1
561 2
562 3
563 6
564 5
565 2
566 1
568 4
569 1
570 1
571 1
572 1
573 7
576 3
577 2
578 1
579 1
580 2
582 1
583 2
584 1
585 2
587 1
588 2
590 2
592 1
593 2
595 1
596 1
599 1
600 3
601 3
603 1
604 2
605 1
607 1
608 3
609 1
612 1
615 1
617 1
627 1
630 2
636 1
638 1
644 1
650 1
651 1
657 1
670 1
686 1
688 1
696 1
717 1
733 1
