N J h mean_R_sq err_mean_R_sq mean_R_gyr_sq err_mean_R_gyr_sq 
300 1.05 0 66.0833 4.53483 610.366 8.15713
289 1
300 1
323 1
335 1
339 1
343 1
345 1
353 1
357 1
360 1
363 1
365 1
367 2
368 1
371 1
373 1
385 1
388 2
389 1
390 1
392 2
393 1
395 2
396 1
398 1
402 1
403 1
404 1
407 1
410 2
411 2
413 2
417 1
419 1
420 1
423 1
424 2
425 2
426 1
429 2
430 1
432 2
438 1
439 1
441 1
442 2
443 1
447 1
449 1
451 1
455 1
456 1
458 1
464 1
465 2
467 2
468 1
469 3
470 2
471 2
473 3
476 1
477 5
480 1
481 1
482 2
484 2
485 3
486 1
492 1
495 2
496 3
497 1
500 3
501 1
502 2
504 1
506 2
508 3
509 1
512 1
513 1
516 2
518 1
519 3
520 1
521 1
523 1
525 1
528 2
530 2
535 2
539 2
540 1
542 2
543 1
545 1
547 1
551 1
552 1
553 2
555 1
559 1
561 1
565 1
572 4
573 1
579 1
580 1
582 1
584 2
585 1
587 1
588 1
590 1
592 1
594 1
596 1
606 1
608 1
611 2
613 1
619 1
623 1
631 1
635 2
639 1
642 3
654 2
657 1
661 1
662 1
663 1
666 1
676 1
687 1
695 1
708 1
751 1
759 1
762 1
788 1
808 1
887 1
