N J h mean_R_sq err_mean_R_sq mean_R_gyr_sq err_mean_R_gyr_sq 
300 0.45 0 923.813 27.0496 144.262 2.8545
1562 1
1564 1
1565 1
1567 1
1581 1
1587 1
1598 1
1600 1
1603 1
1605 1
1610 1
1611 1
1619 2
1620 1
1621 3
1624 1
1625 2
1626 1
1627 1
1630 1
1631 1
1632 3
1633 1
1635 1
1636 4
1639 1
1640 2
1641 1
1642 2
1643 2
1644 2
1645 2
1646 3
1648 4
1650 2
1651 1
1652 3
1653 3
1654 5
1655 2
1656 2
1657 1
1658 3
1659 1
1660 3
1661 1
1662 3
1663 2
1664 1
1665 3
1666 3
1667 5
1668 1
1669 2
1670 5
1671 2
1672 4
1673 4
1674 4
1675 2
1676 1
1677 4
1678 3
1679 3
1680 5
1681 8
1682 5
1683 5
1684 4
1685 4
1686 6
1687 5
1688 4
1689 7
1690 10
1691 3
1692 2
1693 5
1694 2
1695 7
1696 5
1697 5
1698 2
1699 3
1700 5
1701 3
1702 5
1703 4
1704 5
1705 5
1706 5
1707 4
1708 8
1709 4
1710 5
1711 8
1712 4
1713 4
1714 4
1715 4
1716 4
1717 3
1718 6
1719 7
1720 6
1721 5
1722 5
1723 6
1724 7
1725 7
1726 9
1727 7
1728 3
1729 7
1730 8
1731 5
1732 6
1733 6
1734 6
1735 3
1736 4
1737 1
1738 7
1739 5
1740 7
1741 5
1742 5
1743 6
1744 2
1745 6
1746 7
1747 6
1748 4
1749 4
1750 4
1751 3
1752 2
1753 4
1754 5
1755 5
1756 2
1757 6
1758 3
1759 1
1760 2
1761 5
1762 6
1763 3
1764 2
1765 4
1766 4
1767 2
1768 7
1769 5
1770 1
1771 1
1772 4
1773 2
1774 4
1775 3
1776 5
1777 5
1778 1
1779 2
1780 1
1781 6
1782 4
1783 3
1784 4
1785 3
1786 1
1787 1
1788 3
1789 4
1790 2
1792 2
1793 2
1794 3
1795 2
1797 1
1799 2
1800 3
1801 5
1802 3
1803 2
1804 2
1805 2
1806 2
1807 1
1808 2
1809 2
1810 2
1811 1
1812 1
1814 2
1816 1
1817 2
1818 1
1820 1
1821 2
1822 1
1824 1
1825 2
1826 3
1828 1
1830 2
1831 1
1833 1
1842 1
1844 1
1846 2
1849 1
1853 1
1856 2
1861 1
1868 1
1871 1
1903 1
