N J h mean_R_sq err_mean_R_sq mean_R_gyr_sq err_mean_R_gyr_sq 
50 1.35 0 21.8125 0.199462 17.0561 0.0725902
1000 2
1003 1
1007 1
1008 2
1010 2
1011 1
1012 1
1013 3
1014 1
1018 1
1020 1
1021 1
1022 1
1023 1
1024 2
1025 2
1027 3
1029 2
1030 2
1031 2
1032 1
1033 1
1034 1
1036 1
1037 2
1038 4
1039 1
1040 2
1041 1
1042 2
1043 1
1044 1
1046 1
1047 1
1049 4
1050 1
1051 1
1052 1
1053 1
1054 2
1055 1
1056 3
1057 3
1058 1
1059 1
1060 1
1061 2
1062 1
1063 2
1064 1
1065 1
1067 2
1068 3
1069 2
1070 2
1071 1
1072 2
1073 2
1075 2
1076 4
1077 2
1078 3
1080 3
1081 1
1082 2
1083 1
1084 2
1085 1
1086 1
1087 3
1088 2
1089 2
1090 2
1091 2
1092 1
1093 2
1094 4
1096 1
1098 2
1100 2
1101 3
1102 1
1103 1
1104 3
1106 2
1107 2
1108 3
1110 3
1111 2
1112 3
1113 3
1114 2
1115 1
1116 2
1117 2
1118 2
1119 1
1120 1
1121 4
1122 1
1123 3
1124 1
1125 2
1126 1
1127 5
1128 4
1129 2
1130 3
1131 6
1132 5
1133 5
1134 3
1136 4
1137 2
1138 1
1139 1
1140 2
1142 2
1143 3
1144 1
1145 3
1146 2
1147 3
1148 7
1149 5
1150 4
1151 3
1152 3
1153 7
1154 1
1155 1
1156 3
1157 7
1158 3
1159 1
1161 2
1162 4
1163 2
1164 4
1165 4
1166 3
1167 1
1168 3
1169 4
1171 3
1172 3
1173 4
1174 2
1175 6
1176 2
1178 3
1179 1
1180 3
1181 4
1182 4
1183 1
1184 1
1185 4
1186 2
1187 1
1188 2
1189 2
1190 2
1191 3
1192 7
1193 6
1194 2
1195 4
1196 1
1197 6
1198 4
1199 3
1200 5
1201 2
1202 3
1203 6
1204 2
1205 2
1206 4
1207 7
1208 3
1209 3
1210 3
1211 2
1212 5
1213 3
1214 5
1215 6
1216 1
1217 5
1218 4
1219 1
1220 9
1221 2
1222 7
1223 2
1224 4
1225 5
1226 4
1227 5
1228 2
1229 1
1230 4
1231 7
1232 6
1233 6
1234 5
1235 5
1236 7
1237 4
1238 5
1239 8
1240 8
1241 3
1242 2
1243 4
1244 9
1245 5
1246 4
1247 6
1248 5
1249 5
1250 5
1251 1
1252 5
1253 5
1254 4
1255 5
1256 3
1257 3
1258 3
1259 9
1260 4
1261 8
1262 6
1263 8
1264 3
1265 3
1266 7
1267 10
1268 6
1269 4
1270 3
1271 5
1272 8
1273 9
1274 8
1275 7
1276 6
1277 7
1278 8
1279 5
1280 4
1281 8
1282 4
1283 7
1284 6
1285 8
1286 11
1287 8
1288 12
1289 4
1290 8
1291 6
1292 4
1293 3
1294 6
1295 3
1296 4
1297 6
1298 4
1299 6
1300 8
1301 3
1302 9
1303 4
1304 12
1305 7
1306 7
1307 6
1308 7
1309 9
1310 7
1311 6
1312 9
1313 9
1314 10
1315 4
1316 8
1317 13
1318 6
1319 16
1320 4
1321 9
1322 12
1323 9
1324 8
1325 11
1326 11
1327 9
1328 14
1329 12
1330 7
1331 9
1332 5
1333 12
1334 4
1335 8
1336 14
1337 6
1338 6
1339 9
1340 11
1341 7
1342 7
1343 7
1344 7
1345 13
1346 6
1347 7
1348 8
1349 13
1350 8
1351 12
1352 13
1353 5
1354 10
1355 11
1356 12
1357 9
1358 15
1359 14
1360 6
1361 8
1362 9
1363 8
1364 9
1365 10
1366 8
1367 10
1368 9
1369 14
1370 12
1371 14
1372 12
1373 17
1374 15
1375 11
1376 11
1377 11
1378 16
1379 6
1380 12
1381 9
1382 16
1383 10
1384 11
1385 15
1386 10
1387 12
1388 10
1389 10
1390 9
1391 12
1392 8
1393 9
1394 9
1395 8
1396 11
1397 9
1398 14
1399 8
1400 18
1401 8
1402 17
1403 13
1404 9
1405 15
1406 15
1407 12
1408 17
1409 15
1410 14
1411 9
1412 8
1413 16
1414 11
1415 23
1416 16
1417 12
1418 8
1419 13
1420 10
1421 15
1422 11
1423 15
1424 7
1425 10
1426 7
1427 10
1428 14
1429 8
1430 11
1431 12
1432 13
1433 9
1434 20
1435 9
1436 15
1437 11
1438 17
1439 13
1440 11
1441 13
1442 17
1443 17
1444 17
1445 15
1446 17
1447 14
1448 15
1449 17
1450 9
1451 13
1452 13
1453 11
1454 12
1455 16
1456 9
1457 16
1458 18
1459 10
1460 12
1461 14
1462 10
1463 19
1464 18
1465 15
1466 16
1467 21
1468 12
1469 16
1470 14
1471 17
1472 30
1473 14
1474 19
1475 17
1476 16
1477 16
1478 13
1479 17
1480 24
1481 24
1482 17
1483 22
1484 18
1485 25
1486 15
1487 11
1488 28
1489 19
1490 25
1491 12
1492 14
1493 19
1494 19
1495 16
1496 22
1497 22
1498 13
1499 15
1500 19
1501 20
1502 20
1503 18
1504 14
1505 17
1506 20
1507 13
1508 23
1509 18
1510 17
1511 16
1512 22
1513 13
1514 10
1515 14
1516 17
1517 32
1518 14
1519 26
1520 24
1521 16
1522 21
1523 20
1524 26
1525 15
1526 25
1527 25
1528 20
1529 14
1530 21
1531 23
1532 17
1533 17
1534 27
1535 22
1536 16
1537 21
1538 19
1539 18
1540 19
1541 20
1542 29
1543 22
1544 19
1545 32
1546 23
1547 24
1548 19
1549 22
1550 27
1551 21
1552 30
1553 20
1554 27
1555 23
1556 13
1557 22
1558 19
1559 18
1560 24
1561 18
1562 23
1563 24
1564 23
1565 25
1566 15
1567 18
1568 25
1569 22
1570 16
1571 21
1572 25
1573 21
1574 21
1575 19
1576 20
1577 31
1578 23
1579 29
1580 22
1581 18
1582 20
1583 23
1584 20
1585 28
1586 24
1587 18
1588 23
1589 31
1590 17
1591 19
1592 18
1593 26
1594 27
1595 22
1596 14
1597 25
1598 15
1599 25
1600 21
1601 27
1602 15
1603 20
1604 29
1605 18
1606 21
1607 19
1608 17
1609 31
1610 27
1611 18
1612 20
1613 20
1614 17
1615 23
1616 27
1617 25
1618 15
1619 23
1620 22
1621 24
1622 23
1623 22
1624 23
1625 29
1626 8
1627 20
1628 23
1629 22
1630 22
1631 27
1632 17
1633 22
1634 19
1635 23
1636 19
1637 23
1638 19
1639 24
1640 27
1641 26
1642 18
1643 23
1644 23
1645 27
1646 21
1647 20
1648 17
1649 20
1650 17
1651 13
1652 17
1653 28
1654 24
1655 25
1656 11
1657 15
1658 23
1659 16
1660 21
1661 21
1662 14
1663 18
1664 16
1665 18
1666 21
1667 17
1668 12
1669 14
1670 19
1671 14
1672 19
1673 25
1674 20
1675 12
1676 28
1677 14
1678 17
1679 13
1680 15
1681 16
1682 14
1683 20
1684 12
1685 19
1686 13
1687 12
1688 14
1689 21
1690 16
1691 15
1692 16
1693 12
1694 14
1695 9
1696 14
1697 15
1698 21
1699 8
1700 15
1701 9
1702 22
1703 20
1704 11
1705 16
1706 15
1707 10
1708 9
1709 9
1710 11
1711 13
1712 16
1713 9
1714 12
1715 15
1716 6
1717 8
1718 14
1719 12
1720 8
1721 17
1722 12
1723 9
1724 6
1725 13
1726 12
1727 13
1728 7
1729 17
1730 11
1731 12
1732 7
1733 12
1734 11
1735 3
1736 17
1737 9
1738 12
1739 9
1740 7
1741 10
1742 12
1743 8
1744 8
1745 8
1746 10
1747 13
1748 10
1749 9
1750 6
1751 7
1752 9
1753 2
1754 7
1755 4
1756 7
1757 5
1758 5
1759 2
1760 10
1761 9
1762 5
1763 6
1764 3
1765 6
1766 3
1767 8
1768 5
1769 5
1770 6
1771 3
1772 7
1773 3
1774 3
1775 3
1776 4
1777 4
1778 5
1779 2
1780 4
1781 4
1782 3
1783 4
1784 5
1785 2
1786 3
1787 5
1788 3
1789 4
1790 1
1791 3
1792 1
1793 2
1794 7
1795 2
1796 2
1797 1
1798 2
1799 2
1800 1
1801 3
1802 4
1803 4
1804 1
1805 2
1807 1
1808 1
1809 1
1810 1
1811 1
1814 1
1816 1
1817 1
1820 2
1826 1
1832 1
1833 1
1840 1
1842 1
1848 2
1853 1
