N J h mean_R_sq err_mean_R_sq mean_R_gyr_sq err_mean_R_gyr_sq 
300 0.9 0 511.44 5.67488 201.856 1.04694
1000 317
1001 306
1002 277
1003 272
1004 314
1005 247
1006 253
1007 226
1008 192
1009 206
1010 224
1011 188
1012 181
1013 176
1014 186
1015 149
1016 171
1017 126
1018 137
1019 167
1020 129
1021 141
1022 127
1023 140
1024 116
1025 100
1026 131
1027 97
1028 98
1029 109
1030 86
1031 85
1032 80
1033 89
1034 82
1035 80
1036 68
1037 80
1038 68
1039 56
1040 75
1041 59
1042 57
1043 51
1044 56
1045 67
1046 48
1047 30
1048 49
1049 47
1050 30
1051 36
1052 34
1053 38
1054 41
1055 30
1056 29
1057 30
1058 24
1059 25
1060 33
1061 21
1062 25
1063 21
1064 26
1065 16
1066 27
1067 25
1068 27
1069 24
1070 20
1071 21
1072 19
1073 18
1074 13
1075 18
1076 22
1077 14
1078 16
1079 17
1080 13
1081 13
1082 11
1083 20
1084 15
1085 12
1086 13
1087 13
1088 9
1089 10
1090 14
1091 8
1092 4
1093 5
1094 5
1095 4
1096 16
1097 10
1098 11
1099 9
1100 7
1101 1
1102 5
1103 7
1104 7
1105 6
1106 5
1107 8
1108 4
1109 4
1110 12
1111 6
1112 1
1113 2
1114 3
1115 3
1116 5
1117 5
1118 4
1119 2
1120 4
1121 3
1122 1
1123 6
1124 1
1125 1
1126 3
1127 1
1128 2
1129 2
1130 2
1131 1
1133 3
1134 2
1135 3
1136 3
1137 1
1138 1
1139 2
1140 6
1141 3
1142 1
1143 4
1144 1
1145 1
1147 2
1148 3
1149 3
1150 3
1151 2
1155 1
1156 1
1157 3
1160 3
1161 1
1162 3
1164 1
1165 1
1167 1
1168 1
1170 1
1175 1
1177 1
1178 1
1180 2
1183 2
1186 1
1187 1
1192 2
1193 1
1197 1
1199 1
1202 2
1203 3
1209 1
1210 3
1214 1
1215 1
1220 1
1227 2
1229 1
1231 1
1233 1
1236 1
1240 2
1249 1
1256 1
1263 1
1265 1
1271 1
1277 1
1327 1
1337 1
1397 1
