N J h mean_R_sq err_mean_R_sq mean_R_gyr_sq err_mean_R_gyr_sq 
200 0.75 0 467.098 7.96164 85.0513 0.719
641 1
697 1
720 1
723 1
725 1
726 1
729 1
738 1
746 1
750 1
759 1
763 1
766 2
772 1
773 2
776 2
777 2
778 1
781 1
786 1
787 1
789 1
792 1
793 1
794 2
797 3
799 1
801 2
802 2
803 2
804 2
805 1
807 1
809 1
810 1
811 1
815 1
816 3
817 2
818 2
820 3
821 2
822 3
823 1
824 4
825 3
826 4
827 2
828 1
829 4
830 6
831 1
832 1
833 1
834 4
836 2
837 2
838 1
839 3
840 2
841 1
842 2
844 2
845 2
846 3
847 4
848 3
849 2
850 2
851 3
852 2
853 4
854 4
855 1
856 2
857 4
858 2
859 2
860 2
861 1
862 5
863 3
864 5
865 4
866 4
867 3
868 4
869 2
870 8
871 4
872 6
873 9
874 4
875 5
876 7
877 2
878 6
879 6
880 3
882 3
883 6
884 3
885 3
886 7
887 3
888 7
889 10
890 3
891 5
892 7
893 7
894 3
895 6
896 6
897 10
898 7
899 5
900 12
901 9
902 3
903 4
904 8
905 4
906 5
907 4
908 8
909 10
910 4
911 8
912 6
913 4
914 8
915 8
916 14
917 5
918 5
919 7
920 9
921 12
922 9
923 11
924 4
925 5
926 9
927 5
928 8
929 8
930 11
931 11
932 11
933 10
934 5
935 9
936 9
937 14
938 9
939 9
940 5
941 10
942 8
943 13
944 10
945 8
946 8
947 6
948 14
949 9
950 10
951 9
952 13
953 13
954 9
955 9
956 10
957 11
958 10
959 15
960 9
961 11
962 7
963 14
964 6
965 17
966 11
967 11
968 7
969 14
970 6
971 12
972 8
973 6
974 9
975 8
976 10
977 11
978 18
979 3
980 16
981 12
982 14
983 16
984 8
985 10
986 12
987 11
988 7
989 10
990 12
991 16
992 9
993 15
994 13
995 10
996 8
997 9
998 12
999 10
1000 9
1001 14
1002 14
1003 4
1004 13
1005 15
1006 12
1007 11
1008 10
1009 12
1010 13
1011 10
1012 12
1013 11
1014 8
1015 15
1016 14
1017 15
1018 6
1019 10
1020 7
1021 8
1022 10
1023 19
1024 9
1025 6
1026 8
1027 6
1028 16
1029 8
1030 8
1031 7
1032 9
1033 10
1034 13
1035 16
1036 10
1037 12
1038 9
1039 11
1040 6
1041 15
1042 10
1043 9
1044 8
1045 5
1046 13
1047 8
1048 12
1049 11
1050 13
1051 10
1052 9
1053 6
1054 10
1055 4
1056 10
1057 6
1058 13
1059 9
1060 13
1061 14
1062 9
1063 18
1064 5
1065 6
1066 12
1067 11
1068 8
1069 12
1070 6
1071 8
1072 13
1073 1
1074 16
1075 18
1076 10
1077 11
1078 3
1079 6
1080 4
1081 8
1082 7
1083 12
1084 10
1085 7
1086 5
1087 11
1088 3
1089 4
1090 5
1091 8
1092 7
1093 6
1094 12
1095 6
1096 11
1097 7
1098 3
1099 5
1100 4
1101 8
1102 5
1103 4
1104 6
1105 6
1106 5
1107 9
1108 5
1109 6
1110 3
1111 9
1112 6
1113 10
1114 2
1115 4
1116 5
1117 2
1118 6
1119 5
1120 6
1121 3
1122 3
1123 3
1124 4
1125 1
1126 6
1127 2
1128 6
1129 7
1130 3
1131 1
1132 4
1133 4
1134 1
1135 5
1136 3
1137 1
1138 5
1139 3
1140 2
1141 3
1142 2
1143 3
1144 3
1146 4
1147 3
1148 2
1149 4
1150 1
1151 2
1152 3
1153 3
1154 7
1155 3
1156 5
1157 1
1158 1
1159 5
1160 1
1161 3
1162 3
1163 3
1164 2
1165 5
1166 2
1167 1
1168 1
1169 6
1170 4
1171 1
1172 2
1173 2
1174 3
1175 1
1176 2
1177 1
1178 2
1179 5
1180 1
1181 3
1183 1
1186 2
1187 1
1188 1
1190 1
1191 5
1192 3
1193 2
1195 2
1197 1
1198 2
1203 1
1204 3
1205 1
1206 2
1210 2
1211 2
1212 1
1213 1
1214 1
1216 1
1218 3
1219 1
1221 1
1224 1
1226 1
1232 1
1235 1
1236 1
1237 1
1240 1
1244 1
1246 1
1248 1
1252 1
1254 3
1261 1
1272 1
1273 1
1278 1
1281 1
1283 1
1287 1
1311 1
