N J h mean_R_sq err_mean_R_sq mean_R_gyr_sq err_mean_R_gyr_sq 
200 1.05 0 61.8715 1.59655 239.43 1.98908
285 1
312 1
315 1
319 1
321 1
342 1
347 1
351 1
354 1
355 1
357 1
363 1
365 1
369 1
375 1
378 1
381 1
382 1
383 1
385 1
393 2
400 1
401 1
402 1
406 1
407 1
413 1
414 1
415 2
417 1
419 2
420 1
421 1
423 2
424 1
425 1
429 2
430 1
431 1
432 1
433 1
434 2
435 1
438 3
440 1
441 1
444 1
445 1
446 2
447 1
448 2
449 2
450 1
453 2
454 3
455 3
456 2
457 1
458 1
459 1
460 1
464 2
465 1
466 1
467 4
468 1
469 4
470 2
471 1
472 1
473 5
474 2
475 4
477 2
479 2
480 2
481 3
482 4
483 5
484 3
485 3
486 3
488 2
489 4
491 2
492 3
494 1
495 1
496 3
497 4
498 1
499 2
500 2
501 6
502 4
503 2
504 1
506 1
507 3
508 5
509 4
510 1
511 1
512 3
513 3
514 1
515 1
516 3
517 4
518 3
519 4
520 1
521 4
522 1
523 1
524 4
525 2
526 5
527 1
528 5
529 3
530 3
531 2
532 5
533 1
534 3
535 5
536 3
537 3
538 3
539 3
540 6
541 4
542 3
543 5
544 5
545 4
546 1
547 6
548 4
549 4
550 6
551 2
552 1
553 3
554 4
555 4
556 4
557 2
558 2
559 3
560 5
562 5
563 5
564 2
565 4
566 2
567 6
568 4
569 3
570 2
571 6
572 5
573 5
574 1
575 2
576 4
577 4
578 5
579 5
580 1
581 7
582 4
583 5
584 3
585 7
586 2
587 6
588 3
589 2
590 2
591 2
592 3
593 6
594 6
595 5
596 2
597 2
598 5
599 4
600 4
601 3
602 4
603 3
604 6
605 3
606 4
607 3
608 4
609 4
610 2
611 3
612 4
613 3
614 2
615 5
616 3
617 3
618 4
619 5
620 3
621 7
622 1
623 3
624 4
625 4
626 4
627 5
628 1
629 1
630 4
631 9
632 7
633 6
634 4
635 2
636 2
637 7
638 4
639 5
640 6
641 5
642 5
643 2
644 2
645 2
646 3
647 1
648 4
649 2
650 3
651 2
652 5
653 3
654 1
655 6
656 3
657 5
658 4
660 3
661 3
662 3
663 3
664 4
665 7
666 4
667 4
668 3
669 3
670 4
671 1
672 8
673 4
674 1
675 3
676 2
677 4
679 1
680 3
682 4
683 3
684 6
685 6
686 3
687 1
688 6
689 3
690 3
691 7
692 1
693 5
694 3
695 1
697 2
698 8
699 1
700 3
701 1
702 5
703 4
704 3
705 2
706 4
708 2
709 2
710 3
711 3
712 1
713 2
714 3
715 3
717 2
718 2
719 3
720 6
721 4
722 4
723 2
724 2
726 1
727 2
728 2
729 3
730 1
731 2
732 2
733 3
734 1
735 2
736 3
737 1
738 2
739 3
740 2
741 1
742 2
743 2
744 1
745 5
746 1
747 2
748 1
751 2
752 1
753 6
754 1
755 1
756 1
757 2
758 2
759 1
760 1
761 3
762 1
763 2
764 2
765 1
766 1
767 4
768 1
769 2
770 1
771 2
772 4
773 1
774 2
775 1
776 2
777 1
778 1
779 2
780 1
781 3
782 2
784 3
786 1
787 2
788 2
789 3
790 1
791 3
792 2
793 3
795 2
796 2
797 1
798 1
799 4
800 1
803 3
805 4
808 3
809 2
810 4
812 1
813 2
814 1
815 3
816 3
817 3
818 3
819 1
821 1
822 3
824 3
825 3
826 2
829 1
831 2
835 1
836 1
839 3
840 3
841 4
842 1
843 2
844 1
846 1
847 1
849 1
850 4
852 2
853 1
854 3
855 3
858 2
860 1
863 2
864 1
865 1
867 1
868 2
869 1
870 1
871 1
875 1
879 1
881 1
882 1
886 3
887 1
889 2
893 1
894 1
896 1
897 1
901 1
902 2
906 1
908 2
909 1
911 1
912 1
920 2
922 1
923 3
924 1
925 1
926 1
931 2
932 1
934 1
947 1
952 2
953 1
959 1
963 1
964 1
976 1
977 1
978 1
980 1
983 1
997 1
1003 1
1007 2
1014 1
1020 1
1035 1
1041 1
1051 1
1061 1
1065 1
1067 1
1093 1
1139 1
1154 1
1157 1
1345 1
