N J h mean_R_sq err_mean_R_sq mean_R_gyr_sq err_mean_R_gyr_sq 
50 0.45 0 110.85 2.5791 14.007 0.221514
1269 1
1295 1
1356 1
1385 1
1391 1
1397 1
1405 1
1407 1
1408 1
1409 1
1411 1
1417 1
1424 1
1425 2
1428 1
1429 2
1432 1
1434 2
1435 2
1438 1
1440 1
1441 1
1446 1
1452 3
1460 1
1462 1
1463 1
1466 1
1470 1
1472 1
1478 1
1480 1
1481 1
1485 1
1487 1
1488 1
1489 1
1491 1
1492 1
1494 1
1495 1
1497 2
1500 2
1503 1
1504 1
1505 1
1506 1
1508 1
1509 1
1511 1
1520 1
1526 1
1527 2
1531 1
1534 2
1536 1
1537 2
1538 2
1540 1
1543 1
1544 1
1546 1
1547 2
1548 1
1551 1
1552 2
1553 1
1554 2
1556 4
1557 1
1558 3
1561 1
1562 1
1563 2
1564 1
1565 2
1566 2
1567 1
1568 3
1569 4
1572 1
1574 1
1575 3
1577 1
1578 1
1579 1
1580 1
1581 1
1584 1
1585 1
1586 2
1587 1
1588 1
1589 2
1590 1
1591 2
1592 2
1594 1
1596 2
1597 2
1598 1
1600 3
1601 1
1602 1
1603 3
1604 2
1605 1
1606 2
1607 5
1608 4
1609 1
1610 1
1611 1
1612 1
1614 3
1615 2
1616 2
1617 4
1620 1
1622 1
1623 2
1624 6
1625 1
1626 2
1627 3
1629 2
1630 1
1631 1
1633 2
1634 2
1635 2
1637 3
1638 2
1639 1
1640 6
1641 3
1642 2
1643 5
1644 3
1645 2
1646 1
1647 5
1648 5
1649 4
1651 1
1652 4
1653 3
1654 2
1655 2
1656 2
1657 3
1658 2
1659 1
1660 2
1661 2
1662 1
1663 2
1664 4
1665 4
1666 4
1667 1
1668 3
1669 4
1670 4
1671 3
1672 1
1673 2
1674 1
1675 2
1676 2
1677 3
1678 6
1679 3
1680 3
1682 3
1683 2
1685 2
1686 1
1687 4
1688 2
1689 2
1690 1
1691 2
1692 2
1693 2
1694 3
1695 2
1696 3
1697 2
1698 2
1699 4
1700 1
1701 2
1702 2
1703 4
1704 2
1705 1
1706 4
1707 1
1708 3
1709 4
1710 1
1711 5
1712 2
1713 1
1714 2
1715 2
1716 5
1717 2
1718 3
1719 3
1720 3
1721 1
1723 2
1724 1
1725 2
1726 2
1727 3
1728 1
1729 3
1730 4
1732 3
1733 3
1734 3
1735 4
1736 2
1738 3
1739 2
1740 1
1741 1
1742 1
1743 5
1744 2
1745 5
1746 7
1747 4
1748 3
1749 5
1750 2
1751 3
1752 6
1753 4
1754 1
1755 2
1756 4
1757 3
1758 4
1759 3
1760 3
1761 1
1762 6
1764 4
1765 3
1766 7
1767 2
1768 5
1769 2
1770 4
1771 2
1772 3
1773 1
1774 1
1775 2
1776 2
1777 3
1778 2
1779 2
1780 4
1781 2
1782 3
1783 1
1784 1
1785 2
1786 3
1787 1
1788 7
1790 4
1791 1
1793 3
1794 2
1795 2
1796 3
1797 1
1798 4
1799 1
1800 1
1801 2
1802 1
1803 3
1804 2
1805 2
1806 2
1807 2
1809 3
1810 2
1811 2
1812 6
1813 2
1814 2
1815 2
1817 4
1818 6
1819 4
1820 4
1821 1
1822 4
1823 1
1824 5
1825 1
1826 1
1827 5
1828 1
1829 2
1830 1
1831 2
1832 2
1834 1
1835 3
1836 1
1837 1
1838 1
1839 4
1840 3
1841 1
1844 3
1845 6
1846 4
1847 1
1848 6
1849 1
1850 2
1851 2
1852 2
1855 3
1856 2
1857 2
1858 2
1859 2
1860 1
1861 2
1862 1
1863 1
1864 2
1866 2
1867 4
1868 1
1870 1
1871 2
1872 1
1873 1
1874 3
1875 2
1876 1
1877 1
1879 2
1880 1
1881 2
1882 1
1884 1
1885 1
1886 1
1887 1
1888 1
1890 2
1892 1
1893 5
1894 1
1895 1
1896 1
1898 1
1900 2
1906 1
1907 3
1908 3
1910 1
1911 1
1912 2
1913 2
1916 1
1917 1
1920 1
1921 2
1922 3
1923 1
1925 1
1926 1
1927 2
1928 1
1929 1
1931 1
1932 2
1934 3
1935 1
1937 1
1938 1
1941 3
1945 2
1948 1
1950 2
1951 1
1953 1
1955 2
1956 1
1957 1
1961 2
1962 1
1963 1
1965 1
1968 1
1972 2
1974 1
1977 2
1978 1
1979 2
1981 1
1984 1
1991 2
1993 1
1994 2
1997 1
1998 1
2002 1
2007 1
2008 1
2011 1
2016 1
2018 2
2019 1
2021 1
2023 2
2026 1
2055 1
2060 1
2067 1
2081 1
2088 1
2089 1
2125 1
2129 1
2132 1
2141 2
2169 1
2174 1
2187 1
2300 1
