N J h mean_R_sq err_mean_R_sq mean_R_gyr_sq err_mean_R_gyr_sq 
300 1.2 0 43.1359 0.84756 707.032 2.88
45 1
46 1
66 1
70 1
87 1
91 1
93 1
97 1
98 1
101 1
102 1
104 1
105 1
107 1
108 1
111 1
112 2
113 1
116 3
117 2
118 1
122 2
123 2
124 1
125 2
126 1
128 1
129 1
130 1
131 4
132 1
133 3
134 3
135 6
136 5
137 2
139 4
140 1
141 3
142 3
143 2
144 2
145 4
146 2
147 6
148 2
149 2
150 3
151 3
152 3
153 6
154 2
155 4
156 4
157 4
158 7
159 4
160 2
161 1
162 2
163 4
164 4
165 7
166 8
167 6
168 4
169 3
170 7
171 3
172 6
173 8
174 4
175 5
176 6
177 9
178 4
179 10
180 7
181 11
182 5
183 10
184 7
185 6
186 10
187 14
188 8
189 6
190 10
191 8
192 8
193 7
194 11
195 8
196 8
197 8
198 11
199 9
200 7
201 6
202 11
203 12
204 9
205 7
206 10
207 8
208 8
209 7
210 12
211 21
212 14
213 9
214 12
215 6
216 10
217 14
218 9
219 14
220 12
221 18
222 12
223 15
224 10
225 17
226 12
227 15
228 16
229 15
230 10
231 17
232 12
233 17
234 14
235 16
236 15
237 10
238 18
239 14
240 20
241 16
242 18
243 14
244 14
245 14
246 14
247 20
248 12
249 14
250 13
251 16
252 18
253 12
254 7
255 11
256 20
257 15
258 16
259 24
260 21
261 19
262 25
263 15
264 20
265 17
266 15
267 11
268 14
269 17
270 12
271 16
272 16
273 17
274 13
275 15
276 8
277 14
278 15
279 19
280 14
281 17
282 12
283 13
284 14
285 7
286 11
287 8
288 11
289 11
290 17
291 12
292 17
293 14
294 12
295 15
296 14
297 8
298 9
299 10
300 13
301 13
302 17
303 13
304 11
305 13
306 10
307 14
308 12
309 15
310 10
311 8
312 10
313 11
314 13
315 13
316 11
317 18
318 12
319 7
320 16
321 14
322 8
323 9
324 12
325 13
326 8
327 11
328 7
329 6
330 7
331 7
332 3
333 10
334 14
335 10
336 2
337 9
338 6
339 5
340 13
341 8
342 5
343 7
344 8
345 7
346 9
347 9
348 11
349 7
350 5
351 5
352 5
353 4
354 6
355 6
356 8
357 4
358 4
359 5
360 4
361 3
362 7
363 5
364 1
365 2
366 6
367 4
368 9
369 1
370 8
371 7
372 6
373 9
374 2
375 9
376 1
377 5
378 3
379 8
380 8
381 4
382 8
383 2
384 5
385 5
386 5
387 3
388 3
389 2
390 4
391 7
392 4
393 3
394 1
395 2
396 1
397 5
398 1
400 3
401 1
402 1
403 2
404 2
405 3
406 2
407 2
408 1
409 2
410 6
411 4
412 2
413 3
414 1
415 1
416 7
419 4
421 3
422 2
423 2
425 3
426 2
427 1
429 4
430 4
431 1
433 2
434 2
435 1
438 1
439 3
443 1
444 1
445 2
446 1
455 1
459 1
460 1
461 1
463 1
465 1
467 2
472 1
473 1
476 1
486 1
491 1
504 1
510 1
512 1
