N J h mean_R_sq err_mean_R_sq mean_R_gyr_sq err_mean_R_gyr_sq 
300 0.6 0 850.38 8.87492 146.959 0.851894
1000 1092
1001 884
1002 820
1003 740
1004 647
1005 542
1006 478
1007 431
1008 390
1009 363
1010 304
1011 299
1012 252
1013 204
1014 167
1015 132
1016 134
1017 139
1018 117
1019 111
1020 88
1021 80
1022 70
1023 66
1024 54
1025 48
1026 37
1027 37
1028 34
1029 35
1030 14
1031 24
1032 25
1033 19
1034 18
1035 11
1036 22
1037 6
1038 9
1039 7
1040 6
1041 4
1042 4
1043 4
1044 4
1045 3
1046 4
1047 2
1048 4
1049 4
1050 1
1051 3
1052 1
1053 1
1055 1
1059 1
1062 1
1068 1
