N J h mean_R_sq err_mean_R_sq mean_R_gyr_sq err_mean_R_gyr_sq 
50 0.6 0 101.942 2.48109 13.5546 0.22145
1068 1
1127 1
1148 1
1187 1
1217 1
1225 1
1233 1
1239 1
1250 1
1252 1
1266 1
1284 1
1286 1
1302 1
1304 1
1315 1
1318 1
1325 1
1330 2
1341 1
1343 1
1346 1
1347 1
1349 1
1351 1
1352 1
1358 2
1359 2
1362 1
1367 1
1370 2
1372 1
1374 1
1378 2
1381 2
1382 1
1385 1
1386 1
1390 1
1391 2
1392 1
1393 2
1396 1
1397 1
1399 3
1405 1
1406 1
1408 1
1409 1
1410 2
1411 1
1413 1
1414 2
1415 1
1416 1
1421 1
1423 1
1426 1
1427 1
1428 2
1431 1
1434 1
1437 3
1440 2
1442 1
1443 1
1444 1
1445 2
1446 1
1448 1
1450 2
1451 2
1452 2
1455 1
1457 1
1458 2
1459 1
1460 2
1461 1
1463 1
1464 2
1468 3
1469 1
1470 4
1471 2
1472 2
1473 1
1474 1
1475 1
1476 1
1477 1
1478 1
1480 1
1482 1
1483 1
1484 2
1485 1
1486 1
1487 1
1488 2
1489 1
1490 1
1492 1
1493 2
1494 1
1496 4
1497 1
1498 2
1499 2
1500 2
1501 2
1502 1
1503 1
1504 3
1505 1
1506 1
1507 3
1508 2
1509 2
1510 3
1513 1
1514 1
1515 1
1516 1
1517 2
1518 2
1519 2
1520 3
1521 3
1522 4
1523 2
1524 2
1526 1
1527 1
1528 1
1529 2
1530 2
1531 3
1532 4
1533 2
1534 2
1535 2
1536 2
1537 2
1539 2
1540 1
1543 3
1544 1
1545 2
1546 5
1548 1
1549 3
1552 2
1553 2
1554 4
1555 1
1557 2
1558 1
1559 4
1560 2
1561 3
1562 3
1563 1
1564 1
1565 3
1566 1
1567 2
1568 1
1569 4
1570 3
1571 3
1572 1
1573 2
1574 3
1575 2
1576 2
1577 3
1578 2
1579 2
1580 1
1581 1
1582 2
1583 6
1584 2
1585 3
1586 2
1587 1
1588 1
1589 2
1590 1
1591 3
1592 1
1593 1
1594 3
1595 4
1596 1
1597 1
1598 5
1599 3
1600 3
1601 3
1602 1
1603 4
1604 3
1605 4
1606 2
1607 3
1608 2
1609 3
1610 3
1611 1
1612 3
1613 1
1614 2
1616 1
1617 2
1618 3
1619 2
1620 4
1621 3
1622 4
1623 2
1624 4
1625 4
1626 3
1627 4
1628 1
1629 2
1630 4
1631 4
1632 3
1633 3
1634 2
1635 4
1636 1
1637 2
1639 4
1640 3
1641 3
1642 3
1643 1
1644 1
1647 4
1648 1
1649 2
1650 2
1651 4
1652 3
1653 3
1654 4
1655 1
1656 4
1657 2
1658 3
1659 1
1660 4
1661 4
1662 4
1663 3
1664 1
1665 1
1666 2
1667 1
1668 3
1669 1
1670 2
1671 1
1672 4
1673 3
1674 1
1675 3
1676 3
1677 6
1678 1
1679 4
1680 1
1681 1
1682 2
1683 3
1684 5
1685 1
1686 5
1687 7
1688 1
1689 2
1690 5
1693 4
1694 3
1695 5
1696 3
1697 3
1698 2
1699 6
1700 2
1701 1
1702 2
1704 3
1705 3
1707 1
1708 3
1709 2
1710 3
1712 2
1713 2
1714 2
1715 2
1716 2
1717 4
1718 3
1719 3
1720 3
1721 3
1722 4
1723 3
1724 2
1725 1
1727 2
1730 3
1731 2
1732 1
1733 2
1734 2
1735 3
1736 1
1738 5
1739 1
1740 1
1742 2
1743 2
1744 2
1745 2
1746 1
1747 2
1748 2
1749 1
1750 1
1751 3
1752 3
1754 2
1755 3
1757 2
1758 2
1759 1
1761 1
1762 1
1764 2
1765 3
1766 2
1767 5
1768 1
1769 2
1770 3
1771 1
1773 1
1774 2
1776 1
1778 4
1779 1
1780 3
1781 1
1782 1
1784 2
1785 1
1787 1
1788 1
1789 2
1790 2
1791 4
1792 2
1793 2
1794 1
1795 1
1796 3
1797 1
1798 1
1800 2
1801 1
1802 2
1804 2
1805 1
1807 2
1809 1
1811 1
1812 2
1813 3
1814 4
1815 1
1817 2
1818 5
1820 1
1822 1
1824 1
1825 2
1826 3
1827 2
1828 1
1830 4
1833 1
1834 1
1835 1
1836 1
1838 2
1840 1
1841 2
1842 1
1845 2
1846 2
1848 1
1850 1
1851 1
1853 4
1854 1
1855 1
1856 1
1857 1
1861 1
1862 1
1863 2
1865 1
1866 2
1867 1
1868 1
1869 1
1870 2
1872 1
1874 1
1875 1
1877 1
1880 1
1882 1
1885 1
1886 1
1887 1
1888 1
1890 1
1899 1
1902 2
1905 1
1913 1
1914 3
1917 2
1921 1
1924 2
1927 1
1928 1
1929 2
1935 1
1940 1
1942 1
1944 1
1947 1
1955 1
1956 1
1958 1
1972 1
1974 1
1978 1
1992 1
1996 2
2005 1
2011 1
2012 3
2041 1
2114 1
2139 1
2175 1
