N J h mean_R_sq err_mean_R_sq mean_R_gyr_sq err_mean_R_gyr_sq 
50 0.9 0 84.0536 2.13743 12.9705 0.238606
792 1
814 1
831 1
845 1
866 1
874 1
900 1
908 1
937 1
990 1
992 1
999 1
1006 2
1016 1
1032 1
1036 1
1040 1
1041 1
1049 1
1058 1
1061 1
1062 1
1063 1
1076 1
1081 2
1086 1
1092 1
1095 1
1101 2
1103 1
1104 2
1105 1
1108 1
1110 2
1112 1
1115 1
1120 1
1122 1
1123 2
1124 1
1127 2
1128 2
1129 1
1138 1
1142 1
1144 1
1145 1
1150 1
1155 1
1157 1
1158 1
1160 1
1161 2
1162 1
1163 1
1164 1
1165 2
1167 1
1168 1
1169 1
1170 2
1172 1
1173 1
1174 1
1176 2
1177 2
1178 1
1180 1
1182 1
1183 1
1184 1
1186 1
1188 1
1189 1
1192 1
1193 2
1194 1
1196 2
1197 2
1198 1
1200 2
1201 1
1203 2
1205 1
1207 1
1208 1
1209 4
1210 1
1211 1
1212 1
1214 2
1215 1
1216 2
1218 1
1220 2
1221 1
1222 1
1225 2
1226 2
1227 1
1229 1
1230 1
1231 1
1233 1
1234 1
1235 2
1236 2
1238 1
1240 1
1243 5
1244 3
1245 2
1246 2
1247 2
1250 1
1251 1
1252 2
1253 1
1254 2
1255 3
1256 1
1257 1
1260 1
1261 2
1262 1
1263 1
1264 2
1265 2
1267 2
1268 3
1269 4
1270 3
1272 1
1273 1
1274 2
1275 1
1276 1
1278 1
1281 1
1282 2
1283 1
1285 1
1286 1
1287 2
1288 1
1289 3
1290 2
1291 2
1294 2
1296 1
1297 2
1298 2
1299 1
1300 4
1302 2
1303 1
1304 1
1307 3
1308 2
1310 4
1312 5
1314 1
1315 1
1316 2
1318 3
1319 3
1320 3
1321 4
1322 1
1323 1
1324 3
1326 1
1327 1
1328 1
1329 1
1330 2
1331 1
1332 3
1333 2
1334 1
1335 1
1336 2
1337 1
1339 4
1341 2
1342 2
1343 1
1345 2
1346 1
1347 3
1348 1
1349 5
1350 2
1351 2
1352 2
1353 4
1354 2
1355 3
1356 2
1357 6
1358 3
1359 5
1360 1
1361 2
1362 2
1363 1
1364 3
1365 2
1366 4
1367 1
1368 2
1369 1
1370 2
1371 3
1372 2
1373 1
1374 3
1375 1
1376 4
1377 3
1378 4
1379 4
1381 1
1382 6
1383 1
1384 3
1385 2
1386 5
1388 1
1389 2
1390 2
1391 4
1392 5
1393 1
1394 1
1395 2
1396 3
1397 2
1398 2
1399 2
1400 2
1401 1
1402 2
1403 4
1404 1
1405 3
1407 1
1408 3
1409 1
1410 3
1411 1
1412 3
1413 3
1414 1
1415 1
1418 1
1419 1
1420 2
1421 2
1423 6
1424 1
1425 2
1427 2
1428 1
1429 4
1430 3
1431 1
1432 2
1433 2
1434 2
1435 3
1436 4
1437 2
1438 2
1439 2
1441 4
1442 6
1443 1
1444 2
1445 4
1446 2
1447 4
1448 4
1449 2
1450 1
1451 3
1452 4
1453 3
1454 2
1455 3
1456 3
1457 1
1459 3
1460 4
1461 5
1462 3
1463 2
1464 5
1465 3
1466 2
1467 2
1468 1
1469 3
1470 2
1472 5
1473 1
1475 2
1476 2
1477 1
1478 3
1479 3
1480 1
1481 2
1482 3
1483 3
1484 3
1485 1
1486 2
1488 1
1489 4
1490 3
1491 1
1493 5
1494 1
1495 2
1496 2
1497 2
1498 3
1499 1
1500 1
1501 2
1502 2
1503 2
1504 7
1505 2
1506 2
1507 3
1508 1
1509 4
1510 2
1511 5
1512 1
1513 3
1514 5
1515 3
1518 2
1519 2
1522 2
1523 6
1524 2
1525 3
1526 1
1527 1
1528 3
1529 1
1530 1
1532 2
1533 1
1535 2
1537 2
1538 1
1539 2
1540 1
1541 2
1543 1
1544 3
1545 2
1546 3
1547 1
1548 2
1550 1
1551 2
1553 3
1554 1
1555 2
1558 1
1559 1
1560 1
1561 2
1562 1
1563 3
1564 1
1565 1
1566 4
1567 2
1568 3
1569 2
1570 1
1571 3
1572 1
1573 2
1577 3
1578 2
1579 2
1580 2
1581 1
1582 2
1583 2
1584 3
1585 1
1587 1
1589 1
1590 1
1591 1
1592 1
1593 1
1595 2
1596 2
1598 1
1599 1
1600 1
1605 1
1606 2
1607 1
1608 1
1610 1
1611 1
1613 1
1614 1
1615 2
1616 3
1617 1
1618 2
1620 1
1626 1
1629 2
1630 3
1632 1
1634 1
1637 1
1638 1
1639 1
1640 1
1641 1
1642 1
1643 2
1644 1
1648 3
1649 1
1650 1
1656 2
1657 1
1658 2
1659 1
1661 1
1663 1
1664 1
1665 1
1668 1
1669 1
1670 1
1672 1
1675 2
1677 2
1678 1
1679 1
1681 1
1683 1
1684 1
1685 1
1686 1
1687 1
1690 1
1691 1
1692 1
1693 1
1695 2
1696 2
1698 2
1699 1
1700 1
1704 1
1710 1
1711 1
1716 2
1721 1
1724 1
1735 1
1740 1
1741 2
1747 1
1749 1
1765 1
1766 1
1773 1
1776 1
1787 1
1827 1
1843 1
1845 1
1855 1
2053 1
