N J h mean_R_sq err_mean_R_sq mean_R_gyr_sq err_mean_R_gyr_sq 
300 0.9 0 476.684 24.0552 200.118 4.39989
13 2
17 1
19 2
21 1
25 1
29 5
33 1
35 2
41 4
43 1
45 1
49 2
51 1
53 1
57 1
59 3
61 4
65 2
67 1
69 4
73 3
77 4
81 5
83 2
85 3
89 5
91 1
93 1
97 1
99 3
101 4
105 2
107 2
109 1
113 2
115 1
117 3
121 3
123 1
125 3
129 1
131 3
137 1
139 1
145 3
147 2
149 3
153 1
155 2
157 4
161 5
165 3
169 2
173 2
177 2
179 1
181 2
185 5
187 1
189 6
193 1
195 2
197 4
201 4
203 3
205 2
209 3
211 3
219 7
221 2
225 2
227 1
229 1
233 2
235 1
237 3
241 1
243 4
245 4
249 1
251 3
257 5
259 1
261 8
265 4
267 1
269 11
273 1
275 1
281 4
285 8
289 1
291 3
293 6
299 3
305 1
307 1
309 2
313 1
315 4
317 3
321 1
323 1
329 6
331 1
333 3
337 2
339 3
341 5
345 3
347 2
353 2
355 2
357 1
361 3
363 1
365 3
371 3
373 1
377 4
379 1
381 4
385 1
387 3
389 4
393 3
401 2
405 5
409 3
413 4
419 3
425 4
433 1
435 1
437 7
441 2
449 5
451 1
453 1
457 1
459 1
461 3
465 1
467 1
469 2
475 2
477 5
483 1
485 2
489 1
491 2
493 2
507 2
509 1
513 3
515 2
517 1
533 1
537 1
545 2
549 3
553 2
555 1
563 1
569 3
573 1
581 2
585 2
587 2
589 2
595 1
601 2
609 2
611 3
617 2
621 2
625 1
627 2
629 6
635 2
637 1
645 1
651 1
657 2
661 1
665 4
673 1
675 1
677 4
683 2
689 2
693 1
697 1
699 2
701 1
705 1
707 1
717 1
725 1
731 2
739 1
741 1
747 1
749 1
755 1
769 1
773 1
781 1
785 1
789 1
797 1
801 1
811 1
819 1
825 2
829 1
833 3
837 1
841 2
843 2
849 1
851 2
857 1
859 1
865 2
869 1
873 1
875 1
881 1
885 1
889 2
897 1
899 2
905 2
909 1
913 1
929 1
941 2
949 1
957 1
963 1
971 1
977 1
979 2
981 2
995 1
1001 2
1009 2
1019 1
1021 1
1029 4
1035 1
1037 1
1041 1
1043 1
1045 1
1051 1
1065 1
1075 1
1077 1
1085 1
1091 1
1097 1
1121 2
1129 1
1137 1
1139 1
1157 1
1161 1
1169 1
1181 1
1189 1
1193 1
1213 1
1227 1
1233 1
1237 1
1241 2
1291 1
1299 1
1305 1
1321 1
1333 1
1341 1
1353 1
1361 1
1377 1
1425 1
1453 1
1469 2
1505 1
1533 2
1609 1
1641 1
1661 1
1715 1
1725 1
1971 1
1989 1
2037 1
2331 1
2601 1
