N J h mean_R_sq err_mean_R_sq mean_R_gyr_sq err_mean_R_gyr_sq 
400 0 0 1376.56 28.8207 206.09 2.56561
1 1
5 1
17 1
21 1
29 1
35 2
41 1
53 1
59 2
65 1
73 2
75 1
81 1
89 1
91 2
93 1
97 3
99 2
101 5
107 3
109 2
113 4
117 2
121 2
123 1
125 3
129 2
131 2
137 1
139 1
145 3
147 2
149 4
153 3
155 3
157 2
161 5
163 1
165 2
169 1
171 2
173 2
179 2
181 6
185 2
189 1
193 1
195 3
197 3
201 1
205 2
209 3
211 3
213 4
217 1
221 8
225 2
227 1
229 2
233 6
235 1
237 2
241 3
243 5
245 1
249 4
251 5
253 1
257 3
259 3
261 5
265 2
269 5
273 2
275 2
281 3
283 1
285 3
289 1
293 7
297 3
299 5
301 1
305 4
307 2
309 2
313 1
315 2
317 2
321 4
325 1
329 8
333 4
337 1
339 3
341 5
345 1
347 3
349 2
353 4
355 5
357 2
363 2
365 5
369 5
371 1
373 1
377 5
379 2
381 2
385 1
387 1
389 3
395 4
401 3
405 3
409 5
411 1
413 2
417 2
419 2
421 1
425 6
427 1
429 5
433 1
435 1
437 5
441 4
443 1
445 6
449 1
451 5
453 2
459 4
461 5
465 3
467 6
469 4
473 2
477 2
481 4
483 1
485 1
489 2
491 5
493 3
497 5
499 1
501 2
505 3
507 1
509 9
513 2
515 1
521 5
523 3
525 4
529 4
531 3
533 1
537 1
539 1
541 2
545 6
547 2
549 6
553 4
557 5
561 4
563 2
565 1
569 3
571 4
573 3
577 1
579 3
581 4
585 3
587 2
589 1
593 2
597 4
601 5
603 3
605 4
609 2
611 2
613 3
617 4
619 1
621 2
625 1
627 1
629 10
633 3
635 3
637 1
641 2
645 2
649 3
651 2
653 1
657 7
659 3
661 4
665 4
667 3
669 1
673 1
675 3
677 6
681 3
683 1
685 1
689 10
691 3
693 3
697 3
699 6
701 8
705 4
707 1
709 2
713 4
717 2
721 2
723 1
725 1
729 7
731 4
733 1
737 4
739 2
741 2
745 2
747 2
749 6
753 3
755 1
757 1
761 4
763 1
765 3
769 1
771 2
773 4
777 3
779 4
787 1
789 7
793 1
797 2
801 4
803 5
805 2
809 5
811 2
813 2
817 2
819 1
821 4
825 4
827 1
829 3
833 3
835 1
837 1
841 1
843 3
845 3
849 3
851 5
853 1
857 3
859 2
861 2
867 2
869 5
873 2
877 4
881 2
883 1
885 4
889 4
891 2
893 4
897 3
899 3
901 6
905 2
907 1
909 9
913 4
915 1
917 2
923 2
925 1
929 7
931 1
933 2
937 2
939 2
941 5
945 11
947 1
949 1
955 1
957 3
961 4
963 1
965 8
971 4
973 2
977 2
979 1
981 2
985 2
987 3
989 9
993 1
995 5
997 2
1001 4
1003 3
1005 1
1009 3
1011 3
1013 2
1017 3
1019 1
1025 6
1027 1
1029 5
1033 2
1035 2
1041 3
1043 2
1045 1
1049 6
1053 2
1057 3
1059 1
1061 1
1065 2
1067 2
1069 3
1073 4
1077 2
1081 1
1083 1
1085 4
1089 4
1091 3
1093 2
1097 8
1099 1
1101 3
1105 3
1107 2
1109 4
1113 4
1115 3
1117 1
1121 7
1123 1
1125 4
1129 1
1131 5
1133 3
1137 1
1139 2
1141 2
1145 2
1147 2
1153 1
1155 4
1157 1
1161 4
1165 3
1169 5
1171 1
1173 4
1179 3
1181 8
1185 3
1187 1
1189 2
1193 8
1195 1
1197 4
1201 2
1203 1
1205 5
1209 2
1211 3
1213 2
1217 2
1219 3
1221 4
1225 2
1227 1
1229 5
1233 4
1235 3
1241 4
1243 1
1245 4
1249 10
1251 5
1253 3
1257 3
1261 1
1265 3
1267 1
1269 3
1273 1
1277 2
1285 2
1289 1
1291 3
1293 3
1297 1
1299 3
1301 5
1305 4
1309 4
1313 2
1315 1
1317 3
1321 5
1323 1
1325 2
1329 2
1331 3
1333 1
1337 3
1339 1
1341 5
1347 1
1349 4
1355 6
1357 3
1361 7
1365 2
1369 1
1371 2
1373 2
1377 3
1379 2
1381 2
1385 5
1389 1
1393 1
1395 3
1397 2
1401 2
1403 4
1405 4
1409 1
1413 5
1419 3
1421 4
1425 3
1427 2
1433 2
1437 2
1441 7
1443 1
1445 4
1449 8
1451 2
1457 2
1459 3
1461 2
1465 4
1469 5
1473 4
1477 3
1481 8
1483 2
1485 1
1491 4
1493 1
1497 1
1505 5
1509 5
1513 2
1515 5
1517 7
1521 2
1523 1
1525 3
1529 9
1537 1
1539 1
1541 1
1545 1
1547 2
1549 2
1553 1
1555 2
1557 6
1561 3
1563 2
1565 3
1569 1
1571 1
1573 3
1577 2
1581 2
1585 1
1589 3
1593 1
1595 1
1597 4
1601 3
1609 1
1611 3
1613 3
1617 2
1619 3
1621 2
1625 5
1629 1
1633 3
1635 2
1637 5
1641 3
1643 2
1649 6
1651 1
1659 1
1661 4
1665 1
1667 1
1673 2
1675 1
1681 3
1683 2
1685 4
1691 4
1699 1
1701 4
1705 2
1707 1
1713 1
1715 2
1721 5
1725 3
1729 1
1733 1
1737 2
1739 2
1745 6
1749 1
1753 3
1755 1
1757 4
1763 2
1765 3
1769 3
1777 1
1779 2
1781 4
1787 1
1789 1
1795 2
1797 1
1801 2
1803 2
1805 2
1809 1
1811 5
1817 3
1821 1
1825 2
1829 2
1833 2
1841 1
1849 1
1851 3
1853 2
1857 1
1859 3
1861 3
1865 1
1869 3
1875 2
1877 2
1881 4
1883 2
1889 3
1897 1
1899 2
1901 2
1905 1
1909 4
1913 2
1917 2
1921 2
1925 2
1931 3
1933 2
1937 1
1939 1
1941 3
1945 1
1947 3
1949 4
1953 4
1955 1
1957 3
1961 2
1965 2
1969 3
1971 4
1973 5
1977 1
1979 2
1981 1
1985 1
1989 3
1995 1
1997 1
2001 6
2003 2
2009 3
2017 1
2019 3
2021 1
2029 1
2033 4
2041 1
2049 4
2051 1
2053 2
2057 2
2061 1
2069 2
2073 2
2075 1
2081 3
2085 1
2089 1
2091 1
2093 1
2097 4
2105 3
2107 1
2109 2
2115 2
2117 2
2131 1
2133 1
2137 1
2141 4
2145 3
2147 1
2149 1
2155 2
2157 3
2161 2
2165 1
2169 2
2171 1
2173 1
2177 2
2187 2
2189 5
2193 1
2195 2
2197 4
2201 5
2205 1
2217 1
2219 1
2233 1
2237 1
2241 1
2249 2
2259 4
2261 3
2265 3
2267 2
2269 1
2273 3
2275 1
2285 3
2289 2
2291 2
2297 2
2299 2
2305 1
2309 2
2317 2
2321 3
2329 2
2331 1
2333 1
2337 3
2339 1
2341 4
2345 3
2349 2
2357 2
2361 2
2369 1
2373 1
2379 4
2381 2
2385 1
2389 2
2395 1
2403 1
2405 2
2411 3
2417 1
2421 1
2425 1
2427 1
2433 1
2435 2
2441 2
2443 1
2445 2
2453 1
2461 2
2475 1
2483 3
2489 1
2491 1
2493 2
2499 2
2501 1
2505 1
2509 1
2513 1
2529 1
2533 1
2541 2
2547 2
2549 1
2555 2
2565 3
2569 1
2579 2
2581 2
2585 1
2589 1
2595 2
2605 1
2609 2
2617 1
2625 1
2629 1
2637 2
2641 1
2643 1
2645 1
2651 3
2653 1
2657 1
2659 2
2661 1
2665 1
2669 1
2673 1
2675 1
2681 2
2683 2
2689 1
2691 1
2693 2
2697 1
2705 1
2717 2
2721 1
2729 1
2733 1
2745 2
2749 1
2755 1
2757 1
2763 1
2765 1
2771 1
2773 1
2777 3
2779 1
2787 1
2789 3
2793 1
2795 2
2813 1
2819 1
2821 2
2825 1
2833 1
2835 1
2837 2
2849 2
2861 1
2877 1
2881 1
2883 1
2885 1
2891 1
2899 1
2901 1
2905 1
2907 1
2915 2
2929 2
2933 1
2939 2
2945 1
2947 1
2961 1
2969 1
2979 1
2987 1
2989 2
2997 2
3009 2
3011 1
3013 1
3017 1
3021 1
3025 1
3033 1
3041 1
3053 3
3059 1
3065 2
3081 1
3089 1
3091 1
3097 1
3101 1
3113 1
3117 1
3121 1
3129 2
3131 1
3137 1
3141 1
3145 1
3149 1
3157 1
3171 1
3177 1
3181 2
3201 1
3209 1
3211 1
3213 1
3219 2
3227 1
3245 2
3249 1
3253 1
3281 1
3297 1
3305 1
3329 1
3345 2
3377 1
3381 1
3395 1
3409 1
3419 1
3451 1
3461 1
3475 1
3477 1
3489 1
3515 1
3531 2
3561 1
3569 1
3571 1
3593 1
3601 1
3605 1
3611 1
3613 1
3619 1
3629 1
3641 1
3651 1
3657 1
3659 1
3681 1
3701 1
3707 1
3721 1
3725 1
3737 1
3781 1
3805 1
3821 1
3827 1
3829 1
3851 1
3857 1
3873 1
3889 1
3909 1
3933 1
3973 1
3989 2
3995 1
4001 1
4003 1
4013 1
4021 1
4029 1
4037 1
4045 1
4059 1
4073 1
4115 1
4121 1
4133 1
4149 1
4163 1
4185 1
4193 1
4237 1
4257 1
4293 1
4333 1
4373 1
4385 2
4505 1
4525 1
4545 1
4573 1
4637 1
4651 1
4707 1
4721 1
4745 1
4769 1
4773 1
4779 1
4825 1
4971 1
4985 1
4997 1
5025 1
5085 1
5093 1
5141 1
5627 1
6149 1
6611 1
