N J h mean_R_sq err_mean_R_sq mean_R_gyr_sq err_mean_R_gyr_sq 
100 0.3 0 255.617 3.88749 33.4593 0.296017
1 1
3 1
5 3
9 6
11 5
13 5
17 16
19 8
21 16
25 8
27 6
29 19
33 13
35 8
37 5
41 27
43 1
45 17
49 15
51 18
53 14
57 10
59 13
61 18
65 21
67 3
69 32
73 11
75 12
77 17
81 21
83 19
85 8
89 31
91 13
93 11
97 12
99 16
101 55
105 28
107 21
109 6
113 12
115 14
117 21
121 12
123 7
125 28
129 29
131 20
133 13
137 19
139 14
141 17
145 15
147 22
149 38
153 32
155 13
157 16
161 44
163 2
165 23
169 13
171 21
173 29
177 8
179 17
181 25
185 46
187 5
189 36
193 6
195 19
197 13
201 29
203 19
205 17
209 45
211 10
213 20
217 16
219 8
221 23
225 22
227 17
229 22
233 20
235 7
237 21
241 27
243 13
245 16
249 22
251 24
253 6
257 22
259 10
261 26
265 11
267 4
269 22
273 16
275 19
277 9
281 27
283 7
285 22
289 10
291 11
293 25
297 18
299 23
301 4
305 15
307 13
309 10
313 12
315 10
317 6
321 17
323 8
325 17
329 22
331 8
333 15
337 3
339 8
341 16
345 8
347 8
349 14
353 15
355 2
357 2
361 9
363 8
365 9
369 15
371 13
373 8
377 15
379 4
381 15
385 7
387 10
389 15
393 3
395 5
401 6
405 14
409 9
411 7
413 13
417 5
419 7
421 6
425 10
427 3
429 5
433 7
435 2
437 9
441 10
443 5
445 2
449 11
451 2
453 6
457 3
459 5
461 13
465 7
467 8
469 10
473 5
475 4
477 6
481 4
483 1
485 7
489 5
491 6
493 2
497 8
499 4
501 5
505 2
507 4
509 11
513 2
515 2
517 2
521 5
523 6
525 5
529 6
531 3
533 1
537 1
539 6
541 3
545 9
547 1
549 8
553 2
555 1
557 5
561 3
563 5
565 1
569 7
571 4
573 2
579 2
581 6
585 5
587 3
593 4
601 7
603 1
605 3
609 1
611 2
613 2
617 1
619 1
621 5
625 1
627 1
629 4
633 1
635 3
637 2
641 2
645 2
649 3
651 4
653 1
657 2
659 2
661 1
665 3
669 1
675 1
681 2
685 1
689 3
691 1
693 4
701 3
705 2
709 1
713 4
723 2
725 1
729 1
731 1
733 2
737 1
739 3
749 1
753 2
755 1
761 1
765 1
769 1
773 1
779 2
785 1
789 1
797 2
801 2
803 1
809 1
811 1
819 1
821 3
833 2
837 1
841 1
843 2
845 1
851 1
859 1
881 3
885 1
909 1
917 1
929 1
945 1
961 1
965 1
989 1
1041 1
1115 1
1209 1
1241 1
