N J h mean_R_sq err_mean_R_sq mean_R_gyr_sq err_mean_R_gyr_sq 
50 0.75 0 95.2663 1.40659 13.2987 0.119821
1 9
3 11
5 33
9 46
11 33
13 34
17 62
19 33
21 76
25 41
27 41
29 91
33 50
35 61
37 23
41 100
43 24
45 76
49 63
51 46
53 73
57 47
59 81
61 81
65 88
67 19
69 61
73 40
75 46
77 57
81 73
83 52
85 35
89 85
91 32
93 28
97 27
99 35
101 83
105 41
107 44
109 38
113 42
115 23
117 55
121 36
123 22
125 52
129 49
131 34
133 14
137 35
139 15
141 21
145 24
147 14
149 42
153 45
155 21
157 15
161 37
163 5
165 22
169 16
171 16
173 31
177 6
179 20
181 12
185 32
187 6
189 23
193 2
195 8
197 6
201 21
203 13
205 17
209 20
211 10
213 12
217 5
219 7
221 11
225 8
227 5
229 6
233 12
235 5
237 7
241 3
243 5
245 7
249 5
251 10
253 3
257 6
259 2
261 7
265 4
267 3
269 6
273 3
275 1
277 1
281 6
283 1
285 2
289 3
291 1
293 4
297 4
299 1
301 1
305 1
309 1
317 3
321 2
323 1
325 1
329 1
339 2
341 4
347 1
353 2
355 1
361 1
369 1
373 1
377 2
393 1
395 1
401 1
417 1
425 1
437 1
