N J h mean_R_sq err_mean_R_sq mean_R_gyr_sq err_mean_R_gyr_sq 
400 0.6 0 1209.29 12.4664 227.444 1.42394
3 2
11 2
13 1
17 8
19 3
21 1
25 2
27 2
29 2
33 2
35 2
37 5
41 8
45 6
49 3
51 5
53 4
57 2
59 1
61 6
65 5
67 3
69 8
73 4
77 7
81 10
83 5
85 6
89 13
91 6
93 5
97 3
99 4
101 16
105 9
107 9
109 5
113 8
115 5
117 14
121 5
123 7
125 14
129 14
131 15
133 3
137 2
139 6
141 11
145 7
147 4
149 7
153 14
155 10
157 7
161 16
165 6
169 3
171 10
173 21
177 6
179 11
181 10
185 15
187 4
189 23
193 5
195 8
197 9
201 18
203 7
205 15
209 18
211 7
213 7
217 7
219 4
221 19
225 16
227 11
229 8
233 13
235 1
237 10
241 11
243 8
245 16
249 7
251 18
253 8
257 21
259 8
261 16
265 8
267 9
269 22
273 6
275 3
277 9
281 18
283 3
285 15
289 9
291 13
293 15
297 15
299 11
301 6
305 10
307 4
309 14
313 8
315 16
317 8
321 15
323 9
325 13
329 31
331 7
333 12
337 14
339 9
341 33
345 10
347 9
349 8
353 14
355 6
357 9
361 11
363 8
365 20
369 27
371 17
373 10
377 13
379 11
381 19
385 6
387 7
389 18
393 7
395 9
397 6
401 21
403 6
405 20
409 15
411 12
413 14
417 12
419 12
421 8
425 23
427 3
429 10
433 9
435 7
437 14
441 18
443 9
445 9
449 15
451 17
453 9
457 9
459 12
461 21
465 9
467 14
469 19
473 19
475 8
477 12
481 18
483 7
485 15
489 14
491 15
493 10
497 18
499 6
501 14
505 7
507 6
509 31
513 19
515 11
517 4
521 27
523 8
525 16
529 6
531 10
533 12
537 10
539 13
541 5
545 18
547 8
549 19
553 2
555 6
557 13
561 14
563 17
565 9
569 23
571 12
573 13
577 4
579 10
581 23
585 22
587 16
589 13
593 16
595 2
597 8
601 14
603 1
605 17
609 13
611 12
613 8
617 5
619 8
621 20
625 14
627 5
629 28
633 15
635 9
637 15
641 19
643 5
645 6
649 13
651 7
653 12
657 12
659 16
661 12
665 16
667 6
669 9
673 8
675 11
677 20
681 14
683 8
685 9
689 28
691 7
693 24
697 6
699 20
701 20
705 18
707 8
709 8
713 15
715 9
717 8
721 5
723 8
725 16
729 17
731 23
733 12
737 13
739 7
741 20
745 12
747 6
749 26
753 6
755 22
757 4
761 28
763 4
765 11
769 9
771 7
773 25
777 16
779 9
781 16
785 13
787 7
789 25
793 7
795 4
797 14
801 21
803 10
805 17
809 24
811 6
813 8
817 12
819 8
821 13
825 14
827 7
829 10
833 18
835 9
837 11
841 8
843 2
845 12
849 20
851 11
853 8
857 18
859 7
861 11
865 9
867 9
869 17
873 14
875 13
877 7
881 31
883 2
885 13
889 11
891 9
893 14
897 6
899 19
901 16
905 13
907 2
909 32
913 7
915 8
917 9
921 10
923 15
925 11
929 25
931 6
933 6
937 11
939 7
941 20
945 15
947 7
949 3
953 16
955 3
957 11
961 11
963 5
965 22
969 11
971 13
973 8
977 5
979 1
981 14
985 15
987 4
989 16
993 1
995 8
997 8
1001 24
1003 2
1005 8
1009 13
1011 10
1013 8
1017 11
1019 19
1021 16
1025 14
1027 2
1029 21
1033 4
1035 13
1037 11
1041 13
1043 6
1045 4
1049 20
1051 7
1053 16
1057 6
1059 7
1061 11
1065 5
1067 14
1069 14
1073 11
1075 7
1077 12
1081 1
1083 8
1085 16
1089 17
1091 16
1093 5
1097 15
1099 9
1101 10
1105 10
1107 8
1109 16
1113 8
1115 8
1117 8
1121 24
1123 3
1125 14
1129 7
1131 6
1133 18
1137 10
1139 14
1141 13
1145 10
1147 7
1149 7
1153 6
1155 3
1157 9
1161 25
1163 6
1165 7
1169 15
1171 5
1173 14
1177 6
1179 9
1181 18
1185 5
1187 6
1189 7
1193 12
1195 10
1197 9
1201 7
1203 8
1205 16
1209 17
1211 7
1213 3
1217 15
1219 4
1221 19
1225 6
1227 1
1229 25
1233 8
1235 8
1237 6
1241 14
1243 1
1245 17
1249 12
1251 10
1253 13
1257 6
1259 11
1261 8
1265 20
1267 4
1269 14
1273 5
1275 12
1277 16
1281 8
1283 9
1289 13
1291 7
1293 7
1297 6
1299 3
1301 21
1305 9
1307 5
1309 7
1313 9
1315 2
1317 9
1321 9
1323 10
1325 16
1329 7
1331 7
1333 8
1337 5
1339 5
1341 13
1345 5
1347 1
1349 21
1353 6
1355 10
1357 8
1361 19
1363 7
1365 7
1369 7
1371 7
1373 6
1377 13
1379 10
1381 12
1385 18
1387 3
1389 11
1393 6
1395 9
1397 8
1401 7
1403 7
1405 7
1409 9
1411 1
1413 7
1417 4
1419 4
1421 14
1425 7
1427 5
1429 5
1433 8
1435 3
1437 8
1441 8
1443 4
1445 9
1449 15
1451 5
1453 1
1457 8
1459 6
1461 6
1465 3
1467 5
1469 22
1473 7
1475 5
1477 4
1481 17
1483 3
1485 10
1489 6
1491 7
1493 14
1497 4
1499 5
1501 6
1505 15
1507 4
1509 10
1513 6
1515 7
1517 16
1521 6
1523 5
1525 11
1529 15
1531 5
1533 4
1537 6
1539 8
1541 8
1545 7
1547 6
1549 6
1553 9
1557 12
1561 11
1563 2
1565 6
1569 7
1571 13
1573 8
1577 6
1579 3
1581 12
1585 5
1587 2
1589 17
1593 5
1595 8
1597 5
1601 14
1603 2
1605 3
1609 7
1611 8
1613 12
1617 8
1619 9
1621 4
1625 8
1627 3
1629 9
1633 2
1635 3
1637 6
1641 15
1643 3
1645 2
1649 10
1651 1
1653 8
1657 7
1659 2
1661 8
1665 19
1667 8
1669 6
1673 9
1675 2
1677 2
1681 2
1683 3
1685 10
1689 6
1691 12
1693 5
1697 3
1699 4
1701 12
1705 6
1707 7
1709 13
1713 5
1715 4
1717 9
1721 9
1723 4
1725 12
1729 3
1731 6
1733 9
1737 3
1739 13
1741 5
1745 10
1747 2
1749 10
1753 1
1755 4
1757 10
1761 10
1763 5
1765 2
1769 13
1771 4
1773 7
1777 4
1779 6
1781 15
1785 10
1787 1
1789 2
1793 4
1795 2
1797 2
1801 1
1803 6
1805 5
1809 8
1811 10
1813 2
1817 8
1819 4
1821 10
1825 9
1827 3
1829 8
1833 4
1835 4
1837 5
1841 4
1843 1
1845 6
1849 4
1851 4
1853 5
1857 1
1859 3
1861 7
1865 11
1867 3
1869 8
1873 2
1875 4
1877 8
1881 7
1883 7
1889 10
1891 5
1893 5
1897 6
1899 4
1901 8
1905 4
1907 5
1909 5
1913 6
1915 2
1917 7
1921 7
1923 3
1925 8
1929 1
1931 12
1933 4
1937 7
1939 3
1941 4
1947 1
1949 7
1953 3
1955 1
1957 2
1961 4
1965 7
1969 3
1971 8
1973 7
1977 4
1979 6
1981 1
1985 7
1987 3
1989 5
1993 2
1995 5
1997 2
2001 7
2003 4
2005 5
2009 6
2011 2
2013 6
2017 1
2019 7
2021 13
2025 6
2029 6
2033 2
2037 3
2041 8
2043 4
2045 2
2049 2
2051 6
2053 1
2057 5
2061 6
2065 3
2069 4
2075 3
2077 3
2081 10
2083 1
2085 3
2089 9
2091 2
2093 2
2097 6
2099 7
2101 8
2105 2
2107 2
2109 4
2113 2
2115 3
2117 2
2121 5
2123 2
2125 4
2129 6
2131 3
2133 3
2137 1
2139 1
2141 9
2145 3
2147 2
2149 6
2153 3
2155 4
2157 3
2161 4
2163 2
2165 6
2169 10
2171 3
2173 3
2177 2
2179 4
2181 1
2185 2
2187 6
2189 6
2193 2
2195 6
2197 4
2201 4
2203 1
2205 2
2209 2
2211 3
2213 4
2217 3
2219 7
2225 9
2227 3
2229 3
2233 1
2235 3
2237 8
2241 5
2243 5
2245 4
2249 1
2251 3
2253 3
2257 5
2259 3
2261 7
2267 2
2269 2
2273 4
2277 2
2281 1
2283 5
2285 5
2289 3
2291 3
2293 1
2297 5
2299 1
2301 5
2307 1
2309 6
2313 6
2315 4
2317 2
2321 4
2323 1
2325 2
2329 6
2331 2
2333 1
2337 3
2339 4
2341 2
2345 2
2347 1
2349 3
2353 2
2357 4
2361 2
2363 2
2365 6
2369 10
2371 2
2373 3
2377 1
2379 1
2381 3
2385 6
2387 2
2389 4
2393 7
2395 1
2397 2
2401 2
2403 2
2405 3
2409 3
2411 3
2413 1
2417 4
2419 1
2421 3
2425 2
2427 1
2429 3
2433 1
2435 4
2437 1
2441 9
2445 1
2449 1
2451 1
2453 9
2459 5
2461 3
2465 2
2467 3
2469 4
2473 1
2475 2
2477 3
2481 1
2485 1
2489 4
2491 2
2493 2
2499 1
2501 4
2505 3
2507 2
2509 3
2513 1
2515 4
2521 3
2523 1
2525 10
2529 3
2531 1
2537 4
2539 3
2541 5
2545 1
2547 5
2549 3
2553 1
2561 5
2563 2
2565 3
2569 3
2571 1
2573 3
2577 3
2581 4
2585 3
2587 2
2593 1
2595 4
2597 2
2601 2
2603 2
2605 2
2609 4
2613 2
2617 2
2621 3
2625 1
2627 1
2629 1
2633 3
2635 2
2637 1
2641 1
2643 1
2645 1
2649 3
2651 4
2653 1
2657 3
2661 5
2667 2
2669 2
2673 1
2675 2
2677 1
2681 5
2685 2
2691 3
2693 5
2697 4
2699 1
2701 3
2705 6
2707 1
2709 2
2713 1
2715 2
2717 2
2721 3
2725 1
2729 4
2733 4
2737 1
2741 5
2745 2
2747 1
2749 7
2753 2
2757 3
2761 2
2765 4
2769 1
2771 1
2773 1
2777 4
2779 1
2781 2
2785 2
2789 3
2793 3
2795 1
2801 2
2803 1
2805 2
2809 2
2811 1
2813 2
2817 3
2819 2
2821 2
2825 3
2827 2
2833 1
2837 1
2841 1
2843 1
2845 3
2849 3
2851 2
2853 1
2857 3
2861 1
2865 2
2867 2
2869 2
2873 1
2875 1
2877 3
2883 3
2885 4
2889 2
2897 5
2899 2
2901 2
2905 1
2907 3
2909 7
2913 1
2915 3
2917 1
2923 2
2925 1
2929 1
2931 3
2933 2
2939 1
2941 2
2945 1
2949 1
2955 1
2957 4
2961 6
2969 2
2971 1
2973 2
2977 1
2981 2
2985 2
2993 1
2997 3
3005 1
3009 2
3011 2
3013 1
3017 3
3021 1
3025 1
3027 2
3029 5
3033 4
3035 1
3037 1
3041 2
3043 1
3051 1
3053 2
3057 1
3059 2
3061 1
3065 2
3069 6
3073 1
3077 3
3083 1
3089 2
3091 1
3093 5
3097 2
3099 1
3101 4
3105 1
3107 1
3109 1
3113 2
3115 2
3121 2
3123 1
3129 1
3131 1
3137 3
3139 2
3141 1
3145 1
3149 2
3153 1
3155 1
3157 1
3161 1
3165 2
3169 1
3171 3
3173 2
3177 2
3181 2
3185 1
3197 1
3201 1
3203 2
3209 1
3211 1
3217 1
3221 1
3225 1
3229 2
3233 2
3237 2
3245 1
3249 1
3251 1
3253 1
3257 1
3261 1
3267 2
3269 1
3277 1
3281 1
3283 1
3289 4
3291 1
3293 2
3297 2
3301 1
3305 2
3317 2
3321 2
3325 1
3329 1
3331 1
3333 2
3339 1
3341 5
3345 1
3347 1
3349 1
3353 1
3355 2
3357 2
3363 1
3365 2
3369 1
3373 1
3379 2
3385 1
3389 4
3393 3
3401 1
3403 1
3405 1
3409 2
3417 1
3419 1
3421 3
3425 2
3449 3
3451 2
3459 1
3461 3
3473 1
3477 1
3481 1
3485 4
3489 1
3491 1
3497 1
3499 2
3505 1
3509 1
3515 1
3517 2
3521 1
3525 1
3529 1
3533 1
3539 1
3541 1
3545 1
3547 1
3549 2
3553 1
3557 1
3573 2
3589 1
3593 1
3605 2
3609 3
3617 1
3629 2
3635 1
3641 5
3651 1
3659 1
3661 1
3681 1
3683 1
3689 1
3699 1
3709 2
3713 1
3721 1
3737 1
3741 1
3765 1
3769 1
3773 2
3779 1
3797 2
3809 1
3813 2
3827 1
3849 1
3851 1
3853 1
3857 1
3859 1
3861 1
3865 1
3869 1
3875 2
3881 1
3883 1
3885 1
3893 2
3899 1
3901 1
3905 1
3907 1
3909 1
3915 1
3921 1
3929 2
3953 1
3955 1
3957 1
3965 1
3969 1
3993 1
4003 1
4005 1
4009 1
4011 1
4017 1
4025 1
4049 1
4077 1
4085 1
4089 1
4091 1
4101 1
4107 1
4109 2
4131 3
4149 2
4161 2
4163 1
4181 2
4197 1
4203 1
4205 1
4265 1
4267 1
4277 1
4281 1
4285 1
4289 2
4329 1
4331 1
4353 1
4373 1
4385 2
4425 1
4433 1
4437 1
4451 1
4457 1
4481 1
4489 1
4505 1
4509 1
4517 1
4553 1
4613 1
4629 1
4633 1
4659 1
4661 1
4681 1
4689 1
4699 1
4717 1
4773 1
4789 1
4793 1
4843 1
4859 1
4877 1
4889 1
4941 1
4997 1
5027 1
5029 1
5045 1
5051 3
5139 1
5213 1
5313 1
5321 1
5357 2
5465 1
5609 1
5641 1
5651 1
5901 1
6077 1
7409 1
7777 1
