N J h mean_R_sq err_mean_R_sq mean_R_gyr_sq err_mean_R_gyr_sq 
400 0.75 0 1024.38 32.1077 250.521 4.06307
13 1
17 1
25 1
41 1
49 1
61 1
65 1
69 1
73 1
75 1
83 2
89 1
101 2
105 1
109 1
115 1
117 2
123 1
125 4
129 1
137 2
147 1
149 3
155 1
157 1
171 2
173 2
179 3
181 1
189 3
195 1
197 1
201 3
203 3
205 3
209 1
217 1
221 4
227 2
233 2
237 2
245 3
251 1
257 1
261 2
265 2
273 1
275 2
281 6
285 6
289 2
293 1
297 1
299 2
305 2
309 2
315 1
317 1
325 2
331 1
339 2
341 1
345 1
349 1
353 1
355 2
361 3
363 1
365 2
369 5
377 1
381 5
385 1
389 1
393 1
395 3
397 1
401 3
405 1
409 1
411 1
413 2
417 1
425 5
429 1
433 4
437 1
441 1
445 1
449 1
451 2
459 3
461 2
467 2
469 2
477 4
483 1
485 1
489 2
497 1
499 2
505 1
507 1
509 2
513 1
515 2
517 2
521 6
523 1
529 2
531 1
533 1
537 1
539 1
541 2
545 3
547 1
555 1
557 2
561 3
563 2
565 1
569 3
579 1
581 3
585 2
589 1
593 2
601 1
603 1
605 2
609 2
611 3
617 3
619 1
621 1
625 1
629 1
633 1
635 2
637 1
641 2
643 1
645 1
649 1
657 1
659 1
661 1
665 2
667 2
675 1
677 2
683 1
689 2
691 1
693 2
699 2
701 2
705 2
709 1
713 4
715 1
717 1
725 4
731 4
733 1
745 1
747 2
749 2
755 1
761 1
765 1
769 4
771 1
773 2
777 1
779 2
781 1
785 2
787 1
789 3
793 1
797 1
801 1
803 2
805 2
809 1
811 2
819 2
821 2
825 2
827 3
829 3
833 1
843 1
845 2
853 1
857 1
859 2
861 3
865 1
873 2
881 3
885 2
889 1
893 2
899 4
901 2
905 2
909 3
913 2
917 2
921 2
925 1
929 2
931 1
933 1
937 2
941 4
945 1
947 1
949 1
957 1
961 3
963 2
965 1
971 1
973 1
977 1
979 3
981 1
989 2
993 2
995 1
997 1
1009 1
1011 1
1013 3
1017 1
1019 1
1025 4
1029 2
1035 1
1037 2
1043 1
1045 1
1049 3
1053 3
1069 2
1073 2
1075 1
1083 1
1089 1
1091 1
1093 1
1107 2
1109 1
1113 2
1115 1
1121 1
1125 1
1131 1
1137 1
1139 1
1153 2
1157 1
1161 1
1169 1
1173 1
1179 2
1181 2
1187 2
1193 1
1195 2
1201 1
1205 1
1209 1
1217 2
1221 1
1225 3
1233 3
1235 1
1241 1
1259 1
1265 3
1269 1
1275 1
1277 2
1291 1
1299 1
1301 2
1305 1
1309 2
1321 2
1325 1
1329 1
1331 1
1341 1
1349 3
1353 1
1361 1
1363 1
1365 1
1371 1
1377 1
1379 1
1381 1
1385 1
1397 1
1403 1
1405 1
1409 1
1417 1
1421 3
1425 3
1445 1
1449 1
1457 1
1459 1
1469 1
1489 1
1493 2
1497 1
1505 1
1517 2
1521 1
1525 2
1529 1
1537 2
1539 1
1553 1
1557 2
1563 1
1569 1
1571 1
1581 2
1585 2
1589 1
1603 1
1605 1
1619 1
1625 1
1629 2
1637 2
1649 1
1665 2
1673 1
1683 1
1691 2
1701 1
1709 1
1713 1
1725 2
1739 2
1741 1
1755 1
1769 2
1771 1
1781 2
1785 1
1789 2
1795 1
1797 1
1801 1
1809 1
1813 1
1817 2
1819 1
1861 1
1877 1
1881 1
1885 1
1889 1
1899 2
1913 2
1921 1
1937 1
1953 2
1955 1
1971 1
1979 3
2011 1
2021 1
2029 1
2041 1
2043 1
2059 2
2061 1
2075 1
2077 1
2085 1
2091 1
2093 1
2107 1
2121 2
2123 1
2145 2
2149 1
2155 1
2169 2
2177 1
2201 2
2217 1
2221 1
2241 1
2253 1
2261 1
2269 1
2273 1
2291 1
2293 1
2297 1
2321 1
2341 1
2381 1
2387 1
2393 1
2397 1
2443 1
2459 1
2461 1
2481 1
2483 1
2485 1
2501 1
2529 1
2601 1
2625 2
2661 1
2691 2
2725 1
2793 1
2845 1
2857 1
2933 1
2945 1
2949 1
2955 1
3065 1
3069 1
3081 1
3201 1
3457 1
3555 1
3709 1
3721 1
3931 1
4029 1
4123 1
4139 1
4177 1
4217 1
