N J h mean_R_sq err_mean_R_sq mean_R_gyr_sq err_mean_R_gyr_sq 
400 0.75 0 1043.7 8.72117 247.36 1.24593
0 95
1 156
2 137
3 164
4 168
5 161
6 166
7 175
8 179
9 140
10 165
11 158
12 189
13 192
14 192
15 203
16 190
17 199
18 197
19 191
20 182
21 169
22 219
23 192
24 192
25 186
26 197
27 179
28 196
29 198
30 166
31 194
32 174
33 197
34 167
35 149
36 157
37 151
38 133
39 126
40 114
41 122
42 124
43 112
44 85
45 83
46 88
47 75
48 77
49 58
50 61
51 44
52 44
53 38
54 36
55 36
56 24
57 20
58 24
59 17
60 15
61 12
62 6
63 7
64 5
65 5
66 8
67 4
68 1
69 3
70 2
72 1
74 1
75 2
78 1
82 1
88 2
