N J h mean_R_sq err_mean_R_sq mean_R_gyr_sq err_mean_R_gyr_sq 
500 1.405 0 1000.64 31.159 198.918 4.00175
1000 751
1001 687
1002 705
1003 705
1004 716
1005 727
1006 690
1007 783
1008 707
1009 681
1010 704
1011 701
1012 706
1013 716
1014 731
1015 701
1016 676
1017 665
1018 656
1019 675
1020 641
1021 680
1022 665
1023 655
1024 676
1025 615
1026 662
1027 664
1028 691
1029 642
1030 650
1031 661
1032 618
1033 639
1034 622
1035 617
1036 645
1037 637
1038 619
1039 603
1040 639
1041 599
1042 595
1043 600
1044 629
1045 656
1046 614
1047 555
1048 571
1049 560
1050 564
1051 577
1052 590
1053 561
1054 530
1055 555
1056 508
1057 553
1058 557
1059 527
1060 594
1061 573
1062 557
1063 517
1064 528
1065 522
1066 492
1067 534
1068 544
1069 479
1070 539
1071 521
1072 506
1073 522
1074 522
1075 529
1076 547
1077 502
1078 529
1079 489
1080 496
1081 524
1082 518
1083 485
1084 517
1085 487
1086 494
1087 511
1088 477
1089 495
1090 436
1091 453
1092 478
1093 492
1094 467
1095 486
1096 478
1097 440
1098 453
1099 456
1100 455
1101 423
1102 394
1103 463
1104 431
1105 409
1106 469
1107 423
1108 399
1109 432
1110 444
1111 435
1112 436
1113 448
1114 398
1115 387
1116 433
1117 442
1118 429
1119 411
1120 356
1121 383
1122 426
1123 382
1124 375
1125 406
1126 393
1127 380
1128 420
1129 415
1130 348
1131 380
1132 392
1133 369
1134 375
1135 349
1136 328
1137 384
1138 357
1139 367
1140 362
1141 367
1142 382
1143 347
1144 299
1145 354
1146 337
1147 326
1148 329
1149 327
1150 371
1151 301
1152 332
1153 341
1154 353
1155 293
1156 340
1157 347
1158 323
1159 312
1160 301
1161 309
1162 289
1163 305
1164 299
1165 297
1166 284
1167 298
1168 284
1169 266
1170 262
1171 293
1172 308
1173 271
1174 258
1175 287
1176 266
1177 275
1178 256
1179 278
1180 267
1181 299
1182 258
1183 264
1184 272
1185 254
1186 254
1187 238
1188 273
1189 269
1190 240
1191 260
1192 252
1193 237
1194 268
1195 249
1196 252
1197 250
1198 229
1199 215
1200 221
1201 225
1202 223
1203 214
1204 228
1205 234
1206 199
1207 212
1208 234
1209 194
1210 209
1211 219
1212 198
1213 203
1214 200
1215 192
1216 225
1217 228
1218 198
1219 191
1220 175
1221 197
1222 185
1223 168
1224 169
1225 173
1226 209
1227 185
1228 175
1229 199
1230 161
1231 168
1232 158
1233 174
1234 161
1235 185
1236 178
1237 156
1238 139
1239 170
1240 172
1241 180
1242 132
1243 164
1244 158
1245 156
1246 144
1247 150
1248 149
1249 130
1250 144
1251 146
1252 156
1253 144
1254 139
1255 160
1256 133
1257 148
1258 142
1259 131
1260 145
1261 113
1262 136
1263 124
1264 129
1265 138
1266 116
1267 112
1268 110
1269 126
1270 122
1271 125
1272 110
1273 94
1274 127
1275 96
1276 115
1277 96
1278 108
1279 100
1280 120
1281 94
1282 112
1283 85
1284 100
1285 106
1286 98
1287 105
1288 99
1289 114
1290 84
1291 101
1292 109
1293 95
1294 91
1295 79
1296 76
1297 105
1298 89
1299 97
1300 96
1301 90
1302 81
1303 65
1304 87
1305 90
1306 74
1307 89
1308 65
1309 84
1310 94
1311 73
1312 73
1313 69
1314 83
1315 69
1316 63
1317 67
1318 66
1319 72
1320 80
1321 52
1322 70
1323 55
1324 80
1325 71
1326 62
1327 61
1328 51
1329 53
1330 51
1331 42
1332 67
1333 32
1334 48
1335 58
1336 48
1337 52
1338 42
1339 53
1340 46
1341 45
1342 48
1343 46
1344 36
1345 49
1346 43
1347 42
1348 42
1349 44
1350 44
1351 32
1352 45
1353 41
1354 36
1355 41
1356 40
1357 34
1358 26
1359 30
1360 27
1361 42
1362 32
1363 31
1364 46
1365 35
1366 35
1367 38
1368 45
1369 27
1370 26
1371 33
1372 27
1373 32
1374 29
1375 24
1376 29
1377 28
1378 33
1379 29
1380 27
1381 29
1382 26
1383 22
1384 25
1385 24
1386 20
1387 33
1388 20
1389 19
1390 25
1391 23
1392 30
1393 13
1394 21
1395 25
1396 19
1397 21
1398 15
1399 20
1400 14
1401 17
1402 17
1403 10
1404 18
1405 17
1406 15
1407 21
1408 13
1409 15
1410 15
1411 18
1412 16
1413 13
1414 14
1415 6
1416 14
1417 19
1418 16
1419 7
1420 11
1421 12
1422 14
1423 6
1424 12
1425 7
1426 9
1427 6
1428 7
1429 14
1430 8
1431 10
1432 12
1433 5
1434 6
1435 5
1436 8
1437 6
1438 8
1439 7
1440 5
1441 4
1442 7
1443 5
1444 10
1445 8
1446 4
1447 5
1448 8
1449 3
1450 9
1451 3
1452 2
1453 6
1454 6
1455 6
1456 4
1457 6
1458 5
1459 7
1460 5
1461 7
1462 5
1463 4
1464 5
1465 5
1466 3
1467 5
1468 3
1469 5
1470 2
1471 4
1472 1
1473 1
1474 3
1475 4
1477 4
1478 4
1479 2
1480 3
1481 3
1482 4
1483 3
1485 1
1486 3
1488 2
1490 3
1491 1
1492 1
1494 1
1495 2
1496 1
1497 1
1499 2
1501 1
1502 2
1504 4
1512 1
1513 1
1518 1
1519 1
1520 1
1521 1
1522 2
1534 1
1540 1
1543 1
1547 1
1549 1
1551 1
1553 1
