N J h mean_R_sq err_mean_R_sq mean_R_gyr_sq err_mean_R_gyr_sq 
500 1.39 0 1177.01 28.1406 221.873 3.53708
2874 1
2887 1
2891 1
2896 2
2897 1
2900 1
2902 1
2904 2
2905 3
2906 1
2907 1
2909 1
2910 2
2912 2
2913 2
2914 1
2915 2
2916 1
2917 1
2918 2
2919 4
2920 1
2921 1
2923 4
2924 1
2925 1
2926 2
2927 5
2928 6
2929 2
2930 3
2931 4
2932 6
2933 7
2934 3
2935 2
2936 3
2937 8
2938 4
2939 4
2940 2
2941 7
2942 5
2943 11
2944 8
2945 8
2946 8
2947 10
2948 10
2949 10
2950 5
2951 10
2952 10
2953 9
2954 10
2955 14
2956 12
2957 14
2958 13
2959 8
2960 16
2961 11
2962 9
2963 16
2964 10
2965 23
2966 17
2967 22
2968 20
2969 16
2970 27
2971 20
2972 24
2973 16
2974 27
2975 19
2976 29
2977 25
2978 31
2979 38
2980 42
2981 37
2982 37
2983 37
2984 33
2985 40
2986 52
2987 54
2988 48
2989 50
2990 48
2991 55
2992 66
2993 68
2994 64
2995 86
2996 54
2997 72
2998 69
2999 83
3000 76
3001 94
3002 70
3003 72
3004 81
3005 78
3006 95
3007 96
3008 101
3009 111
3010 113
3011 108
3012 106
3013 121
3014 131
3015 122
3016 135
3017 107
3018 149
3019 138
3020 135
3021 137
3022 146
3023 159
3024 172
3025 167
3026 184
3027 192
3028 185
3029 193
3030 190
3031 191
3032 194
3033 207
3034 216
3035 202
3036 224
3037 237
3038 255
3039 244
3040 248
3041 262
3042 290
3043 278
3044 279
3045 259
3046 278
3047 305
3048 307
3049 328
3050 312
3051 303
3052 335
3053 346
3054 354
3055 376
3056 345
3057 352
3058 367
3059 382
3060 375
3061 396
3062 413
3063 413
3064 393
3065 384
3066 404
3067 446
3068 443
3069 485
3070 453
3071 492
3072 455
3073 482
3074 528
3075 522
3076 479
3077 484
3078 519
3079 535
3080 506
3081 520
3082 524
3083 540
3084 589
3085 601
3086 526
3087 566
3088 590
3089 582
3090 607
3091 643
3092 656
3093 624
3094 630
3095 659
3096 654
3097 705
3098 673
3099 662
3100 676
3101 698
3102 726
3103 645
3104 703
3105 748
3106 795
3107 704
3108 765
3109 718
3110 779
3111 711
3112 758
3113 765
3114 796
3115 781
3116 776
3117 758
3118 806
3119 775
3120 802
3121 836
3122 823
3123 832
3124 785
3125 813
3126 808
3127 807
3128 847
3129 830
3130 822
3131 838
3132 824
3133 848
3134 896
3135 829
3136 872
3137 870
3138 871
3139 867
3140 860
3141 845
3142 882
3143 886
3144 829
3145 898
3146 866
3147 854
3148 847
3149 845
3150 827
3151 867
3152 822
3153 882
3154 857
3155 867
3156 853
3157 868
3158 832
3159 839
3160 872
3161 861
3162 830
3163 830
3164 823
3165 847
3166 838
3167 786
3168 827
3169 810
3170 840
3171 789
3172 785
3173 816
3174 786
3175 785
3176 827
3177 777
3178 807
3179 816
3180 790
3181 775
3182 728
3183 796
3184 762
3185 737
3186 754
3187 709
3188 760
3189 749
3190 681
3191 728
3192 703
3193 687
3194 679
3195 650
3196 659
3197 636
3198 613
3199 650
3200 642
3201 664
3202 632
3203 619
3204 566
3205 607
3206 603
3207 581
3208 593
3209 577
3210 514
3211 535
3212 499
3213 546
3214 546
3215 513
3216 553
3217 522
3218 479
3219 447
3220 464
3221 448
3222 464
3223 463
3224 456
3225 463
3226 426
3227 416
3228 429
3229 407
3230 402
3231 391
3232 387
3233 382
3234 363
3235 368
3236 370
3237 322
3238 362
3239 344
3240 331
3241 286
3242 310
3243 283
3244 290
3245 264
3246 254
3247 261
3248 248
3249 248
3250 262
3251 248
3252 242
3253 255
3254 234
3255 211
3256 206
3257 223
3258 207
3259 205
3260 206
3261 176
3262 188
3263 172
3264 164
3265 159
3266 145
3267 156
3268 182
3269 152
3270 144
3271 127
3272 145
3273 130
3274 120
3275 111
3276 117
3277 115
3278 104
3279 102
3280 102
3281 91
3282 91
3283 82
3284 89
3285 81
3286 85
3287 77
3288 80
3289 86
3290 61
3291 70
3292 76
3293 63
3294 72
3295 52
3296 46
3297 55
3298 52
3299 46
3300 50
3301 43
3302 39
3303 48
3304 42
3305 36
3306 37
3307 35
3308 31
3309 32
3310 33
3311 25
3312 33
3313 28
3314 19
3315 24
3316 25
3317 27
3318 19
3319 24
3320 15
3321 24
3322 13
3323 23
3324 24
3325 23
3326 13
3327 15
3328 8
3329 11
3330 11
3331 12
3332 14
3333 8
3334 10
3335 12
3336 7
3337 9
3338 6
3339 8
3340 10
3341 11
3342 6
3343 7
3344 9
3345 6
3346 8
3347 9
3348 2
3349 7
3350 9
3351 7
3352 5
3353 5
3354 1
3355 4
3356 2
3357 4
3358 5
3359 4
3361 6
3362 3
3363 4
3364 2
3365 4
3366 1
3368 1
3369 1
3371 2
3372 2
3375 1
3377 2
3379 1
3381 1
3382 1
3386 2
3388 1
3392 1
3397 1
