N J h mean_R_sq err_mean_R_sq mean_R_gyr_sq err_mean_R_gyr_sq 
700 1.435 0 933.886 39.191 218.643 5.02138
272 1
275 1
279 1
281 1
294 1
299 1
302 1
303 1
307 2
308 2
310 3
311 2
312 1
313 2
317 3
319 2
320 2
321 1
322 1
323 3
324 1
325 1
326 3
327 1
328 1
329 2
330 3
331 2
332 1
333 3
334 3
335 5
336 3
337 6
338 2
339 4
340 1
341 2
342 1
343 6
344 3
345 5
346 3
347 1
348 2
349 8
350 4
351 8
352 5
353 5
354 5
355 4
356 3
357 3
358 6
359 2
360 3
361 7
362 6
363 2
364 3
365 6
366 7
367 6
368 5
369 7
370 1
371 6
372 4
373 1
374 10
375 8
376 5
377 11
378 11
379 12
380 8
381 6
382 7
383 11
384 9
385 12
386 11
387 14
388 6
389 7
390 11
391 12
392 15
393 15
394 14
395 13
396 14
397 18
398 18
399 17
400 18
401 12
402 12
403 10
404 16
405 23
406 13
407 20
408 12
409 15
410 22
411 20
412 19
413 20
414 33
415 14
416 18
417 19
418 21
419 21
420 15
421 17
422 27
423 26
424 21
425 20
426 30
427 28
428 24
429 34
430 22
431 19
432 23
433 34
434 18
435 26
436 21
437 27
438 23
439 33
440 26
441 37
442 25
443 25
444 33
445 27
446 21
447 40
448 35
449 32
450 43
451 26
452 35
453 35
454 25
455 28
456 25
457 30
458 33
459 34
460 37
461 43
462 38
463 37
464 42
465 34
466 34
467 38
468 42
469 39
470 35
471 36
472 42
473 40
474 42
475 39
476 25
477 34
478 34
479 42
480 45
481 42
482 39
483 45
484 44
485 48
486 47
487 49
488 34
489 49
490 51
491 46
492 67
493 44
494 60
495 43
496 53
497 55
498 41
499 47
500 58
501 56
502 57
503 53
504 49
505 64
506 68
507 70
508 60
509 58
510 61
511 56
512 56
513 54
514 60
515 48
516 55
517 69
518 76
519 52
520 60
521 67
522 75
523 67
524 68
525 62
526 82
527 53
528 74
529 65
530 70
531 67
532 64
533 65
534 66
535 81
536 71
537 59
538 72
539 82
540 72
541 51
542 72
543 68
544 77
545 76
546 67
547 68
548 79
549 72
550 67
551 77
552 84
553 84
554 64
555 79
556 91
557 85
558 77
559 88
560 77
561 92
562 79
563 72
564 86
565 88
566 72
567 87
568 65
569 101
570 69
571 92
572 84
573 93
574 93
575 87
576 77
577 75
578 103
579 81
580 83
581 78
582 87
583 97
584 78
585 85
586 83
587 115
588 91
589 102
590 91
591 94
592 105
593 94
594 105
595 87
596 87
597 75
598 98
599 91
600 93
601 108
602 102
603 83
604 103
605 94
606 93
607 83
608 101
609 90
610 96
611 103
612 100
613 106
614 111
615 80
616 117
617 98
618 104
619 116
620 107
621 92
622 102
623 88
624 100
625 111
626 97
627 96
628 120
629 114
630 109
631 89
632 122
633 99
634 126
635 127
636 101
637 119
638 114
639 114
640 117
641 102
642 105
643 115
644 105
645 117
646 100
647 115
648 113
649 93
650 124
651 110
652 138
653 124
654 117
655 133
656 119
657 117
658 108
659 101
660 115
661 128
662 119
663 98
664 131
665 88
666 101
667 96
668 106
669 105
670 118
671 124
672 114
673 115
674 126
675 113
676 136
677 119
678 134
679 114
680 136
681 130
682 117
683 139
684 136
685 138
686 117
687 107
688 120
689 119
690 156
691 141
692 146
693 137
694 127
695 125
696 113
697 132
698 140
699 126
700 125
701 131
702 129
703 136
704 134
705 135
706 138
707 126
708 108
709 144
710 141
711 122
712 137
713 121
714 129
715 116
716 129
717 94
718 135
719 133
720 128
721 133
722 133
723 133
724 137
725 139
726 127
727 159
728 144
729 134
730 141
731 139
732 147
733 124
734 154
735 139
736 142
737 132
738 145
739 130
740 149
741 128
742 152
743 147
744 160
745 135
746 133
747 132
748 136
749 134
750 156
751 152
752 147
753 123
754 153
755 149
756 136
757 117
758 134
759 153
760 145
761 152
762 162
763 153
764 133
765 126
766 136
767 157
768 137
769 142
770 155
771 139
772 151
773 130
774 142
775 140
776 153
777 135
778 145
779 138
780 168
781 135
782 148
783 152
784 130
785 140
786 158
787 159
788 151
789 149
790 138
791 154
792 164
793 146
794 140
795 148
796 137
797 135
798 149
799 143
800 134
801 171
802 155
803 141
804 171
805 129
806 148
807 182
808 141
809 169
810 150
811 152
812 169
813 160
814 141
815 160
816 163
817 170
818 180
819 138
820 140
821 153
822 134
823 188
824 149
825 163
826 151
827 164
828 161
829 134
830 165
831 165
832 142
833 156
834 154
835 149
836 162
837 145
838 165
839 123
840 160
841 141
842 170
843 135
844 156
845 134
846 155
847 164
848 157
849 152
850 139
851 139
852 140
853 140
854 139
855 161
856 169
857 163
858 154
859 152
860 155
861 161
862 164
863 167
864 126
865 156
866 178
867 146
868 137
869 169
870 177
871 170
872 153
873 184
874 136
875 167
876 152
877 157
878 176
879 162
880 154
881 153
882 162
883 140
884 141
885 135
886 143
887 161
888 158
889 143
890 175
891 173
892 157
893 165
894 166
895 162
896 130
897 124
898 131
899 174
900 161
901 163
902 173
903 166
904 135
905 165
906 161
907 148
908 188
909 153
910 182
911 168
912 166
913 156
914 146
915 167
916 171
917 157
918 168
919 164
920 183
921 167
922 173
923 173
924 189
925 130
926 151
927 147
928 160
929 171
930 161
931 173
932 166
933 162
934 154
935 157
936 160
937 172
938 181
939 169
940 156
941 154
942 183
943 147
944 164
945 158
946 193
947 191
948 149
949 166
950 148
951 153
952 147
953 182
954 164
955 160
956 155
957 196
958 149
959 156
960 163
961 180
962 167
963 182
964 151
965 159
966 164
967 162
968 151
969 149
970 156
971 155
972 165
973 142
974 150
975 167
976 183
977 163
978 163
979 161
980 178
981 173
982 179
983 146
984 177
985 171
986 137
987 179
988 151
989 174
990 159
991 165
992 167
993 167
994 174
995 163
996 167
997 161
998 168
999 161
1000 157
1001 149
1002 167
1003 175
1004 176
1005 163
1006 162
1007 165
1008 157
1009 140
1010 196
1011 174
1012 168
1013 140
1014 184
1015 165
1016 169
1017 140
1018 182
1019 154
1020 153
1021 173
1022 159
1023 146
1024 163
1025 173
1026 124
1027 161
1028 155
1029 183
1030 162
1031 173
1032 142
1033 170
1034 167
1035 146
1036 153
1037 148
1038 172
1039 183
1040 176
1041 159
1042 175
1043 160
1044 158
1045 159
1046 156
1047 132
1048 153
1049 142
1050 175
1051 167
1052 162
1053 162
1054 167
1055 182
1056 177
1057 149
1058 164
1059 140
1060 155
1061 153
1062 154
1063 186
1064 161
1065 161
1066 188
1067 178
1068 162
1069 150
1070 162
1071 152
1072 153
1073 159
1074 188
1075 148
1076 159
1077 157
1078 161
1079 162
1080 158
1081 172
1082 169
1083 164
1084 164
1085 158
1086 137
1087 144
1088 156
1089 174
1090 156
1091 156
1092 172
1093 139
1094 146
1095 157
1096 153
1097 149
1098 172
1099 149
1100 152
1101 158
1102 167
1103 156
1104 151
1105 153
1106 181
1107 166
1108 152
1109 170
1110 141
1111 162
1112 146
1113 124
1114 138
1115 153
1116 151
1117 161
1118 166
1119 169
1120 155
1121 161
1122 138
1123 145
1124 160
1125 148
1126 175
1127 161
1128 161
1129 151
1130 140
1131 140
1132 161
1133 172
1134 150
1135 150
1136 154
1137 145
1138 143
1139 146
1140 162
1141 142
1142 167
1143 155
1144 165
1145 152
1146 179
1147 153
1148 181
1149 162
1150 160
1151 154
1152 174
1153 165
1154 163
1155 143
1156 165
1157 153
1158 160
1159 138
1160 167
1161 135
1162 150
1163 165
1164 143
1165 173
1166 146
1167 156
1168 148
1169 148
1170 131
1171 138
1172 119
1173 129
1174 139
1175 150
1176 149
1177 150
1178 158
1179 130
1180 160
1181 144
1182 150
1183 161
1184 160
1185 146
1186 135
1187 149
1188 170
1189 162
1190 139
1191 150
1192 167
1193 159
1194 159
1195 157
1196 154
1197 168
1198 169
1199 155
1200 149
1201 166
1202 143
1203 160
1204 136
1205 129
1206 160
1207 162
1208 154
1209 146
1210 150
1211 155
1212 158
1213 144
1214 133
1215 150
1216 118
1217 142
1218 142
1219 148
1220 154
1221 152
1222 124
1223 129
1224 151
1225 153
1226 154
1227 129
1228 168
1229 155
1230 147
1231 151
1232 135
1233 156
1234 146
1235 165
1236 156
1237 131
1238 152
1239 148
1240 137
1241 128
1242 125
1243 148
1244 137
1245 129
1246 133
1247 150
1248 138
1249 150
1250 136
1251 123
1252 132
1253 147
1254 148
1255 134
1256 174
1257 133
1258 151
1259 138
1260 156
1261 163
1262 127
1263 140
1264 122
1265 127
1266 144
1267 151
1268 130
1269 132
1270 148
1271 135
1272 123
1273 121
1274 143
1275 144
1276 123
1277 153
1278 125
1279 148
1280 132
1281 125
1282 120
1283 131
1284 143
1285 143
1286 111
1287 124
1288 118
1289 145
1290 116
1291 123
1292 127
1293 125
1294 131
1295 97
1296 151
1297 119
1298 125
1299 137
1300 118
1301 137
1302 136
1303 124
1304 127
1305 126
1306 129
1307 108
1308 134
1309 127
1310 125
1311 123
1312 120
1313 139
1314 135
1315 141
1316 128
1317 129
1318 144
1319 127
1320 126
1321 122
1322 133
1323 149
1324 130
1325 130
1326 137
1327 110
1328 130
1329 129
1330 119
1331 101
1332 122
1333 105
1334 108
1335 120
1336 108
1337 116
1338 118
1339 112
1340 118
1341 123
1342 124
1343 115
1344 104
1345 105
1346 127
1347 106
1348 121
1349 107
1350 112
1351 113
1352 102
1353 105
1354 100
1355 113
1356 105
1357 114
1358 113
1359 119
1360 126
1361 132
1362 81
1363 95
1364 115
1365 108
1366 97
1367 106
1368 118
1369 128
1370 123
1371 124
1372 96
1373 102
1374 102
1375 114
1376 106
1377 102
1378 103
1379 109
1380 101
1381 109
1382 100
1383 88
1384 95
1385 112
1386 111
1387 105
1388 103
1389 107
1390 100
1391 93
1392 102
1393 82
1394 99
1395 104
1396 92
1397 105
1398 100
1399 100
1400 109
1401 99
1402 102
1403 101
1404 119
1405 108
1406 95
1407 92
1408 91
1409 79
1410 88
1411 83
1412 103
1413 109
1414 96
1415 90
1416 97
1417 64
1418 80
1419 94
1420 80
1421 88
1422 79
1423 99
1424 77
1425 88
1426 95
1427 78
1428 74
1429 80
1430 92
1431 84
1432 99
1433 93
1434 89
1435 72
1436 86
1437 73
1438 92
1439 78
1440 70
1441 84
1442 98
1443 67
1444 81
1445 86
1446 69
1447 67
1448 67
1449 79
1450 81
1451 74
1452 65
1453 71
1454 68
1455 64
1456 76
1457 61
1458 89
1459 74
1460 69
1461 82
1462 78
1463 72
1464 69
1465 81
1466 73
1467 67
1468 66
1469 60
1470 69
1471 62
1472 57
1473 55
1474 72
1475 60
1476 60
1477 56
1478 59
1479 61
1480 66
1481 67
1482 68
1483 72
1484 72
1485 75
1486 50
1487 64
1488 57
1489 53
1490 46
1491 64
1492 57
1493 60
1494 58
1495 64
1496 56
1497 54
1498 57
1499 48
1500 48
1501 60
1502 58
1503 41
1504 54
1505 46
1506 57
1507 56
1508 61
1509 45
1510 53
1511 51
1512 62
1513 46
1514 42
1515 44
1516 52
1517 52
1518 55
1519 38
1520 45
1521 51
1522 41
1523 35
1524 38
1525 38
1526 42
1527 47
1528 34
1529 36
1530 38
1531 34
1532 36
1533 30
1534 39
1535 36
1536 26
1537 44
1538 34
1539 35
1540 41
1541 39
1542 33
1543 27
1544 42
1545 30
1546 37
1547 24
1548 32
1549 34
1550 31
1551 29
1552 30
1553 30
1554 36
1555 27
1556 33
1557 30
1558 31
1559 20
1560 27
1561 24
1562 29
1563 34
1564 25
1565 32
1566 30
1567 24
1568 16
1569 21
1570 26
1571 25
1572 19
1573 22
1574 25
1575 18
1576 10
1577 24
1578 20
1579 10
1580 22
1581 20
1582 23
1583 24
1584 18
1585 22
1586 21
1587 22
1588 23
1589 20
1590 18
1591 19
1592 16
1593 17
1594 11
1595 9
1596 16
1597 16
1598 14
1599 13
1600 10
1601 14
1602 11
1603 6
1604 14
1605 16
1606 13
1607 14
1608 10
1609 9
1610 14
1611 24
1612 7
1613 4
1614 8
1615 7
1616 11
1617 13
1618 13
1619 12
1620 11
1621 13
1622 7
1623 7
1624 9
1625 3
1626 6
1627 8
1628 6
1629 7
1630 2
1631 5
1632 5
1633 4
1634 5
1635 8
1636 8
1637 3
1638 4
1639 6
1640 2
1641 3
1642 9
1643 3
1644 4
1645 3
1646 2
1647 6
1648 3
1649 2
1650 5
1651 3
1652 2
1653 3
1654 2
1655 2
1656 3
1657 4
1659 5
1660 1
1662 1
1663 6
1664 5
1665 2
1666 6
1667 2
1668 1
1669 3
1670 1
1671 1
1672 2
1674 2
1676 1
1677 1
1678 1
1679 1
1681 1
1682 2
1683 1
1686 1
1688 2
1691 1
1693 1
1696 2
1697 2
1698 1
1700 1
1701 1
1703 2
1705 1
1706 1
1709 1
1710 1
1712 1
1714 2
1715 2
1718 1
1722 1
1735 1
