N J h mean_R_sq err_mean_R_sq mean_R_gyr_sq err_mean_R_gyr_sq 
500 1.3 0 2746 123.32 421.508 14.1998
448 1
478 1
533 1
547 1
550 1
552 1
559 1
562 1
563 1
568 1
569 1
570 1
571 1
582 1
585 2
590 1
591 1
594 1
596 1
601 1
607 1
608 2
610 1
611 1
612 1
615 1
616 1
618 1
622 1
623 1
625 1
626 1
629 1
630 1
632 1
633 1
635 2
637 1
638 1
639 2
640 1
641 1
642 1
644 1
647 2
648 1
649 1
650 2
651 2
652 2
653 2
655 1
656 3
661 3
663 3
664 2
667 2
669 3
670 1
671 1
672 2
673 1
674 4
675 4
676 1
677 1
678 4
679 2
680 1
681 6
682 2
683 4
684 2
685 1
686 5
687 1
688 3
689 3
690 4
691 2
692 1
693 3
694 3
695 3
696 1
697 3
699 4
700 2
701 4
702 4
703 2
704 4
705 2
706 1
707 1
708 5
709 6
710 3
711 5
712 3
713 3
714 5
715 3
716 3
717 3
718 6
719 4
720 3
721 2
722 3
723 6
724 2
725 5
726 4
727 2
728 4
729 7
730 4
731 6
732 8
734 6
735 6
736 8
737 6
738 1
739 5
740 2
741 10
742 2
743 7
744 5
745 8
746 6
747 10
748 2
749 8
750 4
751 5
752 5
753 8
754 6
755 14
756 7
757 9
758 8
759 7
760 7
761 5
762 8
763 9
764 4
765 6
766 14
767 9
768 7
769 7
770 5
771 11
772 12
773 10
774 9
775 9
776 6
777 5
778 2
779 5
780 10
781 12
782 11
783 6
784 8
785 7
786 8
787 8
788 9
789 9
790 7
791 14
792 7
793 11
794 8
795 9
796 15
797 12
798 9
799 11
800 8
801 9
802 16
803 15
804 17
805 19
806 9
807 11
808 18
809 12
810 8
811 16
812 8
813 14
814 18
815 10
816 14
817 13
818 10
819 11
820 14
821 20
822 9
823 11
824 12
825 17
826 12
827 17
828 14
829 15
830 12
831 11
832 21
833 13
834 16
835 19
836 17
837 22
838 22
839 6
840 19
841 19
842 23
843 24
844 17
845 22
846 10
847 11
848 16
849 15
850 19
851 22
852 18
853 22
854 19
855 18
856 15
857 18
858 33
859 27
860 20
861 20
862 17
863 16
864 24
865 12
866 22
867 17
868 30
869 19
870 21
871 16
872 26
873 22
874 24
875 29
876 24
877 20
878 22
879 25
880 15
881 29
882 25
883 23
884 19
885 20
886 25
887 22
888 31
889 27
890 27
891 28
892 22
893 25
894 23
895 21
896 29
897 26
898 26
899 24
900 28
901 30
902 22
903 26
904 28
905 28
906 37
907 20
908 26
909 23
910 29
911 27
912 30
913 23
914 32
915 29
916 25
917 24
918 34
919 26
920 28
921 22
922 30
923 22
924 31
925 33
926 22
927 34
928 37
929 25
930 27
931 25
932 31
933 34
934 29
935 34
936 29
937 26
938 35
939 28
940 22
941 28
942 22
943 30
944 33
945 26
946 32
947 25
948 34
949 45
950 32
951 31
952 41
953 41
954 36
955 39
956 41
957 35
958 33
959 32
960 39
961 36
962 31
963 28
964 36
965 23
966 28
967 43
968 30
969 35
970 43
971 33
972 35
973 35
974 26
975 33
976 34
977 18
978 34
979 33
980 31
981 22
982 32
983 32
984 24
985 40
986 30
987 30
988 29
989 27
990 28
991 34
992 29
993 36
994 26
995 36
996 37
997 29
998 36
999 35
1000 36
1001 36
1002 34
1003 38
1004 38
1005 27
1006 35
1007 23
1008 32
1009 36
1010 42
1011 32
1012 42
1013 32
1014 44
1015 27
1016 26
1017 36
1018 30
1019 51
1020 37
1021 27
1022 29
1023 30
1024 34
1025 29
1026 34
1027 36
1028 26
1029 39
1030 37
1031 33
1032 36
1033 30
1034 34
1035 31
1036 36
1037 34
1038 34
1039 28
1040 31
1041 29
1042 38
1043 22
1044 35
1045 29
1046 30
1047 32
1048 29
1049 25
1050 27
1051 31
1052 41
1053 41
1054 33
1055 38
1056 33
1057 36
1058 32
1059 40
1060 32
1061 30
1062 27
1063 31
1064 30
1065 34
1066 28
1067 28
1068 31
1069 33
1070 26
1071 29
1072 25
1073 41
1074 29
1075 31
1076 37
1077 27
1078 35
1079 34
1080 11
1081 37
1082 25
1083 29
1084 28
1085 25
1086 25
1087 26
1088 21
1089 22
1090 29
1091 23
1092 22
1093 31
1094 35
1095 19
1096 18
1097 21
1098 29
1099 29
1100 19
1101 37
1102 24
1103 20
1104 20
1105 28
1106 28
1107 22
1108 21
1109 29
1110 21
1111 28
1112 37
1113 24
1114 15
1115 13
1116 23
1117 24
1118 18
1119 18
1120 25
1121 32
1122 26
1123 17
1124 22
1125 27
1126 28
1127 23
1128 18
1129 21
1130 20
1131 22
1132 17
1133 17
1134 19
1135 24
1136 27
1137 14
1138 21
1139 10
1140 22
1141 13
1142 25
1143 12
1144 27
1145 22
1146 16
1147 13
1148 15
1149 15
1150 17
1151 18
1152 18
1153 19
1154 19
1155 10
1156 16
1157 10
1158 18
1159 18
1160 14
1161 16
1162 14
1163 10
1164 11
1165 23
1166 24
1167 15
1168 17
1169 13
1170 14
1171 13
1172 21
1173 17
1174 11
1175 14
1176 9
1177 17
1178 19
1179 16
1180 15
1181 13
1182 10
1183 12
1184 12
1185 19
1186 20
1187 11
1188 11
1189 15
1190 12
1191 13
1192 10
1193 11
1194 11
1195 16
1196 10
1197 13
1198 10
1199 9
1200 8
1201 8
1202 8
1203 14
1204 10
1205 8
1206 8
1207 13
1208 18
1209 7
1210 13
1211 6
1212 9
1213 8
1214 13
1215 5
1216 12
1217 12
1218 9
1219 14
1220 12
1221 5
1222 10
1223 10
1224 15
1225 9
1226 8
1227 6
1228 8
1229 8
1230 9
1231 12
1232 5
1233 13
1234 9
1235 12
1236 3
1237 6
1238 5
1239 7
1240 6
1241 9
1242 3
1243 6
1244 5
1245 6
1246 14
1247 2
1248 7
1249 2
1250 4
1251 4
1252 6
1253 6
1254 8
1255 8
1256 7
1257 8
1258 5
1259 7
1260 6
1261 3
1262 4
1263 7
1264 3
1265 4
1266 4
1267 8
1268 2
1269 3
1270 3
1271 5
1272 2
1273 2
1274 3
1275 5
1276 4
1277 3
1278 7
1279 4
1280 1
1281 2
1282 4
1283 4
1284 5
1285 2
1286 5
1287 6
1288 5
1289 2
1290 5
1291 4
1292 3
1293 3
1294 1
1295 2
1296 2
1297 3
1298 3
1299 2
1300 3
1301 2
1302 4
1303 1
1304 2
1305 3
1306 2
1307 4
1308 1
1309 3
1310 3
1312 1
1313 2
1314 3
1315 2
1316 3
1317 1
1319 2
1320 1
1321 1
1322 2
1324 1
1325 4
1326 1
1327 2
1329 4
1330 4
1331 1
1332 1
1333 1
1336 2
1337 3
1338 2
1340 2
1341 2
1342 2
1343 2
1345 2
1346 2
1347 2
1348 1
1349 3
1352 1
1353 1
1354 1
1357 1
1360 2
1361 2
1364 1
1367 3
1369 2
1370 2
1371 2
1372 2
1373 1
1374 1
1382 1
1383 1
1387 1
1388 2
1400 1
1412 1
1415 1
1424 1
1429 1
1431 1
1453 1
1483 1
1504 1
