N J h mean_R_sq err_mean_R_sq mean_R_gyr_sq err_mean_R_gyr_sq 
500 1.405 0 1000.64 31.159 198.918 4.00175
2901 1
2915 1
2922 1
2924 1
2925 1
2930 1
2931 1
2932 1
2933 1
2934 1
2935 1
2936 1
2937 1
2939 1
2940 1
2941 1
2943 1
2944 1
2946 1
2948 4
2949 1
2950 4
2951 3
2952 6
2953 3
2954 3
2955 2
2956 4
2957 2
2958 2
2959 9
2960 3
2961 1
2962 3
2963 1
2964 1
2965 2
2966 1
2967 8
2968 6
2969 7
2970 5
2971 4
2972 6
2973 3
2974 5
2975 6
2976 7
2977 6
2978 6
2979 8
2980 12
2981 7
2982 9
2983 1
2984 9
2985 3
2986 5
2987 9
2988 9
2989 13
2990 16
2991 24
2992 10
2993 14
2994 12
2995 11
2996 17
2997 14
2998 15
2999 23
3000 18
3001 18
3002 25
3003 27
3004 24
3005 18
3006 27
3007 25
3008 21
3009 17
3010 19
3011 36
3012 18
3013 29
3014 41
3015 34
3016 27
3017 36
3018 37
3019 30
3020 50
3021 45
3022 47
3023 45
3024 58
3025 43
3026 48
3027 59
3028 65
3029 52
3030 58
3031 60
3032 62
3033 72
3034 67
3035 74
3036 85
3037 89
3038 77
3039 87
3040 84
3041 82
3042 105
3043 72
3044 99
3045 103
3046 97
3047 118
3048 101
3049 124
3050 129
3051 114
3052 133
3053 138
3054 133
3055 125
3056 146
3057 137
3058 145
3059 188
3060 145
3061 158
3062 151
3063 160
3064 178
3065 167
3066 166
3067 192
3068 184
3069 194
3070 189
3071 201
3072 174
3073 181
3074 228
3075 229
3076 217
3077 223
3078 236
3079 224
3080 210
3081 256
3082 227
3083 267
3084 284
3085 273
3086 280
3087 275
3088 258
3089 326
3090 287
3091 313
3092 302
3093 320
3094 316
3095 321
3096 312
3097 357
3098 341
3099 338
3100 362
3101 374
3102 365
3103 344
3104 406
3105 416
3106 382
3107 400
3108 390
3109 397
3110 403
3111 442
3112 432
3113 393
3114 434
3115 446
3116 440
3117 476
3118 465
3119 468
3120 446
3121 458
3122 486
3123 496
3124 476
3125 507
3126 482
3127 485
3128 550
3129 525
3130 565
3131 514
3132 549
3133 528
3134 575
3135 547
3136 574
3137 529
3138 567
3139 601
3140 617
3141 580
3142 637
3143 569
3144 607
3145 619
3146 577
3147 629
3148 606
3149 648
3150 608
3151 597
3152 605
3153 615
3154 646
3155 639
3156 710
3157 639
3158 679
3159 658
3160 685
3161 697
3162 703
3163 648
3164 647
3165 685
3166 704
3167 684
3168 738
3169 725
3170 677
3171 672
3172 651
3173 677
3174 702
3175 690
3176 656
3177 688
3178 725
3179 717
3180 666
3181 693
3182 679
3183 662
3184 668
3185 655
3186 708
3187 694
3188 740
3189 681
3190 667
3191 661
3192 696
3193 649
3194 633
3195 690
3196 603
3197 677
3198 623
3199 599
3200 610
3201 657
3202 653
3203 638
3204 615
3205 648
3206 627
3207 624
3208 606
3209 638
3210 587
3211 599
3212 614
3213 627
3214 561
3215 578
3216 596
3217 578
3218 573
3219 585
3220 576
3221 568
3222 544
3223 523
3224 520
3225 550
3226 545
3227 508
3228 513
3229 486
3230 440
3231 457
3232 478
3233 464
3234 458
3235 472
3236 441
3237 453
3238 452
3239 451
3240 404
3241 388
3242 450
3243 409
3244 423
3245 381
3246 401
3247 393
3248 407
3249 399
3250 381
3251 403
3252 380
3253 376
3254 359
3255 332
3256 337
3257 324
3258 300
3259 299
3260 298
3261 321
3262 291
3263 300
3264 286
3265 269
3266 260
3267 246
3268 250
3269 248
3270 236
3271 232
3272 217
3273 214
3274 259
3275 213
3276 233
3277 190
3278 208
3279 207
3280 179
3281 188
3282 168
3283 181
3284 167
3285 160
3286 154
3287 154
3288 150
3289 168
3290 140
3291 149
3292 136
3293 150
3294 140
3295 128
3296 128
3297 112
3298 101
3299 111
3300 103
3301 96
3302 99
3303 92
3304 101
3305 92
3306 93
3307 83
3308 60
3309 72
3310 65
3311 74
3312 72
3313 59
3314 83
3315 53
3316 73
3317 48
3318 48
3319 57
3320 55
3321 40
3322 52
3323 52
3324 43
3325 44
3326 43
3327 38
3328 43
3329 40
3330 25
3331 38
3332 30
3333 28
3334 21
3335 24
3336 16
3337 30
3338 31
3339 24
3340 20
3341 21
3342 12
3343 25
3344 16
3345 11
3346 14
3347 20
3348 20
3349 7
3350 13
3351 8
3352 9
3353 11
3354 9
3355 10
3356 6
3357 8
3358 6
3359 8
3360 9
3361 9
3362 7
3363 5
3364 3
3365 9
3366 9
3367 7
3368 8
3369 1
3370 6
3371 3
3372 2
3373 1
3374 7
3375 3
3376 3
3377 3
3378 1
3379 3
3380 4
3382 2
3386 1
3387 2
3388 1
3389 1
3391 1
3393 3
3396 1
3397 1
3400 1
3401 1
3404 1
3412 1
3414 1
3424 1
