N J h mean_R_sq err_mean_R_sq mean_R_gyr_sq err_mean_R_gyr_sq 
500 1.375 0 1347.84 22.4454 245.096 2.72861
2856 1
2861 1
2865 1
2868 1
2871 1
2873 1
2874 1
2876 1
2877 1
2882 1
2886 1
2887 1
2888 2
2891 2
2892 1
2893 2
2894 1
2896 2
2897 2
2898 2
2899 7
2900 2
2902 3
2903 3
2904 6
2905 3
2906 4
2907 2
2908 5
2909 2
2910 2
2911 3
2912 10
2913 4
2914 4
2915 6
2916 3
2917 5
2918 5
2919 4
2920 8
2921 5
2922 8
2923 6
2924 9
2925 9
2926 15
2927 9
2928 20
2929 13
2930 14
2931 8
2932 14
2933 13
2934 19
2935 8
2936 13
2937 22
2938 19
2939 23
2940 24
2941 18
2942 19
2943 22
2944 31
2945 34
2946 28
2947 30
2948 30
2949 30
2950 28
2951 22
2952 40
2953 34
2954 27
2955 41
2956 44
2957 47
2958 58
2959 45
2960 56
2961 52
2962 60
2963 57
2964 52
2965 71
2966 60
2967 71
2968 67
2969 68
2970 69
2971 80
2972 77
2973 83
2974 62
2975 85
2976 87
2977 89
2978 89
2979 95
2980 80
2981 107
2982 103
2983 103
2984 108
2985 113
2986 110
2987 122
2988 132
2989 151
2990 138
2991 155
2992 147
2993 145
2994 153
2995 149
2996 171
2997 157
2998 164
2999 153
3000 190
3001 183
3002 201
3003 208
3004 220
3005 182
3006 228
3007 241
3008 239
3009 258
3010 240
3011 234
3012 260
3013 320
3014 254
3015 276
3016 310
3017 307
3018 305
3019 334
3020 291
3021 309
3022 320
3023 362
3024 344
3025 331
3026 346
3027 361
3028 391
3029 352
3030 372
3031 395
3032 428
3033 397
3034 448
3035 426
3036 448
3037 417
3038 455
3039 418
3040 476
3041 492
3042 490
3043 497
3044 516
3045 486
3046 501
3047 561
3048 590
3049 535
3050 572
3051 563
3052 602
3053 576
3054 588
3055 580
3056 583
3057 628
3058 622
3059 608
3060 664
3061 649
3062 656
3063 707
3064 623
3065 674
3066 687
3067 675
3068 730
3069 709
3070 714
3071 702
3072 745
3073 744
3074 784
3075 701
3076 773
3077 736
3078 772
3079 749
3080 803
3081 741
3082 796
3083 799
3084 800
3085 808
3086 827
3087 796
3088 829
3089 856
3090 837
3091 836
3092 856
3093 820
3094 871
3095 906
3096 852
3097 831
3098 881
3099 893
3100 901
3101 882
3102 858
3103 831
3104 880
3105 874
3106 892
3107 859
3108 889
3109 914
3110 914
3111 877
3112 896
3113 868
3114 933
3115 861
3116 881
3117 806
3118 865
3119 929
3120 852
3121 907
3122 877
3123 863
3124 863
3125 883
3126 879
3127 943
3128 866
3129 885
3130 864
3131 872
3132 906
3133 868
3134 829
3135 867
3136 867
3137 852
3138 846
3139 848
3140 827
3141 801
3142 831
3143 802
3144 826
3145 820
3146 816
3147 804
3148 744
3149 767
3150 753
3151 739
3152 750
3153 719
3154 743
3155 685
3156 770
3157 725
3158 748
3159 699
3160 705
3161 720
3162 686
3163 628
3164 651
3165 713
3166 656
3167 669
3168 645
3169 650
3170 600
3171 593
3172 633
3173 607
3174 584
3175 590
3176 590
3177 561
3178 541
3179 576
3180 565
3181 509
3182 519
3183 520
3184 517
3185 497
3186 529
3187 484
3188 493
3189 478
3190 474
3191 456
3192 437
3193 448
3194 412
3195 396
3196 408
3197 414
3198 387
3199 408
3200 354
3201 342
3202 329
3203 366
3204 358
3205 368
3206 334
3207 322
3208 328
3209 309
3210 309
3211 299
3212 286
3213 267
3214 276
3215 265
3216 269
3217 227
3218 242
3219 236
3220 256
3221 223
3222 244
3223 213
3224 190
3225 212
3226 199
3227 204
3228 177
3229 189
3230 153
3231 188
3232 186
3233 168
3234 140
3235 158
3236 155
3237 127
3238 150
3239 164
3240 137
3241 120
3242 142
3243 117
3244 121
3245 127
3246 115
3247 110
3248 118
3249 94
3250 79
3251 82
3252 102
3253 91
3254 77
3255 78
3256 78
3257 83
3258 77
3259 54
3260 77
3261 65
3262 53
3263 61
3264 69
3265 50
3266 45
3267 54
3268 56
3269 30
3270 50
3271 46
3272 38
3273 55
3274 47
3275 34
3276 38
3277 30
3278 33
3279 29
3280 40
3281 31
3282 18
3283 34
3284 22
3285 35
3286 28
3287 24
3288 25
3289 18
3290 27
3291 21
3292 24
3293 18
3294 13
3295 13
3296 13
3297 8
3298 12
3299 15
3300 13
3301 23
3302 13
3303 11
3304 9
3305 6
3306 6
3307 8
3308 4
3309 5
3310 10
3311 7
3312 5
3313 9
3314 6
3315 5
3316 7
3317 3
3318 9
3319 8
3320 1
3321 3
3322 3
3323 1
3324 3
3325 1
3326 5
3327 2
3328 4
3329 4
3330 5
3331 4
3332 2
3333 2
3334 2
3335 3
3336 1
3337 1
3338 3
3340 2
3341 1
3344 2
3345 1
3346 2
3347 1
3348 2
3349 1
3350 1
3351 4
3352 1
3356 1
3358 1
3359 2
3361 1
3365 1
3367 1
3375 1
3379 1
3392 1
