N J h mean_R_sq err_mean_R_sq mean_R_gyr_sq err_mean_R_gyr_sq 
500 1.375 0 1347.84 22.4454 245.096 2.72861
1000 1610
1001 1548
1002 1545
1003 1574
1004 1531
1005 1505
1006 1485
1007 1507
1008 1449
1009 1444
1010 1449
1011 1438
1012 1415
1013 1347
1014 1433
1015 1378
1016 1336
1017 1338
1018 1324
1019 1275
1020 1298
1021 1273
1022 1288
1023 1263
1024 1269
1025 1269
1026 1232
1027 1175
1028 1197
1029 1171
1030 1168
1031 1188
1032 1141
1033 1228
1034 1121
1035 1124
1036 1077
1037 1093
1038 1119
1039 1079
1040 1066
1041 1069
1042 1038
1043 1048
1044 949
1045 995
1046 1029
1047 1024
1048 981
1049 967
1050 943
1051 969
1052 912
1053 852
1054 974
1055 944
1056 908
1057 845
1058 913
1059 865
1060 867
1061 888
1062 828
1063 837
1064 884
1065 817
1066 810
1067 762
1068 801
1069 796
1070 793
1071 755
1072 749
1073 786
1074 757
1075 781
1076 731
1077 747
1078 720
1079 689
1080 724
1081 682
1082 662
1083 688
1084 686
1085 670
1086 655
1087 663
1088 672
1089 696
1090 609
1091 651
1092 664
1093 578
1094 640
1095 630
1096 624
1097 565
1098 585
1099 623
1100 599
1101 583
1102 545
1103 548
1104 567
1105 531
1106 522
1107 527
1108 508
1109 519
1110 501
1111 479
1112 506
1113 520
1114 492
1115 471
1116 461
1117 471
1118 461
1119 454
1120 455
1121 445
1122 484
1123 439
1124 459
1125 468
1126 448
1127 443
1128 414
1129 430
1130 405
1131 402
1132 401
1133 387
1134 388
1135 393
1136 361
1137 351
1138 346
1139 333
1140 346
1141 365
1142 378
1143 341
1144 332
1145 337
1146 350
1147 373
1148 347
1149 359
1150 303
1151 327
1152 281
1153 316
1154 332
1155 291
1156 289
1157 307
1158 281
1159 310
1160 275
1161 279
1162 283
1163 268
1164 272
1165 270
1166 280
1167 265
1168 245
1169 257
1170 249
1171 218
1172 253
1173 251
1174 242
1175 252
1176 218
1177 225
1178 228
1179 221
1180 227
1181 238
1182 220
1183 223
1184 207
1185 224
1186 200
1187 194
1188 193
1189 169
1190 201
1191 164
1192 189
1193 191
1194 186
1195 143
1196 192
1197 182
1198 158
1199 169
1200 167
1201 172
1202 135
1203 198
1204 150
1205 180
1206 165
1207 138
1208 142
1209 141
1210 149
1211 139
1212 129
1213 138
1214 133
1215 152
1216 124
1217 139
1218 144
1219 113
1220 126
1221 111
1222 135
1223 117
1224 135
1225 114
1226 114
1227 135
1228 105
1229 116
1230 113
1231 96
1232 109
1233 128
1234 101
1235 84
1236 89
1237 103
1238 122
1239 105
1240 70
1241 77
1242 97
1243 98
1244 95
1245 75
1246 93
1247 81
1248 83
1249 78
1250 89
1251 80
1252 95
1253 67
1254 81
1255 73
1256 68
1257 66
1258 81
1259 73
1260 70
1261 56
1262 60
1263 70
1264 55
1265 81
1266 49
1267 59
1268 69
1269 53
1270 51
1271 65
1272 50
1273 57
1274 56
1275 57
1276 52
1277 72
1278 46
1279 43
1280 45
1281 56
1282 42
1283 38
1284 41
1285 53
1286 45
1287 41
1288 55
1289 51
1290 40
1291 46
1292 49
1293 36
1294 48
1295 49
1296 38
1297 44
1298 33
1299 39
1300 44
1301 33
1302 37
1303 29
1304 38
1305 41
1306 35
1307 36
1308 30
1309 28
1310 36
1311 26
1312 26
1313 36
1314 26
1315 32
1316 34
1317 30
1318 34
1319 17
1320 22
1321 27
1322 19
1323 17
1324 21
1325 30
1326 28
1327 17
1328 14
1329 23
1330 14
1331 31
1332 10
1333 18
1334 20
1335 22
1336 21
1337 14
1338 15
1339 21
1340 21
1341 17
1342 18
1343 19
1344 18
1345 11
1346 18
1347 14
1348 10
1349 12
1350 15
1351 11
1352 10
1353 11
1354 12
1355 12
1356 16
1357 10
1358 13
1359 16
1360 11
1361 12
1362 16
1363 4
1364 8
1365 13
1366 9
1367 10
1368 6
1369 10
1370 8
1371 9
1372 11
1373 9
1374 9
1375 10
1376 6
1377 4
1378 10
1379 5
1380 7
1381 6
1382 5
1383 6
1384 5
1385 6
1386 7
1387 10
1388 4
1389 4
1390 3
1392 5
1393 5
1394 6
1395 6
1397 2
1398 2
1399 7
1400 7
1401 6
1402 4
1403 6
1404 1
1405 2
1406 3
1407 4
1408 4
1409 4
1410 1
1411 2
1412 7
1413 4
1414 4
1415 1
1416 1
1417 1
1418 3
1419 2
1420 4
1421 4
1422 2
1423 2
1424 1
1425 4
1426 1
1427 1
1428 2
1429 2
1431 1
1432 1
1433 1
1434 4
1435 2
1439 1
1443 1
1444 2
1446 1
1447 6
1450 2
1452 1
1453 3
1457 1
1458 1
1461 2
1464 1
1467 2
1476 1
1479 1
1481 2
1483 1
1485 1
1486 1
1488 1
1490 1
1494 1
1496 1
1506 1
1507 2
1517 1
