N J h mean_R_sq err_mean_R_sq mean_R_gyr_sq err_mean_R_gyr_sq 
700 1.3 0 4653.17 529.797 705.597 65.1479
583 1
611 1
632 1
643 1
646 1
657 1
658 2
659 2
661 1
662 1
663 1
668 1
669 1
671 2
672 2
674 2
675 2
677 1
678 1
680 1
682 1
684 2
685 1
689 2
691 1
692 1
697 1
698 2
699 2
700 1
702 2
703 2
704 5
705 1
706 2
707 1
708 1
709 1
713 1
714 2
715 3
716 2
718 2
719 1
720 2
721 1
722 1
723 1
724 5
725 2
726 2
727 3
728 2
729 1
730 1
731 1
732 5
733 2
734 3
735 3
736 2
737 2
738 3
739 2
740 4
741 3
742 1
743 4
744 3
745 3
746 5
748 4
749 2
750 5
751 1
752 1
753 3
754 5
756 2
757 2
758 3
759 3
760 6
761 6
762 5
763 3
764 3
765 1
766 3
767 3
768 2
769 5
770 7
771 3
772 5
773 5
774 6
775 4
776 2
777 7
778 9
779 7
780 9
781 8
782 8
783 7
784 10
785 5
786 6
787 9
788 3
789 6
790 6
791 4
792 3
793 4
794 8
795 4
796 7
797 7
798 9
799 5
800 9
801 6
802 5
803 7
804 7
805 7
806 7
807 3
808 3
809 10
810 8
811 7
812 9
813 10
814 5
815 7
816 9
817 9
818 12
819 6
820 7
821 7
822 10
823 8
824 11
825 12
826 10
827 12
828 11
829 6
830 8
831 9
832 14
833 6
834 7
835 8
836 13
837 23
838 11
839 12
840 10
841 13
842 11
843 10
844 6
845 8
846 11
847 16
848 12
849 12
850 15
851 19
852 14
853 9
854 10
855 14
856 19
857 11
858 18
859 9
860 9
861 13
862 11
863 16
864 18
865 10
866 12
867 15
868 20
869 14
870 13
871 23
872 16
873 17
874 15
875 12
876 12
877 16
878 18
879 14
880 10
881 16
882 20
883 15
884 16
885 25
886 24
887 20
888 17
889 21
890 15
891 15
892 19
893 31
894 22
895 19
896 24
897 15
898 19
899 32
900 12
901 23
902 17
903 20
904 21
905 22
906 17
907 22
908 24
909 28
910 28
911 33
912 25
913 18
914 20
915 18
916 26
917 15
918 16
919 26
920 25
921 28
922 24
923 26
924 31
925 22
926 28
927 30
928 27
929 27
930 27
931 28
932 35
933 30
934 21
935 22
936 28
937 24
938 27
939 31
940 24
941 19
942 27
943 22
944 29
945 33
946 23
947 26
948 26
949 32
950 20
951 22
952 15
953 40
954 34
955 26
956 28
957 31
958 29
959 23
960 33
961 27
962 42
963 24
964 28
965 20
966 27
967 28
968 30
969 33
970 36
971 30
972 24
973 22
974 27
975 43
976 19
977 30
978 22
979 25
980 23
981 31
982 28
983 34
984 33
985 24
986 34
987 38
988 34
989 35
990 23
991 34
992 38
993 27
994 32
995 29
996 31
997 36
998 40
999 21
1000 32
1001 33
1002 31
1003 26
1004 29
1005 29
1006 24
1007 40
1008 33
1009 42
1010 24
1011 34
1012 38
1013 34
1014 24
1015 27
1016 28
1017 38
1018 22
1019 34
1020 28
1021 24
1022 32
1023 31
1024 25
1025 25
1026 31
1027 33
1028 27
1029 36
1030 32
1031 20
1032 34
1033 32
1034 31
1035 32
1036 34
1037 34
1038 22
1039 25
1040 33
1041 28
1042 35
1043 28
1044 27
1045 24
1046 26
1047 24
1048 28
1049 23
1050 30
1051 34
1052 30
1053 34
1054 27
1055 27
1056 30
1057 22
1058 30
1059 31
1060 35
1061 17
1062 33
1063 25
1064 28
1065 26
1066 26
1067 34
1068 26
1069 24
1070 25
1071 19
1072 28
1073 14
1074 28
1075 31
1076 18
1077 22
1078 26
1079 25
1080 33
1081 17
1082 22
1083 26
1084 31
1085 19
1086 16
1087 19
1088 18
1089 22
1090 20
1091 22
1092 24
1093 30
1094 28
1095 21
1096 19
1097 17
1098 15
1099 20
1100 29
1101 27
1102 20
1103 22
1104 13
1105 21
1106 19
1107 15
1108 21
1109 20
1110 15
1111 14
1112 18
1113 16
1114 21
1115 20
1116 30
1117 15
1118 18
1119 16
1120 23
1121 15
1122 16
1123 31
1124 16
1125 19
1126 7
1127 12
1128 10
1129 18
1130 13
1131 15
1132 14
1133 20
1134 17
1135 14
1136 11
1137 11
1138 14
1139 11
1140 22
1141 14
1142 16
1143 7
1144 11
1145 12
1146 13
1147 8
1148 17
1149 15
1150 9
1151 11
1152 12
1153 12
1154 13
1155 20
1156 13
1157 17
1158 14
1159 8
1160 13
1161 13
1162 7
1163 14
1164 5
1165 5
1166 12
1167 13
1168 5
1169 11
1170 9
1171 10
1172 12
1173 10
1174 7
1175 16
1176 13
1177 10
1178 9
1179 11
1180 14
1181 6
1182 7
1183 13
1184 11
1185 6
1186 17
1187 9
1188 9
1189 8
1190 4
1191 8
1192 8
1193 16
1194 5
1195 9
1196 6
1197 13
1198 7
1199 9
1200 10
1201 5
1202 6
1203 16
1204 6
1205 8
1206 2
1207 6
1209 5
1210 6
1211 3
1212 7
1213 1
1214 8
1215 5
1216 4
1217 7
1218 5
1219 3
1220 2
1221 4
1222 5
1223 6
1224 6
1225 7
1226 2
1227 6
1228 6
1229 5
1230 4
1231 2
1232 6
1233 3
1234 4
1235 4
1236 3
1237 5
1238 4
1239 2
1240 5
1241 3
1243 3
1244 1
1245 2
1246 4
1247 3
1248 2
1249 1
1250 4
1251 1
1252 3
1253 2
1254 4
1255 2
1256 2
1257 3
1258 5
1260 2
1261 4
1262 1
1263 1
1265 3
1266 3
1267 2
1268 2
1269 2
1270 3
1272 1
1273 2
1274 2
1275 3
1276 1
1277 2
1278 1
1280 2
1281 2
1282 4
1283 3
1284 3
1285 1
1286 2
1289 2
1290 1
1291 2
1292 2
1293 1
1294 1
1295 3
1299 2
1300 1
1301 1
1303 4
1304 2
1308 1
1309 1
1310 3
1311 1
1312 1
1313 1
1315 2
1318 1
1319 1
1327 2
1328 2
1329 1
1332 2
1334 1
1337 1
1363 1
1375 1
1377 1
1380 1
1388 1
1392 1
1447 1
