N J h mean_R_sq err_mean_R_sq mean_R_gyr_sq err_mean_R_gyr_sq 
700 1.375 0 1964.9 59.3662 355.365 7.40525
1 89
5 231
9 103
13 269
17 273
25 373
29 248
37 290
41 288
45 256
49 153
53 264
61 268
65 536
73 290
81 147
85 586
89 287
97 290
101 287
109 295
113 281
117 308
121 142
125 584
137 291
145 575
149 272
153 321
157 302
169 472
173 280
181 322
185 640
193 297
197 277
205 560
221 577
225 407
229 293
233 280
241 290
245 277
257 279
261 297
265 584
269 307
277 273
281 297
289 397
293 255
305 519
313 313
317 272
325 798
333 285
337 285
349 277
353 296
361 139
365 572
369 260
373 286
377 583
389 274
397 270
401 278
405 267
409 272
421 280
425 849
433 275
441 146
445 543
449 295
457 287
461 267
477 258
481 533
485 534
493 591
505 553
509 257
521 277
529 135
533 506
541 297
545 556
549 274
557 250
565 508
569 249
577 265
585 540
593 287
601 267
605 264
613 243
617 275
625 694
629 539
637 234
641 223
653 250
657 209
661 268
673 260
677 246
685 471
689 537
697 543
701 244
709 235
725 752
729 122
733 230
745 477
757 252
761 262
765 516
769 246
773 266
785 516
793 423
797 235
801 225
809 238
821 266
829 239
833 220
841 362
845 665
853 214
857 223
865 443
873 223
877 234
881 221
901 450
905 403
909 229
925 664
929 247
937 208
941 201
949 449
953 256
961 116
965 423
977 204
981 201
985 415
997 215
1009 221
1013 229
1017 206
1021 205
1025 653
1033 198
1037 425
1049 202
1053 219
1061 207
1069 256
1073 459
1089 104
1093 199
1097 226
1105 801
1109 219
1117 215
1125 423
1129 222
1145 391
1153 224
1157 441
1165 407
1181 188
1189 393
1193 195
1201 198
1205 416
1213 190
1217 217
1225 318
1229 197
1233 201
1237 180
1241 386
1249 209
1261 389
1277 174
1285 374
1289 203
1297 175
1301 174
1305 376
1313 387
1321 212
1325 544
1341 203
1345 363
1361 184
1369 265
1373 158
1377 185
1381 199
1385 361
1405 350
1409 174
1413 201
1417 380
1421 160
1429 189
1433 176
1445 548
1453 192
1465 343
1469 337
1481 183
1489 192
1493 162
1513 341
1517 382
1521 233
1525 499
1537 325
1549 168
1553 181
1557 166
1565 379
1573 162
1585 342
1597 169
1601 164
1609 158
1613 159
1621 155
1625 715
1629 141
1637 155
1649 350
1657 187
1665 319
1669 178
1681 221
1685 331
1693 165
1697 156
1709 163
1717 314
1721 139
1733 171
1737 147
1741 163
1745 310
1753 163
1765 328
1769 302
1773 152
1777 153
1781 300
1789 152
1801 142
1805 146
1813 157
1825 461
1845 295
1849 85
1853 284
1861 146
1865 265
1873 141
1877 159
1885 566
1889 158
1901 147
1913 147
1921 259
1933 131
1937 302
1945 274
1949 151
1961 284
1973 152
1985 272
1989 274
1993 141
1997 139
2005 308
2009 118
2017 171
2025 177
2029 125
2041 276
2045 265
2053 104
2057 119
2061 145
2069 121
2081 129
2089 138
2097 146
2105 257
2113 134
2117 261
2125 535
2129 147
2137 133
2141 141
2153 134
2161 138
2165 245
2169 110
2173 296
2197 262
2205 128
2209 59
2213 118
2221 129
2225 403
2237 142
2245 233
2249 259
2257 247
2269 112
2273 125
2281 105
2285 235
2293 86
2297 134
2305 216
2309 114
2313 119
2329 252
2333 114
2341 95
2349 108
2353 245
2357 109
2377 124
2381 125
2385 203
2389 129
2393 124
2401 52
2405 423
2417 118
2421 129
2425 348
2437 110
2441 115
2465 445
2473 107
2477 115
2493 106
2501 225
2509 203
2521 119
2525 305
2529 93
2533 215
2545 209
2549 109
2557 112
2561 220
2581 210
2593 102
2597 102
2601 154
2605 219
2609 99
2617 126
2621 99
2633 78
2637 110
2645 93
2657 105
2665 381
2669 192
2677 105
2689 116
2693 107
2701 197
2705 206
2713 91
2725 281
2729 85
2741 107
2745 190
2749 84
2753 98
2777 94
2785 198
2789 81
2797 86
2801 86
2809 154
2813 171
2817 112
2825 243
2833 98
2837 89
2845 184
2853 93
2857 94
2861 78
2873 281
2885 178
2897 97
2909 94
2917 95
2925 259
2929 138
2941 177
2953 98
2957 88
2965 162
2969 84
2977 161
2989 94
2993 174
2997 88
3001 96
3005 169
3025 134
3029 154
3033 90
3037 93
3041 88
3049 68
3061 90
3065 161
3077 177
3085 173
3089 79
3109 75
3121 87
3125 236
3133 142
3137 62
3141 97
3145 328
3161 165
3169 84
3177 80
3181 74
3185 153
3205 149
3209 76
3217 74
3221 79
3229 67
3233 131
3249 33
3253 70
3257 73
3265 152
3277 151
3281 131
3285 126
3293 161
3301 76
3305 133
3313 68
3321 62
3329 60
3341 117
3349 119
3357 61
3361 80
3365 109
3373 64
3385 113
3389 67
3393 125
3413 81
3425 205
3433 64
3445 261
3449 69
3457 63
3461 68
3469 74
3481 32
3485 287
3497 121
3501 44
3505 124
3509 43
3517 68
3529 59
3533 65
3541 67
3545 109
3557 66
3573 57
3577 59
3581 65
3589 122
3593 64
3601 114
3609 57
3613 60
3617 55
3625 263
3637 54
3645 55
3649 101
3653 107
3665 107
3673 59
3677 58
3681 59
3697 55
3701 63
3709 55
3721 79
3725 173
3733 45
3737 106
3757 159
3761 55
3769 70
3785 108
3789 57
3793 44
3797 52
3805 100
3809 99
3821 52
3825 151
3833 47
3845 108
3853 41
3865 106
3869 100
3877 45
3881 58
3889 44
3893 100
3897 64
3917 53
3925 136
3929 52
3961 96
3965 194
3969 24
3973 91
3977 103
3985 113
3989 40
4001 32
4005 97
4013 52
4021 44
4033 78
4041 45
4045 86
4049 40
4057 41
4069 108
4073 66
4093 44
4097 83
4105 82
4113 49
4121 91
4129 60
4133 37
4141 88
4145 98
4149 43
4153 51
4157 41
4165 89
4177 38
4181 87
4201 40
4205 134
4217 47
4225 175
4229 55
4241 57
4253 44
4261 45
4265 87
4273 46
4285 78
4289 39
4293 45
4297 40
4321 84
4325 116
4329 68
4337 30
4349 40
4357 41
4361 51
4365 82
4369 74
4373 42
4381 78
4385 76
4397 24
4405 87
4409 40
4421 35
4437 80
4441 30
4453 73
4457 33
4469 82
4477 31
4481 36
4489 14
4493 32
4505 134
4513 29
4517 28
4525 94
4537 57
4545 76
4549 38
4553 66
4561 36
4573 67
4581 39
4589 59
4597 27
4621 35
4625 127
4633 66
4637 31
4645 73
4649 49
4657 33
4673 30
4685 66
4689 29
4693 32
4705 54
4709 64
4717 68
4721 34
4729 31
4733 32
4745 132
4753 35
4761 22
4765 57
4777 67
4789 45
4793 32
4797 62
4801 32
4805 27
4813 28
4817 34
4825 75
4849 51
4861 28
4869 21
4877 37
4885 54
4889 34
4901 79
4905 58
4909 26
4913 53
4925 78
4933 35
4937 31
4941 31
4949 34
4957 38
4961 20
4969 25
4973 37
4981 49
4985 57
4993 31
5009 28
5013 26
5017 50
5021 26
5041 11
5045 55
5057 48
5065 58
5069 58
5077 37
5081 25
5085 55
5101 14
5105 45
5113 25
5121 23
5125 92
5141 42
5153 21
5161 40
5165 47
5185 100
5189 29
5193 31
5197 14
5209 17
5213 40
5233 27
5237 30
5245 48
5249 56
5261 32
5265 42
5273 22
5281 17
5297 21
5305 41
5309 19
5317 43
5321 38
5329 38
5333 32
5337 22
5341 19
5345 37
5353 54
5365 101
5381 18
5389 54
5393 21
5409 21
5413 22
5417 21
5429 46
5437 28
5441 18
5445 19
5449 20
5465 44
5473 41
5477 19
5485 36
5501 13
5513 38
5517 24
5521 13
5525 125
5537 22
5545 43
5553 21
5557 20
5569 19
5573 18
5581 22
5585 50
5597 32
5617 35
5625 52
5629 46
5641 19
5645 43
5653 8
5657 15
5661 38
5669 21
5689 20
5693 13
5701 14
5713 45
5717 22
5725 54
5729 31
5733 18
5737 14
5741 23
5749 13
5765 34
5769 17
5777 32
5785 70
5801 15
5809 35
5813 17
5821 20
5825 47
5837 35
5849 18
5857 19
5861 13
5869 8
5877 24
5881 21
5897 16
5905 32
5913 17
5917 23
5929 5
5933 18
5941 23
5945 58
5949 18
5953 15
5965 28
5981 13
5989 46
5993 26
6001 30
6005 25
6025 46
6029 14
6037 10
6053 8
6057 16
6065 32
6073 20
6085 28
6089 11
6093 11
6101 17
6109 28
6113 15
6121 14
6125 19
6133 11
6137 12
6145 41
6161 21
6165 26
6173 10
6185 21
6197 13
6201 31
6205 51
6217 9
6221 7
6229 13
6241 6
6245 33
6253 39
6257 26
6269 16
6273 18
6277 17
6301 11
6305 50
6309 18
6317 11
6329 8
6337 10
6341 26
6353 12
6361 6
6373 10
6381 13
6385 29
6389 13
6397 13
6401 15
6409 47
6413 8
6421 11
6425 37
6437 16
6445 28
6449 19
6469 17
6473 10
6481 15
6485 24
6497 20
6505 23
6521 15
6525 27
6529 16
6553 12
6561 9
6565 34
6569 10
6577 9
6581 7
6597 17
6605 16
6613 18
6617 18
6625 48
6637 13
6641 18
6649 24
6653 10
6661 14
6673 7
6689 11
6697 21
6701 8
6705 19
6709 10
6713 8
6725 24
6733 17
6737 10
6749 23
6757 17
6761 8
6773 20
6781 5
6793 10
6805 21
6813 12
6817 17
6829 8
6833 7
6841 9
6845 35
6849 9
6857 8
6865 18
6869 9
6877 11
6885 12
6889 6
6893 13
6905 9
6917 7
6921 6
6925 24
6929 23
6949 3
6953 14
6957 6
6961 9
6977 14
6989 16
6997 7
7001 8
7013 9
7025 17
7033 11
7045 7
7057 7
7065 18
7069 3
7081 12
7085 33
7093 15
7105 14
7109 5
7121 8
7129 8
7137 17
7141 8
7145 12
7157 15
7165 14
7173 11
7177 7
7193 7
7209 5
7213 6
7225 42
7229 10
7237 7
7241 14
7253 7
7261 14
7265 10
7281 3
7289 8
7297 7
7301 4
7309 4
7321 7
7325 17
7333 8
7345 23
7349 7
7361 14
7369 7
7373 15
7381 5
7389 4
7393 8
7397 7
7405 11
7417 1
7421 14
7433 3
7445 13
7453 13
7457 4
7461 6
7465 6
7477 6
7481 3
7489 5
7497 7
7501 10
7517 5
7529 8
7537 7
7541 4
7549 1
7561 3
7565 29
7569 9
7573 6
7577 5
7585 24
7589 6
7605 20
7621 3
7625 23
7633 10
7649 4
7669 6
7673 4
7677 7
7681 10
7685 12
7693 7
7709 9
7713 5
7717 1
7741 5
7745 12
7753 9
7757 8
7765 10
7769 10
7785 5
7789 5
7793 6
7801 7
7813 9
7817 5
7825 9
7829 2
7837 10
7841 6
7853 4
7857 5
7865 9
7873 8
7877 7
7893 5
7897 4
7901 3
7913 4
7921 8
7925 12
7929 5
7933 4
7937 8
7949 4
7957 11
7969 7
7985 2
7993 8
8005 4
8009 7
8017 4
8021 10
8033 11
8045 9
8053 2
8065 9
8069 2
8077 9
8081 5
8089 5
8101 4
8105 9
8109 13
8117 5
8125 15
8145 8
8149 6
8161 4
8177 10
8181 5
8185 8
8209 6
8221 5
8233 3
8237 2
8245 12
8249 13
8273 1
8281 5
8285 5
8293 5
8297 2
8317 3
8321 4
8325 9
8329 2
8333 8
8345 5
8357 10
8369 3
8377 3
8381 12
8389 3
8405 7
8425 7
8429 3
8433 6
8461 7
8465 12
8469 1
8473 6
8477 1
8485 2
8489 10
8497 5
8513 1
8521 3
8537 4
8541 11
8545 9
8573 5
8577 2
8581 4
8585 13
8593 2
8597 5
8605 2
8609 4
8621 11
8629 4
8633 12
8641 2
8649 3
8653 12
8665 4
8669 2
8677 2
8681 2
8685 4
8705 6
8713 5
8725 6
8737 4
8741 2
8749 9
8753 3
8761 3
8765 4
8793 3
8801 4
8825 6
8829 3
8833 2
8837 4
8845 14
8849 2
8857 4
8861 2
8865 2
8869 2
8885 3
8893 3
8905 4
8917 3
8929 4
8933 2
8941 3
8945 10
8957 7
8969 4
8973 2
8989 1
8993 4
9001 2
9005 6
9013 4
9025 1
9029 3
9041 5
9049 2
9061 7
9065 4
9077 3
9081 1
9089 1
9109 1
9113 5
9117 2
9125 10
9133 1
9137 2
9153 1
9157 1
9161 4
9169 5
9173 1
9181 2
9193 3
9197 3
9209 3
9217 3
9221 3
9225 5
9241 1
9245 1
9257 1
9265 8
9277 2
9281 1
9293 3
9297 1
9305 5
9325 5
9333 4
9337 4
9341 1
9349 4
9377 1
9385 3
9389 1
9397 1
9409 5
9413 3
9421 1
9425 9
9433 2
9437 3
9441 3
9445 2
9457 1
9461 1
9469 3
9473 3
9477 2
9505 2
9509 4
9529 3
9533 1
9549 4
9553 4
9565 3
9577 2
9593 3
9601 2
9605 5
9613 1
9621 3
9629 3
9649 2
9653 1
9657 4
9661 1
9665 1
9673 2
9685 4
9697 1
9701 3
9721 2
9725 4
9733 1
9745 4
9749 1
9773 1
9781 1
9797 5
9805 5
9809 3
9833 1
9837 1
9841 3
9865 5
9873 2
9881 2
9893 2
9901 3
9925 7
9929 1
9945 5
9949 2
9965 3
9981 2
9985 4
9997 3
10001 3
10009 2
10025 1
10037 2
10045 3
10049 1
10053 1
10057 2
10061 3
10081 2
10085 2
10093 1
10121 3
10125 2
10133 3
10145 2
10161 3
10169 1
10193 3
10201 2
10205 4
10217 3
10225 1
10229 2
10237 3
10249 3
10253 1
10265 2
10285 6
10289 1
10305 2
10309 2
10313 1
10357 1
10361 2
10369 1
10377 1
10397 1
10405 4
10413 3
10421 2
10433 2
10441 1
10453 2
10485 1
10489 2
10501 1
10525 3
10537 5
10553 1
10565 4
10573 1
10585 1
10589 1
10597 2
10601 1
10625 6
10645 1
10673 1
10685 2
10693 1
10701 3
10705 1
10709 2
10729 1
10765 6
10769 1
10777 2
10789 1
10805 1
10809 2
10817 3
10825 1
10841 1
10845 2
10865 1
10877 3
10889 2
10897 1
10909 1
10933 4
10957 1
10961 5
10973 2
10985 2
11009 3
11041 1
11057 1
11065 3
11089 1
11093 1
11101 2
11105 2
11125 6
11133 1
11141 1
11173 1
11213 1
11221 1
11237 2
11245 2
11257 1
11281 2
11285 1
11317 1
11329 1
11345 1
11349 2
11353 2
11357 3
11365 1
11393 1
11405 3
11425 3
11441 1
11453 1
11461 2
11485 1
11493 1
11509 2
11513 1
11521 2
11525 1
11545 1
11549 1
11565 1
11581 1
11601 2
11621 1
11633 3
11673 1
11681 1
11705 1
11713 1
11729 2
11773 2
11777 1
11785 2
11789 3
11809 1
11813 1
11817 1
11861 1
11897 2
11925 5
11945 1
11965 1
12017 2
12049 1
12077 2
12085 1
12125 2
12181 1
12185 3
12233 1
12281 1
12317 1
12321 1
12325 1
12337 1
12365 1
12421 1
12433 1
12461 2
12473 1
12505 1
12545 1
12553 2
12601 1
12625 1
12629 1
12701 3
12713 1
12721 1
12725 2
12745 1
12753 1
12769 1
12789 1
12805 2
12833 2
12869 2
12961 1
12973 1
12985 1
12997 1
13033 1
13061 1
13073 1
13117 1
13165 1
13241 1
13253 1
13345 1
13381 1
13385 1
13429 1
13505 1
13537 1
13625 4
13725 1
13801 1
13817 2
13933 1
13945 1
13949 1
14045 1
14057 1
14177 1
14305 1
14357 1
14369 1
14485 1
14517 1
14717 1
14841 1
14885 1
14913 1
15129 1
15133 1
15173 1
15425 1
15453 2
15545 1
15613 1
15689 1
15925 1
16001 1
16109 1
16165 2
16193 1
16529 1
16645 1
16909 1
16965 1
17197 1
17217 1
17305 1
17649 2
17665 1
17713 1
17777 1
17797 1
17833 1
17953 1
18153 1
18185 1
18229 1
18241 2
18245 1
18325 1
18505 1
18513 1
18521 1
18625 1
18665 1
18685 1
18729 1
18773 1
18785 1
18833 1
19045 1
19253 1
19357 1
19421 1
19465 1
19625 1
19721 2
19881 1
19889 1
20465 1
20549 1
20745 1
20785 1
20849 1
20905 1
21025 1
21089 1
21125 1
21389 1
21605 1
21613 1
21913 1
21985 1
22185 1
22397 2
22621 1
23225 1
23329 1
23425 1
23765 1
23837 1
24345 1
24361 1
24625 1
25049 1
25477 1
25681 1
25805 1
25985 1
26329 1
26413 1
26921 1
26945 1
27185 1
27257 1
28373 1
28661 1
30125 1
31265 2
31345 1
31525 1
31685 1
32113 1
32185 1
32401 1
32521 1
32569 1
32717 1
33749 1
33937 1
34389 1
34481 1
34709 1
34821 1
34885 1
34985 1
35369 1
35393 1
35437 1
35785 1
35917 1
36101 1
36629 1
36745 1
36985 1
37061 1
37265 2
37489 1
37573 1
37685 1
37825 1
38221 1
38465 1
38641 1
39229 1
39565 1
39645 1
40225 1
40405 1
41273 1
41405 2
41533 1
41785 1
42089 1
42125 1
42437 1
42445 1
42853 1
42913 1
43385 1
43633 1
44125 1
44557 2
44665 1
45385 1
45821 1
46945 1
47089 1
48409 1
54293 1
55721 1
60125 1
61009 1
63585 1
63673 1
64637 1
66193 1
67825 1
70805 1
70877 1
71289 1
71305 1
