N J h mean_R_sq err_mean_R_sq mean_R_gyr_sq err_mean_R_gyr_sq 
500 1.405 0 1000.64 31.159 198.918 4.00175
1 172
5 375
9 220
13 442
17 490
25 697
29 428
37 459
41 448
45 456
49 235
53 486
61 516
65 954
73 515
81 251
85 985
89 484
97 537
101 499
109 522
113 464
117 488
121 276
125 959
137 472
145 966
149 472
153 498
157 494
169 700
173 503
181 449
185 907
193 450
197 464
205 921
221 936
225 704
229 461
233 450
241 435
245 429
257 444
261 433
265 906
269 452
277 413
281 476
289 640
293 473
305 921
313 430
317 389
325 1255
333 388
337 390
349 420
353 437
361 211
365 804
369 401
373 420
377 826
389 367
397 429
401 419
405 382
409 386
421 342
425 1203
433 395
441 192
445 750
449 367
457 367
461 369
477 382
481 748
485 727
493 717
505 727
509 368
521 303
529 169
533 723
541 342
545 707
549 351
557 359
565 739
569 340
577 326
585 673
593 320
601 303
605 309
613 337
617 332
625 782
629 667
637 294
641 313
653 271
657 315
661 295
673 294
677 287
685 555
689 598
697 534
701 285
709 260
725 873
729 138
733 283
745 524
757 271
761 291
765 580
769 256
773 265
785 578
793 499
797 251
801 244
809 252
821 235
829 245
833 277
841 404
845 765
853 245
857 262
865 508
873 224
877 246
881 239
901 517
905 459
909 234
925 690
929 216
937 258
941 254
949 463
953 256
961 126
965 446
977 198
981 241
985 449
997 208
1009 204
1013 211
1017 240
1021 248
1025 636
1033 183
1037 403
1049 176
1053 202
1061 224
1069 189
1073 375
1089 86
1093 211
1097 190
1105 765
1109 198
1117 191
1125 410
1129 202
1145 372
1153 189
1157 366
1165 403
1181 199
1189 373
1193 181
1201 199
1205 398
1213 204
1217 173
1225 279
1229 166
1233 165
1237 184
1241 344
1249 184
1261 363
1277 156
1285 353
1289 160
1297 160
1301 147
1305 348
1313 282
1321 162
1325 477
1341 144
1345 309
1361 154
1369 227
1373 158
1377 145
1381 143
1385 301
1405 297
1409 144
1413 141
1417 287
1421 155
1429 150
1433 139
1445 425
1453 131
1465 295
1469 251
1481 129
1489 126
1493 112
1513 264
1517 252
1521 199
1525 404
1537 275
1549 120
1553 145
1557 144
1565 241
1573 130
1585 255
1597 113
1601 126
1609 111
1613 119
1621 122
1625 446
1629 124
1637 111
1649 214
1657 134
1665 240
1669 115
1681 158
1685 215
1693 124
1697 94
1709 106
1717 211
1721 102
1733 117
1737 124
1741 104
1745 198
1753 95
1765 191
1769 215
1773 82
1777 93
1781 201
1789 79
1801 108
1805 89
1813 89
1825 271
1845 165
1849 47
1853 173
1861 100
1865 154
1873 101
1877 91
1885 356
1889 81
1901 97
1913 87
1921 214
1933 99
1937 172
1945 151
1949 79
1961 152
1973 89
1985 154
1989 170
1993 84
1997 71
2005 141
2009 83
2017 68
2025 124
2029 67
2041 146
2045 146
2053 84
2057 63
2061 60
2069 90
2081 72
2089 78
2097 91
2105 128
2113 74
2117 126
2125 287
2129 59
2137 71
2141 53
2153 60
2161 81
2165 138
2169 59
2173 137
2197 124
2205 68
2209 29
2213 51
2221 53
2225 170
2237 53
2245 103
2249 139
2257 133
2269 76
2273 68
2281 66
2285 128
2293 68
2297 63
2305 127
2309 41
2313 51
2329 112
2333 67
2341 55
2349 50
2353 101
2357 62
2377 57
2381 39
2385 106
2389 55
2393 49
2401 24
2405 213
2417 43
2421 49
2425 156
2437 50
2441 69
2465 195
2473 53
2477 45
2493 50
2501 83
2509 97
2521 62
2525 138
2529 51
2533 91
2545 91
2549 38
2557 53
2561 81
2581 88
2593 59
2597 30
2601 62
2605 85
2609 36
2617 31
2621 42
2633 44
2637 40
2645 45
2657 45
2665 144
2669 68
2677 51
2689 46
2693 42
2701 91
2705 74
2713 34
2725 107
2729 31
2741 37
2745 59
2749 40
2753 36
2777 35
2785 54
2789 30
2797 33
2801 33
2809 53
2813 56
2817 36
2825 102
2833 36
2837 38
2845 50
2853 42
2857 29
2861 35
2873 99
2885 57
2897 24
2909 33
2917 38
2925 118
2929 50
2941 44
2953 22
2957 32
2965 50
2969 29
2977 64
2989 33
2993 63
2997 31
3001 32
3005 61
3025 51
3029 60
3033 28
3037 28
3041 31
3049 28
3061 35
3065 55
3077 70
3085 64
3089 20
3109 30
3121 30
3125 74
3133 46
3137 25
3141 23
3145 115
3161 51
3169 19
3177 18
3181 16
3185 50
3205 44
3209 21
3217 21
3221 13
3229 27
3233 41
3249 4
3253 30
3257 12
3265 55
3277 45
3281 46
3285 41
3293 37
3301 24
3305 30
3313 19
3321 31
3329 22
3341 50
3349 34
3357 20
3361 19
3365 37
3373 7
3385 51
3389 19
3393 28
3413 6
3425 45
3433 19
3445 54
3449 14
3457 21
3461 17
3469 12
3481 6
3485 60
3497 24
3501 19
3505 29
3509 17
3517 15
3529 19
3533 13
3541 16
3545 31
3557 8
3573 12
3577 12
3581 12
3589 32
3593 23
3601 28
3609 14
3613 20
3617 25
3625 51
3637 21
3645 17
3649 26
3653 29
3665 20
3673 20
3677 12
3681 12
3697 9
3701 17
3709 12
3721 21
3725 38
3733 19
3737 11
3757 36
3761 14
3769 11
3785 22
3789 15
3793 6
3797 12
3805 19
3809 22
3821 17
3825 38
3833 10
3845 32
3853 13
3865 19
3869 21
3877 10
3881 14
3889 5
3893 25
3897 9
3917 9
3925 42
3929 10
3961 21
3965 33
3969 3
3973 21
3977 18
3985 20
3989 9
4001 12
4005 17
4013 5
4021 10
4033 21
4041 10
4045 22
4049 10
4057 11
4069 17
4073 6
4093 10
4097 14
4105 11
4113 14
4121 16
4129 5
4133 10
4141 21
4145 17
4149 7
4153 13
4157 15
4165 11
4177 11
4181 15
4201 5
4205 20
4217 6
4225 29
4229 8
4241 6
4253 8
4261 3
4265 14
4273 3
4285 9
4289 11
4293 4
4297 3
4321 12
4325 23
4329 15
4337 15
4349 7
4357 7
4361 6
4365 17
4369 12
4373 4
4381 13
4385 14
4397 7
4405 17
4409 5
4421 3
4437 12
4441 7
4453 13
4457 6
4469 12
4477 2
4481 4
4493 8
4505 25
4513 13
4517 4
4525 19
4537 19
4545 10
4549 4
4553 13
4561 1
4573 7
4581 2
4589 6
4597 7
4621 7
4625 19
4633 9
4637 4
4645 7
4649 6
4657 4
4673 4
4685 13
4689 6
4693 7
4705 14
4709 5
4717 15
4721 3
4729 12
4733 5
4745 17
4753 3
4761 1
4765 12
4777 10
4789 5
4793 6
4797 8
4801 3
4805 7
4813 2
4817 4
4825 11
4849 5
4861 1
4869 2
4877 5
4885 7
4889 5
4901 22
4905 5
4909 5
4913 1
4925 13
4933 3
4937 1
4941 4
4949 2
4957 2
4961 6
4969 2
4973 3
4981 7
4985 8
4993 3
5009 5
5013 4
5017 4
5041 1
5045 4
5057 4
5065 4
5069 7
5077 7
5081 5
5085 9
5101 3
5105 5
5113 4
5121 6
5125 19
5141 7
5153 5
5161 8
5165 10
5185 10
5189 1
5193 4
5197 5
5209 2
5213 9
5233 3
5237 1
5245 6
5249 1
5261 3
5265 2
5273 2
5281 1
5297 3
5305 10
5309 2
5317 7
5321 5
5329 1
5333 3
5337 1
5341 2
5345 9
5353 6
5365 5
5381 1
5389 4
5409 1
5413 4
5417 2
5429 3
5437 1
5441 3
5445 3
5449 1
5465 2
5473 6
5485 7
5501 3
5513 3
5517 2
5521 3
5525 9
5537 1
5545 4
5553 5
5557 1
5573 2
5585 6
5597 3
5617 2
5625 1
5629 6
5641 4
5645 3
5653 4
5657 1
5661 4
5689 1
5693 3
5701 2
5713 6
5725 5
5729 3
5733 1
5741 1
5749 5
5765 3
5769 2
5777 7
5785 3
5809 1
5813 1
5821 2
5825 5
5837 7
5849 2
5857 1
5869 2
5905 3
5917 1
5933 4
5941 1
5945 5
5949 2
5953 1
5965 1
5981 4
5989 1
5993 4
6001 2
6005 4
6025 2
6053 6
6065 3
6073 1
6085 1
6089 2
6109 2
6125 1
6133 1
6137 2
6145 3
6161 2
6165 3
6173 4
6185 4
6201 4
6205 2
6229 1
6245 2
6253 2
6257 1
6269 3
6273 1
6277 1
6301 3
6309 2
6329 2
6341 1
6353 2
6381 2
6385 3
6397 1
6401 2
6409 3
6425 4
6437 1
6445 3
6473 3
6481 1
6497 3
6505 1
6521 1
6525 3
6529 2
6553 1
6561 1
6565 3
6569 1
6597 2
6605 1
6613 1
6625 5
6637 4
6649 1
6661 1
6673 1
6697 3
6709 1
6725 1
6737 1
6757 3
6781 1
6817 1
6845 4
6849 1
6865 2
6877 3
6885 1
6893 2
6905 3
6921 2
6925 1
6929 1
6977 1
6997 1
7025 2
7033 1
7045 1
7057 1
7065 1
7081 1
7141 4
7157 1
7177 1
7225 1
7237 2
7261 1
7289 1
7301 2
7333 1
7345 2
7361 1
7405 1
7433 1
7465 1
7537 1
7541 1
7573 1
7585 1
7589 1
7625 1
7669 1
7685 1
7745 1
7757 2
7769 1
7793 1
7801 1
7813 1
7873 2
7925 1
7949 1
7985 1
8033 1
8065 1
8109 1
8125 1
8177 1
8185 1
8245 1
8285 1
8317 1
8333 1
8477 2
8485 1
8581 1
8585 2
8609 1
8633 1
8801 1
8821 2
8857 1
8917 1
9029 1
9277 1
9829 1
10025 1
10361 1
10753 1
10985 1
12421 1
14645 1
14909 1
20189 1
20525 1
22205 1
22837 1
22861 1
23153 1
23509 1
23733 1
23837 1
24281 1
24341 1
24697 1
26065 1
27637 1
27989 1
28285 1
28565 1
28625 1
28757 1
28981 1
29125 1
29277 1
30357 1
32125 1
34481 1
35453 1
38825 1
40805 1
44777 1
47093 1
