N J h mean_R_sq err_mean_R_sq mean_R_gyr_sq err_mean_R_gyr_sq 
500 1.36 0 1643.09 85.083 285.053 10.1395
0 139
1 272
2 266
3 273
4 246
5 278
6 253
7 256
8 248
9 260
10 269
11 269
12 292
13 258
14 241
15 218
16 217
17 212
18 230
19 237
20 237
21 210
22 222
23 238
24 187
25 200
26 176
27 181
28 176
29 184
30 146
31 166
32 149
33 151
34 145
35 120
36 112
37 117
38 124
39 99
40 105
41 105
42 97
43 76
44 87
45 74
46 74
47 76
48 71
49 65
50 55
51 52
52 43
53 37
54 44
55 49
56 31
57 36
58 33
59 32
60 22
61 23
62 21
63 20
64 19
65 14
66 17
67 14
68 16
69 9
70 10
71 10
72 9
73 10
74 7
75 3
76 5
77 10
78 4
79 1
80 5
81 3
82 1
83 1
84 3
85 1
86 4
87 2
88 1
90 1
121 1
134 2
136 1
139 1
142 1
145 2
147 1
148 2
152 1
161 1
167 1
172 1
176 1
204 1
