N J h mean_R_sq err_mean_R_sq mean_R_gyr_sq err_mean_R_gyr_sq 
500 1.375 0 1347.84 22.4454 245.096 2.72861
0 2019
1 3922
2 4023
3 4071
4 4013
5 4071
6 4143
7 4062
8 4051
9 4011
10 4056
11 3848
12 3908
13 3928
14 3926
15 3804
16 3674
17 3577
18 3501
19 3381
20 3453
21 3318
22 3259
23 3132
24 3146
25 2958
26 2904
27 2743
28 2722
29 2591
30 2473
31 2388
32 2249
33 2126
34 2043
35 1917
36 1805
37 1803
38 1700
39 1552
40 1442
41 1324
42 1289
43 1264
44 1120
45 1032
46 995
47 947
48 903
49 830
50 758
51 670
52 616
53 571
54 509
55 499
56 456
57 428
58 378
59 313
60 286
61 261
62 225
63 194
64 176
65 154
66 144
67 149
68 130
69 117
70 106
71 84
72 107
73 80
74 61
75 53
76 46
77 45
78 46
79 34
80 35
81 30
82 28
83 18
84 20
85 17
86 17
87 12
88 8
89 8
90 8
91 3
92 2
93 7
94 6
95 2
96 5
97 2
98 3
100 1
102 1
103 1
104 3
106 2
107 3
109 4
110 2
111 1
112 3
113 1
114 2
116 2
117 1
119 1
120 3
121 1
122 2
124 2
125 2
126 1
127 2
129 1
132 1
134 1
135 1
138 1
140 1
141 2
144 1
146 1
148 1
154 1
161 1
184 1
