N J h mean_R_sq err_mean_R_sq mean_R_gyr_sq err_mean_R_gyr_sq 
500 1.315 0 2681.15 134.335 408.764 17.1352
0 112
1 188
2 204
3 189
4 198
5 207
6 197
7 207
8 200
9 210
10 242
11 207
12 231
13 207
14 218
15 218
16 181
17 229
18 202
19 217
20 199
21 219
22 180
23 194
24 189
25 220
26 202
27 186
28 189
29 197
30 195
31 185
32 206
33 204
34 162
35 196
36 159
37 176
38 189
39 165
40 139
41 164
42 144
43 156
44 153
45 121
46 124
47 115
48 120
49 124
50 109
51 107
52 107
53 93
54 102
55 76
56 90
57 89
58 69
59 78
60 75
61 58
62 69
63 59
64 60
65 47
66 59
67 39
68 34
69 40
70 39
71 23
72 24
73 25
74 31
75 25
76 27
77 22
78 16
79 16
80 16
81 9
82 12
83 10
84 11
85 10
86 11
87 3
88 7
89 9
90 8
91 6
92 6
93 7
94 4
95 3
96 3
97 4
98 2
99 2
102 1
103 1
104 1
105 2
107 3
108 2
110 1
115 1
