N J h mean_R_sq err_mean_R_sq mean_R_gyr_sq err_mean_R_gyr_sq 
500 1.39 0 1177.01 28.1406 221.873 3.53708
0 2224
1 4429
2 4335
3 4418
4 4380
5 4410
6 4426
7 4427
8 4423
9 4450
10 4350
11 4245
12 4100
13 4133
14 4103
15 3855
16 3831
17 3798
18 3600
19 3507
20 3396
21 3245
22 3192
23 3184
24 2929
25 2787
26 2692
27 2566
28 2492
29 2478
30 2349
31 2121
32 2124
33 2007
34 1864
35 1771
36 1627
37 1579
38 1378
39 1448
40 1347
41 1190
42 1165
43 1073
44 950
45 950
46 870
47 809
48 687
49 667
50 628
51 569
52 500
53 480
54 450
55 370
56 338
57 314
58 279
59 248
60 224
61 200
62 174
63 175
64 137
65 126
66 113
67 109
68 81
69 70
70 59
71 58
72 37
73 48
74 38
75 39
76 26
77 19
78 15
79 14
80 21
81 17
82 4
83 6
84 7
85 8
86 5
87 3
88 4
89 1
90 2
92 1
93 1
